#            date       tau255        Tb[K]      pwv[mm] lwp[kg*m^-2] iwp[kg*m^-2]       o3[DU]
20200808_12:00:00   1.9893e-01   5.2508e+01   4.4206e+00   0.0000e+00   0.0000e+00   2.6876e+02
20200808_13:00:00   2.0747e-01   5.4331e+01   4.6214e+00   0.0000e+00   0.0000e+00   2.6598e+02
20200808_14:00:00   2.1576e-01   5.6103e+01   4.8106e+00   0.0000e+00   0.0000e+00   2.6569e+02
20200808_15:00:00   2.1739e-01   5.6450e+01   4.8513e+00   0.0000e+00   0.0000e+00   2.6558e+02
20200808_16:00:00   2.2331e-01   5.7658e+01   4.9901e+00   0.0000e+00   0.0000e+00   2.6883e+02
20200808_17:00:00   2.3250e-01   5.9609e+01   5.1791e+00   0.0000e+00   0.0000e+00   2.6936e+02
20200808_18:00:00   2.3482e-01   6.0177e+01   5.2188e+00   0.0000e+00   0.0000e+00   2.6791e+02
20200808_19:00:00   2.3135e-01   5.9488e+01   5.1419e+00   0.0000e+00   0.0000e+00   2.6833e+02
20200808_20:00:00   2.2376e-01   5.7865e+01   4.9915e+00   0.0000e+00   0.0000e+00   2.6918e+02
20200808_21:00:00   2.1403e-01   5.5777e+01   4.7895e+00   0.0000e+00   0.0000e+00   2.6950e+02
20200808_22:00:00   2.1035e-01   5.4979e+01   4.7178e+00   0.0000e+00   0.0000e+00   2.6995e+02
20200808_23:00:00   2.0549e-01   5.3875e+01   4.6385e+00   0.0000e+00   0.0000e+00   2.7060e+02
20200809_00:00:00   1.9716e-01   5.2014e+01   4.4954e+00   0.0000e+00   0.0000e+00   2.6953e+02
20200809_01:00:00   1.9540e-01   5.1589e+01   4.4816e+00   0.0000e+00   0.0000e+00   2.6803e+02
20200809_02:00:00   1.9699e-01   5.1875e+01   4.5399e+00   0.0000e+00   0.0000e+00   2.6807e+02
20200809_03:00:00   1.9886e-01   5.2263e+01   4.5818e+00   0.0000e+00   0.0000e+00   2.6526e+02
20200809_04:00:00   1.9816e-01   5.2166e+01   4.5472e+00   0.0000e+00   0.0000e+00   2.6438e+02
20200809_05:00:00   1.9411e-01   5.1282e+01   4.4526e+00   0.0000e+00   0.0000e+00   2.6540e+02
20200809_06:00:00   1.9135e-01   5.0687e+01   4.3905e+00   0.0000e+00   0.0000e+00   2.6810e+02
20200809_07:00:00   1.8849e-01   5.0079e+01   4.3177e+00   0.0000e+00   0.0000e+00   2.7052e+02
20200809_08:00:00   1.8485e-01   4.9294e+01   4.2319e+00   0.0000e+00   0.0000e+00   2.6950e+02
20200809_09:00:00   1.8077e-01   4.8414e+01   4.1267e+00   0.0000e+00   0.0000e+00   2.7011e+02
20200809_10:00:00   1.7661e-01   4.7501e+01   4.0265e+00   0.0000e+00   0.0000e+00   2.7348e+02
20200809_11:00:00   1.7315e-01   4.6724e+01   3.9450e+00   0.0000e+00   0.0000e+00   2.7087e+02
20200809_12:00:00   1.7168e-01   4.6398e+01   3.9088e+00   0.0000e+00   8.6820e-04   2.6840e+02
20200809_13:00:00   1.6833e-01   4.5633e+01   3.8344e+00   0.0000e+00   6.5920e-04   2.6640e+02
20200809_14:00:00   1.6517e-01   4.4926e+01   3.7580e+00   0.0000e+00   9.0400e-05   2.6596e+02
20200809_15:00:00   1.6300e-01   4.4436e+01   3.7041e+00   0.0000e+00   4.2340e-05   2.6730e+02
20200809_16:00:00   1.6134e-01   4.4107e+01   3.6528e+00   0.0000e+00   0.0000e+00   2.6689e+02
20200809_17:00:00   1.5858e-01   4.3481e+01   3.6037e+00   0.0000e+00   2.6615e-04   2.6494e+02
20200809_18:00:00   1.5616e-01   4.2933e+01   3.5592e+00   0.0000e+00   0.0000e+00   2.6426e+02
20200809_19:00:00   1.5788e-01   4.3299e+01   3.6091e+00   0.0000e+00   0.0000e+00   2.6578e+02
20200809_20:00:00   1.5766e-01   4.3261e+01   3.6115e+00   0.0000e+00   0.0000e+00   2.7004e+02
20200809_21:00:00   1.5768e-01   4.3299e+01   3.6117e+00   0.0000e+00   0.0000e+00   2.6974e+02
20200809_22:00:00   1.5467e-01   4.2666e+01   3.5412e+00   0.0000e+00   0.0000e+00   2.6857e+02
20200809_23:00:00   1.5311e-01   4.2367e+01   3.4975e+00   0.0000e+00   0.0000e+00   2.6755e+02
20200810_00:00:00   1.5137e-01   4.2041e+01   3.4314e+00   0.0000e+00   0.0000e+00   2.6924e+02
20200810_01:00:00   1.5745e-01   4.3400e+01   3.5805e+00   0.0000e+00   0.0000e+00   2.7181e+02
20200810_02:00:00   1.6363e-01   4.4782e+01   3.7279e+00   0.0000e+00   0.0000e+00   2.6928e+02
20200810_03:00:00   1.6762e-01   4.5699e+01   3.8156e+00   0.0000e+00   0.0000e+00   2.6585e+02
20200810_04:00:00   1.6204e-01   4.4479e+01   3.6789e+00   0.0000e+00   0.0000e+00   2.6652e+02
20200810_05:00:00   1.4978e-01   4.1750e+01   3.3701e+00   0.0000e+00   0.0000e+00   2.7241e+02
20200810_06:00:00   1.3296e-01   3.7858e+01   2.9847e+00   0.0000e+00   0.0000e+00   2.7103e+02
20200810_07:00:00   1.2092e-01   3.5022e+01   2.7001e+00   0.0000e+00   0.0000e+00   2.7242e+02
20200810_08:00:00   1.1384e-01   3.3345e+01   2.5265e+00   0.0000e+00   0.0000e+00   2.7426e+02
20200810_09:00:00   1.0940e-01   3.2293e+01   2.4178e+00   0.0000e+00   0.0000e+00   2.7320e+02
20200810_10:00:00   1.0533e-01   3.1321e+01   2.3199e+00   0.0000e+00   0.0000e+00   2.7153e+02
20200810_11:00:00   1.0310e-01   3.0766e+01   2.2687e+00   0.0000e+00   0.0000e+00   2.7157e+02
20200810_12:00:00   1.0126e-01   3.0321e+01   2.2247e+00   0.0000e+00   0.0000e+00   2.7199e+02
20200810_13:00:00   9.8083e-02   2.9558e+01   2.1455e+00   0.0000e+00   0.0000e+00   2.7295e+02
20200810_14:00:00   9.6351e-02   2.9129e+01   2.1071e+00   0.0000e+00   0.0000e+00   2.7259e+02
20200810_15:00:00   9.6039e-02   2.9031e+01   2.1025e+00   0.0000e+00   0.0000e+00   2.7208e+02
20200810_16:00:00   9.4986e-02   2.8760e+01   2.0831e+00   0.0000e+00   0.0000e+00   2.7217e+02
20200810_17:00:00   9.4827e-02   2.8711e+01   2.0828e+00   0.0000e+00   0.0000e+00   2.7208e+02
20200810_18:00:00   9.4854e-02   2.8715e+01   2.0887e+00   0.0000e+00   0.0000e+00   2.7359e+02
20200810_19:00:00   9.3556e-02   2.8408e+01   2.0538e+00   0.0000e+00   0.0000e+00   2.7397e+02
20200810_20:00:00   9.2016e-02   2.8045e+01   2.0161e+00   0.0000e+00   0.0000e+00   2.7000e+02
20200810_21:00:00   9.0904e-02   2.7787e+01   1.9861e+00   0.0000e+00   0.0000e+00   2.7000e+02
20200810_22:00:00   9.1341e-02   2.7903e+01   1.9962e+00   0.0000e+00   0.0000e+00   2.6905e+02
20200810_23:00:00   9.4949e-02   2.8793e+01   2.0753e+00   0.0000e+00   0.0000e+00   2.7268e+02
20200811_00:00:00   1.0155e-01   3.0436e+01   2.1882e+00   5.4620e-04   0.0000e+00   2.7240e+02
20200811_01:00:00   9.7961e-02   2.9556e+01   2.1328e+00   1.5250e-04   0.0000e+00   2.7351e+02
20200811_02:00:00   1.0291e-01   3.0783e+01   2.2199e+00   4.4900e-04   0.0000e+00   2.7331e+02
20200811_03:00:00   1.1296e-01   3.3253e+01   2.2811e+00   3.3520e-03   0.0000e+00   2.7457e+02
20200811_04:00:00   1.0120e-01   3.0371e+01   2.1735e+00   6.0290e-04   0.0000e+00   2.7494e+02
20200811_05:00:00   9.5368e-02   2.8917e+01   2.0842e+00   0.0000e+00   0.0000e+00   2.7520e+02
20200811_06:00:00   9.3981e-02   2.8555e+01   2.0527e+00   0.0000e+00   2.1960e-05   2.7064e+02
20200811_07:00:00   9.0888e-02   2.7777e+01   1.9797e+00   0.0000e+00   0.0000e+00   2.7093e+02
20200811_08:00:00   8.5270e-02   2.6378e+01   1.8538e+00   0.0000e+00   0.0000e+00   2.6780e+02
20200811_09:00:00   8.4877e-02   2.6272e+01   1.8424e+00   0.0000e+00   0.0000e+00   2.6672e+02
20200811_10:00:00   8.3117e-02   2.5815e+01   1.8085e+00   0.0000e+00   0.0000e+00   2.6745e+02
20200811_11:00:00   8.0934e-02   2.5267e+01   1.7587e+00   0.0000e+00   0.0000e+00   2.6727e+02
20200811_12:00:00   8.1325e-02   2.5327e+01   1.7801e+00   0.0000e+00   1.8648e-04   2.6568e+02
20200811_13:00:00   8.0359e-02   2.5081e+01   1.7571e+00   0.0000e+00   2.7180e-04   2.6337e+02
20200811_14:00:00   8.1178e-02   2.5266e+01   1.7803e+00   0.0000e+00   6.3180e-07   2.6282e+02
20200811_15:00:00   8.1950e-02   2.5434e+01   1.8042e+00   0.0000e+00   0.0000e+00   2.6388e+02
20200811_16:00:00   8.2458e-02   2.5545e+01   1.8193e+00   0.0000e+00   0.0000e+00   2.6331e+02
20200811_17:00:00   8.2658e-02   2.5585e+01   1.8285e+00   0.0000e+00   0.0000e+00   2.6278e+02
20200811_18:00:00   8.2831e-02   2.5623e+01   1.8353e+00   0.0000e+00   5.7440e-06   2.6330e+02
20200811_19:00:00   8.1669e-02   2.5359e+01   1.8029e+00   0.0000e+00   0.0000e+00   2.6405e+02
20200811_20:00:00   8.1080e-02   2.5219e+01   1.7915e+00   0.0000e+00   0.0000e+00   2.6345e+02
20200811_21:00:00   8.0830e-02   2.5156e+01   1.7860e+00   0.0000e+00   0.0000e+00   2.6282e+02
20200811_22:00:00   8.2936e-02   2.5689e+01   1.8331e+00   0.0000e+00   0.0000e+00   2.6372e+02
20200811_23:00:00   8.3811e-02   2.5880e+01   1.8619e+00   0.0000e+00   6.2060e-04   2.6491e+02
20200812_00:00:00   8.6514e-02   2.6498e+01   1.9398e+00   0.0000e+00   4.1428e-03   2.6383e+02
20200812_01:00:00   8.6860e-02   2.6555e+01   1.9594e+00   0.0000e+00   4.0039e-03   2.6297e+02
20200812_02:00:00   8.7660e-02   2.6761e+01   1.9802e+00   0.0000e+00   1.1632e-03   2.6171e+02
20200812_03:00:00   8.7909e-02   2.6813e+01   1.9891e+00   0.0000e+00   2.7069e-03   2.6048e+02
20200812_04:00:00   8.8111e-02   2.6856e+01   1.9971e+00   0.0000e+00   2.5715e-03   2.6023e+02
20200812_05:00:00   8.8250e-02   2.6900e+01   2.0021e+00   0.0000e+00   7.0840e-04   2.6255e+02
20200812_06:00:00   8.7131e-02   2.6615e+01   1.9803e+00   0.0000e+00   2.7520e-06   2.6329e+02
20200812_07:00:00   9.0167e-02   2.7325e+01   2.0652e+00   0.0000e+00   1.0064e-03   2.6353e+02
20200812_08:00:00   9.1148e-02   2.7551e+01   2.0904e+00   0.0000e+00   2.7226e-04   2.6387e+02
20200812_09:00:00   9.0258e-02   2.7398e+01   2.0455e+00   0.0000e+00   0.0000e+00   2.6307e+02
20200812_10:00:00   9.0947e-02   2.7541e+01   2.0676e+00   0.0000e+00   0.0000e+00   2.6347e+02
20200812_11:00:00   9.0999e-02   2.7524e+01   2.0749e+00   0.0000e+00   0.0000e+00   2.6499e+02
20200812_12:00:00   8.9805e-02   2.7242e+01   2.0413e+00   0.0000e+00   0.0000e+00   2.6572e+02
20200812_13:00:00   8.7599e-02   2.6719e+01   1.9824e+00   0.0000e+00   0.0000e+00   2.6599e+02
20200812_14:00:00   8.5661e-02   2.6249e+01   1.9343e+00   0.0000e+00   0.0000e+00   2.6479e+02
20200812_15:00:00   8.4797e-02   2.6035e+01   1.9151e+00   0.0000e+00   0.0000e+00   2.6255e+02
20200812_16:00:00   8.5683e-02   2.6213e+01   1.9463e+00   0.0000e+00   3.8520e-04   2.6291e+02
20200812_17:00:00   8.6261e-02   2.6333e+01   1.9678e+00   0.0000e+00   1.7706e-03   2.6182e+02
20200812_18:00:00   8.7129e-02   2.6530e+01   1.9952e+00   0.0000e+00   2.6390e-03   2.6180e+02
20200812_19:00:00   8.8077e-02   2.6741e+01   2.0255e+00   0.0000e+00   1.8442e-03   2.6163e+02
20200812_20:00:00   8.8154e-02   2.6786e+01   2.0214e+00   0.0000e+00   3.6003e-04   2.6299e+02
20200812_21:00:00   9.0563e-02   2.7385e+01   2.0811e+00   0.0000e+00   2.9400e-04   2.6348e+02
20200812_22:00:00   9.1352e-02   2.7587e+01   2.1012e+00   0.0000e+00   3.3340e-04   2.6221e+02
20200812_23:00:00   9.2209e-02   2.7826e+01   2.1054e+00   1.4100e-04   2.3062e-05   2.6107e+02
20200813_00:00:00   1.0144e-01   3.0116e+01   2.2134e+00   1.9510e-03   1.1482e-04   2.5996e+02
20200813_01:00:00   1.2522e-01   3.5918e+01   2.3185e+00   9.8010e-03   9.3475e-04   2.5986e+02
20200813_02:00:00   1.7610e-01   4.7896e+01   2.4282e+00   2.8330e-02   1.2548e-03   2.5925e+02
20200813_03:00:00   1.7595e-01   4.7854e+01   2.4632e+00   2.7790e-02   4.1164e-04   2.6087e+02
20200813_04:00:00   1.0390e-01   3.0619e+01   2.4235e+00   0.0000e+00   2.6500e-05   2.6072e+02
20200813_05:00:00   1.0523e-01   3.0924e+01   2.4601e+00   0.0000e+00   1.0980e-05   2.6174e+02
20200813_06:00:00   1.0701e-01   3.1344e+01   2.5040e+00   0.0000e+00   5.0540e-07   2.6183e+02
20200813_07:00:00   1.1124e-01   3.2327e+01   2.6168e+00   0.0000e+00   0.0000e+00   2.6182e+02
20200813_08:00:00   1.1613e-01   3.3468e+01   2.7406e+00   0.0000e+00   5.3840e-05   2.6241e+02
20200813_09:00:00   1.1996e-01   3.4375e+01   2.8401e+00   0.0000e+00   0.0000e+00   2.6248e+02
20200813_10:00:00   1.2355e-01   3.5262e+01   2.9177e+00   0.0000e+00   7.4560e-06   2.6272e+02
20200813_11:00:00   1.2723e-01   3.6121e+01   3.0089e+00   0.0000e+00   1.0344e-04   2.6242e+02
20200813_12:00:00   1.3024e-01   3.6842e+01   3.0762e+00   0.0000e+00   0.0000e+00   2.6248e+02
20200813_15:00:00   1.3168e-01   3.7128e+01   3.1243e+00   0.0000e+00   8.9740e-07   2.6399e+02
20200813_18:00:00   1.2471e-01   3.5442e+01   2.9712e+00   0.0000e+00   4.2564e-03   2.6553e+02
20200813_21:00:00   1.2295e-01   3.5076e+01   2.9188e+00   0.0000e+00   9.3221e-04   2.6674e+02
20200814_00:00:00   1.2406e-01   3.5380e+01   2.9407e+00   0.0000e+00   2.2518e-05   2.6297e+02
20200814_03:00:00   1.3502e-01   3.8093e+01   3.0204e+00   2.6830e-03   2.8380e-03   2.6245e+02
20200814_06:00:00   1.2736e-01   3.6346e+01   2.9073e+00   1.2640e-03   5.4360e-04   2.6373e+02
20200814_09:00:00   1.1405e-01   3.3073e+01   2.6927e+00   0.0000e+00   0.0000e+00   2.6496e+02
20200814_12:00:00   1.1960e-01   3.4419e+01   2.8168e+00   0.0000e+00   0.0000e+00   2.6733e+02
20200814_15:00:00   1.1601e-01   3.3636e+01   2.7132e+00   0.0000e+00   0.0000e+00   2.6790e+02
20200814_18:00:00   1.1168e-01   3.2624e+01   2.6051e+00   0.0000e+00   0.0000e+00   2.6517e+02
20200814_21:00:00   1.1190e-01   3.2681e+01   2.6151e+00   0.0000e+00   0.0000e+00   2.6563e+02
20200815_00:00:00   1.1911e-01   3.4445e+01   2.7807e+00   0.0000e+00   9.1740e-06   2.6544e+02
20200815_03:00:00   1.2967e-01   3.6986e+01   3.0193e+00   2.2420e-04   0.0000e+00   2.6471e+02
20200815_06:00:00   1.3105e-01   3.7285e+01   3.0814e+00   0.0000e+00   4.4043e-05   2.6676e+02
20200815_09:00:00   1.2684e-01   3.6251e+01   2.9834e+00   0.0000e+00   4.9770e-05   2.6786e+02
20200815_12:00:00   1.2800e-01   3.6487e+01   3.0220e+00   0.0000e+00   1.0966e-04   2.6154e+02
20200815_15:00:00   1.3077e-01   3.7124e+01   3.0882e+00   0.0000e+00   0.0000e+00   2.6216e+02
20200815_18:00:00   1.3231e-01   3.7504e+01   3.1228e+00   0.0000e+00   0.0000e+00   2.6350e+02
20200815_21:00:00   1.3485e-01   3.8117e+01   3.1916e+00   0.0000e+00   0.0000e+00   2.6507e+02
20200816_00:00:00   1.5136e-01   4.1997e+01   3.5635e+00   7.5080e-05   0.0000e+00   2.6182e+02
20200816_03:00:00   3.5408e-01   8.5376e+01   3.7506e+00   7.6360e-02   0.0000e+00   2.6318e+02
20200816_06:00:00   1.4980e-01   4.1906e+01   3.4425e+00   0.0000e+00   0.0000e+00   2.6509e+02
20200816_09:00:00   1.4453e-01   4.0739e+01   3.2998e+00   0.0000e+00   0.0000e+00   2.6393e+02
20200816_12:00:00   1.3965e-01   3.9560e+01   3.1876e+00   0.0000e+00   0.0000e+00   2.6306e+02
20200816_15:00:00   1.4628e-01   4.0919e+01   3.4153e+00   0.0000e+00   2.1660e-04   2.6264e+02
20200816_18:00:00   1.4811e-01   4.1259e+01   3.4813e+00   0.0000e+00   0.0000e+00   2.6458e+02
20200816_21:00:00   1.4348e-01   4.0147e+01   3.3810e+00   0.0000e+00   0.0000e+00   2.6453e+02
20200817_00:00:00   2.2004e-01   5.7610e+01   3.5436e+00   2.7690e-02   0.0000e+00   2.6403e+02
20200817_03:00:00   1.7521e-01   4.7500e+01   3.6687e+00   7.3180e-03   0.0000e+00   2.6575e+02
20200817_06:00:00   1.6329e-01   4.4687e+01   3.8084e+00   0.0000e+00   0.0000e+00   2.6865e+02
20200817_09:00:00   1.6810e-01   4.5697e+01   3.9316e+00   0.0000e+00   0.0000e+00   2.6948e+02
20200817_12:00:00   1.7780e-01   4.7778e+01   4.1665e+00   0.0000e+00   0.0000e+00   2.7067e+02
20200817_15:00:00   1.7615e-01   4.7362e+01   4.1021e+00   0.0000e+00   0.0000e+00   2.7371e+02
20200817_18:00:00   1.5981e-01   4.3851e+01   3.6556e+00   0.0000e+00   0.0000e+00   2.8236e+02
20200817_21:00:00   1.5040e-01   4.1817e+01   3.4103e+00   0.0000e+00   0.0000e+00   2.8534e+02
20200818_00:00:00   1.4558e-01   4.0719e+01   3.2903e+00   0.0000e+00   0.0000e+00   2.8404e+02
20200818_03:00:00   1.5474e-01   4.2920e+01   3.2145e+00   4.8860e-03   0.0000e+00   2.8294e+02
20200818_06:00:00   1.4388e-01   4.0323e+01   3.2344e+00   0.0000e+00   0.0000e+00   2.8605e+02
20200818_09:00:00   1.5075e-01   4.1948e+01   3.3621e+00   0.0000e+00   0.0000e+00   2.8462e+02
20200818_12:00:00   1.5081e-01   4.2055e+01   3.3259e+00   0.0000e+00   0.0000e+00   2.7924e+02
20200818_15:00:00   1.6094e-01   4.4313e+01   3.5698e+00   0.0000e+00   0.0000e+00   2.7769e+02
20200818_18:00:00   1.6772e-01   4.5787e+01   3.7676e+00   0.0000e+00   0.0000e+00   2.7841e+02
20200818_21:00:00   1.7559e-01   4.7331e+01   4.0453e+00   0.0000e+00   2.8882e-05   2.7637e+02
20200819_00:00:00   1.9003e-01   5.0456e+01   4.3265e+00   1.4960e-03   4.7624e-04   2.7562e+02
20200819_03:00:00   1.8795e-01   4.9959e+01   4.3778e+00   7.1030e-05   3.0343e-03   2.7724e+02
20200819_06:00:00   2.0154e-01   5.3117e+01   4.6140e+00   0.0000e+00   3.9013e-05   2.7642e+02
20200819_09:00:00   2.3492e-01   6.0367e+01   5.2746e+00   0.0000e+00   1.5933e-04   2.7622e+02
20200819_12:00:00   2.5417e-01   6.4537e+01   5.5785e+00   0.0000e+00   2.1824e-03   2.7480e+02
20200819_15:00:00   2.5276e-01   6.4294e+01   5.5303e+00   0.0000e+00   2.4353e-03   2.7591e+02
20200819_18:00:00   2.6901e-01   6.7480e+01   5.9974e+00   0.0000e+00   1.0473e-02   2.7341e+02
20200819_21:00:00   3.4191e-01   8.1188e+01   7.8518e+00   0.0000e+00   6.7568e-03   2.7116e+02
20200820_00:00:00   3.8146e-01   8.8461e+01   8.6728e+00   1.5600e-03   6.6678e-04   2.6934e+02
20200820_03:00:00   4.0492e-01   9.2607e+01   9.2596e+00   0.0000e+00   5.2949e-04   2.6603e+02
20200820_06:00:00   4.0631e-01   9.2946e+01   9.2718e+00   0.0000e+00   3.1711e-04   2.6948e+02
20200820_09:00:00   4.6614e-01   1.0329e+02   1.0446e+01   0.0000e+00   2.9637e-03   2.6963e+02
20200820_12:00:00   4.7725e-01   1.0524e+02   1.0620e+01   0.0000e+00   3.6756e-03   2.6868e+02
20200820_15:00:00   4.6341e-01   1.0293e+02   1.0346e+01   0.0000e+00   1.7642e-03   2.6859e+02
20200820_18:00:00   4.4426e-01   9.9722e+01   1.0033e+01   0.0000e+00   2.4524e-04   2.6772e+02
20200820_21:00:00   4.1493e-01   9.4690e+01   9.4577e+00   0.0000e+00   2.6560e-07   2.6688e+02
20200821_00:00:00   4.2033e-01   9.5691e+01   9.5450e+00   0.0000e+00   2.0293e-03   2.6604e+02
20200821_03:00:00   4.0536e-01   9.2930e+01   9.3267e+00   0.0000e+00   1.5272e-02   2.6668e+02
20200821_06:00:00   3.5254e-01   8.3497e+01   8.1730e+00   0.0000e+00   8.1842e-04   2.7044e+02
20200821_09:00:00   2.7410e-01   6.8246e+01   6.4633e+00   0.0000e+00   1.9642e-05   2.7306e+02
20200821_12:00:00   2.2938e-01   5.8962e+01   5.4460e+00   0.0000e+00   1.9642e-05   2.7231e+02
20200821_15:00:00   1.7922e-01   4.8007e+01   4.3167e+00   0.0000e+00   0.0000e+00   2.7166e+02
20200821_18:00:00   1.6199e-01   4.3914e+01   3.9712e+00   0.0000e+00   0.0000e+00   2.7189e+02
20200821_21:00:00   1.6364e-01   4.4342e+01   4.0025e+00   0.0000e+00   0.0000e+00   2.7037e+02
20200822_00:00:00   1.6741e-01   4.5233e+01   4.0672e+00   0.0000e+00   0.0000e+00   2.6585e+02
20200822_03:00:00   1.6211e-01   4.4060e+01   3.9142e+00   0.0000e+00   0.0000e+00   2.6531e+02
20200822_06:00:00   1.5984e-01   4.3604e+01   3.8347e+00   0.0000e+00   0.0000e+00   2.6558e+02
20200822_09:00:00   1.6325e-01   4.4468e+01   3.8764e+00   0.0000e+00   0.0000e+00   2.6687e+02
20200822_12:00:00   1.7107e-01   4.6209e+01   4.0317e+00   0.0000e+00   0.0000e+00   2.6325e+02
20200822_15:00:00   1.6266e-01   4.4320e+01   3.8335e+00   0.0000e+00   0.0000e+00   2.6168e+02
20200822_18:00:00   1.6060e-01   4.3968e+01   3.7668e+00   0.0000e+00   0.0000e+00   2.6127e+02
20200822_21:00:00   1.6403e-01   4.4799e+01   3.8142e+00   0.0000e+00   0.0000e+00   2.6247e+02
20200823_00:00:00   1.6626e-01   4.5302e+01   3.8403e+00   0.0000e+00   0.0000e+00   2.5884e+02
20200823_03:00:00   1.6446e-01   4.4880e+01   3.8011e+00   0.0000e+00   0.0000e+00   2.6004e+02
20200823_06:00:00   1.7158e-01   4.6509e+01   3.9297e+00   0.0000e+00   1.3418e-05   2.6301e+02
20200823_09:00:00   1.6961e-01   4.6042e+01   3.8781e+00   0.0000e+00   0.0000e+00   2.6536e+02
20200823_12:00:00   1.5840e-01   4.3453e+01   3.6493e+00   0.0000e+00   0.0000e+00   2.6671e+02
20200823_15:00:00   1.3970e-01   3.9118e+01   3.2630e+00   0.0000e+00   0.0000e+00   2.6684e+02
20200823_18:00:00   1.1260e-01   3.2778e+01   2.6249e+00   0.0000e+00   0.0000e+00   2.6391e+02
20200823_21:00:00   1.1269e-01   3.2744e+01   2.6569e+00   0.0000e+00   0.0000e+00   2.6384e+02
20200824_00:00:00   1.2068e-01   3.4676e+01   2.8421e+00   0.0000e+00   0.0000e+00   2.5997e+02
20200824_03:00:00   1.2501e-01   3.5756e+01   2.9411e+00   0.0000e+00   0.0000e+00   2.6056e+02
20200824_06:00:00   1.2511e-01   3.5813e+01   2.9348e+00   0.0000e+00   0.0000e+00   2.6118e+02
20200824_09:00:00   1.1854e-01   3.4298e+01   2.7507e+00   0.0000e+00   0.0000e+00   2.6089e+02
20200824_12:00:00   1.2242e-01   3.5229e+01   2.8411e+00   0.0000e+00   0.0000e+00   2.5746e+02
