#            date       tau255        Tb[K]      pwv[mm] lwp[kg*m^-2] iwp[kg*m^-2]       o3[DU]
20201005_06:00:00   1.1838e-01   3.4106e+01   2.7476e+00   0.0000e+00   2.7117e-03   2.5168e+02
20201005_07:00:00   1.2206e-01   3.5013e+01   2.8234e+00   0.0000e+00   1.1093e-03   2.5210e+02
20201005_08:00:00   1.2297e-01   3.5292e+01   2.8258e+00   0.0000e+00   2.1014e-04   2.5129e+02
20201005_09:00:00   1.2843e-01   3.6628e+01   2.9382e+00   0.0000e+00   3.3360e-05   2.5059e+02
20201005_10:00:00   1.3287e-01   3.7664e+01   3.0407e+00   0.0000e+00   2.5600e-04   2.5087e+02
20201005_11:00:00   1.3652e-01   3.8514e+01   3.1249e+00   0.0000e+00   9.1280e-05   2.5037e+02
20201005_12:00:00   1.4297e-01   3.9970e+01   3.2836e+00   0.0000e+00   3.9195e-04   2.5083e+02
20201005_13:00:00   1.5127e-01   4.1863e+01   3.4782e+00   0.0000e+00   1.0198e-05   2.5050e+02
20201005_14:00:00   1.6054e-01   4.3988e+01   3.6804e+00   0.0000e+00   0.0000e+00   2.5084e+02
20201005_15:00:00   1.6722e-01   4.5527e+01   3.8281e+00   0.0000e+00   0.0000e+00   2.5207e+02
20201005_16:00:00   1.7443e-01   4.7175e+01   3.9796e+00   0.0000e+00   0.0000e+00   2.5498e+02
20201005_17:00:00   1.8197e-01   4.8874e+01   4.1395e+00   0.0000e+00   0.0000e+00   2.5625e+02
20201005_18:00:00   1.8526e-01   4.9614e+01   4.2185e+00   0.0000e+00   0.0000e+00   2.5675e+02
20201005_19:00:00   1.8793e-01   5.0207e+01   4.2843e+00   0.0000e+00   0.0000e+00   2.5869e+02
20201005_20:00:00   1.9147e-01   5.0986e+01   4.3668e+00   0.0000e+00   0.0000e+00   2.5926e+02
20201005_21:00:00   1.9642e-01   5.2073e+01   4.4794e+00   0.0000e+00   0.0000e+00   2.5920e+02
20201005_22:00:00   1.9817e-01   5.2511e+01   4.4971e+00   0.0000e+00   0.0000e+00   2.5982e+02
20201005_23:00:00   1.9628e-01   5.2180e+01   4.4256e+00   0.0000e+00   0.0000e+00   2.5874e+02
20201006_00:00:00   1.9265e-01   5.1402e+01   4.3389e+00   0.0000e+00   0.0000e+00   2.5895e+02
20201006_01:00:00   1.9689e-01   5.2291e+01   4.4488e+00   0.0000e+00   0.0000e+00   2.5896e+02
20201006_02:00:00   2.0341e-01   5.3686e+01   4.6058e+00   0.0000e+00   0.0000e+00   2.5761e+02
20201006_03:00:00   2.0450e-01   5.3903e+01   4.6365e+00   0.0000e+00   0.0000e+00   2.5722e+02
20201006_04:00:00   2.0439e-01   5.3862e+01   4.6429e+00   0.0000e+00   0.0000e+00   2.5718e+02
20201006_05:00:00   2.0474e-01   5.3926e+01   4.6532e+00   0.0000e+00   0.0000e+00   2.5577e+02
20201006_06:00:00   2.0074e-01   5.3039e+01   4.5748e+00   0.0000e+00   0.0000e+00   2.5607e+02
20201006_07:00:00   1.9814e-01   5.2463e+01   4.5152e+00   0.0000e+00   1.9642e-05   2.5665e+02
20201006_08:00:00   1.9397e-01   5.1542e+01   4.4199e+00   0.0000e+00   1.5496e-04   2.5657e+02
20201006_09:00:00   1.8732e-01   5.0074e+01   4.2733e+00   0.0000e+00   0.0000e+00   2.5567e+02
20201006_10:00:00   1.8591e-01   4.9753e+01   4.2291e+00   0.0000e+00   0.0000e+00   2.5511e+02
20201006_11:00:00   1.8094e-01   4.8642e+01   4.1197e+00   0.0000e+00   0.0000e+00   2.5419e+02
20201006_12:00:00   1.7489e-01   4.7293e+01   3.9839e+00   0.0000e+00   0.0000e+00   2.5263e+02
20201006_13:00:00   1.6999e-01   4.6192e+01   3.8758e+00   0.0000e+00   0.0000e+00   2.5132e+02
20201006_14:00:00   1.6519e-01   4.5126e+01   3.7638e+00   0.0000e+00   0.0000e+00   2.5133e+02
20201006_15:00:00   1.6193e-01   4.4409e+01   3.6858e+00   0.0000e+00   0.0000e+00   2.5223e+02
20201006_16:00:00   1.5985e-01   4.3941e+01   3.6392e+00   0.0000e+00   0.0000e+00   2.5297e+02
20201006_17:00:00   1.5918e-01   4.3788e+01   3.6226e+00   0.0000e+00   0.0000e+00   2.5298e+02
20201006_18:00:00   1.5879e-01   4.3730e+01   3.6031e+00   0.0000e+00   0.0000e+00   2.5605e+02
20201006_19:00:00   1.6065e-01   4.4174e+01   3.6357e+00   0.0000e+00   0.0000e+00   2.5762e+02
20201006_20:00:00   1.6349e-01   4.4867e+01   3.6995e+00   0.0000e+00   0.0000e+00   2.5746e+02
20201006_21:00:00   1.6843e-01   4.6045e+01   3.7987e+00   0.0000e+00   0.0000e+00   2.5522e+02
20201006_22:00:00   1.7550e-01   4.7646e+01   3.9512e+00   0.0000e+00   0.0000e+00   2.5423e+02
20201006_23:00:00   1.8161e-01   4.9047e+01   4.0750e+00   0.0000e+00   0.0000e+00   2.5425e+02
20201007_00:00:00   1.8375e-01   4.9571e+01   4.0649e+00   6.7810e-04   0.0000e+00   2.5348e+02
20201007_01:00:00   1.8242e-01   4.9309e+01   4.0470e+00   2.9580e-04   0.0000e+00   2.5219e+02
20201007_02:00:00   1.8121e-01   4.9051e+01   4.0362e+00   0.0000e+00   0.0000e+00   2.5160e+02
20201007_03:00:00   1.8403e-01   4.9672e+01   4.1008e+00   0.0000e+00   0.0000e+00   2.5018e+02
20201007_04:00:00   1.8361e-01   4.9579e+01   4.0944e+00   0.0000e+00   0.0000e+00   2.4885e+02
20201007_05:00:00   1.8193e-01   4.9203e+01   4.0535e+00   0.0000e+00   0.0000e+00   2.5117e+02
20201007_06:00:00   1.8014e-01   4.8806e+01   4.0106e+00   0.0000e+00   0.0000e+00   2.5190e+02
20201007_07:00:00   1.7853e-01   4.8455e+01   3.9691e+00   0.0000e+00   0.0000e+00   2.5460e+02
20201007_08:00:00   1.7510e-01   4.7699e+01   3.8873e+00   0.0000e+00   0.0000e+00   2.5484e+02
20201007_09:00:00   1.7076e-01   4.6724e+01   3.7924e+00   0.0000e+00   0.0000e+00   2.5586e+02
20201007_10:00:00   1.7043e-01   4.6645e+01   3.7770e+00   0.0000e+00   0.0000e+00   2.5753e+02
20201007_11:00:00   1.7144e-01   4.6879e+01   3.7858e+00   0.0000e+00   0.0000e+00   2.5800e+02
20201007_12:00:00   1.6985e-01   4.6511e+01   3.7441e+00   0.0000e+00   0.0000e+00   2.5681e+02
20201007_13:00:00   1.7042e-01   4.6610e+01   3.7561e+00   0.0000e+00   0.0000e+00   2.5496e+02
20201007_14:00:00   1.7124e-01   4.6749e+01   3.7768e+00   0.0000e+00   0.0000e+00   2.5386e+02
20201007_15:00:00   1.6434e-01   4.5149e+01   3.6420e+00   0.0000e+00   0.0000e+00   2.5444e+02
20201007_16:00:00   1.5492e-01   4.2963e+01   3.4635e+00   0.0000e+00   0.0000e+00   2.5519e+02
20201007_17:00:00   1.5251e-01   4.2389e+01   3.4221e+00   0.0000e+00   0.0000e+00   2.5670e+02
20201007_18:00:00   1.5294e-01   4.2484e+01   3.4375e+00   0.0000e+00   2.0280e-05   2.5721e+02
20201007_19:00:00   1.5314e-01   4.2519e+01   3.4507e+00   0.0000e+00   1.6884e-05   2.5815e+02
20201007_20:00:00   1.5334e-01   4.2549e+01   3.4619e+00   0.0000e+00   8.6080e-06   2.5675e+02
20201007_21:00:00   1.5169e-01   4.2133e+01   3.4366e+00   0.0000e+00   1.3582e-05   2.5656e+02
20201007_22:00:00   1.4990e-01   4.1700e+01   3.4087e+00   0.0000e+00   0.0000e+00   2.5627e+02
20201007_23:00:00   1.4936e-01   4.1572e+01   3.3989e+00   0.0000e+00   0.0000e+00   2.5450e+02
20201008_00:00:00   1.5097e-01   4.1972e+01   3.4254e+00   7.5620e-05   0.0000e+00   2.5415e+02
20201008_01:00:00   1.5344e-01   4.2554e+01   3.4056e+00   1.4110e-03   0.0000e+00   2.5543e+02
20201008_02:00:00   1.4937e-01   4.1603e+01   3.3548e+00   7.4330e-04   0.0000e+00   2.5518e+02
20201008_03:00:00   1.4850e-01   4.1402e+01   3.3731e+00   0.0000e+00   0.0000e+00   2.5403e+02
20201008_04:00:00   1.4516e-01   4.0618e+01   3.3003e+00   0.0000e+00   0.0000e+00   2.5440e+02
20201008_05:00:00   1.4286e-01   4.0078e+01   3.2464e+00   0.0000e+00   0.0000e+00   2.5498e+02
20201008_06:00:00   1.4293e-01   4.0077e+01   3.2436e+00   0.0000e+00   0.0000e+00   2.5554e+02
20201008_07:00:00   1.4146e-01   3.9720e+01   3.2109e+00   0.0000e+00   0.0000e+00   2.5598e+02
20201008_08:00:00   1.4122e-01   3.9649e+01   3.2041e+00   0.0000e+00   0.0000e+00   2.5547e+02
20201008_09:00:00   1.3968e-01   3.9268e+01   3.1656e+00   0.0000e+00   0.0000e+00   2.5524e+02
20201008_10:00:00   1.3927e-01   3.9155e+01   3.1528e+00   0.0000e+00   0.0000e+00   2.5499e+02
20201008_11:00:00   1.3956e-01   3.9208e+01   3.1617e+00   0.0000e+00   0.0000e+00   2.5383e+02
20201008_12:00:00   1.3853e-01   3.8936e+01   3.1393e+00   0.0000e+00   0.0000e+00   2.5446e+02
20201008_13:00:00   1.3702e-01   3.8559e+01   3.1083e+00   0.0000e+00   0.0000e+00   2.5464e+02
20201008_14:00:00   1.3466e-01   3.8003e+01   3.0543e+00   0.0000e+00   0.0000e+00   2.5408e+02
20201008_15:00:00   1.3157e-01   3.7281e+01   2.9856e+00   0.0000e+00   0.0000e+00   2.5261e+02
20201008_16:00:00   1.3014e-01   3.6951e+01   2.9580e+00   0.0000e+00   0.0000e+00   2.5282e+02
20201008_17:00:00   1.3035e-01   3.7011e+01   2.9621e+00   0.0000e+00   0.0000e+00   2.5346e+02
20201008_18:00:00   1.3228e-01   3.7453e+01   3.0103e+00   0.0000e+00   0.0000e+00   2.5398e+02
20201008_19:00:00   1.3461e-01   3.7982e+01   3.0664e+00   0.0000e+00   0.0000e+00   2.5397e+02
20201008_20:00:00   1.3524e-01   3.8123e+01   3.0799e+00   0.0000e+00   0.0000e+00   2.5396e+02
20201008_21:00:00   1.3562e-01   3.8206e+01   3.0875e+00   0.0000e+00   0.0000e+00   2.5400e+02
20201008_22:00:00   1.3580e-01   3.8234e+01   3.0923e+00   0.0000e+00   0.0000e+00   2.5359e+02
20201008_23:00:00   1.3632e-01   3.8339e+01   3.1049e+00   0.0000e+00   0.0000e+00   2.5249e+02
20201009_00:00:00   1.3654e-01   3.8379e+01   3.1105e+00   0.0000e+00   0.0000e+00   2.5147e+02
20201009_01:00:00   1.3702e-01   3.8479e+01   3.1207e+00   0.0000e+00   0.0000e+00   2.5038e+02
20201009_02:00:00   1.3746e-01   3.8581e+01   3.1298e+00   0.0000e+00   0.0000e+00   2.5026e+02
20201009_03:00:00   1.3520e-01   3.8071e+01   3.0746e+00   0.0000e+00   0.0000e+00   2.5051e+02
20201009_04:00:00   1.3336e-01   3.7642e+01   3.0319e+00   0.0000e+00   0.0000e+00   2.5128e+02
20201009_05:00:00   1.3275e-01   3.7498e+01   3.0192e+00   0.0000e+00   0.0000e+00   2.5182e+02
20201009_06:00:00   1.3198e-01   3.7326e+01   2.9974e+00   0.0000e+00   0.0000e+00   2.5270e+02
20201009_07:00:00   1.3119e-01   3.7140e+01   2.9779e+00   0.0000e+00   0.0000e+00   2.5344e+02
20201009_08:00:00   1.3042e-01   3.6954e+01   2.9623e+00   0.0000e+00   0.0000e+00   2.5490e+02
20201009_09:00:00   1.2907e-01   3.6622e+01   2.9287e+00   0.0000e+00   0.0000e+00   2.5593e+02
20201009_10:00:00   1.2772e-01   3.6296e+01   2.8975e+00   0.0000e+00   0.0000e+00   2.5522e+02
20201009_11:00:00   1.2732e-01   3.6181e+01   2.8872e+00   0.0000e+00   0.0000e+00   2.5368e+02
20201009_12:00:00   1.2665e-01   3.6026e+01   2.8680e+00   0.0000e+00   0.0000e+00   2.5218e+02
20201009_13:00:00   1.2629e-01   3.5947e+01   2.8568e+00   0.0000e+00   0.0000e+00   2.5359e+02
20201009_14:00:00   1.2428e-01   3.5482e+01   2.8088e+00   0.0000e+00   0.0000e+00   2.5258e+02
20201009_15:00:00   1.2225e-01   3.5020e+01   2.7604e+00   0.0000e+00   0.0000e+00   2.5075e+02
20201009_16:00:00   1.1973e-01   3.4436e+01   2.7010e+00   0.0000e+00   0.0000e+00   2.5000e+02
20201009_17:00:00   1.1762e-01   3.3966e+01   2.6522e+00   0.0000e+00   0.0000e+00   2.5031e+02
20201009_18:00:00   1.1572e-01   3.3531e+01   2.6024e+00   0.0000e+00   0.0000e+00   2.5063e+02
20201009_19:00:00   1.1341e-01   3.2991e+01   2.5461e+00   0.0000e+00   0.0000e+00   2.5165e+02
20201009_20:00:00   1.1293e-01   3.2876e+01   2.5366e+00   0.0000e+00   0.0000e+00   2.5231e+02
20201009_21:00:00   1.1313e-01   3.2893e+01   2.5505e+00   0.0000e+00   0.0000e+00   2.5192e+02
20201009_22:00:00   1.1324e-01   3.2917e+01   2.5575e+00   0.0000e+00   0.0000e+00   2.5232e+02
20201009_23:00:00   1.1369e-01   3.3026e+01   2.5704e+00   0.0000e+00   0.0000e+00   2.5311e+02
20201010_00:00:00   1.1524e-01   3.3385e+01   2.6134e+00   0.0000e+00   0.0000e+00   2.5324e+02
20201010_01:00:00   1.1880e-01   3.4232e+01   2.6968e+00   0.0000e+00   0.0000e+00   2.5224e+02
20201010_02:00:00   1.2131e-01   3.4830e+01   2.7575e+00   0.0000e+00   0.0000e+00   2.5189e+02
20201010_03:00:00   1.2342e-01   3.5313e+01   2.8137e+00   0.0000e+00   5.5060e-06   2.5148e+02
20201010_04:00:00   1.2355e-01   3.5344e+01   2.8189e+00   0.0000e+00   0.0000e+00   2.5118e+02
20201010_05:00:00   1.2224e-01   3.5026e+01   2.7882e+00   0.0000e+00   0.0000e+00   2.5160e+02
20201010_06:00:00   1.1920e-01   3.4319e+01   2.7147e+00   0.0000e+00   0.0000e+00   2.5363e+02
20201010_09:00:00   1.1434e-01   3.3183e+01   2.6020e+00   0.0000e+00   0.0000e+00   2.5330e+02
20201010_12:00:00   1.1395e-01   3.3059e+01   2.6084e+00   0.0000e+00   0.0000e+00   2.5014e+02
20201010_15:00:00   1.1491e-01   3.3328e+01   2.6240e+00   0.0000e+00   0.0000e+00   2.5350e+02
20201010_18:00:00   1.1700e-01   3.3872e+01   2.6709e+00   0.0000e+00   2.8540e-05   2.5374e+02
20201010_21:00:00   1.1748e-01   3.3910e+01   2.7132e+00   0.0000e+00   2.5077e-03   2.5118e+02
20201011_00:00:00   1.1897e-01   3.4242e+01   2.7641e+00   0.0000e+00   1.3750e-03   2.5211e+02
20201011_03:00:00   1.2021e-01   3.4497e+01   2.8186e+00   0.0000e+00   2.8682e-03   2.5274e+02
20201011_06:00:00   1.2296e-01   3.5079e+01   2.9128e+00   0.0000e+00   7.0735e-04   2.5185e+02
20201011_09:00:00   1.2556e-01   3.5687e+01   2.9785e+00   0.0000e+00   0.0000e+00   2.5225e+02
20201011_12:00:00   1.2726e-01   3.6042e+01   3.0302e+00   0.0000e+00   0.0000e+00   2.4776e+02
20201011_15:00:00   1.2997e-01   3.6648e+01   3.1106e+00   0.0000e+00   0.0000e+00   2.4981e+02
20201011_18:00:00   1.3458e-01   3.7660e+01   3.2512e+00   0.0000e+00   4.3781e-04   2.5082e+02
20201011_21:00:00   1.4409e-01   3.9740e+01   3.5165e+00   0.0000e+00   1.5493e-02   2.4962e+02
20201012_00:00:00   1.4073e-01   3.9087e+01   3.4139e+00   7.6550e-05   1.2076e-03   2.4978e+02
20201012_03:00:00   1.5042e-01   4.1208e+01   3.6815e+00   0.0000e+00   4.1608e-03   2.4583e+02
20201012_06:00:00   1.5332e-01   4.1792e+01   3.7630e+00   0.0000e+00   5.8831e-03   2.4969e+02
20201012_09:00:00   1.4687e-01   4.0521e+01   3.5404e+00   0.0000e+00   0.0000e+00   2.5183e+02
20201012_12:00:00   1.5416e-01   4.2255e+01   3.6755e+00   0.0000e+00   0.0000e+00   2.4933e+02
20201012_15:00:00   1.6539e-01   4.4893e+01   3.9048e+00   2.5330e-05   0.0000e+00   2.4967e+02
20201012_18:00:00   1.8239e-01   4.8814e+01   4.2667e+00   0.0000e+00   0.0000e+00   2.5263e+02
20201012_21:00:00   2.0275e-01   5.3336e+01   4.6825e+00   0.0000e+00   0.0000e+00   2.5268e+02
20201013_00:00:00   2.1687e-01   5.6268e+01   4.9791e+00   5.2960e-04   0.0000e+00   2.5175e+02
20201013_03:00:00   2.1719e-01   5.6284e+01   5.0393e+00   0.0000e+00   0.0000e+00   2.5030e+02
20201013_06:00:00   2.2957e-01   5.8854e+01   5.3202e+00   0.0000e+00   2.6560e-07   2.5221e+02
20201013_09:00:00   2.3787e-01   6.0527e+01   5.4894e+00   1.6760e-05   0.0000e+00   2.5581e+02
20201013_12:00:00   2.4661e-01   6.2285e+01   5.6949e+00   0.0000e+00   0.0000e+00   2.5400e+02
20201013_15:00:00   2.0389e-01   5.2972e+01   4.8559e+00   0.0000e+00   5.9319e-04   2.5456e+02
20201013_18:00:00   1.6434e-01   4.4056e+01   3.9874e+00   0.0000e+00   4.0554e-04   2.5559e+02
20201013_21:00:00   1.5928e-01   4.2807e+01   3.8796e+00   0.0000e+00   0.0000e+00   2.5386e+02
20201014_00:00:00   1.6084e-01   4.3143e+01   3.9299e+00   0.0000e+00   0.0000e+00   2.5232e+02
20201014_03:00:00   1.6595e-01   4.4219e+01   4.0633e+00   0.0000e+00   6.0632e-04   2.5041e+02
20201014_06:00:00   1.6216e-01   4.3400e+01   3.9525e+00   0.0000e+00   0.0000e+00   2.5240e+02
20201014_09:00:00   1.6941e-01   4.4987e+01   4.1283e+00   0.0000e+00   7.1022e-05   2.5463e+02
20201014_12:00:00   1.7663e-01   4.6616e+01   4.2886e+00   0.0000e+00   2.4192e-04   2.5234e+02
20201014_15:00:00   1.7989e-01   4.7399e+01   4.3490e+00   0.0000e+00   1.3322e-03   2.5167e+02
20201014_18:00:00   1.9738e-01   5.1165e+01   4.7754e+00   0.0000e+00   5.2968e-03   2.5780e+02
20201014_21:00:00   2.1425e-01   5.4739e+01   5.1864e+00   0.0000e+00   9.6066e-03   2.5953e+02
20201015_00:00:00   2.2172e-01   5.6591e+01   5.1788e+00   2.2400e-03   1.9427e-02   2.5905e+02
20201015_03:00:00   2.7520e-01   6.8264e+01   5.0752e+00   2.4944e-02   1.4631e-02   2.5647e+02
20201015_06:00:00   2.0459e-01   5.3254e+01   4.6467e+00   3.6300e-03   3.3200e-03   2.5624e+02
20201015_09:00:00   1.8595e-01   4.9257e+01   4.3882e+00   0.0000e+00   1.3091e-04   2.5993e+02
20201015_12:00:00   1.8628e-01   4.9521e+01   4.3308e+00   0.0000e+00   0.0000e+00   2.5730e+02
20201015_15:00:00   1.8407e-01   4.9040e+01   4.2704e+00   0.0000e+00   0.0000e+00   2.5691e+02
20201015_18:00:00   1.7980e-01   4.8178e+01   4.1483e+00   0.0000e+00   0.0000e+00   2.5845e+02
20201015_21:00:00   1.8539e-01   4.9454e+01   4.2735e+00   0.0000e+00   0.0000e+00   2.6133e+02
20201016_00:00:00   1.8292e-01   4.8902e+01   4.2317e+00   0.0000e+00   0.0000e+00   2.5761e+02
20201016_03:00:00   1.8112e-01   4.8473e+01   4.2058e+00   0.0000e+00   0.0000e+00   2.5636e+02
20201016_06:00:00   1.8089e-01   4.8412e+01   4.1976e+00   0.0000e+00   0.0000e+00   2.5461e+02
20201016_09:00:00   1.6553e-01   4.4938e+01   3.8369e+00   0.0000e+00   0.0000e+00   2.5463e+02
20201016_12:00:00   1.6323e-01   4.4449e+01   3.7794e+00   0.0000e+00   0.0000e+00   2.5280e+02
20201016_15:00:00   1.5350e-01   4.2283e+01   3.5364e+00   0.0000e+00   1.3094e-05   2.4930e+02
20201016_18:00:00   1.5291e-01   4.2175e+01   3.5193e+00   0.0000e+00   0.0000e+00   2.5327e+02
20201016_21:00:00   1.5553e-01   4.2772e+01   3.5684e+00   0.0000e+00   0.0000e+00   2.5545e+02
20201017_00:00:00   1.6383e-01   4.4702e+01   3.6196e+00   2.2940e-03   8.9740e-07   2.5366e+02
20201017_03:00:00   1.6985e-01   4.6118e+01   3.8536e+00   0.0000e+00   0.0000e+00   2.5408e+02
20201017_06:00:00   1.7116e-01   4.6469e+01   3.8482e+00   0.0000e+00   0.0000e+00   2.5626e+02
20201017_09:00:00   1.8362e-01   4.9333e+01   4.0443e+00   0.0000e+00   0.0000e+00   2.5780e+02
20201017_12:00:00   1.8337e-01   4.9413e+01   3.9592e+00   0.0000e+00   0.0000e+00   2.5733e+02
20201017_15:00:00   1.5582e-01   4.3290e+01   3.3523e+00   0.0000e+00   0.0000e+00   2.5683e+02
20201017_18:00:00   1.3300e-01   3.8028e+01   2.8488e+00   0.0000e+00   0.0000e+00   2.5656e+02
20201017_21:00:00   1.2573e-01   3.6329e+01   2.6888e+00   0.0000e+00   0.0000e+00   2.5582e+02
20201018_00:00:00   1.3098e-01   3.7571e+01   2.7963e+00   0.0000e+00   0.0000e+00   2.5436e+02
20201018_03:00:00   1.1723e-01   3.4302e+01   2.4887e+00   0.0000e+00   0.0000e+00   2.5315e+02
20201018_06:00:00   8.0021e-02   2.5201e+01   1.6424e+00   0.0000e+00   0.0000e+00   2.5198e+02
20201018_09:00:00   8.3017e-02   2.5768e+01   1.7701e+00   0.0000e+00   0.0000e+00   2.5237e+02
20201018_12:00:00   7.8590e-02   2.4802e+01   1.6232e+00   0.0000e+00   0.0000e+00   2.5241e+02
20201018_15:00:00   7.5810e-02   2.4148e+01   1.5499e+00   0.0000e+00   0.0000e+00   2.5406e+02
20201018_18:00:00   7.1546e-02   2.3004e+01   1.4768e+00   0.0000e+00   0.0000e+00   2.5712e+02
20201018_21:00:00   6.9183e-02   2.2437e+01   1.4172e+00   0.0000e+00   0.0000e+00   2.5739e+02
20201019_00:00:00   9.0600e-02   2.7839e+01   1.6167e+00   5.3370e-03   0.0000e+00   2.5493e+02
20201019_03:00:00   7.4913e-02   2.3836e+01   1.5722e+00   0.0000e+00   0.0000e+00   2.5243e+02
20201019_06:00:00   7.7188e-02   2.4424e+01   1.6145e+00   0.0000e+00   0.0000e+00   2.5036e+02
20201019_09:00:00   7.7678e-02   2.4507e+01   1.6322e+00   0.0000e+00   0.0000e+00   2.5140e+02
20201019_12:00:00   7.5187e-02   2.3865e+01   1.5764e+00   0.0000e+00   0.0000e+00   2.5000e+02
20201019_15:00:00   7.6609e-02   2.4240e+01   1.6045e+00   0.0000e+00   0.0000e+00   2.5025e+02
20201019_18:00:00   7.7224e-02   2.4349e+01   1.6253e+00   0.0000e+00   0.0000e+00   2.5175e+02
20201019_21:00:00   7.6748e-02   2.4162e+01   1.6370e+00   0.0000e+00   0.0000e+00   2.5441e+02
20201020_00:00:00   7.8791e-02   2.4649e+01   1.6887e+00   0.0000e+00   0.0000e+00   2.5237e+02
20201020_03:00:00   9.0465e-02   2.7582e+01   1.9546e+00   0.0000e+00   0.0000e+00   2.5078e+02
20201020_06:00:00   8.3056e-02   2.5733e+01   1.7775e+00   0.0000e+00   0.0000e+00   2.5044e+02
20201020_09:00:00   8.3622e-02   2.5868e+01   1.7827e+00   0.0000e+00   0.0000e+00   2.5108e+02
20201020_12:00:00   1.0041e-01   3.0046e+01   2.1315e+00   0.0000e+00   0.0000e+00   2.5057e+02
20201020_15:00:00   9.3149e-02   2.8222e+01   1.9758e+00   0.0000e+00   0.0000e+00   2.5096e+02
20201020_18:00:00   1.7323e-01   4.6675e+01   3.8819e+00   0.0000e+00   5.3120e-07   2.5334e+02
20201020_21:00:00   1.7835e-01   4.8253e+01   3.8170e+00   0.0000e+00   0.0000e+00   2.5482e+02
20201021_00:00:00   1.0132e-01   3.0337e+01   2.0530e+00   1.5147e-03   0.0000e+00   2.5566e+02
20201021_03:00:00   8.4228e-02   2.6097e+01   1.7590e+00   0.0000e+00   0.0000e+00   2.5502e+02
20201021_06:00:00   8.1733e-02   2.5474e+01   1.6961e+00   0.0000e+00   0.0000e+00   2.5553e+02
