#            date       tau255        Tb[K]      pwv[mm] lwp[kg*m^-2] iwp[kg*m^-2]       o3[DU]
20200920_00:00:00   6.7066e-02   2.1591e+01   1.4902e+00   0.0000e+00   5.3482e-03   2.5630e+02
20200920_01:00:00   6.2847e-02   2.0564e+01   1.3708e+00   0.0000e+00   4.9774e-03   2.5683e+02
20200920_02:00:00   6.0468e-02   1.9940e+01   1.3120e+00   0.0000e+00   1.5277e-02   2.5613e+02
20200920_03:00:00   5.9187e-02   1.9634e+01   1.2746e+00   0.0000e+00   1.7558e-02   2.5530e+02
20200920_04:00:00   5.8089e-02   1.9378e+01   1.2418e+00   0.0000e+00   1.4530e-02   2.5661e+02
20200920_05:00:00   5.7385e-02   1.9208e+01   1.2221e+00   0.0000e+00   1.2720e-02   2.5714e+02
20200920_06:00:00   5.6630e-02   1.9030e+01   1.2023e+00   0.0000e+00   7.5040e-03   2.5851e+02
20200920_07:00:00   5.7064e-02   1.9179e+01   1.2062e+00   0.0000e+00   3.1858e-03   2.6096e+02
20200920_08:00:00   5.7739e-02   1.9383e+01   1.2178e+00   0.0000e+00   2.1456e-03   2.6327e+02
20200920_09:00:00   5.9740e-02   1.9902e+01   1.2657e+00   0.0000e+00   2.9678e-03   2.6303e+02
20200920_10:00:00   6.0061e-02   1.9977e+01   1.2765e+00   0.0000e+00   3.7937e-03   2.6368e+02
20200920_11:00:00   5.9111e-02   1.9736e+01   1.2522e+00   0.0000e+00   4.1043e-03   2.6347e+02
20200920_12:00:00   5.9172e-02   1.9761e+01   1.2540e+00   0.0000e+00   3.9176e-03   2.6344e+02
20200920_13:00:00   6.0434e-02   2.0074e+01   1.2875e+00   0.0000e+00   3.6358e-03   2.6194e+02
20200920_14:00:00   6.0960e-02   2.0201e+01   1.3017e+00   0.0000e+00   2.6775e-03   2.6071e+02
20200920_15:00:00   6.2053e-02   2.0466e+01   1.3318e+00   0.0000e+00   1.1809e-03   2.6126e+02
20200920_16:00:00   6.3826e-02   2.0890e+01   1.3821e+00   0.0000e+00   2.8882e-03   2.6247e+02
20200920_17:00:00   6.5632e-02   2.1321e+01   1.4320e+00   0.0000e+00   7.1860e-03   2.6313e+02
20200920_18:00:00   6.4807e-02   2.1093e+01   1.4159e+00   0.0000e+00   5.2426e-03   2.6318e+02
20200920_19:00:00   6.1685e-02   2.0305e+01   1.3353e+00   0.0000e+00   1.9357e-03   2.6301e+02
20200920_20:00:00   5.9942e-02   1.9901e+01   1.2840e+00   0.0000e+00   1.3670e-04   2.6165e+02
20200920_21:00:00   6.0127e-02   1.9998e+01   1.2811e+00   0.0000e+00   5.3126e-06   2.6031e+02
20200920_22:00:00   6.0758e-02   2.0192e+01   1.2914e+00   0.0000e+00   0.0000e+00   2.6083e+02
20200920_23:00:00   5.8400e-02   1.9595e+01   1.2295e+00   0.0000e+00   0.0000e+00   2.6129e+02
20200921_00:00:00   5.8327e-02   1.9584e+01   1.2280e+00   0.0000e+00   2.6820e-05   2.6117e+02
20200921_01:00:00   5.7513e-02   1.9383e+01   1.2063e+00   0.0000e+00   5.3840e-05   2.6096e+02
20200921_02:00:00   5.8940e-02   1.9751e+01   1.2411e+00   0.0000e+00   5.2064e-05   2.6161e+02
20200921_03:00:00   6.0940e-02   2.0262e+01   1.2912e+00   0.0000e+00   2.3336e-05   2.6132e+02
20200921_04:00:00   6.1122e-02   2.0303e+01   1.2970e+00   0.0000e+00   1.6219e-05   2.6026e+02
20200921_05:00:00   6.0563e-02   2.0157e+01   1.2834e+00   0.0000e+00   1.5607e-03   2.6064e+02
20200921_06:00:00   6.0825e-02   2.0205e+01   1.2928e+00   0.0000e+00   3.4096e-03   2.5993e+02
20200921_07:00:00   6.1020e-02   2.0244e+01   1.3008e+00   0.0000e+00   2.3049e-03   2.6000e+02
20200921_08:00:00   6.1794e-02   2.0420e+01   1.3271e+00   0.0000e+00   2.8624e-03   2.6030e+02
20200921_09:00:00   6.2331e-02   2.0546e+01   1.3450e+00   0.0000e+00   7.0980e-04   2.6098e+02
20200921_10:00:00   6.1956e-02   2.0412e+01   1.3397e+00   0.0000e+00   5.0155e-04   2.6074e+02
20200921_11:00:00   6.0861e-02   2.0086e+01   1.3247e+00   0.0000e+00   1.5824e-03   2.5991e+02
20200921_12:00:00   5.7794e-02   1.9293e+01   1.2470e+00   0.0000e+00   2.8040e-04   2.5905e+02
20200921_13:00:00   5.6444e-02   1.8913e+01   1.2215e+00   0.0000e+00   1.6884e-03   2.5807e+02
20200921_14:00:00   5.6301e-02   1.8861e+01   1.2219e+00   0.0000e+00   1.4857e-03   2.5665e+02
20200921_15:00:00   5.5980e-02   1.8770e+01   1.2164e+00   0.0000e+00   9.6542e-04   2.5684e+02
20200921_16:00:00   5.5804e-02   1.8714e+01   1.2139e+00   0.0000e+00   1.2860e-03   2.5874e+02
20200921_17:00:00   5.5873e-02   1.8715e+01   1.2182e+00   0.0000e+00   2.0567e-03   2.6025e+02
20200921_18:00:00   5.5555e-02   1.8630e+01   1.2123e+00   0.0000e+00   2.0594e-03   2.5790e+02
20200921_19:00:00   5.6618e-02   1.8895e+01   1.2448e+00   0.0000e+00   3.6193e-03   2.5655e+02
20200921_20:00:00   5.8999e-02   1.9495e+01   1.3106e+00   0.0000e+00   3.4364e-03   2.5733e+02
20200921_21:00:00   6.2676e-02   2.0422e+01   1.4090e+00   0.0000e+00   2.5264e-03   2.5850e+02
20200921_22:00:00   6.3997e-02   2.0769e+01   1.4431e+00   0.0000e+00   8.0935e-04   2.5906e+02
20200921_23:00:00   6.6420e-02   2.1378e+01   1.5096e+00   0.0000e+00   1.9678e-03   2.6000e+02
20200922_00:00:00   6.8657e-02   2.1949e+01   1.5672e+00   0.0000e+00   3.7084e-03   2.5981e+02
20200922_01:00:00   6.8579e-02   2.1873e+01   1.5764e+00   0.0000e+00   5.0374e-03   2.6103e+02
20200922_02:00:00   6.9981e-02   2.2191e+01   1.6188e+00   0.0000e+00   1.0477e-02   2.6289e+02
20200922_03:00:00   6.9286e-02   2.2024e+01   1.6029e+00   0.0000e+00   4.9025e-03   2.6324e+02
20200922_04:00:00   6.8751e-02   2.1895e+01   1.5913e+00   0.0000e+00   2.5448e-03   2.6116e+02
20200922_05:00:00   6.8608e-02   2.1855e+01   1.5920e+00   0.0000e+00   6.0650e-04   2.6151e+02
20200922_06:00:00   6.7009e-02   2.1476e+01   1.5450e+00   0.0000e+00   1.8628e-04   2.6231e+02
20200922_07:00:00   6.5229e-02   2.1042e+01   1.4941e+00   0.0000e+00   4.3620e-05   2.6305e+02
20200922_08:00:00   6.5580e-02   2.1134e+01   1.5034e+00   0.0000e+00   0.0000e+00   2.6319e+02
20200922_09:00:00   6.6501e-02   2.1367e+01   1.5256e+00   0.0000e+00   0.0000e+00   2.6306e+02
20200922_10:00:00   6.6956e-02   2.1484e+01   1.5380e+00   0.0000e+00   0.0000e+00   2.6355e+02
20200922_11:00:00   6.5632e-02   2.1177e+01   1.4992e+00   0.0000e+00   2.2020e-06   2.6074e+02
20200922_12:00:00   6.3538e-02   2.0671e+01   1.4394e+00   0.0000e+00   2.2020e-06   2.5931e+02
20200922_13:00:00   6.3949e-02   2.0806e+01   1.4456e+00   0.0000e+00   1.1276e-05   2.6025e+02
20200922_14:00:00   6.6120e-02   2.1382e+01   1.5001e+00   0.0000e+00   6.8200e-06   2.6087e+02
20200922_15:00:00   6.7262e-02   2.1696e+01   1.5260e+00   0.0000e+00   9.0220e-06   2.6037e+02
20200922_16:00:00   6.7305e-02   2.1712e+01   1.5227e+00   0.0000e+00   2.4120e-05   2.6031e+02
20200922_17:00:00   6.7231e-02   2.1687e+01   1.5202e+00   0.0000e+00   2.6280e-06   2.6003e+02
20200922_18:00:00   6.6443e-02   2.1522e+01   1.4891e+00   0.0000e+00   0.0000e+00   2.6032e+02
20200922_19:00:00   6.5005e-02   2.1193e+01   1.4420e+00   0.0000e+00   0.0000e+00   2.6116e+02
20200922_20:00:00   6.1917e-02   2.0418e+01   1.3589e+00   0.0000e+00   0.0000e+00   2.6175e+02
20200922_21:00:00   6.2244e-02   2.0540e+01   1.3562e+00   0.0000e+00   0.0000e+00   2.6262e+02
20200922_22:00:00   6.3330e-02   2.0850e+01   1.3627e+00   2.3130e-04   0.0000e+00   2.6320e+02
20200922_23:00:00   7.0973e-02   2.2859e+01   1.4048e+00   2.4920e-03   0.0000e+00   2.6225e+02
20200923_00:00:00   6.4568e-02   2.1194e+01   1.3563e+00   8.1410e-04   0.0000e+00   2.6164e+02
20200923_01:00:00   6.2473e-02   2.0666e+01   1.3226e+00   5.1000e-04   0.0000e+00   2.6083e+02
20200923_02:00:00   6.2785e-02   2.0755e+01   1.3105e+00   8.7040e-04   0.0000e+00   2.5972e+02
20200923_03:00:00   6.0198e-02   2.0064e+01   1.3046e+00   0.0000e+00   0.0000e+00   2.6059e+02
20200923_04:00:00   6.0493e-02   2.0135e+01   1.3135e+00   0.0000e+00   0.0000e+00   2.6144e+02
20200923_05:00:00   6.0432e-02   2.0125e+01   1.3098e+00   0.0000e+00   0.0000e+00   2.6145e+02
20200923_06:00:00   6.0588e-02   2.0180e+01   1.3076e+00   0.0000e+00   0.0000e+00   2.6064e+02
20200923_07:00:00   6.2132e-02   2.0586e+01   1.3432e+00   0.0000e+00   0.0000e+00   2.6143e+02
20200923_08:00:00   6.2540e-02   2.0686e+01   1.3520e+00   0.0000e+00   0.0000e+00   2.6303e+02
20200923_09:00:00   6.2498e-02   2.0656e+01   1.3530e+00   0.0000e+00   0.0000e+00   2.6379e+02
20200923_10:00:00   6.2300e-02   2.0579e+01   1.3510e+00   0.0000e+00   0.0000e+00   2.6289e+02
20200923_11:00:00   6.2710e-02   2.0677e+01   1.3616e+00   0.0000e+00   0.0000e+00   2.6134e+02
20200923_12:00:00   6.4215e-02   2.1070e+01   1.3954e+00   0.0000e+00   0.0000e+00   2.6029e+02
20200923_13:00:00   6.6344e-02   2.1621e+01   1.4430e+00   0.0000e+00   0.0000e+00   2.6072e+02
20200923_14:00:00   6.7603e-02   2.1955e+01   1.4670e+00   0.0000e+00   0.0000e+00   2.6114e+02
20200923_15:00:00   6.5255e-02   2.1379e+01   1.3975e+00   0.0000e+00   0.0000e+00   2.6107e+02
20200923_16:00:00   6.1843e-02   2.0517e+01   1.3106e+00   0.0000e+00   0.0000e+00   2.6110e+02
20200923_17:00:00   5.9228e-02   1.9830e+01   1.2501e+00   0.0000e+00   0.0000e+00   2.6087e+02
20200923_18:00:00   5.7908e-02   1.9497e+01   1.2113e+00   0.0000e+00   0.0000e+00   2.6163e+02
20200923_19:00:00   5.7403e-02   1.9379e+01   1.1929e+00   0.0000e+00   0.0000e+00   2.6186e+02
20200923_20:00:00   5.7646e-02   1.9428e+01   1.2030e+00   0.0000e+00   0.0000e+00   2.6183e+02
20200923_21:00:00   5.9598e-02   1.9921e+01   1.2556e+00   0.0000e+00   0.0000e+00   2.6142e+02
20200923_22:00:00   6.3886e-02   2.1029e+01   1.3607e+00   0.0000e+00   0.0000e+00   2.6047e+02
20200923_23:00:00   6.5789e-02   2.1541e+01   1.4006e+00   0.0000e+00   0.0000e+00   2.5943e+02
20200924_00:00:00   6.6753e-02   2.1803e+01   1.4212e+00   0.0000e+00   0.0000e+00   2.5847e+02
20200924_01:00:00   6.8506e-02   2.2258e+01   1.4627e+00   0.0000e+00   0.0000e+00   2.5789e+02
20200924_02:00:00   7.0327e-02   2.2725e+01   1.5099e+00   0.0000e+00   0.0000e+00   2.5764e+02
20200924_03:00:00   7.2973e-02   2.3391e+01   1.5602e+00   3.8940e-04   0.0000e+00   2.5785e+02
20200924_04:00:00   7.2324e-02   2.3206e+01   1.5746e+00   0.0000e+00   0.0000e+00   2.5879e+02
20200924_05:00:00   7.4817e-02   2.3836e+01   1.6365e+00   0.0000e+00   0.0000e+00   2.5830e+02
20200924_06:00:00   8.2265e-02   2.5718e+01   1.8115e+00   0.0000e+00   0.0000e+00   2.5697e+02
20200924_07:00:00   9.7633e-02   2.9565e+01   2.1428e+00   3.7310e-04   0.0000e+00   2.5582e+02
20200924_08:00:00   1.2057e-01   3.5161e+01   2.6493e+00   5.4320e-04   0.0000e+00   2.5574e+02
20200924_09:00:00   1.5412e-01   4.3087e+01   3.3965e+00   1.8180e-04   0.0000e+00   2.5603e+02
20200924_10:00:00   1.7228e-01   4.7267e+01   3.7360e+00   9.0860e-04   0.0000e+00   2.5638e+02
20200924_11:00:00   1.8802e-01   5.0867e+01   3.8589e+00   4.7020e-03   0.0000e+00   2.5604e+02
20200924_12:00:00   2.0492e-01   5.4660e+01   3.8507e+00   1.1615e-02   0.0000e+00   2.5567e+02
20200924_13:00:00   2.8230e-01   7.1273e+01   3.8034e+00   4.3135e-02   0.0000e+00   2.5426e+02
20200924_14:00:00   2.6635e-01   6.8092e+01   3.5009e+00   4.2505e-02   0.0000e+00   2.5337e+02
20200924_15:00:00   1.6485e-01   4.5765e+01   3.2468e+00   7.0390e-03   0.0000e+00   2.5393e+02
20200924_16:00:00   1.3502e-01   3.8722e+01   2.8683e+00   2.3390e-03   0.0000e+00   2.5475e+02
20200924_17:00:00   1.2543e-01   3.6398e+01   2.7605e+00   6.0470e-04   0.0000e+00   2.5446e+02
20200924_18:00:00   1.1027e-01   3.2726e+01   2.4540e+00   0.0000e+00   0.0000e+00   2.5419e+02
20200924_19:00:00   9.7750e-02   2.9656e+01   2.1648e+00   0.0000e+00   0.0000e+00   2.5391e+02
20200924_20:00:00   8.8737e-02   2.7398e+01   1.9560e+00   0.0000e+00   0.0000e+00   2.5428e+02
20200924_21:00:00   8.4434e-02   2.6308e+01   1.8517e+00   0.0000e+00   0.0000e+00   2.5471e+02
20200924_22:00:00   8.3414e-02   2.6057e+01   1.8237e+00   0.0000e+00   0.0000e+00   2.5481e+02
20200924_23:00:00   8.3823e-02   2.6176e+01   1.8286e+00   0.0000e+00   0.0000e+00   2.5478e+02
20200925_00:00:00   8.0174e-02   2.5259e+01   1.7404e+00   0.0000e+00   0.0000e+00   2.5383e+02
20200925_03:00:00   7.1464e-02   2.3049e+01   1.5338e+00   0.0000e+00   0.0000e+00   2.5441e+02
20200925_06:00:00   6.7891e-02   2.2087e+01   1.4534e+00   0.0000e+00   0.0000e+00   2.5694e+02
20200925_09:00:00   5.9228e-02   1.9852e+01   1.2369e+00   0.0000e+00   0.0000e+00   2.5760e+02
20200925_12:00:00   5.9312e-02   1.9875e+01   1.2376e+00   0.0000e+00   0.0000e+00   2.5560e+02
20200925_15:00:00   6.1294e-02   2.0381e+01   1.2869e+00   0.0000e+00   0.0000e+00   2.5589e+02
20200925_18:00:00   6.1211e-02   2.0365e+01   1.2843e+00   0.0000e+00   0.0000e+00   2.5820e+02
20200925_21:00:00   6.2129e-02   2.0580e+01   1.3131e+00   0.0000e+00   0.0000e+00   2.5830e+02
20200926_00:00:00   6.2585e-02   2.0698e+01   1.3283e+00   0.0000e+00   0.0000e+00   2.5907e+02
20200926_03:00:00   6.3014e-02   2.0813e+01   1.3374e+00   0.0000e+00   0.0000e+00   2.5894e+02
20200926_06:00:00   6.2749e-02   2.0730e+01   1.3313e+00   0.0000e+00   0.0000e+00   2.6052e+02
20200926_09:00:00   6.2865e-02   2.0755e+01   1.3320e+00   0.0000e+00   0.0000e+00   2.6145e+02
20200926_12:00:00   6.1359e-02   2.0370e+01   1.2938e+00   0.0000e+00   0.0000e+00   2.6254e+02
20200926_15:00:00   6.0492e-02   2.0125e+01   1.2742e+00   0.0000e+00   0.0000e+00   2.6019e+02
20200926_18:00:00   6.0363e-02   2.0090e+01   1.2723e+00   0.0000e+00   0.0000e+00   2.6220e+02
20200926_21:00:00   6.1504e-02   2.0389e+01   1.3029e+00   0.0000e+00   0.0000e+00   2.6387e+02
20200927_00:00:00   6.6216e-02   2.1582e+01   1.4222e+00   0.0000e+00   0.0000e+00   2.6274e+02
20200927_03:00:00   6.9559e-02   2.2420e+01   1.5053e+00   0.0000e+00   0.0000e+00   2.6227e+02
20200927_06:00:00   7.1283e-02   2.2846e+01   1.5455e+00   0.0000e+00   0.0000e+00   2.6526e+02
20200927_09:00:00   7.1206e-02   2.2821e+01   1.5426e+00   0.0000e+00   0.0000e+00   2.6661e+02
20200927_12:00:00   6.9372e-02   2.2325e+01   1.5029e+00   0.0000e+00   0.0000e+00   2.6559e+02
20200927_15:00:00   6.7405e-02   2.1807e+01   1.4568e+00   0.0000e+00   0.0000e+00   2.6531e+02
20200927_18:00:00   6.9250e-02   2.2245e+01   1.5060e+00   0.0000e+00   0.0000e+00   2.6587e+02
20200927_21:00:00   7.0827e-02   2.2651e+01   1.5466e+00   0.0000e+00   0.0000e+00   2.6898e+02
20200928_00:00:00   7.9687e-02   2.4930e+01   1.6191e+00   2.3200e-03   0.0000e+00   2.6855e+02
20200928_03:00:00   7.9114e-02   2.4772e+01   1.6455e+00   1.6500e-03   0.0000e+00   2.6921e+02
20200928_06:00:00   7.5494e-02   2.3821e+01   1.6571e+00   0.0000e+00   0.0000e+00   2.6933e+02
20200928_09:00:00   7.6183e-02   2.3945e+01   1.6834e+00   0.0000e+00   0.0000e+00   2.6726e+02
20200928_12:00:00   7.7202e-02   2.4158e+01   1.7194e+00   0.0000e+00   0.0000e+00   2.6114e+02
20200928_15:00:00   8.0063e-02   2.4792e+01   1.8048e+00   0.0000e+00   6.0360e-06   2.6234e+02
20200928_18:00:00   8.0064e-02   2.4784e+01   1.8033e+00   0.0000e+00   0.0000e+00   2.5982e+02
20200928_21:00:00   8.0727e-02   2.4931e+01   1.8265e+00   0.0000e+00   2.7520e-06   2.6326e+02
20200929_00:00:00   8.3124e-02   2.5512e+01   1.8891e+00   0.0000e+00   0.0000e+00   2.6312e+02
20200929_03:00:00   8.2609e-02   2.5405e+01   1.8767e+00   0.0000e+00   0.0000e+00   2.6132e+02
20200929_06:00:00   8.0637e-02   2.4961e+01   1.8205e+00   0.0000e+00   0.0000e+00   2.6141e+02
20200929_09:00:00   7.9424e-02   2.4705e+01   1.7773e+00   0.0000e+00   0.0000e+00   2.5974e+02
20200929_12:00:00   7.6812e-02   2.4116e+01   1.7074e+00   0.0000e+00   0.0000e+00   2.6018e+02
20200929_15:00:00   7.1376e-02   2.2780e+01   1.5721e+00   0.0000e+00   0.0000e+00   2.5856e+02
20200929_18:00:00   6.7205e-02   2.1781e+01   1.4599e+00   0.0000e+00   1.3688e-04   2.6041e+02
20200929_21:00:00   6.4168e-02   2.1025e+01   1.3851e+00   0.0000e+00   2.4896e-03   2.6024e+02
20200930_00:00:00   6.4708e-02   2.1195e+01   1.3949e+00   0.0000e+00   2.7558e-04   2.5588e+02
20200930_03:00:00   6.7648e-02   2.1842e+01   1.4955e+00   0.0000e+00   2.2100e-03   2.5485e+02
20200930_06:00:00   6.8174e-02   2.1886e+01   1.5244e+00   0.0000e+00   1.2431e-02   2.5303e+02
20200930_09:00:00   7.4251e-02   2.3324e+01   1.7064e+00   0.0000e+00   4.4063e-03   2.5529e+02
20200930_12:00:00   8.1525e-02   2.5139e+01   1.8916e+00   0.0000e+00   1.9462e-03   2.5510e+02
20200930_15:00:00   7.7725e-02   2.4264e+01   1.7830e+00   0.0000e+00   0.0000e+00   2.5482e+02
20200930_18:00:00   7.9412e-02   2.4584e+01   1.8479e+00   0.0000e+00   7.1780e-06   2.5516e+02
20200930_21:00:00   7.9814e-02   2.4578e+01   1.8836e+00   0.0000e+00   3.0240e-04   2.5777e+02
20201001_00:00:00   7.3667e-02   2.3069e+01   1.7163e+00   6.8500e-05   0.0000e+00   2.5726e+02
20201001_03:00:00   7.2272e-02   2.2683e+01   1.6926e+00   0.0000e+00   2.6080e-05   2.5633e+02
20201001_06:00:00   7.2502e-02   2.2767e+01   1.6866e+00   0.0000e+00   2.9480e-05   2.5547e+02
20201001_09:00:00   7.1413e-02   2.2537e+01   1.6488e+00   0.0000e+00   0.0000e+00   2.5723e+02
20201001_12:00:00   7.0767e-02   2.2386e+01   1.6305e+00   0.0000e+00   6.2958e-04   2.5494e+02
20201001_15:00:00   7.0523e-02   2.2332e+01   1.6214e+00   0.0000e+00   5.7304e-03   2.5557e+02
20201001_18:00:00   6.8657e-02   2.1887e+01   1.5711e+00   0.0000e+00   2.0497e-03   2.5748e+02
20201001_21:00:00   6.5865e-02   2.1262e+01   1.4805e+00   0.0000e+00   2.6560e-07   2.6085e+02
20201002_00:00:00   7.0239e-02   2.2372e+01   1.5870e+00   0.0000e+00   4.4040e-06   2.6041e+02
20201002_03:00:00   7.2307e-02   2.2833e+01   1.6461e+00   7.1640e-05   1.4675e-03   2.6130e+02
20201002_06:00:00   7.0979e-02   2.2454e+01   1.6222e+00   0.0000e+00   1.7984e-03   2.6155e+02
20201002_09:00:00   7.0854e-02   2.2404e+01   1.6165e+00   0.0000e+00   3.5996e-03   2.6156e+02
20201002_12:00:00   6.8750e-02   2.1956e+01   1.5390e+00   0.0000e+00   0.0000e+00   2.6142e+02
20201002_15:00:00   6.8945e-02   2.1982e+01   1.5416e+00   0.0000e+00   1.2441e-04   2.5846e+02
20201002_18:00:00   7.2739e-02   2.2864e+01   1.6493e+00   0.0000e+00   0.0000e+00   2.5828e+02
20201002_21:00:00   8.5503e-02   2.5986e+01   1.9666e+00   0.0000e+00   2.6145e-03   2.6001e+02
20201003_00:00:00   1.3576e-01   3.8125e+01   3.1112e+00   0.0000e+00   1.3061e-02   2.5878e+02
20201003_03:00:00   1.4958e-01   4.1410e+01   3.4030e+00   0.0000e+00   3.4840e-04   2.5991e+02
20201003_06:00:00   1.5687e-01   4.3136e+01   3.5355e+00   0.0000e+00   0.0000e+00   2.5813e+02
20201003_09:00:00   1.9074e-01   5.0850e+01   4.1998e+00   0.0000e+00   0.0000e+00   2.5825e+02
20201003_12:00:00   2.2904e-01   5.9232e+01   4.9150e+00   0.0000e+00   0.0000e+00   2.5589e+02
20201003_15:00:00   2.0821e-01   5.4898e+01   4.4248e+00   0.0000e+00   0.0000e+00   2.5501e+02
20201003_18:00:00   2.0239e-01   5.3694e+01   4.3094e+00   0.0000e+00   0.0000e+00   2.5598e+02
20201003_21:00:00   2.0537e-01   5.4321e+01   4.3849e+00   0.0000e+00   0.0000e+00   2.5914e+02
20201004_00:00:00   2.2826e-01   5.9260e+01   4.3128e+00   1.1357e-02   0.0000e+00   2.5904e+02
20201004_03:00:00   1.6797e-01   4.5876e+01   3.6994e+00   0.0000e+00   0.0000e+00   2.5944e+02
20201004_06:00:00   1.5762e-01   4.3441e+01   3.5239e+00   0.0000e+00   0.0000e+00   2.5967e+02
20201004_09:00:00   1.4984e-01   4.1589e+01   3.3859e+00   0.0000e+00   0.0000e+00   2.5781e+02
20201004_12:00:00   1.2440e-01   3.5513e+01   2.8506e+00   0.0000e+00   0.0000e+00   2.5698e+02
20201004_15:00:00   1.0363e-01   3.0605e+01   2.3514e+00   0.0000e+00   0.0000e+00   2.5411e+02
20201004_18:00:00   8.8205e-02   2.6922e+01   1.9622e+00   0.0000e+00   0.0000e+00   2.5767e+02
20201004_21:00:00   9.6128e-02   2.8831e+01   2.1626e+00   0.0000e+00   1.2318e-05   2.6029e+02
20201005_00:00:00   1.0612e-01   3.1236e+01   2.3936e+00   2.0130e-04   0.0000e+00   2.5946e+02
20201005_03:00:00   2.1485e-01   5.6494e+01   2.3596e+00   4.4940e-02   0.0000e+00   2.5879e+02
20201005_06:00:00   1.0303e-01   3.0343e+01   2.3679e+00   0.0000e+00   0.0000e+00   2.5802e+02
20201005_09:00:00   1.1942e-01   3.4222e+01   2.7566e+00   0.0000e+00   0.0000e+00   2.5678e+02
20201005_12:00:00   1.2996e-01   3.6638e+01   3.0191e+00   0.0000e+00   6.3460e-04   2.5534e+02
20201005_15:00:00   1.3821e-01   3.8444e+01   3.2439e+00   0.0000e+00   0.0000e+00   2.5548e+02
20201005_18:00:00   1.4756e-01   4.0571e+01   3.4812e+00   0.0000e+00   0.0000e+00   2.5659e+02
20201005_21:00:00   1.5764e-01   4.2891e+01   3.7156e+00   0.0000e+00   0.0000e+00   2.5759e+02
20201006_00:00:00   1.9276e-01   5.0922e+01   3.8782e+00   1.1130e-02   0.0000e+00   2.5658e+02
