#            date       tau255        Tb[K]      pwv[mm] lwp[kg*m^-2] iwp[kg*m^-2]       o3[DU]
20200315_12:00:00   2.8240e-01   6.7961e+01   6.3572e+00   0.0000e+00   3.3517e-01   2.6921e+02
20200315_13:00:00   2.8803e-01   6.9076e+01   6.4823e+00   0.0000e+00   3.3131e-01   2.6970e+02
20200315_14:00:00   3.0303e-01   7.2028e+01   6.7595e+00   0.0000e+00   3.0744e-01   2.6859e+02
20200315_15:00:00   2.9887e-01   7.1426e+01   6.6837e+00   0.0000e+00   1.5746e-01   2.6916e+02
20200315_16:00:00   3.0635e-01   7.2879e+01   6.7414e+00   0.0000e+00   3.0464e-01   2.6882e+02
20200315_17:00:00   2.8942e-01   6.9721e+01   6.4299e+00   0.0000e+00   1.7870e-01   2.6819e+02
20200315_18:00:00   2.7943e-01   6.7767e+01   6.1989e+00   0.0000e+00   2.4675e-01   2.6832e+02
20200315_19:00:00   2.7182e-01   6.6304e+01   6.0721e+00   0.0000e+00   1.8465e-01   2.6945e+02
20200315_20:00:00   2.4627e-01   6.1294e+01   5.5196e+00   0.0000e+00   1.1735e-01   2.7003e+02
20200315_21:00:00   2.3739e-01   5.9494e+01   5.3587e+00   0.0000e+00   9.6058e-02   2.7011e+02
20200315_22:00:00   2.3146e-01   5.8424e+01   5.1415e+00   1.7020e-03   3.6714e-02   2.7031e+02
20200315_23:00:00   2.5981e-01   6.4290e+01   5.5676e+00   5.0370e-03   1.6070e-02   2.7059e+02
20200316_00:00:00   4.4825e-01   9.9924e+01   5.8740e+00   7.5320e-02   4.9274e-02   2.7126e+02
20200316_01:00:00   1.2229e+00   1.9225e+02   6.6718e+00   3.8329e-01   3.7771e-02   2.7183e+02
20200316_02:00:00   1.2164e+00   1.9125e+02   6.7434e+00   3.8308e-01   8.0540e-02   2.7204e+02
20200316_03:00:00   1.0848e+00   1.7996e+02   7.0716e+00   3.2064e-01   1.1682e-01   2.7408e+02
20200316_04:00:00   4.8140e-01   1.0506e+02   6.6145e+00   7.6875e-02   6.4018e-02   2.7642e+02
20200316_05:00:00   3.5102e-01   8.2051e+01   6.5229e+00   2.4243e-02   7.1813e-02   2.7797e+02
20200316_06:00:00   2.9618e-01   7.1562e+01   6.1027e+00   1.0160e-02   3.7765e-02   2.7900e+02
20200316_07:00:00   2.8364e-01   6.8997e+01   6.1370e+00   3.6678e-03   3.8574e-02   2.7832e+02
20200316_08:00:00   2.8768e-01   6.9691e+01   6.3389e+00   1.3825e-03   5.9422e-02   2.7759e+02
20200316_09:00:00   3.0596e-01   7.3316e+01   6.4322e+00   8.0880e-03   4.4802e-02   2.7908e+02
20200316_10:00:00   3.5741e-01   8.3082e+01   6.8012e+00   2.1428e-02   1.4339e-01   2.8120e+02
20200316_11:00:00   3.2618e-01   7.6988e+01   7.2145e+00   1.4050e-04   1.9331e-01   2.8253e+02
20200316_12:00:00   3.5655e-01   8.2725e+01   7.6029e+00   5.0980e-03   1.3838e-01   2.8247e+02
20200316_13:00:00   3.4156e-01   7.9993e+01   7.5064e+00   2.1854e-03   2.0644e-02   2.8350e+02
20200316_14:00:00   3.2245e-01   7.6263e+01   7.2380e+00   0.0000e+00   2.9186e-02   2.8424e+02
20200316_15:00:00   3.0988e-01   7.3698e+01   7.0487e+00   0.0000e+00   5.4579e-02   2.8514e+02
20200316_16:00:00   3.1503e-01   7.4640e+01   7.1648e+00   0.0000e+00   9.4526e-02   2.8772e+02
20200316_17:00:00   3.4970e-01   8.1161e+01   7.8084e+00   0.0000e+00   2.3924e-01   2.8846e+02
20200316_18:00:00   4.1090e-01   9.2183e+01   8.8945e+00   0.0000e+00   3.5782e-01   2.8773e+02
20200316_19:00:00   4.3798e-01   9.7028e+01   9.4783e+00   0.0000e+00   2.1987e-01   2.8609e+02
20200316_20:00:00   4.7088e-01   1.0245e+02   9.9740e+00   0.0000e+00   5.6324e-01   2.8583e+02
20200316_21:00:00   4.6980e-01   1.0256e+02   1.0050e+01   0.0000e+00   1.7642e-01   2.8579e+02
20200316_22:00:00   4.7609e-01   1.0361e+02   1.0169e+01   8.8060e-04   1.3694e-01   2.8697e+02
20200316_23:00:00   6.3175e-01   1.2762e+02   1.0466e+01   5.8768e-02   2.9581e-01   2.8765e+02
20200317_00:00:00   1.0925e+00   1.8039e+02   1.0693e+01   2.4551e-01   6.3721e-01   2.8744e+02
20200317_01:00:00   1.1244e+00   1.8355e+02   1.0449e+01   2.6604e-01   3.0273e-01   2.8806e+02
20200317_02:00:00   1.1926e+00   1.8927e+02   1.0374e+01   2.9562e-01   4.0183e-01   2.8911e+02
20200317_03:00:00   1.1301e+00   1.8392e+02   1.0298e+01   2.7196e-01   3.3788e-01   2.8959e+02
20200317_04:00:00   1.3794e+00   2.0323e+02   1.0372e+01   3.7456e-01   3.5705e-01   2.8928e+02
20200317_05:00:00   1.7797e+00   2.2557e+02   1.0690e+01   5.3798e-01   4.1714e-01   2.8929e+02
20200317_06:00:00   1.7452e+00   2.2449e+02   1.0528e+01   5.2275e-01   2.8022e-01   2.9008e+02
20200317_07:00:00   1.7670e+00   2.2525e+02   1.0527e+01   5.3439e-01   3.2411e-01   2.8983e+02
20200317_08:00:00   1.5670e+00   2.1487e+02   1.0162e+01   4.6064e-01   1.5564e-01   2.8856e+02
20200317_09:00:00   1.2683e+00   1.9514e+02   9.9538e+00   3.3932e-01   2.1914e-01   2.8789e+02
20200317_10:00:00   7.0531e-01   1.3827e+02   9.3836e+00   1.1237e-01   1.8053e-01   2.9020e+02
20200317_11:00:00   1.0037e+00   1.7237e+02   9.5545e+00   2.3642e-01   2.3741e-02   2.9057e+02
20200317_12:00:00   2.0484e+00   2.3653e+02   1.0133e+01   6.6367e-01   1.4398e-01   2.8934e+02
20200317_13:00:00   9.9661e-01   1.7159e+02   9.6487e+00   2.3067e-01   8.9644e-02   2.8812e+02
20200317_14:00:00   1.1865e+00   1.8850e+02   9.4320e+00   3.1667e-01   1.1546e-01   2.8795e+02
20200317_15:00:00   6.1078e-01   1.2512e+02   8.9142e+00   8.3421e-02   1.2040e-01   2.8755e+02
20200317_16:00:00   4.7193e-01   1.0338e+02   8.6348e+00   3.2348e-02   4.8894e-02   2.8666e+02
20200317_17:00:00   3.9903e-01   9.0946e+01   8.3283e+00   7.2480e-03   6.4306e-02   2.8699e+02
20200317_18:00:00   3.6118e-01   8.4038e+01   7.9281e+00   0.0000e+00   1.5813e-01   2.8709e+02
20200317_19:00:00   3.6425e-01   8.4652e+01   7.9731e+00   0.0000e+00   1.2401e-01   2.8840e+02
20200317_20:00:00   3.6899e-01   8.5690e+01   7.9888e+00   1.0685e-03   1.4094e-02   2.8820e+02
20200317_21:00:00   3.5956e-01   8.4122e+01   7.6878e+00   1.5527e-03   3.5791e-03   2.8831e+02
20200317_22:00:00   3.4078e-01   8.0712e+01   7.2948e+00   1.9773e-03   3.3939e-03   2.8780e+02
20200317_23:00:00   3.6528e-01   8.5343e+01   7.4555e+00   8.1880e-03   3.9312e-03   2.8847e+02
20200318_00:00:00   3.9455e-01   9.0696e+01   7.4399e+00   2.0707e-02   3.9278e-03   2.8789e+02
20200318_01:00:00   5.8017e-01   1.2130e+02   7.6430e+00   9.4690e-02   4.8119e-03   2.8814e+02
20200318_02:00:00   6.0846e-01   1.2527e+02   7.9805e+00   9.9506e-02   4.3571e-02   2.8893e+02
20200318_03:00:00   4.9586e-01   1.0782e+02   7.5754e+00   6.0985e-02   5.3579e-02   2.9020e+02
20200318_04:00:00   4.2366e-01   9.5720e+01   7.5671e+00   2.9425e-02   2.5271e-02   2.9112e+02
20200318_05:00:00   3.9197e-01   8.9908e+01   7.6452e+00   1.5393e-02   1.3041e-02   2.9126e+02
20200318_06:00:00   3.4425e-01   8.1067e+01   7.3913e+00   1.6245e-03   1.1421e-02   2.9166e+02
20200318_07:00:00   3.6612e-01   8.4982e+01   7.8200e+00   3.1434e-03   8.4273e-03   2.9186e+02
20200318_08:00:00   3.6526e-01   8.4942e+01   7.7266e+00   3.9670e-03   7.6075e-03   2.9235e+02
20200318_09:00:00   3.7336e-01   8.6348e+01   8.0863e+00   6.8270e-05   1.0711e-02   2.9229e+02
20200318_10:00:00   4.1664e-01   9.3794e+01   9.0460e+00   2.7324e-04   3.2891e-02   2.9172e+02
20200318_11:00:00   4.4067e-01   9.7858e+01   9.4441e+00   8.7610e-04   5.5419e-02   2.9082e+02
20200318_12:00:00   4.4318e-01   9.8375e+01   9.5027e+00   8.0720e-04   1.3805e-02   2.8977e+02
20200318_13:00:00   4.8125e-01   1.0503e+02   8.9990e+00   2.5042e-02   1.6774e-02   2.8854e+02
20200318_14:00:00   4.1748e-01   9.4072e+01   8.8269e+00   2.8657e-03   2.6082e-02   2.8751e+02
20200318_15:00:00   4.7805e-01   1.0413e+02   9.5580e+00   1.4124e-02   4.4204e-02   2.8625e+02
20200318_16:00:00   5.6379e-01   1.1786e+02   9.4887e+00   5.0057e-02   9.1758e-02   2.8659e+02
20200318_17:00:00   5.7502e-01   1.1942e+02   9.4680e+00   5.7241e-02   1.8609e-02   2.8739e+02
20200318_18:00:00   1.8524e+00   2.2901e+02   9.7506e+00   5.8698e-01   1.0434e-01   2.8861e+02
20200318_19:00:00   5.3274e-01   1.1326e+02   9.3117e+00   4.0845e-02   3.2978e-02   2.8948e+02
20200318_20:00:00   5.4858e-01   1.1559e+02   9.4111e+00   4.6011e-02   4.1653e-02   2.8822e+02
20200318_21:00:00   1.0984e+00   1.8120e+02   9.9146e+00   2.6671e-01   8.0522e-02   2.8653e+02
20200318_22:00:00   8.2979e-01   1.5369e+02   1.0020e+01   1.5103e-01   9.6070e-02   2.8533e+02
20200318_23:00:00   5.1341e-01   1.1006e+02   9.3756e+00   3.3061e-02   9.4183e-02   2.8493e+02
20200319_00:00:00   4.2694e-01   9.5670e+01   8.7223e+00   8.7590e-03   1.3963e-01   2.8488e+02
20200319_01:00:00   4.1216e-01   9.3133e+01   8.5977e+00   5.0077e-03   1.4323e-01   2.8558e+02
20200319_02:00:00   3.8523e-01   8.8424e+01   8.3039e+00   8.3930e-04   1.0038e-01   2.8721e+02
20200319_03:00:00   4.0596e-01   9.1977e+01   8.7363e+00   4.3909e-04   1.2092e-01   2.8775e+02
20200319_04:00:00   4.0227e-01   9.1362e+01   8.6093e+00   1.1278e-03   1.4814e-01   2.8845e+02
20200319_05:00:00   3.8133e-01   8.7728e+01   8.2015e+00   9.4929e-04   4.3952e-02   2.8919e+02
20200319_06:00:00   3.8209e-01   8.7876e+01   7.9364e+00   6.5668e-03   2.1117e-02   2.8970e+02
20200319_07:00:00   3.6093e-01   8.3945e+01   7.8421e+00   0.0000e+00   6.0615e-02   2.8952e+02
20200319_08:00:00   3.4972e-01   8.1842e+01   7.6453e+00   0.0000e+00   8.5830e-02   2.9017e+02
20200319_09:00:00   3.5362e-01   8.2482e+01   7.7719e+00   0.0000e+00   1.9325e-02   2.9022e+02
20200319_10:00:00   3.4811e-01   8.1386e+01   7.6767e+00   0.0000e+00   5.5620e-03   2.8887e+02
20200319_11:00:00   3.4861e-01   8.1485e+01   7.6852e+00   0.0000e+00   4.3243e-03   2.8861e+02
20200319_12:00:00   3.4551e-01   8.0928e+01   7.6036e+00   0.0000e+00   2.4098e-03   2.8806e+02
20200319_13:00:00   3.4000e-01   7.9895e+01   7.4654e+00   0.0000e+00   1.9759e-03   2.8760e+02
20200319_14:00:00   3.4094e-01   8.0001e+01   7.4877e+00   0.0000e+00   2.4141e-03   2.8642e+02
20200319_15:00:00   3.4612e-01   8.0946e+01   7.5883e+00   0.0000e+00   2.8741e-03   2.8683e+02
20200319_16:00:00   3.3776e-01   7.9435e+01   7.4114e+00   0.0000e+00   3.4881e-03   2.8706e+02
20200319_17:00:00   3.3973e-01   7.9869e+01   7.4153e+00   0.0000e+00   3.4830e-03   2.8844e+02
20200319_18:00:00   3.3439e-01   7.8978e+01   7.2465e+00   0.0000e+00   8.9374e-06   2.9032e+02
20200319_19:00:00   3.2596e-01   7.7464e+01   7.0597e+00   0.0000e+00   2.7520e-06   2.9115e+02
20200319_20:00:00   3.3773e-01   7.9566e+01   7.3307e+00   0.0000e+00   3.1168e-04   2.9157e+02
20200319_21:00:00   3.2954e-01   7.8085e+01   7.1314e+00   0.0000e+00   3.4062e-04   2.9210e+02
20200319_22:00:00   3.2486e-01   7.7349e+01   6.9646e+00   0.0000e+00   2.7575e-04   2.9167e+02
20200319_23:00:00   3.2814e-01   7.7958e+01   7.0121e+00   0.0000e+00   9.9909e-04   2.9024e+02
20200320_00:00:00   3.1961e-01   7.6467e+01   6.8105e+00   0.0000e+00   8.2938e-05   2.9017e+02
20200320_01:00:00   2.9605e-01   7.2046e+01   6.2793e+00   0.0000e+00   1.0954e-03   2.9045e+02
20200320_02:00:00   2.8373e-01   6.9661e+01   6.0199e+00   0.0000e+00   3.2522e-05   2.9110e+02
20200320_03:00:00   2.8142e-01   6.9195e+01   5.9636e+00   0.0000e+00   0.0000e+00   2.9109e+02
20200320_04:00:00   2.7275e-01   6.7521e+01   5.7567e+00   0.0000e+00   1.7618e-05   2.9093e+02
20200320_05:00:00   2.5229e-01   6.3421e+01   5.3246e+00   0.0000e+00   1.7916e-05   2.9060e+02
20200320_06:00:00   2.3934e-01   6.0765e+01   5.0572e+00   0.0000e+00   1.1010e-05   2.8995e+02
20200320_07:00:00   2.3129e-01   5.9119e+01   4.8871e+00   0.0000e+00   6.6060e-06   2.8915e+02
20200320_08:00:00   2.1841e-01   5.6391e+01   4.6196e+00   0.0000e+00   0.0000e+00   2.8864e+02
20200320_09:00:00   2.1119e-01   5.4825e+01   4.4586e+00   0.0000e+00   0.0000e+00   2.8815e+02
20200320_10:00:00   2.0567e-01   5.3607e+01   4.3391e+00   0.0000e+00   9.6420e-06   2.8860e+02
20200320_11:00:00   2.0091e-01   5.2496e+01   4.2639e+00   0.0000e+00   1.3987e-05   2.8922e+02
20200320_12:00:00   1.8539e-01   4.9114e+01   3.9531e+00   0.0000e+00   0.0000e+00   2.8954e+02
20200320_15:00:00   1.5547e-01   4.2407e+01   3.3323e+00   0.0000e+00   5.8443e-04   2.8985e+02
20200320_18:00:00   1.4427e-01   3.9704e+01   3.1475e+00   0.0000e+00   3.2289e-04   2.8769e+02
20200320_21:00:00   1.5505e-01   4.2093e+01   3.3992e+00   0.0000e+00   2.0758e-04   2.8849e+02
20200321_00:00:00   1.7290e-01   4.6028e+01   3.8280e+00   0.0000e+00   6.3562e-04   2.8559e+02
20200321_03:00:00   1.8576e-01   4.8821e+01   4.1219e+00   0.0000e+00   1.8092e-04   2.8495e+02
20200321_06:00:00   1.7267e-01   4.6059e+01   3.7955e+00   0.0000e+00   1.5162e-06   2.8527e+02
20200321_09:00:00   1.5884e-01   4.2920e+01   3.5052e+00   0.0000e+00   0.0000e+00   2.8539e+02
20200321_12:00:00   1.5792e-01   4.2581e+01   3.5186e+00   0.0000e+00   0.0000e+00   2.8448e+02
20200321_15:00:00   1.5131e-01   4.1161e+01   3.3546e+00   0.0000e+00   0.0000e+00   2.8167e+02
20200321_18:00:00   1.6386e-01   4.3952e+01   3.6430e+00   0.0000e+00   0.0000e+00   2.7944e+02
20200321_21:00:00   1.7565e-01   4.6627e+01   3.8978e+00   0.0000e+00   0.0000e+00   2.7936e+02
20200322_00:00:00   2.0513e-01   5.2927e+01   4.5851e+00   0.0000e+00   2.4002e-04   2.7767e+02
20200322_03:00:00   2.3733e-01   5.9574e+01   5.3050e+00   0.0000e+00   2.0175e-04   2.7773e+02
20200322_06:00:00   2.4707e-01   6.1739e+01   5.4511e+00   0.0000e+00   1.3400e-03   2.7888e+02
20200322_09:00:00   2.3278e-01   5.8857e+01   5.1122e+00   0.0000e+00   3.8809e-03   2.7829e+02
20200322_12:00:00   2.3948e-01   6.0147e+01   5.2662e+00   0.0000e+00   9.4074e-03   2.7876e+02
20200322_15:00:00   2.3711e-01   5.9548e+01   5.2278e+00   0.0000e+00   2.9226e-02   2.8092e+02
20200322_18:00:00   2.2623e-01   5.7314e+01   5.0012e+00   0.0000e+00   4.6930e-03   2.8179e+02
20200322_21:00:00   2.0458e-01   5.2823e+01   4.5321e+00   0.0000e+00   1.6560e-03   2.8224e+02
20200323_00:00:00   1.9645e-01   5.1160e+01   4.3108e+00   7.0530e-05   4.6487e-05   2.8234e+02
20200323_03:00:00   1.9337e-01   5.0561e+01   4.2273e+00   0.0000e+00   0.0000e+00   2.8234e+02
20200323_06:00:00   1.8544e-01   4.8841e+01   4.0216e+00   0.0000e+00   0.0000e+00   2.8154e+02
20200323_09:00:00   1.8317e-01   4.8290e+01   3.9724e+00   0.0000e+00   2.4806e-04   2.8161e+02
20200323_12:00:00   1.9104e-01   4.9964e+01   4.1324e+00   0.0000e+00   4.2495e-04   2.8363e+02
20200323_15:00:00   1.8758e-01   4.9286e+01   4.0079e+00   0.0000e+00   0.0000e+00   2.8601e+02
20200323_18:00:00   1.8040e-01   4.7701e+01   3.8571e+00   0.0000e+00   0.0000e+00   2.8778e+02
20200323_21:00:00   1.7801e-01   4.7121e+01   3.8143e+00   0.0000e+00   0.0000e+00   2.8660e+02
20200324_00:00:00   1.6568e-01   4.4512e+01   3.5324e+00   0.0000e+00   0.0000e+00   2.8294e+02
20200324_03:00:00   1.5506e-01   4.2304e+01   3.2611e+00   2.6670e-04   0.0000e+00   2.7965e+02
20200324_06:00:00   1.4802e-01   4.0750e+01   3.1154e+00   7.0210e-05   0.0000e+00   2.7867e+02
20200324_09:00:00   1.3416e-01   3.7689e+01   2.7840e+00   0.0000e+00   0.0000e+00   2.7582e+02
20200324_12:00:00   1.2057e-01   3.4541e+01   2.4981e+00   0.0000e+00   5.0540e-07   2.7258e+02
20200324_15:00:00   1.1197e-01   3.2497e+01   2.3226e+00   0.0000e+00   0.0000e+00   2.7123e+02
20200324_18:00:00   1.0904e-01   3.1679e+01   2.3171e+00   0.0000e+00   1.5070e-05   2.6960e+02
20200324_21:00:00   1.2793e-01   3.5922e+01   2.8003e+00   0.0000e+00   2.1469e-03   2.6932e+02
20200325_00:00:00   1.5433e-01   4.1707e+01   3.4382e+00   2.6290e-04   2.3696e-02   2.7053e+02
20200325_03:00:00   1.3127e-01   3.6590e+01   2.9087e+00   2.5800e-04   4.3617e-03   2.6930e+02
20200325_06:00:00   1.1591e-01   3.3014e+01   2.5632e+00   0.0000e+00   1.0640e-02   2.6952e+02
20200325_09:00:00   1.0418e-01   3.0441e+01   2.2357e+00   0.0000e+00   0.0000e+00   2.6836e+02
20200325_12:00:00   1.0232e-01   2.9996e+01   2.1846e+00   0.0000e+00   0.0000e+00   2.6560e+02
20200325_15:00:00   9.1765e-02   2.7495e+01   1.9426e+00   0.0000e+00   0.0000e+00   2.6455e+02
20200325_18:00:00   8.2556e-02   2.5322e+01   1.7151e+00   0.0000e+00   0.0000e+00   2.6415e+02
20200325_21:00:00   9.0418e-02   2.7094e+01   1.9393e+00   0.0000e+00   0.0000e+00   2.6203e+02
20200326_00:00:00   1.1437e-01   3.2565e+01   2.5680e+00   0.0000e+00   1.0240e-03   2.6157e+02
20200326_03:00:00   1.1374e-01   3.2504e+01   2.5451e+00   0.0000e+00   3.9920e-05   2.6206e+02
20200326_06:00:00   1.3852e-01   3.8227e+01   3.1148e+00   0.0000e+00   1.4975e-03   2.6093e+02
20200326_09:00:00   1.5796e-01   4.2777e+01   3.4929e+00   0.0000e+00   2.6041e-03   2.5877e+02
20200326_12:00:00   1.7034e-01   4.5604e+01   3.7206e+00   0.0000e+00   4.6851e-03   2.5560e+02
20200326_15:00:00   1.7857e-01   4.7326e+01   3.9327e+00   0.0000e+00   2.0092e-03   2.5695e+02
20200326_18:00:00   1.6157e-01   4.3671e+01   3.5484e+00   0.0000e+00   5.9277e-04   2.5857e+02
20200326_21:00:00   1.7092e-01   4.5786e+01   3.7467e+00   0.0000e+00   7.0349e-03   2.5721e+02
20200327_00:00:00   1.7025e-01   4.5568e+01   3.7930e+00   0.0000e+00   1.1445e-02   2.5747e+02
20200327_03:00:00   1.9004e-01   4.9796e+01   4.2987e+00   0.0000e+00   1.1229e-02   2.5625e+02
20200327_06:00:00   1.9100e-01   4.9931e+01   4.2302e+00   0.0000e+00   2.2641e-01   2.5612e+02
20200327_09:00:00   1.9011e-01   4.9783e+01   4.3072e+00   0.0000e+00   3.6229e-02   2.5600e+02
20200327_12:00:00   1.9942e-01   5.1593e+01   4.5109e+00   0.0000e+00   1.5351e-01   2.5429e+02
20200327_15:00:00   2.1900e-01   5.5655e+01   4.9983e+00   0.0000e+00   1.4359e-01   2.5519e+02
20200327_18:00:00   2.3394e-01   5.8897e+01   5.2669e+00   0.0000e+00   1.0144e-01   2.5701e+02
20200327_21:00:00   2.4762e-01   6.1666e+01   5.6019e+00   0.0000e+00   9.7468e-02   2.5638e+02
20200328_00:00:00   2.3028e-01   5.8310e+01   5.1949e+00   0.0000e+00   2.0503e-02   2.5435e+02
20200328_03:00:00   2.3661e-01   5.9534e+01   5.3047e+00   0.0000e+00   1.0949e-01   2.5541e+02
20200328_06:00:00   2.1719e-01   5.5442e+01   4.8720e+00   0.0000e+00   1.1194e-01   2.5611e+02
20200328_09:00:00   2.0357e-01   5.2482e+01   4.5609e+00   0.0000e+00   1.7215e-01   2.5737e+02
20200328_12:00:00   1.7958e-01   4.7401e+01   4.0719e+00   0.0000e+00   4.2551e-02   2.5676e+02
20200328_15:00:00   1.4991e-01   4.1007e+01   3.3681e+00   0.0000e+00   5.7922e-04   2.5571e+02
20200328_18:00:00   1.3157e-01   3.6890e+01   2.9389e+00   0.0000e+00   2.0164e-04   2.5833e+02
20200328_21:00:00   1.2629e-01   3.5682e+01   2.8117e+00   0.0000e+00   1.8569e-03   2.5935e+02
20200329_00:00:00   1.3230e-01   3.7105e+01   2.9344e+00   0.0000e+00   7.4400e-06   2.5634e+02
20200329_03:00:00   1.3129e-01   3.6866e+01   2.9134e+00   0.0000e+00   0.0000e+00   2.5647e+02
20200329_06:00:00   1.2666e-01   3.5773e+01   2.8376e+00   0.0000e+00   1.2850e-04   2.5689e+02
20200329_09:00:00   1.3649e-01   3.8010e+01   3.0520e+00   0.0000e+00   0.0000e+00   2.5840e+02
20200329_12:00:00   1.3063e-01   3.6502e+01   2.9338e+00   0.0000e+00   8.1614e-06   2.5671e+02
20200329_15:00:00   1.3129e-01   3.6507e+01   2.9708e+00   0.0000e+00   1.8033e-03   2.5682e+02
20200329_18:00:00   1.2166e-01   3.4373e+01   2.7152e+00   0.0000e+00   0.0000e+00   2.6128e+02
20200329_21:00:00   1.1654e-01   3.3258e+01   2.5707e+00   0.0000e+00   0.0000e+00   2.6439e+02
20200330_00:00:00   1.1213e-01   3.2270e+01   2.4494e+00   0.0000e+00   0.0000e+00   2.6475e+02
20200330_03:00:00   1.0912e-01   3.1630e+01   2.3657e+00   0.0000e+00   0.0000e+00   2.6580e+02
20200330_06:00:00   9.6771e-02   2.8813e+01   2.0545e+00   0.0000e+00   0.0000e+00   2.6719e+02
20200330_09:00:00   8.6863e-02   2.6494e+01   1.8088e+00   0.0000e+00   0.0000e+00   2.6447e+02
20200330_12:00:00   8.1257e-02   2.5142e+01   1.6724e+00   0.0000e+00   0.0000e+00   2.6282e+02
20200330_15:00:00   7.7340e-02   2.4142e+01   1.5924e+00   0.0000e+00   0.0000e+00   2.6582e+02
20200330_18:00:00   7.2960e-02   2.3021e+01   1.5030e+00   0.0000e+00   0.0000e+00   2.6719e+02
20200330_21:00:00   7.3404e-02   2.3111e+01   1.5178e+00   0.0000e+00   0.0000e+00   2.6729e+02
20200331_00:00:00   8.0277e-02   2.4819e+01   1.6729e+00   0.0000e+00   0.0000e+00   2.6398e+02
20200331_03:00:00   8.1507e-02   2.5155e+01   1.6944e+00   2.8520e-04   2.2420e-05   2.6400e+02
20200331_06:00:00   7.6652e-02   2.3847e+01   1.6320e+00   1.3130e-05   5.2380e-06   2.6495e+02
20200331_09:00:00   8.4624e-02   2.5776e+01   1.7889e+00   8.1010e-04   0.0000e+00   2.6458e+02
20200331_12:00:00   8.9839e-02   2.6980e+01   1.9710e+00   0.0000e+00   0.0000e+00   2.6269e+02
