#            date       tau255        Tb[K]      pwv[mm] lwp[kg*m^-2] iwp[kg*m^-2]       o3[DU]
20221024_18:00:00   8.4057e-02   2.6241e+01   1.7552e+00   0.0000e+00   0.0000e+00   2.6612e+02
20221024_19:00:00   8.1473e-02   2.5561e+01   1.7067e+00   0.0000e+00   0.0000e+00   2.6767e+02
20221024_20:00:00   7.6002e-02   2.4159e+01   1.5880e+00   0.0000e+00   0.0000e+00   2.6722e+02
20221024_21:00:00   7.6490e-02   2.4275e+01   1.6030e+00   0.0000e+00   0.0000e+00   2.6652e+02
20221024_22:00:00   8.1062e-02   2.5440e+01   1.7095e+00   0.0000e+00   0.0000e+00   2.6700e+02
20221024_23:00:00   8.2893e-02   2.5926e+01   1.7468e+00   0.0000e+00   0.0000e+00   2.6848e+02
20221025_00:00:00   8.4221e-02   2.6264e+01   1.7751e+00   1.3890e-05   0.0000e+00   2.6900e+02
20221025_01:00:00   8.8416e-02   2.7305e+01   1.8743e+00   0.0000e+00   0.0000e+00   2.6602e+02
20221025_02:00:00   9.1299e-02   2.8034e+01   1.9399e+00   0.0000e+00   0.0000e+00   2.6375e+02
20221025_03:00:00   9.1174e-02   2.8026e+01   1.9343e+00   0.0000e+00   0.0000e+00   2.6341e+02
20221025_04:00:00   9.3044e-02   2.8510e+01   1.9755e+00   0.0000e+00   0.0000e+00   2.6307e+02
20221025_05:00:00   9.3033e-02   2.8525e+01   1.9706e+00   0.0000e+00   0.0000e+00   2.6213e+02
20221025_06:00:00   9.0802e-02   2.7990e+01   1.9160e+00   0.0000e+00   0.0000e+00   2.6237e+02
20221025_07:00:00   8.8899e-02   2.7520e+01   1.8716e+00   0.0000e+00   0.0000e+00   2.6283e+02
20221025_08:00:00   8.8060e-02   2.7331e+01   1.8460e+00   0.0000e+00   0.0000e+00   2.6352e+02
20221025_09:00:00   8.8410e-02   2.7430e+01   1.8491e+00   0.0000e+00   0.0000e+00   2.6406e+02
20221025_10:00:00   8.8093e-02   2.7352e+01   1.8367e+00   0.0000e+00   0.0000e+00   2.6371e+02
20221025_11:00:00   8.7017e-02   2.7060e+01   1.8098e+00   0.0000e+00   0.0000e+00   2.6364e+02
20221025_12:00:00   8.8131e-02   2.7330e+01   1.8340e+00   0.0000e+00   0.0000e+00   2.6197e+02
20221025_13:00:00   9.4271e-02   2.8837e+01   1.9825e+00   0.0000e+00   0.0000e+00   2.6045e+02
20221025_14:00:00   9.9928e-02   3.0216e+01   2.1196e+00   0.0000e+00   0.0000e+00   2.6107e+02
20221025_15:00:00   1.0443e-01   3.1302e+01   2.2273e+00   0.0000e+00   0.0000e+00   2.6198e+02
20221025_16:00:00   1.0300e-01   3.0952e+01   2.1986e+00   0.0000e+00   0.0000e+00   2.6359e+02
20221025_17:00:00   8.9719e-02   2.7662e+01   1.8946e+00   0.0000e+00   0.0000e+00   2.6515e+02
20221025_18:00:00   7.5908e-02   2.4214e+01   1.5664e+00   0.0000e+00   0.0000e+00   2.6569e+02
20221025_19:00:00   6.9548e-02   2.2624e+01   1.4060e+00   0.0000e+00   0.0000e+00   2.6430e+02
20221025_20:00:00   6.1659e-02   2.0637e+01   1.2091e+00   0.0000e+00   0.0000e+00   2.6442e+02
20221025_21:00:00   5.4623e-02   1.8819e+01   1.0395e+00   0.0000e+00   0.0000e+00   2.6512e+02
20221025_22:00:00   5.1608e-02   1.8028e+01   9.6697e-01   0.0000e+00   0.0000e+00   2.6501e+02
20221025_23:00:00   4.9654e-02   1.7506e+01   9.2337e-01   0.0000e+00   0.0000e+00   2.6428e+02
20221026_00:00:00   4.9482e-02   1.7454e+01   9.2297e-01   0.0000e+00   0.0000e+00   2.6260e+02
20221026_01:00:00   4.8880e-02   1.7287e+01   9.1180e-01   0.0000e+00   0.0000e+00   2.6039e+02
20221026_02:00:00   4.7553e-02   1.6930e+01   8.8286e-01   0.0000e+00   0.0000e+00   2.6022e+02
20221026_03:00:00   4.6115e-02   1.6533e+01   8.5280e-01   0.0000e+00   0.0000e+00   2.6012e+02
20221026_04:00:00   4.2828e-02   1.5637e+01   7.7858e-01   0.0000e+00   0.0000e+00   2.6041e+02
20221026_05:00:00   4.5236e-02   1.6283e+01   8.3540e-01   0.0000e+00   0.0000e+00   2.6173e+02
20221026_06:00:00   5.0889e-02   1.7794e+01   9.6670e-01   0.0000e+00   0.0000e+00   2.6363e+02
20221026_07:00:00   5.1280e-02   1.7899e+01   9.7629e-01   0.0000e+00   0.0000e+00   2.6469e+02
20221026_08:00:00   4.8505e-02   1.7136e+01   9.1683e-01   0.0000e+00   0.0000e+00   2.6584e+02
20221026_09:00:00   4.8690e-02   1.7185e+01   9.2214e-01   0.0000e+00   0.0000e+00   2.6641e+02
20221026_10:00:00   4.6947e-02   1.6707e+01   8.8446e-01   0.0000e+00   0.0000e+00   2.6679e+02
20221026_11:00:00   4.6301e-02   1.6543e+01   8.6689e-01   0.0000e+00   0.0000e+00   2.6567e+02
20221026_12:00:00   4.9225e-02   1.7309e+01   9.3723e-01   0.0000e+00   0.0000e+00   2.6537e+02
20221026_13:00:00   5.1678e-02   1.7924e+01   1.0005e+00   0.0000e+00   0.0000e+00   2.6583e+02
20221026_14:00:00   5.3275e-02   1.8342e+01   1.0402e+00   0.0000e+00   0.0000e+00   2.6501e+02
20221026_15:00:00   5.4693e-02   1.8691e+01   1.0797e+00   2.2830e-06   0.0000e+00   2.6507e+02
20221026_16:00:00   6.1477e-02   2.0445e+01   1.2407e+00   2.8020e-05   0.0000e+00   2.6561e+02
20221026_17:00:00   7.6740e-02   2.4343e+01   1.5793e+00   2.7010e-04   0.0000e+00   2.6516e+02
20221026_18:00:00   9.3269e-02   2.8458e+01   1.9544e+00   3.0930e-04   0.0000e+00   2.6431e+02
20221026_19:00:00   1.0315e-01   3.0868e+01   2.1942e+00   9.2560e-05   0.0000e+00   2.6331e+02
20221026_20:00:00   1.0269e-01   3.0738e+01   2.1937e+00   7.5830e-05   0.0000e+00   2.6272e+02
20221026_21:00:00   1.0529e-01   3.1361e+01   2.2617e+00   0.0000e+00   0.0000e+00   2.6261e+02
20221026_22:00:00   1.2034e-01   3.5016e+01   2.4092e+00   3.3920e-03   5.5060e-06   2.6250e+02
20221026_23:00:00   1.8891e-01   5.1064e+01   2.7834e+00   2.3550e-02   0.0000e+00   2.6216e+02
20221027_00:00:00   1.7559e-01   4.8005e+01   2.9193e+00   1.5471e-02   3.1540e-05   2.6074e+02
20221027_01:00:00   1.6027e-01   4.4419e+01   3.1182e+00   5.5026e-03   7.0140e-06   2.6028e+02
20221027_02:00:00   1.5760e-01   4.3740e+01   3.2205e+00   2.9440e-03   0.0000e+00   2.6017e+02
20221027_03:00:00   1.9879e-01   5.3150e+01   3.1110e+00   2.1770e-02   0.0000e+00   2.5968e+02
20221027_04:00:00   1.4635e-01   4.1065e+01   2.9268e+00   4.7530e-03   0.0000e+00   2.6051e+02
20221027_05:00:00   1.1868e-01   3.4429e+01   2.6098e+00   0.0000e+00   0.0000e+00   2.6189e+02
20221027_06:00:00   1.1660e-01   3.3810e+01   2.5986e+00   0.0000e+00   2.7520e-05   2.6256e+02
20221027_07:00:00   1.1319e-01   3.2890e+01   2.5503e+00   0.0000e+00   4.1180e-04   2.6214e+02
20221027_08:00:00   1.0818e-01   3.1649e+01   2.4409e+00   9.5560e-06   2.1995e-03   2.6216e+02
20221027_09:00:00   1.0825e-01   3.1574e+01   2.4585e+00   1.9470e-04   3.0916e-03   2.6150e+02
20221027_10:00:00   1.0202e-01   3.0056e+01   2.3242e+00   0.0000e+00   1.6081e-03   2.6165e+02
20221027_11:00:00   9.8430e-02   2.9225e+01   2.2285e+00   0.0000e+00   9.8867e-04   2.6190e+02
20221027_12:00:00   8.9106e-02   2.6968e+01   2.0040e+00   0.0000e+00   4.5260e-04   2.6151e+02
20221027_13:00:00   7.9601e-02   2.4600e+01   1.7788e+00   0.0000e+00   2.2975e-04   2.6039e+02
20221027_14:00:00   7.7199e-02   2.3975e+01   1.7233e+00   0.0000e+00   7.2440e-05   2.5950e+02
20221027_15:00:00   7.7243e-02   2.3966e+01   1.7258e+00   0.0000e+00   9.9486e-04   2.5926e+02
20221027_16:00:00   7.7740e-02   2.4029e+01   1.7467e+00   0.0000e+00   2.3800e-03   2.6071e+02
20221027_17:00:00   7.5678e-02   2.3590e+01   1.6722e+00   0.0000e+00   1.0624e-06   2.6240e+02
20221027_18:00:00   7.6848e-02   2.3830e+01   1.7110e+00   0.0000e+00   1.1774e-04   2.6352e+02
20221027_19:00:00   7.9736e-02   2.4465e+01   1.7973e+00   0.0000e+00   4.1678e-04   2.6382e+02
20221027_20:00:00   8.2832e-02   2.5144e+01   1.8889e+00   0.0000e+00   1.2154e-04   2.6601e+02
20221027_21:00:00   9.0040e-02   2.6846e+01   2.0727e+00   0.0000e+00   7.5261e-04   2.6836e+02
20221027_22:00:00   1.0640e-01   3.0657e+01   2.4956e+00   0.0000e+00   4.1356e-03   2.6931e+02
20221027_23:00:00   1.3399e-01   3.6941e+01   3.1551e+00   6.5540e-04   1.5379e-02   2.6651e+02
20221028_00:00:00   1.5380e-01   4.1271e+01   3.6503e+00   1.4860e-05   9.2053e-02   2.6442e+02
20221028_01:00:00   1.6414e-01   4.3602e+01   3.8914e+00   1.1500e-04   3.3458e-02   2.6575e+02
20221028_02:00:00   1.7215e-01   4.5353e+01   4.0695e+00   3.6010e-05   4.0617e-02   2.6502e+02
20221028_03:00:00   1.7351e-01   4.5710e+01   4.0412e+00   0.0000e+00   6.6837e-02   2.6338e+02
20221028_04:00:00   1.9409e-01   5.0130e+01   4.4669e+00   0.0000e+00   8.6443e-02   2.6457e+02
20221028_05:00:00   2.0449e-01   5.2509e+01   4.6432e+00   0.0000e+00   6.5165e-02   2.6492e+02
20221028_06:00:00   1.9428e-01   5.0538e+01   4.3620e+00   0.0000e+00   7.7761e-04   2.6764e+02
20221028_07:00:00   1.8588e-01   4.8772e+01   4.1587e+00   0.0000e+00   3.7538e-04   2.6884e+02
20221028_08:00:00   1.8660e-01   4.9058e+01   4.1128e+00   0.0000e+00   8.6090e-05   2.6901e+02
20221028_09:00:00   2.0682e-01   5.3524e+01   4.4892e+00   0.0000e+00   7.9917e-05   2.6871e+02
20221028_10:00:00   2.4793e-01   6.2204e+01   5.2837e+00   7.7330e-05   1.4433e-05   2.6949e+02
20221028_11:00:00   2.8042e-01   6.8829e+01   5.8523e+00   3.3741e-04   1.5471e-04   2.6873e+02
20221028_12:00:00   2.7736e-01   6.8293e+01   5.7195e+00   7.5150e-04   3.6929e-05   2.6948e+02
20221028_13:00:00   2.7199e-01   6.7229e+01   5.5951e+00   7.7030e-04   6.3390e-05   2.7048e+02
20221028_14:00:00   2.4833e-01   6.2470e+01   5.1650e+00   0.0000e+00   8.1670e-08   2.7113e+02
20221028_15:00:00   2.3787e-01   6.0288e+01   4.9680e+00   1.3380e-06   0.0000e+00   2.7185e+02
20221028_16:00:00   2.3229e-01   5.9114e+01   4.8878e+00   4.9470e-06   0.0000e+00   2.7209e+02
20221028_17:00:00   2.2069e-01   5.6695e+01   4.6722e+00   0.0000e+00   0.0000e+00   2.7238e+02
20221028_18:00:00   2.1934e-01   5.6444e+01   4.6448e+00   0.0000e+00   0.0000e+00   2.7290e+02
20221028_19:00:00   2.2968e-01   5.8639e+01   4.8606e+00   0.0000e+00   1.0760e-06   2.7396e+02
20221028_20:00:00   2.3410e-01   5.9560e+01   4.9790e+00   3.5220e-05   0.0000e+00   2.7426e+02
20221028_21:00:00   2.3666e-01   6.0179e+01   4.9341e+00   8.7090e-04   2.1500e-06   2.7460e+02
20221028_22:00:00   2.7438e-01   6.7910e+01   5.3170e+00   8.0032e-03   3.9657e-05   2.7413e+02
20221028_23:00:00   4.3048e-01   9.7112e+01   6.1161e+00   5.7090e-02   2.8143e-04   2.7547e+02
20221029_00:00:00   4.8080e-01   1.0565e+02   6.4501e+00   7.0375e-02   3.8376e-04   2.7571e+02
20221029_01:00:00   8.6762e-01   1.5882e+02   6.7583e+00   2.2498e-01   2.1440e-03   2.7550e+02
20221029_02:00:00   8.0099e-01   1.5074e+02   6.7466e+00   2.0072e-01   3.9406e-03   2.7501e+02
20221029_03:00:00   7.8041e-01   1.4866e+02   6.5807e+00   1.9341e-01   2.9454e-03   2.7372e+02
20221029_04:00:00   1.0479e+00   1.7701e+02   6.4738e+00   3.1070e-01   1.2207e-02   2.7453e+02
20221029_05:00:00   4.5289e-01   1.0101e+02   6.1044e+00   6.6120e-02   7.1884e-04   2.7551e+02
20221029_06:00:00   3.4199e-01   8.1109e+01   5.8786e+00   2.3992e-02   2.0824e-04   2.7537e+02
20221029_07:00:00   2.9053e-01   7.1195e+01   5.7408e+00   5.3712e-03   2.0960e-05   2.7574e+02
20221029_08:00:00   2.7548e-01   6.8134e+01   5.7132e+00   0.0000e+00   0.0000e+00   2.7608e+02
20221029_09:00:00   2.7034e-01   6.7112e+01   5.6140e+00   0.0000e+00   1.5936e-06   2.7427e+02
20221029_10:00:00   2.6195e-01   6.5436e+01   5.4457e+00   0.0000e+00   0.0000e+00   2.7427e+02
20221029_11:00:00   2.5271e-01   6.3538e+01   5.2814e+00   0.0000e+00   0.0000e+00   2.7415e+02
20221029_12:00:00   2.4636e-01   6.2217e+01   5.1682e+00   0.0000e+00   0.0000e+00   2.7573e+02
20221029_13:00:00   2.4023e-01   6.0954e+01   5.0397e+00   0.0000e+00   0.0000e+00   2.7742e+02
20221029_14:00:00   2.3560e-01   6.0013e+01   4.9321e+00   3.8920e-05   0.0000e+00   2.7682e+02
20221029_15:00:00   2.3351e-01   5.9564e+01   4.9127e+00   0.0000e+00   0.0000e+00   2.7566e+02
20221029_16:00:00   2.3649e-01   6.0184e+01   4.9779e+00   0.0000e+00   0.0000e+00   2.7601e+02
20221029_17:00:00   2.3649e-01   6.0208e+01   4.9622e+00   7.3620e-06   0.0000e+00   2.7651e+02
20221029_18:00:00   2.3407e-01   5.9752e+01   4.8927e+00   0.0000e+00   0.0000e+00   2.7684e+02
20221029_21:00:00   2.3835e-01   6.0676e+01   4.9868e+00   3.9030e-04   0.0000e+00   2.7740e+02
20221030_00:00:00   3.5809e-01   8.4326e+01   5.7410e+00   3.6314e-02   5.3940e-07   2.7015e+02
20221030_03:00:00   4.6767e-01   1.0382e+02   5.9857e+00   7.5626e-02   1.0057e-04   2.6991e+02
20221030_06:00:00   1.0767e+00   1.7977e+02   6.3511e+00   3.2422e-01   2.6523e-02   2.7068e+02
20221030_09:00:00   3.3901e-01   8.0667e+01   6.0773e+00   2.0606e-02   1.2393e-03   2.7166e+02
20221030_12:00:00   2.5464e-01   6.3997e+01   5.3722e+00   7.2250e-04   3.3600e-05   2.7060e+02
20221030_15:00:00   2.3578e-01   6.0106e+01   5.0137e+00   0.0000e+00   0.0000e+00   2.7051e+02
20221030_18:00:00   2.2365e-01   5.7608e+01   4.7420e+00   0.0000e+00   0.0000e+00   2.7169e+02
20221030_21:00:00   2.2254e-01   5.7363e+01   4.7162e+00   0.0000e+00   0.0000e+00   2.7268e+02
20221031_00:00:00   3.5734e-01   8.4325e+01   5.2884e+00   4.5964e-02   0.0000e+00   2.7170e+02
20221031_03:00:00   5.1378e-01   1.1098e+02   7.0767e+00   7.5680e-02   2.4980e-04   2.7262e+02
20221031_06:00:00   6.5956e-01   1.3243e+02   7.9913e+00   1.1781e-01   3.0785e-02   2.7100e+02
20221031_09:00:00   3.9834e-01   9.1365e+01   7.1972e+00   2.1822e-02   5.6210e-04   2.7390e+02
20221031_12:00:00   2.5528e-01   6.4115e+01   5.1554e+00   4.3147e-03   3.2230e-06   2.7592e+02
20221031_15:00:00   1.9841e-01   5.2042e+01   4.2711e+00   0.0000e+00   0.0000e+00   2.7500e+02
20221031_18:00:00   1.8978e-01   5.0069e+01   4.1358e+00   0.0000e+00   0.0000e+00   2.7278e+02
20221031_21:00:00   2.0359e-01   5.2968e+01   4.4719e+00   8.8140e-05   0.0000e+00   2.7242e+02
20221101_00:00:00   3.0221e-01   7.3058e+01   5.9059e+00   1.4481e-02   7.5462e-04   2.7106e+02
20221101_03:00:00   3.4519e-01   8.1207e+01   7.2293e+00   3.3021e-03   1.6160e-03   2.7374e+02
20221101_06:00:00   2.8180e-01   6.9175e+01   5.9922e+00   4.2500e-04   1.0901e-05   2.7464e+02
20221101_09:00:00   2.4568e-01   6.1985e+01   5.2442e+00   0.0000e+00   0.0000e+00   2.7313e+02
20221101_12:00:00   2.2277e-01   5.7217e+01   4.7639e+00   0.0000e+00   0.0000e+00   2.6902e+02
20221101_15:00:00   2.0141e-01   5.2722e+01   4.3348e+00   0.0000e+00   0.0000e+00   2.6784e+02
20221101_18:00:00   1.7935e-01   4.7996e+01   3.8669e+00   0.0000e+00   0.0000e+00   2.6808e+02
20221101_21:00:00   1.7632e-01   4.7367e+01   3.8052e+00   0.0000e+00   0.0000e+00   2.7014e+02
20221102_00:00:00   2.0871e-01   5.4378e+01   4.5291e+00   4.1640e-04   0.0000e+00   2.6826e+02
20221102_03:00:00   2.1890e-01   5.6572e+01   4.7875e+00   0.0000e+00   5.0540e-07   2.6473e+02
20221102_06:00:00   1.8551e-01   4.9414e+01   4.0405e+00   0.0000e+00   0.0000e+00   2.6220e+02
20221102_09:00:00   1.8504e-01   4.9244e+01   4.0499e+00   0.0000e+00   9.6560e-04   2.6225e+02
20221102_12:00:00   2.0390e-01   5.3311e+01   4.4683e+00   0.0000e+00   8.9700e-05   2.6191e+02
20221102_15:00:00   1.8990e-01   5.0165e+01   4.2391e+00   0.0000e+00   6.6621e-03   2.6187e+02
20221102_18:00:00   1.8712e-01   4.9514e+01   4.2068e+00   0.0000e+00   4.2907e-03   2.6329e+02
20221102_21:00:00   1.9318e-01   5.0768e+01   4.3908e+00   0.0000e+00   1.4736e-03   2.6662e+02
20221103_00:00:00   3.3391e-01   7.9574e+01   6.0030e+00   2.8110e-02   1.3616e-02   2.6424e+02
20221103_03:00:00   3.5038e-01   8.2326e+01   7.3333e+00   8.1500e-03   1.2691e-02   2.6196e+02
20221103_06:00:00   3.4359e-01   8.1071e+01   7.5375e+00   0.0000e+00   6.9826e-03   2.6365e+02
20221103_09:00:00   3.2557e-01   7.7806e+01   7.0911e+00   0.0000e+00   7.5760e-04   2.6366e+02
20221103_12:00:00   3.0700e-01   7.4140e+01   6.8293e+00   0.0000e+00   1.3342e-03   2.6268e+02
20221103_15:00:00   2.7817e-01   6.8390e+01   6.2863e+00   0.0000e+00   1.8600e-05   2.6141e+02
20221103_18:00:00   2.7658e-01   6.8034e+01   6.2708e+00   0.0000e+00   2.6449e-03   2.6110e+02
20221103_21:00:00   2.7313e-01   6.7439e+01   6.2266e+00   0.0000e+00   8.4195e-04   2.6043e+02
20221104_00:00:00   3.3630e-01   7.9883e+01   7.2037e+00   7.4840e-03   3.9535e-04   2.5850e+02
20221104_03:00:00   4.3404e-01   9.7731e+01   8.9882e+00   8.9494e-03   7.6667e-04   2.5801e+02
20221104_06:00:00   4.1963e-01   9.5171e+01   8.8461e+00   5.5328e-03   4.7548e-03   2.5704e+02
20221104_09:00:00   4.2279e-01   9.5709e+01   9.1396e+00   3.7290e-04   2.3592e-04   2.5537e+02
20221104_12:00:00   3.9560e-01   9.0799e+01   8.7327e+00   0.0000e+00   8.1194e-04   2.5550e+02
20221104_15:00:00   3.5130e-01   8.2807e+01   7.8443e+00   0.0000e+00   2.6626e-05   2.5496e+02
20221104_18:00:00   3.3462e-01   7.9654e+01   7.5500e+00   0.0000e+00   1.7309e-04   2.5804e+02
20221104_21:00:00   3.2150e-01   7.7090e+01   7.3264e+00   0.0000e+00   3.1272e-04   2.5654e+02
20221105_00:00:00   3.6187e-01   8.4799e+01   7.8228e+00   6.6440e-03   2.4503e-04   2.5541e+02
20221105_03:00:00   5.5830e-01   1.1826e+02   9.3400e+00   5.5664e-02   4.6599e-04   2.5243e+02
20221105_06:00:00   1.5332e+00   2.1423e+02   1.0251e+01   4.4369e-01   1.5973e-02   2.5364e+02
20221105_09:00:00   3.9357e-01   9.0199e+01   8.8898e+00   0.0000e+00   3.0671e-03   2.5577e+02
20221105_12:00:00   3.9204e-01   8.9910e+01   8.8379e+00   0.0000e+00   1.5086e-03   2.5650e+02
20221105_15:00:00   4.2048e-01   9.4869e+01   9.4164e+00   0.0000e+00   1.3873e-02   2.5257e+02
20221105_18:00:00   4.4571e-01   9.9423e+01   9.8312e+00   0.0000e+00   1.8467e-03   2.5413e+02
20221105_21:00:00   4.1813e-01   9.4890e+01   9.2252e+00   0.0000e+00   5.1974e-03   2.5773e+02
20221106_00:00:00   4.2677e-01   9.6553e+01   8.8576e+00   9.6090e-03   2.2334e-03   2.5667e+02
20221106_03:00:00   4.6205e-01   1.0349e+02   6.8999e+00   6.0830e-02   9.9460e-05   2.5660e+02
20221106_06:00:00   2.9003e-01   7.1488e+01   5.9683e+00   7.6620e-03   0.0000e+00   2.5616e+02
20221106_09:00:00   2.5662e-01   6.4703e+01   5.6377e+00   0.0000e+00   0.0000e+00   2.5684e+02
20221106_12:00:00   2.3751e-01   6.0656e+01   5.2837e+00   0.0000e+00   0.0000e+00   2.5550e+02
20221106_15:00:00   1.9113e-01   5.0686e+01   4.3117e+00   0.0000e+00   0.0000e+00   2.5573e+02
20221106_18:00:00   8.6180e-02   2.6291e+01   1.9062e+00   0.0000e+00   0.0000e+00   2.5822e+02
20221106_21:00:00   5.1887e-02   1.7926e+01   9.9702e-01   0.0000e+00   0.0000e+00   2.6182e+02
20221107_00:00:00   4.2232e-02   1.5525e+01   7.3035e-01   0.0000e+00   0.0000e+00   2.5892e+02
20221107_03:00:00   3.9348e-02   1.4670e+01   6.8865e-01   0.0000e+00   0.0000e+00   2.5796e+02
20221107_06:00:00   3.1919e-02   1.2713e+01   4.9278e-01   0.0000e+00   0.0000e+00   2.5827e+02
20221107_09:00:00   2.9952e-02   1.2175e+01   4.4510e-01   0.0000e+00   0.0000e+00   2.5679e+02
20221107_12:00:00   3.1316e-02   1.2533e+01   4.8155e-01   0.0000e+00   0.0000e+00   2.5763e+02
20221107_15:00:00   3.5922e-02   1.3755e+01   6.0109e-01   0.0000e+00   0.0000e+00   2.5776e+02
20221107_18:00:00   4.8839e-02   1.7274e+01   8.7817e-01   0.0000e+00   0.0000e+00   2.5829e+02
20221107_21:00:00   5.4982e-02   1.8875e+01   1.0168e+00   0.0000e+00   0.0000e+00   2.6153e+02
20221108_00:00:00   7.1046e-02   2.3039e+01   9.9710e-01   6.7980e-03   1.0520e-06   2.6086e+02
20221108_03:00:00   1.2978e-01   3.7560e+01   1.0370e+00   2.9780e-02   0.0000e+00   2.6002e+02
20221108_06:00:00   4.4745e-02   1.6239e+01   7.7340e-01   0.0000e+00   0.0000e+00   2.6219e+02
20221108_09:00:00   6.6033e-02   2.1792e+01   1.2226e+00   3.1700e-04   0.0000e+00   2.6504e+02
20221108_12:00:00   9.3907e-02   2.8784e+01   1.8122e+00   5.3380e-04   0.0000e+00   2.6219e+02
20221108_15:00:00   9.3153e-02   2.8597e+01   1.8256e+00   3.2080e-05   0.0000e+00   2.6132e+02
20221108_18:00:00   8.0543e-02   2.5440e+01   1.5738e+00   0.0000e+00   0.0000e+00   2.6121e+02
20221108_21:00:00   8.8700e-02   2.7422e+01   1.7616e+00   0.0000e+00   0.0000e+00   2.6401e+02
20221109_00:00:00   9.4087e-02   2.8725e+01   1.5127e+00   7.1050e-03   0.0000e+00   2.6411e+02
20221109_03:00:00   7.9968e-02   2.5128e+01   1.6132e+00   0.0000e+00   0.0000e+00   2.6554e+02
20221109_06:00:00   9.5683e-02   2.9013e+01   1.9508e+00   0.0000e+00   0.0000e+00   2.6479e+02
20221109_09:00:00   1.0900e-01   3.2222e+01   2.2384e+00   0.0000e+00   0.0000e+00   2.6560e+02
20221109_12:00:00   1.0773e-01   3.1899e+01   2.2021e+00   0.0000e+00   0.0000e+00   2.6435e+02
20221109_15:00:00   1.0547e-01   3.1377e+01   2.1486e+00   0.0000e+00   0.0000e+00   2.6165e+02
20221109_18:00:00   1.0984e-01   3.2452e+01   2.2321e+00   0.0000e+00   0.0000e+00   2.6481e+02
