#            date       tau255        Tb[K]      pwv[mm] lwp[kg*m^-2] iwp[kg*m^-2]       o3[DU]
20231207_06:00:00   4.1174e-02   1.5264e+01   7.4979e-01   0.0000e+00   0.0000e+00   2.6078e+02
20231207_07:00:00   4.0051e-02   1.4971e+01   7.2041e-01   0.0000e+00   0.0000e+00   2.6072e+02
20231207_08:00:00   4.0130e-02   1.4989e+01   7.2227e-01   0.0000e+00   0.0000e+00   2.6130e+02
20231207_09:00:00   4.1111e-02   1.5246e+01   7.4450e-01   0.0000e+00   0.0000e+00   2.6221e+02
20231207_10:00:00   4.0878e-02   1.5179e+01   7.3946e-01   0.0000e+00   0.0000e+00   2.6211e+02
20231207_11:00:00   4.0684e-02   1.5118e+01   7.3528e-01   0.0000e+00   0.0000e+00   2.6155e+02
20231207_12:00:00   4.1107e-02   1.5224e+01   7.4463e-01   0.0000e+00   0.0000e+00   2.6050e+02
20231207_13:00:00   3.9574e-02   1.4827e+01   7.0237e-01   0.0000e+00   0.0000e+00   2.6260e+02
20231207_14:00:00   3.7338e-02   1.4241e+01   6.4461e-01   0.0000e+00   0.0000e+00   2.6458e+02
20231207_15:00:00   3.6954e-02   1.4146e+01   6.3331e-01   0.0000e+00   0.0000e+00   2.6339e+02
20231207_16:00:00   3.7652e-02   1.4338e+01   6.4859e-01   0.0000e+00   0.0000e+00   2.6167e+02
20231207_17:00:00   3.8204e-02   1.4491e+01   6.6012e-01   0.0000e+00   0.0000e+00   2.6089e+02
20231207_18:00:00   3.6892e-02   1.4134e+01   6.3051e-01   0.0000e+00   0.0000e+00   2.6129e+02
20231207_19:00:00   3.5836e-02   1.3847e+01   6.0552e-01   0.0000e+00   0.0000e+00   2.6241e+02
20231207_20:00:00   3.5486e-02   1.3755e+01   5.9634e-01   0.0000e+00   0.0000e+00   2.6158e+02
20231207_21:00:00   3.5485e-02   1.3752e+01   5.9680e-01   0.0000e+00   0.0000e+00   2.6065e+02
20231207_22:00:00   3.5075e-02   1.3641e+01   5.8722e-01   0.0000e+00   0.0000e+00   2.6056e+02
20231207_23:00:00   3.5460e-02   1.3743e+01   5.9715e-01   0.0000e+00   0.0000e+00   2.5963e+02
20231208_00:00:00   3.5091e-02   1.3635e+01   5.9078e-01   0.0000e+00   0.0000e+00   2.6040e+02
20231208_01:00:00   3.5184e-02   1.3651e+01   5.9483e-01   0.0000e+00   0.0000e+00   2.6325e+02
20231208_02:00:00   3.4946e-02   1.3584e+01   5.9057e-01   0.0000e+00   0.0000e+00   2.6408e+02
20231208_03:00:00   3.5886e-02   1.3836e+01   6.1397e-01   0.0000e+00   0.0000e+00   2.6348e+02
20231208_04:00:00   3.6322e-02   1.3938e+01   6.2797e-01   0.0000e+00   9.8480e-05   2.6288e+02
20231208_05:00:00   3.5353e-02   1.3666e+01   6.0530e-01   0.0000e+00   2.3300e-03   2.6210e+02
20231208_06:00:00   3.4777e-02   1.3481e+01   6.0104e-01   0.0000e+00   1.6260e-03   2.6154e+02
20231208_07:00:00   3.4686e-02   1.3461e+01   5.9705e-01   0.0000e+00   1.5247e-03   2.6157e+02
20231208_08:00:00   3.5134e-02   1.3562e+01   6.0924e-01   0.0000e+00   9.0620e-03   2.6018e+02
20231208_09:00:00   3.4470e-02   1.3393e+01   5.8739e-01   0.0000e+00   1.0508e-02   2.6045e+02
20231208_10:00:00   3.4867e-02   1.3490e+01   6.0382e-01   0.0000e+00   3.5316e-03   2.5918e+02
20231208_11:00:00   3.5853e-02   1.3714e+01   6.3933e-01   0.0000e+00   1.6538e-04   2.6006e+02
20231208_12:00:00   3.4904e-02   1.3478e+01   6.1040e-01   0.0000e+00   1.7090e-04   2.5866e+02
20231208_13:00:00   3.5434e-02   1.3618e+01   6.2317e-01   0.0000e+00   8.2280e-04   2.5942e+02
20231208_14:00:00   3.5792e-02   1.3688e+01   6.3829e-01   0.0000e+00   4.3080e-05   2.5935e+02
20231208_15:00:00   3.5894e-02   1.3704e+01   6.4260e-01   0.0000e+00   3.7899e-06   2.5875e+02
20231208_16:00:00   3.5955e-02   1.3707e+01   6.4809e-01   0.0000e+00   3.1579e-06   2.5996e+02
20231208_17:00:00   3.6948e-02   1.3933e+01   6.8301e-01   0.0000e+00   2.2200e-04   2.6049e+02
20231208_18:00:00   3.6958e-02   1.3959e+01   6.7561e-01   0.0000e+00   1.2704e-04   2.5998e+02
20231208_19:00:00   3.6985e-02   1.3992e+01   6.6856e-01   0.0000e+00   3.7900e-06   2.6093e+02
20231208_20:00:00   3.7431e-02   1.4097e+01   6.8724e-01   0.0000e+00   1.2092e-04   2.6051e+02
20231208_21:00:00   3.8692e-02   1.4409e+01   7.2450e-01   0.0000e+00   7.6840e-05   2.5973e+02
20231208_22:00:00   3.9480e-02   1.4607e+01   7.4926e-01   0.0000e+00   5.2080e-05   2.6096e+02
20231208_23:00:00   4.0812e-02   1.4921e+01   7.9214e-01   0.0000e+00   1.2160e-05   2.6184e+02
20231209_00:00:00   4.1230e-02   1.5011e+01   8.1016e-01   0.0000e+00   0.0000e+00   2.6025e+02
20231209_01:00:00   4.2035e-02   1.5208e+01   8.3350e-01   0.0000e+00   2.0957e-03   2.5664e+02
20231209_02:00:00   4.4931e-02   1.5902e+01   9.1919e-01   0.0000e+00   1.4730e-02   2.5480e+02
20231209_03:00:00   4.5853e-02   1.6159e+01   9.3890e-01   0.0000e+00   2.2154e-03   2.5674e+02
20231209_04:00:00   4.3642e-02   1.5674e+01   8.5844e-01   0.0000e+00   5.0883e-05   2.5636e+02
20231209_05:00:00   4.0350e-02   1.4865e+01   7.6071e-01   0.0000e+00   0.0000e+00   2.5736e+02
20231209_06:00:00   4.1823e-02   1.5220e+01   8.0618e-01   0.0000e+00   5.2487e-05   2.5914e+02
20231209_07:00:00   4.6034e-02   1.6136e+01   9.4371e-01   0.0000e+00   3.2593e-02   2.5887e+02
20231209_08:00:00   4.3936e-02   1.5631e+01   8.8993e-01   0.0000e+00   1.6266e-02   2.6044e+02
20231209_09:00:00   4.6707e-02   1.6282e+01   9.6963e-01   0.0000e+00   1.9735e-02   2.5976e+02
20231209_10:00:00   4.3254e-02   1.5495e+01   8.6441e-01   0.0000e+00   4.7277e-04   2.6054e+02
20231209_11:00:00   4.7563e-02   1.6587e+01   9.8266e-01   0.0000e+00   1.4087e-03   2.5955e+02
20231209_12:00:00   5.7726e-02   1.9027e+01   1.2801e+00   0.0000e+00   1.5439e-02   2.5639e+02
20231209_13:00:00   6.1199e-02   1.9968e+01   1.3576e+00   0.0000e+00   1.6528e-03   2.5709e+02
20231209_14:00:00   5.8399e-02   1.9379e+01   1.2575e+00   0.0000e+00   1.7955e-04   2.5674e+02
20231209_15:00:00   5.2130e-02   1.7851e+01   1.0800e+00   0.0000e+00   1.9515e-04   2.5851e+02
20231209_16:00:00   4.9790e-02   1.7247e+01   1.0199e+00   0.0000e+00   1.5648e-04   2.6010e+02
20231209_17:00:00   5.0755e-02   1.7407e+01   1.0455e+00   0.0000e+00   3.5508e-02   2.6002e+02
20231209_18:00:00   4.8086e-02   1.6765e+01   9.6514e-01   0.0000e+00   3.7478e-02   2.6101e+02
20231209_19:00:00   4.5133e-02   1.6080e+01   8.8808e-01   0.0000e+00   5.8183e-03   2.6193e+02
20231209_20:00:00   4.9429e-02   1.7143e+01   1.0111e+00   0.0000e+00   4.9662e-03   2.6188e+02
20231209_21:00:00   5.1078e-02   1.7621e+01   1.0400e+00   0.0000e+00   7.1438e-03   2.6079e+02
20231209_22:00:00   5.3326e-02   1.8200e+01   1.1016e+00   0.0000e+00   7.1507e-03   2.6020e+02
20231209_23:00:00   4.9743e-02   1.7373e+01   9.8792e-01   0.0000e+00   6.4105e-03   2.5951e+02
20231210_00:00:00   5.3972e-02   1.8307e+01   1.0930e+00   0.0000e+00   7.9973e-02   2.5903e+02
20231210_01:00:00   5.0354e-02   1.7522e+01   1.0157e+00   0.0000e+00   1.5904e-03   2.5950e+02
20231210_02:00:00   4.6836e-02   1.6661e+01   9.1432e-01   0.0000e+00   3.2095e-03   2.5881e+02
20231210_03:00:00   4.5263e-02   1.6287e+01   8.6351e-01   0.0000e+00   6.4339e-04   2.5831e+02
20231210_04:00:00   4.4951e-02   1.6179e+01   8.6446e-01   0.0000e+00   6.6577e-04   2.5789e+02
20231210_05:00:00   4.5800e-02   1.6400e+01   8.8594e-01   0.0000e+00   1.0624e-06   2.5781e+02
20231210_06:00:00   4.5099e-02   1.6250e+01   8.5781e-01   0.0000e+00   5.6860e-06   2.5959e+02
20231210_07:00:00   4.5556e-02   1.6364e+01   8.6769e-01   0.0000e+00   1.5846e-04   2.6007e+02
20231210_08:00:00   4.6179e-02   1.6521e+01   8.8716e-01   0.0000e+00   0.0000e+00   2.5946e+02
20231210_09:00:00   4.8656e-02   1.7122e+01   9.5855e-01   0.0000e+00   1.9642e-05   2.5958e+02
20231210_10:00:00   5.0063e-02   1.7431e+01   1.0113e+00   0.0000e+00   5.2322e-05   2.6022e+02
20231210_11:00:00   5.1473e-02   1.7771e+01   1.0554e+00   0.0000e+00   1.8136e-04   2.6044e+02
20231210_12:00:00   5.3215e-02   1.8212e+01   1.0937e+00   0.0000e+00   3.0220e-06   2.5900e+02
20231210_13:00:00   5.3834e-02   1.8398e+01   1.1051e+00   0.0000e+00   0.0000e+00   2.5991e+02
20231210_14:00:00   5.3532e-02   1.8346e+01   1.0882e+00   0.0000e+00   0.0000e+00   2.6063e+02
20231210_15:00:00   5.3553e-02   1.8367e+01   1.0832e+00   0.0000e+00   0.0000e+00   2.6223e+02
20231210_16:00:00   5.4588e-02   1.8633e+01   1.1085e+00   0.0000e+00   0.0000e+00   2.6265e+02
20231210_17:00:00   5.4671e-02   1.8674e+01   1.1070e+00   0.0000e+00   0.0000e+00   2.6226e+02
20231210_18:00:00   5.4343e-02   1.8620e+01   1.0950e+00   0.0000e+00   0.0000e+00   2.6151e+02
20231210_19:00:00   5.5028e-02   1.8815e+01   1.1070e+00   0.0000e+00   0.0000e+00   2.6174e+02
20231210_20:00:00   5.5166e-02   1.8865e+01   1.1085e+00   0.0000e+00   0.0000e+00   2.6215e+02
20231210_21:00:00   5.4318e-02   1.8664e+01   1.0861e+00   0.0000e+00   0.0000e+00   2.6234e+02
20231210_22:00:00   5.4476e-02   1.8701e+01   1.0899e+00   0.0000e+00   0.0000e+00   2.6162e+02
20231210_23:00:00   5.4935e-02   1.8818e+01   1.1028e+00   0.0000e+00   0.0000e+00   2.6205e+02
20231211_00:00:00   5.5010e-02   1.8846e+01   1.1086e+00   0.0000e+00   0.0000e+00   2.6049e+02
20231211_01:00:00   5.5814e-02   1.9048e+01   1.1358e+00   0.0000e+00   0.0000e+00   2.5983e+02
20231211_02:00:00   5.6932e-02   1.9331e+01   1.1684e+00   0.0000e+00   0.0000e+00   2.5791e+02
20231211_03:00:00   5.9076e-02   1.9876e+01   1.2235e+00   0.0000e+00   0.0000e+00   2.5553e+02
20231211_04:00:00   6.0525e-02   2.0242e+01   1.2604e+00   0.0000e+00   0.0000e+00   2.5413e+02
20231211_05:00:00   6.1942e-02   2.0593e+01   1.2974e+00   0.0000e+00   0.0000e+00   2.5287e+02
20231211_06:00:00   6.2266e-02   2.0678e+01   1.3056e+00   0.0000e+00   0.0000e+00   2.5217e+02
20231211_07:00:00   6.3280e-02   2.0935e+01   1.3299e+00   0.0000e+00   0.0000e+00   2.5218e+02
20231211_08:00:00   6.3963e-02   2.1106e+01   1.3443e+00   0.0000e+00   0.0000e+00   2.5302e+02
20231211_09:00:00   6.5352e-02   2.1455e+01   1.3775e+00   0.0000e+00   0.0000e+00   2.5312e+02
20231211_10:00:00   6.5719e-02   2.1543e+01   1.3877e+00   0.0000e+00   0.0000e+00   2.5301e+02
20231211_11:00:00   6.6058e-02   2.1628e+01   1.3965e+00   0.0000e+00   0.0000e+00   2.5245e+02
20231211_12:00:00   6.5852e-02   2.1582e+01   1.3908e+00   0.0000e+00   0.0000e+00   2.5081e+02
20231211_13:00:00   6.5691e-02   2.1552e+01   1.3860e+00   0.0000e+00   0.0000e+00   2.4982e+02
20231211_14:00:00   6.6361e-02   2.1723e+01   1.4021e+00   0.0000e+00   0.0000e+00   2.4901e+02
20231211_15:00:00   6.7880e-02   2.2109e+01   1.4383e+00   0.0000e+00   0.0000e+00   2.4981e+02
20231211_16:00:00   6.9216e-02   2.2452e+01   1.4692e+00   0.0000e+00   0.0000e+00   2.5068e+02
20231211_17:00:00   7.0535e-02   2.2787e+01   1.4986e+00   0.0000e+00   0.0000e+00   2.5163e+02
20231211_18:00:00   7.1462e-02   2.3038e+01   1.5192e+00   0.0000e+00   0.0000e+00   2.5256e+02
20231211_19:00:00   7.2156e-02   2.3225e+01   1.5334e+00   0.0000e+00   0.0000e+00   2.5270e+02
20231211_20:00:00   7.2438e-02   2.3309e+01   1.5375e+00   0.0000e+00   0.0000e+00   2.5263e+02
20231211_21:00:00   7.2306e-02   2.3286e+01   1.5323e+00   0.0000e+00   0.0000e+00   2.5248e+02
20231211_22:00:00   7.2878e-02   2.3431e+01   1.5471e+00   0.0000e+00   0.0000e+00   2.5184e+02
20231211_23:00:00   7.2707e-02   2.3389e+01   1.5433e+00   0.0000e+00   0.0000e+00   2.5085e+02
20231212_00:00:00   7.2319e-02   2.3300e+01   1.5312e+00   0.0000e+00   0.0000e+00   2.5019e+02
20231212_01:00:00   7.2059e-02   2.3240e+01   1.5265e+00   0.0000e+00   0.0000e+00   2.4909e+02
20231212_02:00:00   7.1114e-02   2.3009e+01   1.5035e+00   0.0000e+00   0.0000e+00   2.4979e+02
20231212_03:00:00   7.0041e-02   2.2745e+01   1.4771e+00   0.0000e+00   0.0000e+00   2.5059e+02
20231212_04:00:00   6.9822e-02   2.2689e+01   1.4719e+00   0.0000e+00   0.0000e+00   2.5075e+02
20231212_05:00:00   6.9739e-02   2.2672e+01   1.4664e+00   0.0000e+00   0.0000e+00   2.5053e+02
20231212_06:00:00   6.9427e-02   2.2598e+01   1.4555e+00   0.0000e+00   0.0000e+00   2.4982e+02
20231212_09:00:00   6.7331e-02   2.2093e+01   1.3966e+00   0.0000e+00   0.0000e+00   2.4939e+02
20231212_12:00:00   6.7963e-02   2.2231e+01   1.4081e+00   0.0000e+00   0.0000e+00   2.4999e+02
20231212_15:00:00   6.4094e-02   2.1253e+01   1.3131e+00   0.0000e+00   0.0000e+00   2.5320e+02
20231212_18:00:00   5.8668e-02   1.9863e+01   1.1865e+00   0.0000e+00   0.0000e+00   2.5297e+02
20231212_21:00:00   6.1715e-02   2.0667e+01   1.2534e+00   0.0000e+00   0.0000e+00   2.5204e+02
20231213_00:00:00   6.3089e-02   2.1037e+01   1.2781e+00   0.0000e+00   0.0000e+00   2.5269e+02
20231213_03:00:00   6.0432e-02   2.0357e+01   1.2193e+00   0.0000e+00   0.0000e+00   2.5162e+02
20231213_06:00:00   7.3999e-02   2.3812e+01   1.5132e+00   5.7740e-04   0.0000e+00   2.5131e+02
20231213_09:00:00   7.4587e-02   2.3984e+01   1.5399e+00   2.9460e-04   0.0000e+00   2.5207e+02
20231213_12:00:00   8.5540e-02   2.6771e+01   1.7534e+00   1.8770e-04   0.0000e+00   2.5139e+02
20231213_15:00:00   7.7851e-02   2.4844e+01   1.5567e+00   6.8968e-04   0.0000e+00   2.4969e+02
20231213_18:00:00   7.8554e-02   2.4974e+01   1.6260e+00   4.4490e-05   0.0000e+00   2.4789e+02
20231213_21:00:00   8.1697e-02   2.5725e+01   1.6958e+00   2.8330e-04   0.0000e+00   2.4777e+02
20231214_00:00:00   8.0268e-02   2.5383e+01   1.5167e+00   3.0640e-03   0.0000e+00   2.4858e+02
20231214_03:00:00   6.3781e-02   2.1188e+01   1.3053e+00   1.3390e-04   0.0000e+00   2.5380e+02
20231214_06:00:00   6.6894e-02   2.2046e+01   1.2868e+00   1.2460e-03   0.0000e+00   2.5373e+02
20231214_09:00:00   6.0533e-02   2.0398e+01   1.2143e+00   1.0660e-05   0.0000e+00   2.5489e+02
20231214_12:00:00   6.3608e-02   2.1143e+01   1.2885e+00   9.6420e-06   0.0000e+00   2.5463e+02
20231214_15:00:00   6.5792e-02   2.1685e+01   1.2836e+00   1.0940e-03   0.0000e+00   2.5546e+02
20231214_18:00:00   6.4712e-02   2.1327e+01   1.3459e+00   0.0000e+00   0.0000e+00   2.5683e+02
20231214_21:00:00   6.5688e-02   2.1523e+01   1.3847e+00   0.0000e+00   0.0000e+00   2.5808e+02
20231215_00:00:00   6.9038e-02   2.2341e+01   1.4747e+00   0.0000e+00   0.0000e+00   2.5675e+02
20231215_03:00:00   8.5399e-02   2.6342e+01   1.7641e+00   2.3680e-03   0.0000e+00   2.5421e+02
20231215_06:00:00   8.0968e-02   2.5178e+01   1.8175e+00   0.0000e+00   0.0000e+00   2.5271e+02
20231215_09:00:00   8.7133e-02   2.6673e+01   1.9678e+00   0.0000e+00   0.0000e+00   2.5164e+02
20231215_12:00:00   8.6167e-02   2.6536e+01   1.9174e+00   0.0000e+00   0.0000e+00   2.5152e+02
20231215_15:00:00   8.8715e-02   2.7284e+01   1.9462e+00   0.0000e+00   0.0000e+00   2.4969e+02
20231215_18:00:00   8.9687e-02   2.7613e+01   1.9502e+00   0.0000e+00   0.0000e+00   2.4900e+02
20231215_21:00:00   8.1677e-02   2.5725e+01   1.7368e+00   0.0000e+00   0.0000e+00   2.4819e+02
20231216_00:00:00   8.7883e-02   2.7131e+01   1.9185e+00   0.0000e+00   0.0000e+00   2.4426e+02
20231216_03:00:00   8.7021e-02   2.6945e+01   1.9009e+00   0.0000e+00   0.0000e+00   2.4121e+02
20231216_06:00:00   8.9386e-02   2.7412e+01   2.0216e+00   0.0000e+00   6.3180e-07   2.4159e+02
20231216_09:00:00   8.5127e-02   2.6380e+01   1.9227e+00   0.0000e+00   4.4302e-04   2.4180e+02
20231216_12:00:00   9.6935e-02   2.9073e+01   2.2570e+00   0.0000e+00   2.2022e-05   2.3900e+02
20231216_15:00:00   9.3004e-02   2.8200e+01   2.1285e+00   0.0000e+00   4.3700e-04   2.3840e+02
20231216_18:00:00   9.1949e-02   2.7883e+01   2.1258e+00   0.0000e+00   8.5400e-04   2.3978e+02
20231216_21:00:00   8.4482e-02   2.6067e+01   1.9447e+00   0.0000e+00   1.3094e-05   2.3758e+02
20231217_00:00:00   7.9545e-02   2.4813e+01   1.8354e+00   0.0000e+00   0.0000e+00   2.3715e+02
20231217_03:00:00   7.9468e-02   2.4783e+01   1.8424e+00   0.0000e+00   0.0000e+00   2.3344e+02
20231217_06:00:00   8.4166e-02   2.5893e+01   1.9680e+00   0.0000e+00   0.0000e+00   2.3543e+02
20231217_09:00:00   8.1054e-02   2.5113e+01   1.8941e+00   0.0000e+00   0.0000e+00   2.3412e+02
20231217_12:00:00   7.0735e-02   2.2546e+01   1.6347e+00   0.0000e+00   0.0000e+00   2.3379e+02
20231217_15:00:00   6.9639e-02   2.2314e+01   1.5964e+00   0.0000e+00   0.0000e+00   2.3469e+02
20231217_18:00:00   6.4413e-02   2.1087e+01   1.4442e+00   0.0000e+00   1.1658e-03   2.3661e+02
20231217_21:00:00   6.5066e-02   2.1283e+01   1.4559e+00   0.0000e+00   9.0880e-05   2.3933e+02
20231218_00:00:00   6.5350e-02   2.1325e+01   1.4761e+00   0.0000e+00   9.1002e-04   2.4142e+02
20231218_03:00:00   6.5725e-02   2.1377e+01   1.4978e+00   0.0000e+00   4.0263e-04   2.4126e+02
20231218_06:00:00   7.2743e-02   2.3141e+01   1.6722e+00   0.0000e+00   1.9291e-03   2.4238e+02
20231218_09:00:00   8.1474e-02   2.5201e+01   1.9147e+00   0.0000e+00   5.6502e-03   2.4359e+02
20231218_12:00:00   8.0734e-02   2.4990e+01   1.9086e+00   0.0000e+00   2.7382e-03   2.4549e+02
20231218_15:00:00   8.2341e-02   2.5205e+01   1.9964e+00   0.0000e+00   0.0000e+00   2.4709e+02
20231218_18:00:00   9.2981e-02   2.7626e+01   2.3033e+00   0.0000e+00   6.6156e-03   2.4739e+02
20231218_21:00:00   1.2417e-01   3.4720e+01   3.1343e+00   0.0000e+00   2.9337e-02   2.4856e+02
20231219_00:00:00   1.3126e-01   3.6441e+01   3.3258e+00   0.0000e+00   3.2081e-03   2.4769e+02
20231219_03:00:00   1.5798e-01   4.2275e+01   3.9671e+00   0.0000e+00   3.8321e-02   2.4775e+02
20231219_06:00:00   1.7620e-01   4.6018e+01   4.3058e+00   0.0000e+00   2.3428e-01   2.4929e+02
20231219_09:00:00   1.7902e-01   4.6696e+01   4.4308e+00   0.0000e+00   7.0529e-02   2.4942e+02
20231219_12:00:00   2.1365e-01   5.3979e+01   5.1070e+00   0.0000e+00   2.2626e-01   2.4815e+02
20231219_15:00:00   2.2701e-01   5.6872e+01   5.4809e+00   0.0000e+00   7.9752e-02   2.4663e+02
20231219_18:00:00   2.5914e-01   6.3518e+01   6.1401e+00   0.0000e+00   7.3055e-02   2.4463e+02
20231219_21:00:00   2.3523e-01   5.8679e+01   5.6587e+00   0.0000e+00   8.6667e-02   2.4399e+02
20231220_00:00:00   1.9471e-01   5.0443e+01   4.6980e+00   0.0000e+00   1.5429e-02   2.4339e+02
20231220_03:00:00   2.6536e-01   6.5593e+01   5.9730e+00   4.6230e-04   5.9278e-03   2.4345e+02
20231220_06:00:00   2.4808e-01   6.2083e+01   5.6315e+00   0.0000e+00   9.5370e-05   2.4223e+02
20231220_09:00:00   1.9216e-01   5.0248e+01   4.3535e+00   0.0000e+00   3.0300e-04   2.4237e+02
20231220_12:00:00   1.7781e-01   4.7295e+01   3.9201e+00   0.0000e+00   3.2720e-05   2.4275e+02
20231220_15:00:00   2.1419e-01   5.5247e+01   4.5250e+00   0.0000e+00   3.5330e-04   2.4523e+02
20231220_18:00:00   2.6343e-01   6.5508e+01   5.3456e+00   0.0000e+00   1.3266e-05   2.4727e+02
20231220_21:00:00   2.8818e-01   7.0463e+01   5.7077e+00   0.0000e+00   2.1736e-03   2.5068e+02
20231221_00:00:00   4.8440e-01   1.0596e+02   6.1273e+00   7.3402e-02   1.1786e-02   2.5191e+02
20231221_03:00:00   1.0688e+00   1.7829e+02   6.7904e+00   3.0537e-01   2.2089e-01   2.5070e+02
20231221_06:00:00   3.2199e-01   7.6518e+01   6.5484e+00   7.6929e-04   4.4782e-03   2.4863e+02
20231221_09:00:00   3.0036e-01   7.2495e+01   6.1892e+00   0.0000e+00   4.7748e-04   2.4930e+02
20231221_12:00:00   2.4140e-01   6.1117e+01   4.9371e+00   0.0000e+00   0.0000e+00   2.4707e+02
20231221_15:00:00   2.2231e-01   5.7128e+01   4.6053e+00   0.0000e+00   0.0000e+00   2.4571e+02
20231221_18:00:00   2.2553e-01   5.7890e+01   4.6194e+00   0.0000e+00   0.0000e+00   2.4597e+02
20231221_21:00:00   2.1164e-01   5.5106e+01   4.3341e+00   0.0000e+00   0.0000e+00   2.4469e+02
20231222_00:00:00   2.1206e-01   5.5223e+01   4.2922e+00   4.5692e-04   0.0000e+00   2.4612e+02
20231222_03:00:00   2.1141e-01   5.5098e+01   4.3043e+00   0.0000e+00   0.0000e+00   2.4546e+02
20231222_06:00:00   1.7029e-01   4.6120e+01   3.5549e+00   0.0000e+00   0.0000e+00   2.4834e+02
20231222_09:00:00   1.4584e-01   4.0524e+01   3.0566e+00   0.0000e+00   0.0000e+00   2.4899e+02
20231222_12:00:00   1.4725e-01   4.0758e+01   3.1034e+00   0.0000e+00   0.0000e+00   2.4920e+02
20231222_15:00:00   1.3722e-01   3.8439e+01   2.9199e+00   0.0000e+00   0.0000e+00   2.4851e+02
20231222_18:00:00   1.3210e-01   3.7253e+01   2.8291e+00   0.0000e+00   0.0000e+00   2.5025e+02
20231222_21:00:00   1.2316e-01   3.5278e+01   2.6309e+00   0.0000e+00   0.0000e+00   2.5366e+02
20231223_00:00:00   1.2068e-01   3.4741e+01   2.5724e+00   0.0000e+00   0.0000e+00   2.5355e+02
20231223_03:00:00   1.0961e-01   3.2196e+01   2.2992e+00   0.0000e+00   0.0000e+00   2.5346e+02
20231223_06:00:00   1.1359e-01   3.3207e+01   2.3490e+00   0.0000e+00   0.0000e+00   2.5339e+02
