#            date       tau255        Tb[K]      pwv[mm] lwp[kg*m^-2] iwp[kg*m^-2]       o3[DU]
20240607_00:00:00   5.1818e-01   1.1351e+02   4.7167e+00   1.1723e-01   1.2995e-04   2.9391e+02
20240607_01:00:00   5.9882e-01   1.2605e+02   5.1826e+00   1.3932e-01   6.9100e-05   2.9161e+02
20240607_02:00:00   8.0868e-01   1.5430e+02   5.5563e+00   2.1565e-01   4.1778e-05   2.9264e+02
20240607_03:00:00   1.0554e+00   1.8070e+02   5.8127e+00   3.0948e-01   6.9862e-05   2.9177e+02
20240607_04:00:00   3.7969e-01   8.9752e+01   5.7160e+00   3.8172e-02   6.8982e-05   2.9146e+02
20240607_05:00:00   2.9701e-01   7.3815e+01   5.7501e+00   3.6624e-03   5.4246e-05   2.9112e+02
20240607_06:00:00   4.4714e-01   1.0165e+02   5.8779e+00   6.1700e-02   4.5630e-05   2.9219e+02
20240607_07:00:00   7.7501e-01   1.5021e+02   5.4916e+00   2.0284e-01   9.5887e-05   2.9297e+02
20240607_08:00:00   5.8462e-01   1.2405e+02   4.9993e+00   1.3702e-01   1.1119e-03   2.9036e+02
20240607_09:00:00   2.4580e-01   6.3180e+01   4.7491e+00   5.7790e-03   6.2425e-03   2.8645e+02
20240607_10:00:00   2.2272e-01   5.8177e+01   4.5401e+00   1.8127e-03   1.1109e-02   2.8559e+02
20240607_11:00:00   2.2076e-01   5.7645e+01   4.5813e+00   6.9510e-04   2.8373e-03   2.8671e+02
20240607_12:00:00   2.1279e-01   5.5833e+01   4.4789e+00   3.2840e-05   3.0938e-04   2.8466e+02
20240607_13:00:00   1.9424e-01   5.1719e+01   4.1664e+00   0.0000e+00   2.3160e-04   2.8309e+02
20240607_14:00:00   1.7249e-01   4.6854e+01   3.7521e+00   0.0000e+00   6.5480e-06   2.8202e+02
20240607_15:00:00   1.4614e-01   4.0850e+01   3.2388e+00   0.0000e+00   0.0000e+00   2.8328e+02
20240607_16:00:00   1.1994e-01   3.4748e+01   2.6781e+00   0.0000e+00   0.0000e+00   2.8047e+02
20240607_17:00:00   1.0817e-01   3.1960e+01   2.4096e+00   0.0000e+00   0.0000e+00   2.8086e+02
20240607_18:00:00   9.7299e-02   2.9295e+01   2.1817e+00   0.0000e+00   0.0000e+00   2.8258e+02
20240607_19:00:00   9.4052e-02   2.8467e+01   2.1260e+00   0.0000e+00   0.0000e+00   2.8189e+02
20240607_20:00:00   9.3159e-02   2.8232e+01   2.1213e+00   0.0000e+00   0.0000e+00   2.8361e+02
20240607_21:00:00   9.9738e-02   2.9844e+01   2.2672e+00   0.0000e+00   0.0000e+00   2.8189e+02
20240607_22:00:00   1.0675e-01   3.1554e+01   2.4169e+00   0.0000e+00   0.0000e+00   2.8319e+02
20240607_23:00:00   1.2461e-01   3.5873e+01   2.7474e+00   7.6990e-04   0.0000e+00   2.8220e+02
20240608_00:00:00   1.6347e-01   4.4988e+01   3.5149e+00   1.1241e-03   0.0000e+00   2.8135e+02
20240608_01:00:00   1.9219e-01   5.1532e+01   3.8981e+00   4.7703e-03   0.0000e+00   2.8255e+02
20240608_02:00:00   1.9436e-01   5.2039e+01   4.0178e+00   3.0964e-03   0.0000e+00   2.8367e+02
20240608_03:00:00   2.0186e-01   5.3627e+01   4.3543e+00   9.3500e-04   0.0000e+00   2.8264e+02
20240608_04:00:00   1.9681e-01   5.2473e+01   4.3080e+00   5.8952e-04   0.0000e+00   2.8062e+02
20240608_05:00:00   1.7886e-01   4.8425e+01   4.0108e+00   2.5330e-04   0.0000e+00   2.8238e+02
20240608_06:00:00   1.5933e-01   4.3971e+01   3.6419e+00   0.0000e+00   0.0000e+00   2.8371e+02
20240608_07:00:00   1.5952e-01   4.3983e+01   3.6635e+00   0.0000e+00   0.0000e+00   2.8493e+02
20240608_08:00:00   1.6065e-01   4.4224e+01   3.7058e+00   0.0000e+00   0.0000e+00   2.8527e+02
20240608_09:00:00   1.5582e-01   4.3091e+01   3.6252e+00   0.0000e+00   0.0000e+00   2.8693e+02
20240608_10:00:00   1.4658e-01   4.0914e+01   3.4378e+00   0.0000e+00   0.0000e+00   2.8736e+02
20240608_11:00:00   1.5149e-01   4.1990e+01   3.5615e+00   0.0000e+00   0.0000e+00   2.8436e+02
20240608_12:00:00   1.5549e-01   4.2880e+01   3.6544e+00   0.0000e+00   0.0000e+00   2.8717e+02
20240608_13:00:00   1.5876e-01   4.3660e+01   3.7288e+00   0.0000e+00   0.0000e+00   2.8806e+02
20240608_14:00:00   1.6300e-01   4.4661e+01   3.8216e+00   0.0000e+00   0.0000e+00   2.8554e+02
20240608_15:00:00   1.6770e-01   4.5728e+01   3.9410e+00   0.0000e+00   0.0000e+00   2.8628e+02
20240608_16:00:00   1.8046e-01   4.8624e+01   4.2323e+00   0.0000e+00   0.0000e+00   2.8508e+02
20240608_17:00:00   2.0117e-01   5.3231e+01   4.6875e+00   0.0000e+00   0.0000e+00   2.8239e+02
20240608_18:00:00   2.2547e-01   5.8408e+01   5.2065e+00   0.0000e+00   0.0000e+00   2.8553e+02
20240608_19:00:00   2.4676e-01   6.2864e+01   5.6521e+00   0.0000e+00   0.0000e+00   2.8765e+02
20240608_20:00:00   2.6075e-01   6.5843e+01   5.9329e+00   0.0000e+00   0.0000e+00   2.8730e+02
20240608_21:00:00   2.6263e-01   6.6366e+01   5.9533e+00   0.0000e+00   0.0000e+00   2.8659e+02
20240608_22:00:00   2.6826e-01   6.7572e+01   6.0615e+00   0.0000e+00   0.0000e+00   2.8316e+02
20240608_23:00:00   2.7193e-01   6.8392e+01   6.1183e+00   0.0000e+00   0.0000e+00   2.8166e+02
20240609_00:00:00   2.7241e-01   6.8570e+01   6.0877e+00   3.8560e-04   0.0000e+00   2.8135e+02
20240609_01:00:00   2.6485e-01   6.7077e+01   5.9018e+00   3.1770e-04   0.0000e+00   2.7887e+02
20240609_02:00:00   2.5358e-01   6.4837e+01   5.6838e+00   0.0000e+00   0.0000e+00   2.7750e+02
20240609_03:00:00   2.4374e-01   6.2836e+01   5.4625e+00   0.0000e+00   0.0000e+00   2.7813e+02
20240609_04:00:00   2.3529e-01   6.1052e+01   5.2922e+00   0.0000e+00   0.0000e+00   2.7966e+02
20240609_05:00:00   2.2639e-01   5.9126e+01   5.1222e+00   0.0000e+00   0.0000e+00   2.8000e+02
20240609_06:00:00   2.1812e-01   5.7350e+01   4.9452e+00   0.0000e+00   0.0000e+00   2.8178e+02
20240609_07:00:00   2.0706e-01   5.4979e+01   4.7042e+00   0.0000e+00   0.0000e+00   2.8197e+02
20240609_08:00:00   1.9788e-01   5.2992e+01   4.4961e+00   0.0000e+00   0.0000e+00   2.7979e+02
20240609_09:00:00   1.9904e-01   5.3226e+01   4.5194e+00   0.0000e+00   0.0000e+00   2.7802e+02
20240609_10:00:00   2.0079e-01   5.3582e+01   4.5586e+00   0.0000e+00   0.0000e+00   2.7886e+02
20240609_11:00:00   1.9375e-01   5.2020e+01   4.4050e+00   0.0000e+00   0.0000e+00   2.8007e+02
20240609_12:00:00   1.8111e-01   4.9208e+01   4.1340e+00   0.0000e+00   0.0000e+00   2.7828e+02
20240609_13:00:00   1.6567e-01   4.5716e+01   3.7948e+00   0.0000e+00   0.0000e+00   2.8142e+02
20240609_14:00:00   1.5165e-01   4.2494e+01   3.4823e+00   0.0000e+00   0.0000e+00   2.8266e+02
20240609_15:00:00   1.4098e-01   3.9997e+01   3.2430e+00   0.0000e+00   0.0000e+00   2.8307e+02
20240609_16:00:00   1.2668e-01   3.6623e+01   2.9183e+00   0.0000e+00   0.0000e+00   2.8382e+02
20240609_17:00:00   1.1355e-01   3.3481e+01   2.6157e+00   0.0000e+00   0.0000e+00   2.8597e+02
20240609_18:00:00   1.0759e-01   3.2025e+01   2.4817e+00   0.0000e+00   0.0000e+00   2.8710e+02
20240609_19:00:00   1.0276e-01   3.0821e+01   2.3712e+00   0.0000e+00   0.0000e+00   2.8512e+02
20240609_20:00:00   9.7017e-02   2.9414e+01   2.2346e+00   0.0000e+00   0.0000e+00   2.8463e+02
20240609_21:00:00   9.0717e-02   2.7854e+01   2.0803e+00   0.0000e+00   0.0000e+00   2.8491e+02
20240609_22:00:00   8.6339e-02   2.6747e+01   1.9713e+00   0.0000e+00   0.0000e+00   2.8517e+02
20240609_23:00:00   8.2963e-02   2.5908e+01   1.8899e+00   0.0000e+00   0.0000e+00   2.8524e+02
20240610_00:00:00   8.1065e-02   2.5449e+01   1.8424e+00   0.0000e+00   0.0000e+00   2.8427e+02
20240610_01:00:00   8.1536e-02   2.5565e+01   1.8569e+00   0.0000e+00   0.0000e+00   2.8343e+02
20240610_02:00:00   8.2750e-02   2.5867e+01   1.8900e+00   0.0000e+00   0.0000e+00   2.8366e+02
20240610_03:00:00   8.5405e-02   2.6539e+01   1.9566e+00   0.0000e+00   0.0000e+00   2.8321e+02
20240610_04:00:00   8.7735e-02   2.7128e+01   2.0153e+00   0.0000e+00   0.0000e+00   2.8231e+02
20240610_05:00:00   9.0046e-02   2.7701e+01   2.0700e+00   0.0000e+00   0.0000e+00   2.8290e+02
20240610_06:00:00   9.3736e-02   2.8614e+01   2.1582e+00   0.0000e+00   1.1486e-05   2.8188e+02
20240610_07:00:00   9.9463e-02   3.0011e+01   2.2980e+00   0.0000e+00   1.2232e-06   2.8424e+02
20240610_08:00:00   1.0512e-01   3.1369e+01   2.4419e+00   0.0000e+00   0.0000e+00   2.8418e+02
20240610_09:00:00   1.0977e-01   3.2475e+01   2.5532e+00   0.0000e+00   0.0000e+00   2.8272e+02
20240610_10:00:00   1.1390e-01   3.3440e+01   2.6534e+00   0.0000e+00   7.8560e-05   2.8051e+02
20240610_11:00:00   1.1806e-01   3.4413e+01   2.7535e+00   0.0000e+00   3.0840e-04   2.8022e+02
20240610_12:00:00   1.2125e-01   3.5159e+01   2.8268e+00   0.0000e+00   8.7820e-04   2.7986e+02
20240610_13:00:00   1.2327e-01   3.5667e+01   2.8664e+00   0.0000e+00   1.3913e-04   2.8037e+02
20240610_14:00:00   1.2562e-01   3.6224e+01   2.9205e+00   0.0000e+00   7.8100e-06   2.7928e+02
20240610_15:00:00   1.2811e-01   3.6822e+01   2.9782e+00   0.0000e+00   2.4740e-04   2.7742e+02
20240610_16:00:00   1.3260e-01   3.7877e+01   3.0806e+00   0.0000e+00   1.0517e-03   2.7726e+02
20240610_17:00:00   1.3704e-01   3.8928e+01   3.1792e+00   0.0000e+00   1.2130e-03   2.7762e+02
20240610_18:00:00   1.4045e-01   3.9747e+01   3.2534e+00   0.0000e+00   1.9736e-04   2.7780e+02
20240610_19:00:00   1.4179e-01   4.0075e+01   3.2809e+00   0.0000e+00   1.4132e-04   2.7801e+02
20240610_20:00:00   1.3958e-01   3.9586e+01   3.2278e+00   0.0000e+00   3.0216e-04   2.7828e+02
20240610_21:00:00   1.3913e-01   3.9509e+01   3.2101e+00   0.0000e+00   8.1900e-04   2.7950e+02
20240610_22:00:00   1.3902e-01   3.9499e+01   3.2031e+00   0.0000e+00   1.8892e-04   2.7827e+02
20240610_23:00:00   1.3802e-01   3.9303e+01   3.1643e+00   0.0000e+00   0.0000e+00   2.7873e+02
20240611_00:00:00   1.3831e-01   3.9380e+01   3.1707e+00   0.0000e+00   0.0000e+00   2.8002e+02
20240611_01:00:00   1.3811e-01   3.9309e+01   3.1755e+00   0.0000e+00   1.3094e-05   2.8076e+02
20240611_02:00:00   1.3805e-01   3.9299e+01   3.1764e+00   0.0000e+00   2.0200e-04   2.8048e+02
20240611_03:00:00   1.3881e-01   3.9484e+01   3.1863e+00   0.0000e+00   3.3960e-05   2.8060e+02
20240611_04:00:00   1.3916e-01   3.9552e+01   3.1955e+00   0.0000e+00   6.2546e-05   2.8118e+02
20240611_05:00:00   1.3944e-01   3.9601e+01   3.2061e+00   0.0000e+00   2.1240e-06   2.8120e+02
20240611_06:00:00   1.4044e-01   3.9808e+01   3.2377e+00   0.0000e+00   9.3880e-04   2.8016e+02
20240611_07:00:00   1.4833e-01   4.1542e+01   3.4491e+00   0.0000e+00   4.3017e-03   2.7783e+02
20240611_08:00:00   1.5535e-01   4.3065e+01   3.6403e+00   0.0000e+00   6.2180e-03   2.7800e+02
20240611_09:00:00   1.6004e-01   4.4053e+01   3.7826e+00   0.0000e+00   3.8919e-03   2.7920e+02
20240611_10:00:00   1.6167e-01   4.4401e+01   3.8227e+00   0.0000e+00   4.9144e-04   2.8058e+02
20240611_11:00:00   1.7176e-01   4.6596e+01   4.0626e+00   0.0000e+00   1.2157e-04   2.8008e+02
20240611_12:00:00   1.7622e-01   4.7564e+01   4.1669e+00   0.0000e+00   2.6278e-03   2.7878e+02
20240611_13:00:00   1.7687e-01   4.7677e+01   4.1900e+00   0.0000e+00   3.2860e-03   2.7862e+02
20240611_14:00:00   1.7805e-01   4.7893e+01   4.2378e+00   0.0000e+00   1.6066e-03   2.7573e+02
20240611_15:00:00   1.7939e-01   4.8152e+01   4.2767e+00   0.0000e+00   1.3482e-03   2.7627e+02
20240611_16:00:00   1.7788e-01   4.7821e+01   4.2401e+00   0.0000e+00   1.2376e-03   2.7689e+02
20240611_17:00:00   1.7682e-01   4.7614e+01   4.2112e+00   0.0000e+00   1.4251e-04   2.7726e+02
20240611_18:00:00   1.7480e-01   4.7200e+01   4.1598e+00   0.0000e+00   5.5060e-06   2.7882e+02
20240611_19:00:00   1.8171e-01   4.8654e+01   4.3448e+00   0.0000e+00   4.8840e-05   2.7923e+02
20240611_20:00:00   1.8517e-01   4.9394e+01   4.4367e+00   0.0000e+00   1.0532e-05   2.7989e+02
20240611_21:00:00   1.8369e-01   4.9042e+01   4.4115e+00   0.0000e+00   1.3280e-06   2.8006e+02
20240611_22:00:00   1.8361e-01   4.9028e+01   4.4097e+00   0.0000e+00   0.0000e+00   2.7994e+02
20240611_23:00:00   1.8038e-01   4.8386e+01   4.3065e+00   0.0000e+00   1.9135e-04   2.8041e+02
20240612_00:00:00   1.7628e-01   4.7532e+01   4.1994e+00   0.0000e+00   7.6431e-05   2.7982e+02
20240612_03:00:00   1.8326e-01   4.8979e+01   4.4056e+00   0.0000e+00   1.9804e-04   2.8089e+02
20240612_06:00:00   1.8947e-01   5.0315e+01   4.5402e+00   0.0000e+00   6.7280e-05   2.8396e+02
20240612_09:00:00   1.7977e-01   4.8209e+01   4.2986e+00   0.0000e+00   0.0000e+00   2.7768e+02
20240612_12:00:00   1.7437e-01   4.7065e+01   4.1422e+00   0.0000e+00   0.0000e+00   2.7738e+02
20240612_15:00:00   1.7053e-01   4.6284e+01   4.0300e+00   0.0000e+00   0.0000e+00   2.7770e+02
20240612_18:00:00   1.6378e-01   4.4804e+01   3.8645e+00   0.0000e+00   0.0000e+00   2.7849e+02
20240612_21:00:00   1.5380e-01   4.2619e+01   3.6207e+00   0.0000e+00   0.0000e+00   2.8047e+02
20240613_00:00:00   1.6934e-01   4.6408e+01   3.4973e+00   7.8290e-03   0.0000e+00   2.7991e+02
20240613_03:00:00   1.4495e-01   4.0654e+01   3.4033e+00   0.0000e+00   0.0000e+00   2.8103e+02
20240613_06:00:00   1.3997e-01   3.9447e+01   3.2974e+00   0.0000e+00   6.4140e-05   2.8110e+02
20240613_09:00:00   1.3448e-01   3.8131e+01   3.1858e+00   0.0000e+00   5.1329e-04   2.7774e+02
20240613_12:00:00   1.2600e-01   3.6120e+01   2.9751e+00   0.0000e+00   2.7420e-04   2.7936e+02
20240613_15:00:00   1.2058e-01   3.4843e+01   2.8264e+00   0.0000e+00   5.7440e-06   2.7976e+02
20240613_18:00:00   1.2035e-01   3.4777e+01   2.8256e+00   0.0000e+00   1.3966e-03   2.8033e+02
20240613_21:00:00   1.2122e-01   3.5041e+01   2.8264e+00   0.0000e+00   2.5600e-04   2.8147e+02
20240614_00:00:00   1.3056e-01   3.7290e+01   3.0245e+00   0.0000e+00   3.8960e-05   2.8091e+02
20240614_03:00:00   1.2912e-01   3.6960e+01   2.9834e+00   0.0000e+00   1.1642e-04   2.8215e+02
20240614_06:00:00   1.1545e-01   3.3707e+01   2.6742e+00   0.0000e+00   8.6860e-05   2.8682e+02
20240614_09:00:00   1.0642e-01   3.1474e+01   2.4561e+00   0.0000e+00   0.0000e+00   2.9298e+02
20240614_12:00:00   9.5531e-02   2.8803e+01   2.1900e+00   0.0000e+00   0.0000e+00   2.9770e+02
20240614_15:00:00   8.6229e-02   2.6507e+01   1.9642e+00   0.0000e+00   0.0000e+00   2.9423e+02
20240614_18:00:00   8.3408e-02   2.5843e+01   1.8857e+00   0.0000e+00   0.0000e+00   2.9336e+02
20240614_21:00:00   7.3513e-02   2.3357e+01   1.6411e+00   0.0000e+00   0.0000e+00   2.9210e+02
20240615_00:00:00   8.3797e-02   2.5988e+01   1.8704e+00   0.0000e+00   0.0000e+00   2.8780e+02
20240615_03:00:00   7.8862e-02   2.4768e+01   1.7544e+00   0.0000e+00   0.0000e+00   2.8648e+02
20240615_06:00:00   7.7320e-02   2.4384e+01   1.7127e+00   0.0000e+00   0.0000e+00   2.8756e+02
20240615_09:00:00   7.8017e-02   2.4563e+01   1.7269e+00   0.0000e+00   0.0000e+00   2.8603e+02
20240615_12:00:00   7.8235e-02   2.4513e+01   1.7512e+00   0.0000e+00   0.0000e+00   2.8568e+02
20240615_15:00:00   7.6956e-02   2.4169e+01   1.7217e+00   0.0000e+00   0.0000e+00   2.8671e+02
20240615_18:00:00   7.6557e-02   2.4062e+01   1.7120e+00   0.0000e+00   0.0000e+00   2.8799e+02
20240615_21:00:00   7.6723e-02   2.4135e+01   1.7124e+00   0.0000e+00   0.0000e+00   2.8770e+02
20240616_00:00:00   7.5525e-02   2.3837e+01   1.6872e+00   0.0000e+00   0.0000e+00   2.8623e+02
20240616_03:00:00   7.2304e-02   2.3025e+01   1.6172e+00   0.0000e+00   0.0000e+00   2.8599e+02
20240616_06:00:00   7.0596e-02   2.2604e+01   1.5679e+00   0.0000e+00   0.0000e+00   2.9004e+02
20240616_09:00:00   6.9257e-02   2.2263e+01   1.5291e+00   0.0000e+00   1.1010e-05   2.8834e+02
20240616_12:00:00   6.8884e-02   2.2152e+01   1.5183e+00   0.0000e+00   0.0000e+00   2.8899e+02
20240616_15:00:00   7.1366e-02   2.2757e+01   1.5775e+00   0.0000e+00   0.0000e+00   2.8669e+02
20240616_18:00:00   7.2542e-02   2.3018e+01   1.6143e+00   0.0000e+00   0.0000e+00   2.9027e+02
20240616_21:00:00   7.7363e-02   2.4187e+01   1.7433e+00   0.0000e+00   0.0000e+00   2.9206e+02
20240617_00:00:00   8.2451e-02   2.5484e+01   1.8627e+00   0.0000e+00   0.0000e+00   2.9294e+02
20240617_03:00:00   8.1452e-02   2.5271e+01   1.8329e+00   0.0000e+00   0.0000e+00   2.9159e+02
20240617_06:00:00   8.1328e-02   2.5186e+01   1.8364e+00   0.0000e+00   0.0000e+00   2.9006e+02
20240617_09:00:00   8.0931e-02   2.5064e+01   1.8283e+00   0.0000e+00   0.0000e+00   2.8918e+02
20240617_12:00:00   8.5997e-02   2.6158e+01   1.9768e+00   0.0000e+00   0.0000e+00   2.9260e+02
20240617_15:00:00   1.0090e-01   2.9494e+01   2.3682e+00   0.0000e+00   9.8016e-03   2.9792e+02
20240617_18:00:00   1.1279e-01   3.2212e+01   2.6677e+00   0.0000e+00   3.0670e-03   2.9650e+02
20240617_21:00:00   1.1261e-01   3.2198e+01   2.6758e+00   0.0000e+00   4.0335e-03   2.9806e+02
20240618_00:00:00   1.3287e-01   3.6798e+01   3.1793e+00   0.0000e+00   3.3408e-02   2.8911e+02
20240618_03:00:00   1.3896e-01   3.8451e+01   3.3139e+00   0.0000e+00   1.9309e-05   2.9017e+02
20240618_06:00:00   1.4358e-01   3.9512e+01   3.4125e+00   0.0000e+00   7.4166e-04   2.9086e+02
20240618_09:00:00   1.6387e-01   4.3994e+01   3.9378e+00   0.0000e+00   1.7177e-02   2.8881e+02
20240618_12:00:00   1.6216e-01   4.3505e+01   3.9175e+00   0.0000e+00   8.7244e-02   2.8591e+02
20240618_15:00:00   1.8032e-01   4.7475e+01   4.3477e+00   0.0000e+00   9.4520e-02   2.8847e+02
20240618_18:00:00   2.5140e-01   6.2312e+01   5.9299e+00   0.0000e+00   1.3597e-01   2.9098e+02
20240618_21:00:00   2.3030e-01   5.8058e+01   5.5098e+00   0.0000e+00   4.3287e-02   2.9071e+02
20240619_00:00:00   2.0723e-01   5.3368e+01   4.9938e+00   0.0000e+00   6.3209e-02   2.8698e+02
20240619_03:00:00   2.0342e-01   5.2810e+01   4.9021e+00   0.0000e+00   8.6315e-02   2.8594e+02
20240619_06:00:00   1.8557e-01   4.9039e+01   4.4807e+00   0.0000e+00   5.1454e-02   2.8810e+02
20240619_09:00:00   1.7828e-01   4.7516e+01   4.2828e+00   0.0000e+00   7.4679e-02   2.8719e+02
20240619_12:00:00   1.5091e-01   4.1868e+01   3.5453e+00   0.0000e+00   5.6092e-04   2.8761e+02
20240619_15:00:00   1.5073e-01   4.1680e+01   3.5768e+00   0.0000e+00   2.4842e-03   2.8760e+02
20240619_18:00:00   1.3589e-01   3.8339e+01   3.2205e+00   0.0000e+00   6.1588e-04   2.8762e+02
20240619_21:00:00   1.3066e-01   3.7264e+01   3.0578e+00   0.0000e+00   5.5060e-06   2.8952e+02
20240620_00:00:00   1.2149e-01   3.5185e+01   2.8250e+00   0.0000e+00   0.0000e+00   2.8927e+02
20240620_03:00:00   1.1590e-01   3.3833e+01   2.7104e+00   0.0000e+00   0.0000e+00   2.8539e+02
20240620_06:00:00   1.3721e-01   3.9010e+01   3.1518e+00   0.0000e+00   0.0000e+00   2.8723e+02
20240620_09:00:00   1.4077e-01   3.9770e+01   3.2462e+00   0.0000e+00   5.4081e-05   2.8546e+02
20240620_12:00:00   1.4302e-01   4.0238e+01   3.2981e+00   0.0000e+00   5.5060e-06   2.8314e+02
20240620_15:00:00   1.4701e-01   4.1137e+01   3.3762e+00   0.0000e+00   0.0000e+00   2.8443e+02
20240620_18:00:00   1.3850e-01   3.9214e+01   3.1732e+00   0.0000e+00   7.8037e-04   2.8510e+02
20240620_21:00:00   1.3349e-01   3.8056e+01   3.0447e+00   0.0000e+00   1.0464e-03   2.8521e+02
20240621_00:00:00   1.1902e-01   3.4664e+01   2.6960e+00   4.2430e-05   3.0115e-04   2.8413e+02
20240621_03:00:00   9.8430e-02   2.9809e+01   2.1950e+00   0.0000e+00   2.0100e-04   2.7900e+02
20240621_06:00:00   8.8680e-02   2.7455e+01   1.9525e+00   0.0000e+00   0.0000e+00   2.7987e+02
20240621_09:00:00   8.8426e-02   2.7420e+01   1.9131e+00   0.0000e+00   0.0000e+00   2.8046e+02
20240621_12:00:00   8.4275e-02   2.6338e+01   1.8336e+00   0.0000e+00   0.0000e+00   2.8006e+02
20240621_15:00:00   8.2427e-02   2.5848e+01   1.8067e+00   0.0000e+00   0.0000e+00   2.7976e+02
20240621_18:00:00   7.0820e-02   2.2881e+01   1.5347e+00   0.0000e+00   0.0000e+00   2.7951e+02
20240621_21:00:00   6.5322e-02   2.1387e+01   1.4355e+00   0.0000e+00   1.7414e-05   2.7965e+02
20240622_00:00:00   6.8633e-02   2.2279e+01   1.4953e+00   0.0000e+00   0.0000e+00   2.7717e+02
20240622_03:00:00   7.6255e-02   2.4240e+01   1.6775e+00   0.0000e+00   0.0000e+00   2.7690e+02
20240622_06:00:00   9.8702e-02   2.9843e+01   2.1958e+00   0.0000e+00   0.0000e+00   2.7895e+02
20240622_09:00:00   1.0530e-01   3.1469e+01   2.3169e+00   0.0000e+00   0.0000e+00   2.8153e+02
20240622_12:00:00   9.8512e-02   2.9809e+01   2.1352e+00   0.0000e+00   0.0000e+00   2.8163e+02
20240622_15:00:00   9.2640e-02   2.8333e+01   1.9987e+00   0.0000e+00   0.0000e+00   2.8200e+02
20240622_18:00:00   8.5330e-02   2.6538e+01   1.8220e+00   0.0000e+00   0.0000e+00   2.7895e+02
20240622_21:00:00   7.6999e-02   2.4459e+01   1.6302e+00   0.0000e+00   0.0000e+00   2.7997e+02
20240623_00:00:00   7.6672e-02   2.4418e+01   1.5980e+00   0.0000e+00   0.0000e+00   2.7962e+02
