#            date       tau255        Tb[K]      pwv[mm] lwp[kg*m^-2] iwp[kg*m^-2]       o3[DU]
20240727_12:00:00   8.9379e-02   2.7387e+01   2.1382e+00   0.0000e+00   0.0000e+00   2.6328e+02
20240727_13:00:00   8.9194e-02   2.7347e+01   2.1307e+00   0.0000e+00   0.0000e+00   2.6760e+02
20240727_14:00:00   8.8229e-02   2.7110e+01   2.1067e+00   0.0000e+00   0.0000e+00   2.6820e+02
20240727_15:00:00   8.7752e-02   2.6987e+01   2.0949e+00   0.0000e+00   0.0000e+00   2.6771e+02
20240727_16:00:00   8.5163e-02   2.6354e+01   2.0286e+00   0.0000e+00   0.0000e+00   2.6845e+02
20240727_17:00:00   8.3854e-02   2.6053e+01   1.9961e+00   0.0000e+00   0.0000e+00   2.6984e+02
20240727_18:00:00   8.3392e-02   2.5947e+01   1.9856e+00   0.0000e+00   0.0000e+00   2.7148e+02
20240727_19:00:00   8.2111e-02   2.5659e+01   1.9502e+00   0.0000e+00   0.0000e+00   2.7201e+02
20240727_20:00:00   8.2920e-02   2.5860e+01   1.9737e+00   0.0000e+00   0.0000e+00   2.7184e+02
20240727_21:00:00   8.3331e-02   2.5979e+01   1.9834e+00   0.0000e+00   0.0000e+00   2.7270e+02
20240727_22:00:00   8.5815e-02   2.6582e+01   2.0464e+00   0.0000e+00   0.0000e+00   2.7343e+02
20240727_23:00:00   8.5972e-02   2.6633e+01   2.0464e+00   0.0000e+00   0.0000e+00   2.7092e+02
20240728_00:00:00   8.6359e-02   2.6731e+01   2.0577e+00   0.0000e+00   0.0000e+00   2.7189e+02
20240728_01:00:00   8.6825e-02   2.6864e+01   2.0621e+00   0.0000e+00   0.0000e+00   2.6938e+02
20240728_02:00:00   8.8054e-02   2.7180e+01   2.0864e+00   0.0000e+00   0.0000e+00   2.6912e+02
20240728_03:00:00   8.9862e-02   2.7648e+01   2.1200e+00   0.0000e+00   0.0000e+00   2.6901e+02
20240728_04:00:00   9.0067e-02   2.7739e+01   2.1160e+00   0.0000e+00   0.0000e+00   2.7026e+02
20240728_05:00:00   9.1133e-02   2.8009e+01   2.1353e+00   0.0000e+00   0.0000e+00   2.6710e+02
20240728_06:00:00   8.8620e-02   2.7395e+01   2.0728e+00   0.0000e+00   0.0000e+00   2.6923e+02
20240728_07:00:00   8.7909e-02   2.7187e+01   2.0597e+00   0.0000e+00   0.0000e+00   2.7227e+02
20240728_08:00:00   8.5763e-02   2.6621e+01   2.0071e+00   0.0000e+00   0.0000e+00   2.7308e+02
20240728_09:00:00   8.2617e-02   2.5827e+01   1.9341e+00   0.0000e+00   0.0000e+00   2.7358e+02
20240728_10:00:00   8.1050e-02   2.5398e+01   1.8997e+00   0.0000e+00   0.0000e+00   2.6984e+02
20240728_11:00:00   7.8197e-02   2.4669e+01   1.8269e+00   0.0000e+00   0.0000e+00   2.6636e+02
20240728_12:00:00   7.6540e-02   2.4245e+01   1.7863e+00   0.0000e+00   0.0000e+00   2.6591e+02
20240728_13:00:00   7.4598e-02   2.3741e+01   1.7361e+00   0.0000e+00   0.0000e+00   2.6757e+02
20240728_14:00:00   7.4176e-02   2.3621e+01   1.7226e+00   0.0000e+00   0.0000e+00   2.6596e+02
20240728_15:00:00   7.3984e-02   2.3581e+01   1.7119e+00   0.0000e+00   0.0000e+00   2.6449e+02
20240728_16:00:00   7.3900e-02   2.3563e+01   1.7088e+00   0.0000e+00   0.0000e+00   2.6737e+02
20240728_17:00:00   7.3510e-02   2.3478e+01   1.6960e+00   0.0000e+00   0.0000e+00   2.6785e+02
20240728_18:00:00   7.3251e-02   2.3413e+01   1.6907e+00   0.0000e+00   0.0000e+00   2.6687e+02
20240728_19:00:00   7.2716e-02   2.3283e+01   1.6748e+00   0.0000e+00   0.0000e+00   2.6841e+02
20240728_20:00:00   7.2858e-02   2.3305e+01   1.6773e+00   0.0000e+00   0.0000e+00   2.6965e+02
20240728_21:00:00   7.1516e-02   2.2988e+01   1.6395e+00   0.0000e+00   0.0000e+00   2.6847e+02
20240728_22:00:00   7.2188e-02   2.3160e+01   1.6525e+00   0.0000e+00   0.0000e+00   2.6825e+02
20240728_23:00:00   7.1414e-02   2.2959e+01   1.6346e+00   0.0000e+00   0.0000e+00   2.7108e+02
20240729_00:00:00   7.3274e-02   2.3430e+01   1.6785e+00   0.0000e+00   0.0000e+00   2.7053e+02
20240729_01:00:00   7.4695e-02   2.3783e+01   1.7158e+00   0.0000e+00   0.0000e+00   2.6849e+02
20240729_02:00:00   7.5780e-02   2.4077e+01   1.7397e+00   0.0000e+00   0.0000e+00   2.6770e+02
20240729_03:00:00   7.7821e-02   2.4618e+01   1.7853e+00   0.0000e+00   0.0000e+00   2.6731e+02
20240729_04:00:00   7.9768e-02   2.5130e+01   1.8266e+00   0.0000e+00   0.0000e+00   2.6833e+02
20240729_05:00:00   8.4306e-02   2.6253e+01   1.9377e+00   0.0000e+00   0.0000e+00   2.6707e+02
20240729_06:00:00   8.8517e-02   2.7292e+01   2.0368e+00   0.0000e+00   2.0900e-05   2.6501e+02
20240729_07:00:00   9.0287e-02   2.7748e+01   2.0713e+00   0.0000e+00   2.6800e-05   2.6548e+02
20240729_08:00:00   9.1507e-02   2.8047e+01   2.0939e+00   0.0000e+00   2.5140e-05   2.6495e+02
20240729_09:00:00   8.7884e-02   2.7128e+01   2.0138e+00   0.0000e+00   7.4560e-06   2.6580e+02
20240729_10:00:00   8.5285e-02   2.6457e+01   1.9588e+00   0.0000e+00   3.4041e-04   2.6639e+02
20240729_11:00:00   8.4477e-02   2.6235e+01   1.9391e+00   0.0000e+00   5.5700e-04   2.6562e+02
20240729_12:00:00   8.0902e-02   2.5311e+01   1.8529e+00   0.0000e+00   3.8756e-03   2.6768e+02
20240729_13:00:00   7.7898e-02   2.4523e+01   1.7877e+00   0.0000e+00   4.1862e-03   2.6857e+02
20240729_14:00:00   7.7019e-02   2.4291e+01   1.7719e+00   0.0000e+00   3.6401e-03   2.6875e+02
20240729_15:00:00   7.7129e-02   2.4311e+01   1.7749e+00   0.0000e+00   3.4460e-03   2.6826e+02
20240729_16:00:00   7.9066e-02   2.4809e+01   1.8233e+00   0.0000e+00   1.8840e-03   2.6752e+02
20240729_17:00:00   8.0907e-02   2.5264e+01   1.8736e+00   0.0000e+00   2.7500e-03   2.6791e+02
20240729_18:00:00   8.2141e-02   2.5549e+01   1.9148e+00   0.0000e+00   6.2085e-03   2.6772e+02
20240729_19:00:00   8.3823e-02   2.5934e+01   1.9582e+00   0.0000e+00   1.7870e-02   2.6819e+02
20240729_20:00:00   8.3607e-02   2.5854e+01   1.9613e+00   0.0000e+00   2.5058e-02   2.6727e+02
20240729_21:00:00   8.5181e-02   2.6194e+01   2.0095e+00   0.0000e+00   3.3290e-02   2.6543e+02
20240729_22:00:00   8.6516e-02   2.6491e+01   2.0515e+00   0.0000e+00   3.3179e-02   2.6467e+02
20240729_23:00:00   8.9998e-02   2.7295e+01   2.1376e+00   0.0000e+00   4.9722e-02   2.6603e+02
20240730_00:00:00   9.1380e-02   2.7599e+01   2.1694e+00   0.0000e+00   6.8827e-02   2.6623e+02
20240730_01:00:00   9.3037e-02   2.7970e+01   2.2220e+00   0.0000e+00   6.9517e-02   2.6601e+02
20240730_02:00:00   9.7276e-02   2.8950e+01   2.3582e+00   0.0000e+00   4.0821e-02   2.6638e+02
20240730_03:00:00   1.0281e-01   3.0190e+01   2.4976e+00   0.0000e+00   6.8895e-02   2.6945e+02
20240730_04:00:00   1.0929e-01   3.1656e+01   2.6763e+00   0.0000e+00   6.8345e-02   2.7081e+02
20240730_05:00:00   1.1147e-01   3.2155e+01   2.7566e+00   0.0000e+00   2.0883e-02   2.7166e+02
20240730_06:00:00   1.1305e-01   3.2528e+01   2.8007e+00   0.0000e+00   1.6686e-02   2.7190e+02
20240730_07:00:00   1.1489e-01   3.2945e+01   2.8590e+00   0.0000e+00   1.1809e-02   2.7118e+02
20240730_08:00:00   1.1647e-01   3.3296e+01   2.9005e+00   0.0000e+00   1.0147e-02   2.7172e+02
20240730_09:00:00   1.1642e-01   3.3282e+01   2.9005e+00   0.0000e+00   7.2878e-03   2.7117e+02
20240730_10:00:00   1.1810e-01   3.3649e+01   2.9415e+00   0.0000e+00   1.4161e-02   2.6832e+02
20240730_11:00:00   1.2092e-01   3.4286e+01   3.0048e+00   0.0000e+00   2.1113e-02   2.7102e+02
20240730_12:00:00   1.2471e-01   3.5128e+01   3.0818e+00   0.0000e+00   6.0003e-02   2.6998e+02
20240730_13:00:00   1.2819e-01   3.5940e+01   3.1800e+00   0.0000e+00   3.9666e-02   2.6620e+02
20240730_14:00:00   1.2285e-01   3.4787e+01   3.0418e+00   0.0000e+00   1.6625e-02   2.6731e+02
20240730_15:00:00   1.2145e-01   3.4492e+01   2.9714e+00   0.0000e+00   5.6461e-02   2.6698e+02
20240730_16:00:00   1.2436e-01   3.5164e+01   3.0612e+00   0.0000e+00   2.3847e-02   2.6956e+02
20240730_17:00:00   1.3111e-01   3.6630e+01   3.1659e+00   0.0000e+00   1.6440e-01   2.7160e+02
20240730_18:00:00   1.3695e-01   3.8006e+01   3.3822e+00   0.0000e+00   3.6122e-02   2.7260e+02
20240730_19:00:00   1.3634e-01   3.7887e+01   3.3869e+00   0.0000e+00   1.2150e-02   2.7359e+02
20240730_20:00:00   1.3694e-01   3.8021e+01   3.4053e+00   0.0000e+00   5.2673e-03   2.7404e+02
20240730_21:00:00   1.4952e-01   4.0811e+01   3.7265e+00   0.0000e+00   1.7090e-02   2.7329e+02
20240730_22:00:00   1.6338e-01   4.3857e+01   4.0740e+00   0.0000e+00   8.6158e-03   2.7277e+02
20240730_23:00:00   1.6611e-01   4.4487e+01   4.1133e+00   0.0000e+00   3.1477e-02   2.7143e+02
20240731_00:00:00   1.7942e-01   4.7333e+01   4.4315e+00   0.0000e+00   6.5084e-02   2.7162e+02
20240731_01:00:00   1.9517e-01   5.0687e+01   4.8098e+00   0.0000e+00   5.9324e-02   2.7152e+02
20240731_02:00:00   1.9587e-01   5.0867e+01   4.8481e+00   0.0000e+00   2.5425e-02   2.7287e+02
20240731_03:00:00   1.9335e-01   5.0369e+01   4.7950e+00   0.0000e+00   6.4823e-03   2.7129e+02
20240731_04:00:00   1.9815e-01   5.1357e+01   4.9156e+00   0.0000e+00   2.4752e-02   2.7349e+02
20240731_05:00:00   1.9906e-01   5.1534e+01   4.9435e+00   0.0000e+00   1.7908e-02   2.7267e+02
20240731_06:00:00   2.0034e-01   5.1824e+01   4.9612e+00   0.0000e+00   2.8089e-02   2.7219e+02
20240731_07:00:00   2.0606e-01   5.3053e+01   5.0825e+00   0.0000e+00   5.3257e-02   2.7265e+02
20240731_08:00:00   2.1846e-01   5.5579e+01   5.2845e+00   0.0000e+00   2.1838e-01   2.7248e+02
20240731_09:00:00   2.3949e-01   5.9982e+01   5.8282e+00   0.0000e+00   8.1911e-02   2.7190e+02
20240731_10:00:00   2.4334e-01   6.0809e+01   5.9190e+00   0.0000e+00   9.0941e-02   2.7039e+02
20240731_11:00:00   2.3589e-01   5.9330e+01   5.7679e+00   0.0000e+00   4.0578e-02   2.6922e+02
20240731_12:00:00   2.2545e-01   5.7218e+01   5.5347e+00   0.0000e+00   8.3082e-03   2.6658e+02
20240731_13:00:00   2.2342e-01   5.6791e+01   5.4785e+00   0.0000e+00   1.5119e-02   2.6612e+02
20240731_14:00:00   2.2969e-01   5.8140e+01   5.6024e+00   0.0000e+00   7.6609e-03   2.6521e+02
20240731_15:00:00   2.4576e-01   6.1486e+01   5.9327e+00   0.0000e+00   2.0118e-02   2.6847e+02
20240731_16:00:00   2.5599e-01   6.3631e+01   6.1717e+00   0.0000e+00   2.8172e-03   2.6837e+02
20240731_17:00:00   2.4582e-01   6.1628e+01   5.9523e+00   0.0000e+00   6.0667e-04   2.7358e+02
20240731_18:00:00   2.3393e-01   5.9263e+01   5.6577e+00   0.0000e+00   8.6805e-04   2.7638e+02
20240731_19:00:00   2.2820e-01   5.8089e+01   5.5317e+00   0.0000e+00   1.8703e-04   2.7513e+02
20240731_20:00:00   2.2047e-01   5.6495e+01   5.3668e+00   0.0000e+00   4.8276e-05   2.7401e+02
20240731_21:00:00   2.1573e-01   5.5504e+01   5.2664e+00   0.0000e+00   0.0000e+00   2.7278e+02
20240731_22:00:00   2.1910e-01   5.6190e+01   5.3501e+00   0.0000e+00   2.5148e-05   2.7159e+02
20240731_23:00:00   2.3349e-01   5.9128e+01   5.6963e+00   0.0000e+00   2.0620e-04   2.7322e+02
20240801_00:00:00   2.3189e-01   5.8846e+01   5.6411e+00   0.0000e+00   5.0540e-07   2.7274e+02
20240801_01:00:00   2.2976e-01   5.8429e+01   5.5918e+00   0.0000e+00   0.0000e+00   2.6980e+02
20240801_02:00:00   2.3461e-01   5.9433e+01   5.7161e+00   0.0000e+00   9.1660e-05   2.6988e+02
20240801_03:00:00   2.3945e-01   6.0416e+01   5.8269e+00   0.0000e+00   4.2278e-04   2.7020e+02
20240801_04:00:00   2.4307e-01   6.1185e+01   5.9070e+00   0.0000e+00   2.1187e-05   2.7250e+02
20240801_05:00:00   2.4210e-01   6.1045e+01   5.8807e+00   0.0000e+00   1.8168e-05   2.7268e+02
20240801_06:00:00   2.3895e-01   6.0415e+01   5.8125e+00   0.0000e+00   4.4040e-06   2.7317e+02
20240801_07:00:00   2.3163e-01   5.8945e+01   5.6268e+00   0.0000e+00   0.0000e+00   2.7484e+02
20240801_08:00:00   2.2762e-01   5.8149e+01   5.5228e+00   0.0000e+00   0.0000e+00   2.7616e+02
20240801_09:00:00   2.2560e-01   5.7749e+01   5.4766e+00   0.0000e+00   0.0000e+00   2.7335e+02
20240801_10:00:00   2.1952e-01   5.6492e+01   5.3365e+00   0.0000e+00   0.0000e+00   2.7210e+02
20240801_11:00:00   2.1680e-01   5.5911e+01   5.2736e+00   0.0000e+00   6.8655e-04   2.7048e+02
20240801_12:00:00   2.1431e-01   5.5396e+01   5.2152e+00   0.0000e+00   1.3437e-03   2.7191e+02
20240801_15:00:00   2.0620e-01   5.3731e+01   5.0007e+00   0.0000e+00   4.3220e-06   2.7513e+02
20240801_18:00:00   2.0542e-01   5.3620e+01   4.9461e+00   0.0000e+00   9.2280e-05   2.7681e+02
20240801_21:00:00   1.9426e-01   5.1276e+01   4.6845e+00   0.0000e+00   6.3180e-07   2.7618e+02
20240802_00:00:00   1.8972e-01   5.0317e+01   4.5867e+00   0.0000e+00   0.0000e+00   2.7187e+02
20240802_03:00:00   1.7615e-01   4.7399e+01   4.2518e+00   0.0000e+00   0.0000e+00   2.7422e+02
20240802_06:00:00   1.7247e-01   4.6532e+01   4.1875e+00   0.0000e+00   4.8780e-06   2.7484e+02
20240802_09:00:00   1.6740e-01   4.5254e+01   4.1061e+00   0.0000e+00   6.5418e-04   2.7175e+02
20240802_12:00:00   1.6123e-01   4.3775e+01   3.9737e+00   0.0000e+00   1.2634e-06   2.7356e+02
20240802_15:00:00   1.6045e-01   4.3557e+01   3.9609e+00   0.0000e+00   1.2634e-06   2.6940e+02
20240802_18:00:00   1.4391e-01   3.9860e+01   3.5470e+00   0.0000e+00   6.5480e-06   2.7150e+02
20240802_21:00:00   1.1763e-01   3.3859e+01   2.8855e+00   0.0000e+00   1.2416e-04   2.7022e+02
20240803_00:00:00   1.1321e-01   3.2744e+01   2.7951e+00   0.0000e+00   6.0107e-03   2.6987e+02
20240803_03:00:00   9.4041e-02   2.8344e+01   2.2621e+00   0.0000e+00   9.9900e-04   2.6801e+02
20240803_06:00:00   7.9030e-02   2.4734e+01   1.8526e+00   0.0000e+00   0.0000e+00   2.7043e+02
20240803_09:00:00   6.9944e-02   2.2513e+01   1.5992e+00   0.0000e+00   1.5978e-04   2.7001e+02
20240803_12:00:00   6.1760e-02   2.0462e+01   1.3785e+00   0.0000e+00   1.4688e-05   2.6747e+02
20240803_15:00:00   5.6958e-02   1.9259e+01   1.2431e+00   0.0000e+00   0.0000e+00   2.6628e+02
20240803_18:00:00   5.5272e-02   1.8838e+01   1.1962e+00   0.0000e+00   0.0000e+00   2.6909e+02
20240803_21:00:00   5.4783e-02   1.8723e+01   1.1825e+00   0.0000e+00   0.0000e+00   2.6983e+02
20240804_00:00:00   5.9157e-02   1.9948e+01   1.2679e+00   0.0000e+00   0.0000e+00   2.6809e+02
20240804_03:00:00   5.3926e-02   1.8582e+01   1.1483e+00   0.0000e+00   0.0000e+00   2.6900e+02
20240804_06:00:00   5.2527e-02   1.8213e+01   1.1140e+00   0.0000e+00   0.0000e+00   2.6852e+02
20240804_09:00:00   5.2701e-02   1.8242e+01   1.1232e+00   0.0000e+00   0.0000e+00   2.7166e+02
20240804_12:00:00   5.7389e-02   1.9431e+01   1.2482e+00   0.0000e+00   0.0000e+00   2.6925e+02
20240804_15:00:00   6.0558e-02   2.0235e+01   1.3347e+00   0.0000e+00   0.0000e+00   2.7007e+02
20240804_18:00:00   6.4284e-02   2.1206e+01   1.4313e+00   0.0000e+00   0.0000e+00   2.7014e+02
20240804_21:00:00   7.0721e-02   2.2879e+01   1.5976e+00   0.0000e+00   0.0000e+00   2.7224e+02
20240805_00:00:00   8.9276e-02   2.7625e+01   2.0461e+00   0.0000e+00   0.0000e+00   2.7158e+02
20240805_03:00:00   9.7067e-02   2.9629e+01   2.2261e+00   0.0000e+00   0.0000e+00   2.7033e+02
20240805_06:00:00   9.3450e-02   2.8716e+01   2.1432e+00   0.0000e+00   0.0000e+00   2.7003e+02
20240805_09:00:00   9.8892e-02   3.0095e+01   2.2592e+00   0.0000e+00   0.0000e+00   2.7149e+02
20240805_12:00:00   9.8081e-02   2.9897e+01   2.2208e+00   0.0000e+00   0.0000e+00   2.7118e+02
20240805_15:00:00   9.4595e-02   2.9069e+01   2.1241e+00   0.0000e+00   0.0000e+00   2.7108e+02
20240805_18:00:00   9.5058e-02   2.9185e+01   2.1343e+00   0.0000e+00   0.0000e+00   2.7293e+02
20240805_21:00:00   9.2255e-02   2.8446e+01   2.0822e+00   0.0000e+00   0.0000e+00   2.7487e+02
20240806_00:00:00   1.0204e-01   3.0807e+01   2.3305e+00   0.0000e+00   0.0000e+00   2.7349e+02
20240806_03:00:00   1.0412e-01   3.1343e+01   2.3700e+00   0.0000e+00   0.0000e+00   2.7068e+02
20240806_06:00:00   1.1155e-01   3.3148e+01   2.5309e+00   0.0000e+00   0.0000e+00   2.7298e+02
20240806_09:00:00   1.1548e-01   3.4035e+01   2.6461e+00   0.0000e+00   0.0000e+00   2.7309e+02
20240806_12:00:00   1.1840e-01   3.4668e+01   2.7378e+00   0.0000e+00   0.0000e+00   2.7256e+02
20240806_15:00:00   1.1993e-01   3.5004e+01   2.7811e+00   0.0000e+00   0.0000e+00   2.7530e+02
20240806_18:00:00   1.2602e-01   3.6354e+01   2.9610e+00   0.0000e+00   2.0523e-03   2.7669e+02
20240806_21:00:00   1.2022e-01   3.5139e+01   2.7716e+00   0.0000e+00   0.0000e+00   2.7795e+02
20240807_00:00:00   1.1853e-01   3.4686e+01   2.7364e+00   0.0000e+00   0.0000e+00   2.7549e+02
20240807_03:00:00   1.1306e-01   3.3114e+01   2.6837e+00   0.0000e+00   0.0000e+00   2.7342e+02
20240807_06:00:00   1.0358e-01   3.0870e+01   2.4397e+00   0.0000e+00   0.0000e+00   2.7369e+02
20240807_09:00:00   9.8378e-02   2.9730e+01   2.2808e+00   0.0000e+00   5.5060e-06   2.7232e+02
20240807_12:00:00   9.0496e-02   2.7806e+01   2.0815e+00   0.0000e+00   7.8900e-05   2.7293e+02
20240807_15:00:00   9.6246e-02   2.9159e+01   2.2421e+00   0.0000e+00   0.0000e+00   2.7267e+02
20240807_18:00:00   1.2490e-01   3.6156e+01   2.9174e+00   0.0000e+00   3.8740e-05   2.7420e+02
20240807_21:00:00   1.3719e-01   3.9005e+01   3.2130e+00   0.0000e+00   0.0000e+00   2.7373e+02
20240808_00:00:00   1.5174e-01   4.2249e+01   3.5903e+00   3.0360e-06   0.0000e+00   2.7265e+02
20240808_03:00:00   1.5771e-01   4.3583e+01   3.7770e+00   0.0000e+00   0.0000e+00   2.7178e+02
20240808_06:00:00   1.9785e-01   5.2676e+01   4.6689e+00   0.0000e+00   0.0000e+00   2.7311e+02
20240808_09:00:00   1.9038e-01   5.1058e+01   4.4704e+00   0.0000e+00   0.0000e+00   2.7280e+02
20240808_12:00:00   1.7059e-01   4.6541e+01   4.0394e+00   0.0000e+00   0.0000e+00   2.7075e+02
20240808_15:00:00   1.4209e-01   4.0137e+01   3.3251e+00   0.0000e+00   0.0000e+00   2.7261e+02
20240808_18:00:00   1.3146e-01   3.7735e+01   3.0376e+00   0.0000e+00   0.0000e+00   2.7444e+02
20240808_21:00:00   1.2666e-01   3.6621e+01   2.9248e+00   0.0000e+00   0.0000e+00   2.7474e+02
20240809_00:00:00   1.2406e-01   3.6030e+01   2.8629e+00   0.0000e+00   0.0000e+00   2.7250e+02
20240809_03:00:00   1.2004e-01   3.5099e+01   2.7665e+00   0.0000e+00   0.0000e+00   2.6901e+02
20240809_06:00:00   1.1375e-01   3.3576e+01   2.6192e+00   0.0000e+00   0.0000e+00   2.6902e+02
20240809_09:00:00   1.1161e-01   3.3052e+01   2.5732e+00   0.0000e+00   0.0000e+00   2.6953e+02
20240809_12:00:00   1.1143e-01   3.2946e+01   2.5786e+00   0.0000e+00   0.0000e+00   2.6911e+02
20240809_15:00:00   1.0854e-01   3.2264e+01   2.4859e+00   0.0000e+00   0.0000e+00   2.6902e+02
20240809_18:00:00   1.0551e-01   3.1549e+01   2.4105e+00   0.0000e+00   0.0000e+00   2.7218e+02
20240809_21:00:00   1.0306e-01   3.0987e+01   2.3422e+00   0.0000e+00   0.0000e+00   2.7144e+02
20240810_00:00:00   1.0540e-01   3.1598e+01   2.3763e+00   0.0000e+00   0.0000e+00   2.6949e+02
20240810_03:00:00   1.0226e-01   3.0866e+01   2.2951e+00   0.0000e+00   0.0000e+00   2.6876e+02
20240810_06:00:00   9.5151e-02   2.9168e+01   2.1106e+00   0.0000e+00   0.0000e+00   2.7000e+02
20240810_09:00:00   8.5892e-02   2.6882e+01   1.8874e+00   0.0000e+00   0.0000e+00   2.7233e+02
20240810_12:00:00   8.1677e-02   2.5825e+01   1.7787e+00   0.0000e+00   0.0000e+00   2.6941e+02
20240810_15:00:00   7.8604e-02   2.5046e+01   1.7044e+00   0.0000e+00   0.0000e+00   2.7011e+02
20240810_18:00:00   7.7954e-02   2.4888e+01   1.6881e+00   0.0000e+00   0.0000e+00   2.7218e+02
20240810_21:00:00   8.1125e-02   2.5695e+01   1.7637e+00   0.0000e+00   0.0000e+00   2.7190e+02
20240811_00:00:00   9.4746e-02   2.9153e+01   1.9469e+00   1.6960e-03   0.0000e+00   2.7010e+02
20240811_03:00:00   8.2805e-02   2.6135e+01   1.7989e+00   0.0000e+00   0.0000e+00   2.6840e+02
20240811_06:00:00   8.0795e-02   2.5615e+01   1.7542e+00   0.0000e+00   0.0000e+00   2.6815e+02
20240811_09:00:00   7.9568e-02   2.5295e+01   1.7211e+00   0.0000e+00   0.0000e+00   2.7095e+02
20240811_12:00:00   7.6164e-02   2.4407e+01   1.6425e+00   0.0000e+00   0.0000e+00   2.7027e+02
20240811_15:00:00   7.7919e-02   2.4814e+01   1.7040e+00   0.0000e+00   0.0000e+00   2.6916e+02
20240811_18:00:00   8.0835e-02   2.5530e+01   1.7885e+00   0.0000e+00   0.0000e+00   2.7000e+02
20240811_21:00:00   8.3832e-02   2.6283e+01   1.8624e+00   0.0000e+00   0.0000e+00   2.7197e+02
20240812_00:00:00   1.3788e-01   3.9611e+01   2.0800e+00   1.7310e-02   0.0000e+00   2.7038e+02
20240812_03:00:00   1.2502e-01   3.6524e+01   2.0253e+00   1.3390e-02   0.0000e+00   2.6912e+02
20240812_06:00:00   9.3167e-02   2.8630e+01   2.0831e+00   0.0000e+00   0.0000e+00   2.7091e+02
20240812_09:00:00   9.1992e-02   2.8283e+01   2.0708e+00   0.0000e+00   0.0000e+00   2.7312e+02
20240812_12:00:00   8.8246e-02   2.7304e+01   1.9915e+00   0.0000e+00   0.0000e+00   2.7304e+02
