#            date       tau255        Tb[K]      pwv[mm] lwp[kg*m^-2] iwp[kg*m^-2]       o3[DU]
20240912_06:00:00   1.3282e-01   3.8409e+01   2.7724e+00   3.7420e-03   0.0000e+00   2.6166e+02
20240912_07:00:00   1.1432e-01   3.3908e+01   2.5221e+00   1.0680e-03   0.0000e+00   2.6181e+02
20240912_08:00:00   1.1065e-01   3.3029e+01   2.2875e+00   4.0610e-03   0.0000e+00   2.6202e+02
20240912_09:00:00   9.1723e-02   2.8307e+01   2.0935e+00   2.5150e-05   0.0000e+00   2.6295e+02
20240912_10:00:00   8.8050e-02   2.7367e+01   2.0124e+00   0.0000e+00   0.0000e+00   2.6484e+02
20240912_11:00:00   8.5344e-02   2.6675e+01   1.9526e+00   0.0000e+00   0.0000e+00   2.6635e+02
20240912_12:00:00   8.4506e-02   2.6433e+01   1.9398e+00   0.0000e+00   0.0000e+00   2.6696e+02
20240912_13:00:00   8.3998e-02   2.6304e+01   1.9287e+00   0.0000e+00   0.0000e+00   2.6654e+02
20240912_14:00:00   8.2858e-02   2.6024e+01   1.8984e+00   0.0000e+00   0.0000e+00   2.6515e+02
20240912_15:00:00   8.1170e-02   2.5605e+01   1.8554e+00   0.0000e+00   0.0000e+00   2.6630e+02
20240912_16:00:00   7.8654e-02   2.4990e+01   1.7913e+00   0.0000e+00   0.0000e+00   2.6759e+02
20240912_17:00:00   7.6018e-02   2.4325e+01   1.7233e+00   0.0000e+00   0.0000e+00   2.6477e+02
20240912_18:00:00   7.3512e-02   2.3686e+01   1.6640e+00   0.0000e+00   0.0000e+00   2.6318e+02
20240912_19:00:00   7.1703e-02   2.3239e+01   1.6137e+00   0.0000e+00   0.0000e+00   2.6501e+02
20240912_20:00:00   7.0102e-02   2.2853e+01   1.5692e+00   0.0000e+00   0.0000e+00   2.6529e+02
20240912_21:00:00   6.9682e-02   2.2760e+01   1.5531e+00   0.0000e+00   0.0000e+00   2.6477e+02
20240912_22:00:00   7.5336e-02   2.4233e+01   1.6732e+00   0.0000e+00   0.0000e+00   2.6414e+02
20240912_23:00:00   8.3462e-02   2.6333e+01   1.7340e+00   1.9710e-03   0.0000e+00   2.6322e+02
20240913_00:00:00   1.2215e-01   3.6009e+01   1.8158e+00   1.5720e-02   0.0000e+00   2.6258e+02
20240913_01:00:00   1.9503e-01   5.3170e+01   1.9054e+00   4.2760e-02   0.0000e+00   2.6321e+02
20240913_02:00:00   1.8170e-01   5.0145e+01   1.8521e+00   3.8460e-02   0.0000e+00   2.6239e+02
20240913_03:00:00   8.8066e-02   2.7504e+01   1.9029e+00   8.9820e-04   0.0000e+00   2.5950e+02
20240913_04:00:00   8.3432e-02   2.6312e+01   1.8590e+00   0.0000e+00   0.0000e+00   2.6067e+02
20240913_05:00:00   7.6726e-02   2.4582e+01   1.7143e+00   9.3570e-06   0.0000e+00   2.6280e+02
20240913_06:00:00   7.4945e-02   2.4118e+01   1.6774e+00   0.0000e+00   0.0000e+00   2.6390e+02
20240913_07:00:00   7.2201e-02   2.3401e+01   1.6116e+00   0.0000e+00   0.0000e+00   2.6968e+02
20240913_08:00:00   6.9627e-02   2.2729e+01   1.5494e+00   0.0000e+00   0.0000e+00   2.7161e+02
20240913_09:00:00   6.8544e-02   2.2445e+01   1.5186e+00   0.0000e+00   0.0000e+00   2.7048e+02
20240913_10:00:00   6.6080e-02   2.1820e+01   1.4513e+00   0.0000e+00   0.0000e+00   2.6856e+02
20240913_11:00:00   6.3954e-02   2.1279e+01   1.3959e+00   0.0000e+00   0.0000e+00   2.6724e+02
20240913_12:00:00   6.2142e-02   2.0817e+01   1.3480e+00   0.0000e+00   0.0000e+00   2.6661e+02
20240913_13:00:00   6.0517e-02   2.0405e+01   1.3040e+00   0.0000e+00   0.0000e+00   2.6774e+02
20240913_14:00:00   5.9887e-02   2.0253e+01   1.2823e+00   0.0000e+00   0.0000e+00   2.6628e+02
20240913_15:00:00   5.8864e-02   1.9995e+01   1.2542e+00   0.0000e+00   0.0000e+00   2.6634e+02
20240913_16:00:00   5.8044e-02   1.9786e+01   1.2330e+00   0.0000e+00   0.0000e+00   2.6507e+02
20240913_17:00:00   5.7281e-02   1.9593e+01   1.2110e+00   0.0000e+00   0.0000e+00   2.6518e+02
20240913_18:00:00   5.6746e-02   1.9457e+01   1.1970e+00   0.0000e+00   0.0000e+00   2.6487e+02
20240913_19:00:00   5.6497e-02   1.9404e+01   1.1888e+00   0.0000e+00   0.0000e+00   2.6519e+02
20240913_20:00:00   5.6537e-02   1.9418e+01   1.1867e+00   0.0000e+00   0.0000e+00   2.6508e+02
20240913_21:00:00   5.7111e-02   1.9571e+01   1.2003e+00   0.0000e+00   0.0000e+00   2.6777e+02
20240913_22:00:00   6.1695e-02   2.0784e+01   1.2425e+00   1.0970e-03   0.0000e+00   2.6548e+02
20240913_23:00:00   7.4793e-02   2.4187e+01   1.3617e+00   4.1960e-03   0.0000e+00   2.6692e+02
20240914_00:00:00   1.0040e-01   3.0702e+01   1.4478e+00   1.2780e-02   0.0000e+00   2.6579e+02
20240914_01:00:00   7.0523e-02   2.3089e+01   1.4455e+00   1.1310e-03   0.0000e+00   2.6338e+02
20240914_02:00:00   9.5030e-02   2.9364e+01   1.4421e+00   1.0870e-02   0.0000e+00   2.6246e+02
20240914_03:00:00   6.6873e-02   2.2136e+01   1.4122e+00   3.1970e-04   0.0000e+00   2.6142e+02
20240914_04:00:00   6.0327e-02   2.0415e+01   1.2828e+00   0.0000e+00   0.0000e+00   2.6129e+02
20240914_05:00:00   6.0913e-02   2.0573e+01   1.2963e+00   0.0000e+00   0.0000e+00   2.6164e+02
20240914_06:00:00   5.9716e-02   2.0268e+01   1.2650e+00   0.0000e+00   0.0000e+00   2.6497e+02
20240914_07:00:00   5.8839e-02   2.0041e+01   1.2422e+00   0.0000e+00   0.0000e+00   2.6468e+02
20240914_08:00:00   5.8691e-02   2.0001e+01   1.2371e+00   0.0000e+00   0.0000e+00   2.6321e+02
20240914_09:00:00   5.8315e-02   1.9906e+01   1.2267e+00   0.0000e+00   0.0000e+00   2.6338e+02
20240914_10:00:00   5.8190e-02   1.9873e+01   1.2232e+00   0.0000e+00   0.0000e+00   2.6394e+02
20240914_11:00:00   5.8382e-02   1.9922e+01   1.2269e+00   0.0000e+00   0.0000e+00   2.6426e+02
20240914_12:00:00   5.9198e-02   2.0133e+01   1.2460e+00   0.0000e+00   0.0000e+00   2.6290e+02
20240914_13:00:00   5.9572e-02   2.0236e+01   1.2550e+00   0.0000e+00   0.0000e+00   2.6125e+02
20240914_14:00:00   6.0306e-02   2.0425e+01   1.2720e+00   0.0000e+00   0.0000e+00   2.6120e+02
20240914_15:00:00   5.9289e-02   2.0161e+01   1.2484e+00   0.0000e+00   0.0000e+00   2.6131e+02
20240914_16:00:00   5.7936e-02   1.9793e+01   1.2208e+00   0.0000e+00   0.0000e+00   2.6094e+02
20240914_17:00:00   5.5307e-02   1.9097e+01   1.1608e+00   0.0000e+00   0.0000e+00   2.6229e+02
20240914_18:00:00   5.5626e-02   1.9180e+01   1.1722e+00   0.0000e+00   0.0000e+00   2.6186e+02
20240914_19:00:00   5.8829e-02   2.0019e+01   1.2510e+00   0.0000e+00   0.0000e+00   2.6106e+02
20240914_20:00:00   6.2039e-02   2.0855e+01   1.3302e+00   0.0000e+00   0.0000e+00   2.6081e+02
20240914_21:00:00   6.4214e-02   2.1417e+01   1.3428e+00   6.8630e-04   0.0000e+00   2.6265e+02
20240914_22:00:00   7.1399e-02   2.3298e+01   1.3252e+00   3.8350e-03   0.0000e+00   2.6393e+02
20240914_23:00:00   6.1103e-02   2.0594e+01   1.3164e+00   1.3130e-05   0.0000e+00   2.6415e+02
20240915_00:00:00   7.1586e-02   2.3344e+01   1.3157e+00   4.1730e-03   0.0000e+00   2.6362e+02
20240915_01:00:00   5.8495e-02   1.9909e+01   1.2574e+00   0.0000e+00   0.0000e+00   2.6388e+02
20240915_02:00:00   5.7931e-02   1.9769e+01   1.2416e+00   0.0000e+00   0.0000e+00   2.6395e+02
20240915_03:00:00   5.4576e-02   1.8882e+01   1.1572e+00   0.0000e+00   0.0000e+00   2.6336e+02
20240915_04:00:00   5.3419e-02   1.8575e+01   1.1261e+00   0.0000e+00   0.0000e+00   2.6466e+02
20240915_05:00:00   5.2447e-02   1.8316e+01   1.1000e+00   0.0000e+00   0.0000e+00   2.6469e+02
20240915_06:00:00   5.1133e-02   1.7963e+01   1.0672e+00   0.0000e+00   0.0000e+00   2.6667e+02
20240915_07:00:00   5.0397e-02   1.7763e+01   1.0487e+00   0.0000e+00   0.0000e+00   2.6832e+02
20240915_08:00:00   4.8915e-02   1.7376e+01   1.0103e+00   0.0000e+00   0.0000e+00   2.6994e+02
20240915_09:00:00   4.7362e-02   1.6975e+01   9.6743e-01   0.0000e+00   0.0000e+00   2.7208e+02
20240915_10:00:00   4.6370e-02   1.6710e+01   9.3995e-01   0.0000e+00   0.0000e+00   2.7368e+02
20240915_11:00:00   4.4481e-02   1.6211e+01   8.9191e-01   0.0000e+00   0.0000e+00   2.7276e+02
20240915_12:00:00   4.3899e-02   1.6052e+01   8.7870e-01   0.0000e+00   0.0000e+00   2.7286e+02
20240915_13:00:00   4.3435e-02   1.5927e+01   8.6719e-01   0.0000e+00   0.0000e+00   2.7144e+02
20240915_14:00:00   4.2869e-02   1.5772e+01   8.5265e-01   0.0000e+00   0.0000e+00   2.7078e+02
20240915_15:00:00   4.1944e-02   1.5540e+01   8.2396e-01   0.0000e+00   0.0000e+00   2.6935e+02
20240915_16:00:00   4.2335e-02   1.5636e+01   8.3650e-01   0.0000e+00   0.0000e+00   2.7045e+02
20240915_17:00:00   4.1963e-02   1.5543e+01   8.2300e-01   0.0000e+00   0.0000e+00   2.6936e+02
20240915_18:00:00   4.1444e-02   1.5398e+01   8.1022e-01   0.0000e+00   0.0000e+00   2.6941e+02
20240915_19:00:00   4.0935e-02   1.5262e+01   7.9616e-01   0.0000e+00   0.0000e+00   2.7131e+02
20240915_20:00:00   4.0500e-02   1.5139e+01   7.8790e-01   0.0000e+00   0.0000e+00   2.7303e+02
20240915_21:00:00   3.9832e-02   1.4963e+01   7.7107e-01   0.0000e+00   0.0000e+00   2.7321e+02
20240915_22:00:00   3.8429e-02   1.4584e+01   7.3538e-01   0.0000e+00   0.0000e+00   2.7368e+02
20240915_23:00:00   3.7744e-02   1.4385e+01   7.2073e-01   0.0000e+00   0.0000e+00   2.7352e+02
20240916_00:00:00   3.7963e-02   1.4441e+01   7.2681e-01   0.0000e+00   0.0000e+00   2.7120e+02
20240916_01:00:00   3.8095e-02   1.4474e+01   7.3045e-01   0.0000e+00   6.5480e-06   2.7161e+02
20240916_02:00:00   3.7794e-02   1.4395e+01   7.2202e-01   0.0000e+00   1.9496e-05   2.7014e+02
20240916_03:00:00   3.7630e-02   1.4351e+01   7.1749e-01   0.0000e+00   1.1834e-04   2.7201e+02
20240916_04:00:00   3.7789e-02   1.4400e+01   7.1918e-01   0.0000e+00   1.6230e-04   2.7165e+02
20240916_05:00:00   3.8225e-02   1.4525e+01   7.2770e-01   0.0000e+00   2.5500e-04   2.7105e+02
20240916_06:00:00   3.9595e-02   1.4901e+01   7.5998e-01   0.0000e+00   3.0320e-04   2.7002e+02
20240916_07:00:00   4.1704e-02   1.5477e+01   8.1147e-01   0.0000e+00   1.1824e-04   2.7030e+02
20240916_08:00:00   4.5801e-02   1.6582e+01   9.1240e-01   0.0000e+00   1.0438e-05   2.7108e+02
20240916_09:00:00   5.0434e-02   1.7822e+01   1.0247e+00   0.0000e+00   0.0000e+00   2.7208e+02
20240916_10:00:00   5.1907e-02   1.8198e+01   1.0645e+00   0.0000e+00   1.2946e-04   2.7129e+02
20240916_11:00:00   5.3751e-02   1.8689e+01   1.1076e+00   0.0000e+00   5.0526e-05   2.7124e+02
20240916_12:00:00   5.5187e-02   1.9081e+01   1.1374e+00   0.0000e+00   0.0000e+00   2.7078e+02
20240916_13:00:00   5.6265e-02   1.9358e+01   1.1627e+00   0.0000e+00   7.1780e-06   2.6805e+02
20240916_14:00:00   5.7737e-02   1.9752e+01   1.1903e+00   0.0000e+00   4.2660e-05   2.6868e+02
20240916_15:00:00   6.1436e-02   2.0707e+01   1.2759e+00   0.0000e+00   4.3600e-05   2.6896e+02
20240916_16:00:00   6.3467e-02   2.1222e+01   1.3268e+00   0.0000e+00   1.5622e-05   2.6794e+02
20240916_17:00:00   6.3727e-02   2.1273e+01   1.3414e+00   0.0000e+00   1.5622e-05   2.6710e+02
20240916_18:00:00   6.7726e-02   2.2292e+01   1.4427e+00   0.0000e+00   3.4360e-04   2.6816e+02
20240916_19:00:00   7.3366e-02   2.3733e+01   1.5815e+00   0.0000e+00   5.6986e-04   2.7003e+02
20240916_20:00:00   8.0847e-02   2.5641e+01   1.7566e+00   0.0000e+00   2.9641e-03   2.7074e+02
20240916_21:00:00   9.2190e-02   2.8484e+01   2.0173e+00   0.0000e+00   5.9580e-03   2.7132e+02
20240916_22:00:00   1.0156e-01   3.0793e+01   2.2352e+00   3.4580e-05   6.5720e-03   2.7154e+02
20240916_23:00:00   1.1027e-01   3.2906e+01   2.4376e+00   3.7100e-04   6.8740e-03   2.7050e+02
20240917_00:00:00   1.2897e-01   3.7413e+01   2.7564e+00   2.2620e-03   6.9915e-03   2.6943e+02
20240917_01:00:00   2.0937e-01   5.6010e+01   3.2054e+00   2.6580e-02   7.0219e-03   2.6840e+02
20240917_02:00:00   1.6926e-01   4.6752e+01   3.5114e+00   6.2360e-03   3.6872e-03   2.6760e+02
20240917_03:00:00   1.7212e-01   4.7319e+01   3.7720e+00   3.3110e-03   3.3017e-03   2.6764e+02
20240917_04:00:00   1.7671e-01   4.8313e+01   4.0060e+00   1.0270e-03   4.0508e-03   2.6880e+02
20240917_05:00:00   1.7833e-01   4.8638e+01   4.1032e+00   9.9110e-05   8.4959e-03   2.6918e+02
20240917_06:00:00   1.8781e-01   5.0751e+01   4.3103e+00   0.0000e+00   1.0283e-02   2.7031e+02
20240917_09:00:00   1.9330e-01   5.1855e+01   4.4680e+00   0.0000e+00   3.6121e-02   2.7158e+02
20240917_12:00:00   1.6548e-01   4.5591e+01   3.8560e+00   0.0000e+00   5.0226e-03   2.7162e+02
20240917_15:00:00   1.4072e-01   3.9880e+01   3.2507e+00   0.0000e+00   6.6600e-05   2.7341e+02
20240917_18:00:00   1.3169e-01   3.7551e+01   3.1476e+00   0.0000e+00   5.0540e-03   2.7204e+02
20240917_21:00:00   1.3161e-01   3.7361e+01   3.2080e+00   0.0000e+00   2.2361e-02   2.7006e+02
20240918_00:00:00   1.2195e-01   3.5063e+01   2.9693e+00   0.0000e+00   5.3880e-02   2.7068e+02
20240918_03:00:00   1.2034e-01   3.5002e+01   2.8586e+00   0.0000e+00   3.7576e-04   2.6856e+02
20240918_06:00:00   1.1566e-01   3.4003e+01   2.7078e+00   0.0000e+00   3.7160e-05   2.6972e+02
20240918_09:00:00   1.3174e-01   3.7959e+01   3.0364e+00   0.0000e+00   3.0480e-05   2.7021e+02
20240918_12:00:00   1.4187e-01   4.0347e+01   3.2583e+00   0.0000e+00   6.1420e-05   2.7009e+02
20240918_15:00:00   1.1440e-01   3.3769e+01   2.6352e+00   0.0000e+00   2.0620e-04   2.6959e+02
20240918_18:00:00   8.0058e-02   2.5265e+01   1.8169e+00   0.0000e+00   4.7280e-04   2.7535e+02
20240918_21:00:00   5.6912e-02   1.9327e+01   1.2374e+00   0.0000e+00   1.2634e-06   2.7651e+02
20240919_00:00:00   4.7539e-02   1.6869e+01   9.9347e-01   0.0000e+00   0.0000e+00   2.7397e+02
20240919_03:00:00   4.4991e-02   1.6173e+01   9.3020e-01   0.0000e+00   0.0000e+00   2.6916e+02
20240919_06:00:00   4.3967e-02   1.5868e+01   9.1252e-01   0.0000e+00   1.6484e-04   2.7035e+02
20240919_09:00:00   4.2174e-02   1.5413e+01   8.5677e-01   0.0000e+00   5.3120e-07   2.7220e+02
20240919_12:00:00   4.3954e-02   1.5815e+01   9.1744e-01   0.0000e+00   7.4620e-04   2.7378e+02
20240919_15:00:00   4.6025e-02   1.6301e+01   9.8545e-01   0.0000e+00   4.0945e-03   2.7159e+02
20240919_18:00:00   4.7205e-02   1.6577e+01   1.0248e+00   0.0000e+00   6.0336e-04   2.7245e+02
20240919_21:00:00   4.7266e-02   1.6595e+01   1.0247e+00   0.0000e+00   0.0000e+00   2.7468e+02
20240920_00:00:00   4.8472e-02   1.6847e+01   1.0698e+00   0.0000e+00   3.5237e-03   2.7413e+02
20240920_03:00:00   4.8701e-02   1.6901e+01   1.0792e+00   0.0000e+00   1.3310e-03   2.7329e+02
20240920_06:00:00   4.9524e-02   1.7154e+01   1.0913e+00   0.0000e+00   1.7947e-03   2.7624e+02
20240920_09:00:00   4.8243e-02   1.6782e+01   1.0617e+00   0.0000e+00   4.9679e-03   2.7773e+02
20240920_12:00:00   5.4318e-02   1.8178e+01   1.2586e+00   0.0000e+00   1.1210e-02   2.7476e+02
20240920_15:00:00   5.5542e-02   1.8626e+01   1.2694e+00   0.0000e+00   5.5745e-03   2.7305e+02
20240920_18:00:00   6.8204e-02   2.1784e+01   1.6188e+00   0.0000e+00   1.9105e-03   2.7312e+02
20240920_21:00:00   8.2941e-02   2.5401e+01   2.0144e+00   0.0000e+00   1.0785e-02   2.7245e+02
20240921_00:00:00   1.0868e-01   3.1410e+01   2.7237e+00   0.0000e+00   2.0769e-02   2.7099e+02
20240921_03:00:00   1.1350e-01   3.2433e+01   2.8482e+00   0.0000e+00   7.3732e-02   2.6891e+02
20240921_06:00:00   1.1717e-01   3.3230e+01   2.9510e+00   0.0000e+00   7.6532e-02   2.7053e+02
20240921_09:00:00   1.1724e-01   3.3385e+01   2.9643e+00   0.0000e+00   3.2355e-03   2.6982e+02
20240921_12:00:00   1.2224e-01   3.4508e+01   3.1060e+00   0.0000e+00   1.8842e-03   2.6688e+02
20240921_15:00:00   1.1755e-01   3.3446e+01   2.9818e+00   0.0000e+00   5.6355e-03   2.6661e+02
20240921_18:00:00   1.1385e-01   3.2665e+01   2.8737e+00   0.0000e+00   3.2318e-03   2.6679e+02
20240921_21:00:00   1.1433e-01   3.2714e+01   2.9043e+00   0.0000e+00   2.6889e-03   2.6840e+02
20240922_00:00:00   1.1347e-01   3.2666e+01   2.8103e+00   7.7540e-04   0.0000e+00   2.6652e+02
20240922_03:00:00   1.1781e-01   3.3605e+01   2.9733e+00   0.0000e+00   0.0000e+00   2.6415e+02
20240922_06:00:00   1.2601e-01   3.5583e+01   3.1667e+00   0.0000e+00   0.0000e+00   2.6391e+02
20240922_09:00:00   1.3233e-01   3.6985e+01   3.3031e+00   0.0000e+00   0.0000e+00   2.6418e+02
20240922_12:00:00   1.3474e-01   3.7678e+01   3.3209e+00   0.0000e+00   0.0000e+00   2.6229e+02
20240922_15:00:00   1.2976e-01   3.6601e+01   3.1693e+00   0.0000e+00   0.0000e+00   2.6201e+02
20240922_18:00:00   1.3449e-01   3.7749e+01   3.2667e+00   0.0000e+00   0.0000e+00   2.6456e+02
20240922_21:00:00   1.4394e-01   3.9973e+01   3.4968e+00   0.0000e+00   0.0000e+00   2.6575e+02
20240923_00:00:00   1.5806e-01   4.3179e+01   3.7533e+00   1.7880e-03   0.0000e+00   2.6472e+02
20240923_03:00:00   1.8209e-01   4.8239e+01   4.3692e+00   3.0040e-03   1.8008e-02   2.6527e+02
20240923_06:00:00   1.6930e-01   4.5421e+01   4.2212e+00   0.0000e+00   0.0000e+00   2.6633e+02
20240923_09:00:00   1.8608e-01   4.8891e+01   4.6518e+00   0.0000e+00   5.2019e-03   2.7178e+02
20240923_12:00:00   2.0664e-01   5.3298e+01   5.1264e+00   0.0000e+00   1.1658e-02   2.7007e+02
20240923_15:00:00   2.1373e-01   5.4839e+01   5.2655e+00   0.0000e+00   6.3584e-04   2.6873e+02
20240923_18:00:00   2.3717e-01   5.9674e+01   5.8002e+00   0.0000e+00   3.6463e-03   2.6711e+02
20240923_21:00:00   2.3762e-01   5.9724e+01   5.7967e+00   0.0000e+00   4.7900e-03   2.6845e+02
20240924_00:00:00   2.8749e-01   7.0163e+01   6.4490e+00   7.5450e-03   1.1175e-02   2.6723e+02
20240924_03:00:00   5.5878e-01   1.1855e+02   8.2632e+00   7.8190e-02   1.2711e-01   2.6356e+02
20240924_06:00:00   7.1999e-01   1.4204e+02   8.1632e+00   1.4367e-01   9.2362e-02   2.6669e+02
20240924_09:00:00   6.3822e-01   1.3056e+02   7.5606e+00   1.2385e-01   9.7272e-02   2.7255e+02
20240924_12:00:00   5.7528e-01   1.2052e+02   8.1320e+00   8.7120e-02   2.4590e-01   2.7236e+02
20240924_15:00:00   3.7316e-01   8.5950e+01   8.0104e+00   7.0931e-03   3.6912e-01   2.7385e+02
20240924_18:00:00   3.8554e-01   8.8146e+01   8.3491e+00   5.9514e-03   2.6935e-01   2.7312e+02
20240924_21:00:00   4.3561e-01   9.7221e+01   9.5941e+00   2.3160e-05   8.3276e-02   2.7169e+02
20240925_00:00:00   5.4694e-01   1.1591e+02   1.0959e+01   1.0730e-02   1.8606e-02   2.6861e+02
20240925_03:00:00   6.3857e-01   1.2992e+02   1.0966e+01   4.6590e-02   3.6739e-02   2.6928e+02
20240925_06:00:00   5.0019e-01   1.0866e+02   1.0564e+01   8.9940e-04   2.0703e-02   2.7041e+02
20240925_09:00:00   4.6329e-01   1.0278e+02   9.8762e+00   0.0000e+00   2.4701e-03   2.7118e+02
20240925_12:00:00   4.8201e-01   1.0544e+02   1.0510e+01   0.0000e+00   2.3173e-02   2.6984e+02
20240925_15:00:00   7.9294e-01   1.4953e+02   1.2721e+01   7.2958e-02   2.6769e-01   2.6788e+02
20240925_18:00:00   8.7406e-01   1.5951e+02   1.3259e+01   8.9138e-02   5.3107e-01   2.6798e+02
20240925_21:00:00   2.1830e+00   2.4231e+02   1.3526e+01   6.3024e-01   2.4186e-01   2.6648e+02
20240926_00:00:00   1.3393e+00   2.0288e+02   1.3225e+01   2.8219e-01   4.0159e-02   2.6492e+02
20240926_03:00:00   7.0563e-01   1.3866e+02   1.3237e+01   2.8317e-02   2.5506e-02   2.6366e+02
20240926_06:00:00   8.8603e-01   1.6092e+02   1.3469e+01   9.3126e-02   1.8421e-01   2.6294e+02
20240926_09:00:00   7.8346e-01   1.4919e+02   1.3383e+01   5.2304e-02   3.6060e-02   2.6232e+02
20240926_12:00:00   5.8547e-01   1.2221e+02   1.2229e+01   7.7510e-05   2.1928e-03   2.5951e+02
20240926_15:00:00   5.1130e-01   1.1104e+02   1.0850e+01   1.3940e-05   4.3100e-05   2.6172e+02
20240926_18:00:00   4.4093e-01   9.9673e+01   9.4194e+00   0.0000e+00   1.6932e-03   2.6292e+02
20240926_21:00:00   4.0281e-01   9.3210e+01   8.6696e+00   4.0710e-04   5.8460e-05   2.6302e+02
20240927_00:00:00   4.4055e-01   9.9779e+01   9.4160e+00   1.2210e-03   9.9560e-05   2.5925e+02
20240927_03:00:00   4.6781e-01   1.0447e+02   9.8951e+00   4.6320e-06   2.3920e-05   2.5822e+02
20240927_06:00:00   4.6482e-01   1.0402e+02   9.7484e+00   1.6020e-06   3.2120e-06   2.5994e+02
20240927_09:00:00   4.6235e-01   1.0357e+02   9.6954e+00   0.0000e+00   3.6500e-06   2.6340e+02
20240927_12:00:00   4.2727e-01   9.7641e+01   9.0540e+00   0.0000e+00   0.0000e+00   2.6184e+02
20240927_15:00:00   4.1246e-01   9.4986e+01   8.8774e+00   0.0000e+00   0.0000e+00   2.6286e+02
20240927_18:00:00   4.0402e-01   9.3473e+01   8.7689e+00   0.0000e+00   1.9276e-04   2.6212e+02
20240927_21:00:00   4.0121e-01   9.2970e+01   8.7000e+00   0.0000e+00   3.0180e-06   2.6385e+02
20240928_00:00:00   3.9469e-01   9.1802e+01   8.5945e+00   0.0000e+00   8.1340e-05   2.5933e+02
20240928_03:00:00   3.9051e-01   9.1044e+01   8.5070e+00   0.0000e+00   3.4260e-04   2.6060e+02
20240928_06:00:00   3.8627e-01   9.0188e+01   8.3811e+00   0.0000e+00   3.7980e-05   2.6140e+02
