#            date       tau255        Tb[K]      pwv[mm] lwp[kg*m^-2] iwp[kg*m^-2]       o3[DU]
20251201_12:00:00   8.4338e-02   2.5643e+01   1.9678e+00   0.0000e+00   0.0000e+00   2.4773e+02
20251201_13:00:00   8.6686e-02   2.6246e+01   2.0260e+00   0.0000e+00   0.0000e+00   2.4601e+02
20251201_14:00:00   9.3303e-02   2.7839e+01   2.1967e+00   0.0000e+00   1.0624e-06   2.4642e+02
20251201_15:00:00   1.0197e-01   2.9906e+01   2.4210e+00   0.0000e+00   5.0764e-05   2.4669e+02
20251201_16:00:00   1.0898e-01   3.1585e+01   2.5954e+00   0.0000e+00   7.2800e-05   2.4751e+02
20251201_17:00:00   1.1826e-01   3.3812e+01   2.8148e+00   0.0000e+00   1.2634e-06   2.4809e+02
20251201_18:00:00   1.2594e-01   3.5657e+01   2.9859e+00   0.0000e+00   1.7436e-04   2.4977e+02
20251201_19:00:00   1.2960e-01   3.6550e+01   3.0690e+00   0.0000e+00   6.1496e-04   2.5041e+02
20251201_20:00:00   1.2850e-01   3.6386e+01   3.0303e+00   0.0000e+00   6.0259e-05   2.4852e+02
20251201_21:00:00   1.2967e-01   3.6711e+01   3.0486e+00   0.0000e+00   5.0300e-05   2.4800e+02
20251201_22:00:00   1.3421e-01   3.7747e+01   3.1531e+00   0.0000e+00   3.0185e-04   2.4637e+02
20251201_23:00:00   1.3429e-01   3.7776e+01   3.1510e+00   0.0000e+00   2.8780e-04   2.4590e+02
20251202_00:00:00   1.3415e-01   3.7746e+01   3.1503e+00   0.0000e+00   4.6380e-04   2.4472e+02
20251202_01:00:00   1.3742e-01   3.8508e+01   3.2360e+00   0.0000e+00   1.1150e-04   2.4436e+02
20251202_02:00:00   1.4782e-01   4.0837e+01   3.4982e+00   0.0000e+00   4.1721e-04   2.4380e+02
20251202_03:00:00   1.5416e-01   4.2240e+01   3.6599e+00   0.0000e+00   1.2053e-05   2.4527e+02
20251202_04:00:00   1.5968e-01   4.3446e+01   3.7891e+00   0.0000e+00   4.3120e-05   2.4591e+02
20251202_05:00:00   1.6319e-01   4.4200e+01   3.8669e+00   0.0000e+00   0.0000e+00   2.4588e+02
20251202_06:00:00   1.7036e-01   4.5775e+01   4.0446e+00   0.0000e+00   6.5040e-04   2.4572e+02
20251202_07:00:00   1.7271e-01   4.6276e+01   4.1028e+00   0.0000e+00   2.2020e-03   2.4620e+02
20251202_08:00:00   1.7918e-01   4.7636e+01   4.2569e+00   0.0000e+00   1.3800e-03   2.4674e+02
20251202_09:00:00   1.8163e-01   4.8121e+01   4.3085e+00   0.0000e+00   1.0364e-03   2.4664e+02
20251202_10:00:00   1.7806e-01   4.7319e+01   4.2210e+00   0.0000e+00   1.6656e-03   2.4590e+02
20251202_11:00:00   1.7350e-01   4.6332e+01   4.1093e+00   0.0000e+00   9.5540e-04   2.4582e+02
20251202_12:00:00   1.6840e-01   4.5206e+01   3.9900e+00   0.0000e+00   2.8020e-04   2.4632e+02
20251202_13:00:00   1.6136e-01   4.3620e+01   3.8291e+00   0.0000e+00   4.3280e-04   2.4760e+02
20251202_14:00:00   1.5672e-01   4.2627e+01   3.7173e+00   0.0000e+00   1.4992e-04   2.4886e+02
20251202_15:00:00   1.5393e-01   4.2077e+01   3.6467e+00   0.0000e+00   5.0820e-05   2.5036e+02
20251202_16:00:00   1.5565e-01   4.2508e+01   3.6871e+00   0.0000e+00   3.3390e-04   2.5114e+02
20251202_17:00:00   1.6381e-01   4.4434e+01   3.8644e+00   0.0000e+00   1.7446e-04   2.5021e+02
20251202_18:00:00   1.7776e-01   4.7682e+01   4.1722e+00   0.0000e+00   8.0142e-05   2.4907e+02
20251202_19:00:00   1.8669e-01   4.9700e+01   4.3764e+00   0.0000e+00   2.7961e-05   2.4894e+02
20251202_20:00:00   1.9453e-01   5.1414e+01   4.5541e+00   0.0000e+00   5.3581e-04   2.4995e+02
20251202_21:00:00   2.0075e-01   5.2758e+01   4.7017e+00   0.0000e+00   2.2140e-03   2.5057e+02
20251202_22:00:00   2.0554e-01   5.3804e+01   4.8156e+00   0.0000e+00   3.8364e-03   2.5091e+02
20251202_23:00:00   2.0604e-01   5.3941e+01   4.8300e+00   0.0000e+00   4.1903e-03   2.5159e+02
20251203_00:00:00   2.0278e-01   5.3285e+01   4.7576e+00   0.0000e+00   4.8152e-03   2.5148e+02
20251203_01:00:00   1.9757e-01   5.2157e+01   4.6467e+00   0.0000e+00   8.2006e-03   2.5013e+02
20251203_02:00:00   1.9572e-01   5.1722e+01   4.6162e+00   0.0000e+00   8.8718e-03   2.5052e+02
20251203_03:00:00   1.9239e-01   5.0954e+01   4.5475e+00   0.0000e+00   6.6196e-03   2.5122e+02
20251203_04:00:00   1.8838e-01   5.0079e+01   4.4512e+00   0.0000e+00   2.0769e-03   2.5192e+02
20251203_05:00:00   1.8720e-01   4.9818e+01   4.4162e+00   0.0000e+00   3.7487e-04   2.5302e+02
20251203_06:00:00   1.8877e-01   5.0091e+01   4.4613e+00   0.0000e+00   1.0595e-04   2.5422e+02
20251203_07:00:00   1.8789e-01   4.9859e+01   4.4479e+00   0.0000e+00   6.2348e-04   2.5361e+02
20251203_08:00:00   1.7686e-01   4.7491e+01   4.1770e+00   0.0000e+00   1.3457e-03   2.5324e+02
20251203_09:00:00   1.5557e-01   4.2888e+01   3.6391e+00   0.0000e+00   1.5608e-03   2.5044e+02
20251203_10:00:00   1.6262e-01   4.4483e+01   3.7795e+00   0.0000e+00   6.4890e-04   2.5017e+02
20251203_11:00:00   1.6206e-01   4.4336e+01   3.7669e+00   0.0000e+00   2.0646e-03   2.5047e+02
20251203_12:00:00   1.6068e-01   4.4035e+01   3.7135e+00   0.0000e+00   2.6915e-03   2.5060e+02
20251203_13:00:00   1.5601e-01   4.3029e+01   3.5736e+00   0.0000e+00   8.3639e-03   2.5216e+02
20251203_14:00:00   1.4850e-01   4.1402e+01   3.3645e+00   0.0000e+00   2.1460e-04   2.5300e+02
20251203_15:00:00   1.4304e-01   4.0179e+01   3.2176e+00   0.0000e+00   0.0000e+00   2.5408e+02
20251203_16:00:00   1.3613e-01   3.8614e+01   3.0608e+00   0.0000e+00   0.0000e+00   2.5456e+02
20251203_17:00:00   1.3887e-01   3.9227e+01   3.1346e+00   0.0000e+00   0.0000e+00   2.5524e+02
20251203_18:00:00   1.3548e-01   3.8473e+01   3.0498e+00   0.0000e+00   0.0000e+00   2.5684e+02
20251203_19:00:00   1.3696e-01   3.8844e+01   3.0668e+00   0.0000e+00   0.0000e+00   2.5622e+02
20251203_20:00:00   1.3592e-01   3.8611e+01   3.0339e+00   0.0000e+00   0.0000e+00   2.5646e+02
20251203_21:00:00   1.3130e-01   3.7531e+01   2.9274e+00   0.0000e+00   2.2020e-05   2.5629e+02
20251203_22:00:00   1.2872e-01   3.6938e+01   2.8627e+00   0.0000e+00   7.1580e-05   2.5677e+02
20251203_23:00:00   1.2909e-01   3.7033e+01   2.8626e+00   0.0000e+00   6.0360e-06   2.5646e+02
20251204_00:00:00   1.3041e-01   3.7350e+01   2.8876e+00   0.0000e+00   0.0000e+00   2.5639e+02
20251204_01:00:00   1.3250e-01   3.7843e+01   2.9289e+00   0.0000e+00   9.0550e-06   2.5604e+02
20251204_02:00:00   1.2997e-01   3.7232e+01   2.8779e+00   0.0000e+00   7.8330e-05   2.5549e+02
20251204_03:00:00   1.2598e-01   3.6272e+01   2.7959e+00   0.0000e+00   1.3136e-04   2.5575e+02
20251204_04:00:00   1.2566e-01   3.6167e+01   2.7879e+00   0.0000e+00   6.5850e-05   2.5655e+02
20251204_05:00:00   1.2488e-01   3.5953e+01   2.7755e+00   0.0000e+00   4.7996e-05   2.5749e+02
20251204_06:00:00   1.2338e-01   3.5596e+01   2.7361e+00   0.0000e+00   6.4860e-05   2.5793e+02
20251204_07:00:00   1.2523e-01   3.6037e+01   2.7682e+00   0.0000e+00   4.1418e-05   2.5744e+02
20251204_08:00:00   1.2662e-01   3.6355e+01   2.7913e+00   0.0000e+00   4.6283e-05   2.5708e+02
20251204_09:00:00   1.2411e-01   3.5767e+01   2.7329e+00   0.0000e+00   1.9634e-04   2.5711e+02
20251204_10:00:00   1.2566e-01   3.6114e+01   2.7772e+00   0.0000e+00   8.0760e-06   2.5696e+02
20251204_11:00:00   1.3118e-01   3.7377e+01   2.9128e+00   0.0000e+00   1.8594e-06   2.5696e+02
20251204_12:00:00   1.3440e-01   3.8091e+01   3.0008e+00   0.0000e+00   0.0000e+00   2.5758e+02
20251204_13:00:00   1.3563e-01   3.8339e+01   3.0430e+00   0.0000e+00   0.0000e+00   2.5700e+02
20251204_14:00:00   1.4040e-01   3.9417e+01   3.1553e+00   0.0000e+00   0.0000e+00   2.5755e+02
20251204_15:00:00   1.5221e-01   4.2123e+01   3.4115e+00   0.0000e+00   0.0000e+00   2.5788e+02
20251204_16:00:00   1.6009e-01   4.3902e+01   3.5900e+00   0.0000e+00   0.0000e+00   2.5787e+02
20251204_17:00:00   1.6109e-01   4.4093e+01   3.6210e+00   0.0000e+00   0.0000e+00   2.5852e+02
20251204_18:00:00   1.5587e-01   4.2894e+01   3.5153e+00   0.0000e+00   0.0000e+00   2.5817e+02
20251204_19:00:00   1.4702e-01   4.0859e+01   3.3284e+00   0.0000e+00   0.0000e+00   2.5923e+02
20251204_20:00:00   1.3662e-01   3.8438e+01   3.1073e+00   0.0000e+00   0.0000e+00   2.6048e+02
20251204_21:00:00   1.2929e-01   3.6703e+01   2.9569e+00   0.0000e+00   0.0000e+00   2.6189e+02
20251204_22:00:00   1.2915e-01   3.6632e+01   2.9604e+00   0.0000e+00   0.0000e+00   2.6093e+02
20251204_23:00:00   1.2693e-01   3.6090e+01   2.9130e+00   0.0000e+00   0.0000e+00   2.5932e+02
20251205_00:00:00   1.2303e-01   3.5145e+01   2.8273e+00   0.0000e+00   0.0000e+00   2.5886e+02
20251205_01:00:00   1.2113e-01   3.4719e+01   2.7825e+00   0.0000e+00   0.0000e+00   2.5784e+02
20251205_02:00:00   1.2317e-01   3.5196e+01   2.8300e+00   0.0000e+00   0.0000e+00   2.5659e+02
20251205_03:00:00   1.2837e-01   3.6385e+01   2.9517e+00   0.0000e+00   0.0000e+00   2.5546e+02
20251205_04:00:00   1.3529e-01   3.7988e+01   3.1168e+00   0.0000e+00   0.0000e+00   2.5464e+02
20251205_05:00:00   1.4102e-01   3.9285e+01   3.2507e+00   0.0000e+00   0.0000e+00   2.5418e+02
20251205_06:00:00   1.4129e-01   3.9340e+01   3.2428e+00   0.0000e+00   0.0000e+00   2.5416e+02
20251205_07:00:00   1.3826e-01   3.8692e+01   3.1436e+00   0.0000e+00   0.0000e+00   2.5494e+02
20251205_08:00:00   1.3114e-01   3.7093e+01   2.9471e+00   0.0000e+00   0.0000e+00   2.5592e+02
20251205_09:00:00   1.1747e-01   3.3919e+01   2.6132e+00   0.0000e+00   0.0000e+00   2.5587e+02
20251205_10:00:00   9.6755e-02   2.8975e+01   2.1222e+00   0.0000e+00   0.0000e+00   2.5560e+02
20251205_11:00:00   7.7144e-02   2.4157e+01   1.6563e+00   0.0000e+00   0.0000e+00   2.5476e+02
20251205_12:00:00   6.3930e-02   2.0839e+01   1.3416e+00   0.0000e+00   0.0000e+00   2.5565e+02
20251205_13:00:00   5.8293e-02   1.9407e+01   1.2072e+00   0.0000e+00   0.0000e+00   2.5480e+02
20251205_14:00:00   5.5176e-02   1.8608e+01   1.1348e+00   0.0000e+00   0.0000e+00   2.5306e+02
20251205_15:00:00   5.2081e-02   1.7813e+01   1.0600e+00   0.0000e+00   0.0000e+00   2.5337e+02
20251205_16:00:00   4.9240e-02   1.7083e+01   9.9135e-01   0.0000e+00   0.0000e+00   2.5415e+02
20251205_17:00:00   4.7111e-02   1.6533e+01   9.3915e-01   0.0000e+00   0.0000e+00   2.5483e+02
20251205_18:00:00   4.6183e-02   1.6291e+01   9.1637e-01   0.0000e+00   0.0000e+00   2.5481e+02
20251205_19:00:00   4.6671e-02   1.6429e+01   9.2557e-01   0.0000e+00   0.0000e+00   2.5462e+02
20251205_20:00:00   4.8492e-02   1.6924e+01   9.6495e-01   0.0000e+00   0.0000e+00   2.5600e+02
20251205_21:00:00   5.2128e-02   1.7876e+01   1.0511e+00   0.0000e+00   0.0000e+00   2.5543e+02
20251205_22:00:00   5.4431e-02   1.8466e+01   1.1077e+00   0.0000e+00   0.0000e+00   2.5434e+02
20251205_23:00:00   5.4287e-02   1.8409e+01   1.1118e+00   0.0000e+00   0.0000e+00   2.5486e+02
20251206_00:00:00   5.4246e-02   1.8406e+01   1.1102e+00   0.0000e+00   0.0000e+00   2.5506e+02
20251206_01:00:00   5.2756e-02   1.8027e+01   1.0746e+00   0.0000e+00   0.0000e+00   2.5565e+02
20251206_02:00:00   5.0737e-02   1.7512e+01   1.0227e+00   0.0000e+00   0.0000e+00   2.5615e+02
20251206_03:00:00   4.9931e-02   1.7303e+01   1.0018e+00   0.0000e+00   0.0000e+00   2.5624e+02
20251206_04:00:00   4.9359e-02   1.7135e+01   9.8808e-01   0.0000e+00   0.0000e+00   2.5532e+02
20251206_05:00:00   4.8744e-02   1.6972e+01   9.7495e-01   0.0000e+00   1.9864e-05   2.5574e+02
20251206_06:00:00   4.9551e-02   1.7186e+01   9.9144e-01   0.0000e+00   2.7180e-04   2.5552e+02
20251206_07:00:00   4.7983e-02   1.6758e+01   9.5909e-01   0.0000e+00   1.3812e-03   2.5555e+02
20251206_08:00:00   4.8638e-02   1.6919e+01   9.7444e-01   0.0000e+00   7.7766e-04   2.5645e+02
20251206_09:00:00   4.8082e-02   1.6762e+01   9.6520e-01   0.0000e+00   2.5279e-03   2.5682e+02
20251206_10:00:00   4.8017e-02   1.6722e+01   9.7153e-01   0.0000e+00   1.5122e-03   2.5659e+02
20251206_11:00:00   4.8886e-02   1.6923e+01   1.0000e+00   0.0000e+00   4.4100e-03   2.5457e+02
20251206_12:00:00   5.0638e-02   1.7326e+01   1.0568e+00   0.0000e+00   5.5717e-03   2.5442e+02
20251206_15:00:00   5.4477e-02   1.8226e+01   1.1722e+00   0.0000e+00   2.3925e-03   2.5591e+02
20251206_18:00:00   5.8232e-02   1.9127e+01   1.2810e+00   0.0000e+00   1.4246e-03   2.5816e+02
20251206_21:00:00   6.2361e-02   2.0132e+01   1.3876e+00   0.0000e+00   2.0682e-03   2.5749e+02
20251207_00:00:00   6.7751e-02   2.1370e+01   1.5412e+00   0.0000e+00   9.7502e-03   2.5335e+02
20251207_03:00:00   7.1390e-02   2.2276e+01   1.6316e+00   0.0000e+00   1.0190e-03   2.5688e+02
20251207_06:00:00   7.5948e-02   2.3368e+01   1.7461e+00   0.0000e+00   1.3926e-03   2.5926e+02
20251207_09:00:00   8.0318e-02   2.4350e+01   1.8604e+00   0.0000e+00   2.2770e-03   2.5946e+02
20251207_12:00:00   8.1962e-02   2.4833e+01   1.8825e+00   0.0000e+00   1.7030e-03   2.5849e+02
20251207_15:00:00   5.1692e-02   1.7835e+01   1.0088e+00   0.0000e+00   6.4660e-04   2.6205e+02
20251207_18:00:00   4.8992e-02   1.7187e+01   9.3088e-01   0.0000e+00   1.4590e-03   2.6392e+02
20251207_21:00:00   5.0048e-02   1.7476e+01   9.5940e-01   0.0000e+00   0.0000e+00   2.6175e+02
20251208_00:00:00   6.6288e-02   2.1527e+01   1.3755e+00   2.7920e-04   0.0000e+00   2.6008e+02
20251208_03:00:00   7.9982e-02   2.4924e+01   1.7372e+00   0.0000e+00   0.0000e+00   2.5827e+02
20251208_06:00:00   8.7562e-02   2.6751e+01   1.9220e+00   0.0000e+00   0.0000e+00   2.6056e+02
20251208_09:00:00   8.0331e-02   2.4937e+01   1.7612e+00   0.0000e+00   0.0000e+00   2.5947e+02
20251208_12:00:00   8.5448e-02   2.5959e+01   1.9396e+00   0.0000e+00   0.0000e+00   2.5932e+02
20251208_15:00:00   7.1741e-02   2.2726e+01   1.5735e+00   0.0000e+00   0.0000e+00   2.5919e+02
20251208_18:00:00   6.9848e-02   2.2391e+01   1.4931e+00   0.0000e+00   0.0000e+00   2.5689e+02
20251208_21:00:00   7.2865e-02   2.3172e+01   1.5687e+00   0.0000e+00   0.0000e+00   2.5848e+02
20251209_00:00:00   7.2626e-02   2.3104e+01   1.5729e+00   0.0000e+00   0.0000e+00   2.5531e+02
20251209_03:00:00   6.8881e-02   2.2165e+01   1.4860e+00   0.0000e+00   0.0000e+00   2.5112e+02
20251209_06:00:00   7.0705e-02   2.2604e+01   1.5368e+00   0.0000e+00   0.0000e+00   2.5166e+02
20251209_09:00:00   7.5619e-02   2.3758e+01   1.6750e+00   0.0000e+00   0.0000e+00   2.5160e+02
20251209_12:00:00   9.0650e-02   2.7359e+01   2.0784e+00   0.0000e+00   0.0000e+00   2.5002e+02
20251209_15:00:00   9.7131e-02   2.8901e+01   2.2457e+00   0.0000e+00   0.0000e+00   2.5195e+02
20251209_18:00:00   9.4234e-02   2.8276e+01   2.1576e+00   0.0000e+00   0.0000e+00   2.5361e+02
20251209_21:00:00   9.1465e-02   2.7624e+01   2.0834e+00   0.0000e+00   0.0000e+00   2.5445e+02
20251210_00:00:00   6.9258e-02   2.2344e+01   1.4845e+00   0.0000e+00   0.0000e+00   2.5376e+02
20251210_03:00:00   6.6914e-02   2.1770e+01   1.4176e+00   0.0000e+00   0.0000e+00   2.5001e+02
20251210_06:00:00   6.7758e-02   2.1939e+01   1.4368e+00   0.0000e+00   0.0000e+00   2.5197e+02
20251210_09:00:00   6.6659e-02   2.1713e+01   1.3867e+00   0.0000e+00   0.0000e+00   2.5324e+02
20251210_12:00:00   7.1538e-02   2.2905e+01   1.5065e+00   0.0000e+00   0.0000e+00   2.5239e+02
20251210_15:00:00   8.0757e-02   2.5200e+01   1.7274e+00   0.0000e+00   0.0000e+00   2.5142e+02
20251210_18:00:00   9.1226e-02   2.7759e+01   1.9852e+00   0.0000e+00   2.7460e-05   2.5014e+02
20251210_21:00:00   8.7457e-02   2.6891e+01   1.8874e+00   0.0000e+00   3.5520e-04   2.5160e+02
20251211_00:00:00   8.1591e-02   2.5428e+01   1.7540e+00   0.0000e+00   4.6824e-03   2.4931e+02
20251211_03:00:00   8.0876e-02   2.5139e+01   1.7586e+00   0.0000e+00   1.3906e-04   2.4913e+02
20251211_06:00:00   7.6709e-02   2.4135e+01   1.6324e+00   1.4397e-05   1.6282e-05   2.4799e+02
20251211_09:00:00   7.5001e-02   2.3661e+01   1.5801e+00   0.0000e+00   1.2634e-06   2.4599e+02
20251211_12:00:00   8.3580e-02   2.5786e+01   1.7689e+00   0.0000e+00   0.0000e+00   2.4510e+02
20251211_15:00:00   8.5688e-02   2.6329e+01   1.8005e+00   0.0000e+00   0.0000e+00   2.4612e+02
20251211_18:00:00   7.9657e-02   2.4773e+01   1.7012e+00   0.0000e+00   0.0000e+00   2.4882e+02
20251211_21:00:00   9.2850e-02   2.7902e+01   2.0445e+00   0.0000e+00   0.0000e+00   2.4751e+02
20251212_00:00:00   1.6615e-01   4.5065e+01   2.6229e+00   2.0520e-02   0.0000e+00   2.4455e+02
20251212_03:00:00   1.2125e-01   3.4580e+01   2.6491e+00   1.3560e-03   0.0000e+00   2.4381e+02
20251212_06:00:00   1.0512e-01   3.0604e+01   2.3601e+00   3.9210e-04   0.0000e+00   2.4540e+02
20251212_09:00:00   9.9798e-02   2.9245e+01   2.2663e+00   0.0000e+00   0.0000e+00   2.4483e+02
20251212_12:00:00   2.1344e-01   5.4547e+01   4.8183e+00   0.0000e+00   3.7939e-03   2.4295e+02
20251212_15:00:00   3.5157e-01   8.1696e+01   7.4766e+00   0.0000e+00   2.2174e-02   2.4310e+02
20251212_18:00:00   4.1848e-01   9.3479e+01   8.5944e+00   0.0000e+00   1.4152e-01   2.4494e+02
20251212_21:00:00   4.4784e-01   9.8398e+01   9.0424e+00   1.6270e-04   3.7293e-01   2.4447e+02
20251213_00:00:00   5.8766e-01   1.2077e+02   9.0907e+00   5.8487e-02   3.6017e-01   2.4596e+02
20251213_03:00:00   4.2683e-01   9.4872e+01   8.8395e+00   6.3280e-05   2.6796e-01   2.4309e+02
20251213_06:00:00   4.5258e-01   9.9162e+01   9.0410e+00   3.7176e-03   5.0469e-01   2.4331e+02
20251213_09:00:00   6.2624e-01   1.2634e+02   9.5222e+00   6.2100e-02   7.7240e-01   2.4520e+02
20251213_12:00:00   5.6826e-01   1.1798e+02   9.7685e+00   3.6812e-02   4.1842e-01   2.4487e+02
20251213_15:00:00   6.1924e-01   1.2545e+02   9.6704e+00   5.6015e-02   7.8269e-01   2.4458e+02
20251213_18:00:00   6.3021e-01   1.2715e+02   9.7333e+00   6.1007e-02   5.7851e-01   2.4673e+02
20251213_21:00:00   5.2377e-01   1.1108e+02   9.7506e+00   1.6327e-02   5.1559e-01   2.4820e+02
20251214_00:00:00   6.7752e-01   1.3356e+02   9.5290e+00   8.6681e-02   5.4257e-01   2.4651e+02
20251214_03:00:00   5.3078e-01   1.1202e+02   9.5134e+00   2.5281e-02   4.9057e-01   2.4683e+02
20251214_06:00:00   6.5267e-01   1.3030e+02   9.5029e+00   7.6119e-02   4.7738e-01   2.4741e+02
20251214_09:00:00   4.4544e-01   9.8413e+01   9.0107e+00   3.5330e-03   3.4882e-01   2.4771e+02
20251214_12:00:00   6.4418e-01   1.2920e+02   9.6230e+00   6.7846e-02   5.7977e-01   2.4817e+02
20251214_15:00:00   1.1453e+00   1.8520e+02   9.7726e+00   2.7571e-01   4.3442e-01   2.4828e+02
20251214_18:00:00   4.5144e-01   9.9303e+01   9.3257e+00   0.0000e+00   3.0553e-01   2.4911e+02
20251214_21:00:00   7.0476e-01   1.3806e+02   9.7102e+00   9.6344e-02   9.6907e-02   2.4994e+02
20251215_00:00:00   1.3212e+00   1.9928e+02   9.0562e+00   3.6904e-01   4.2342e-02   2.4903e+02
20251215_03:00:00   1.8518e+00   2.2942e+02   8.3022e+00   6.0594e-01   1.9702e-02   2.4615e+02
20251215_06:00:00   4.5897e-01   1.0143e+02   7.0659e+00   5.3305e-02   2.3546e-03   2.4654e+02
20251215_09:00:00   4.2390e-01   9.5761e+01   6.6185e+00   4.4498e-02   7.3814e-05   2.4430e+02
20251215_12:00:00   1.9737e-01   5.1714e+01   4.2923e+00   0.0000e+00   0.0000e+00   2.4289e+02
20251215_15:00:00   2.8128e-01   6.8961e+01   5.9578e+00   0.0000e+00   1.6730e-05   2.4203e+02
20251215_18:00:00   3.4471e-01   8.1127e+01   7.1111e+00   0.0000e+00   6.2652e-05   2.4330e+02
20251215_21:00:00   4.0089e-01   9.1487e+01   7.8908e+00   5.1490e-03   9.9382e-05   2.4115e+02
20251216_00:00:00   4.7461e-01   1.0447e+02   7.6733e+00   4.0959e-02   8.3019e-05   2.3843e+02
20251216_03:00:00   3.7585e-01   8.7348e+01   7.2521e+00   8.3380e-03   1.5712e-05   2.3770e+02
20251216_06:00:00   3.4934e-01   8.2492e+01   7.0103e+00   2.3941e-03   5.2380e-06   2.3859e+02
20251216_09:00:00   3.4749e-01   8.2120e+01   6.9976e+00   5.7380e-04   3.6430e-06   2.4012e+02
20251216_12:00:00   3.2660e-01   7.8285e+01   6.6143e+00   0.0000e+00   0.0000e+00   2.4065e+02
20251216_15:00:00   3.2124e-01   7.7232e+01   6.5104e+00   0.0000e+00   2.6180e-05   2.4175e+02
20251216_18:00:00   3.0936e-01   7.5109e+01   6.1745e+00   2.6158e-03   0.0000e+00   2.4344e+02
20251216_21:00:00   2.6207e-01   6.5762e+01   5.3532e+00   0.0000e+00   5.0540e-06   2.4564e+02
20251217_00:00:00   3.7981e-01   8.8296e+01   6.3577e+00   2.9603e-02   3.3269e-05   2.4496e+02
20251217_03:00:00   5.4761e-01   1.1659e+02   6.3667e+00   9.9325e-02   7.2335e-03   2.4766e+02
20251217_06:00:00   6.4088e-01   1.2986e+02   7.5730e+00   1.1556e-01   4.5923e-03   2.4829e+02
20251217_09:00:00   3.4735e-01   8.1581e+01   7.0647e+00   5.1134e-03   1.9958e-02   2.5071e+02
20251217_12:00:00   3.0788e-01   7.4255e+01   6.3962e+00   0.0000e+00   4.4840e-04   2.5631e+02
