#            date       tau255        Tb[K]      pwv[mm] lwp[kg*m^-2] iwp[kg*m^-2]       o3[DU]
20241130_00:00:00   1.0339e-01   2.9758e+01   1.8253e+00   0.0000e+00   5.9150e-05   3.2436e+02
20241130_01:00:00   1.0139e-01   2.9263e+01   1.7782e+00   0.0000e+00   3.5509e-05   3.1976e+02
20241130_02:00:00   1.0314e-01   2.9657e+01   1.8013e+00   0.0000e+00   3.0880e-05   3.2257e+02
20241130_03:00:00   9.9269e-02   2.8812e+01   1.7023e+00   0.0000e+00   0.0000e+00   3.2407e+02
20241130_04:00:00   1.0767e-01   3.0723e+01   1.8618e+00   0.0000e+00   0.0000e+00   3.2154e+02
20241130_05:00:00   1.0826e-01   3.0875e+01   1.8595e+00   0.0000e+00   0.0000e+00   3.2200e+02
20241130_06:00:00   1.1119e-01   3.1497e+01   1.9194e+00   0.0000e+00   0.0000e+00   3.2387e+02
20241130_07:00:00   1.0876e-01   3.0919e+01   1.8828e+00   0.0000e+00   0.0000e+00   3.2228e+02
20241130_08:00:00   1.0025e-01   2.8986e+01   1.7315e+00   0.0000e+00   0.0000e+00   3.1554e+02
20241130_09:00:00   9.4033e-02   2.7553e+01   1.6183e+00   0.0000e+00   0.0000e+00   3.1028e+02
20241130_10:00:00   9.5527e-02   2.7859e+01   1.6739e+00   0.0000e+00   0.0000e+00   3.1153e+02
20241130_11:00:00   9.9969e-02   2.8832e+01   1.8042e+00   0.0000e+00   1.4760e-04   3.1450e+02
20241130_12:00:00   1.0385e-01   2.9704e+01   1.9264e+00   0.0000e+00   7.3637e-04   3.1757e+02
20241130_13:00:00   1.1505e-01   3.2212e+01   2.1885e+00   0.0000e+00   1.2351e-03   3.1947e+02
20241130_14:00:00   1.3181e-01   3.5911e+01   2.5577e+00   0.0000e+00   3.6056e-03   3.2613e+02
20241130_15:00:00   1.4309e-01   3.8426e+01   2.7836e+00   0.0000e+00   4.4271e-03   3.2362e+02
20241130_16:00:00   1.3331e-01   3.6263e+01   2.5856e+00   0.0000e+00   2.1756e-03   3.1779e+02
20241130_17:00:00   1.1832e-01   3.2949e+01   2.2744e+00   0.0000e+00   5.1553e-04   3.1234e+02
20241130_18:00:00   1.2628e-01   3.4775e+01   2.4420e+00   0.0000e+00   9.2935e-04   3.1096e+02
20241130_19:00:00   1.5268e-01   4.0677e+01   2.9852e+00   9.2000e-05   2.5844e-03   3.1053e+02
20241130_20:00:00   1.7696e-01   4.6020e+01   3.4793e+00   3.1986e-04   5.3527e-03   3.1377e+02
20241130_21:00:00   2.0388e-01   5.1793e+01   3.9876e+00   1.1335e-03   1.2322e-02   3.1214e+02
20241130_22:00:00   2.2884e-01   5.7009e+01   4.3809e+00   4.1091e-03   1.8598e-02   3.1520e+02
20241130_23:00:00   2.3814e-01   5.8812e+01   4.4934e+00   5.5645e-03   2.5183e-02   3.1437e+02
20241201_00:00:00   2.3463e-01   5.8113e+01   4.3963e+00   5.1851e-03   1.0097e-02   3.0942e+02
20241201_01:00:00   2.2726e-01   5.6708e+01   4.3482e+00   2.2879e-03   1.0235e-02   3.0743e+02
20241201_02:00:00   2.4036e-01   5.9268e+01   4.5939e+00   2.3165e-03   1.3162e-02   3.0597e+02
20241201_03:00:00   2.3637e-01   5.8538e+01   4.5694e+00   3.6080e-05   9.6185e-03   3.0381e+02
20241201_04:00:00   2.1120e-01   5.3425e+01   4.0943e+00   0.0000e+00   8.7747e-03   3.0383e+02
20241201_05:00:00   1.9583e-01   5.0265e+01   3.7898e+00   0.0000e+00   5.3043e-03   3.0282e+02
20241201_06:00:00   1.8359e-01   4.7700e+01   3.5510e+00   0.0000e+00   1.8749e-03   2.9761e+02
20241201_07:00:00   1.7638e-01   4.6191e+01   3.4115e+00   0.0000e+00   7.1705e-04   2.9150e+02
20241201_08:00:00   1.7227e-01   4.5339e+01   3.3364e+00   0.0000e+00   1.3583e-03   2.8939e+02
20241201_09:00:00   1.6831e-01   4.4546e+01   3.2601e+00   0.0000e+00   2.3959e-03   2.8840e+02
20241201_10:00:00   1.6519e-01   4.3904e+01   3.2024e+00   0.0000e+00   2.0058e-03   2.8772e+02
20241201_11:00:00   1.6216e-01   4.3290e+01   3.1423e+00   0.0000e+00   2.0180e-03   2.8957e+02
20241201_12:00:00   1.6172e-01   4.3188e+01   3.1468e+00   0.0000e+00   1.9354e-03   2.9269e+02
20241201_13:00:00   1.5914e-01   4.2632e+01   3.0974e+00   0.0000e+00   1.1932e-03   2.9436e+02
20241201_14:00:00   1.6167e-01   4.3131e+01   3.1668e+00   0.0000e+00   1.6525e-03   2.9409e+02
20241201_15:00:00   1.6422e-01   4.3651e+01   3.2278e+00   0.0000e+00   2.9191e-03   2.9312e+02
20241201_16:00:00   1.6282e-01   4.3382e+01   3.1952e+00   0.0000e+00   1.8309e-03   2.9510e+02
20241201_17:00:00   1.6285e-01   4.3427e+01   3.1843e+00   0.0000e+00   1.2834e-04   2.9470e+02
20241201_18:00:00   1.6615e-01   4.4188e+01   3.2415e+00   0.0000e+00   4.8721e-04   2.9056e+02
20241201_19:00:00   1.6923e-01   4.4898e+01   3.2965e+00   0.0000e+00   0.0000e+00   2.8544e+02
20241201_20:00:00   1.7444e-01   4.6043e+01   3.4113e+00   0.0000e+00   2.7557e-05   2.8116e+02
20241201_21:00:00   1.8818e-01   4.9005e+01   3.6960e+00   0.0000e+00   0.0000e+00   2.7950e+02
20241201_22:00:00   2.0568e-01   5.2704e+01   4.0399e+00   0.0000e+00   0.0000e+00   2.8026e+02
20241201_23:00:00   2.2266e-01   5.6221e+01   4.3734e+00   0.0000e+00   0.0000e+00   2.8183e+02
20241202_00:00:00   2.3505e-01   5.8817e+01   4.6012e+00   0.0000e+00   0.0000e+00   2.8339e+02
20241202_01:00:00   2.4888e-01   6.1695e+01   4.8350e+00   0.0000e+00   0.0000e+00   2.8542e+02
20241202_02:00:00   2.5932e-01   6.3848e+01   5.0093e+00   0.0000e+00   0.0000e+00   2.8713e+02
20241202_03:00:00   2.5736e-01   6.3580e+01   4.9296e+00   0.0000e+00   0.0000e+00   2.8821e+02
20241202_04:00:00   2.5667e-01   6.3508e+01   4.8993e+00   0.0000e+00   0.0000e+00   2.8826e+02
20241202_05:00:00   2.6051e-01   6.4374e+01   4.9449e+00   0.0000e+00   0.0000e+00   2.8811e+02
20241202_06:00:00   2.6057e-01   6.4426e+01   4.9303e+00   0.0000e+00   0.0000e+00   2.8635e+02
20241202_07:00:00   2.4823e-01   6.2036e+01   4.6961e+00   0.0000e+00   0.0000e+00   2.8472e+02
20241202_08:00:00   2.3953e-01   6.0296e+01   4.5625e+00   0.0000e+00   0.0000e+00   2.8358e+02
20241202_09:00:00   2.3878e-01   6.0161e+01   4.5773e+00   0.0000e+00   0.0000e+00   2.8143e+02
20241202_10:00:00   2.4289e-01   6.1010e+01   4.6792e+00   0.0000e+00   0.0000e+00   2.8165e+02
20241202_11:00:00   2.4502e-01   6.1431e+01   4.7428e+00   0.0000e+00   0.0000e+00   2.8279e+02
20241202_12:00:00   2.4224e-01   6.0901e+01   4.6947e+00   0.0000e+00   0.0000e+00   2.8454e+02
20241202_13:00:00   2.4233e-01   6.0949e+01   4.7045e+00   0.0000e+00   0.0000e+00   2.8575e+02
20241202_14:00:00   2.4108e-01   6.0761e+01   4.6629e+00   0.0000e+00   0.0000e+00   2.8628e+02
20241202_15:00:00   2.4147e-01   6.0887e+01   4.6600e+00   0.0000e+00   0.0000e+00   2.8572e+02
20241202_16:00:00   2.3973e-01   6.0586e+01   4.6233e+00   0.0000e+00   0.0000e+00   2.8448e+02
20241202_17:00:00   2.3783e-01   6.0205e+01   4.5781e+00   0.0000e+00   0.0000e+00   2.8474e+02
20241202_18:00:00   2.3325e-01   5.9301e+01   4.4771e+00   0.0000e+00   0.0000e+00   2.8621e+02
20241202_19:00:00   2.2382e-01   5.7366e+01   4.2927e+00   0.0000e+00   0.0000e+00   2.8788e+02
20241202_20:00:00   2.1499e-01   5.5524e+01   4.1248e+00   0.0000e+00   0.0000e+00   2.8965e+02
20241202_21:00:00   2.1188e-01   5.4870e+01   4.0712e+00   0.0000e+00   0.0000e+00   2.9014e+02
20241202_22:00:00   2.0366e-01   5.3110e+01   3.9363e+00   0.0000e+00   0.0000e+00   2.9073e+02
20241202_23:00:00   1.9634e-01   5.1520e+01   3.8310e+00   0.0000e+00   0.0000e+00   2.9063e+02
20241203_00:00:00   1.9430e-01   5.1020e+01   3.8192e+00   0.0000e+00   0.0000e+00   2.9248e+02
20241203_01:00:00   1.8756e-01   4.9672e+01   3.6509e+00   0.0000e+00   0.0000e+00   2.9274e+02
20241203_02:00:00   1.7937e-01   4.8033e+01   3.4374e+00   0.0000e+00   0.0000e+00   2.9390e+02
20241203_03:00:00   1.6697e-01   4.5325e+01   3.1717e+00   0.0000e+00   0.0000e+00   2.9527e+02
20241203_04:00:00   1.5528e-01   4.2717e+01   2.9314e+00   0.0000e+00   0.0000e+00   2.9669e+02
20241203_05:00:00   1.4433e-01   4.0233e+01   2.7212e+00   0.0000e+00   0.0000e+00   2.9663e+02
20241203_06:00:00   1.4236e-01   3.9744e+01   2.7022e+00   0.0000e+00   0.0000e+00   2.9761e+02
20241203_07:00:00   1.4779e-01   4.0959e+01   2.8203e+00   0.0000e+00   0.0000e+00   2.9893e+02
20241203_08:00:00   1.5178e-01   4.1891e+01   2.9002e+00   0.0000e+00   0.0000e+00   2.9772e+02
20241203_09:00:00   1.4886e-01   4.1209e+01   2.8551e+00   0.0000e+00   1.8442e-06   2.9633e+02
20241203_10:00:00   1.4818e-01   4.0979e+01   2.8572e+00   0.0000e+00   0.0000e+00   2.9662e+02
20241203_11:00:00   1.5100e-01   4.1551e+01   2.9356e+00   0.0000e+00   1.8442e-06   2.9607e+02
20241203_12:00:00   1.5169e-01   4.1635e+01   2.9653e+00   0.0000e+00   1.6997e-04   2.9713e+02
20241203_13:00:00   1.4880e-01   4.0987e+01   2.9041e+00   0.0000e+00   2.3820e-05   2.9772e+02
20241203_14:00:00   1.4482e-01   4.0108e+01   2.8183e+00   0.0000e+00   0.0000e+00   2.9753e+02
20241203_15:00:00   1.4129e-01   3.9322e+01   2.7459e+00   0.0000e+00   0.0000e+00   2.9678e+02
20241203_16:00:00   1.3728e-01   3.8429e+01   2.6641e+00   0.0000e+00   0.0000e+00   2.9584e+02
20241203_17:00:00   1.3533e-01   3.7997e+01   2.6181e+00   0.0000e+00   0.0000e+00   2.9565e+02
20241203_18:00:00   1.3309e-01   3.7512e+01   2.5635e+00   0.0000e+00   0.0000e+00   2.9576e+02
20241203_19:00:00   1.3467e-01   3.7911e+01   2.5839e+00   0.0000e+00   0.0000e+00   2.9585e+02
20241203_20:00:00   1.3545e-01   3.8123e+01   2.5818e+00   0.0000e+00   0.0000e+00   2.9540e+02
20241203_21:00:00   1.3524e-01   3.8109e+01   2.5611e+00   0.0000e+00   0.0000e+00   2.9491e+02
20241203_22:00:00   1.2633e-01   3.6072e+01   2.3813e+00   0.0000e+00   0.0000e+00   2.9436e+02
20241203_23:00:00   1.1698e-01   3.3827e+01   2.2053e+00   0.0000e+00   0.0000e+00   2.9362e+02
20241204_00:00:00   1.1407e-01   3.3106e+01   2.1461e+00   0.0000e+00   0.0000e+00   2.9434e+02
20241204_01:00:00   1.1217e-01   3.2609e+01   2.1071e+00   0.0000e+00   2.6897e-04   2.9625e+02
20241204_02:00:00   9.8617e-02   2.9355e+01   1.8374e+00   0.0000e+00   1.1010e-03   2.9913e+02
20241204_03:00:00   9.0676e-02   2.7493e+01   1.6500e+00   0.0000e+00   1.3476e-03   3.0044e+02
20241204_04:00:00   9.5158e-02   2.8553e+01   1.7403e+00   0.0000e+00   2.5096e-03   3.0078e+02
20241204_05:00:00   1.0241e-01   3.0182e+01   1.9121e+00   0.0000e+00   1.4888e-03   2.9959e+02
20241204_06:00:00   1.0719e-01   3.1294e+01   2.0125e+00   0.0000e+00   2.0319e-03   2.9702e+02
20241204_07:00:00   1.1390e-01   3.2798e+01   2.1681e+00   0.0000e+00   3.0305e-03   2.9549e+02
20241204_08:00:00   1.1563e-01   3.3178e+01   2.2137e+00   0.0000e+00   1.9686e-04   2.9442e+02
20241204_09:00:00   1.1975e-01   3.4172e+01   2.3025e+00   0.0000e+00   0.0000e+00   2.9344e+02
20241204_10:00:00   1.2305e-01   3.4965e+01   2.3749e+00   0.0000e+00   0.0000e+00   2.9291e+02
20241204_11:00:00   1.2361e-01   3.5122e+01   2.3902e+00   0.0000e+00   0.0000e+00   2.9309e+02
20241204_12:00:00   1.2808e-01   3.6113e+01   2.5066e+00   0.0000e+00   3.6880e-07   2.9210e+02
20241204_13:00:00   1.3103e-01   3.6814e+01   2.5788e+00   0.0000e+00   0.0000e+00   2.9111e+02
20241204_14:00:00   1.3468e-01   3.7645e+01   2.6746e+00   0.0000e+00   5.2760e-06   2.9096e+02
20241204_15:00:00   1.3391e-01   3.7449e+01   2.6646e+00   0.0000e+00   0.0000e+00   2.8962e+02
20241204_16:00:00   1.3057e-01   3.6724e+01   2.5873e+00   0.0000e+00   0.0000e+00   2.8834e+02
20241204_17:00:00   1.2864e-01   3.6299e+01   2.5517e+00   0.0000e+00   0.0000e+00   2.8764e+02
20241204_18:00:00   1.2887e-01   3.6414e+01   2.5454e+00   0.0000e+00   0.0000e+00   2.8609e+02
20241204_19:00:00   1.2750e-01   3.6168e+01   2.5048e+00   0.0000e+00   0.0000e+00   2.8475e+02
20241204_20:00:00   1.2800e-01   3.6352e+01   2.5043e+00   0.0000e+00   0.0000e+00   2.8484e+02
20241204_21:00:00   1.2841e-01   3.6486e+01   2.5093e+00   0.0000e+00   0.0000e+00   2.8464e+02
20241204_22:00:00   1.2794e-01   3.6396e+01   2.5041e+00   0.0000e+00   0.0000e+00   2.8385e+02
20241204_23:00:00   1.2455e-01   3.5596e+01   2.4436e+00   0.0000e+00   0.0000e+00   2.8394e+02
20241205_00:00:00   1.2373e-01   3.5418e+01   2.4317e+00   0.0000e+00   0.0000e+00   2.8287e+02
20241205_03:00:00   1.4842e-01   4.1193e+01   2.9567e+00   0.0000e+00   0.0000e+00   2.8150e+02
20241205_06:00:00   2.1624e-01   5.5928e+01   4.3639e+00   0.0000e+00   0.0000e+00   2.8385e+02
20241205_09:00:00   2.7168e-01   6.6926e+01   5.4478e+00   0.0000e+00   7.9140e-05   2.8593e+02
20241205_12:00:00   2.4598e-01   6.1480e+01   4.9473e+00   0.0000e+00   4.8676e-05   2.8000e+02
20241205_15:00:00   2.1344e-01   5.4558e+01   4.2961e+00   0.0000e+00   2.7664e-04   2.8195e+02
20241205_18:00:00   1.5766e-01   4.3040e+01   2.9755e+00   0.0000e+00   1.8186e-03   2.8189e+02
20241205_21:00:00   1.4480e-01   4.0267e+01   2.7173e+00   0.0000e+00   1.9546e-04   2.7894e+02
20241206_00:00:00   1.2301e-01   3.5168e+01   2.3303e+00   0.0000e+00   0.0000e+00   2.7596e+02
20241206_03:00:00   1.4584e-01   4.0178e+01   2.8722e+00   0.0000e+00   3.8143e-03   2.7821e+02
20241206_06:00:00   1.3773e-01   3.7961e+01   2.7504e+00   0.0000e+00   7.2118e-02   2.7730e+02
20241206_09:00:00   3.2006e-01   7.5406e+01   6.2981e+00   1.2300e-03   6.6909e-02   2.7969e+02
20241206_12:00:00   3.8146e-01   8.6838e+01   7.2687e+00   9.0400e-05   1.3730e-01   2.8743e+02
20241206_15:00:00   3.0824e-01   7.3775e+01   5.8469e+00   0.0000e+00   1.5302e-03   2.8455e+02
20241206_18:00:00   3.7832e-01   8.6259e+01   7.3163e+00   0.0000e+00   2.7362e-02   2.8933e+02
20241206_21:00:00   4.0098e-01   9.0509e+01   7.6875e+00   1.2184e-03   1.9925e-02   2.8501e+02
20241207_00:00:00   4.1704e-01   9.3234e+01   7.9868e+00   0.0000e+00   3.3136e-02   2.7790e+02
20241207_03:00:00   4.3518e-01   9.6034e+01   8.1762e+00   1.0002e-03   2.6874e-02   2.7058e+02
20241207_06:00:00   4.0349e-01   9.0719e+01   7.4486e+00   0.0000e+00   1.2161e-02   2.7304e+02
20241207_09:00:00   2.9207e-01   7.0874e+01   5.2729e+00   0.0000e+00   4.8200e-06   2.7805e+02
20241207_12:00:00   2.2891e-01   5.8448e+01   4.1423e+00   4.2610e-04   7.6245e-05   2.7798e+02
20241207_15:00:00   2.2981e-01   5.8539e+01   4.2646e+00   7.2640e-05   6.5393e-05   2.7332e+02
20241207_18:00:00   2.7308e-01   6.7336e+01   5.2085e+00   5.1220e-04   8.3580e-05   2.7393e+02
20241207_21:00:00   3.0427e-01   7.3622e+01   5.8784e+00   0.0000e+00   5.7867e-05   2.6468e+02
20241208_00:00:00   3.1962e-01   7.6588e+01   6.3854e+00   0.0000e+00   4.3615e-04   2.6136e+02
20241208_03:00:00   3.7152e-01   8.6208e+01   7.5947e+00   0.0000e+00   1.6149e-02   2.5937e+02
20241208_06:00:00   3.3454e-01   8.0034e+01   6.7773e+00   0.0000e+00   1.1872e-02   2.5890e+02
20241208_09:00:00   3.1493e-01   7.6464e+01   6.3820e+00   0.0000e+00   8.8146e-03   2.5888e+02
20241208_12:00:00   2.8922e-01   7.1377e+01   5.8063e+00   0.0000e+00   7.4054e-03   2.5672e+02
20241208_15:00:00   3.1373e-01   7.5664e+01   6.3871e+00   0.0000e+00   9.2040e-03   2.5685e+02
20241208_18:00:00   3.1354e-01   7.5400e+01   6.3393e+00   0.0000e+00   6.7117e-03   2.5954e+02
20241208_21:00:00   3.9430e-01   8.9954e+01   6.9981e+00   4.2786e-03   2.4067e-02   2.6742e+02
20241209_00:00:00   3.8383e-01   8.8139e+01   5.2484e+00   3.5365e-02   1.0594e-01   2.8075e+02
20241209_03:00:00   1.6011e-01   4.3172e+01   2.6813e+00   1.0928e-03   7.0276e-04   2.8356e+02
20241209_06:00:00   2.0234e-01   5.1640e+01   3.5328e+00   3.4920e-06   1.9570e-02   2.9584e+02
20241209_09:00:00   1.5710e-01   4.1647e+01   2.8669e+00   0.0000e+00   4.6097e-04   2.9631e+02
20241209_12:00:00   1.4449e-01   3.8702e+01   2.6741e+00   1.1320e-05   3.8318e-02   3.0504e+02
20241209_15:00:00   1.0364e-01   2.9685e+01   1.8334e+00   0.0000e+00   2.3152e-03   3.1401e+02
20241209_18:00:00   1.1168e-01   3.1587e+01   1.9604e+00   0.0000e+00   1.7517e-03   3.2681e+02
20241209_21:00:00   1.2374e-01   3.4405e+01   2.1746e+00   0.0000e+00   0.0000e+00   3.3109e+02
20241210_00:00:00   1.2170e-01   3.4023e+01   2.1053e+00   0.0000e+00   0.0000e+00   3.2981e+02
20241210_03:00:00   1.2214e-01   3.4115e+01   2.1164e+00   0.0000e+00   0.0000e+00   3.3751e+02
20241210_06:00:00   1.0317e-01   2.9795e+01   1.7379e+00   0.0000e+00   0.0000e+00   3.3142e+02
20241210_09:00:00   8.5240e-02   2.5655e+01   1.3940e+00   0.0000e+00   0.0000e+00   3.2545e+02
20241210_12:00:00   1.0141e-01   2.9431e+01   1.7342e+00   0.0000e+00   0.0000e+00   3.3011e+02
20241210_15:00:00   1.2022e-01   3.3569e+01   2.1828e+00   0.0000e+00   3.8463e-04   3.3149e+02
20241210_18:00:00   1.4995e-01   4.0393e+01   2.8133e+00   0.0000e+00   0.0000e+00   3.2271e+02
20241210_21:00:00   1.8121e-01   4.7458e+01   3.4018e+00   0.0000e+00   0.0000e+00   3.1468e+02
20241211_00:00:00   2.3038e-01   5.7811e+01   4.3783e+00   0.0000e+00   1.7711e-03   3.0755e+02
20241211_03:00:00   2.7583e-01   6.6774e+01   5.2425e+00   2.9580e-05   3.9327e-02   3.0116e+02
20241211_06:00:00   3.1583e-01   7.4045e+01   5.6543e+00   8.4357e-03   2.4939e-02   3.0155e+02
20241211_09:00:00   3.1911e-01   7.4610e+01   5.8550e+00   0.0000e+00   1.9324e-01   3.0885e+02
20241211_12:00:00   3.1544e-01   7.3674e+01   5.7066e+00   0.0000e+00   1.4072e-01   3.1090e+02
20241211_15:00:00   3.1203e-01   7.2900e+01   5.5118e+00   0.0000e+00   2.7990e-01   3.1633e+02
20241211_18:00:00   2.5182e-01   6.1616e+01   4.4727e+00   2.2120e-04   1.1693e-03   3.2437e+02
20241211_21:00:00   2.0029e-01   5.1544e+01   3.3605e+00   1.1480e-03   1.6452e-03   3.2103e+02
20241212_00:00:00   1.0695e-01   3.1048e+01   1.7474e+00   0.0000e+00   4.5280e-06   3.1359e+02
20241212_03:00:00   6.9480e-02   2.2052e+01   1.0946e+00   0.0000e+00   0.0000e+00   3.1057e+02
20241212_06:00:00   7.2116e-02   2.2649e+01   1.2013e+00   0.0000e+00   1.3814e-04   3.0565e+02
20241212_09:00:00   8.8074e-02   2.6457e+01   1.5843e+00   0.0000e+00   8.3870e-03   2.9941e+02
20241212_12:00:00   1.6215e-01   4.3656e+01   3.1684e+00   0.0000e+00   2.1209e-03   2.9171e+02
20241212_15:00:00   1.5752e-01   4.2574e+01   3.1020e+00   0.0000e+00   5.3258e-03   2.8540e+02
20241212_18:00:00   1.7162e-01   4.5589e+01   3.4474e+00   0.0000e+00   1.4536e-03   2.8559e+02
20241212_21:00:00   2.4787e-01   6.1316e+01   4.9685e+00   0.0000e+00   8.9077e-03   2.9407e+02
20241213_00:00:00   2.4803e-01   6.1218e+01   4.6249e+00   2.8299e-03   1.7170e-02   3.0411e+02
20241213_03:00:00   2.4438e-01   5.9940e+01   4.2838e+00   1.0814e-03   1.0717e-01   3.2702e+02
20241213_06:00:00   1.8528e-01   4.7111e+01   3.0915e+00   0.0000e+00   1.5755e-01   3.6108e+02
20241213_09:00:00   8.9128e-02   2.6224e+01   1.4333e+00   0.0000e+00   0.0000e+00   3.5988e+02
20241213_12:00:00   8.0887e-02   2.4554e+01   1.2967e+00   0.0000e+00   0.0000e+00   3.4197e+02
20241213_15:00:00   7.2482e-02   2.2516e+01   1.1843e+00   0.0000e+00   0.0000e+00   3.3602e+02
20241213_18:00:00   9.7694e-02   2.8199e+01   1.8960e+00   0.0000e+00   3.4296e-03   3.2135e+02
20241213_21:00:00   1.5380e-01   4.0527e+01   2.9882e+00   4.4120e-03   4.1579e-02   3.1590e+02
20241214_00:00:00   2.7233e-01   6.4732e+01   4.7870e+00   1.5467e-02   5.5189e-02   3.2629e+02
20241214_03:00:00   1.9642e-01   5.0258e+01   3.4314e+00   0.0000e+00   1.8767e-03   3.4597e+02
20241214_06:00:00   1.9724e-01   5.0284e+01   3.4947e+00   0.0000e+00   1.0289e-02   3.5030e+02
20241214_09:00:00   2.0690e-01   5.2316e+01   3.7023e+00   0.0000e+00   2.7560e-03   3.5187e+02
20241214_12:00:00   1.7506e-01   4.5862e+01   3.0561e+00   0.0000e+00   8.3581e-04   3.4754e+02
20241214_15:00:00   1.7736e-01   4.6550e+01   3.2227e+00   0.0000e+00   4.7382e-03   3.3467e+02
20241214_18:00:00   3.1729e-01   7.4162e+01   5.8506e+00   4.7633e-03   3.4589e-02   3.3270e+02
20241214_21:00:00   3.4867e-01   8.0365e+01   6.6399e+00   2.1957e-03   4.7984e-02   3.1713e+02
20241215_00:00:00   3.8257e-01   8.7018e+01   7.3599e+00   1.8700e-03   2.9135e-02   3.1949e+02
20241215_03:00:00   4.9705e-01   1.0628e+02   8.7043e+00   2.6210e-02   6.4557e-02   3.1797e+02
20241215_06:00:00   4.8201e-01   1.0409e+02   8.5720e+00   2.2070e-02   6.1123e-02   3.1483e+02
20241215_09:00:00   4.4714e-01   9.9362e+01   7.5125e+00   2.6039e-02   4.8821e-03   3.1464e+02
20241215_12:00:00   2.7722e-01   6.7947e+01   5.6017e+00   2.6880e-03   5.3858e-02   3.1048e+02
20241215_15:00:00   3.1758e-01   7.5751e+01   6.2045e+00   1.3696e-03   1.7885e-02   3.0682e+02
20241215_18:00:00   3.8061e-01   8.6694e+01   6.3497e+00   1.6201e-02   1.9143e-01   3.0866e+02
20241215_21:00:00   2.8918e-01   6.9163e+01   5.0514e+00   2.8717e-04   2.3188e-01   3.1595e+02
20241216_00:00:00   9.3875e-02   2.7576e+01   1.4756e+00   0.0000e+00   1.2712e-04   3.4448e+02
