#            date       tau255        Tb[K]      pwv[mm] lwp[kg*m^-2] iwp[kg*m^-2]       o3[DU]
20240506_12:00:00   3.4753e-01   7.9851e+01   6.3930e+00   3.6780e-05   4.2978e-01   4.2523e+02
20240506_13:00:00   3.1833e-01   7.4219e+01   5.8071e+00   0.0000e+00   4.4450e-01   4.2676e+02
20240506_14:00:00   2.9458e-01   6.9704e+01   5.3628e+00   0.0000e+00   3.4884e-01   4.3167e+02
20240506_15:00:00   2.7925e-01   6.6751e+01   5.0725e+00   0.0000e+00   3.5880e-01   4.3794e+02
20240506_16:00:00   2.6922e-01   6.4772e+01   4.9107e+00   0.0000e+00   3.1515e-01   4.4149e+02
20240506_17:00:00   2.6393e-01   6.3797e+01   4.8497e+00   0.0000e+00   3.2261e-01   4.3831e+02
20240506_18:00:00   2.6850e-01   6.4691e+01   4.9039e+00   4.6100e-05   3.8800e-01   4.3480e+02
20240506_19:00:00   2.8396e-01   6.7729e+01   5.0887e+00   2.6819e-03   3.4268e-01   4.3055e+02
20240506_20:00:00   3.0713e-01   7.2162e+01   5.3817e+00   6.4065e-03   2.6978e-01   4.2815e+02
20240506_21:00:00   3.3515e-01   7.7130e+01   5.5320e+00   2.0983e-02   1.5830e-01   4.2675e+02
20240506_22:00:00   3.3062e-01   7.6455e+01   5.7171e+00   1.3124e-02   1.5051e-01   4.2351e+02
20240506_23:00:00   2.9805e-01   7.0751e+01   5.4500e+00   3.3472e-03   9.7189e-02   4.2000e+02
20240507_00:00:00   2.7686e-01   6.6854e+01   5.0806e+00   1.9251e-03   6.8165e-02   4.2046e+02
20240507_01:00:00   2.7387e-01   6.6402e+01   4.8550e+00   4.4410e-03   4.2057e-02   4.1868e+02
20240507_02:00:00   2.7564e-01   6.6610e+01   4.9480e+00   2.8640e-03   2.0929e-02   4.0446e+02
20240507_03:00:00   2.6323e-01   6.4118e+01   4.6470e+00   4.8760e-03   1.1180e-02   3.9910e+02
20240507_04:00:00   2.2915e-01   5.7360e+01   4.0406e+00   2.8900e-03   1.4268e-02   3.9686e+02
20240507_05:00:00   1.8886e-01   4.9022e+01   3.3641e+00   7.7430e-04   4.3999e-03   3.9780e+02
20240507_06:00:00   1.8115e-01   4.7385e+01   3.2259e+00   4.6038e-04   3.8342e-03   4.0158e+02
20240507_07:00:00   1.8226e-01   4.7580e+01   3.2498e+00   1.0950e-04   2.7195e-04   4.1281e+02
20240507_08:00:00   2.0157e-01   5.1733e+01   3.4966e+00   3.8163e-04   4.2166e-03   4.2011e+02
20240507_09:00:00   1.9824e-01   5.1018e+01   3.4289e+00   1.0490e-04   1.3188e-03   4.2648e+02
20240507_10:00:00   1.9657e-01   5.0642e+01   3.3997e+00   2.1800e-04   4.7844e-03   4.2603e+02
20240507_11:00:00   1.9260e-01   4.9668e+01   3.3927e+00   0.0000e+00   3.0989e-03   4.2356e+02
20240507_12:00:00   1.8697e-01   4.8391e+01   3.3223e+00   1.8400e-04   8.8313e-04   4.2138e+02
20240507_13:00:00   1.6580e-01   4.3945e+01   2.9248e+00   1.1599e-05   1.2663e-03   4.2372e+02
20240507_14:00:00   1.9313e-01   4.9808e+01   3.3951e+00   3.8970e-04   2.2958e-03   4.2348e+02
20240507_15:00:00   1.8629e-01   4.8355e+01   3.3160e+00   0.0000e+00   3.5898e-04   4.2339e+02
20240507_16:00:00   2.0393e-01   5.1929e+01   3.6597e+00   4.0740e-06   9.4286e-03   4.2256e+02
20240507_17:00:00   2.0412e-01   5.2009e+01   3.6129e+00   4.8260e-04   1.9449e-03   4.2440e+02
20240507_18:00:00   2.1407e-01   5.4096e+01   3.7698e+00   6.4800e-04   3.7237e-03   4.2544e+02
20240507_19:00:00   2.0345e-01   5.1871e+01   3.5481e+00   9.8330e-04   3.1992e-03   4.3244e+02
20240507_20:00:00   2.0526e-01   5.2108e+01   3.4963e+00   3.8381e-03   3.5140e-02   4.3317e+02
20240507_21:00:00   1.8679e-01   4.8253e+01   3.2870e+00   2.5435e-04   2.1441e-03   4.3410e+02
20240507_22:00:00   1.8179e-01   4.7212e+01   3.2015e+00   3.8029e-06   2.2252e-03   4.3697e+02
20240507_23:00:00   1.8370e-01   4.7705e+01   3.2137e+00   6.9820e-06   5.8061e-04   4.3723e+02
20240508_00:00:00   1.7393e-01   4.5670e+01   3.0316e+00   0.0000e+00   2.4137e-04   4.3379e+02
20240508_01:00:00   1.6077e-01   4.2858e+01   2.7888e+00   0.0000e+00   0.0000e+00   4.3145e+02
20240508_02:00:00   1.5739e-01   4.2071e+01   2.7499e+00   0.0000e+00   5.4340e-06   4.2799e+02
20240508_03:00:00   1.6093e-01   4.2688e+01   2.8743e+00   0.0000e+00   2.5184e-04   4.2244e+02
20240508_04:00:00   1.7186e-01   4.4876e+01   3.1264e+00   0.0000e+00   6.8823e-03   4.1700e+02
20240508_05:00:00   1.6764e-01   4.3890e+01   3.0869e+00   0.0000e+00   4.1542e-03   4.1415e+02
20240508_06:00:00   1.6381e-01   4.3027e+01   3.0491e+00   0.0000e+00   1.2989e-03   4.1203e+02
20240508_07:00:00   1.7456e-01   4.5391e+01   3.2669e+00   0.0000e+00   6.8347e-04   4.0976e+02
20240508_08:00:00   1.9361e-01   4.9406e+01   3.6452e+00   0.0000e+00   1.4837e-03   4.0841e+02
20240508_09:00:00   2.0784e-01   5.2433e+01   3.9055e+00   0.0000e+00   1.5122e-03   4.0924e+02
20240508_10:00:00   2.1956e-01   5.4845e+01   4.0920e+00   0.0000e+00   2.8413e-03   4.0881e+02
20240508_11:00:00   2.2984e-01   5.6880e+01   4.2550e+00   0.0000e+00   9.6762e-03   4.0745e+02
20240508_12:00:00   2.2608e-01   5.6069e+01   4.2349e+00   0.0000e+00   2.2831e-02   4.0715e+02
20240508_13:00:00   2.2981e-01   5.6834e+01   4.2981e+00   0.0000e+00   2.9812e-02   4.0803e+02
20240508_14:00:00   2.3284e-01   5.7565e+01   4.3317e+00   0.0000e+00   1.0550e-02   4.0883e+02
20240508_15:00:00   2.4399e-01   5.9828e+01   4.5215e+00   7.5260e-04   3.8444e-03   4.1016e+02
20240508_16:00:00   2.6888e-01   6.4751e+01   4.7416e+00   6.8800e-03   1.0368e-02   4.1092e+02
20240508_17:00:00   2.7825e-01   6.6636e+01   4.8644e+00   7.9740e-03   1.7320e-02   4.0903e+02
20240508_18:00:00   2.9081e-01   6.9177e+01   5.0107e+00   9.7560e-03   2.4285e-02   4.0746e+02
20240508_19:00:00   3.0401e-01   7.1816e+01   5.2145e+00   9.8238e-03   3.6801e-02   4.0523e+02
20240508_20:00:00   3.0869e-01   7.2856e+01   5.2183e+00   1.0812e-02   4.5921e-02   4.0275e+02
20240508_21:00:00   3.0472e-01   7.2235e+01   5.2959e+00   6.8460e-03   4.4157e-02   3.9899e+02
20240508_22:00:00   3.1604e-01   7.4441e+01   5.5152e+00   5.6610e-03   8.2476e-02   3.9785e+02
20240508_23:00:00   3.1905e-01   7.5022e+01   5.7136e+00   2.0321e-03   6.0572e-02   3.9699e+02
20240509_00:00:00   3.2398e-01   7.5880e+01   5.8834e+00   8.9603e-04   5.5938e-02   3.9910e+02
20240509_01:00:00   3.2934e-01   7.6772e+01   5.9981e+00   1.1922e-03   5.2732e-02   4.0011e+02
20240509_02:00:00   3.3365e-01   7.7482e+01   6.0986e+00   3.4080e-04   1.1774e-01   4.0099e+02
20240509_03:00:00   3.3153e-01   7.7108e+01   6.0729e+00   2.8770e-07   1.1542e-01   4.0228e+02
20240509_04:00:00   3.3104e-01   7.7020e+01   6.0429e+00   7.5470e-05   1.2461e-01   4.0396e+02
20240509_05:00:00   3.4445e-01   7.9501e+01   6.1613e+00   2.4247e-03   8.9823e-02   4.0304e+02
20240509_06:00:00   3.6836e-01   8.3853e+01   6.3146e+00   8.1687e-03   6.8923e-02   4.0362e+02
20240509_07:00:00   3.7189e-01   8.4436e+01   6.3852e+00   6.9001e-03   1.1612e-01   4.0313e+02
20240509_08:00:00   3.6757e-01   8.3603e+01   6.3798e+00   4.3235e-03   1.7856e-01   4.0328e+02
20240509_09:00:00   3.6008e-01   8.2184e+01   6.3434e+00   1.1428e-03   2.6812e-01   4.0354e+02
20240509_10:00:00   3.6340e-01   8.2769e+01   6.3493e+00   9.6290e-04   3.8290e-01   4.0188e+02
20240509_11:00:00   3.5746e-01   8.1739e+01   6.2872e+00   1.1159e-04   3.1748e-01   3.9959e+02
20240509_12:00:00   3.4819e-01   8.0183e+01   6.1326e+00   8.0780e-04   1.4855e-01   3.9868e+02
20240509_13:00:00   3.6134e-01   8.2690e+01   6.0259e+00   1.0592e-02   3.1478e-02   3.9902e+02
20240509_14:00:00   4.6070e-01   1.0008e+02   6.0757e+00   5.2740e-02   3.1592e-02   3.9853e+02
20240509_15:00:00   4.7077e-01   1.0185e+02   6.0003e+00   5.9670e-02   2.2987e-02   3.9573e+02
20240509_16:00:00   4.8044e-01   1.0348e+02   5.8998e+00   6.7380e-02   3.0612e-02   3.9271e+02
20240509_17:00:00   5.2866e-01   1.1097e+02   5.9984e+00   8.7400e-02   7.5600e-02   3.9031e+02
20240509_18:00:00   5.6976e-01   1.1715e+02   6.2446e+00   1.0008e-01   8.7393e-02   3.8894e+02
20240509_19:00:00   5.1260e-01   1.0848e+02   6.4587e+00   7.0214e-02   5.1160e-02   3.8911e+02
20240509_20:00:00   5.1481e-01   1.0894e+02   6.6676e+00   6.7198e-02   2.0614e-02   3.8819e+02
20240509_21:00:00   4.6463e-01   1.0099e+02   6.7404e+00   4.3465e-02   1.4283e-02   3.8714e+02
20240509_22:00:00   4.3680e-01   9.6332e+01   6.9457e+00   2.6224e-02   2.3325e-02   3.8685e+02
20240509_23:00:00   4.4400e-01   9.7640e+01   7.1670e+00   2.2718e-02   3.1467e-02   3.8674e+02
20240510_00:00:00   4.3864e-01   9.6747e+01   7.2955e+00   1.6018e-02   5.7643e-02   3.8678e+02
20240510_01:00:00   3.9256e-01   8.8967e+01   7.0193e+00   2.6422e-03   1.8806e-02   3.8712e+02
20240510_02:00:00   4.0005e-01   9.0478e+01   6.7025e+00   1.3610e-02   5.0787e-03   3.8736e+02
20240510_03:00:00   4.2328e-01   9.4420e+01   6.9140e+00   1.8095e-02   3.3808e-02   3.8575e+02
20240510_04:00:00   3.9250e-01   8.9131e+01   6.7154e+00   9.5791e-03   8.5464e-03   3.8503e+02
20240510_05:00:00   3.7243e-01   8.5576e+01   6.5477e+00   5.1613e-03   2.0417e-03   3.8479e+02
20240510_06:00:00   3.6241e-01   8.3849e+01   6.3466e+00   7.3930e-03   4.4751e-03   3.8548e+02
20240510_07:00:00   3.9041e-01   8.9093e+01   6.1053e+00   2.5601e-02   5.6241e-03   3.8607e+02
20240510_08:00:00   4.1860e-01   9.4019e+01   6.2330e+00   3.5580e-02   6.6189e-03   3.8633e+02
20240510_09:00:00   4.3149e-01   9.6037e+01   6.6123e+00   3.2690e-02   1.0512e-02   3.8547e+02
20240510_10:00:00   5.2030e-01   1.1063e+02   6.8118e+00   6.6110e-02   1.1958e-02   3.8391e+02
20240510_11:00:00   6.7580e-01   1.3321e+02   7.1674e+00   1.2363e-01   2.3035e-02   3.8204e+02
20240510_12:00:00   7.2779e-01   1.4004e+02   7.4269e+00   1.3861e-01   7.3989e-02   3.8011e+02
20240510_13:00:00   1.0860e+00   1.7906e+02   7.6619e+00   2.8325e-01   6.0099e-02   3.7819e+02
20240510_14:00:00   1.5144e+00   2.1047e+02   7.7441e+00   4.6389e-01   3.6201e-02   3.7689e+02
20240510_15:00:00   1.6611e+00   2.1887e+02   7.5434e+00   5.2754e-01   3.0754e-02   3.7558e+02
20240510_16:00:00   1.6107e+00   2.1637e+02   7.3933e+00   5.0847e-01   1.6258e-02   3.7325e+02
20240510_17:00:00   1.3275e+00   1.9875e+02   7.5028e+00   3.8710e-01   1.3901e-02   3.7250e+02
20240510_18:00:00   1.0622e+00   1.7699e+02   7.6462e+00   2.7218e-01   1.5187e-02   3.7124e+02
20240510_19:00:00   7.5201e-01   1.4365e+02   7.6505e+00   1.3921e-01   1.4556e-02   3.7039e+02
20240510_20:00:00   6.2931e-01   1.2729e+02   7.7676e+00   8.4630e-02   1.0849e-02   3.7109e+02
20240510_21:00:00   6.1945e-01   1.2594e+02   7.7628e+00   8.1434e-02   5.0568e-03   3.7300e+02
20240510_22:00:00   6.7856e-01   1.3437e+02   7.5198e+00   1.1259e-01   3.4085e-03   3.8192e+02
20240510_23:00:00   6.5982e-01   1.3175e+02   7.3437e+00   1.0931e-01   1.4748e-02   3.8485e+02
20240511_00:00:00   4.9986e-01   1.0794e+02   7.2659e+00   4.1457e-02   4.6801e-02   3.8441e+02
20240511_01:00:00   4.4319e-01   9.8932e+01   7.0280e+00   2.1743e-02   1.6814e-02   3.8366e+02
20240511_02:00:00   4.4069e-01   9.8624e+01   6.6451e+00   3.0098e-02   1.1203e-03   3.7746e+02
20240511_03:00:00   3.8952e-01   8.9701e+01   6.3212e+00   1.5701e-02   5.5330e-04   3.7425e+02
20240511_04:00:00   4.8440e-01   1.0601e+02   6.0513e+00   6.1741e-02   3.7511e-03   3.7914e+02
20240511_05:00:00   4.5048e-01   1.0035e+02   5.8685e+00   5.1403e-02   6.5357e-03   3.8302e+02
20240511_06:00:00   3.4945e-01   8.2367e+01   5.7137e+00   1.2065e-02   2.0760e-03   3.8622e+02
20240511_07:00:00   3.1006e-01   7.4961e+01   5.4353e+00   1.9603e-03   9.9826e-05   3.8471e+02
20240511_08:00:00   3.1172e-01   7.5372e+01   5.1963e+00   8.2130e-03   1.3283e-04   3.7935e+02
20240511_09:00:00   2.9480e-01   7.2144e+01   4.8357e+00   1.0143e-02   5.6410e-05   3.7257e+02
20240511_10:00:00   3.0821e-01   7.4806e+01   4.5921e+00   2.2723e-02   4.8670e-05   3.6870e+02
20240511_11:00:00   2.9183e-01   7.1553e+01   4.3368e+00   2.2814e-02   4.6810e-05   3.6624e+02
20240511_12:00:00   2.3307e-01   5.9511e+01   3.9733e+00   7.1040e-03   4.4500e-05   3.6636e+02
20240511_15:00:00   1.8330e-01   4.8824e+01   3.4259e+00   0.0000e+00   0.0000e+00   3.6624e+02
20240511_18:00:00   2.2766e-01   5.8473e+01   4.3521e+00   0.0000e+00   3.2732e-03   3.6701e+02
20240511_21:00:00   3.2833e-01   7.8478e+01   6.3812e+00   7.0178e-04   1.9749e-02   3.6471e+02
20240512_00:00:00   3.4656e-01   8.2049e+01   6.7380e+00   0.0000e+00   8.5253e-03   3.6283e+02
20240512_03:00:00   2.7162e-01   6.7460e+01   5.3930e+00   0.0000e+00   5.1860e-06   3.4443e+02
20240512_06:00:00   2.6478e-01   6.6254e+01   5.2290e+00   0.0000e+00   0.0000e+00   3.3172e+02
20240512_09:00:00   2.3214e-01   5.9537e+01   4.6401e+00   0.0000e+00   0.0000e+00   3.3280e+02
20240512_12:00:00   2.5073e-01   6.3506e+01   4.9663e+00   0.0000e+00   0.0000e+00   3.3266e+02
20240512_15:00:00   2.7059e-01   6.7838e+01   5.2777e+00   0.0000e+00   0.0000e+00   3.3600e+02
20240512_18:00:00   3.4547e-01   8.2796e+01   6.6426e+00   0.0000e+00   4.5280e-06   3.3284e+02
20240512_21:00:00   4.0999e-01   9.4748e+01   7.6141e+00   7.0620e-03   1.8233e-03   3.3796e+02
20240513_00:00:00   3.9502e-01   9.2390e+01   7.5780e+00   0.0000e+00   9.9303e-05   3.3983e+02
20240513_03:00:00   3.1991e-01   7.8376e+01   6.2119e+00   0.0000e+00   0.0000e+00   3.4159e+02
20240513_06:00:00   3.1452e-01   7.7207e+01   6.0881e+00   0.0000e+00   0.0000e+00   3.3032e+02
20240513_09:00:00   3.9218e-01   9.1578e+01   7.3315e+00   0.0000e+00   0.0000e+00   3.2790e+02
20240513_12:00:00   3.2623e-01   7.9326e+01   6.0689e+00   0.0000e+00   0.0000e+00   3.3147e+02
20240513_15:00:00   3.3976e-01   8.1949e+01   6.2221e+00   0.0000e+00   0.0000e+00   3.3727e+02
20240513_18:00:00   3.4359e-01   8.2384e+01   6.6134e+00   0.0000e+00   3.6873e-04   3.3717e+02
20240513_21:00:00   3.7684e-01   8.8429e+01   7.4051e+00   7.3280e-04   2.6377e-02   3.4522e+02
20240514_00:00:00   3.4098e-01   8.1917e+01   6.7907e+00   0.0000e+00   2.9167e-03   3.4896e+02
20240514_03:00:00   4.1873e-01   9.5880e+01   8.2384e+00   0.0000e+00   1.0085e-02   3.5157e+02
20240514_06:00:00   4.5188e-01   1.0149e+02   8.5918e+00   0.0000e+00   1.3065e-03   3.5127e+02
20240514_09:00:00   4.0383e-01   9.2861e+01   7.9600e+00   0.0000e+00   1.9839e-03   3.4204e+02
20240514_12:00:00   4.0921e-01   9.3631e+01   8.0910e+00   0.0000e+00   4.4891e-03   3.4942e+02
20240514_15:00:00   4.4098e-01   9.9155e+01   8.5554e+00   0.0000e+00   1.5488e-03   3.5303e+02
20240514_18:00:00   4.5679e-01   1.0199e+02   8.6510e+00   6.1529e-03   1.6466e-02   3.5621e+02
20240514_21:00:00   4.0547e-01   9.3406e+01   8.0014e+00   2.2920e-04   4.7302e-02   3.7223e+02
20240515_00:00:00   3.8289e-01   8.9933e+01   7.4866e+00   0.0000e+00   6.3700e-04   3.7166e+02
20240515_03:00:00   3.3507e-01   8.1329e+01   6.4924e+00   0.0000e+00   8.4697e-04   3.6361e+02
20240515_06:00:00   3.1537e-01   7.7350e+01   6.1948e+00   0.0000e+00   7.5740e-05   3.6156e+02
20240515_09:00:00   3.1381e-01   7.7110e+01   6.1538e+00   0.0000e+00   0.0000e+00   3.5740e+02
20240515_12:00:00   2.6591e-01   6.7552e+01   5.2258e+00   0.0000e+00   0.0000e+00   3.5275e+02
20240515_15:00:00   2.7365e-01   6.9230e+01   5.3755e+00   0.0000e+00   7.9120e-06   3.4775e+02
20240515_18:00:00   3.1192e-01   7.7033e+01   6.1971e+00   0.0000e+00   0.0000e+00   3.4691e+02
20240515_21:00:00   3.7330e-01   8.8803e+01   7.4946e+00   0.0000e+00   0.0000e+00   3.4064e+02
20240516_00:00:00   3.7595e-01   8.9482e+01   7.5157e+00   0.0000e+00   1.8620e-06   3.2944e+02
20240516_03:00:00   2.9787e-01   7.4419e+01   6.0561e+00   0.0000e+00   0.0000e+00   3.2214e+02
20240516_06:00:00   3.4798e-01   8.3916e+01   7.0633e+00   0.0000e+00   0.0000e+00   3.2233e+02
20240516_09:00:00   3.8795e-01   9.1518e+01   7.6179e+00   0.0000e+00   0.0000e+00   3.2103e+02
20240516_12:00:00   3.5749e-01   8.6110e+01   7.0154e+00   0.0000e+00   0.0000e+00   3.2129e+02
20240516_15:00:00   3.8677e-01   9.1590e+01   7.4896e+00   0.0000e+00   0.0000e+00   3.1952e+02
20240516_18:00:00   4.8088e-01   1.0776e+02   9.3506e+00   1.4128e-03   1.0058e-03   3.1630e+02
20240516_21:00:00   5.3047e-01   1.1553e+02   1.0178e+01   1.0329e-02   1.7834e-01   3.1671e+02
20240517_00:00:00   4.5254e-01   1.0342e+02   9.0487e+00   1.3008e-03   7.3214e-03   3.2162e+02
20240517_03:00:00   4.1067e-01   9.6328e+01   8.1975e+00   0.0000e+00   9.6587e-04   3.1748e+02
20240517_06:00:00   3.7197e-01   8.9056e+01   7.5481e+00   0.0000e+00   0.0000e+00   3.2700e+02
20240517_09:00:00   4.4197e-01   1.0115e+02   9.0669e+00   0.0000e+00   0.0000e+00   3.3178e+02
20240517_12:00:00   4.2779e-01   9.8532e+01   8.8085e+00   0.0000e+00   0.0000e+00   3.2755e+02
20240517_15:00:00   4.2886e-01   9.8749e+01   8.7730e+00   0.0000e+00   0.0000e+00   3.2580e+02
20240517_18:00:00   5.3024e-01   1.1538e+02   1.0008e+01   1.6670e-02   9.5275e-02   3.2686e+02
20240517_21:00:00   5.4399e-01   1.1837e+02   1.0903e+01   2.0240e-04   5.2137e-02   3.2313e+02
20240518_00:00:00   5.5263e-01   1.1921e+02   1.1353e+01   5.2368e-05   6.8312e-02   3.1725e+02
20240518_03:00:00   5.0455e-01   1.1242e+02   9.9383e+00   0.0000e+00   0.0000e+00   3.2410e+02
20240518_06:00:00   3.3724e-01   8.2266e+01   6.9027e+00   0.0000e+00   2.0260e-05   3.2853e+02
20240518_09:00:00   2.2961e-01   6.0239e+01   4.7314e+00   0.0000e+00   0.0000e+00   3.2821e+02
20240518_12:00:00   3.0110e-01   7.5112e+01   6.0560e+00   0.0000e+00   0.0000e+00   3.3595e+02
20240518_15:00:00   2.9795e-01   7.4616e+01   5.8835e+00   0.0000e+00   0.0000e+00   3.3571e+02
20240518_18:00:00   3.6373e-01   8.6741e+01   7.4190e+00   0.0000e+00   1.3813e-03   3.3861e+02
20240518_21:00:00   3.8499e-01   9.0258e+01   8.0379e+00   7.0460e-04   1.1566e-01   3.4067e+02
20240519_00:00:00   3.5684e-01   8.5693e+01   7.4383e+00   0.0000e+00   1.7560e-05   3.3832e+02
20240519_03:00:00   3.1775e-01   7.8322e+01   6.5436e+00   0.0000e+00   0.0000e+00   3.4036e+02
20240519_06:00:00   2.7382e-01   6.8974e+01   5.7352e+00   0.0000e+00   4.8360e-05   3.4511e+02
20240519_09:00:00   3.8941e-01   9.1194e+01   7.7276e+00   0.0000e+00   6.1548e-03   3.4222e+02
20240519_12:00:00   4.0472e-01   9.3776e+01   8.0514e+00   0.0000e+00   1.5855e-02   3.5277e+02
20240519_15:00:00   8.6263e-01   1.6089e+02   9.2058e+00   1.5133e-01   1.1579e-02   3.5114e+02
20240519_18:00:00   5.8199e-01   1.2308e+02   9.7341e+00   2.4849e-02   1.5091e-02   3.5439e+02
20240519_21:00:00   7.7741e-01   1.4898e+02   1.2151e+01   4.8385e-02   2.8341e-01   3.5169e+02
20240520_00:00:00   5.5799e-01   1.1858e+02   9.9181e+00   1.4393e-02   1.0508e-01   3.5045e+02
20240520_03:00:00   4.9134e-01   1.0796e+02   9.4377e+00   9.7740e-05   6.6415e-03   3.4732e+02
20240520_06:00:00   4.9361e-01   1.0855e+02   9.2027e+00   0.0000e+00   3.6123e-03   3.4659e+02
20240520_09:00:00   4.1424e-01   9.5384e+01   7.9131e+00   0.0000e+00   1.0215e-03   3.4243e+02
20240520_12:00:00   4.4701e-01   1.0081e+02   8.6462e+00   0.0000e+00   2.6920e-04   3.3946e+02
20240520_15:00:00   4.6679e-01   1.0418e+02   8.8740e+00   0.0000e+00   2.1020e-04   3.4861e+02
20240520_18:00:00   6.7749e-01   1.3560e+02   1.0213e+01   6.3129e-02   3.8891e-02   3.5309e+02
20240520_21:00:00   5.4526e-01   1.1727e+02   1.0303e+01   3.7756e-03   3.3628e-02   3.5073e+02
20240521_00:00:00   6.6382e-01   1.3422e+02   1.0683e+01   4.7399e-02   2.3009e-01   3.5025e+02
20240521_03:00:00   4.6554e-01   1.0490e+02   8.9426e+00   0.0000e+00   6.1902e-04   3.4335e+02
20240521_06:00:00   4.5552e-01   1.0301e+02   8.7193e+00   0.0000e+00   4.0740e-06   3.3859e+02
20240521_09:00:00   5.3713e-01   1.1570e+02   1.0350e+01   0.0000e+00   7.1740e-06   3.4306e+02
20240521_12:00:00   5.1127e-01   1.1146e+02   1.0042e+01   0.0000e+00   5.9856e-03   3.4753e+02
20240521_15:00:00   5.2421e-01   1.1329e+02   1.0308e+01   0.0000e+00   2.7709e-02   3.4418e+02
20240521_18:00:00   6.5267e-01   1.3197e+02   1.0908e+01   4.4383e-02   5.9152e-02   3.4497e+02
20240521_21:00:00   5.9441e-01   1.2434e+02   1.1208e+01   8.8056e-03   1.2484e-01   3.4657e+02
20240522_00:00:00   5.1980e-01   1.1337e+02   1.0179e+01   0.0000e+00   1.3934e-02   3.4557e+02
20240522_03:00:00   5.7840e-01   1.2228e+02   1.1188e+01   0.0000e+00   1.8070e-05   3.5179e+02
20240522_06:00:00   5.1880e-01   1.1305e+02   9.9904e+00   0.0000e+00   2.3965e-02   3.5274e+02
20240522_09:00:00   4.7873e-01   1.0642e+02   9.3189e+00   0.0000e+00   5.4321e-06   3.6243e+02
20240522_12:00:00   4.1741e-01   9.5772e+01   8.2966e+00   0.0000e+00   1.6660e-03   3.6274e+02
