#            date       tau255        Tb[K]      pwv[mm] lwp[kg*m^-2] iwp[kg*m^-2]       o3[DU]
20240330_00:00:00   2.8797e-01   6.8944e+01   5.0923e+00   9.2701e-04   1.0802e-02   4.2501e+02
20240330_01:00:00   3.1099e-01   7.3144e+01   5.5675e+00   1.8362e-04   5.6722e-02   4.2224e+02
20240330_02:00:00   3.2393e-01   7.5529e+01   5.7501e+00   0.0000e+00   1.4878e-01   4.1703e+02
20240330_03:00:00   2.9462e-01   7.0034e+01   5.3675e+00   0.0000e+00   2.8939e-02   4.1328e+02
20240330_04:00:00   3.1378e-01   7.3634e+01   5.7070e+00   0.0000e+00   9.5029e-02   4.1258e+02
20240330_05:00:00   3.5499e-01   8.1165e+01   6.1970e+00   0.0000e+00   5.0566e-01   4.1172e+02
20240330_06:00:00   3.6376e-01   8.2842e+01   6.3661e+00   0.0000e+00   4.9842e-01   4.1134e+02
20240330_07:00:00   3.7311e-01   8.4622e+01   6.5406e+00   3.2630e-07   4.7780e-01   4.1098e+02
20240330_08:00:00   3.7740e-01   8.5416e+01   6.6116e+00   0.0000e+00   4.9589e-01   4.0935e+02
20240330_09:00:00   3.7954e-01   8.5872e+01   6.7226e+00   0.0000e+00   3.6994e-01   4.0675e+02
20240330_10:00:00   3.7830e-01   8.5699e+01   6.7490e+00   0.0000e+00   3.1307e-01   4.0676e+02
20240330_11:00:00   3.6967e-01   8.4166e+01   6.6673e+00   0.0000e+00   2.6952e-01   4.0584e+02
20240330_12:00:00   3.6164e-01   8.2698e+01   6.5932e+00   0.0000e+00   1.9531e-01   4.0336e+02
20240330_13:00:00   3.4545e-01   7.9724e+01   6.3830e+00   0.0000e+00   1.2229e-01   4.0410e+02
20240330_14:00:00   3.3865e-01   7.8460e+01   6.3194e+00   0.0000e+00   9.8597e-02   4.0388e+02
20240330_15:00:00   3.3682e-01   7.8182e+01   6.3042e+00   0.0000e+00   8.8189e-02   4.0395e+02
20240330_16:00:00   3.3854e-01   7.8605e+01   6.3403e+00   0.0000e+00   7.5414e-02   4.0842e+02
20240330_17:00:00   3.4595e-01   8.0029e+01   6.4178e+00   1.2772e-03   9.7013e-02   4.0874e+02
20240330_18:00:00   3.6099e-01   8.2777e+01   6.6790e+00   4.8366e-04   1.4442e-01   4.0802e+02
20240330_19:00:00   3.6621e-01   8.3779e+01   6.7831e+00   0.0000e+00   1.2837e-01   4.0736e+02
20240330_20:00:00   3.6357e-01   8.3366e+01   6.7586e+00   0.0000e+00   1.1789e-01   4.0966e+02
20240330_21:00:00   3.6076e-01   8.2958e+01   6.7331e+00   0.0000e+00   8.7142e-02   4.0838e+02
20240330_22:00:00   3.9072e-01   8.8424e+01   7.1215e+00   3.0460e-04   1.8128e-01   4.0875e+02
20240330_23:00:00   3.8521e-01   8.7545e+01   7.0872e+00   0.0000e+00   1.0348e-01   4.0878e+02
20240331_00:00:00   4.1511e-01   9.2925e+01   7.2859e+00   4.5690e-03   2.6548e-01   4.1260e+02
20240331_01:00:00   4.5289e-01   9.9305e+01   7.5980e+00   1.0997e-02   3.9390e-01   4.1421e+02
20240331_02:00:00   4.8072e-01   1.0403e+02   7.6042e+00   2.2643e-02   3.4065e-01   4.1476e+02
20240331_03:00:00   4.0409e-01   9.0981e+01   7.2103e+00   3.0535e-03   1.3722e-01   4.1628e+02
20240331_04:00:00   3.9553e-01   8.9489e+01   7.1357e+00   8.0300e-04   1.6037e-01   4.1898e+02
20240331_05:00:00   3.9728e-01   8.9725e+01   7.1720e+00   3.3540e-05   1.6718e-01   4.2205e+02
20240331_06:00:00   3.6426e-01   8.3901e+01   6.6486e+00   0.0000e+00   1.2752e-01   4.2217e+02
20240331_07:00:00   3.6531e-01   8.4097e+01   6.6361e+00   9.9891e-04   5.8965e-03   4.2419e+02
20240331_08:00:00   3.5844e-01   8.2873e+01   6.4480e+00   1.1531e-04   7.1125e-02   4.2327e+02
20240331_09:00:00   3.4124e-01   7.9782e+01   6.1353e+00   1.6228e-05   7.1189e-02   4.2286e+02
20240331_10:00:00   2.8465e-01   6.9051e+01   5.2072e+00   0.0000e+00   5.8290e-04   4.2266e+02
20240331_11:00:00   2.5438e-01   6.3021e+01   4.6780e+00   0.0000e+00   1.4707e-04   4.2734e+02
20240331_12:00:00   2.5153e-01   6.2421e+01   4.6343e+00   0.0000e+00   7.3970e-04   4.2963e+02
20240331_13:00:00   2.3482e-01   5.9068e+01   4.3507e+00   0.0000e+00   1.1170e-06   4.3214e+02
20240331_14:00:00   2.3511e-01   5.9036e+01   4.3772e+00   0.0000e+00   0.0000e+00   4.3524e+02
20240331_15:00:00   2.3588e-01   5.9188e+01   4.3803e+00   0.0000e+00   0.0000e+00   4.3793e+02
20240331_16:00:00   2.5350e-01   6.2809e+01   4.6859e+00   0.0000e+00   2.8676e-05   4.3852e+02
20240331_17:00:00   2.9594e-01   7.1146e+01   5.3514e+00   1.6818e-03   1.6822e-03   4.4184e+02
20240331_18:00:00   2.9776e-01   7.1567e+01   5.3208e+00   3.6199e-03   1.0434e-02   4.4085e+02
20240331_19:00:00   2.8284e-01   6.8650e+01   5.2514e+00   7.4666e-04   1.5064e-02   4.3676e+02
20240331_20:00:00   2.9015e-01   6.9971e+01   5.4818e+00   1.7650e-05   3.5195e-02   4.3535e+02
20240331_21:00:00   2.8977e-01   6.9995e+01   5.4556e+00   1.0917e-04   3.3007e-02   4.3684e+02
20240331_22:00:00   2.8647e-01   6.9448e+01   5.3763e+00   0.0000e+00   1.9180e-03   4.3807e+02
20240331_23:00:00   2.7309e-01   6.6926e+01   5.0961e+00   0.0000e+00   1.0200e-02   4.3880e+02
20240401_00:00:00   3.3177e-01   7.7720e+01   6.1203e+00   0.0000e+00   1.7246e-01   4.3767e+02
20240401_01:00:00   3.4327e-01   7.9950e+01   6.2229e+00   6.0240e-04   4.3494e-02   4.4255e+02
20240401_02:00:00   2.6449e-01   6.4771e+01   4.9495e+00   0.0000e+00   2.0620e-02   4.4424e+02
20240401_03:00:00   2.4606e-01   6.1154e+01   4.5428e+00   0.0000e+00   2.4541e-03   4.4544e+02
20240401_04:00:00   2.6231e-01   6.4147e+01   4.7735e+00   0.0000e+00   1.5650e-02   4.4448e+02
20240401_05:00:00   2.0484e-01   5.2362e+01   3.7797e+00   0.0000e+00   2.0331e-02   4.4167e+02
20240401_06:00:00   1.9001e-01   4.9142e+01   3.5025e+00   0.0000e+00   5.7135e-02   4.4217e+02
20240401_07:00:00   2.3237e-01   5.7626e+01   4.2540e+00   0.0000e+00   1.3923e-02   4.5090e+02
20240401_08:00:00   2.2876e-01   5.6878e+01   4.1317e+00   0.0000e+00   3.2806e-02   4.5685e+02
20240401_09:00:00   2.1024e-01   5.3154e+01   3.7674e+00   0.0000e+00   4.2673e-03   4.5803e+02
20240401_10:00:00   2.0827e-01   5.2774e+01   3.6908e+00   3.3600e-06   2.5357e-03   4.5504e+02
20240401_11:00:00   2.1127e-01   5.3367e+01   3.7163e+00   0.0000e+00   3.0644e-03   4.5104e+02
20240401_12:00:00   2.0484e-01   5.2005e+01   3.6104e+00   0.0000e+00   6.3528e-04   4.4886e+02
20240401_13:00:00   1.8193e-01   4.7265e+01   3.1939e+00   0.0000e+00   1.0200e-03   4.5099e+02
20240401_14:00:00   1.7622e-01   4.6048e+01   3.1036e+00   0.0000e+00   8.5368e-03   4.5572e+02
20240401_15:00:00   2.0665e-01   5.2385e+01   3.6326e+00   0.0000e+00   5.5526e-02   4.5966e+02
20240401_16:00:00   2.5415e-01   6.1876e+01   4.4088e+00   9.8240e-04   1.0569e-01   4.6220e+02
20240401_17:00:00   2.7410e-01   6.5755e+01   4.7402e+00   4.4678e-04   1.9640e-01   4.6519e+02
20240401_18:00:00   2.8359e-01   6.7674e+01   4.8708e+00   8.3800e-04   2.2853e-01   4.6639e+02
20240401_19:00:00   2.8370e-01   6.7750e+01   4.9096e+00   1.6665e-03   1.3498e-01   4.6558e+02
20240401_20:00:00   2.8671e-01   6.8367e+01   4.9655e+00   2.8681e-03   9.7144e-02   4.5993e+02
20240401_21:00:00   3.1445e-01   7.3555e+01   5.2904e+00   4.7994e-03   3.0575e-01   4.5610e+02
20240401_22:00:00   3.2036e-01   7.4554e+01   5.3582e+00   2.1638e-03   5.9738e-01   4.5518e+02
20240401_23:00:00   3.0954e-01   7.2443e+01   5.3021e+00   1.4521e-03   3.8445e-01   4.5114e+02
20240402_00:00:00   2.9970e-01   7.0561e+01   5.2243e+00   1.0650e-03   2.2394e-01   4.4477e+02
20240402_01:00:00   2.9580e-01   6.9847e+01   5.2524e+00   2.2859e-04   7.5974e-02   4.3989e+02
20240402_02:00:00   2.9338e-01   6.9487e+01   5.1955e+00   1.0533e-04   7.7959e-02   4.3421e+02
20240402_03:00:00   2.8983e-01   6.8936e+01   5.1581e+00   1.1778e-04   8.4417e-03   4.2163e+02
20240402_04:00:00   2.8602e-01   6.8295e+01   5.0402e+00   1.8766e-04   1.8994e-02   4.0934e+02
20240402_05:00:00   2.8837e-01   6.8877e+01   4.7516e+00   7.7616e-03   2.0296e-02   4.0076e+02
20240402_06:00:00   2.5640e-01   6.2618e+01   4.3072e+00   4.8350e-03   1.3620e-02   4.0107e+02
20240402_07:00:00   1.9741e-01   5.0542e+01   3.4674e+00   4.1330e-04   9.3060e-04   4.0205e+02
20240402_08:00:00   1.6192e-01   4.2810e+01   2.9065e+00   0.0000e+00   3.1120e-05   4.0262e+02
20240402_09:00:00   1.4264e-01   3.8657e+01   2.5410e+00   0.0000e+00   0.0000e+00   4.0289e+02
20240402_10:00:00   1.4449e-01   3.9158e+01   2.5546e+00   0.0000e+00   0.0000e+00   4.0352e+02
20240402_11:00:00   1.4665e-01   3.9708e+01   2.5809e+00   0.0000e+00   0.0000e+00   4.0590e+02
20240402_12:00:00   1.3819e-01   3.7813e+01   2.4628e+00   0.0000e+00   0.0000e+00   4.0873e+02
20240402_13:00:00   1.3611e-01   3.7330e+01   2.4466e+00   0.0000e+00   5.8180e-07   4.0783e+02
20240402_14:00:00   1.3641e-01   3.7411e+01   2.4784e+00   0.0000e+00   0.0000e+00   4.1041e+02
20240402_15:00:00   1.3757e-01   3.7606e+01   2.5355e+00   0.0000e+00   0.0000e+00   4.1271e+02
20240402_16:00:00   1.4653e-01   3.9593e+01   2.7307e+00   0.0000e+00   0.0000e+00   4.1405e+02
20240402_17:00:00   1.5558e-01   4.1662e+01   2.9151e+00   0.0000e+00   2.3980e-05   4.1797e+02
20240402_18:00:00   1.7111e-01   4.5161e+01   3.2122e+00   0.0000e+00   3.6268e-06   4.1622e+02
20240402_19:00:00   1.8655e-01   4.8559e+01   3.5338e+00   0.0000e+00   9.7700e-06   4.1428e+02
20240402_20:00:00   2.0158e-01   5.1866e+01   3.8261e+00   0.0000e+00   9.5080e-07   4.1242e+02
20240402_21:00:00   2.1688e-01   5.5226e+01   4.1115e+00   0.0000e+00   9.2900e-05   4.0493e+02
20240402_22:00:00   2.2711e-01   5.7484e+01   4.2891e+00   0.0000e+00   8.5326e-05   3.9408e+02
20240402_23:00:00   2.1603e-01   5.5242e+01   4.0991e+00   0.0000e+00   0.0000e+00   3.7980e+02
20240403_00:00:00   1.9474e-01   5.0669e+01   3.7476e+00   0.0000e+00   0.0000e+00   3.7509e+02
20240403_01:00:00   1.8101e-01   4.7626e+01   3.5189e+00   0.0000e+00   3.3004e-04   3.7506e+02
20240403_02:00:00   1.7672e-01   4.6677e+01   3.4562e+00   0.0000e+00   2.7295e-04   3.7410e+02
20240403_03:00:00   1.7934e-01   4.7256e+01   3.5197e+00   0.0000e+00   1.1058e-04   3.7327e+02
20240403_04:00:00   1.8875e-01   4.9349e+01   3.7033e+00   0.0000e+00   0.0000e+00   3.7322e+02
20240403_05:00:00   2.0002e-01   5.1830e+01   3.9151e+00   0.0000e+00   0.0000e+00   3.6985e+02
20240403_06:00:00   2.0554e-01   5.2985e+01   4.0416e+00   0.0000e+00   0.0000e+00   3.6791e+02
20240403_07:00:00   2.0501e-01   5.2850e+01   4.0523e+00   0.0000e+00   0.0000e+00   3.6434e+02
20240403_08:00:00   2.0954e-01   5.3799e+01   4.1528e+00   0.0000e+00   0.0000e+00   3.6021e+02
20240403_09:00:00   2.1684e-01   5.5386e+01   4.2776e+00   0.0000e+00   0.0000e+00   3.5469e+02
20240403_10:00:00   2.2207e-01   5.6542e+01   4.3751e+00   0.0000e+00   0.0000e+00   3.5088e+02
20240403_11:00:00   2.1982e-01   5.6120e+01   4.3129e+00   0.0000e+00   0.0000e+00   3.4971e+02
20240403_12:00:00   2.1823e-01   5.5855e+01   4.2603e+00   0.0000e+00   0.0000e+00   3.4986e+02
20240403_13:00:00   2.1808e-01   5.5922e+01   4.2175e+00   0.0000e+00   0.0000e+00   3.4967e+02
20240403_14:00:00   2.1860e-01   5.6121e+01   4.2043e+00   0.0000e+00   0.0000e+00   3.4790e+02
20240403_15:00:00   2.1726e-01   5.5905e+01   4.1561e+00   0.0000e+00   0.0000e+00   3.4767e+02
20240403_16:00:00   2.2328e-01   5.7243e+01   4.2330e+00   0.0000e+00   0.0000e+00   3.4641e+02
20240403_17:00:00   2.3143e-01   5.8984e+01   4.3759e+00   0.0000e+00   0.0000e+00   3.4522e+02
20240403_18:00:00   2.3372e-01   5.9544e+01   4.4232e+00   0.0000e+00   0.0000e+00   3.4201e+02
20240403_19:00:00   2.4140e-01   6.1232e+01   4.5539e+00   0.0000e+00   0.0000e+00   3.3847e+02
20240403_20:00:00   2.5952e-01   6.5038e+01   4.8554e+00   0.0000e+00   0.0000e+00   3.3298e+02
20240403_21:00:00   2.6631e-01   6.6519e+01   4.9611e+00   0.0000e+00   0.0000e+00   3.2989e+02
20240403_22:00:00   2.7067e-01   6.7483e+01   5.0330e+00   0.0000e+00   0.0000e+00   3.2943e+02
20240403_23:00:00   2.7667e-01   6.8721e+01   5.1362e+00   0.0000e+00   2.9500e-07   3.2844e+02
20240404_00:00:00   2.6654e-01   6.6677e+01   4.9672e+00   0.0000e+00   1.6820e-05   3.2731e+02
20240404_03:00:00   2.0291e-01   5.3301e+01   3.8634e+00   0.0000e+00   0.0000e+00   3.2894e+02
20240404_06:00:00   1.8354e-01   4.9169e+01   3.4738e+00   0.0000e+00   0.0000e+00   3.3228e+02
20240404_09:00:00   1.8367e-01   4.9212e+01   3.4767e+00   0.0000e+00   0.0000e+00   3.3015e+02
20240404_12:00:00   1.6483e-01   4.4988e+01   3.1406e+00   0.0000e+00   0.0000e+00   3.2672e+02
20240404_15:00:00   1.4143e-01   3.9673e+01   2.7001e+00   0.0000e+00   0.0000e+00   3.2649e+02
20240404_18:00:00   2.0109e-01   5.3157e+01   3.7952e+00   0.0000e+00   0.0000e+00   3.2722e+02
20240404_21:00:00   2.3074e-01   5.9560e+01   4.4241e+00   0.0000e+00   0.0000e+00   3.2550e+02
20240405_00:00:00   2.5430e-01   6.4660e+01   4.8222e+00   0.0000e+00   0.0000e+00   3.2227e+02
20240405_03:00:00   2.0935e-01   5.5122e+01   4.0143e+00   0.0000e+00   6.8760e-05   3.2014e+02
20240405_06:00:00   1.9219e-01   5.1501e+01   3.6320e+00   0.0000e+00   4.2053e-03   3.2829e+02
20240405_09:00:00   1.6926e-01   4.6249e+01   3.2428e+00   0.0000e+00   6.8163e-03   3.3172e+02
20240405_12:00:00   1.8095e-01   4.8781e+01   3.4878e+00   0.0000e+00   1.1110e-02   3.3316e+02
20240405_15:00:00   1.8231e-01   4.8945e+01   3.5624e+00   0.0000e+00   7.3562e-03   3.3765e+02
20240405_18:00:00   2.2951e-01   5.9074e+01   4.5124e+00   0.0000e+00   2.9699e-02   3.3672e+02
20240405_21:00:00   3.1705e-01   7.6364e+01   6.3368e+00   2.2140e-06   5.1020e-03   3.5540e+02
20240406_00:00:00   3.2573e-01   7.7995e+01   6.4875e+00   0.0000e+00   3.2755e-02   3.6049e+02
20240406_03:00:00   3.7796e-01   8.7825e+01   7.3368e+00   0.0000e+00   3.6414e-03   3.6529e+02
20240406_06:00:00   2.7793e-01   6.9333e+01   5.3638e+00   0.0000e+00   0.0000e+00   3.6419e+02
20240406_09:00:00   2.4140e-01   6.1633e+01   4.7537e+00   0.0000e+00   0.0000e+00   3.5407e+02
20240406_12:00:00   2.2363e-01   5.7980e+01   4.2632e+00   0.0000e+00   0.0000e+00   3.6186e+02
20240406_15:00:00   1.9135e-01   5.0988e+01   3.5849e+00   0.0000e+00   0.0000e+00   3.6975e+02
20240406_18:00:00   2.8805e-01   6.9570e+01   5.0145e+00   1.8336e-02   2.9224e-02   3.6277e+02
20240406_21:00:00   3.5051e-01   8.1515e+01   6.2568e+00   1.8719e-03   6.0367e-02   3.5926e+02
20240407_00:00:00   2.0726e-01   5.2643e+01   3.8125e+00   0.0000e+00   1.3500e-02   3.7714e+02
20240407_03:00:00   1.3867e-01   3.7846e+01   2.4514e+00   6.4920e-06   2.7487e-03   4.1719e+02
20240407_06:00:00   1.6584e-01   4.3995e+01   2.8755e+00   0.0000e+00   2.5764e-03   4.2317e+02
20240407_09:00:00   2.7625e-01   6.6332e+01   4.6896e+00   6.7800e-03   1.0158e-01   4.1121e+02
20240407_12:00:00   2.7069e-01   6.5239e+01   4.7035e+00   9.4070e-05   1.5944e-01   4.1850e+02
20240407_15:00:00   2.6979e-01   6.4871e+01   4.7548e+00   4.3588e-04   2.1696e-01   4.1993e+02
20240407_18:00:00   2.6515e-01   6.4167e+01   4.7706e+00   1.7568e-04   9.2454e-02   4.2411e+02
20240407_21:00:00   3.0401e-01   7.1717e+01   5.4822e+00   4.1813e-04   1.6398e-01   4.2085e+02
20240408_00:00:00   2.7882e-01   6.7303e+01   5.1545e+00   0.0000e+00   8.7160e-02   4.1847e+02
20240408_03:00:00   2.3369e-01   5.8680e+01   4.4112e+00   0.0000e+00   1.1496e-02   4.0893e+02
20240408_06:00:00   2.1691e-01   5.5483e+01   4.0036e+00   0.0000e+00   2.3994e-04   3.8445e+02
20240408_09:00:00   2.1252e-01   5.4618e+01   3.9189e+00   0.0000e+00   2.5016e-04   3.8565e+02
20240408_12:00:00   2.2985e-01   5.8081e+01   4.2985e+00   0.0000e+00   0.0000e+00   3.8574e+02
20240408_15:00:00   2.1071e-01   5.4199e+01   3.9857e+00   0.0000e+00   0.0000e+00   3.8895e+02
20240408_18:00:00   2.0167e-01   5.2382e+01   3.8129e+00   0.0000e+00   0.0000e+00   3.8119e+02
20240408_21:00:00   1.5527e-01   4.2276e+01   2.9703e+00   0.0000e+00   0.0000e+00   3.6734e+02
20240409_00:00:00   1.6760e-01   4.4935e+01   3.2557e+00   0.0000e+00   0.0000e+00   3.5032e+02
20240409_03:00:00   1.4124e-01   3.9131e+01   2.7315e+00   0.0000e+00   0.0000e+00   3.3657e+02
20240409_06:00:00   1.7515e-01   4.6781e+01   3.4177e+00   0.0000e+00   0.0000e+00   3.3361e+02
20240409_09:00:00   2.4548e-01   6.1546e+01   4.8353e+00   0.0000e+00   0.0000e+00   3.2967e+02
20240409_12:00:00   2.1783e-01   5.6074e+01   4.2456e+00   4.6660e-04   4.0440e-06   3.3104e+02
20240409_15:00:00   2.3430e-01   5.9199e+01   4.6035e+00   9.7150e-04   3.3079e-04   3.3586e+02
20240409_18:00:00   2.6181e-01   6.5155e+01   5.1095e+00   0.0000e+00   6.0740e-03   3.3890e+02
20240409_21:00:00   4.5321e-01   9.9398e+01   7.6567e+00   1.6493e-02   4.7310e-01   3.4250e+02
20240410_00:00:00   8.4584e-01   1.5448e+02   8.0573e+00   1.6970e-01   5.0374e-01   3.6170e+02
20240410_03:00:00   8.3374e-01   1.5322e+02   7.4141e+00   1.8351e-01   1.9111e-01   3.7238e+02
20240410_06:00:00   5.4944e-01   1.1498e+02   6.9523e+00   7.1090e-02   2.6568e-01   3.8482e+02
20240410_09:00:00   1.8499e+00   2.2678e+02   7.0401e+00   6.2650e-01   1.7734e-01   3.9403e+02
20240410_12:00:00   1.3400e+00   1.9818e+02   7.1216e+00   4.0902e-01   3.1146e-01   3.9949e+02
20240410_15:00:00   8.3138e-01   1.5261e+02   7.2593e+00   1.7696e-01   5.5440e-01   3.9990e+02
20240410_18:00:00   8.0633e-01   1.4925e+02   6.8604e+00   1.8293e-01   2.6357e-01   4.0355e+02
20240410_21:00:00   6.6256e-01   1.3086e+02   7.0629e+00   1.1461e-01   4.1498e-01   4.0553e+02
20240411_00:00:00   6.9821e-01   1.3572e+02   7.2556e+00   1.2348e-01   4.2438e-01   4.0392e+02
20240411_03:00:00   8.0215e-01   1.4883e+02   7.0329e+00   1.7457e-01   2.3050e-01   4.0309e+02
20240411_06:00:00   4.1375e-01   9.2077e+01   6.5776e+00   2.0741e-02   1.3216e-01   4.0410e+02
20240411_09:00:00   3.9108e-01   8.8161e+01   5.6236e+00   3.7457e-02   1.9822e-02   4.0375e+02
20240411_12:00:00   2.9093e-01   6.9408e+01   5.4242e+00   2.5207e-05   5.5681e-02   4.0250e+02
20240411_15:00:00   3.2912e-01   7.6853e+01   5.6928e+00   7.0710e-03   3.4807e-02   4.0192e+02
20240411_18:00:00   4.1507e-01   9.2507e+01   6.0268e+00   3.5621e-02   1.1005e-02   4.0327e+02
20240411_21:00:00   3.2650e-01   7.6862e+01   5.5365e+00   8.0247e-03   5.4662e-03   4.0305e+02
20240412_00:00:00   2.8274e-01   6.8699e+01   4.9612e+00   3.1204e-03   5.4347e-04   4.0363e+02
20240412_03:00:00   2.5759e-01   6.4049e+01   4.3989e+00   1.6730e-03   1.3343e-05   4.0452e+02
20240412_06:00:00   2.3234e-01   5.8915e+01   3.9916e+00   9.9100e-05   6.2250e-06   4.0697e+02
20240412_09:00:00   2.0172e-01   5.2510e+01   3.4772e+00   0.0000e+00   2.2255e-04   4.0603e+02
20240412_12:00:00   2.2882e-01   5.7596e+01   4.2313e+00   0.0000e+00   3.2547e-03   4.1033e+02
20240412_15:00:00   2.8598e-01   6.8961e+01   5.2142e+00   0.0000e+00   8.6822e-04   4.0925e+02
20240412_18:00:00   3.5561e-01   8.2475e+01   5.9049e+00   7.7059e-03   4.7551e-02   4.1114e+02
20240412_21:00:00   3.6574e-01   8.4343e+01   6.2192e+00   5.7147e-03   4.4744e-02   4.1489e+02
20240413_00:00:00   3.2323e-01   7.6595e+01   5.6724e+00   1.0474e-05   4.0923e-03   4.1772e+02
20240413_03:00:00   3.0174e-01   7.2378e+01   5.2642e+00   0.0000e+00   1.5872e-02   4.0916e+02
20240413_06:00:00   1.9686e-01   5.1390e+01   3.3800e+00   1.6560e-04   6.3110e-06   3.9777e+02
20240413_09:00:00   1.6812e-01   4.5211e+01   2.8580e+00   0.0000e+00   0.0000e+00   3.8992e+02
20240413_12:00:00   1.3479e-01   3.7696e+01   2.2845e+00   0.0000e+00   0.0000e+00   3.8337e+02
20240413_15:00:00   1.2462e-01   3.5333e+01   2.1233e+00   0.0000e+00   0.0000e+00   3.8051e+02
20240413_18:00:00   1.3756e-01   3.8451e+01   2.3197e+00   2.3550e-03   0.0000e+00   3.7884e+02
20240413_21:00:00   1.9340e-01   5.1089e+01   3.4665e+00   9.0110e-04   0.0000e+00   3.6855e+02
20240414_00:00:00   2.3169e-01   5.9198e+01   4.3166e+00   0.0000e+00   0.0000e+00   3.5655e+02
20240414_03:00:00   2.0601e-01   5.3734e+01   3.9232e+00   0.0000e+00   0.0000e+00   3.5392e+02
20240414_06:00:00   1.8415e-01   4.9006e+01   3.5386e+00   0.0000e+00   0.0000e+00   3.5813e+02
20240414_09:00:00   1.3959e-01   3.9088e+01   2.6469e+00   0.0000e+00   0.0000e+00   3.5727e+02
20240414_12:00:00   1.5715e-01   4.3199e+01   2.9662e+00   0.0000e+00   0.0000e+00   3.7293e+02
20240414_15:00:00   1.7704e-01   4.7652e+01   3.3551e+00   0.0000e+00   1.2570e-04   3.7704e+02
20240414_18:00:00   2.8706e-01   7.0667e+01   5.3940e+00   0.0000e+00   8.3775e-03   3.8053e+02
20240414_21:00:00   4.1966e-01   9.4855e+01   7.9481e+00   2.7439e-04   5.8323e-02   3.8219e+02
20240415_00:00:00   3.3541e-01   7.9416e+01   6.5540e+00   0.0000e+00   1.2004e-01   3.8338e+02
