#            date       tau255        Tb[K]      pwv[mm] lwp[kg*m^-2] iwp[kg*m^-2]       o3[DU]
20250401_06:00:00   3.0972e-01   7.3475e+01   5.5770e+00   6.5590e-05   7.6201e-02   3.6948e+02
20250401_07:00:00   2.6553e-01   6.5168e+01   4.7967e+00   1.1030e-03   1.0572e-03   3.6924e+02
20250401_08:00:00   2.9753e-01   7.1221e+01   5.2666e+00   3.1080e-03   9.4305e-02   3.6642e+02
20250401_09:00:00   3.2217e-01   7.5553e+01   5.7864e+00   0.0000e+00   1.9206e-01   3.6776e+02
20250401_10:00:00   2.6803e-01   6.5569e+01   4.7993e+00   5.5770e-04   3.8539e-03   3.6920e+02
20250401_11:00:00   2.6265e-01   6.4442e+01   4.7058e+00   1.0061e-03   5.6847e-03   3.6596e+02
20250401_12:00:00   2.3325e-01   5.8446e+01   4.2014e+00   5.6600e-06   2.6236e-02   3.6761e+02
20250401_13:00:00   2.3239e-01   5.7920e+01   4.1532e+00   8.8180e-05   2.8893e-02   3.7271e+02
20250401_14:00:00   2.3249e-01   5.7681e+01   4.2184e+00   0.0000e+00   1.7829e-02   3.7593e+02
20250401_15:00:00   2.2279e-01   5.5640e+01   4.0015e+00   3.2010e-04   7.6844e-03   3.7605e+02
20250401_16:00:00   2.0658e-01   5.2240e+01   3.7339e+00   2.0090e-04   6.0858e-02   3.7564e+02
20250401_17:00:00   1.9992e-01   5.0743e+01   3.5896e+00   9.5900e-06   7.3083e-02   3.8098e+02
20250401_18:00:00   1.8125e-01   4.6834e+01   3.2727e+00   1.3272e-04   1.6888e-02   3.8526e+02
20250401_19:00:00   1.8236e-01   4.7034e+01   3.2957e+00   0.0000e+00   3.7188e-02   3.9113e+02
20250401_20:00:00   1.8372e-01   4.7487e+01   3.2243e+00   5.3460e-04   9.7352e-03   3.9720e+02
20250401_21:00:00   1.9296e-01   4.9369e+01   3.3153e+00   2.6834e-03   7.4910e-03   3.9879e+02
20250401_22:00:00   2.1230e-01   5.3242e+01   3.7240e+00   8.9600e-05   7.4191e-02   4.0059e+02
20250401_23:00:00   2.1590e-01   5.3890e+01   3.7614e+00   0.0000e+00   1.1170e-01   4.0160e+02
20250402_00:00:00   2.2077e-01   5.4878e+01   3.7466e+00   0.0000e+00   2.4553e-01   3.9953e+02
20250402_01:00:00   1.8603e-01   4.7581e+01   3.1906e+00   0.0000e+00   1.3818e-01   3.9871e+02
20250402_02:00:00   1.4113e-01   3.7914e+01   2.4881e+00   0.0000e+00   1.0832e-02   3.9961e+02
20250402_03:00:00   1.4177e-01   3.7881e+01   2.4852e+00   0.0000e+00   4.2501e-02   4.0476e+02
20250402_04:00:00   1.3494e-01   3.6368e+01   2.3477e+00   0.0000e+00   4.1723e-02   4.0424e+02
20250402_05:00:00   1.2388e-01   3.3970e+01   2.1223e+00   0.0000e+00   4.0390e-02   4.0621e+02
20250402_06:00:00   1.1195e-01   3.1300e+01   1.8804e+00   0.0000e+00   5.8471e-02   3.9930e+02
20250402_07:00:00   1.0608e-01   2.9989e+01   1.7467e+00   0.0000e+00   5.2634e-02   3.9927e+02
20250402_08:00:00   1.0363e-01   2.9465e+01   1.6919e+00   0.0000e+00   2.0767e-02   3.9774e+02
20250402_09:00:00   9.5031e-02   2.7520e+01   1.5322e+00   0.0000e+00   6.0835e-03   3.9661e+02
20250402_10:00:00   8.9006e-02   2.6152e+01   1.4181e+00   0.0000e+00   4.7789e-03   3.9697e+02
20250402_11:00:00   9.9278e-02   2.8507e+01   1.5999e+00   0.0000e+00   4.7855e-03   3.9888e+02
20250402_12:00:00   1.1216e-01   3.1413e+01   1.8390e+00   0.0000e+00   5.4652e-03   4.0387e+02
20250402_13:00:00   1.1756e-01   3.2614e+01   1.9426e+00   0.0000e+00   1.0283e-02   4.0704e+02
20250402_14:00:00   1.3505e-01   3.6483e+01   2.2695e+00   0.0000e+00   2.2929e-02   4.0933e+02
20250402_15:00:00   1.4898e-01   3.9505e+01   2.5326e+00   3.6162e-04   1.6810e-02   4.1186e+02
20250402_16:00:00   1.7254e-01   4.4552e+01   2.9058e+00   8.8100e-04   3.6313e-02   4.1535e+02
20250402_17:00:00   2.2411e-01   5.5177e+01   3.2919e+00   1.4963e-02   8.2330e-02   4.1426e+02
20250402_18:00:00   1.9440e-01   4.9147e+01   3.1866e+00   4.4481e-03   4.2942e-02   4.1188e+02
20250402_19:00:00   2.0568e-01   5.1466e+01   3.2103e+00   1.0392e-02   5.6216e-02   4.0581e+02
20250402_20:00:00   1.9025e-01   4.8380e+01   3.2210e+00   1.6197e-03   7.9153e-02   3.9833e+02
20250402_21:00:00   1.8423e-01   4.7150e+01   3.1631e+00   6.4780e-04   6.0427e-02   4.0024e+02
20250402_22:00:00   1.8006e-01   4.6277e+01   3.1102e+00   1.7816e-04   4.9819e-02   4.0315e+02
20250402_23:00:00   1.7799e-01   4.5879e+01   3.0817e+00   0.0000e+00   3.2839e-02   4.0204e+02
20250403_00:00:00   1.7075e-01   4.4372e+01   2.9605e+00   0.0000e+00   1.7190e-02   3.9967e+02
20250403_01:00:00   1.5407e-01   4.0846e+01   2.6553e+00   0.0000e+00   1.1849e-02   3.9838e+02
20250403_02:00:00   1.3336e-01   3.6350e+01   2.2746e+00   0.0000e+00   1.8994e-03   3.9779e+02
20250403_03:00:00   1.1544e-01   3.2384e+01   1.9359e+00   0.0000e+00   1.8612e-04   3.9677e+02
20250403_04:00:00   9.7704e-02   2.8388e+01   1.5926e+00   0.0000e+00   2.3801e-05   3.9031e+02
20250403_05:00:00   8.8935e-02   2.6393e+01   1.4107e+00   0.0000e+00   4.7763e-04   3.8266e+02
20250403_06:00:00   9.8024e-02   2.8493e+01   1.5773e+00   0.0000e+00   2.2288e-04   3.7917e+02
20250403_07:00:00   9.3202e-02   2.7358e+01   1.4921e+00   0.0000e+00   7.4300e-04   3.7716e+02
20250403_08:00:00   8.1537e-02   2.4577e+01   1.2899e+00   0.0000e+00   1.3527e-03   3.7059e+02
20250403_09:00:00   6.8660e-02   2.1450e+01   1.0597e+00   0.0000e+00   1.0541e-03   3.7172e+02
20250403_10:00:00   6.6808e-02   2.0961e+01   1.0318e+00   0.0000e+00   3.3543e-03   3.7693e+02
20250403_11:00:00   7.4017e-02   2.2648e+01   1.1797e+00   0.0000e+00   5.2847e-03   3.7835e+02
20250403_12:00:00   8.2462e-02   2.4588e+01   1.3615e+00   0.0000e+00   7.0523e-03   3.7766e+02
20250403_13:00:00   9.5137e-02   2.7463e+01   1.6249e+00   0.0000e+00   2.4841e-02   3.7717e+02
20250403_14:00:00   1.2861e-01   3.5041e+01   2.2482e+00   0.0000e+00   7.6230e-02   3.7650e+02
20250403_15:00:00   1.8128e-01   4.6554e+01   3.1719e+00   0.0000e+00   1.1062e-01   3.7543e+02
20250403_16:00:00   2.0952e-01   5.2496e+01   3.6440e+00   0.0000e+00   1.5886e-01   3.7820e+02
20250403_17:00:00   2.3084e-01   5.6859e+01   3.9809e+00   0.0000e+00   2.1588e-01   3.7952e+02
20250403_18:00:00   2.4564e-01   5.9867e+01   4.1976e+00   1.3087e-04   2.5124e-01   3.8333e+02
20250403_19:00:00   2.5531e-01   6.1866e+01   4.3681e+00   2.3760e-04   2.1077e-01   3.8437e+02
20250403_20:00:00   2.6373e-01   6.3591e+01   4.4922e+00   4.2479e-04   2.6839e-01   3.8193e+02
20250403_21:00:00   2.7188e-01   6.5201e+01   4.5805e+00   7.7275e-04   3.6585e-01   3.7846e+02
20250403_22:00:00   2.7548e-01   6.5890e+01   4.6253e+00   6.8595e-04   3.7042e-01   3.7740e+02
20250403_23:00:00   2.5567e-01   6.2157e+01   4.3692e+00   1.4585e-03   6.8780e-02   3.7525e+02
20250404_00:00:00   2.6346e-01   6.3615e+01   4.4912e+00   1.8024e-03   1.3134e-01   3.7158e+02
20250404_01:00:00   2.7694e-01   6.6168e+01   4.6172e+00   2.1868e-03   3.2692e-01   3.7105e+02
20250404_02:00:00   2.6400e-01   6.3598e+01   4.5015e+00   1.1833e-05   2.9760e-01   3.7182e+02
20250404_03:00:00   2.5480e-01   6.1824e+01   4.3992e+00   2.0745e-05   1.8248e-01   3.7176e+02
20250404_04:00:00   2.4522e-01   6.0122e+01   4.1052e+00   5.1540e-03   3.9735e-02   3.7206e+02
20250404_05:00:00   2.4224e-01   5.9604e+01   3.8931e+00   9.7350e-03   1.6983e-02   3.7231e+02
20250404_06:00:00   2.1182e-01   5.3373e+01   3.6374e+00   2.9210e-03   1.8519e-02   3.7063e+02
20250404_07:00:00   2.1442e-01   5.3985e+01   3.5084e+00   7.4440e-03   8.1836e-03   3.6969e+02
20250404_08:00:00   2.1648e-01   5.4374e+01   3.6009e+00   6.0910e-03   4.7662e-03   3.6816e+02
20250404_09:00:00   2.0246e-01   5.1433e+01   3.5580e+00   9.3910e-04   2.0674e-03   3.6635e+02
20250404_10:00:00   2.0146e-01   5.1282e+01   3.5291e+00   8.0120e-04   2.2204e-04   3.6653e+02
20250404_11:00:00   2.0243e-01   5.1483e+01   3.5604e+00   4.0810e-05   9.8705e-05   3.6779e+02
20250404_12:00:00   2.0335e-01   5.1672e+01   3.5767e+00   0.0000e+00   2.7357e-04   3.6813e+02
20250404_13:00:00   2.0488e-01   5.1959e+01   3.5984e+00   0.0000e+00   2.7457e-04   3.6822e+02
20250404_14:00:00   2.0976e-01   5.2940e+01   3.6729e+00   0.0000e+00   8.8922e-04   3.6818e+02
20250404_15:00:00   2.6179e-01   6.3511e+01   3.8421e+00   1.8483e-02   3.6943e-03   3.6831e+02
20250404_16:00:00   2.7944e-01   6.6749e+01   4.1627e+00   1.8385e-02   1.2947e-02   3.6896e+02
20250404_17:00:00   3.3298e-01   7.6782e+01   4.3740e+00   3.7116e-02   1.0156e-01   3.6952e+02
20250404_18:00:00   2.8313e-01   6.7352e+01   4.5937e+00   6.7356e-03   1.6410e-01   3.6971e+02
20250404_19:00:00   2.8333e-01   6.7376e+01   4.6740e+00   5.3779e-03   1.3499e-01   3.7048e+02
20250404_20:00:00   2.8149e-01   6.7007e+01   4.6263e+00   6.7219e-03   1.0294e-01   3.7042e+02
20250404_21:00:00   2.8511e-01   6.7650e+01   4.7077e+00   5.3020e-03   1.7758e-01   3.6774e+02
20250404_22:00:00   2.7590e-01   6.5888e+01   4.6490e+00   3.1356e-03   1.2334e-01   3.6675e+02
20250404_23:00:00   2.6818e-01   6.4403e+01   4.5180e+00   3.6997e-03   6.4983e-02   3.6563e+02
20250405_00:00:00   2.5907e-01   6.2595e+01   4.4569e+00   5.8515e-04   6.7769e-02   3.6806e+02
20250405_01:00:00   2.5089e-01   6.0962e+01   4.3250e+00   4.9550e-04   2.8398e-02   3.7191e+02
20250405_02:00:00   2.4101e-01   5.9013e+01   4.1402e+00   2.4648e-04   4.5264e-02   3.7449e+02
20250405_03:00:00   2.3331e-01   5.7469e+01   3.9768e+00   4.0310e-04   6.2714e-02   3.7529e+02
20250405_04:00:00   2.2187e-01   5.5188e+01   3.7080e+00   2.2618e-03   3.7439e-02   3.7442e+02
20250405_05:00:00   2.0847e-01   5.2488e+01   3.4402e+00   2.9140e-03   2.9858e-02   3.7520e+02
20250405_06:00:00   1.9692e-01   5.0145e+01   3.1824e+00   4.1690e-03   2.9035e-02   3.7475e+02
20250405_07:00:00   1.8838e-01   4.8364e+01   3.0469e+00   3.6730e-03   2.3640e-02   3.7763e+02
20250405_08:00:00   1.7820e-01   4.6211e+01   2.9452e+00   1.7977e-03   1.0147e-02   3.8021e+02
20250405_09:00:00   1.8092e-01   4.6769e+01   2.9678e+00   2.1665e-03   8.8872e-03   3.8004e+02
20250405_10:00:00   1.8331e-01   4.7224e+01   3.0451e+00   1.2018e-03   8.4960e-03   3.8175e+02
20250405_11:00:00   1.7480e-01   4.5434e+01   2.9327e+00   5.1890e-04   6.8133e-04   3.8203e+02
20250405_12:00:00   1.6837e-01   4.4146e+01   2.7294e+00   2.5190e-03   4.0065e-04   3.8080e+02
20250405_13:00:00   1.6013e-01   4.2400e+01   2.6062e+00   1.5550e-03   1.3374e-04   3.7772e+02
20250405_14:00:00   1.5591e-01   4.1464e+01   2.5799e+00   2.1603e-04   1.0774e-04   3.7407e+02
20250405_15:00:00   1.4122e-01   3.8244e+01   2.3312e+00   1.9555e-05   4.7870e-05   3.7332e+02
20250405_16:00:00   1.3003e-01   3.5754e+01   2.1309e+00   0.0000e+00   1.8798e-04   3.7520e+02
20250405_17:00:00   1.3731e-01   3.7373e+01   2.2704e+00   0.0000e+00   2.5212e-04   3.8188e+02
20250405_18:00:00   1.5734e-01   4.1774e+01   2.6464e+00   1.0378e-04   5.6997e-04   3.8502e+02
20250405_19:00:00   1.6599e-01   4.3679e+01   2.7913e+00   9.5070e-04   1.4276e-03   3.8618e+02
20250405_20:00:00   1.6731e-01   4.3982e+01   2.8219e+00   1.2733e-03   7.4072e-03   3.8712e+02
20250405_21:00:00   1.5734e-01   4.1856e+01   2.7014e+00   1.0076e-04   2.7978e-03   3.8578e+02
20250405_22:00:00   1.5195e-01   4.0700e+01   2.6229e+00   0.0000e+00   1.0592e-03   3.8192e+02
20250405_23:00:00   1.5101e-01   4.0489e+01   2.6277e+00   0.0000e+00   1.2915e-03   3.8098e+02
20250406_00:00:00   1.4674e-01   3.9515e+01   2.5814e+00   0.0000e+00   1.0313e-03   3.8087e+02
20250406_01:00:00   1.4163e-01   3.8320e+01   2.5220e+00   0.0000e+00   9.5090e-04   3.8035e+02
20250406_02:00:00   1.3528e-01   3.6882e+01   2.4259e+00   0.0000e+00   5.6600e-06   3.7839e+02
20250406_03:00:00   1.3368e-01   3.6527e+01   2.4121e+00   0.0000e+00   8.7780e-05   3.7666e+02
20250406_04:00:00   1.2309e-01   3.4255e+01   2.1932e+00   0.0000e+00   0.0000e+00   3.7514e+02
20250406_05:00:00   1.1451e-01   3.2413e+01   2.0074e+00   0.0000e+00   0.0000e+00   3.7407e+02
20250406_06:00:00   1.1168e-01   3.1797e+01   1.9552e+00   0.0000e+00   0.0000e+00   3.7442e+02
20250406_09:00:00   1.0716e-01   3.0762e+01   1.8841e+00   0.0000e+00   0.0000e+00   3.7434e+02
20250406_12:00:00   1.2725e-01   3.5401e+01   2.2644e+00   0.0000e+00   0.0000e+00   3.6998e+02
20250406_15:00:00   1.4886e-01   4.0205e+01   2.7008e+00   0.0000e+00   0.0000e+00   3.6689e+02
20250406_18:00:00   1.9153e-01   4.9631e+01   3.4890e+00   0.0000e+00   0.0000e+00   3.6552e+02
20250406_21:00:00   2.3283e-01   5.8172e+01   4.3672e+00   0.0000e+00   1.8787e-02   3.6180e+02
20250407_00:00:00   2.3920e-01   5.9466e+01   4.5712e+00   0.0000e+00   3.0348e-02   3.6353e+02
20250407_03:00:00   2.4585e-01   6.0916e+01   4.6825e+00   0.0000e+00   2.4466e-02   3.6529e+02
20250407_06:00:00   2.4521e-01   6.0893e+01   4.5980e+00   0.0000e+00   1.6266e-05   3.6851e+02
20250407_09:00:00   2.5268e-01   6.2566e+01   4.6671e+00   0.0000e+00   1.2260e-06   3.6763e+02
20250407_12:00:00   2.6166e-01   6.4350e+01   4.8019e+00   0.0000e+00   2.0481e-05   3.6811e+02
20250407_15:00:00   2.1973e-01   5.5911e+01   4.0301e+00   0.0000e+00   0.0000e+00   3.6813e+02
20250407_18:00:00   2.4613e-01   6.1518e+01   4.5302e+00   0.0000e+00   4.7282e-04   3.6554e+02
20250407_21:00:00   2.9005e-01   7.0222e+01   5.3926e+00   1.2234e-04   1.9084e-02   3.6094e+02
20250408_00:00:00   3.7423e-01   8.5534e+01   6.9465e+00   0.0000e+00   1.4315e-01   3.5183e+02
20250408_03:00:00   3.4115e-01   7.9724e+01   6.4214e+00   0.0000e+00   3.2019e-02   3.5442e+02
20250408_06:00:00   3.4754e-01   8.0956e+01   6.5222e+00   0.0000e+00   8.9960e-02   3.5709e+02
20250408_09:00:00   3.2961e-01   7.7691e+01   6.1663e+00   0.0000e+00   2.3356e-02   3.6722e+02
20250408_12:00:00   3.8465e-01   8.7338e+01   6.9707e+00   0.0000e+00   1.8740e-01   3.7505e+02
20250408_15:00:00   3.2341e-01   7.5700e+01   5.7865e+00   1.3183e-03   1.8789e-01   3.8192e+02
20250408_18:00:00   2.9906e-01   7.1059e+01   5.4854e+00   0.0000e+00   2.1915e-01   3.7968e+02
20250408_21:00:00   3.2259e-01   7.5916e+01   5.9190e+00   2.2800e-03   2.0894e-02   3.8161e+02
20250409_00:00:00   3.5551e-01   8.2263e+01   6.4934e+00   3.7660e-04   5.6320e-03   3.8106e+02
20250409_03:00:00   3.4026e-01   7.9633e+01   6.2527e+00   0.0000e+00   7.5341e-05   3.7126e+02
20250409_06:00:00   3.2731e-01   7.7030e+01   6.0616e+00   4.3240e-06   1.0582e-02   3.7263e+02
20250409_09:00:00   2.5589e-01   6.3240e+01   4.7822e+00   0.0000e+00   2.6682e-03   3.5724e+02
20250409_12:00:00   1.5834e-01   4.2834e+01   2.8869e+00   0.0000e+00   5.8180e-07   3.4228e+02
20250409_15:00:00   1.8240e-01   4.8041e+01   3.4367e+00   0.0000e+00   9.3024e-04   3.3379e+02
20250409_18:00:00   2.2302e-01   5.6668e+01   4.3676e+00   0.0000e+00   3.6880e-07   3.3130e+02
20250409_21:00:00   2.8739e-01   6.9920e+01   5.6204e+00   0.0000e+00   2.6136e-05   3.2904e+02
20250410_00:00:00   3.1038e-01   7.4614e+01   6.0450e+00   0.0000e+00   1.1904e-03   3.2521e+02
20250410_03:00:00   2.3966e-01   6.0289e+01   4.8706e+00   1.2680e-04   3.4389e-02   3.2204e+02
20250410_06:00:00   1.9794e-01   5.1829e+01   3.9684e+00   0.0000e+00   5.3004e-03   3.2087e+02
20250410_09:00:00   1.5826e-01   4.3307e+01   3.1102e+00   0.0000e+00   3.3219e-03   3.1962e+02
20250410_12:00:00   1.4127e-01   3.9354e+01   2.7965e+00   0.0000e+00   5.6632e-03   3.1664e+02
20250410_15:00:00   1.7984e-01   4.8282e+01   3.5533e+00   0.0000e+00   4.5741e-03   3.1878e+02
20250410_18:00:00   2.4048e-01   6.1453e+01   4.8535e+00   0.0000e+00   4.0550e-03   3.1497e+02
20250410_21:00:00   2.8763e-01   7.1288e+01   5.7508e+00   0.0000e+00   3.6088e-03   3.1006e+02
20250411_00:00:00   3.1724e-01   7.7237e+01   6.2910e+00   0.0000e+00   3.3619e-04   3.0831e+02
20250411_03:00:00   3.3480e-01   8.0608e+01   6.5672e+00   0.0000e+00   1.3148e-03   3.1018e+02
20250411_06:00:00   3.2326e-01   7.8495e+01   6.2850e+00   0.0000e+00   4.5280e-06   3.0464e+02
20250411_09:00:00   2.4782e-01   6.3466e+01   4.8612e+00   0.0000e+00   0.0000e+00   3.0190e+02
20250411_12:00:00   2.3966e-01   6.1611e+01   4.7702e+00   0.0000e+00   0.0000e+00   3.0290e+02
20250411_15:00:00   2.3576e-01   6.0719e+01   4.7422e+00   0.0000e+00   2.1600e-03   2.9934e+02
20250411_18:00:00   2.4923e-01   6.3414e+01   5.0906e+00   0.0000e+00   1.1128e-03   2.9706e+02
20250411_21:00:00   2.9517e-01   7.2437e+01   6.1643e+00   0.0000e+00   1.2206e-02   2.9876e+02
20250412_00:00:00   3.0727e-01   7.5064e+01   6.4006e+00   0.0000e+00   1.3341e-03   2.9754e+02
20250412_03:00:00   2.6564e-01   6.6770e+01   5.5718e+00   0.0000e+00   2.6568e-03   2.9363e+02
20250412_06:00:00   2.3790e-01   6.1099e+01   4.9940e+00   0.0000e+00   5.4584e-04   2.9082e+02
20250412_09:00:00   2.4226e-01   6.2024e+01   5.1065e+00   0.0000e+00   4.8498e-03   2.9214e+02
20250412_12:00:00   2.3969e-01   6.1602e+01   5.0039e+00   0.0000e+00   3.7842e-03   2.9161e+02
20250412_15:00:00   2.4848e-01   6.3204e+01   5.1657e+00   0.0000e+00   1.4233e-03   2.9375e+02
20250412_18:00:00   2.9909e-01   7.3076e+01   6.2289e+00   0.0000e+00   4.1480e-05   2.9219e+02
20250412_21:00:00   3.4912e-01   8.2424e+01   7.2734e+00   8.2040e-05   2.3891e-03   2.9499e+02
20250413_00:00:00   3.8318e-01   8.8787e+01   7.8361e+00   0.0000e+00   4.8149e-02   2.9920e+02
20250413_03:00:00   2.3311e-01   6.0367e+01   4.7431e+00   0.0000e+00   0.0000e+00   3.0333e+02
20250413_06:00:00   2.2617e-01   5.8840e+01   4.5892e+00   0.0000e+00   0.0000e+00   3.0487e+02
20250413_09:00:00   2.1318e-01   5.5932e+01   4.3153e+00   0.0000e+00   0.0000e+00   3.0932e+02
20250413_12:00:00   1.9524e-01   5.2088e+01   3.8315e+00   0.0000e+00   0.0000e+00   3.1152e+02
20250413_15:00:00   1.6112e-01   4.4419e+01   3.1324e+00   0.0000e+00   0.0000e+00   3.1073e+02
20250413_18:00:00   2.4092e-01   6.1313e+01   4.8491e+00   0.0000e+00   0.0000e+00   3.1342e+02
20250413_21:00:00   3.6526e-01   8.4544e+01   6.9483e+00   1.1881e-02   2.7292e-01   3.2180e+02
20250414_00:00:00   3.9315e-01   9.0406e+01   7.4130e+00   5.1765e-03   1.6841e-01   3.4266e+02
20250414_03:00:00   2.5224e-01   6.3650e+01   4.8376e+00   1.1318e-05   7.8625e-03   3.4108e+02
20250414_06:00:00   1.5380e-01   4.1909e+01   2.9552e+00   0.0000e+00   2.7463e-04   3.5201e+02
20250414_09:00:00   1.9197e-01   4.9881e+01   3.2982e+00   1.6564e-04   5.0016e-03   3.7330e+02
20250414_12:00:00   1.4546e-01   3.9481e+01   2.3548e+00   0.0000e+00   1.0148e-02   3.8892e+02
20250414_15:00:00   1.6881e-01   4.4130e+01   2.7007e+00   2.3102e-04   1.0315e-01   4.0343e+02
20250414_18:00:00   1.2130e-01   3.3964e+01   2.0446e+00   0.0000e+00   1.9004e-06   3.6633e+02
20250414_21:00:00   1.2180e-01   3.4112e+01   2.2960e+00   0.0000e+00   6.1576e-03   3.6821e+02
20250415_00:00:00   2.0503e-01   5.2252e+01   4.1418e+00   6.0140e-04   5.4753e-03   3.5972e+02
20250415_03:00:00   2.5847e-01   6.3376e+01   5.2300e+00   0.0000e+00   4.3898e-03   3.5503e+02
20250415_06:00:00   2.8418e-01   6.8406e+01   5.7095e+00   2.4311e-03   1.6582e-02   3.5051e+02
20250415_09:00:00   2.9674e-01   7.0835e+01   6.0163e+00   0.0000e+00   6.5428e-03   3.4760e+02
20250415_12:00:00   2.9868e-01   7.1317e+01   6.1034e+00   0.0000e+00   1.1217e-02   3.4608e+02
20250415_15:00:00   2.9725e-01   7.1236e+01   6.0770e+00   0.0000e+00   7.8034e-04   3.3822e+02
20250415_18:00:00   2.9216e-01   7.0506e+01   6.0489e+00   0.0000e+00   4.4093e-04   3.3322e+02
20250415_21:00:00   3.3600e-01   7.9113e+01   6.9625e+00   3.6080e-05   3.2024e-03   3.3391e+02
20250416_00:00:00   3.2803e-01   7.8142e+01   6.7513e+00   0.0000e+00   2.1263e-04   3.2909e+02
20250416_03:00:00   3.0652e-01   7.3823e+01   6.3446e+00   0.0000e+00   1.9873e-03   3.2484e+02
20250416_06:00:00   2.5841e-01   6.4710e+01   5.2052e+00   0.0000e+00   0.0000e+00   3.2635e+02
20250416_09:00:00   2.3615e-01   6.0171e+01   4.7225e+00   0.0000e+00   0.0000e+00   3.3063e+02
20250416_12:00:00   2.2078e-01   5.6845e+01   4.4582e+00   0.0000e+00   0.0000e+00   3.3258e+02
20250416_15:00:00   2.6175e-01   6.5138e+01   5.1888e+00   0.0000e+00   0.0000e+00   3.2573e+02
20250416_18:00:00   3.3925e-01   8.0120e+01   6.5979e+00   6.9640e-04   1.9686e-03   3.3065e+02
20250416_21:00:00   3.8745e-01   8.9137e+01   7.3257e+00   4.7351e-03   1.8791e-02   3.3027e+02
20250417_00:00:00   4.0303e-01   9.2299e+01   7.6839e+00   0.0000e+00   8.2437e-03   3.2894e+02
20250417_03:00:00   3.6204e-01   8.4949e+01   6.9793e+00   0.0000e+00   1.6442e-03   3.2578e+02
20250417_06:00:00   3.3911e-01   8.0519e+01   6.6093e+00   0.0000e+00   4.3660e-03   3.2790e+02
