#            date       tau255        Tb[K]      pwv[mm] lwp[kg*m^-2] iwp[kg*m^-2]       o3[DU]
20251220_12:00:00   3.3374e-01   7.7916e+01   5.9100e+00   2.7675e-03   1.4929e-01   2.9026e+02
20251220_13:00:00   3.1941e-01   7.5300e+01   5.6698e+00   2.0380e-04   2.1149e-01   2.8948e+02
20251220_14:00:00   2.7844e-01   6.7745e+01   4.7945e+00   1.9827e-03   1.7004e-01   2.8966e+02
20251220_15:00:00   2.7650e-01   6.7228e+01   4.6923e+00   4.3355e-03   3.7142e-02   2.9193e+02
20251220_16:00:00   2.7155e-01   6.6277e+01   4.5273e+00   5.4740e-03   2.6436e-02   2.9410e+02
20251220_17:00:00   2.7744e-01   6.7405e+01   4.8352e+00   4.7780e-04   3.6645e-02   2.9174e+02
20251220_18:00:00   3.0467e-01   7.2624e+01   5.1749e+00   4.7216e-03   3.8938e-02   2.8816e+02
20251220_19:00:00   2.8168e-01   6.8344e+01   4.9220e+00   7.6340e-05   3.8905e-02   2.8635e+02
20251220_20:00:00   2.8442e-01   6.8905e+01   4.9672e+00   1.9692e-04   3.8768e-02   2.8667e+02
20251220_21:00:00   3.2659e-01   7.6612e+01   5.7147e+00   7.0773e-05   2.3772e-01   2.8829e+02
20251220_22:00:00   2.7329e-01   6.6870e+01   4.6885e+00   8.1870e-04   7.2882e-02   2.9263e+02
20251220_23:00:00   1.7774e-01   4.7159e+01   2.9945e+00   1.4317e-03   6.2825e-04   2.9746e+02
20251221_00:00:00   1.8022e-01   4.7662e+01   3.0810e+00   0.0000e+00   2.4167e-03   3.0123e+02
20251221_01:00:00   1.5443e-01   4.1939e+01   2.6529e+00   0.0000e+00   2.4021e-04   3.0745e+02
20251221_02:00:00   1.6916e-01   4.5116e+01   2.9503e+00   0.0000e+00   4.8408e-03   3.1146e+02
20251221_03:00:00   1.8732e-01   4.8949e+01   3.3191e+00   7.9220e-05   1.9408e-02   3.1355e+02
20251221_04:00:00   1.8789e-01   4.8980e+01   3.3894e+00   0.0000e+00   2.1271e-02   3.1160e+02
20251221_05:00:00   1.8291e-01   4.7904e+01   3.3409e+00   0.0000e+00   9.2882e-03   3.1244e+02
20251221_06:00:00   2.1728e-01   5.5168e+01   4.0029e+00   0.0000e+00   1.1786e-02   3.1101e+02
20251221_07:00:00   2.3448e-01   5.8713e+01   4.3762e+00   0.0000e+00   9.2922e-03   3.1010e+02
20251221_08:00:00   2.5907e-01   6.3644e+01   4.8899e+00   0.0000e+00   4.8689e-02   3.0627e+02
20251221_09:00:00   2.9498e-01   7.0724e+01   5.5872e+00   0.0000e+00   5.3870e-02   3.0159e+02
20251221_10:00:00   3.0315e-01   7.2564e+01   5.7230e+00   0.0000e+00   8.5992e-03   2.9737e+02
20251221_11:00:00   3.0706e-01   7.3466e+01   5.7883e+00   0.0000e+00   1.2509e-03   2.9635e+02
20251221_12:00:00   3.4480e-01   8.0617e+01   6.4691e+00   4.4748e-04   8.4362e-03   2.9792e+02
20251221_13:00:00   3.3241e-01   7.8588e+01   6.2679e+00   0.0000e+00   1.2458e-03   2.9903e+02
20251221_14:00:00   3.2575e-01   7.7341e+01   6.2468e+00   0.0000e+00   4.4403e-03   3.0159e+02
20251221_15:00:00   3.2823e-01   7.7953e+01   6.3324e+00   0.0000e+00   5.9715e-03   3.0198e+02
20251221_16:00:00   3.3676e-01   7.9607e+01   6.5964e+00   0.0000e+00   9.9207e-03   2.9837e+02
20251221_17:00:00   3.4628e-01   8.1684e+01   6.7990e+00   0.0000e+00   6.9402e-03   2.9719e+02
20251221_18:00:00   3.5841e-01   8.4263e+01   7.0300e+00   0.0000e+00   4.2838e-03   2.9697e+02
20251221_19:00:00   3.6336e-01   8.5289e+01   7.1933e+00   0.0000e+00   4.4132e-03   2.9477e+02
20251221_20:00:00   3.6221e-01   8.5231e+01   7.1774e+00   0.0000e+00   4.9783e-03   2.9039e+02
20251221_21:00:00   3.7349e-01   8.7259e+01   7.4621e+00   0.0000e+00   5.5579e-03   2.8622e+02
20251221_22:00:00   3.7586e-01   8.7663e+01   7.5199e+00   0.0000e+00   5.1221e-03   2.8389e+02
20251221_23:00:00   3.6668e-01   8.5969e+01   7.3886e+00   0.0000e+00   3.8533e-03   2.8212e+02
20251222_00:00:00   3.6948e-01   8.6633e+01   7.3761e+00   0.0000e+00   1.5292e-03   2.8063e+02
20251222_01:00:00   3.4556e-01   8.2196e+01   6.9406e+00   0.0000e+00   4.5138e-04   2.7935e+02
20251222_02:00:00   3.3058e-01   7.9480e+01   6.6122e+00   0.0000e+00   2.6952e-04   2.7767e+02
20251222_03:00:00   3.4963e-01   8.3135e+01   6.8899e+00   0.0000e+00   7.3760e-07   2.7687e+02
20251222_04:00:00   3.5163e-01   8.3606e+01   6.9280e+00   0.0000e+00   0.0000e+00   2.7533e+02
20251222_05:00:00   3.2435e-01   7.8479e+01   6.4837e+00   0.0000e+00   0.0000e+00   2.7471e+02
20251222_06:00:00   3.0913e-01   7.5576e+01   6.1950e+00   0.0000e+00   0.0000e+00   2.7640e+02
20251222_07:00:00   3.0729e-01   7.5192e+01   6.1229e+00   0.0000e+00   0.0000e+00   2.7530e+02
20251222_08:00:00   3.0892e-01   7.5336e+01   6.1694e+00   0.0000e+00   0.0000e+00   2.7481e+02
20251222_09:00:00   3.1236e-01   7.5792e+01   6.2787e+00   0.0000e+00   0.0000e+00   2.7537e+02
20251222_10:00:00   3.2858e-01   7.8797e+01   6.5899e+00   0.0000e+00   0.0000e+00   2.7597e+02
20251222_11:00:00   3.3541e-01   8.0045e+01   6.6823e+00   0.0000e+00   5.9276e-05   2.7573e+02
20251222_12:00:00   3.5017e-01   8.2715e+01   6.8615e+00   0.0000e+00   1.3165e-04   2.7659e+02
20251222_13:00:00   3.2440e-01   7.7812e+01   6.4143e+00   0.0000e+00   1.9780e-05   2.7662e+02
20251222_14:00:00   3.3479e-01   7.9712e+01   6.5874e+00   0.0000e+00   1.1318e-05   2.7406e+02
20251222_15:00:00   3.3536e-01   7.9704e+01   6.5767e+00   0.0000e+00   0.0000e+00   2.7402e+02
20251222_16:00:00   3.4087e-01   8.0632e+01   6.6764e+00   0.0000e+00   0.0000e+00   2.7420e+02
20251222_17:00:00   3.3945e-01   8.0313e+01   6.6602e+00   0.0000e+00   0.0000e+00   2.7288e+02
20251222_18:00:00   3.4084e-01   8.0592e+01   6.6717e+00   0.0000e+00   0.0000e+00   2.7244e+02
20251222_19:00:00   3.3902e-01   8.0224e+01   6.6355e+00   0.0000e+00   1.1318e-05   2.7479e+02
20251222_20:00:00   3.2525e-01   7.7617e+01   6.4025e+00   0.0000e+00   2.8300e-05   2.7543e+02
20251222_21:00:00   3.1662e-01   7.5902e+01   6.2457e+00   0.0000e+00   2.9820e-05   2.7561e+02
20251222_22:00:00   3.0559e-01   7.3732e+01   6.0293e+00   0.0000e+00   3.7440e-05   2.7389e+02
20251222_23:00:00   2.9513e-01   7.1635e+01   5.8506e+00   0.0000e+00   4.6060e-05   2.7191e+02
20251223_00:00:00   2.9331e-01   7.1207e+01   5.8171e+00   0.0000e+00   1.1392e-04   2.7037e+02
20251223_01:00:00   2.9432e-01   7.1413e+01   5.8499e+00   0.0000e+00   3.0180e-05   2.7041e+02
20251223_02:00:00   2.8011e-01   6.8771e+01   5.5677e+00   0.0000e+00   6.9820e-06   2.7091e+02
20251223_03:00:00   2.6727e-01   6.6346e+01   5.3151e+00   0.0000e+00   1.4950e-04   2.7090e+02
20251223_04:00:00   2.5075e-01   6.3101e+01   5.0027e+00   0.0000e+00   4.8286e-04   2.6939e+02
20251223_05:00:00   2.3876e-01   6.0630e+01   4.8063e+00   0.0000e+00   6.3784e-04   2.6927e+02
20251223_06:00:00   2.3067e-01   5.8951e+01   4.6424e+00   0.0000e+00   2.4035e-03   2.6832e+02
20251223_07:00:00   2.3057e-01   5.8896e+01   4.6427e+00   0.0000e+00   3.1383e-03   2.6878e+02
20251223_08:00:00   2.1882e-01   5.6429e+01   4.4050e+00   0.0000e+00   3.3352e-03   2.7031e+02
20251223_09:00:00   1.9094e-01   5.0542e+01   3.8023e+00   0.0000e+00   5.4261e-03   2.6949e+02
20251223_10:00:00   1.7154e-01   4.6276e+01   3.4080e+00   0.0000e+00   1.1281e-02   2.6692e+02
20251223_11:00:00   1.5350e-01   4.2195e+01   3.0592e+00   0.0000e+00   5.8029e-03   2.6486e+02
20251223_12:00:00   1.4494e-01   4.0065e+01   2.9351e+00   0.0000e+00   6.5294e-03   2.6555e+02
20251223_13:00:00   1.4490e-01   3.9864e+01   2.9847e+00   0.0000e+00   6.2072e-03   2.6509e+02
20251223_14:00:00   1.4536e-01   3.9911e+01   3.0301e+00   0.0000e+00   3.2302e-03   2.6383e+02
20251223_15:00:00   1.5692e-01   4.2437e+01   3.3125e+00   0.0000e+00   2.3998e-03   2.6210e+02
20251223_16:00:00   1.5672e-01   4.2447e+01   3.3186e+00   0.0000e+00   1.7597e-03   2.6353e+02
20251223_17:00:00   1.7176e-01   4.5744e+01   3.6461e+00   0.0000e+00   4.6658e-02   2.6400e+02
20251223_18:00:00   2.0707e-01   5.3368e+01   4.4274e+00   0.0000e+00   8.8555e-03   2.6427e+02
20251223_19:00:00   1.9211e-01   5.0183e+01   4.1341e+00   0.0000e+00   3.5574e-03   2.6525e+02
20251223_20:00:00   1.6821e-01   4.5129e+01   3.5924e+00   0.0000e+00   7.2276e-03   2.6545e+02
20251223_21:00:00   1.2952e-01   3.6337e+01   2.7418e+00   0.0000e+00   1.0525e-02   2.6594e+02
20251223_22:00:00   1.3567e-01   3.7522e+01   2.9159e+00   0.0000e+00   1.4023e-02   2.6569e+02
20251223_23:00:00   1.2379e-01   3.5054e+01   2.6141e+00   0.0000e+00   3.9960e-03   2.6571e+02
20251224_00:00:00   1.3484e-01   3.7528e+01   2.8802e+00   0.0000e+00   2.1129e-03   2.6655e+02
20251224_01:00:00   1.4289e-01   3.9327e+01   3.0834e+00   0.0000e+00   2.0307e-03   2.6618e+02
20251224_02:00:00   1.3827e-01   3.8426e+01   2.9527e+00   0.0000e+00   1.1979e-03   2.6562e+02
20251224_03:00:00   1.4435e-01   3.9750e+01   3.1030e+00   0.0000e+00   2.2121e-03   2.6430e+02
20251224_04:00:00   1.5356e-01   4.1828e+01   3.3127e+00   0.0000e+00   4.5358e-03   2.6451e+02
20251224_05:00:00   1.8073e-01   4.7736e+01   3.9206e+00   0.0000e+00   1.9760e-02   2.6324e+02
20251224_06:00:00   2.2249e-01   5.6512e+01   4.8415e+00   0.0000e+00   3.3108e-02   2.6108e+02
20251224_07:00:00   2.5279e-01   6.2655e+01   5.4732e+00   0.0000e+00   4.0519e-02   2.5964e+02
20251224_08:00:00   2.9257e-01   7.0604e+01   6.2405e+00   0.0000e+00   5.3463e-03   2.5837e+02
20251224_09:00:00   3.3616e-01   7.8985e+01   6.9977e+00   0.0000e+00   5.7239e-03   2.6037e+02
20251224_10:00:00   3.6808e-01   8.5006e+01   7.5030e+00   0.0000e+00   5.4348e-03   2.6115e+02
20251224_11:00:00   3.9850e-01   9.0756e+01   7.9973e+00   0.0000e+00   1.6521e-02   2.6315e+02
20251224_12:00:00   3.6389e-01   8.4852e+01   7.1721e+00   0.0000e+00   7.0807e-02   2.6366e+02
20251224_13:00:00   3.4014e-01   8.1081e+01   6.3416e+00   6.6780e-04   1.1659e-03   2.6665e+02
20251224_14:00:00   3.5205e-01   8.3078e+01   6.7058e+00   0.0000e+00   3.6818e-04   2.6542e+02
20251224_15:00:00   3.0084e-01   7.3296e+01   5.7644e+00   0.0000e+00   1.3580e-03   2.6361e+02
20251224_16:00:00   2.8351e-01   6.9765e+01   5.4596e+00   0.0000e+00   5.4299e-04   2.6296e+02
20251224_17:00:00   2.6428e-01   6.5880e+01   5.1810e+00   0.0000e+00   1.7560e-05   2.6272e+02
20251224_18:00:00   2.7703e-01   6.8307e+01   5.4732e+00   0.0000e+00   8.1426e-04   2.6210e+02
20251224_19:00:00   2.7846e-01   6.8595e+01   5.5870e+00   0.0000e+00   3.4555e-03   2.6202e+02
20251224_20:00:00   2.9098e-01   7.1018e+01   5.8967e+00   0.0000e+00   3.5608e-03   2.6071e+02
20251224_21:00:00   2.8840e-01   7.0490e+01   5.9101e+00   0.0000e+00   4.1827e-03   2.6013e+02
20251224_22:00:00   2.9462e-01   7.1599e+01   6.0686e+00   0.0000e+00   1.0567e-02   2.6004e+02
20251224_23:00:00   2.8077e-01   6.8917e+01   5.7628e+00   0.0000e+00   9.2962e-03   2.6087e+02
20251225_00:00:00   2.8568e-01   6.9979e+01   5.8257e+00   0.0000e+00   8.5041e-03   2.6214e+02
20251225_01:00:00   2.9774e-01   7.2394e+01   5.9931e+00   0.0000e+00   4.5385e-03   2.6290e+02
20251225_02:00:00   3.0193e-01   7.3202e+01   6.0704e+00   0.0000e+00   1.1014e-03   2.6359e+02
20251225_03:00:00   3.2948e-01   7.8472e+01   6.5043e+00   0.0000e+00   0.0000e+00   2.6408e+02
20251225_04:00:00   3.3654e-01   8.0003e+01   6.4964e+00   0.0000e+00   0.0000e+00   2.6790e+02
20251225_05:00:00   3.3641e-01   8.0140e+01   6.3455e+00   0.0000e+00   0.0000e+00   2.6989e+02
20251225_06:00:00   3.2956e-01   7.8845e+01   6.1032e+00   6.4580e-05   5.9060e-05   2.7150e+02
20251225_07:00:00   3.2994e-01   7.8936e+01   6.0394e+00   0.0000e+00   5.0835e-05   2.7180e+02
20251225_08:00:00   3.0449e-01   7.4171e+01   5.4775e+00   3.7462e-04   3.9785e-04   2.7377e+02
20251225_09:00:00   3.3581e-01   8.0181e+01   5.4289e+00   1.3460e-02   3.3219e-03   2.7702e+02
20251225_10:00:00   3.1108e-01   7.5398e+01   5.2388e+00   8.3604e-03   8.7186e-04   2.7963e+02
20251225_11:00:00   3.0260e-01   7.3871e+01   4.8355e+00   1.2648e-02   7.0619e-03   2.8148e+02
20251225_12:00:00   2.5318e-01   6.4016e+01   3.9401e+00   1.2356e-02   5.1545e-03   2.8375e+02
20251225_15:00:00   2.4289e-01   6.1543e+01   4.4976e+00   0.0000e+00   1.1496e-03   2.8454e+02
20251225_18:00:00   2.0040e-01   5.2580e+01   3.6702e+00   5.7160e-04   3.5197e-05   2.9727e+02
20251225_21:00:00   3.2200e-01   7.6473e+01   6.0313e+00   4.5280e-05   1.4227e-02   2.9932e+02
20251226_00:00:00   3.5136e-01   8.1799e+01   6.4676e+00   0.0000e+00   1.4309e-01   3.0097e+02
20251226_03:00:00   3.1554e-01   7.4788e+01   5.9066e+00   2.2640e-05   1.2363e-01   3.1249e+02
20251226_06:00:00   3.1660e-01   7.5380e+01   5.7503e+00   0.0000e+00   5.2395e-03   3.2099e+02
20251226_09:00:00   2.9375e-01   7.0951e+01   5.3587e+00   0.0000e+00   1.7151e-03   3.1395e+02
20251226_12:00:00   2.6158e-01   6.4758e+01   4.6334e+00   1.1718e-03   4.8642e-03   3.1752e+02
20251226_15:00:00   2.4947e-01   6.2052e+01   4.6291e+00   1.4148e-04   6.1102e-03   3.1495e+02
20251226_18:00:00   2.6903e-01   6.5882e+01   5.1043e+00   0.0000e+00   2.1136e-03   3.1483e+02
20251226_21:00:00   2.6522e-01   6.5249e+01   5.1329e+00   0.0000e+00   1.2358e-03   3.1027e+02
20251227_00:00:00   2.9037e-01   7.0120e+01   5.6043e+00   0.0000e+00   1.9096e-03   3.0659e+02
20251227_03:00:00   3.7627e-01   8.5853e+01   7.0912e+00   0.0000e+00   4.5719e-03   3.0883e+02
20251227_06:00:00   3.6941e-01   8.4643e+01   7.0649e+00   0.0000e+00   8.4831e-03   3.1229e+02
20251227_09:00:00   3.9820e-01   8.9755e+01   7.5119e+00   0.0000e+00   2.6785e-03   3.1248e+02
20251227_12:00:00   3.3803e-01   7.9336e+01   6.3255e+00   1.9835e-05   6.6799e-04   3.1236e+02
20251227_15:00:00   2.9073e-01   7.0434e+01   5.5623e+00   0.0000e+00   1.7368e-04   3.1207e+02
20251227_18:00:00   2.5970e-01   6.4208e+01   5.1967e+00   0.0000e+00   2.3297e-03   3.1308e+02
20251227_21:00:00   2.8050e-01   6.8184e+01   5.7456e+00   0.0000e+00   5.5153e-03   3.1129e+02
20251228_00:00:00   2.6121e-01   6.4551e+01   5.3486e+00   0.0000e+00   9.8463e-04   3.1176e+02
20251228_03:00:00   2.2529e-01   5.7228e+01   4.6297e+00   0.0000e+00   7.2661e-04   3.0672e+02
20251228_06:00:00   2.0653e-01   5.3053e+01   4.3637e+00   0.0000e+00   2.9592e-04   3.0696e+02
20251228_09:00:00   3.0841e-01   7.4193e+01   6.2963e+00   0.0000e+00   1.4958e-03   3.0805e+02
20251228_12:00:00   3.7955e-01   8.7837e+01   7.5886e+00   0.0000e+00   1.5981e-02   3.1257e+02
20251228_15:00:00   4.6047e-01   1.0200e+02   8.9614e+00   0.0000e+00   1.4422e-03   3.1382e+02
20251228_18:00:00   5.0173e-01   1.0826e+02   9.6544e+00   0.0000e+00   4.5645e-02   3.1202e+02
20251228_21:00:00   5.1983e-01   1.1102e+02   1.0013e+01   0.0000e+00   1.6060e-02   3.0760e+02
20251229_00:00:00   5.6121e-01   1.1712e+02   1.0604e+01   2.5600e-05   5.8423e-02   3.0928e+02
20251229_03:00:00   8.9165e-01   1.6062e+02   1.0669e+01   1.2603e-01   4.3856e-01   3.1395e+02
20251229_06:00:00   1.3255e+00   2.0007e+02   1.0681e+01   3.0089e-01   6.4820e-01   3.1852e+02
20251229_09:00:00   8.8806e-01   1.6069e+02   8.9452e+00   1.6589e-01   1.5837e-01   3.2796e+02
20251229_12:00:00   5.6322e-01   1.1749e+02   8.2580e+00   4.5710e-02   8.3750e-02   3.3941e+02
20251229_15:00:00   4.4831e-01   9.7999e+01   7.8544e+00   2.1994e-03   6.2534e-01   3.4356e+02
20251229_18:00:00   5.2135e-01   1.0973e+02   7.1767e+00   4.7004e-02   7.8904e-01   3.5033e+02
20251229_21:00:00   4.0378e-01   8.9941e+01   7.0149e+00   5.5885e-03   3.2759e-01   3.4508e+02
20251230_00:00:00   3.8566e-01   8.6753e+01   7.0285e+00   8.0780e-06   2.4738e-01   3.3524e+02
20251230_03:00:00   3.6373e-01   8.3022e+01   6.6534e+00   2.5546e-04   2.3140e-02   3.2722e+02
20251230_06:00:00   3.3370e-01   7.7692e+01   6.0861e+00   6.7670e-05   1.2844e-02   3.2575e+02
20251230_09:00:00   2.9817e-01   7.1317e+01   5.4670e+00   2.0600e-06   2.5890e-04   3.2209e+02
20251230_12:00:00   2.7930e-01   6.7763e+01   5.1631e+00   5.1050e-05   1.0637e-06   3.0828e+02
20251230_15:00:00   2.7277e-01   6.6583e+01   5.0617e+00   2.6750e-05   5.7680e-06   3.0543e+02
20251230_18:00:00   2.4781e-01   6.1831e+01   4.5921e+00   0.0000e+00   3.2930e-06   2.9977e+02
20251230_21:00:00   2.1976e-01   5.6409e+01   3.9498e+00   3.3760e-04   6.2200e-05   2.9410e+02
20251231_00:00:00   1.0590e-01   3.1233e+01   1.7740e+00   0.0000e+00   2.1720e-07   2.8904e+02
20251231_03:00:00   6.3686e-02   2.0768e+01   1.0110e+00   0.0000e+00   1.6036e-04   2.8062e+02
20251231_06:00:00   6.4723e-02   2.0777e+01   1.1271e+00   0.0000e+00   3.8279e-04   2.7739e+02
20251231_09:00:00   6.2011e-02   2.0235e+01   1.0662e+00   0.0000e+00   4.9660e-06   2.6992e+02
20251231_12:00:00   6.7229e-02   2.1512e+01   1.1965e+00   0.0000e+00   0.0000e+00   2.6649e+02
20251231_15:00:00   1.4618e-01   4.0629e+01   2.9121e+00   0.0000e+00   1.0573e-03   2.6271e+02
20251231_18:00:00   1.5958e-01   4.3968e+01   3.1716e+00   0.0000e+00   8.2610e-05   2.6742e+02
20251231_21:00:00   1.7182e-01   4.6574e+01   3.4158e+00   0.0000e+00   1.0848e-03   2.6564e+02
20260101_00:00:00   2.3057e-01   5.9179e+01   4.6696e+00   0.0000e+00   1.0129e-02   2.6686e+02
20260101_03:00:00   3.0950e-01   7.4753e+01   6.3123e+00   0.0000e+00   1.8860e-02   2.6764e+02
20260101_06:00:00   3.8387e-01   8.8339e+01   7.7100e+00   0.0000e+00   5.6251e-03   2.7007e+02
20260101_09:00:00   3.6219e-01   8.4413e+01   7.3619e+00   0.0000e+00   5.5634e-02   2.7564e+02
20260101_12:00:00   3.4232e-01   8.0857e+01   6.9427e+00   0.0000e+00   5.2215e-03   2.8194e+02
20260101_15:00:00   3.1086e-01   7.5253e+01   6.2679e+00   0.0000e+00   1.5853e-03   2.8888e+02
20260101_18:00:00   2.8811e-01   7.0826e+01   5.9032e+00   0.0000e+00   5.3560e-04   2.9118e+02
20260101_21:00:00   3.1998e-01   7.6722e+01   6.6888e+00   0.0000e+00   2.5143e-02   2.8726e+02
20260102_00:00:00   3.4952e-01   8.2273e+01   7.2924e+00   0.0000e+00   7.0480e-03   2.8697e+02
20260102_03:00:00   3.0796e-01   7.4214e+01   6.5155e+00   0.0000e+00   1.0666e-02   2.8730e+02
20260102_06:00:00   2.6151e-01   6.4840e+01   5.5402e+00   0.0000e+00   3.1108e-03   2.8813e+02
20260102_09:00:00   2.6714e-01   6.5841e+01   5.6124e+00   0.0000e+00   4.6321e-03   2.8665e+02
20260102_12:00:00   3.4810e-01   8.1263e+01   7.1333e+00   0.0000e+00   8.4507e-03   2.8863e+02
20260102_15:00:00   3.3986e-01   7.9721e+01   6.9394e+00   3.0980e-06   3.9088e-03   2.8879e+02
20260102_18:00:00   3.5870e-01   8.3281e+01   7.2016e+00   0.0000e+00   1.6439e-02   2.9123e+02
20260102_21:00:00   3.3921e-01   7.9962e+01   6.7447e+00   0.0000e+00   8.6531e-03   2.9066e+02
20260103_00:00:00   3.7843e-01   8.7125e+01   7.5478e+00   0.0000e+00   7.6762e-03   2.8855e+02
20260103_03:00:00   4.5925e-01   1.0092e+02   8.9883e+00   0.0000e+00   2.0076e-03   2.8597e+02
20260103_06:00:00   3.8553e-01   8.8559e+01   7.7224e+00   0.0000e+00   1.4895e-03   2.8679e+02
20260103_09:00:00   3.4817e-01   8.1788e+01   7.1379e+00   0.0000e+00   1.4391e-03   2.8552e+02
20260103_12:00:00   2.8615e-01   6.9546e+01   5.9980e+00   0.0000e+00   5.9917e-03   2.8459e+02
20260103_15:00:00   3.0008e-01   7.2210e+01   6.1649e+00   0.0000e+00   4.6935e-03   2.7981e+02
20260103_18:00:00   3.3271e-01   7.8737e+01   6.5746e+00   0.0000e+00   4.0629e-03   2.8351e+02
20260103_21:00:00   1.7368e-01   4.7242e+01   3.2057e+00   0.0000e+00   0.0000e+00   2.8409e+02
20260104_00:00:00   1.4517e-01   4.0678e+01   2.7598e+00   0.0000e+00   0.0000e+00   2.8770e+02
20260104_03:00:00   1.1649e-01   3.3876e+01   2.2288e+00   0.0000e+00   1.0284e-05   2.8926e+02
20260104_06:00:00   8.6965e-02   2.6759e+01   1.5981e+00   0.0000e+00   0.0000e+00   2.9764e+02
20260104_09:00:00   8.6299e-02   2.6440e+01   1.6005e+00   0.0000e+00   0.0000e+00   2.9442e+02
20260104_12:00:00   1.1303e-01   3.2557e+01   2.2040e+00   0.0000e+00   1.6297e-03   2.9086e+02
20260104_15:00:00   1.5884e-01   4.2728e+01   3.2282e+00   0.0000e+00   2.5826e-04   2.9139e+02
20260104_18:00:00   1.9882e-01   5.1762e+01   3.7844e+00   0.0000e+00   0.0000e+00   2.8774e+02
20260104_21:00:00   1.9202e-01   5.0390e+01   3.4340e+00   0.0000e+00   3.1714e-05   2.8920e+02
20260105_00:00:00   2.5906e-01   6.3316e+01   4.5629e+00   6.2260e-05   3.8356e-02   3.0505e+02
20260105_03:00:00   2.3822e-01   5.8541e+01   4.1164e+00   3.2820e-04   9.9213e-02   3.2347e+02
20260105_06:00:00   1.5875e-01   4.1912e+01   2.7056e+00   0.0000e+00   1.3192e-02   3.4459e+02
20260105_09:00:00   1.5494e-01   4.0772e+01   2.5322e+00   1.0596e-04   3.5147e-02   3.4518e+02
20260105_12:00:00   7.6437e-02   2.3111e+01   1.0971e+00   0.0000e+00   1.4159e-04   3.4047e+02
