#            date       tau255        Tb[K]      pwv[mm] lwp[kg*m^-2] iwp[kg*m^-2]       o3[DU]
20220811_06:00:00   3.3572e-01   8.2766e+01   7.0238e+00   0.0000e+00   0.0000e+00   3.0179e+02
20220811_07:00:00   3.2003e-01   7.9740e+01   6.6605e+00   0.0000e+00   0.0000e+00   2.9873e+02
20220811_08:00:00   3.2763e-01   8.1269e+01   6.7935e+00   0.0000e+00   0.0000e+00   2.9725e+02
20220811_09:00:00   3.3122e-01   8.1999e+01   6.8613e+00   0.0000e+00   0.0000e+00   2.9683e+02
20220811_10:00:00   3.3342e-01   8.2436e+01   6.9095e+00   0.0000e+00   0.0000e+00   3.0012e+02
20220811_11:00:00   3.4262e-01   8.4250e+01   7.0971e+00   0.0000e+00   0.0000e+00   3.0142e+02
20220811_12:00:00   3.4801e-01   8.5323e+01   7.2050e+00   0.0000e+00   0.0000e+00   3.0118e+02
20220811_13:00:00   3.4878e-01   8.5470e+01   7.2289e+00   0.0000e+00   0.0000e+00   3.0165e+02
20220811_14:00:00   3.4751e-01   8.5148e+01   7.2417e+00   0.0000e+00   0.0000e+00   2.9889e+02
20220811_15:00:00   3.3654e-01   8.2974e+01   7.0326e+00   0.0000e+00   0.0000e+00   2.9577e+02
20220811_16:00:00   3.1762e-01   7.9318e+01   6.6181e+00   0.0000e+00   0.0000e+00   2.9411e+02
20220811_17:00:00   3.0515e-01   7.6900e+01   6.3375e+00   0.0000e+00   0.0000e+00   2.9839e+02
20220811_18:00:00   2.9289e-01   7.4490e+01   6.0697e+00   0.0000e+00   0.0000e+00   3.0089e+02
20220811_19:00:00   2.8733e-01   7.3389e+01   5.9519e+00   0.0000e+00   0.0000e+00   2.9814e+02
20220811_20:00:00   2.8520e-01   7.2958e+01   5.9030e+00   0.0000e+00   0.0000e+00   2.9764e+02
20220811_21:00:00   2.7976e-01   7.1860e+01   5.7873e+00   0.0000e+00   0.0000e+00   2.9460e+02
20220811_22:00:00   2.7652e-01   7.1226e+01   5.7089e+00   0.0000e+00   0.0000e+00   2.9698e+02
20220811_23:00:00   2.7576e-01   7.1067e+01   5.6913e+00   0.0000e+00   0.0000e+00   2.9993e+02
20220812_00:00:00   2.7823e-01   7.1529e+01   5.7491e+00   0.0000e+00   0.0000e+00   2.9881e+02
20220812_01:00:00   2.8339e-01   7.2518e+01   5.8823e+00   0.0000e+00   0.0000e+00   3.0059e+02
20220812_02:00:00   2.8065e-01   7.1881e+01   5.8473e+00   0.0000e+00   0.0000e+00   3.0128e+02
20220812_03:00:00   2.7296e-01   7.0274e+01   5.6840e+00   0.0000e+00   0.0000e+00   2.9927e+02
20220812_04:00:00   2.6458e-01   6.8528e+01   5.4869e+00   0.0000e+00   0.0000e+00   2.9755e+02
20220812_05:00:00   2.5575e-01   6.6657e+01   5.2850e+00   0.0000e+00   0.0000e+00   2.9815e+02
20220812_06:00:00   2.4414e-01   6.4206e+01   5.0227e+00   0.0000e+00   0.0000e+00   2.9865e+02
20220812_07:00:00   2.3276e-01   6.1751e+01   4.7691e+00   0.0000e+00   0.0000e+00   2.9688e+02
20220812_08:00:00   2.2617e-01   6.0269e+01   4.6356e+00   0.0000e+00   0.0000e+00   2.9371e+02
20220812_09:00:00   2.2231e-01   5.9407e+01   4.5602e+00   0.0000e+00   0.0000e+00   2.9522e+02
20220812_10:00:00   2.1846e-01   5.8575e+01   4.4745e+00   0.0000e+00   0.0000e+00   2.9306e+02
20220812_11:00:00   2.1519e-01   5.7843e+01   4.4151e+00   0.0000e+00   0.0000e+00   2.9239e+02
20220812_12:00:00   2.1413e-01   5.7583e+01   4.3995e+00   0.0000e+00   0.0000e+00   2.9274e+02
20220812_13:00:00   2.1466e-01   5.7691e+01   4.4181e+00   0.0000e+00   0.0000e+00   2.9196e+02
20220812_14:00:00   2.1670e-01   5.8117e+01   4.4757e+00   0.0000e+00   0.0000e+00   2.9099e+02
20220812_15:00:00   2.2182e-01   5.9236e+01   4.5922e+00   0.0000e+00   0.0000e+00   2.9133e+02
20220812_16:00:00   2.2969e-01   6.0976e+01   4.7664e+00   0.0000e+00   0.0000e+00   2.9286e+02
20220812_17:00:00   2.3491e-01   6.2143e+01   4.8795e+00   0.0000e+00   0.0000e+00   2.9232e+02
20220812_18:00:00   2.4012e-01   6.3326e+01   4.9774e+00   0.0000e+00   0.0000e+00   2.9179e+02
20220812_19:00:00   2.4472e-01   6.4347e+01   5.0673e+00   0.0000e+00   0.0000e+00   2.9485e+02
20220812_20:00:00   2.4730e-01   6.4938e+01   5.1172e+00   0.0000e+00   0.0000e+00   2.9769e+02
20220812_21:00:00   2.4916e-01   6.5372e+01   5.1520e+00   0.0000e+00   0.0000e+00   2.9719e+02
20220812_22:00:00   2.4968e-01   6.5506e+01   5.1598e+00   0.0000e+00   0.0000e+00   2.9884e+02
20220812_23:00:00   2.4944e-01   6.5495e+01   5.1537e+00   0.0000e+00   0.0000e+00   2.9824e+02
20220813_00:00:00   2.5267e-01   6.6200e+01   5.2183e+00   0.0000e+00   0.0000e+00   2.9670e+02
20220813_01:00:00   2.5420e-01   6.6558e+01   5.2350e+00   0.0000e+00   0.0000e+00   2.9888e+02
20220813_02:00:00   2.5502e-01   6.6769e+01   5.2308e+00   0.0000e+00   0.0000e+00   3.0063e+02
20220813_03:00:00   2.5680e-01   6.7196e+01   5.2439e+00   0.0000e+00   0.0000e+00   3.0114e+02
20220813_04:00:00   2.5630e-01   6.7146e+01   5.2091e+00   0.0000e+00   0.0000e+00   3.0045e+02
20220813_05:00:00   2.5612e-01   6.7139e+01   5.1987e+00   0.0000e+00   0.0000e+00   3.0004e+02
20220813_06:00:00   2.5698e-01   6.7349e+01   5.2148e+00   0.0000e+00   0.0000e+00   2.9776e+02
20220813_07:00:00   2.5970e-01   6.7955e+01   5.2653e+00   0.0000e+00   0.0000e+00   2.9911e+02
20220813_08:00:00   2.6573e-01   6.9282e+01   5.3778e+00   0.0000e+00   0.0000e+00   2.9699e+02
20220813_09:00:00   2.7334e-01   7.0923e+01   5.5258e+00   0.0000e+00   0.0000e+00   2.9708e+02
20220813_10:00:00   2.8397e-01   7.3164e+01   5.7382e+00   0.0000e+00   0.0000e+00   2.9800e+02
20220813_11:00:00   3.0243e-01   7.7017e+01   6.1046e+00   0.0000e+00   0.0000e+00   2.9708e+02
20220813_12:00:00   3.3479e-01   8.3621e+01   6.7302e+00   0.0000e+00   0.0000e+00   2.9571e+02
20220813_13:00:00   3.6952e-01   9.0535e+01   7.3818e+00   0.0000e+00   0.0000e+00   2.9387e+02
20220813_14:00:00   3.9287e-01   9.5104e+01   7.7972e+00   0.0000e+00   0.0000e+00   2.9249e+02
20220813_15:00:00   4.1780e-01   9.9914e+01   8.2311e+00   0.0000e+00   0.0000e+00   2.9282e+02
20220813_16:00:00   4.3367e-01   1.0287e+02   8.5085e+00   0.0000e+00   0.0000e+00   2.9401e+02
20220813_17:00:00   4.3582e-01   1.0321e+02   8.5463e+00   0.0000e+00   0.0000e+00   2.9502e+02
20220813_18:00:00   4.6782e-01   1.0883e+02   9.1494e+00   0.0000e+00   0.0000e+00   2.9415e+02
20220813_19:00:00   4.9795e-01   1.1389e+02   9.7231e+00   0.0000e+00   0.0000e+00   2.8973e+02
20220813_20:00:00   5.4856e-01   1.2196e+02   1.0688e+01   0.0000e+00   0.0000e+00   2.8712e+02
20220813_21:00:00   5.9923e-01   1.2970e+02   1.1633e+01   0.0000e+00   0.0000e+00   2.8653e+02
20220813_22:00:00   6.3937e-01   1.3577e+02   1.2395e+01   0.0000e+00   0.0000e+00   2.8596e+02
20220813_23:00:00   6.5955e-01   1.3887e+02   1.2787e+01   0.0000e+00   0.0000e+00   2.8728e+02
20220814_00:00:00   6.6664e-01   1.3980e+02   1.2920e+01   0.0000e+00   0.0000e+00   2.9238e+02
20220814_01:00:00   6.8576e-01   1.4259e+02   1.3266e+01   0.0000e+00   0.0000e+00   2.9220e+02
20220814_02:00:00   7.0088e-01   1.4461e+02   1.3550e+01   0.0000e+00   0.0000e+00   2.9224e+02
20220814_03:00:00   7.0893e-01   1.4575e+02   1.3709e+01   0.0000e+00   0.0000e+00   2.9216e+02
20220814_04:00:00   6.9902e-01   1.4427e+02   1.3558e+01   0.0000e+00   0.0000e+00   2.9330e+02
20220814_05:00:00   7.1397e-01   1.4611e+02   1.3871e+01   0.0000e+00   0.0000e+00   2.9140e+02
20220814_06:00:00   6.9512e-01   1.4351e+02   1.3499e+01   0.0000e+00   0.0000e+00   2.9034e+02
20220814_07:00:00   6.9259e-01   1.4322e+02   1.3445e+01   0.0000e+00   0.0000e+00   2.8951e+02
20220814_08:00:00   7.2134e-01   1.4705e+02   1.3991e+01   0.0000e+00   0.0000e+00   2.8527e+02
20220814_09:00:00   7.4879e-01   1.5072e+02   1.4527e+01   0.0000e+00   0.0000e+00   2.8454e+02
20220814_10:00:00   7.6718e-01   1.5305e+02   1.4948e+01   0.0000e+00   0.0000e+00   2.8483e+02
20220814_11:00:00   7.7738e-01   1.5432e+02   1.5190e+01   0.0000e+00   0.0000e+00   2.8756e+02
20220814_12:00:00   7.9314e-01   1.5631e+02   1.5505e+01   0.0000e+00   0.0000e+00   2.8668e+02
20220814_13:00:00   8.1918e-01   1.5951e+02   1.6004e+01   0.0000e+00   0.0000e+00   2.8570e+02
20220814_14:00:00   8.2791e-01   1.6059e+02   1.6183e+01   0.0000e+00   0.0000e+00   2.8333e+02
20220814_15:00:00   8.3261e-01   1.6115e+02   1.6290e+01   0.0000e+00   0.0000e+00   2.8279e+02
20220814_16:00:00   8.3950e-01   1.6195e+02   1.6423e+01   0.0000e+00   0.0000e+00   2.8286e+02
20220814_17:00:00   8.4407e-01   1.6251e+02   1.6534e+01   0.0000e+00   0.0000e+00   2.8381e+02
20220814_18:00:00   8.4185e-01   1.6225e+02   1.6518e+01   0.0000e+00   0.0000e+00   2.8448e+02
20220814_19:00:00   8.3319e-01   1.6127e+02   1.6344e+01   0.0000e+00   0.0000e+00   2.8509e+02
20220814_20:00:00   8.1569e-01   1.5918e+02   1.6021e+01   0.0000e+00   0.0000e+00   2.8491e+02
20220814_21:00:00   7.9837e-01   1.5712e+02   1.5691e+01   0.0000e+00   0.0000e+00   2.8453e+02
20220814_22:00:00   7.7619e-01   1.5445e+02   1.5263e+01   0.0000e+00   0.0000e+00   2.8557e+02
20220814_23:00:00   7.4562e-01   1.5057e+02   1.4697e+01   0.0000e+00   0.0000e+00   2.8780e+02
20220815_00:00:00   7.1808e-01   1.4691e+02   1.4171e+01   0.0000e+00   0.0000e+00   2.8538e+02
20220815_01:00:00   6.9086e-01   1.4319e+02   1.3665e+01   0.0000e+00   0.0000e+00   2.8561e+02
20220815_02:00:00   6.7747e-01   1.4129e+02   1.3414e+01   0.0000e+00   0.0000e+00   2.8493e+02
20220815_03:00:00   6.6695e-01   1.3974e+02   1.3228e+01   0.0000e+00   0.0000e+00   2.8403e+02
20220815_04:00:00   6.5642e-01   1.3817e+02   1.3042e+01   0.0000e+00   0.0000e+00   2.8170e+02
20220815_05:00:00   6.4801e-01   1.3691e+02   1.2880e+01   0.0000e+00   0.0000e+00   2.8165e+02
20220815_06:00:00   6.3906e-01   1.3559e+02   1.2701e+01   0.0000e+00   0.0000e+00   2.8351e+02
20220815_07:00:00   6.3111e-01   1.3438e+02   1.2552e+01   0.0000e+00   0.0000e+00   2.8669e+02
20220815_08:00:00   6.2420e-01   1.3334e+02   1.2416e+01   0.0000e+00   0.0000e+00   2.8948e+02
20220815_09:00:00   6.1381e-01   1.3169e+02   1.2242e+01   0.0000e+00   0.0000e+00   2.8745e+02
20220815_10:00:00   6.0269e-01   1.2999e+02   1.2058e+01   0.0000e+00   0.0000e+00   2.8747e+02
20220815_11:00:00   5.8227e-01   1.2684e+02   1.1660e+01   0.0000e+00   0.0000e+00   2.8654e+02
20220815_12:00:00   5.5617e-01   1.2278e+02   1.1138e+01   0.0000e+00   0.0000e+00   2.8667e+02
20220815_13:00:00   5.2798e-01   1.1824e+02   1.0581e+01   0.0000e+00   0.0000e+00   2.8667e+02
20220815_14:00:00   5.0214e-01   1.1394e+02   1.0087e+01   0.0000e+00   0.0000e+00   2.8682e+02
20220815_15:00:00   4.7891e-01   1.1005e+02   9.6402e+00   0.0000e+00   0.0000e+00   2.8797e+02
20220815_16:00:00   4.5192e-01   1.0540e+02   9.1053e+00   0.0000e+00   0.0000e+00   2.8704e+02
20220815_17:00:00   4.2690e-01   1.0102e+02   8.6089e+00   0.0000e+00   0.0000e+00   2.8572e+02
20220815_18:00:00   3.9980e-01   9.6157e+01   8.0752e+00   0.0000e+00   0.0000e+00   2.8429e+02
20220815_19:00:00   3.6442e-01   8.9523e+01   7.3763e+00   0.0000e+00   0.0000e+00   2.8432e+02
20220815_20:00:00   3.2243e-01   8.1308e+01   6.5390e+00   0.0000e+00   0.0000e+00   2.8518e+02
20220815_21:00:00   2.7530e-01   7.1614e+01   5.6000e+00   0.0000e+00   0.0000e+00   2.8783e+02
20220815_22:00:00   2.3128e-01   6.2085e+01   4.7141e+00   0.0000e+00   0.0000e+00   2.8901e+02
20220815_23:00:00   1.9692e-01   5.4315e+01   4.0108e+00   0.0000e+00   0.0000e+00   2.8969e+02
20220816_00:00:00   1.7734e-01   4.9720e+01   3.6197e+00   0.0000e+00   0.0000e+00   2.9240e+02
20220816_01:00:00   1.6771e-01   4.7376e+01   3.4368e+00   0.0000e+00   0.0000e+00   2.9087e+02
20220816_02:00:00   1.6759e-01   4.7212e+01   3.4664e+00   0.0000e+00   0.0000e+00   2.9000e+02
20220816_03:00:00   1.7832e-01   4.9483e+01   3.7600e+00   0.0000e+00   0.0000e+00   2.8783e+02
20220816_04:00:00   1.8725e-01   5.1333e+01   4.0114e+00   0.0000e+00   0.0000e+00   2.8565e+02
20220816_05:00:00   1.9795e-01   5.3677e+01   4.2674e+00   0.0000e+00   0.0000e+00   2.8418e+02
20220816_06:00:00   2.0871e-01   5.6048e+01   4.5133e+00   0.0000e+00   0.0000e+00   2.8539e+02
20220816_09:00:00   2.4214e-01   6.3497e+01   5.1626e+00   0.0000e+00   0.0000e+00   2.8702e+02
20220816_12:00:00   2.6440e-01   6.8245e+01   5.6315e+00   0.0000e+00   0.0000e+00   2.8544e+02
20220816_15:00:00   3.1286e-01   7.8602e+01   6.4793e+00   0.0000e+00   0.0000e+00   2.8625e+02
20220816_18:00:00   3.5223e-01   8.6712e+01   7.1197e+00   0.0000e+00   0.0000e+00   2.8644e+02
20220816_21:00:00   3.3601e-01   8.3591e+01   6.7596e+00   0.0000e+00   0.0000e+00   2.8719e+02
20220817_00:00:00   2.1950e-01   5.9625e+01   4.2586e+00   1.9130e-06   0.0000e+00   2.8889e+02
20220817_03:00:00   1.4858e-01   4.3087e+01   2.8683e+00   6.8240e-04   0.0000e+00   2.9226e+02
20220817_06:00:00   2.5853e-01   6.8347e+01   5.0030e+00   1.0123e-03   0.0000e+00   2.9328e+02
20220817_09:00:00   3.2970e-01   8.3132e+01   6.1029e+00   8.9103e-03   0.0000e+00   2.9199e+02
20220817_12:00:00   2.9870e-01   7.6342e+01   6.1367e+00   3.4290e-04   0.0000e+00   2.9087e+02
20220817_15:00:00   2.5858e-01   6.7821e+01   5.3507e+00   0.0000e+00   0.0000e+00   2.9665e+02
20220817_18:00:00   2.3336e-01   6.2311e+01   4.8224e+00   0.0000e+00   0.0000e+00   2.9353e+02
20220817_21:00:00   2.5072e-01   6.5990e+01   5.2319e+00   0.0000e+00   0.0000e+00   2.9018e+02
20220818_00:00:00   2.3412e-01   6.2335e+01   4.8799e+00   5.9640e-05   0.0000e+00   2.9017e+02
20220818_03:00:00   2.1068e-01   5.7064e+01   4.3639e+00   3.7880e-04   0.0000e+00   2.8977e+02
20220818_06:00:00   1.8998e-01   5.2388e+01   3.9283e+00   1.1090e-05   0.0000e+00   2.9035e+02
20220818_09:00:00   1.7539e-01   4.8950e+01   3.6234e+00   0.0000e+00   0.0000e+00   2.9179e+02
20220818_12:00:00   1.7987e-01   4.9982e+01   3.7187e+00   4.2960e-05   0.0000e+00   2.9062e+02
20220818_15:00:00   1.9899e-01   5.4405e+01   4.1325e+00   0.0000e+00   0.0000e+00   2.8838e+02
20220818_18:00:00   2.1685e-01   5.8576e+01   4.4885e+00   0.0000e+00   0.0000e+00   2.9138e+02
20220818_21:00:00   2.2223e-01   5.9977e+01   4.5638e+00   0.0000e+00   0.0000e+00   2.8757e+02
20220819_00:00:00   2.1113e-01   5.7538e+01   4.3066e+00   0.0000e+00   0.0000e+00   2.8981e+02
20220819_03:00:00   2.1322e-01   5.7990e+01   4.3306e+00   0.0000e+00   0.0000e+00   2.8833e+02
20220819_06:00:00   2.1589e-01   5.8645e+01   4.3618e+00   0.0000e+00   0.0000e+00   2.8910e+02
20220819_09:00:00   1.5577e-01   4.4760e+01   3.0849e+00   0.0000e+00   0.0000e+00   2.8903e+02
20220819_12:00:00   1.1472e-01   3.4804e+01   2.1893e+00   0.0000e+00   0.0000e+00   2.8823e+02
20220819_15:00:00   1.1113e-01   3.3894e+01   2.1255e+00   0.0000e+00   0.0000e+00   2.8545e+02
20220819_18:00:00   2.2494e-01   6.0501e+01   4.6617e+00   0.0000e+00   0.0000e+00   2.8163e+02
20220819_21:00:00   2.5308e-01   6.7091e+01   5.1719e+00   0.0000e+00   0.0000e+00   2.7934e+02
20220820_00:00:00   2.9658e-01   7.6533e+01   5.9953e+00   0.0000e+00   0.0000e+00   2.7820e+02
20220820_03:00:00   6.0353e-01   1.3126e+02   1.1679e+01   0.0000e+00   0.0000e+00   2.7757e+02
20220820_06:00:00   8.1835e-01   1.6104e+02   1.5310e+01   0.0000e+00   0.0000e+00   2.7762e+02
20220820_09:00:00   1.0145e+00   1.8222e+02   1.9054e+01   0.0000e+00   0.0000e+00   2.7821e+02
20220820_12:00:00   1.1558e+00   1.9441e+02   2.2482e+01   0.0000e+00   4.2566e-02   2.7871e+02
20220820_15:00:00   1.0640e+00   1.8556e+02   2.1055e+01   8.5880e-04   2.5242e-01   2.7710e+02
20220820_18:00:00   9.7526e-01   1.7736e+02   1.9302e+01   2.0340e-04   4.5516e-04   2.7490e+02
20220820_21:00:00   8.5319e-01   1.6418e+02   1.7066e+01   0.0000e+00   6.7542e-03   2.7924e+02
20220821_00:00:00   6.8880e-01   1.4316e+02   1.4035e+01   0.0000e+00   1.2772e-04   2.8133e+02
20220821_03:00:00   6.5798e-01   1.3853e+02   1.3510e+01   0.0000e+00   5.9300e-04   2.8050e+02
20220821_06:00:00   7.0001e-01   1.4424e+02   1.4285e+01   0.0000e+00   1.0458e-04   2.8011e+02
20220821_09:00:00   7.4161e-01   1.4993e+02   1.4988e+01   0.0000e+00   5.1740e-05   2.7967e+02
20220821_12:00:00   7.7599e-01   1.5457e+02   1.5476e+01   0.0000e+00   0.0000e+00   2.7878e+02
20220821_15:00:00   7.7775e-01   1.5490e+02   1.5517e+01   0.0000e+00   0.0000e+00   2.8020e+02
20220821_18:00:00   7.3221e-01   1.4879e+02   1.4729e+01   0.0000e+00   0.0000e+00   2.7909e+02
20220821_21:00:00   7.0265e-01   1.4491e+02   1.4119e+01   0.0000e+00   0.0000e+00   2.7729e+02
20220822_00:00:00   7.6614e-01   1.5373e+02   1.5181e+01   0.0000e+00   0.0000e+00   2.7746e+02
20220822_03:00:00   7.6952e-01   1.5414e+02   1.5246e+01   0.0000e+00   0.0000e+00   2.7639e+02
20220822_06:00:00   6.3198e-01   1.3509e+02   1.2669e+01   0.0000e+00   0.0000e+00   2.7674e+02
20220822_09:00:00   5.5134e-01   1.2175e+02   1.1417e+01   0.0000e+00   0.0000e+00   2.7704e+02
20220822_12:00:00   2.9871e-01   7.5249e+01   6.4321e+00   0.0000e+00   0.0000e+00   2.7827e+02
20220822_15:00:00   1.8199e-01   5.0312e+01   3.8636e+00   0.0000e+00   0.0000e+00   2.7766e+02
20220822_18:00:00   1.4190e-01   4.0837e+01   2.9768e+00   0.0000e+00   0.0000e+00   2.7825e+02
20220822_21:00:00   1.2882e-01   3.7790e+01   2.6575e+00   0.0000e+00   0.0000e+00   2.8178e+02
20220823_00:00:00   1.3278e-01   3.8975e+01   2.6857e+00   0.0000e+00   0.0000e+00   2.8457e+02
20220823_03:00:00   1.3553e-01   3.9863e+01   2.6742e+00   0.0000e+00   0.0000e+00   2.8413e+02
20220823_06:00:00   1.3874e-01   4.0740e+01   2.6910e+00   0.0000e+00   0.0000e+00   2.8357e+02
20220823_09:00:00   1.5263e-01   4.4133e+01   2.9411e+00   0.0000e+00   0.0000e+00   2.8370e+02
20220823_12:00:00   1.6453e-01   4.7024e+01   3.1460e+00   0.0000e+00   0.0000e+00   2.8509e+02
20220823_15:00:00   1.7070e-01   4.8554e+01   3.2479e+00   0.0000e+00   0.0000e+00   2.8381e+02
20220823_18:00:00   1.6847e-01   4.8067e+01   3.1984e+00   0.0000e+00   0.0000e+00   2.7979e+02
20220823_21:00:00   1.7345e-01   4.9262e+01   3.2805e+00   0.0000e+00   0.0000e+00   2.8212e+02
20220824_00:00:00   1.7313e-01   4.9178e+01   3.2721e+00   0.0000e+00   0.0000e+00   2.8549e+02
20220824_03:00:00   1.7550e-01   4.9678e+01   3.3137e+00   0.0000e+00   0.0000e+00   2.8449e+02
20220824_06:00:00   1.7367e-01   4.9205e+01   3.2668e+00   0.0000e+00   0.0000e+00   2.8448e+02
20220824_09:00:00   1.6491e-01   4.7140e+01   3.1013e+00   0.0000e+00   0.0000e+00   2.8432e+02
20220824_12:00:00   1.5722e-01   4.5328e+01   2.9452e+00   0.0000e+00   0.0000e+00   2.8428e+02
20220824_15:00:00   1.4359e-01   4.2072e+01   2.6673e+00   0.0000e+00   0.0000e+00   2.8196e+02
20220824_18:00:00   1.4007e-01   4.1196e+01   2.6075e+00   0.0000e+00   0.0000e+00   2.7923e+02
20220824_21:00:00   1.3318e-01   3.9465e+01   2.4882e+00   0.0000e+00   0.0000e+00   2.7962e+02
20220825_00:00:00   1.2422e-01   3.7200e+01   2.3196e+00   0.0000e+00   0.0000e+00   2.8084e+02
20220825_03:00:00   1.2191e-01   3.6601e+01   2.2567e+00   0.0000e+00   0.0000e+00   2.8086e+02
20220825_06:00:00   1.1925e-01   3.5943e+01   2.1828e+00   0.0000e+00   0.0000e+00   2.8186e+02
20220825_09:00:00   1.0671e-01   3.2825e+01   1.9242e+00   0.0000e+00   0.0000e+00   2.8002e+02
20220825_12:00:00   9.6911e-02   3.0368e+01   1.7167e+00   0.0000e+00   0.0000e+00   2.8352e+02
20220825_15:00:00   8.9884e-02   2.8598e+01   1.5665e+00   0.0000e+00   0.0000e+00   2.8066e+02
20220825_18:00:00   8.9190e-02   2.8423e+01   1.5516e+00   0.0000e+00   0.0000e+00   2.8012e+02
20220825_21:00:00   8.5456e-02   2.7447e+01   1.4801e+00   0.0000e+00   0.0000e+00   2.7904e+02
20220826_00:00:00   8.3190e-02   2.6797e+01   1.4556e+00   0.0000e+00   0.0000e+00   2.7790e+02
20220826_03:00:00   8.8338e-02   2.8077e+01   1.5748e+00   0.0000e+00   0.0000e+00   2.7823e+02
20220826_06:00:00   9.1350e-02   2.8788e+01   1.6572e+00   0.0000e+00   0.0000e+00   2.7912e+02
20220826_09:00:00   1.0624e-01   3.2415e+01   2.0238e+00   0.0000e+00   0.0000e+00   2.7838e+02
20220826_12:00:00   1.2436e-01   3.6812e+01   2.4459e+00   0.0000e+00   0.0000e+00   2.7666e+02
20220826_15:00:00   1.3897e-01   4.0263e+01   2.7921e+00   0.0000e+00   0.0000e+00   2.7510e+02
20220826_18:00:00   1.4901e-01   4.2684e+01   3.0122e+00   0.0000e+00   0.0000e+00   2.7323e+02
20220826_21:00:00   1.5307e-01   4.3746e+01   3.0809e+00   0.0000e+00   0.0000e+00   2.7528e+02
20220827_00:00:00   1.7075e-01   4.7843e+01   3.4707e+00   0.0000e+00   0.0000e+00   2.7563e+02
20220827_03:00:00   1.9965e-01   5.4214e+01   4.1181e+00   0.0000e+00   0.0000e+00   2.7773e+02
20220827_06:00:00   1.8080e-01   4.9752e+01   3.7194e+00   0.0000e+00   0.0000e+00   2.7812e+02
