#            date       tau255        Tb[K]      pwv[mm] lwp[kg*m^-2] iwp[kg*m^-2]       o3[DU]
20231226_18:00:00   8.6928e-02   2.6857e+01   1.6407e+00   0.0000e+00   0.0000e+00   2.7747e+02
20231226_19:00:00   8.7048e-02   2.6900e+01   1.6467e+00   0.0000e+00   0.0000e+00   2.7746e+02
20231226_20:00:00   9.1309e-02   2.7924e+01   1.7552e+00   0.0000e+00   0.0000e+00   2.7556e+02
20231226_21:00:00   9.2897e-02   2.8308e+01   1.7964e+00   0.0000e+00   0.0000e+00   2.7618e+02
20231226_22:00:00   9.2685e-02   2.8282e+01   1.7867e+00   0.0000e+00   0.0000e+00   2.7839e+02
20231226_23:00:00   9.5868e-02   2.9038e+01   1.8696e+00   0.0000e+00   0.0000e+00   2.7527e+02
20231227_00:00:00   9.5705e-02   2.9006e+01   1.8702e+00   0.0000e+00   0.0000e+00   2.7424e+02
20231227_01:00:00   9.2357e-02   2.8231e+01   1.7857e+00   0.0000e+00   1.5418e-07   2.7184e+02
20231227_02:00:00   9.2766e-02   2.8351e+01   1.7924e+00   0.0000e+00   2.1960e-04   2.7026e+02
20231227_03:00:00   1.0202e-01   3.0506e+01   2.0315e+00   0.0000e+00   1.0826e-03   2.6855e+02
20231227_04:00:00   1.1157e-01   3.2661e+01   2.2916e+00   0.0000e+00   1.4032e-03   2.6781e+02
20231227_05:00:00   1.0873e-01   3.1999e+01   2.2346e+00   0.0000e+00   2.4776e-03   2.6789e+02
20231227_06:00:00   1.0615e-01   3.1453e+01   2.1553e+00   0.0000e+00   9.2553e-03   2.6548e+02
20231227_07:00:00   1.1132e-01   3.2691e+01   2.2768e+00   0.0000e+00   1.5890e-03   2.6527e+02
20231227_08:00:00   1.1712e-01   3.4003e+01   2.4315e+00   0.0000e+00   3.4933e-03   2.6357e+02
20231227_09:00:00   1.1609e-01   3.3728e+01   2.4195e+00   0.0000e+00   9.9106e-03   2.6215e+02
20231227_10:00:00   1.0824e-01   3.1901e+01   2.2294e+00   0.0000e+00   5.0980e-04   2.6108e+02
20231227_11:00:00   1.0771e-01   3.1716e+01   2.2318e+00   0.0000e+00   0.0000e+00   2.5915e+02
20231227_12:00:00   1.1646e-01   3.3602e+01   2.4780e+00   0.0000e+00   0.0000e+00   2.5598e+02
20231227_13:00:00   1.2882e-01   3.6290e+01   2.8028e+00   0.0000e+00   0.0000e+00   2.5509e+02
20231227_14:00:00   1.4942e-01   4.0843e+01   3.3000e+00   0.0000e+00   1.5418e-07   2.5472e+02
20231227_15:00:00   1.6612e-01   4.4586e+01   3.6815e+00   0.0000e+00   4.9791e-04   2.5500e+02
20231227_16:00:00   1.7204e-01   4.6106e+01   3.8026e+00   0.0000e+00   1.2488e-04   2.5354e+02
20231227_17:00:00   1.8523e-01   4.9115e+01   4.1065e+00   0.0000e+00   1.6645e-04   2.5123e+02
20231227_18:00:00   2.0186e-01   5.2801e+01   4.4868e+00   0.0000e+00   9.4140e-04   2.4938e+02
20231227_19:00:00   2.2579e-01   5.8004e+01   4.9996e+00   0.0000e+00   0.0000e+00   2.4902e+02
20231227_20:00:00   2.5411e-01   6.3920e+01   5.5964e+00   0.0000e+00   0.0000e+00   2.4919e+02
20231227_21:00:00   2.8577e-01   7.0346e+01   6.2574e+00   0.0000e+00   0.0000e+00   2.4830e+02
20231227_22:00:00   3.1264e-01   7.5676e+01   6.8384e+00   0.0000e+00   6.9101e-04   2.4902e+02
20231227_23:00:00   3.3704e-01   8.0354e+01   7.3388e+00   0.0000e+00   8.5492e-04   2.4843e+02
20231228_00:00:00   3.6187e-01   8.5055e+01   7.8658e+00   0.0000e+00   2.4853e-03   2.4816e+02
20231228_01:00:00   3.6943e-01   8.6533e+01   8.0066e+00   0.0000e+00   3.8655e-03   2.4745e+02
20231228_02:00:00   3.7083e-01   8.6950e+01   8.0082e+00   0.0000e+00   8.4703e-04   2.4624e+02
20231228_03:00:00   3.7997e-01   8.8694e+01   8.1720e+00   0.0000e+00   4.8533e-04   2.4536e+02
20231228_04:00:00   3.8488e-01   8.9671e+01   8.2378e+00   0.0000e+00   0.0000e+00   2.4568e+02
20231228_05:00:00   3.8221e-01   8.9187e+01   8.1739e+00   0.0000e+00   0.0000e+00   2.4630e+02
20231228_06:00:00   3.8862e-01   9.0227e+01   8.3114e+00   0.0000e+00   7.4180e-06   2.4450e+02
20231228_07:00:00   3.9469e-01   9.1333e+01   8.4338e+00   0.0000e+00   9.1180e-06   2.4332e+02
20231228_08:00:00   4.1949e-01   9.5820e+01   8.8899e+00   0.0000e+00   0.0000e+00   2.4184e+02
20231228_09:00:00   4.4686e-01   1.0065e+02   9.3920e+00   0.0000e+00   1.3561e-04   2.4071e+02
20231228_10:00:00   4.6247e-01   1.0338e+02   9.6557e+00   0.0000e+00   6.0420e-05   2.4175e+02
20231228_11:00:00   4.7859e-01   1.0615e+02   9.9700e+00   0.0000e+00   8.3264e-04   2.4316e+02
20231228_12:00:00   4.9694e-01   1.0919e+02   1.0296e+01   0.0000e+00   1.4176e-03   2.4378e+02
20231228_13:00:00   5.1167e-01   1.1155e+02   1.0532e+01   0.0000e+00   2.2574e-04   2.4417e+02
20231228_14:00:00   5.3053e-01   1.1475e+02   1.0822e+01   0.0000e+00   1.1762e-03   2.4492e+02
20231228_15:00:00   5.9002e-01   1.2373e+02   1.1913e+01   0.0000e+00   2.0550e-03   2.4696e+02
20231228_16:00:00   6.1338e-01   1.2724e+02   1.2329e+01   0.0000e+00   2.2280e-03   2.4824e+02
20231228_17:00:00   6.3833e-01   1.3094e+02   1.2779e+01   0.0000e+00   9.3081e-04   2.5091e+02
20231228_18:00:00   6.3790e-01   1.3104e+02   1.2751e+01   0.0000e+00   1.3986e-03   2.5289e+02
20231228_19:00:00   6.2136e-01   1.2883e+02   1.2387e+01   0.0000e+00   2.0129e-04   2.5380e+02
20231228_20:00:00   6.2742e-01   1.2988e+02   1.2433e+01   0.0000e+00   0.0000e+00   2.5305e+02
20231228_21:00:00   6.2876e-01   1.3002e+02   1.2471e+01   0.0000e+00   0.0000e+00   2.5289e+02
20231228_22:00:00   6.0993e-01   1.2741e+02   1.2103e+01   0.0000e+00   1.1012e-05   2.5219e+02
20231228_23:00:00   6.0959e-01   1.2728e+02   1.2099e+01   0.0000e+00   6.7309e-04   2.5105e+02
20231229_00:00:00   6.1416e-01   1.2793e+02   1.2242e+01   0.0000e+00   7.1167e-04   2.5009e+02
20231229_01:00:00   6.0164e-01   1.2612e+02   1.2061e+01   0.0000e+00   1.4282e-03   2.5114e+02
20231229_02:00:00   6.0067e-01   1.2583e+02   1.2001e+01   0.0000e+00   1.0336e-04   2.5090e+02
20231229_03:00:00   5.7506e-01   1.2240e+02   1.1458e+01   0.0000e+00   1.1673e-04   2.5006e+02
20231229_04:00:00   5.7421e-01   1.2226e+02   1.1356e+01   0.0000e+00   4.6960e-05   2.5012e+02
20231229_05:00:00   6.0051e-01   1.2616e+02   1.1769e+01   0.0000e+00   6.7760e-05   2.4936e+02
20231229_06:00:00   5.9485e-01   1.2555e+02   1.1630e+01   0.0000e+00   0.0000e+00   2.5045e+02
20231229_07:00:00   6.0648e-01   1.2741e+02   1.1704e+01   0.0000e+00   5.7100e-07   2.4924e+02
20231229_08:00:00   5.9174e-01   1.2542e+02   1.1439e+01   0.0000e+00   1.9596e-05   2.4830e+02
20231229_09:00:00   5.8417e-01   1.2422e+02   1.1299e+01   0.0000e+00   5.0040e-05   2.4806e+02
20231229_10:00:00   5.8666e-01   1.2481e+02   1.1312e+01   0.0000e+00   1.5078e-04   2.4856e+02
20231229_11:00:00   5.9123e-01   1.2554e+02   1.1390e+01   0.0000e+00   3.6941e-04   2.4854e+02
20231229_12:00:00   5.8285e-01   1.2435e+02   1.1258e+01   0.0000e+00   6.5570e-05   2.4836e+02
20231229_13:00:00   5.5678e-01   1.2055e+02   1.0750e+01   0.0000e+00   2.4059e-04   2.4948e+02
20231229_14:00:00   5.4215e-01   1.1826e+02   1.0450e+01   0.0000e+00   1.3956e-04   2.5001e+02
20231229_15:00:00   5.2539e-01   1.1567e+02   1.0171e+01   0.0000e+00   5.3200e-05   2.5145e+02
20231229_16:00:00   5.1921e-01   1.1461e+02   1.0126e+01   0.0000e+00   1.2612e-04   2.5108e+02
20231229_17:00:00   5.1170e-01   1.1341e+02   1.0014e+01   0.0000e+00   4.5600e-06   2.5216e+02
20231229_18:00:00   4.9912e-01   1.1138e+02   9.7788e+00   0.0000e+00   0.0000e+00   2.5325e+02
20231229_19:00:00   5.0463e-01   1.1228e+02   9.8739e+00   0.0000e+00   0.0000e+00   2.5349e+02
20231229_20:00:00   5.3421e-01   1.1694e+02   1.0424e+01   0.0000e+00   0.0000e+00   2.5367e+02
20231229_21:00:00   5.6167e-01   1.2116e+02   1.0965e+01   0.0000e+00   0.0000e+00   2.5437e+02
20231229_22:00:00   5.6456e-01   1.2157e+02   1.0982e+01   0.0000e+00   0.0000e+00   2.5501e+02
20231229_23:00:00   5.6749e-01   1.2197e+02   1.1008e+01   0.0000e+00   0.0000e+00   2.5468e+02
20231230_00:00:00   5.7692e-01   1.2339e+02   1.1169e+01   0.0000e+00   0.0000e+00   2.5372e+02
20231230_01:00:00   5.7286e-01   1.2284e+02   1.1088e+01   0.0000e+00   0.0000e+00   2.5296e+02
20231230_02:00:00   5.7682e-01   1.2340e+02   1.1154e+01   0.0000e+00   0.0000e+00   2.5337e+02
20231230_03:00:00   5.7857e-01   1.2366e+02   1.1157e+01   0.0000e+00   0.0000e+00   2.5457e+02
20231230_04:00:00   5.9199e-01   1.2557e+02   1.1445e+01   0.0000e+00   0.0000e+00   2.5452e+02
20231230_05:00:00   6.0198e-01   1.2685e+02   1.1698e+01   0.0000e+00   0.0000e+00   2.5450e+02
20231230_06:00:00   6.0471e-01   1.2719e+02   1.1749e+01   0.0000e+00   0.0000e+00   2.5493e+02
20231230_07:00:00   6.0882e-01   1.2783e+02   1.1786e+01   0.0000e+00   0.0000e+00   2.5631e+02
20231230_08:00:00   6.2364e-01   1.3000e+02   1.1998e+01   0.0000e+00   0.0000e+00   2.5769e+02
20231230_09:00:00   6.3145e-01   1.3120e+02   1.2078e+01   0.0000e+00   0.0000e+00   2.5919e+02
20231230_10:00:00   6.3403e-01   1.3172e+02   1.2121e+01   0.0000e+00   0.0000e+00   2.6103e+02
20231230_11:00:00   6.4973e-01   1.3405e+02   1.2394e+01   0.0000e+00   0.0000e+00   2.6078e+02
20231230_12:00:00   6.4116e-01   1.3293e+02   1.2253e+01   0.0000e+00   0.0000e+00   2.6121e+02
20231230_13:00:00   6.0802e-01   1.2815e+02   1.1661e+01   0.0000e+00   0.0000e+00   2.6086e+02
20231230_14:00:00   6.1803e-01   1.2958e+02   1.1795e+01   0.0000e+00   8.1360e-05   2.6114e+02
20231230_15:00:00   6.3217e-01   1.3161e+02   1.2046e+01   0.0000e+00   4.2320e-05   2.6151e+02
20231230_16:00:00   6.4378e-01   1.3318e+02   1.2239e+01   0.0000e+00   1.3488e-04   2.6301e+02
20231230_17:00:00   6.8365e-01   1.3868e+02   1.2859e+01   0.0000e+00   4.8877e-04   2.6274e+02
20231230_18:00:00   6.9797e-01   1.4068e+02   1.3083e+01   0.0000e+00   9.8003e-04   2.6427e+02
20231230_19:00:00   7.0617e-01   1.4179e+02   1.3233e+01   0.0000e+00   1.9048e-03   2.6712e+02
20231230_20:00:00   7.1785e-01   1.4324e+02   1.3463e+01   0.0000e+00   3.6071e-03   2.6974e+02
20231230_21:00:00   7.2498e-01   1.4415e+02   1.3606e+01   0.0000e+00   2.5417e-03   2.7248e+02
20231230_22:00:00   7.0514e-01   1.4150e+02   1.3311e+01   0.0000e+00   2.3182e-03   2.7450e+02
20231230_23:00:00   6.8277e-01   1.3837e+02   1.2947e+01   0.0000e+00   9.9083e-04   2.7530e+02
20231231_00:00:00   6.5278e-01   1.3409e+02   1.2459e+01   0.0000e+00   1.0756e-03   2.7813e+02
20231231_01:00:00   6.6583e-01   1.3574e+02   1.2769e+01   0.0000e+00   2.8685e-03   2.8141e+02
20231231_02:00:00   6.9149e-01   1.3918e+02   1.3217e+01   0.0000e+00   9.1243e-03   2.8357e+02
20231231_03:00:00   7.3175e-01   1.4456e+02   1.3816e+01   0.0000e+00   1.7543e-02   2.8419e+02
20231231_04:00:00   7.5863e-01   1.4815e+02   1.4121e+01   0.0000e+00   1.1731e-02   2.8591e+02
20231231_05:00:00   7.7211e-01   1.5000e+02   1.4096e+01   0.0000e+00   3.4274e-03   2.8715e+02
20231231_06:00:00   8.5032e-01   1.5938e+02   1.4726e+01   1.3011e-02   2.3250e-03   2.8900e+02
20231231_07:00:00   1.3240e+00   2.0269e+02   1.6834e+01   1.5550e-01   9.2246e-03   2.8945e+02
20231231_08:00:00   1.5199e+00   2.1599e+02   1.7674e+01   2.0970e-01   3.0236e-03   2.8940e+02
20231231_09:00:00   9.7256e-01   1.7267e+02   1.7089e+01   3.5650e-03   2.4509e-03   2.9088e+02
20231231_10:00:00   1.0328e+00   1.7879e+02   1.7543e+01   1.2257e-02   8.6369e-04   2.9204e+02
20231231_11:00:00   1.1904e+00   1.9312e+02   1.7576e+01   7.2710e-02   5.8891e-04   2.9208e+02
20231231_12:00:00   1.1226e+00   1.8733e+02   1.7579e+01   4.6535e-02   8.1823e-04   2.9163e+02
20231231_13:00:00   1.0500e+00   1.8042e+02   1.7822e+01   1.3358e-02   8.9451e-04   2.9167e+02
20231231_14:00:00   1.0969e+00   1.8474e+02   1.7826e+01   3.0937e-02   1.8317e-03   2.9228e+02
20231231_15:00:00   9.9487e-01   1.7481e+02   1.7205e+01   9.2100e-03   1.1595e-03   2.9289e+02
20231231_16:00:00   9.2362e-01   1.6732e+02   1.6512e+01   9.9550e-04   2.6283e-04   2.9399e+02
20231231_17:00:00   8.5824e-01   1.6003e+02   1.5631e+01   0.0000e+00   3.6524e-04   2.9423e+02
20231231_18:00:00   8.5377e-01   1.5946e+02   1.5563e+01   0.0000e+00   8.9612e-04   2.9636e+02
20231231_21:00:00   9.7408e-01   1.7256e+02   1.5700e+01   4.1234e-02   1.3753e-03   3.0209e+02
20240101_00:00:00   7.3185e-01   1.4459e+02   1.3380e+01   5.3862e-05   1.1076e-03   3.0275e+02
20240101_03:00:00   6.6280e-01   1.3548e+02   1.2199e+01   0.0000e+00   1.1541e-05   2.9895e+02
20240101_06:00:00   7.6034e-01   1.4799e+02   1.3843e+01   2.7401e-03   9.2100e-03   2.9846e+02
20240101_09:00:00   1.3576e+00   2.0513e+02   1.8253e+01   1.2231e-01   1.7016e-01   2.9298e+02
20240101_12:00:00   1.3000e+00   2.0261e+02   1.5932e+01   1.4235e-01   3.5486e-03   2.9989e+02
20240101_15:00:00   6.9018e-01   1.4091e+02   1.0899e+01   9.9560e-03   0.0000e+00   3.0518e+02
20240101_18:00:00   5.4304e-01   1.1906e+02   9.3388e+00   0.0000e+00   5.2157e-04   2.9760e+02
20240101_21:00:00   3.8037e-01   9.1173e+01   6.9558e+00   0.0000e+00   6.7439e-05   2.9601e+02
20240102_00:00:00   3.1765e-01   7.9017e+01   5.9626e+00   0.0000e+00   5.8140e-05   2.9224e+02
20240102_03:00:00   2.4730e-01   6.4406e+01   4.7868e+00   0.0000e+00   3.3700e-05   2.8926e+02
20240102_06:00:00   2.2208e-01   5.8785e+01   4.3906e+00   0.0000e+00   1.2719e-03   2.8748e+02
20240102_09:00:00   2.3336e-01   6.1121e+01   4.6701e+00   0.0000e+00   1.7018e-03   2.8740e+02
20240102_12:00:00   2.5867e-01   6.6514e+01   5.1787e+00   0.0000e+00   2.2435e-03   2.8561e+02
20240102_15:00:00   2.8624e-01   7.2246e+01   5.7205e+00   0.0000e+00   1.6786e-03   2.8115e+02
20240102_18:00:00   2.7190e-01   6.9311e+01   5.4772e+00   0.0000e+00   2.0220e-04   2.7774e+02
20240102_21:00:00   2.6196e-01   6.7163e+01   5.3021e+00   0.0000e+00   2.3740e-04   2.7523e+02
20240103_00:00:00   2.6194e-01   6.7258e+01   5.2390e+00   0.0000e+00   0.0000e+00   2.7203e+02
20240103_03:00:00   2.6119e-01   6.7129e+01   5.1800e+00   0.0000e+00   0.0000e+00   2.7143e+02
20240103_06:00:00   2.5552e-01   6.5924e+01   5.0077e+00   0.0000e+00   0.0000e+00   2.7156e+02
20240103_09:00:00   2.7446e-01   6.9801e+01   5.2951e+00   0.0000e+00   0.0000e+00   2.7036e+02
20240103_12:00:00   2.5256e-01   6.5150e+01   4.9505e+00   0.0000e+00   0.0000e+00   2.6919e+02
20240103_15:00:00   2.5071e-01   6.4603e+01   4.9473e+00   0.0000e+00   0.0000e+00   2.6794e+02
20240103_18:00:00   2.6386e-01   6.7302e+01   5.1721e+00   0.0000e+00   0.0000e+00   2.7003e+02
20240103_21:00:00   2.9239e-01   7.3281e+01   5.5502e+00   0.0000e+00   0.0000e+00   2.7197e+02
20240104_00:00:00   3.1855e-01   7.8303e+01   6.0572e+00   0.0000e+00   9.3372e-03   2.7404e+02
20240104_03:00:00   4.1400e-01   9.5939e+01   7.7421e+00   0.0000e+00   1.6214e-03   2.7659e+02
20240104_06:00:00   5.3981e-01   1.1659e+02   9.9769e+00   0.0000e+00   5.3222e-03   2.7880e+02
20240104_09:00:00   1.0938e+00   1.8303e+02   1.5693e+01   7.5320e-02   3.9674e-01   2.8646e+02
20240104_12:00:00   1.0789e+00   1.8234e+02   1.5285e+01   7.7508e-02   2.3728e-02   2.9016e+02
20240104_15:00:00   4.9018e-01   1.0975e+02   7.7583e+00   8.6502e-03   0.0000e+00   2.9306e+02
20240104_18:00:00   1.4742e-01   4.1864e+01   2.5377e+00   2.9640e-05   0.0000e+00   2.9582e+02
20240104_21:00:00   1.0535e-01   3.1398e+01   1.7305e+00   3.4480e-03   0.0000e+00   2.9685e+02
20240105_00:00:00   1.0585e-01   3.1067e+01   2.0086e+00   7.8590e-06   0.0000e+00   2.9589e+02
20240105_03:00:00   1.0651e-01   3.1039e+01   2.0607e+00   0.0000e+00   0.0000e+00   2.9990e+02
20240105_06:00:00   1.2020e-01   3.4036e+01   2.3883e+00   0.0000e+00   3.8687e-03   3.0903e+02
20240105_09:00:00   1.2314e-01   3.4788e+01   2.4139e+00   6.3130e-05   2.5793e-03   3.0936e+02
20240105_12:00:00   1.3694e-01   3.7994e+01   2.6565e+00   4.3090e-04   3.0003e-02   3.1054e+02
20240105_15:00:00   1.6617e-01   4.4198e+01   3.3386e+00   5.7400e-05   5.2576e-02   3.1136e+02
20240105_18:00:00   1.0966e-01   3.1835e+01   2.0393e+00   0.0000e+00   1.4971e-03   3.1636e+02
20240105_21:00:00   1.0864e-01   3.1457e+01   2.0177e+00   0.0000e+00   2.2161e-04   3.2509e+02
20240106_00:00:00   1.3728e-01   3.8127e+01   2.6258e+00   0.0000e+00   0.0000e+00   3.2131e+02
20240106_03:00:00   1.5239e-01   4.2026e+01   2.8710e+00   0.0000e+00   1.3016e-03   3.1459e+02
20240106_06:00:00   1.6050e-01   4.3626e+01   3.1826e+00   0.0000e+00   1.6576e-04   3.0807e+02
20240106_09:00:00   2.1485e-01   5.5472e+01   4.3580e+00   0.0000e+00   0.0000e+00   2.9978e+02
20240106_12:00:00   2.7800e-01   6.8654e+01   5.6297e+00   0.0000e+00   5.0360e-05   3.0100e+02
20240106_15:00:00   3.3637e-01   7.9427e+01   6.9569e+00   0.0000e+00   9.1947e-03   3.0412e+02
20240106_18:00:00   3.4994e-01   8.1704e+01   7.2277e+00   0.0000e+00   2.4692e-02   3.0627e+02
20240106_21:00:00   4.1148e-01   9.3023e+01   8.3082e+00   0.0000e+00   4.2539e-02   2.8909e+02
20240107_00:00:00   4.5469e-01   1.0035e+02   8.9951e+00   1.5348e-03   8.3812e-02   2.8457e+02
20240107_03:00:00   5.7967e-01   1.2111e+02   1.1062e+01   3.6418e-04   3.1237e-02   2.8471e+02
20240107_06:00:00   7.9567e-01   1.5087e+02   1.4054e+01   4.3914e-03   1.2912e-01   2.8009e+02
20240107_09:00:00   7.9256e-01   1.5072e+02   1.3753e+01   7.1827e-03   2.2606e-03   2.8117e+02
20240107_12:00:00   8.0621e-01   1.5292e+02   1.3612e+01   1.2102e-02   2.7798e-03   2.8163e+02
20240107_15:00:00   8.1211e-01   1.5371e+02   1.3775e+01   1.0583e-02   4.3288e-03   2.7792e+02
20240107_18:00:00   7.1488e-01   1.4137e+02   1.2945e+01   0.0000e+00   3.6636e-04   2.7968e+02
20240107_21:00:00   5.9828e-01   1.2500e+02   1.1207e+01   0.0000e+00   2.0448e-02   2.8189e+02
20240108_00:00:00   6.9795e-01   1.3863e+02   1.2752e+01   0.0000e+00   3.3666e-01   2.7933e+02
20240108_03:00:00   8.2269e-01   1.5449e+02   1.4551e+01   4.5600e-06   9.2614e-02   2.8002e+02
20240108_06:00:00   1.0160e+00   1.7545e+02   1.4846e+01   6.9445e-02   8.2970e-02   2.8004e+02
20240108_09:00:00   8.4442e-01   1.5637e+02   1.4363e+01   1.4738e-02   3.0394e-01   2.8298e+02
20240108_12:00:00   9.4005e-01   1.6724e+02   1.4749e+01   4.2168e-02   1.6681e-01   2.8334e+02
20240108_15:00:00   1.6160e+00   2.2017e+02   1.5188e+01   3.0321e-01   2.5422e-01   2.8389e+02
20240108_18:00:00   6.8453e-01   1.3741e+02   1.1939e+01   8.7690e-04   1.3904e-02   2.8664e+02
20240108_21:00:00   5.9854e-01   1.2559e+02   1.0561e+01   0.0000e+00   3.3920e-05   2.9001e+02
20240109_00:00:00   5.6171e-01   1.2023e+02   9.8108e+00   4.9210e-03   2.7265e-04   2.8648e+02
20240109_03:00:00   5.0461e-01   1.1090e+02   9.3570e+00   1.4380e-04   0.0000e+00   2.8239e+02
20240109_06:00:00   4.9050e-01   1.0833e+02   9.3100e+00   0.0000e+00   1.6024e-05   2.7478e+02
20240109_09:00:00   6.2646e-01   1.2927e+02   1.1627e+01   0.0000e+00   4.5230e-04   2.6716e+02
20240109_12:00:00   6.6693e-01   1.3504e+02   1.2356e+01   0.0000e+00   1.3087e-04   2.6725e+02
20240109_15:00:00   7.1968e-01   1.4187e+02   1.3369e+01   0.0000e+00   4.3941e-03   2.6580e+02
20240109_18:00:00   7.6885e-01   1.4792e+02   1.4444e+01   0.0000e+00   4.2389e-02   2.6290e+02
20240109_21:00:00   7.3548e-01   1.4344e+02   1.4041e+01   2.8680e-05   2.3526e-02   2.6031e+02
20240110_00:00:00   7.7664e-01   1.4883e+02   1.4452e+01   7.5660e-03   4.2429e-02   2.5845e+02
20240110_03:00:00   6.5688e-01   1.3355e+02   1.2741e+01   1.0114e-04   2.2882e-03   2.6112e+02
20240110_06:00:00   7.4464e-01   1.4526e+02   1.4212e+01   0.0000e+00   2.1203e-03   2.6332e+02
20240110_09:00:00   6.9324e-01   1.3852e+02   1.3337e+01   5.1742e-05   6.3742e-03   2.6350e+02
20240110_12:00:00   4.1758e-01   9.5429e+01   8.7672e+00   0.0000e+00   0.0000e+00   2.6174e+02
20240110_15:00:00   5.8894e-01   1.2316e+02   1.1798e+01   6.0240e-04   1.3399e-02   2.6075e+02
20240110_18:00:00   7.4255e-01   1.4475e+02   1.4378e+01   2.2339e-03   1.1334e-02   2.5772e+02
20240110_21:00:00   5.5585e-01   1.1818e+02   1.1444e+01   1.0948e-04   3.4855e-03   2.5773e+02
20240111_00:00:00   3.5021e-01   8.3101e+01   7.6029e+00   0.0000e+00   3.0185e-03   2.5756e+02
20240111_03:00:00   3.3991e-01   8.1213e+01   7.4057e+00   0.0000e+00   9.8705e-04   2.5764e+02
20240111_06:00:00   3.2401e-01   7.8474e+01   7.0196e+00   0.0000e+00   3.1945e-03   2.5855e+02
20240111_09:00:00   2.9964e-01   7.4043e+01   6.3954e+00   0.0000e+00   1.7256e-02   2.6056e+02
20240111_12:00:00   2.9454e-01   7.3593e+01   6.0408e+00   0.0000e+00   1.0787e-03   2.6188e+02
20240111_15:00:00   2.8992e-01   7.2793e+01   5.8817e+00   0.0000e+00   8.0427e-03   2.6092e+02
20240111_18:00:00   2.9611e-01   7.4069e+01   5.9618e+00   0.0000e+00   2.8688e-02   2.6181e+02
