#            date       tau255        Tb[K]      pwv[mm] lwp[kg*m^-2] iwp[kg*m^-2]       o3[DU]
20230525_06:00:00   3.7416e-01   8.9335e+01   3.3070e+00   7.8670e-02   1.6117e-03   3.2038e+02
20230525_07:00:00   3.6580e-01   8.7741e+01   3.2999e+00   7.5280e-02   5.5220e-04   3.1994e+02
20230525_08:00:00   4.5224e-01   1.0348e+02   3.3065e+00   1.0922e-01   0.0000e+00   3.2190e+02
20230525_09:00:00   3.2984e-01   8.0782e+01   3.3490e+00   5.9830e-02   8.0460e-05   3.2207e+02
20230525_10:00:00   2.2613e-01   5.9146e+01   3.6122e+00   1.2802e-02   1.9977e-05   3.2379e+02
20230525_11:00:00   3.6020e-01   8.6434e+01   3.8884e+00   6.0334e-02   9.3260e-05   3.2610e+02
20230525_12:00:00   3.7984e-01   9.0089e+01   3.9964e+00   6.5870e-02   2.0440e-04   3.2993e+02
20230525_13:00:00   3.3534e-01   8.1577e+01   4.0390e+00   4.7130e-02   3.1720e-04   3.2838e+02
20230525_14:00:00   2.8683e-01   7.1997e+01   3.8818e+00   3.0890e-02   0.0000e+00   3.2475e+02
20230525_15:00:00   3.8818e-01   9.1866e+01   3.8588e+00   7.0720e-02   0.0000e+00   3.2266e+02
20230525_16:00:00   4.9374e-01   1.1037e+02   3.9804e+00   1.0938e-01   0.0000e+00   3.2219e+02
20230525_17:00:00   7.6261e-01   1.4935e+02   4.6908e+00   1.9922e-01   0.0000e+00   3.2135e+02
20230525_18:00:00   6.4872e-01   1.3400e+02   4.7512e+00   1.5254e-01   0.0000e+00   3.2002e+02
20230525_19:00:00   4.8088e-01   1.0802e+02   4.5860e+00   9.0491e-02   0.0000e+00   3.2069e+02
20230525_20:00:00   5.1279e-01   1.1318e+02   4.6481e+00   1.0282e-01   0.0000e+00   3.2125e+02
20230525_21:00:00   4.3028e-01   9.9083e+01   4.7322e+00   6.8140e-02   0.0000e+00   3.2245e+02
20230525_22:00:00   5.1691e-01   1.1365e+02   4.9791e+00   9.6974e-02   3.6480e-06   3.2410e+02
20230525_23:00:00   4.6470e-01   1.0479e+02   5.0787e+00   7.4220e-02   0.0000e+00   3.2281e+02
20230526_00:00:00   3.0589e-01   7.5370e+01   4.9634e+00   1.3133e-02   0.0000e+00   3.2166e+02
20230526_01:00:00   4.9300e-01   1.0964e+02   4.9365e+00   8.8821e-02   0.0000e+00   3.2343e+02
20230526_02:00:00   4.4073e-01   1.0063e+02   5.0058e+00   6.6660e-02   0.0000e+00   3.2442e+02
20230526_03:00:00   2.8055e-01   6.9993e+01   5.0960e+00   5.2581e-04   0.0000e+00   3.2428e+02
20230526_04:00:00   3.1354e-01   7.6656e+01   5.1127e+00   1.3654e-02   0.0000e+00   3.2610e+02
20230526_05:00:00   3.1802e-01   7.7490e+01   5.2007e+00   1.3122e-02   0.0000e+00   3.3029e+02
20230526_06:00:00   3.6044e-01   8.5567e+01   5.4792e+00   2.3034e-02   3.0840e-07   3.3597e+02
20230526_07:00:00   3.5186e-01   8.3873e+01   5.8462e+00   1.0626e-02   3.7000e-07   3.3868e+02
20230526_08:00:00   3.6993e-01   8.7184e+01   6.2223e+00   9.3900e-03   9.1800e-06   3.3684e+02
20230526_09:00:00   3.6301e-01   8.5869e+01   6.3439e+00   3.7740e-03   0.0000e+00   3.3714e+02
20230526_10:00:00   3.4579e-01   8.2701e+01   6.1812e+00   1.0062e-03   0.0000e+00   3.3634e+02
20230526_11:00:00   3.2357e-01   7.8539e+01   5.8657e+00   0.0000e+00   0.0000e+00   3.3659e+02
20230526_12:00:00   3.3485e-01   8.0794e+01   5.7891e+00   6.4930e-03   0.0000e+00   3.3647e+02
20230526_13:00:00   3.7356e-01   8.8180e+01   5.8097e+00   2.1807e-02   0.0000e+00   3.3703e+02
20230526_14:00:00   3.6565e-01   8.6767e+01   5.6691e+00   2.2629e-02   0.0000e+00   3.3548e+02
20230526_15:00:00   3.1382e-01   7.6682e+01   5.7041e+00   1.4420e-03   0.0000e+00   3.3455e+02
20230526_16:00:00   3.1972e-01   7.7867e+01   5.7415e+00   3.7710e-03   0.0000e+00   3.3375e+02
20230526_17:00:00   3.4002e-01   8.1732e+01   6.2370e+00   2.4470e-05   0.0000e+00   3.3546e+02
20230526_18:00:00   3.5892e-01   8.5293e+01   6.5730e+00   3.2419e-05   0.0000e+00   3.3463e+02
20230526_19:00:00   3.7352e-01   8.8008e+01   6.8460e+00   0.0000e+00   0.0000e+00   3.3534e+02
20230526_20:00:00   3.8701e-01   9.0515e+01   7.0497e+00   0.0000e+00   0.0000e+00   3.3386e+02
20230526_21:00:00   4.0305e-01   9.3387e+01   7.3011e+00   0.0000e+00   0.0000e+00   3.2891e+02
20230526_22:00:00   4.1142e-01   9.4850e+01   7.4152e+00   0.0000e+00   0.0000e+00   3.2838e+02
20230526_23:00:00   4.0648e-01   9.3975e+01   7.3192e+00   0.0000e+00   0.0000e+00   3.2804e+02
20230527_00:00:00   4.0447e-01   9.3560e+01   7.2765e+00   0.0000e+00   0.0000e+00   3.2633e+02
20230527_01:00:00   3.9614e-01   9.2003e+01   7.1472e+00   2.3160e-05   0.0000e+00   3.2576e+02
20230527_02:00:00   3.9359e-01   9.1472e+01   7.1019e+00   0.0000e+00   0.0000e+00   3.2514e+02
20230527_03:00:00   3.9194e-01   9.1139e+01   7.0595e+00   0.0000e+00   0.0000e+00   3.2684e+02
20230527_04:00:00   3.8034e-01   8.9032e+01   6.8575e+00   2.2460e-06   0.0000e+00   3.2632e+02
20230527_05:00:00   3.6951e-01   8.7091e+01   6.6340e+00   0.0000e+00   0.0000e+00   3.2573e+02
20230527_06:00:00   3.6150e-01   8.5663e+01   6.4614e+00   0.0000e+00   0.0000e+00   3.2619e+02
20230527_07:00:00   3.5082e-01   8.3743e+01   6.2448e+00   0.0000e+00   0.0000e+00   3.2740e+02
20230527_08:00:00   3.3960e-01   8.1677e+01   6.0361e+00   0.0000e+00   0.0000e+00   3.3240e+02
20230527_09:00:00   3.2286e-01   7.8509e+01   5.7539e+00   0.0000e+00   0.0000e+00   3.3299e+02
20230527_10:00:00   3.0275e-01   7.4635e+01   5.4133e+00   0.0000e+00   0.0000e+00   3.3019e+02
20230527_11:00:00   2.8077e-01   7.0285e+01   5.0380e+00   0.0000e+00   0.0000e+00   3.2754e+02
20230527_12:00:00   2.6299e-01   6.6656e+01   4.7385e+00   6.7960e-04   0.0000e+00   3.2563e+02
20230527_13:00:00   2.5906e-01   6.5838e+01   4.6975e+00   5.8610e-04   0.0000e+00   3.2274e+02
20230527_14:00:00   2.5072e-01   6.4175e+01   4.5154e+00   1.3940e-03   0.0000e+00   3.2023e+02
20230527_15:00:00   2.5416e-01   6.4821e+01   4.5926e+00   1.3060e-03   0.0000e+00   3.1799e+02
20230527_16:00:00   2.3872e-01   6.1655e+01   4.3500e+00   5.8190e-04   0.0000e+00   3.1606e+02
20230527_17:00:00   2.2454e-01   5.8674e+01   4.1245e+00   8.0380e-05   0.0000e+00   3.1589e+02
20230527_18:00:00   2.2005e-01   5.7708e+01   4.0372e+00   0.0000e+00   0.0000e+00   3.1866e+02
20230527_19:00:00   2.0923e-01   5.5400e+01   3.8283e+00   0.0000e+00   0.0000e+00   3.1865e+02
20230527_20:00:00   2.0329e-01   5.4117e+01   3.7211e+00   0.0000e+00   0.0000e+00   3.1837e+02
20230527_21:00:00   2.0329e-01   5.4086e+01   3.7365e+00   0.0000e+00   0.0000e+00   3.1791e+02
20230527_22:00:00   2.0152e-01   5.3674e+01   3.7316e+00   0.0000e+00   0.0000e+00   3.1751e+02
20230527_23:00:00   1.9428e-01   5.2026e+01   3.6389e+00   0.0000e+00   0.0000e+00   3.1509e+02
20230528_00:00:00   1.8581e-01   5.0085e+01   3.5155e+00   0.0000e+00   0.0000e+00   3.1392e+02
20230528_01:00:00   1.8198e-01   4.9150e+01   3.4823e+00   0.0000e+00   0.0000e+00   3.1250e+02
20230528_02:00:00   1.8254e-01   4.9228e+01   3.5287e+00   0.0000e+00   0.0000e+00   3.1129e+02
20230528_03:00:00   1.8603e-01   4.9951e+01   3.6204e+00   0.0000e+00   0.0000e+00   3.1010e+02
20230528_04:00:00   1.8153e-01   4.8911e+01   3.5527e+00   0.0000e+00   2.4660e-06   3.1092e+02
20230528_05:00:00   1.8298e-01   4.9069e+01   3.6507e+00   0.0000e+00   1.2842e-03   3.1025e+02
20230528_06:00:00   1.8567e-01   4.9585e+01   3.7397e+00   0.0000e+00   7.7804e-04   3.1136e+02
20230528_07:00:00   1.8997e-01   5.0487e+01   3.8469e+00   0.0000e+00   7.0800e-04   3.1184e+02
20230528_08:00:00   1.9078e-01   5.0635e+01   3.8918e+00   0.0000e+00   1.9988e-04   3.1137e+02
20230528_09:00:00   1.9369e-01   5.1286e+01   3.9507e+00   0.0000e+00   5.5240e-06   3.1162e+02
20230528_10:00:00   1.9402e-01   5.1355e+01   3.9617e+00   0.0000e+00   0.0000e+00   3.1196e+02
20230528_11:00:00   1.9871e-01   5.2328e+01   4.0817e+00   0.0000e+00   0.0000e+00   3.1253e+02
20230528_12:00:00   1.9939e-01   5.2468e+01   4.1277e+00   0.0000e+00   3.8900e-04   3.1302e+02
20230528_13:00:00   2.1618e-01   5.6075e+01   4.4797e+00   0.0000e+00   1.0575e-03   3.1238e+02
20230528_14:00:00   2.3353e-01   5.9685e+01   4.8568e+00   0.0000e+00   2.7327e-03   3.0986e+02
20230528_15:00:00   2.5052e-01   6.3138e+01   5.2316e+00   0.0000e+00   8.5480e-03   3.0789e+02
20230528_16:00:00   2.5952e-01   6.4941e+01   5.4434e+00   0.0000e+00   9.5263e-03   3.0808e+02
20230528_17:00:00   2.6084e-01   6.5224e+01   5.4591e+00   0.0000e+00   1.1569e-02   3.0995e+02
20230528_18:00:00   2.6078e-01   6.5251e+01   5.4412e+00   0.0000e+00   8.4301e-03   3.1052e+02
20230528_19:00:00   2.5172e-01   6.3465e+01   5.2265e+00   0.0000e+00   1.0465e-02   3.1178e+02
20230528_20:00:00   2.5178e-01   6.3485e+01   5.2249e+00   0.0000e+00   4.0411e-03   3.0908e+02
20230528_21:00:00   2.5804e-01   6.4755e+01   5.3525e+00   0.0000e+00   4.6158e-03   3.0783e+02
20230528_22:00:00   2.5606e-01   6.4374e+01   5.3022e+00   0.0000e+00   8.3952e-03   3.0874e+02
20230528_23:00:00   2.5507e-01   6.4194e+01   5.2437e+00   0.0000e+00   7.7502e-03   3.0925e+02
20230529_00:00:00   2.5836e-01   6.4880e+01   5.2669e+00   0.0000e+00   3.3201e-03   3.1244e+02
20230529_01:00:00   2.5583e-01   6.4322e+01   5.2034e+00   0.0000e+00   3.5345e-03   3.1625e+02
20230529_02:00:00   2.5585e-01   6.4413e+01   5.1609e+00   0.0000e+00   8.2390e-04   3.1764e+02
20230529_03:00:00   2.6658e-01   6.6589e+01   5.3649e+00   0.0000e+00   5.0538e-04   3.1649e+02
20230529_04:00:00   2.8830e-01   7.0821e+01   5.8014e+00   0.0000e+00   9.4471e-04   3.1825e+02
20230529_05:00:00   2.7713e-01   6.9023e+01   5.3943e+00   0.0000e+00   2.9120e-04   3.2265e+02
20230529_06:00:00   2.4518e-01   6.3098e+01   4.5128e+00   0.0000e+00   0.0000e+00   3.3051e+02
20230529_07:00:00   2.6672e-01   6.7725e+01   4.7532e+00   0.0000e+00   0.0000e+00   3.3219e+02
20230529_08:00:00   2.8739e-01   7.2044e+01   5.0832e+00   0.0000e+00   0.0000e+00   3.3319e+02
20230529_09:00:00   3.0322e-01   7.5257e+01   5.3497e+00   0.0000e+00   0.0000e+00   3.3412e+02
20230529_10:00:00   2.9618e-01   7.3852e+01   5.2833e+00   0.0000e+00   0.0000e+00   3.3003e+02
20230529_11:00:00   2.8441e-01   7.1480e+01   5.1233e+00   0.0000e+00   0.0000e+00   3.2681e+02
20230529_12:00:00   2.8335e-01   7.1222e+01   5.1392e+00   0.0000e+00   0.0000e+00   3.2394e+02
20230529_13:00:00   2.7161e-01   6.8862e+01   4.9844e+00   0.0000e+00   0.0000e+00   3.1973e+02
20230529_14:00:00   2.5662e-01   6.5712e+01   4.7987e+00   0.0000e+00   0.0000e+00   3.1504e+02
20230529_15:00:00   2.5306e-01   6.4966e+01   4.7734e+00   0.0000e+00   0.0000e+00   3.1382e+02
20230529_16:00:00   2.4973e-01   6.4237e+01   4.7721e+00   0.0000e+00   0.0000e+00   3.1060e+02
20230529_17:00:00   2.5421e-01   6.5050e+01   4.9280e+00   0.0000e+00   0.0000e+00   3.0771e+02
20230529_18:00:00   2.5183e-01   6.4451e+01   4.9529e+00   0.0000e+00   1.9936e-04   3.0665e+02
20230529_19:00:00   2.4056e-01   6.2054e+01   4.7877e+00   0.0000e+00   0.0000e+00   3.0761e+02
20230529_20:00:00   2.4194e-01   6.2215e+01   4.8657e+00   0.0000e+00   0.0000e+00   3.0804e+02
20230529_21:00:00   2.4374e-01   6.2319e+01   5.0315e+00   0.0000e+00   4.4526e-03   3.0927e+02
20230529_22:00:00   2.5083e-01   6.3592e+01   5.2621e+00   0.0000e+00   1.5407e-02   3.1163e+02
20230529_23:00:00   2.7851e-01   6.9141e+01   5.8722e+00   0.0000e+00   2.2612e-03   3.1114e+02
20230530_00:00:00   2.9051e-01   7.1618e+01   6.1358e+00   0.0000e+00   4.7980e-05   3.1168e+02
20230530_01:00:00   2.7296e-01   6.8354e+01   5.7257e+00   0.0000e+00   1.3678e-05   3.1229e+02
20230530_02:00:00   2.3741e-01   6.1433e+01   4.8106e+00   0.0000e+00   0.0000e+00   3.1176e+02
20230530_03:00:00   2.2341e-01   5.8662e+01   4.4169e+00   0.0000e+00   0.0000e+00   3.1130e+02
20230530_04:00:00   2.1750e-01   5.7501e+01   4.2628e+00   0.0000e+00   0.0000e+00   3.0986e+02
20230530_05:00:00   2.1233e-01   5.6470e+01   4.1276e+00   0.0000e+00   0.0000e+00   3.1005e+02
20230530_06:00:00   2.0338e-01   5.4626e+01   3.9106e+00   0.0000e+00   0.0000e+00   3.1002e+02
20230530_09:00:00   2.0325e-01   5.4506e+01   3.9994e+00   0.0000e+00   0.0000e+00   3.1105e+02
20230530_12:00:00   2.4646e-01   6.3249e+01   5.1383e+00   0.0000e+00   0.0000e+00   3.1168e+02
20230530_15:00:00   2.7695e-01   6.9267e+01   5.8236e+00   6.8110e-05   0.0000e+00   3.0805e+02
20230530_18:00:00   2.5739e-01   6.5385e+01   5.4762e+00   1.1720e-04   6.8580e-05   3.0642e+02
20230530_21:00:00   2.0310e-01   5.4031e+01   4.2985e+00   0.0000e+00   0.0000e+00   3.0904e+02
20230531_00:00:00   2.0194e-01   5.3790e+01   4.2876e+00   0.0000e+00   0.0000e+00   3.1020e+02
20230531_03:00:00   2.1486e-01   5.6848e+01   4.4632e+00   0.0000e+00   0.0000e+00   3.0928e+02
20230531_06:00:00   2.2913e-01   6.0468e+01   4.5099e+00   0.0000e+00   0.0000e+00   3.0763e+02
20230531_09:00:00   3.2686e-01   8.0468e+01   6.3697e+00   0.0000e+00   0.0000e+00   3.0791e+02
20230531_12:00:00   4.0489e-01   9.5123e+01   7.8293e+00   0.0000e+00   0.0000e+00   3.0644e+02
20230531_15:00:00   4.3794e-01   1.0115e+02   8.3576e+00   0.0000e+00   0.0000e+00   3.0673e+02
20230531_18:00:00   3.2334e-01   7.9761e+01   6.4280e+00   0.0000e+00   0.0000e+00   3.0542e+02
20230531_21:00:00   2.7620e-01   7.0207e+01   5.6546e+00   0.0000e+00   0.0000e+00   3.0620e+02
20230601_00:00:00   2.6827e-01   6.8474e+01   5.5261e+00   0.0000e+00   0.0000e+00   3.0604e+02
20230601_03:00:00   2.4660e-01   6.3760e+01   5.1129e+00   0.0000e+00   0.0000e+00   3.0323e+02
20230601_06:00:00   2.5011e-01   6.4454e+01   5.1811e+00   0.0000e+00   0.0000e+00   3.0533e+02
20230601_09:00:00   3.0697e-01   7.6120e+01   6.2287e+00   8.6720e-04   0.0000e+00   3.1000e+02
20230601_12:00:00   3.4629e-01   8.3483e+01   7.0869e+00   5.7200e-05   0.0000e+00   3.1100e+02
20230601_15:00:00   3.9262e-01   9.2162e+01   7.9646e+00   1.3748e-04   0.0000e+00   3.1337e+02
20230601_18:00:00   4.7357e-01   1.0647e+02   9.3934e+00   0.0000e+00   0.0000e+00   3.1691e+02
20230601_21:00:00   4.3480e-01   1.0034e+02   8.3331e+00   0.0000e+00   0.0000e+00   3.2093e+02
20230602_00:00:00   5.9852e-01   1.2692e+02   1.0990e+01   1.1780e-05   0.0000e+00   3.1757e+02
20230602_03:00:00   4.8453e-01   1.0905e+02   8.7162e+00   0.0000e+00   0.0000e+00   3.1556e+02
20230602_06:00:00   4.2596e-01   9.8992e+01   7.5539e+00   1.8149e-03   0.0000e+00   3.1690e+02
20230602_09:00:00   1.7723e-01   4.8589e+01   3.5603e+00   6.0580e-05   0.0000e+00   3.1609e+02
20230602_12:00:00   1.8941e-01   5.1038e+01   3.9521e+00   5.3800e-04   0.0000e+00   3.1426e+02
20230602_15:00:00   1.9667e-01   5.2949e+01   3.9179e+00   2.7250e-03   0.0000e+00   3.1066e+02
20230602_18:00:00   2.0101e-01   5.3909e+01   4.2024e+00   1.8210e-05   7.8800e-07   3.0758e+02
20230602_21:00:00   2.2541e-01   5.9212e+01   4.7067e+00   1.1890e-03   0.0000e+00   3.1068e+02
20230603_00:00:00   2.3510e-01   6.1159e+01   5.0323e+00   2.0570e-04   0.0000e+00   3.1001e+02
20230603_03:00:00   2.7033e-01   6.8371e+01   5.9231e+00   0.0000e+00   0.0000e+00   3.0683e+02
20230603_06:00:00   2.7249e-01   6.8917e+01   5.9180e+00   0.0000e+00   0.0000e+00   3.0786e+02
20230603_09:00:00   3.1054e-01   7.6492e+01   6.7587e+00   4.5020e-06   0.0000e+00   3.0588e+02
20230603_12:00:00   3.4386e-01   8.3070e+01   7.4590e+00   0.0000e+00   0.0000e+00   3.0515e+02
20230603_15:00:00   3.9381e-01   9.2674e+01   8.4116e+00   0.0000e+00   0.0000e+00   3.0346e+02
20230603_18:00:00   5.1514e-01   1.1438e+02   1.0454e+01   0.0000e+00   0.0000e+00   3.0146e+02
20230603_21:00:00   5.8565e-01   1.2597e+02   1.1661e+01   0.0000e+00   0.0000e+00   2.9942e+02
20230604_00:00:00   6.6665e-01   1.3788e+02   1.3196e+01   0.0000e+00   0.0000e+00   2.9701e+02
20230604_03:00:00   7.1054e-01   1.4379e+02   1.3958e+01   0.0000e+00   0.0000e+00   2.9696e+02
20230604_06:00:00   7.2491e-01   1.4580e+02   1.4108e+01   0.0000e+00   0.0000e+00   3.0020e+02
20230604_09:00:00   7.4997e-01   1.4910e+02   1.4451e+01   0.0000e+00   3.6344e-03   3.0084e+02
20230604_12:00:00   7.8599e-01   1.5372e+02   1.5198e+01   0.0000e+00   0.0000e+00   2.9966e+02
20230604_15:00:00   7.8168e-01   1.5336e+02   1.5093e+01   0.0000e+00   1.1702e-02   2.9582e+02
20230604_18:00:00   7.9587e-01   1.5522e+02   1.5435e+01   0.0000e+00   3.7372e-05   2.9611e+02
20230604_21:00:00   7.9546e-01   1.5487e+02   1.5717e+01   0.0000e+00   1.6459e-02   2.9494e+02
20230605_00:00:00   7.5004e-01   1.4884e+02   1.4957e+01   0.0000e+00   1.1486e-02   2.9279e+02
20230605_03:00:00   5.4988e-01   1.2044e+02   1.1145e+01   0.0000e+00   8.3475e-04   2.9440e+02
20230605_06:00:00   4.2248e-01   9.8564e+01   8.8548e+00   0.0000e+00   4.1190e-03   2.9585e+02
20230605_09:00:00   3.5055e-01   8.5451e+01   7.2798e+00   0.0000e+00   1.4668e-02   2.9654e+02
20230605_12:00:00   3.3502e-01   8.2539e+01   6.8386e+00   0.0000e+00   1.9371e-03   2.9355e+02
20230605_15:00:00   3.1187e-01   7.8080e+01   6.2565e+00   0.0000e+00   2.3564e-02   2.9162e+02
20230605_18:00:00   2.9010e-01   7.3666e+01   5.8661e+00   0.0000e+00   1.1502e-04   2.9219e+02
20230605_21:00:00   2.8004e-01   7.1570e+01   5.6096e+00   0.0000e+00   7.6260e-03   2.9500e+02
20230606_00:00:00   3.0951e-01   7.7416e+01   6.1468e+00   0.0000e+00   2.5949e-02   2.9470e+02
20230606_03:00:00   6.3217e-01   1.3222e+02   1.2106e+01   7.6860e-07   3.9910e-02   2.9967e+02
20230606_06:00:00   5.1670e-01   1.1282e+02   1.0764e+01   9.1180e-06   6.5569e-02   3.0407e+02
20230606_09:00:00   3.3686e-01   8.2832e+01   6.5932e+00   0.0000e+00   0.0000e+00   3.0680e+02
20230606_12:00:00   2.7467e-01   7.0279e+01   5.4356e+00   0.0000e+00   8.1280e-04   3.0831e+02
20230606_15:00:00   1.7973e-01   4.9185e+01   3.7421e+00   0.0000e+00   5.3520e-05   3.0863e+02
20230606_18:00:00   1.5526e-01   4.3492e+01   3.2494e+00   0.0000e+00   4.3960e-04   3.0972e+02
20230606_21:00:00   1.7034e-01   4.7514e+01   3.3996e+00   0.0000e+00   8.3130e-05   3.1567e+02
20230607_00:00:00   1.8676e-01   5.1464e+01   3.6475e+00   0.0000e+00   0.0000e+00   3.1769e+02
20230607_03:00:00   1.8974e-01   5.2099e+01   3.6573e+00   3.0040e-05   0.0000e+00   3.1752e+02
20230607_06:00:00   1.8798e-01   5.1667e+01   3.5856e+00   3.7610e-04   0.0000e+00   3.1800e+02
20230607_09:00:00   1.5844e-01   4.4790e+01   3.0419e+00   0.0000e+00   0.0000e+00   3.2481e+02
20230607_12:00:00   1.6515e-01   4.6367e+01   3.0003e+00   3.7240e-03   0.0000e+00   3.2825e+02
20230607_15:00:00   1.6469e-01   4.6149e+01   3.1430e+00   1.2760e-03   0.0000e+00   3.2583e+02
20230607_18:00:00   1.5264e-01   4.3407e+01   2.9184e+00   2.7890e-05   6.8841e-05   3.2123e+02
20230607_21:00:00   1.7656e-01   4.9131e+01   3.1137e+00   3.8800e-03   2.1717e-03   3.2039e+02
20230608_00:00:00   2.0695e-01   5.5843e+01   3.9251e+00   0.0000e+00   6.0107e-03   3.1942e+02
20230608_03:00:00   2.3682e-01   6.2246e+01   4.5214e+00   0.0000e+00   2.8526e-03   3.2188e+02
20230608_06:00:00   2.6032e-01   6.6798e+01   5.0432e+00   0.0000e+00   8.3680e-02   3.2216e+02
20230608_09:00:00   2.8819e-01   7.2423e+01   5.6868e+00   3.2180e-05   3.8592e-02   3.2677e+02
20230608_12:00:00   2.9623e-01   7.4010e+01   5.8521e+00   0.0000e+00   7.8923e-03   3.3128e+02
20230608_15:00:00   2.7507e-01   6.9913e+01   5.3785e+00   0.0000e+00   7.9720e-04   3.3493e+02
20230608_18:00:00   2.4747e-01   6.4566e+01   4.7355e+00   0.0000e+00   0.0000e+00   3.3236e+02
20230608_21:00:00   2.4881e-01   6.4643e+01   4.7882e+00   0.0000e+00   1.7784e-03   3.2919e+02
20230609_00:00:00   2.5484e-01   6.5628e+01   4.9590e+00   0.0000e+00   8.0925e-03   3.3174e+02
20230609_03:00:00   2.6450e-01   6.7326e+01   5.2514e+00   0.0000e+00   4.9462e-04   3.3085e+02
20230609_06:00:00   3.0725e-01   7.5362e+01   6.1449e+00   8.0000e-04   4.9888e-02   3.2922e+02
20230609_09:00:00   3.7428e-01   8.7730e+01   7.5749e+00   0.0000e+00   7.5687e-02   3.2955e+02
20230609_12:00:00   5.1274e-01   1.1122e+02   1.0092e+01   0.0000e+00   1.7492e-01   3.3461e+02
20230609_15:00:00   5.2949e-01   1.1462e+02   9.9718e+00   2.2540e-03   1.5034e-04   3.3770e+02
20230609_18:00:00   5.2056e-01   1.1329e+02   9.7882e+00   2.2320e-04   9.5976e-03   3.3074e+02
20230609_21:00:00   5.9130e-01   1.2412e+02   1.0820e+01   4.3770e-04   1.1868e-02   3.3342e+02
20230610_00:00:00   5.4058e-01   1.1678e+02   9.6082e+00   0.0000e+00   0.0000e+00   3.5134e+02
20230610_03:00:00   4.7930e-01   1.0680e+02   8.5252e+00   0.0000e+00   0.0000e+00   3.5295e+02
20230610_06:00:00   4.9305e-01   1.0900e+02   8.7385e+00   0.0000e+00   0.0000e+00   3.5160e+02
