#            date       tau255        Tb[K]      pwv[mm] lwp[kg*m^-2] iwp[kg*m^-2]       o3[DU]
20240310_18:00:00   1.9688e-01   5.2609e+01   3.8171e+00   2.0738e-03   2.0258e-03   3.0750e+02
20240310_19:00:00   1.8774e-01   5.0590e+01   3.6119e+00   2.3196e-03   3.3836e-05   3.0714e+02
20240310_20:00:00   1.7054e-01   4.6596e+01   3.3948e+00   1.7520e-04   1.3449e-04   3.0680e+02
20240310_21:00:00   1.6358e-01   4.5023e+01   3.2478e+00   7.7360e-05   7.0560e-07   3.0770e+02
20240310_22:00:00   1.6114e-01   4.4494e+01   3.1749e+00   2.3290e-04   0.0000e+00   3.0766e+02
20240310_23:00:00   1.5082e-01   4.2221e+01   2.9153e+00   5.8350e-04   0.0000e+00   3.0656e+02
20240311_00:00:00   1.4585e-01   4.1140e+01   2.7646e+00   1.0809e-03   0.0000e+00   3.0715e+02
20240311_01:00:00   1.3755e-01   3.9210e+01   2.6392e+00   1.0930e-05   0.0000e+00   3.1024e+02
20240311_02:00:00   1.3169e-01   3.7862e+01   2.5110e+00   2.0680e-05   4.9620e-05   3.1174e+02
20240311_03:00:00   1.3112e-01   3.7685e+01   2.5128e+00   2.6840e-05   1.0718e-03   3.1206e+02
20240311_04:00:00   1.3485e-01   3.8549e+01   2.5820e+00   5.3510e-08   2.0060e-03   3.1321e+02
20240311_05:00:00   1.3270e-01   3.8033e+01   2.5447e+00   0.0000e+00   2.5779e-03   3.1270e+02
20240311_06:00:00   1.3694e-01   3.9041e+01   2.6319e+00   0.0000e+00   2.1301e-03   3.1195e+02
20240311_07:00:00   1.4159e-01   4.0119e+01   2.7327e+00   0.0000e+00   2.5565e-03   3.1148e+02
20240311_08:00:00   1.5123e-01   4.2382e+01   2.9154e+00   2.5350e-05   4.8290e-04   3.1263e+02
20240311_09:00:00   1.5610e-01   4.3507e+01   3.0022e+00   1.3710e-04   3.2655e-04   3.1317e+02
20240311_10:00:00   1.5820e-01   4.4032e+01   3.0240e+00   0.0000e+00   2.1045e-04   3.1365e+02
20240311_11:00:00   1.5241e-01   4.2599e+01   2.9393e+00   9.8660e-04   3.2305e-04   3.1240e+02
20240311_12:00:00   1.8441e-01   4.9529e+01   3.5985e+00   3.1070e-03   1.2029e-03   3.1442e+02
20240311_13:00:00   2.2991e-01   5.8940e+01   4.6634e+00   2.5468e-03   1.7134e-02   3.1320e+02
20240311_14:00:00   2.6477e-01   6.6344e+01   5.2045e+00   5.1568e-03   1.0612e-02   3.1034e+02
20240311_15:00:00   2.8891e-01   7.1411e+01   5.4270e+00   9.7345e-03   1.8546e-03   3.1440e+02
20240311_16:00:00   3.7040e-01   8.7911e+01   5.4112e+00   4.1022e-02   9.6224e-05   3.1648e+02
20240311_17:00:00   2.8168e-01   7.0258e+01   4.9590e+00   1.6008e-02   5.8968e-05   3.1666e+02
20240311_18:00:00   2.3963e-01   6.1463e+01   4.3903e+00   1.1150e-02   6.8634e-04   3.1481e+02
20240311_19:00:00   2.2862e-01   5.9126e+01   4.0361e+00   1.3720e-02   1.0990e-03   3.1397e+02
20240311_20:00:00   1.9116e-01   5.0495e+01   4.0003e+00   1.9780e-04   1.0992e-02   3.1380e+02
20240311_21:00:00   1.8979e-01   5.0167e+01   3.9523e+00   6.0700e-04   6.1133e-03   3.1429e+02
20240311_22:00:00   1.9225e-01   5.0729e+01   3.9462e+00   1.5300e-03   6.8959e-03   3.1251e+02
20240311_23:00:00   1.8623e-01   4.9257e+01   3.9257e+00   9.7410e-07   9.9429e-03   3.1290e+02
20240312_00:00:00   1.9519e-01   5.1149e+01   4.1245e+00   2.3030e-06   9.3005e-03   3.1271e+02
20240312_01:00:00   1.8542e-01   4.9045e+01   3.9106e+00   0.0000e+00   8.8078e-03   3.1506e+02
20240312_02:00:00   1.9967e-01   5.1885e+01   4.2511e+00   0.0000e+00   2.1473e-02   3.1567e+02
20240312_03:00:00   1.7970e-01   4.7753e+01   3.8075e+00   0.0000e+00   1.3204e-04   3.1499e+02
20240312_04:00:00   1.8342e-01   4.8573e+01   3.8745e+00   0.0000e+00   1.8657e-04   3.1562e+02
20240312_05:00:00   2.0249e-01   5.2600e+01   4.2976e+00   0.0000e+00   2.2447e-04   3.1703e+02
20240312_06:00:00   1.9253e-01   5.0607e+01   4.0597e+00   0.0000e+00   1.6090e-06   3.1935e+02
20240312_07:00:00   1.9504e-01   5.1334e+01   4.0925e+00   0.0000e+00   0.0000e+00   3.2032e+02
20240312_08:00:00   1.8354e-01   4.9197e+01   3.7774e+00   0.0000e+00   0.0000e+00   3.2635e+02
20240312_09:00:00   1.8022e-01   4.8615e+01   3.6907e+00   0.0000e+00   0.0000e+00   3.2831e+02
20240312_10:00:00   1.9084e-01   5.1051e+01   3.9143e+00   0.0000e+00   0.0000e+00   3.3009e+02
20240312_11:00:00   2.0256e-01   5.3714e+01   4.1655e+00   0.0000e+00   0.0000e+00   3.2976e+02
20240312_12:00:00   2.2047e-01   5.7509e+01   4.5851e+00   0.0000e+00   0.0000e+00   3.3041e+02
20240312_13:00:00   2.4602e-01   6.2971e+01   5.1388e+00   0.0000e+00   0.0000e+00   3.3177e+02
20240312_14:00:00   2.8802e-01   7.1508e+01   6.0189e+00   0.0000e+00   4.5780e-04   3.3191e+02
20240312_15:00:00   3.3448e-01   8.0689e+01   6.9015e+00   5.1570e-04   1.9416e-03   3.3392e+02
20240312_16:00:00   3.7897e-01   8.9036e+01   7.7557e+00   9.3820e-04   6.7210e-03   3.3438e+02
20240312_17:00:00   3.5898e-01   8.5286e+01   7.4133e+00   3.9330e-04   2.2731e-02   3.3448e+02
20240312_18:00:00   3.5807e-01   8.5296e+01   7.3751e+00   4.8660e-05   4.7410e-03   3.2890e+02
20240312_19:00:00   3.9039e-01   9.1669e+01   7.8673e+00   0.0000e+00   1.2399e-03   3.2432e+02
20240312_20:00:00   4.6315e-01   1.0481e+02   9.0985e+00   0.0000e+00   6.0787e-03   3.1692e+02
20240312_21:00:00   4.9521e-01   1.1050e+02   9.5241e+00   0.0000e+00   3.0474e-03   3.1181e+02
20240312_22:00:00   5.1761e-01   1.1439e+02   9.8249e+00   0.0000e+00   5.7701e-05   3.0806e+02
20240312_23:00:00   5.2207e-01   1.1523e+02   9.8305e+00   0.0000e+00   1.3676e-03   3.0704e+02
20240313_00:00:00   5.0306e-01   1.1225e+02   9.3562e+00   0.0000e+00   0.0000e+00   3.0387e+02
20240313_01:00:00   4.9502e-01   1.1089e+02   9.2215e+00   0.0000e+00   6.1240e-06   3.0426e+02
20240313_02:00:00   4.9632e-01   1.1102e+02   9.3002e+00   0.0000e+00   1.1215e-03   3.0135e+02
20240313_03:00:00   4.9805e-01   1.1121e+02   9.3666e+00   0.0000e+00   3.6019e-04   3.0072e+02
20240313_04:00:00   5.0451e-01   1.1218e+02   9.5568e+00   0.0000e+00   6.0564e-04   2.9990e+02
20240313_05:00:00   5.1677e-01   1.1414e+02   9.7632e+00   0.0000e+00   1.4012e-07   2.9990e+02
20240313_06:00:00   5.1416e-01   1.1366e+02   9.7574e+00   0.0000e+00   3.2105e-03   3.0010e+02
20240313_07:00:00   4.7376e-01   1.0683e+02   9.1685e+00   0.0000e+00   3.5644e-03   3.0015e+02
20240313_08:00:00   4.1874e-01   9.7130e+01   8.2565e+00   0.0000e+00   3.6400e-03   2.9929e+02
20240313_09:00:00   3.5561e-01   8.5641e+01   7.0914e+00   0.0000e+00   6.1760e-05   3.0010e+02
20240313_10:00:00   3.0936e-01   7.6850e+01   6.1745e+00   0.0000e+00   8.6150e-06   2.9941e+02
20240313_11:00:00   2.9087e-01   7.3332e+01   5.7370e+00   0.0000e+00   3.1600e-05   3.0025e+02
20240313_12:00:00   2.9791e-01   7.4966e+01   5.7517e+00   0.0000e+00   0.0000e+00   3.0218e+02
20240313_13:00:00   3.3073e-01   8.1699e+01   6.2123e+00   0.0000e+00   0.0000e+00   3.0251e+02
20240313_14:00:00   3.7382e-01   9.0183e+01   6.4680e+00   9.6560e-03   0.0000e+00   3.0188e+02
20240313_15:00:00   4.0173e-01   9.5515e+01   6.7663e+00   1.3760e-02   0.0000e+00   3.0020e+02
20240313_16:00:00   3.7468e-01   9.0517e+01   6.8288e+00   3.0710e-03   0.0000e+00   2.9996e+02
20240313_17:00:00   3.6097e-01   8.7938e+01   6.6302e+00   3.5690e-03   0.0000e+00   3.0068e+02
20240313_18:00:00   3.1505e-01   7.8975e+01   5.9988e+00   1.2766e-03   0.0000e+00   2.9959e+02
20240313_19:00:00   2.9422e-01   7.4785e+01   5.5606e+00   2.9460e-03   0.0000e+00   2.9925e+02
20240313_20:00:00   2.5854e-01   6.7313e+01   5.0663e+00   0.0000e+00   0.0000e+00   2.9879e+02
20240313_21:00:00   2.3935e-01   6.3220e+01   4.7075e+00   0.0000e+00   0.0000e+00   2.9666e+02
20240313_22:00:00   2.2396e-01   5.9847e+01   4.4314e+00   0.0000e+00   0.0000e+00   2.9680e+02
20240313_23:00:00   2.1489e-01   5.7836e+01   4.2635e+00   9.4200e-06   0.0000e+00   2.9758e+02
20240314_00:00:00   2.0827e-01   5.6380e+01   4.1360e+00   6.7340e-06   0.0000e+00   2.9841e+02
20240314_01:00:00   2.0524e-01   5.5696e+01   4.0414e+00   6.3450e-04   5.7040e-07   2.9739e+02
20240314_02:00:00   2.0076e-01   5.4697e+01   3.9148e+00   1.6360e-03   4.3420e-05   2.9696e+02
20240314_03:00:00   1.9390e-01   5.3083e+01   3.8865e+00   0.0000e+00   8.8620e-04   2.9616e+02
20240314_04:00:00   1.9585e-01   5.3461e+01   3.9651e+00   0.0000e+00   3.1180e-04   2.9641e+02
20240314_05:00:00   1.9840e-01   5.3963e+01   4.0496e+00   0.0000e+00   1.6230e-05   2.9695e+02
20240314_06:00:00   2.0496e-01   5.5312e+01   4.2466e+00   0.0000e+00   3.8820e-06   2.9736e+02
20240314_07:00:00   2.0981e-01   5.6241e+01   4.4130e+00   0.0000e+00   0.0000e+00   2.9770e+02
20240314_08:00:00   2.1449e-01   5.7142e+01   4.5675e+00   0.0000e+00   0.0000e+00   2.9646e+02
20240314_09:00:00   2.2043e-01   5.8396e+01   4.7127e+00   0.0000e+00   0.0000e+00   2.9618e+02
20240314_10:00:00   2.2255e-01   5.8822e+01   4.7685e+00   1.0160e-04   0.0000e+00   2.9590e+02
20240314_11:00:00   2.2167e-01   5.8641e+01   4.7566e+00   1.0460e-05   0.0000e+00   2.9650e+02
20240314_12:00:00   2.2460e-01   5.9353e+01   4.7998e+00   1.2620e-06   0.0000e+00   2.9673e+02
20240314_13:00:00   2.3463e-01   6.1545e+01   5.0029e+00   6.8490e-06   0.0000e+00   2.9682e+02
20240314_14:00:00   2.4092e-01   6.2923e+01   5.1301e+00   4.0350e-05   0.0000e+00   2.9523e+02
20240314_15:00:00   2.4826e-01   6.4534e+01   5.2691e+00   5.9970e-06   0.0000e+00   2.9345e+02
20240314_16:00:00   2.5240e-01   6.5439e+01   5.3469e+00   5.9850e-06   0.0000e+00   2.9140e+02
20240314_17:00:00   2.5644e-01   6.6298e+01   5.4364e+00   8.0180e-07   0.0000e+00   2.8999e+02
20240314_18:00:00   2.6130e-01   6.7338e+01   5.5388e+00   6.9410e-06   0.0000e+00   2.9116e+02
20240314_19:00:00   2.6292e-01   6.7637e+01   5.6031e+00   0.0000e+00   0.0000e+00   2.9108e+02
20240314_20:00:00   2.6434e-01   6.7863e+01   5.6555e+00   0.0000e+00   0.0000e+00   2.9176e+02
20240314_21:00:00   2.6432e-01   6.7798e+01   5.6638e+00   0.0000e+00   0.0000e+00   2.9253e+02
20240314_22:00:00   2.6283e-01   6.7405e+01   5.6438e+00   0.0000e+00   0.0000e+00   2.9115e+02
20240314_23:00:00   2.6087e-01   6.6945e+01   5.6074e+00   0.0000e+00   0.0000e+00   2.9084e+02
20240315_00:00:00   2.5773e-01   6.6298e+01   5.5304e+00   0.0000e+00   0.0000e+00   2.8940e+02
20240315_01:00:00   2.5166e-01   6.5063e+01   5.3804e+00   0.0000e+00   0.0000e+00   2.8799e+02
20240315_02:00:00   2.4447e-01   6.3580e+01   5.2054e+00   0.0000e+00   0.0000e+00   2.8758e+02
20240315_03:00:00   2.3520e-01   6.1633e+01   4.9845e+00   0.0000e+00   0.0000e+00   2.8845e+02
20240315_04:00:00   2.2353e-01   5.9153e+01   4.7189e+00   0.0000e+00   0.0000e+00   2.8876e+02
20240315_05:00:00   2.1077e-01   5.6453e+01   4.4050e+00   0.0000e+00   0.0000e+00   2.8771e+02
20240315_06:00:00   1.9717e-01   5.3547e+01   4.0496e+00   0.0000e+00   0.0000e+00   2.8529e+02
20240315_07:00:00   1.8537e-01   5.0944e+01   3.7748e+00   0.0000e+00   0.0000e+00   2.8419e+02
20240315_08:00:00   1.8070e-01   4.9907e+01   3.6549e+00   0.0000e+00   0.0000e+00   2.8197e+02
20240315_09:00:00   1.7866e-01   4.9435e+01   3.6030e+00   0.0000e+00   0.0000e+00   2.8086e+02
20240315_10:00:00   1.7317e-01   4.8200e+01   3.4885e+00   0.0000e+00   0.0000e+00   2.7952e+02
20240315_11:00:00   1.6919e-01   4.7243e+01   3.4258e+00   0.0000e+00   0.0000e+00   2.7645e+02
20240315_12:00:00   1.6555e-01   4.6346e+01   3.3690e+00   0.0000e+00   0.0000e+00   2.7609e+02
20240315_13:00:00   1.6556e-01   4.6292e+01   3.3859e+00   0.0000e+00   0.0000e+00   2.7543e+02
20240315_14:00:00   1.6810e-01   4.6835e+01   3.4517e+00   0.0000e+00   7.7640e-06   2.7307e+02
20240315_15:00:00   1.7208e-01   4.7750e+01   3.5279e+00   0.0000e+00   0.0000e+00   2.7163e+02
20240315_16:00:00   1.7383e-01   4.8157e+01   3.5645e+00   0.0000e+00   0.0000e+00   2.6998e+02
20240315_17:00:00   1.6970e-01   4.7231e+01   3.4791e+00   0.0000e+00   0.0000e+00   2.6891e+02
20240315_18:00:00   1.6678e-01   4.6585e+01   3.4146e+00   0.0000e+00   0.0000e+00   2.6820e+02
20240315_21:00:00   1.4881e-01   4.2386e+01   3.0369e+00   0.0000e+00   0.0000e+00   2.6741e+02
20240316_00:00:00   1.3637e-01   3.9434e+01   2.7668e+00   0.0000e+00   8.5040e-05   2.6244e+02
20240316_03:00:00   1.3212e-01   3.8501e+01   2.6363e+00   0.0000e+00   0.0000e+00   2.5988e+02
20240316_06:00:00   1.3017e-01   3.8067e+01   2.5762e+00   0.0000e+00   0.0000e+00   2.6046e+02
20240316_09:00:00   1.3272e-01   3.8688e+01   2.6191e+00   0.0000e+00   0.0000e+00   2.5758e+02
20240316_12:00:00   1.3748e-01   3.9869e+01   2.7087e+00   0.0000e+00   0.0000e+00   2.5573e+02
20240316_15:00:00   1.5433e-01   4.3991e+01   3.0323e+00   0.0000e+00   0.0000e+00   2.5402e+02
20240316_18:00:00   1.4457e-01   4.1660e+01   2.8475e+00   0.0000e+00   0.0000e+00   2.5350e+02
20240316_21:00:00   1.4459e-01   4.1588e+01   2.8671e+00   0.0000e+00   0.0000e+00   2.5288e+02
20240317_00:00:00   1.4438e-01   4.1444e+01   2.8703e+00   0.0000e+00   0.0000e+00   2.5386e+02
20240317_03:00:00   1.4583e-01   4.1721e+01   2.8976e+00   0.0000e+00   0.0000e+00   2.5299e+02
20240317_06:00:00   1.6573e-01   4.6349e+01   3.3159e+00   0.0000e+00   0.0000e+00   2.5457e+02
20240317_09:00:00   2.0012e-01   5.4255e+01   3.9807e+00   0.0000e+00   0.0000e+00   2.5677e+02
20240317_12:00:00   2.1661e-01   5.7963e+01   4.2804e+00   0.0000e+00   0.0000e+00   2.5825e+02
20240317_15:00:00   2.2876e-01   6.0749e+01   4.5018e+00   0.0000e+00   0.0000e+00   2.5708e+02
20240317_18:00:00   2.1487e-01   5.7665e+01   4.2529e+00   0.0000e+00   0.0000e+00   2.6065e+02
20240317_21:00:00   2.1083e-01   5.6717e+01   4.1731e+00   0.0000e+00   0.0000e+00   2.6398e+02
20240318_00:00:00   2.0471e-01   5.5291e+01   4.0375e+00   0.0000e+00   0.0000e+00   2.6478e+02
20240318_03:00:00   2.2486e-01   5.9652e+01   4.4355e+00   0.0000e+00   5.7040e-07   2.6589e+02
20240318_06:00:00   2.3468e-01   6.1655e+01   4.6406e+00   0.0000e+00   1.1708e-04   2.6742e+02
20240318_09:00:00   2.3287e-01   6.1201e+01   4.6265e+00   0.0000e+00   1.7230e-05   2.7134e+02
20240318_12:00:00   2.4365e-01   6.3484e+01   4.8677e+00   0.0000e+00   2.1060e-03   2.7205e+02
20240318_15:00:00   2.5350e-01   6.5375e+01   5.1469e+00   0.0000e+00   1.7136e-03   2.7241e+02
20240318_18:00:00   2.3972e-01   6.2133e+01   4.9660e+00   0.0000e+00   2.2227e-03   2.7393e+02
20240318_21:00:00   2.3587e-01   6.1206e+01   4.8725e+00   0.0000e+00   2.6756e-03   2.7928e+02
20240319_00:00:00   2.3797e-01   6.1795e+01   4.8451e+00   0.0000e+00   1.0780e-04   2.8273e+02
20240319_03:00:00   2.6754e-01   6.7858e+01   5.4382e+00   0.0000e+00   5.1148e-03   2.8318e+02
20240319_06:00:00   2.5433e-01   6.4925e+01   5.2142e+00   0.0000e+00   8.7997e-03   2.8387e+02
20240319_09:00:00   2.6044e-01   6.5944e+01   5.3810e+00   0.0000e+00   2.4018e-02   2.9044e+02
20240319_12:00:00   2.5762e-01   6.5402e+01   5.3152e+00   0.0000e+00   7.1746e-04   2.8844e+02
20240319_15:00:00   2.5316e-01   6.4585e+01   5.2170e+00   0.0000e+00   1.8560e-04   2.8671e+02
20240319_18:00:00   2.3237e-01   6.0515e+01   4.7437e+00   0.0000e+00   0.0000e+00   2.8450e+02
20240319_21:00:00   1.9338e-01   5.2423e+01   3.8495e+00   0.0000e+00   3.6719e-05   2.8578e+02
20240320_00:00:00   1.8693e-01   5.0803e+01   3.7705e+00   0.0000e+00   3.9800e-03   2.8800e+02
20240320_03:00:00   2.5730e-01   6.5828e+01   5.2672e+00   0.0000e+00   4.3634e-03   2.8689e+02
20240320_06:00:00   2.7393e-01   6.9262e+01   5.5936e+00   0.0000e+00   4.7065e-03   2.8603e+02
20240320_09:00:00   2.9037e-01   7.2565e+01   5.9603e+00   0.0000e+00   2.4015e-02   2.9199e+02
20240320_12:00:00   3.1024e-01   7.6313e+01   6.4116e+00   0.0000e+00   4.3544e-02   2.9470e+02
20240320_15:00:00   2.9686e-01   7.3932e+01   6.1203e+00   0.0000e+00   5.2116e-03   2.9348e+02
20240320_18:00:00   2.6808e-01   6.8356e+01   5.4995e+00   0.0000e+00   5.2200e-03   2.9232e+02
20240320_21:00:00   2.2700e-01   5.9950e+01   4.6045e+00   0.0000e+00   1.0106e-03   2.9298e+02
20240321_00:00:00   2.7819e-01   7.0515e+01   5.6357e+00   0.0000e+00   1.6570e-04   2.9513e+02
20240321_03:00:00   2.9722e-01   7.4082e+01   6.0465e+00   0.0000e+00   3.5520e-07   2.9380e+02
20240321_06:00:00   3.3216e-01   8.0518e+01   6.7580e+00   0.0000e+00   9.8438e-03   2.9581e+02
20240321_09:00:00   3.2916e-01   8.0194e+01   6.6581e+00   0.0000e+00   3.5716e-04   3.0458e+02
20240321_12:00:00   3.4363e-01   8.2873e+01   6.9929e+00   0.0000e+00   9.0420e-06   3.0634e+02
20240321_15:00:00   3.7989e-01   8.9555e+01   7.7257e+00   0.0000e+00   1.0326e-03   3.0939e+02
20240321_18:00:00   3.9420e-01   9.2051e+01   7.9827e+00   0.0000e+00   3.3829e-02   3.1522e+02
20240321_21:00:00   3.3696e-01   8.1588e+01   6.9020e+00   0.0000e+00   1.2943e-03   3.1947e+02
20240322_00:00:00   3.8275e-01   8.9666e+01   7.8168e+00   0.0000e+00   4.8911e-02   3.2171e+02
20240322_03:00:00   4.0888e-01   9.4202e+01   8.3058e+00   0.0000e+00   3.7151e-02   3.0966e+02
20240322_06:00:00   4.1592e-01   9.5375e+01   8.2685e+00   3.2645e-03   2.3842e-02   2.9824e+02
20240322_09:00:00   4.3042e-01   9.8266e+01   8.5939e+00   0.0000e+00   4.3532e-03   3.0088e+02
20240322_12:00:00   4.3579e-01   9.9403e+01   8.6651e+00   0.0000e+00   1.6889e-02   3.0361e+02
20240322_15:00:00   4.2342e-01   9.7165e+01   8.4923e+00   0.0000e+00   1.6556e-03   3.0092e+02
20240322_18:00:00   4.4546e-01   1.0079e+02   8.8734e+00   4.5320e-04   2.3178e-02   2.9532e+02
20240322_21:00:00   4.2477e-01   9.7425e+01   8.4507e+00   2.3322e-04   4.9384e-03   2.9547e+02
20240323_00:00:00   4.3575e-01   9.8888e+01   8.6214e+00   1.1401e-03   3.5797e-02   2.9577e+02
20240323_03:00:00   6.0780e-01   1.2603e+02   1.1303e+01   1.0750e-03   6.9134e-01   2.9708e+02
20240323_06:00:00   5.2787e-01   1.1390e+02   1.0095e+01   0.0000e+00   5.4911e-01   2.9662e+02
20240323_09:00:00   6.3126e-01   1.2923e+02   1.1656e+01   0.0000e+00   5.4534e-01   3.0468e+02
20240323_12:00:00   5.2419e-01   1.1381e+02   9.9781e+00   7.8439e-04   7.9639e-02   3.1244e+02
20240323_15:00:00   5.6865e-01   1.2089e+02   1.0165e+01   1.0253e-02   7.1712e-02   3.1452e+02
20240323_18:00:00   4.7786e-01   1.0696e+02   9.0326e+00   0.0000e+00   2.7011e-04   3.0446e+02
20240323_21:00:00   3.4540e-01   8.3619e+01   6.5839e+00   0.0000e+00   0.0000e+00   3.0061e+02
20240324_00:00:00   3.0107e-01   7.5069e+01   5.7255e+00   0.0000e+00   0.0000e+00   2.9656e+02
20240324_03:00:00   2.8715e-01   7.2469e+01   5.3736e+00   0.0000e+00   0.0000e+00   2.9256e+02
20240324_06:00:00   2.5850e-01   6.6643e+01   4.8300e+00   0.0000e+00   2.3519e-03   2.8569e+02
20240324_09:00:00   2.4040e-01   6.2822e+01   4.5144e+00   0.0000e+00   2.5344e-03   2.8565e+02
20240324_12:00:00   2.3010e-01   6.0275e+01   4.4448e+00   0.0000e+00   3.5231e-02   2.8751e+02
20240324_15:00:00   2.3612e-01   6.1261e+01   4.7217e+00   0.0000e+00   1.3744e-02   2.9055e+02
20240324_18:00:00   2.3431e-01   6.0520e+01   4.8105e+00   0.0000e+00   7.5926e-03   2.9717e+02
20240324_21:00:00   2.4852e-01   6.3234e+01   5.1999e+00   0.0000e+00   1.1798e-02   2.9325e+02
20240325_00:00:00   2.4418e-01   6.2433e+01   5.0605e+00   0.0000e+00   2.9110e-03   2.9327e+02
20240325_03:00:00   2.4240e-01   6.2159e+01   5.0007e+00   0.0000e+00   2.1689e-03   2.8777e+02
20240325_06:00:00   2.6255e-01   6.6456e+01   5.4136e+00   0.0000e+00   0.0000e+00   2.8832e+02
20240325_09:00:00   2.8338e-01   7.0742e+01   5.8482e+00   0.0000e+00   0.0000e+00   2.9085e+02
20240325_12:00:00   3.0073e-01   7.4494e+01   6.1363e+00   0.0000e+00   0.0000e+00   2.9118e+02
20240325_15:00:00   3.3997e-01   8.2280e+01   6.8453e+00   0.0000e+00   0.0000e+00   2.9021e+02
20240325_18:00:00   3.2592e-01   7.9668e+01   6.5753e+00   1.4960e-06   0.0000e+00   2.8877e+02
20240325_21:00:00   3.1544e-01   7.7499e+01   6.4159e+00   0.0000e+00   1.0831e-04   2.9072e+02
20240326_00:00:00   2.9050e-01   7.2703e+01   5.8813e+00   0.0000e+00   4.1615e-05   2.9304e+02
20240326_03:00:00   2.6618e-01   6.7611e+01   5.4067e+00   0.0000e+00   3.0054e-03   2.9550e+02
20240326_06:00:00   2.5945e-01   6.5828e+01   5.3385e+00   0.0000e+00   2.5001e-04   3.0124e+02
20240326_09:00:00   2.3705e-01   6.1333e+01   4.8155e+00   0.0000e+00   8.4720e-06   3.0398e+02
20240326_12:00:00   2.3016e-01   5.9752e+01   4.6504e+00   1.5130e-05   2.7612e-03   3.0201e+02
20240326_15:00:00   2.5711e-01   6.5337e+01   5.1847e+00   0.0000e+00   2.2409e-02   2.9856e+02
20240326_18:00:00   2.4793e-01   6.3327e+01   5.0510e+00   0.0000e+00   5.5499e-03   3.0525e+02
