#            date       tau255        Tb[K]      pwv[mm] lwp[kg*m^-2] iwp[kg*m^-2]       o3[DU]
20240930_18:00:00   3.9157e-01   9.3547e+01   8.0722e+00   0.0000e+00   2.4533e-03   2.8557e+02
20240930_19:00:00   3.9086e-01   9.3459e+01   8.0449e+00   0.0000e+00   4.2276e-04   2.8347e+02
20240930_20:00:00   3.9101e-01   9.3508e+01   8.0310e+00   0.0000e+00   0.0000e+00   2.8168e+02
20240930_21:00:00   3.8107e-01   9.1711e+01   7.8253e+00   0.0000e+00   0.0000e+00   2.8173e+02
20240930_22:00:00   3.7071e-01   8.9857e+01   7.5830e+00   0.0000e+00   0.0000e+00   2.8077e+02
20240930_23:00:00   3.6712e-01   8.9219e+01   7.4792e+00   0.0000e+00   0.0000e+00   2.7679e+02
20241001_00:00:00   3.6669e-01   8.9159e+01   7.4690e+00   0.0000e+00   0.0000e+00   2.7730e+02
20241001_01:00:00   3.6600e-01   8.9009e+01   7.4812e+00   0.0000e+00   0.0000e+00   2.8144e+02
20241001_02:00:00   3.6659e-01   8.9121e+01   7.4933e+00   0.0000e+00   0.0000e+00   2.8374e+02
20241001_03:00:00   3.7092e-01   8.9956e+01   7.5588e+00   0.0000e+00   0.0000e+00   2.8318e+02
20241001_04:00:00   3.7347e-01   9.0389e+01   7.6090e+00   0.0000e+00   0.0000e+00   2.8366e+02
20241001_05:00:00   3.7418e-01   9.0510e+01   7.6105e+00   0.0000e+00   0.0000e+00   2.8373e+02
20241001_06:00:00   3.7382e-01   9.0443e+01   7.5918e+00   0.0000e+00   0.0000e+00   2.8421e+02
20241001_07:00:00   3.7369e-01   9.0432e+01   7.5730e+00   0.0000e+00   0.0000e+00   2.8515e+02
20241001_08:00:00   3.7227e-01   9.0188e+01   7.5376e+00   0.0000e+00   0.0000e+00   2.8592e+02
20241001_09:00:00   3.6536e-01   8.8895e+01   7.4159e+00   0.0000e+00   0.0000e+00   2.8588e+02
20241001_10:00:00   3.6219e-01   8.8294e+01   7.3494e+00   0.0000e+00   0.0000e+00   2.8583e+02
20241001_11:00:00   3.6039e-01   8.7957e+01   7.3109e+00   0.0000e+00   1.4012e-07   2.8565e+02
20241001_12:00:00   3.5626e-01   8.7176e+01   7.2331e+00   0.0000e+00   0.0000e+00   2.8566e+02
20241001_13:00:00   3.5038e-01   8.6052e+01   7.1332e+00   0.0000e+00   0.0000e+00   2.8259e+02
20241001_14:00:00   3.5065e-01   8.6114e+01   7.1305e+00   0.0000e+00   0.0000e+00   2.8075e+02
20241001_15:00:00   3.4321e-01   8.4638e+01   7.0095e+00   0.0000e+00   0.0000e+00   2.7947e+02
20241001_16:00:00   3.3495e-01   8.3006e+01   6.8678e+00   0.0000e+00   0.0000e+00   2.7933e+02
20241001_17:00:00   3.3036e-01   8.2142e+01   6.7856e+00   0.0000e+00   0.0000e+00   2.7765e+02
20241001_18:00:00   3.2662e-01   8.1448e+01   6.7129e+00   0.0000e+00   0.0000e+00   2.7626e+02
20241001_19:00:00   3.2387e-01   8.0927e+01   6.6523e+00   0.0000e+00   0.0000e+00   2.7626e+02
20241001_20:00:00   3.2660e-01   8.1508e+01   6.6923e+00   0.0000e+00   0.0000e+00   2.7830e+02
20241001_21:00:00   3.3113e-01   8.2419e+01   6.7590e+00   0.0000e+00   9.1080e-07   2.7864e+02
20241001_22:00:00   3.3000e-01   8.2208e+01   6.7312e+00   0.0000e+00   1.1070e-05   2.8086e+02
20241001_23:00:00   3.2278e-01   8.0765e+01   6.5947e+00   0.0000e+00   5.6060e-06   2.8333e+02
20241002_00:00:00   3.1213e-01   7.8575e+01   6.3986e+00   0.0000e+00   1.4012e-07   2.8224e+02
20241002_01:00:00   2.9699e-01   7.5435e+01   6.1212e+00   0.0000e+00   0.0000e+00   2.8168e+02
20241002_02:00:00   2.7847e-01   7.1546e+01   5.7626e+00   0.0000e+00   0.0000e+00   2.8053e+02
20241002_03:00:00   2.5663e-01   6.6873e+01   5.3440e+00   0.0000e+00   0.0000e+00   2.8030e+02
20241002_04:00:00   2.3513e-01   6.2122e+01   4.9454e+00   0.0000e+00   0.0000e+00   2.8014e+02
20241002_05:00:00   2.1552e-01   5.7698e+01   4.5685e+00   0.0000e+00   0.0000e+00   2.7978e+02
20241002_06:00:00   2.0087e-01   5.4361e+01   4.2720e+00   0.0000e+00   0.0000e+00   2.8084e+02
20241002_07:00:00   1.8946e-01   5.1730e+01   4.0404e+00   0.0000e+00   0.0000e+00   2.8352e+02
20241002_08:00:00   1.8378e-01   5.0408e+01   3.9218e+00   0.0000e+00   0.0000e+00   2.8575e+02
20241002_09:00:00   1.8016e-01   4.9582e+01   3.8435e+00   0.0000e+00   0.0000e+00   2.8717e+02
20241002_10:00:00   1.8205e-01   5.0036e+01   3.8814e+00   0.0000e+00   0.0000e+00   2.8670e+02
20241002_11:00:00   1.8604e-01   5.0948e+01   3.9744e+00   0.0000e+00   0.0000e+00   2.8527e+02
20241002_12:00:00   1.8872e-01   5.1558e+01   4.0447e+00   0.0000e+00   0.0000e+00   2.8337e+02
20241002_13:00:00   1.9007e-01   5.1884e+01   4.0755e+00   0.0000e+00   0.0000e+00   2.8107e+02
20241002_14:00:00   1.9634e-01   5.3361e+01   4.1967e+00   0.0000e+00   0.0000e+00   2.7979e+02
20241002_15:00:00   1.9790e-01   5.3745e+01   4.2273e+00   0.0000e+00   0.0000e+00   2.7908e+02
20241002_16:00:00   2.0089e-01   5.4450e+01   4.2831e+00   0.0000e+00   0.0000e+00   2.8113e+02
20241002_17:00:00   2.0975e-01   5.6502e+01   4.4431e+00   0.0000e+00   0.0000e+00   2.8213e+02
20241002_18:00:00   2.1459e-01   5.7667e+01   4.5209e+00   0.0000e+00   9.1760e-04   2.8152e+02
20241002_19:00:00   2.2561e-01   6.0223e+01   4.6888e+00   0.0000e+00   6.8600e-03   2.8283e+02
20241002_20:00:00   2.2612e-01   6.0396e+01   4.6736e+00   0.0000e+00   1.0460e-02   2.8514e+02
20241002_21:00:00   2.2729e-01   6.0670e+01   4.6827e+00   0.0000e+00   8.6581e-03   2.8354e+02
20241002_22:00:00   2.2039e-01   5.9083e+01   4.5621e+00   0.0000e+00   9.6080e-03   2.8249e+02
20241002_23:00:00   2.0561e-01   5.5687e+01   4.3059e+00   0.0000e+00   7.7600e-03   2.8082e+02
20241003_00:00:00   1.9738e-01   5.3750e+01   4.1613e+00   0.0000e+00   3.0156e-03   2.8006e+02
20241003_01:00:00   1.9195e-01   5.2436e+01   4.0670e+00   0.0000e+00   4.3380e-03   2.7974e+02
20241003_02:00:00   1.9131e-01   5.2203e+01   4.0755e+00   0.0000e+00   6.7040e-03   2.7806e+02
20241003_03:00:00   1.9445e-01   5.2839e+01   4.1623e+00   0.0000e+00   5.5218e-03   2.7813e+02
20241003_04:00:00   1.8862e-01   5.1433e+01   4.0620e+00   0.0000e+00   5.0136e-03   2.7990e+02
20241003_05:00:00   1.8746e-01   5.1124e+01   4.0505e+00   0.0000e+00   2.5906e-03   2.8140e+02
20241003_06:00:00   1.8974e-01   5.1612e+01   4.1079e+00   0.0000e+00   1.8545e-03   2.8097e+02
20241003_07:00:00   1.9812e-01   5.3546e+01   4.2768e+00   0.0000e+00   7.2060e-04   2.8121e+02
20241003_08:00:00   2.0874e-01   5.5957e+01   4.4914e+00   0.0000e+00   4.5412e-04   2.8200e+02
20241003_09:00:00   2.2168e-01   5.8814e+01   4.7642e+00   0.0000e+00   4.2586e-05   2.8387e+02
20241003_10:00:00   2.3235e-01   6.1108e+01   5.0056e+00   0.0000e+00   3.3001e-04   2.8395e+02
20241003_11:00:00   2.4994e-01   6.4886e+01   5.3752e+00   0.0000e+00   4.2699e-04   2.8368e+02
20241003_12:00:00   2.6100e-01   6.7169e+01   5.6351e+00   0.0000e+00   8.5540e-07   2.8452e+02
20241003_13:00:00   2.8890e-01   7.2939e+01   6.2232e+00   0.0000e+00   1.2107e-06   2.8442e+02
20241003_14:00:00   3.1007e-01   7.7187e+01   6.6728e+00   0.0000e+00   2.8520e-07   2.8193e+02
20241003_15:00:00   3.2794e-01   8.0674e+01   7.0493e+00   0.0000e+00   2.9920e-06   2.8057e+02
20241003_16:00:00   3.3973e-01   8.2966e+01   7.3085e+00   0.0000e+00   0.0000e+00   2.7988e+02
20241003_17:00:00   3.5015e-01   8.4883e+01   7.5612e+00   0.0000e+00   7.1100e-05   2.7935e+02
20241003_18:00:00   3.6298e-01   8.7146e+01   7.8826e+00   0.0000e+00   3.3407e-04   2.7833e+02
20241003_19:00:00   3.6861e-01   8.8142e+01   8.0153e+00   0.0000e+00   3.6279e-04   2.7880e+02
20241003_20:00:00   3.7235e-01   8.8916e+01   8.0655e+00   0.0000e+00   4.5337e-04   2.7883e+02
20241003_21:00:00   3.8000e-01   9.0386e+01   8.1960e+00   0.0000e+00   1.4314e-03   2.7824e+02
20241003_22:00:00   3.8492e-01   9.1340e+01   8.2736e+00   0.0000e+00   4.4357e-03   2.7789e+02
20241003_23:00:00   3.9688e-01   9.3648e+01   8.4734e+00   0.0000e+00   2.1725e-03   2.7803e+02
20241004_00:00:00   3.9380e-01   9.3181e+01   8.3858e+00   0.0000e+00   6.7275e-04   2.7739e+02
20241004_01:00:00   3.9680e-01   9.3871e+01   8.3900e+00   0.0000e+00   1.1130e-04   2.7769e+02
20241004_02:00:00   4.0478e-01   9.5495e+01   8.4739e+00   0.0000e+00   1.1170e-05   2.7777e+02
20241004_03:00:00   4.0621e-01   9.5752e+01   8.5095e+00   0.0000e+00   1.5369e-06   2.7656e+02
20241004_04:00:00   4.1336e-01   9.7048e+01   8.6504e+00   0.0000e+00   0.0000e+00   2.7645e+02
20241004_05:00:00   4.2281e-01   9.8799e+01   8.7991e+00   0.0000e+00   0.0000e+00   2.7761e+02
20241004_06:00:00   4.3333e-01   1.0061e+02   9.0152e+00   0.0000e+00   0.0000e+00   2.7864e+02
20241004_07:00:00   4.4188e-01   1.0208e+02   9.1739e+00   0.0000e+00   2.3700e-05   2.8006e+02
20241004_08:00:00   4.4857e-01   1.0314e+02   9.3478e+00   0.0000e+00   1.0620e-03   2.8006e+02
20241004_09:00:00   4.6908e-01   1.0653e+02   9.8211e+00   0.0000e+00   1.9186e-02   2.7888e+02
20241004_10:00:00   4.8635e-01   1.0943e+02   1.0187e+01   0.0000e+00   7.6012e-03   2.7948e+02
20241004_11:00:00   5.1001e-01   1.1324e+02   1.0682e+01   0.0000e+00   2.0595e-02   2.8127e+02
20241004_12:00:00   5.2429e-01   1.1551e+02   1.0973e+01   0.0000e+00   3.2950e-02   2.8144e+02
20241004_13:00:00   5.4339e-01   1.1860e+02   1.1351e+01   0.0000e+00   6.9003e-03   2.8024e+02
20241004_14:00:00   5.5582e-01   1.2071e+02   1.1543e+01   0.0000e+00   5.1214e-03   2.7786e+02
20241004_15:00:00   5.5938e-01   1.2126e+02   1.1641e+01   0.0000e+00   2.1881e-02   2.7663e+02
20241004_16:00:00   5.6053e-01   1.2159e+02   1.1563e+01   0.0000e+00   1.2334e-01   2.7597e+02
20241004_17:00:00   5.5577e-01   1.2110e+02   1.1385e+01   0.0000e+00   2.8233e-02   2.7550e+02
20241004_18:00:00   5.4592e-01   1.1963e+02   1.1135e+01   0.0000e+00   3.0105e-02   2.7663e+02
20241004_19:00:00   5.2474e-01   1.1626e+02   1.0702e+01   0.0000e+00   5.5831e-02   2.7709e+02
20241004_20:00:00   4.9550e-01   1.1142e+02   1.0191e+01   0.0000e+00   7.9321e-02   2.7674e+02
20241004_21:00:00   4.8165e-01   1.0912e+02   9.9392e+00   0.0000e+00   4.6307e-02   2.7633e+02
20241004_22:00:00   4.8130e-01   1.0910e+02   9.8968e+00   0.0000e+00   1.5324e-02   2.7589e+02
20241004_23:00:00   4.7570e-01   1.0814e+02   9.7869e+00   0.0000e+00   9.5779e-03   2.7512e+02
20241005_00:00:00   4.7266e-01   1.0764e+02   9.6703e+00   2.7950e-05   5.8152e-02   2.7497e+02
20241005_01:00:00   4.7264e-01   1.0767e+02   9.6511e+00   0.0000e+00   4.3866e-02   2.7420e+02
20241005_02:00:00   4.6374e-01   1.0614e+02   9.4748e+00   0.0000e+00   6.8385e-02   2.7312e+02
20241005_03:00:00   4.7304e-01   1.0775e+02   9.6405e+00   0.0000e+00   2.8745e-02   2.7316e+02
20241005_04:00:00   4.7858e-01   1.0870e+02   9.7181e+00   0.0000e+00   4.6708e-02   2.7310e+02
20241005_05:00:00   4.8836e-01   1.1025e+02   9.8975e+00   0.0000e+00   9.1716e-02   2.7367e+02
20241005_06:00:00   4.8635e-01   1.0991e+02   9.8918e+00   0.0000e+00   4.0870e-02   2.7380e+02
20241005_07:00:00   4.9172e-01   1.1058e+02   1.0042e+01   0.0000e+00   1.4179e-01   2.7405e+02
20241005_08:00:00   4.9045e-01   1.1038e+02   1.0010e+01   0.0000e+00   1.1374e-01   2.7504e+02
20241005_09:00:00   4.8704e-01   1.0990e+02   9.9299e+00   0.0000e+00   6.9142e-02   2.7589e+02
20241005_10:00:00   4.8413e-01   1.0964e+02   9.7673e+00   0.0000e+00   5.4789e-03   2.7724e+02
20241005_11:00:00   4.6234e-01   1.0619e+02   9.2726e+00   0.0000e+00   1.3614e-03   2.7740e+02
20241005_12:00:00   4.6359e-01   1.0660e+02   9.1919e+00   0.0000e+00   0.0000e+00   2.7789e+02
20241005_13:00:00   4.6838e-01   1.0746e+02   9.2660e+00   1.8889e-06   0.0000e+00   2.7840e+02
20241005_14:00:00   4.9508e-01   1.1214e+02   9.6724e+00   1.0327e-05   0.0000e+00   2.7876e+02
20241005_15:00:00   5.1804e-01   1.1600e+02   1.0018e+01   1.8240e-05   0.0000e+00   2.7839e+02
20241005_16:00:00   5.2364e-01   1.1694e+02   1.0077e+01   6.3710e-06   0.0000e+00   2.7873e+02
20241005_17:00:00   5.0776e-01   1.1427e+02   9.8242e+00   2.3540e-07   0.0000e+00   2.8162e+02
20241005_18:00:00   4.7336e-01   1.0838e+02   9.2922e+00   0.0000e+00   0.0000e+00   2.8372e+02
20241005_21:00:00   4.3791e-01   1.0209e+02   8.6840e+00   0.0000e+00   0.0000e+00   2.8168e+02
20241006_00:00:00   4.2843e-01   1.0032e+02   8.4942e+00   0.0000e+00   0.0000e+00   2.8038e+02
20241006_03:00:00   3.8400e-01   9.2214e+01   7.6928e+00   0.0000e+00   0.0000e+00   2.8218e+02
20241006_06:00:00   3.5681e-01   8.6989e+01   7.1813e+00   0.0000e+00   0.0000e+00   2.8452e+02
20241006_09:00:00   3.5621e-01   8.6736e+01   7.2040e+00   0.0000e+00   0.0000e+00   2.8997e+02
20241006_12:00:00   3.6386e-01   8.8217e+01   7.3582e+00   0.0000e+00   0.0000e+00   2.8927e+02
20241006_15:00:00   4.3609e-01   1.0167e+02   8.5009e+00   0.0000e+00   7.9080e-04   2.8786e+02
20241006_18:00:00   3.7649e-01   9.0301e+01   7.6262e+00   0.0000e+00   3.4210e-02   2.8422e+02
20241006_21:00:00   3.2604e-01   8.0068e+01   6.8727e+00   0.0000e+00   4.8606e-02   2.8652e+02
20241007_00:00:00   3.5227e-01   8.4977e+01   7.4272e+00   0.0000e+00   5.5179e-02   2.8251e+02
20241007_03:00:00   4.5893e-01   1.0385e+02   9.6749e+00   0.0000e+00   9.0643e-02   2.7863e+02
20241007_06:00:00   5.0486e-01   1.1121e+02   1.0687e+01   0.0000e+00   9.9972e-02   2.7856e+02
20241007_09:00:00   4.9443e-01   1.0945e+02   1.0542e+01   0.0000e+00   2.8610e-02   2.7659e+02
20241007_12:00:00   5.6262e-01   1.2065e+02   1.1591e+01   0.0000e+00   6.1745e-03   2.7456e+02
20241007_15:00:00   6.2409e-01   1.3170e+02   1.1764e+01   2.1628e-03   3.2197e-03   2.7534e+02
20241007_18:00:00   5.5078e-01   1.2120e+02   9.8900e+00   1.4510e-02   5.3720e-04   2.7177e+02
20241007_21:00:00   4.9399e-01   1.1176e+02   9.5939e+00   0.0000e+00   3.1761e-04   2.7147e+02
20241008_00:00:00   4.7838e-01   1.0930e+02   9.3208e+00   0.0000e+00   4.0460e-05   2.7273e+02
20241008_03:00:00   4.4920e-01   1.0436e+02   8.7942e+00   0.0000e+00   1.5012e-04   2.7131e+02
20241008_06:00:00   4.4927e-01   1.0435e+02   8.7503e+00   0.0000e+00   2.8962e-03   2.7043e+02
20241008_09:00:00   4.8242e-01   1.0998e+02   9.3781e+00   0.0000e+00   4.8859e-03   2.7166e+02
20241008_12:00:00   5.1656e-01   1.1566e+02   1.0120e+01   7.9340e-05   4.6479e-03   2.6936e+02
20241008_15:00:00   6.2327e-01   1.3261e+02   1.1579e+01   6.6520e-03   1.0996e-02   2.6585e+02
20241008_18:00:00   5.9568e-01   1.2776e+02   1.2001e+01   5.4390e-04   2.6700e-02   2.6655e+02
20241008_21:00:00   6.3530e-01   1.3318e+02   1.3063e+01   0.0000e+00   8.6959e-04   2.6536e+02
20241009_00:00:00   6.1734e-01   1.3049e+02   1.2741e+01   0.0000e+00   4.3760e-05   2.6404e+02
20241009_03:00:00   6.2364e-01   1.3133e+02   1.2799e+01   0.0000e+00   1.3937e-05   2.6217e+02
20241009_06:00:00   6.2461e-01   1.3130e+02   1.2942e+01   0.0000e+00   5.7540e-05   2.6097e+02
20241009_09:00:00   5.7520e-01   1.2426e+02   1.1729e+01   0.0000e+00   5.0554e-04   2.6409e+02
20241009_12:00:00   5.2629e-01   1.1692e+02   1.0577e+01   8.6000e-04   0.0000e+00   2.6739e+02
20241009_15:00:00   5.5764e-01   1.2256e+02   1.0437e+01   4.7375e-03   0.0000e+00   2.6266e+02
20241009_18:00:00   4.1110e-01   9.7460e+01   8.2515e+00   0.0000e+00   1.4012e-07   2.6208e+02
20241009_21:00:00   5.0037e-01   1.1298e+02   9.8377e+00   0.0000e+00   0.0000e+00   2.6002e+02
20241010_00:00:00   8.5233e-01   1.6132e+02   1.6241e+01   0.0000e+00   0.0000e+00   2.5909e+02
20241010_03:00:00   7.9083e-01   1.5405e+02   1.4799e+01   0.0000e+00   0.0000e+00   2.5995e+02
20241010_06:00:00   8.1467e-01   1.5688e+02   1.5086e+01   0.0000e+00   0.0000e+00   2.6195e+02
20241010_09:00:00   8.0485e-01   1.5548e+02   1.4866e+01   0.0000e+00   0.0000e+00   2.6597e+02
20241010_12:00:00   8.0221e-01   1.5674e+02   1.1955e+01   3.6700e-02   0.0000e+00   2.7215e+02
20241010_15:00:00   7.2123e-01   1.4689e+02   8.6178e+00   7.7420e-02   0.0000e+00   2.7679e+02
20241010_18:00:00   3.9127e-01   9.4369e+01   5.4774e+00   3.0704e-02   0.0000e+00   2.7580e+02
20241010_21:00:00   2.3846e-01   6.3003e+01   4.4968e+00   0.0000e+00   1.4004e-03   2.7540e+02
20241011_00:00:00   1.8844e-01   5.1572e+01   3.7209e+00   1.1720e-04   5.6744e-03   2.7530e+02
20241011_03:00:00   1.7928e-01   4.9499e+01   3.5060e+00   0.0000e+00   8.4690e-05   2.7754e+02
20241011_06:00:00   1.4049e-01   4.0425e+01   2.7847e+00   0.0000e+00   4.9580e-05   2.7908e+02
20241011_09:00:00   1.4349e-01   4.0951e+01   2.9375e+00   0.0000e+00   5.4793e-04   2.7815e+02
20241011_12:00:00   2.1314e-01   5.6578e+01   4.4810e+00   7.6060e-04   9.1640e-04   2.7676e+02
20241011_15:00:00   4.7593e-01   1.0833e+02   6.7499e+00   5.9540e-02   7.2788e-03   2.7520e+02
20241011_18:00:00   2.8734e-01   7.1753e+01   6.3821e+00   8.5330e-04   2.3198e-02   2.7377e+02
20241011_21:00:00   2.8649e-01   7.1248e+01   6.5918e+00   0.0000e+00   3.8723e-03   2.7484e+02
20241012_00:00:00   2.9379e-01   7.2813e+01   6.7582e+00   6.0350e-08   2.2684e-03   2.7408e+02
20241012_03:00:00   3.1474e-01   7.7018e+01   7.2253e+00   0.0000e+00   6.1565e-03   2.7399e+02
20241012_06:00:00   3.2648e-01   7.9368e+01   7.4646e+00   0.0000e+00   1.8250e-02   2.7319e+02
20241012_09:00:00   3.6073e-01   8.5921e+01   8.2066e+00   0.0000e+00   1.9877e-02   2.7174e+02
20241012_12:00:00   3.9759e-01   9.2954e+01   8.9384e+00   0.0000e+00   6.9183e-03   2.7170e+02
20241012_15:00:00   4.6152e-01   1.0474e+02   1.0074e+01   2.0814e-05   6.6242e-03   2.6991e+02
20241012_18:00:00   4.9925e-01   1.1135e+02   1.0775e+01   0.0000e+00   1.4612e-02   2.6893e+02
20241012_21:00:00   5.4004e-01   1.1829e+02   1.1411e+01   0.0000e+00   1.2316e-02   2.6724e+02
20241013_00:00:00   5.3005e-01   1.1669e+02   1.1204e+01   0.0000e+00   7.3115e-03   2.6752e+02
20241013_03:00:00   4.4734e-01   1.0318e+02   9.3977e+00   0.0000e+00   2.5386e-03   2.6737e+02
20241013_06:00:00   4.5062e-01   1.0402e+02   9.3011e+00   0.0000e+00   5.7784e-03   2.6952e+02
20241013_09:00:00   4.7712e-01   1.0799e+02   1.0133e+01   0.0000e+00   2.9628e-03   2.6779e+02
20241013_12:00:00   5.3958e-01   1.1808e+02   1.1310e+01   0.0000e+00   4.7298e-03   2.6557e+02
20241013_15:00:00   7.2121e-01   1.4616e+02   1.3368e+01   0.0000e+00   5.2140e-06   2.6398e+02
20241013_18:00:00   7.8606e-01   1.5449e+02   1.4395e+01   0.0000e+00   1.0936e-03   2.6464e+02
20241013_21:00:00   7.7325e-01   1.5255e+02   1.4299e+01   0.0000e+00   2.2320e-03   2.6713e+02
20241014_00:00:00   4.9329e-01   1.1153e+02   9.6830e+00   0.0000e+00   2.3600e-04   2.6752e+02
20241014_03:00:00   3.4268e-01   8.3829e+01   7.1018e+00   0.0000e+00   7.7640e-06   2.6786e+02
20241014_06:00:00   3.3291e-01   8.1651e+01   7.0392e+00   0.0000e+00   5.4180e-06   2.6434e+02
20241014_09:00:00   3.6884e-01   8.8510e+01   7.7979e+00   0.0000e+00   8.4020e-05   2.6460e+02
20241014_12:00:00   4.3879e-01   1.0148e+02   9.0818e+00   1.1710e-04   0.0000e+00   2.6431e+02
20241014_15:00:00   4.8964e-01   1.1083e+02   9.7815e+00   1.5591e-03   0.0000e+00   2.6444e+02
20241014_18:00:00   4.6816e-01   1.0736e+02   9.2703e+00   5.6720e-03   0.0000e+00   2.6519e+02
20241014_21:00:00   4.0927e-01   9.7074e+01   8.3456e+00   5.2630e-06   1.0912e-04   2.6497e+02
20241015_00:00:00   3.5591e-01   8.7228e+01   7.2306e+00   0.0000e+00   9.8420e-06   2.6308e+02
20241015_03:00:00   3.2850e-01   8.1929e+01   6.6540e+00   0.0000e+00   1.9412e-06   2.6491e+02
20241015_06:00:00   3.3055e-01   8.2309e+01   6.7067e+00   0.0000e+00   0.0000e+00   2.6399e+02
20241015_09:00:00   3.2960e-01   8.2229e+01   6.6810e+00   0.0000e+00   0.0000e+00   2.6431e+02
20241015_12:00:00   3.0483e-01   7.7412e+01   6.1698e+00   0.0000e+00   1.5530e-06   2.6562e+02
20241015_15:00:00   2.9724e-01   7.5913e+01   5.9757e+00   0.0000e+00   0.0000e+00   2.6602e+02
20241015_18:00:00   2.6412e-01   6.8975e+01   5.3719e+00   0.0000e+00   0.0000e+00   2.6766e+02
20241015_21:00:00   2.3757e-01   6.3151e+01   4.9165e+00   0.0000e+00   0.0000e+00   2.6892e+02
20241016_00:00:00   2.3974e-01   6.3629e+01   4.9377e+00   0.0000e+00   0.0000e+00   2.6919e+02
20241016_03:00:00   2.2875e-01   6.1229e+01   4.7022e+00   0.0000e+00   0.0000e+00   2.7019e+02
20241016_06:00:00   2.1572e-01   5.8319e+01   4.4284e+00   0.0000e+00   0.0000e+00   2.7228e+02
20241016_09:00:00   1.9840e-01   5.4506e+01   4.0367e+00   0.0000e+00   0.0000e+00   2.7287e+02
20241016_12:00:00   2.0815e-01   5.6872e+01   4.1505e+00   0.0000e+00   0.0000e+00   2.7501e+02
20241016_15:00:00   2.9778e-01   7.6434e+01   5.6774e+00   0.0000e+00   0.0000e+00   2.7445e+02
20241016_18:00:00   2.8317e-01   7.3344e+01   5.4445e+00   0.0000e+00   0.0000e+00   2.7539e+02
