#            date       tau255        Tb[K]      pwv[mm] lwp[kg*m^-2] iwp[kg*m^-2]       o3[DU]
20250322_18:00:00   1.5903e-01   4.3508e+01   3.2059e+00   1.0240e-05   2.9934e-04   3.0901e+02
20250322_19:00:00   1.4319e-01   3.9923e+01   2.8543e+00   4.3450e-05   2.2014e-03   3.0652e+02
20250322_20:00:00   1.3398e-01   3.7818e+01   2.6446e+00   6.0190e-05   2.0119e-03   3.0539e+02
20250322_21:00:00   1.2456e-01   3.5700e+01   2.4204e+00   2.4470e-05   2.5691e-03   3.0523e+02
20250322_22:00:00   1.1684e-01   3.4013e+01   2.2118e+00   1.7010e-05   3.2597e-03   3.0607e+02
20250322_23:00:00   1.1711e-01   3.4259e+01   2.1603e+00   2.7480e-06   1.9514e-03   3.1021e+02
20250323_00:00:00   1.1710e-01   3.4421e+01   2.1133e+00   2.6160e-05   1.9541e-04   3.1259e+02
20250323_01:00:00   1.1532e-01   3.4033e+01   2.0601e+00   1.1270e-05   3.5520e-07   3.1610e+02
20250323_02:00:00   1.1087e-01   3.3016e+01   1.9445e+00   4.2320e-05   0.0000e+00   3.2230e+02
20250323_03:00:00   1.0641e-01   3.1972e+01   1.8377e+00   5.6990e-05   0.0000e+00   3.2441e+02
20250323_04:00:00   1.0184e-01   3.0837e+01   1.7472e+00   3.0320e-05   0.0000e+00   3.2436e+02
20250323_05:00:00   9.9556e-02   3.0257e+01   1.7103e+00   8.1800e-07   0.0000e+00   3.2439e+02
20250323_06:00:00   9.9409e-02   3.0225e+01   1.7058e+00   3.4740e-06   0.0000e+00   3.2581e+02
20250323_07:00:00   1.0426e-01   3.1427e+01   1.7956e+00   2.9580e-05   0.0000e+00   3.2605e+02
20250323_08:00:00   1.0565e-01   3.1742e+01   1.8282e+00   6.6700e-06   0.0000e+00   3.2324e+02
20250323_09:00:00   1.1122e-01   3.3103e+01   1.9331e+00   2.7200e-05   0.0000e+00   3.2243e+02
20250323_10:00:00   1.1836e-01   3.4856e+01   2.0682e+00   1.8910e-05   0.0000e+00   3.2109e+02
20250323_11:00:00   1.2352e-01   3.6109e+01   2.1663e+00   1.4080e-06   0.0000e+00   3.1991e+02
20250323_12:00:00   1.2244e-01   3.5840e+01   2.1490e+00   2.3690e-06   0.0000e+00   3.1922e+02
20250323_13:00:00   1.2738e-01   3.7018e+01   2.2463e+00   9.6510e-06   0.0000e+00   3.1688e+02
20250323_14:00:00   1.3390e-01   3.8563e+01   2.3689e+00   3.2820e-05   0.0000e+00   3.1508e+02
20250323_15:00:00   1.4291e-01   4.0612e+01   2.5643e+00   0.0000e+00   0.0000e+00   3.1456e+02
20250323_16:00:00   1.5101e-01   4.2362e+01   2.7783e+00   7.5800e-07   0.0000e+00   3.1631e+02
20250323_17:00:00   1.5668e-01   4.3476e+01   2.9433e+00   0.0000e+00   0.0000e+00   3.1785e+02
20250323_18:00:00   1.5871e-01   4.3729e+01   3.0372e+00   0.0000e+00   0.0000e+00   3.1815e+02
20250323_19:00:00   1.5293e-01   4.2354e+01   2.9352e+00   0.0000e+00   0.0000e+00   3.1818e+02
20250323_20:00:00   1.5472e-01   4.2755e+01   2.9759e+00   0.0000e+00   0.0000e+00   3.1837e+02
20250323_21:00:00   1.5713e-01   4.3306e+01   3.0252e+00   0.0000e+00   0.0000e+00   3.2036e+02
20250323_22:00:00   1.5327e-01   4.2475e+01   2.9340e+00   0.0000e+00   0.0000e+00   3.2342e+02
20250323_23:00:00   1.4937e-01   4.1698e+01   2.8252e+00   0.0000e+00   0.0000e+00   3.2652e+02
20250324_00:00:00   1.5048e-01   4.2059e+01   2.8153e+00   0.0000e+00   0.0000e+00   3.2608e+02
20250324_01:00:00   1.4949e-01   4.1882e+01   2.7839e+00   0.0000e+00   0.0000e+00   3.2482e+02
20250324_02:00:00   1.4103e-01   3.9924e+01   2.6200e+00   0.0000e+00   0.0000e+00   3.2453e+02
20250324_03:00:00   1.4107e-01   3.9869e+01   2.6461e+00   0.0000e+00   0.0000e+00   3.1928e+02
20250324_04:00:00   1.5903e-01   4.3932e+01   3.0407e+00   0.0000e+00   0.0000e+00   3.1470e+02
20250324_05:00:00   1.8257e-01   4.9240e+01   3.5165e+00   0.0000e+00   0.0000e+00   3.1243e+02
20250324_06:00:00   1.8131e-01   4.8981e+01   3.4947e+00   0.0000e+00   0.0000e+00   3.1450e+02
20250324_07:00:00   1.7194e-01   4.6918e+01   3.3090e+00   0.0000e+00   0.0000e+00   3.1974e+02
20250324_08:00:00   1.6966e-01   4.6384e+01   3.2824e+00   0.0000e+00   0.0000e+00   3.2273e+02
20250324_09:00:00   1.6388e-01   4.5079e+01   3.1766e+00   0.0000e+00   0.0000e+00   3.2206e+02
20250324_10:00:00   1.6630e-01   4.5595e+01   3.2517e+00   0.0000e+00   0.0000e+00   3.2284e+02
20250324_11:00:00   1.8449e-01   4.9619e+01   3.6525e+00   6.9730e-07   0.0000e+00   3.2015e+02
20250324_12:00:00   2.1128e-01   5.5465e+01   4.2061e+00   2.0950e-06   0.0000e+00   3.1621e+02
20250324_13:00:00   2.3631e-01   6.0880e+01   4.6894e+00   2.5240e-06   0.0000e+00   3.1471e+02
20250324_14:00:00   2.6401e-01   6.6625e+01   5.2522e+00   5.7920e-05   0.0000e+00   3.1461e+02
20250324_15:00:00   2.8256e-01   7.0467e+01   5.6163e+00   5.7390e-05   0.0000e+00   3.1414e+02
20250324_16:00:00   3.0027e-01   7.4022e+01   5.9554e+00   1.9220e-04   0.0000e+00   3.1511e+02
20250324_17:00:00   3.2487e-01   7.8856e+01   6.4549e+00   3.6080e-06   0.0000e+00   3.1613e+02
20250324_18:00:00   3.3945e-01   8.1788e+01   6.6806e+00   0.0000e+00   0.0000e+00   3.1579e+02
20250324_19:00:00   3.4641e-01   8.3189e+01   6.7979e+00   2.4340e-07   0.0000e+00   3.1511e+02
20250324_20:00:00   3.4562e-01   8.3110e+01   6.7622e+00   0.0000e+00   0.0000e+00   3.1456e+02
20250324_21:00:00   3.3600e-01   8.1159e+01   6.6555e+00   0.0000e+00   0.0000e+00   3.1582e+02
20250324_22:00:00   3.1019e-01   7.6167e+01   6.1746e+00   0.0000e+00   0.0000e+00   3.1418e+02
20250324_23:00:00   3.0397e-01   7.5012e+01   6.0227e+00   0.0000e+00   0.0000e+00   3.1304e+02
20250325_00:00:00   3.2518e-01   7.9172e+01   6.4120e+00   0.0000e+00   0.0000e+00   3.1085e+02
20250325_01:00:00   3.3749e-01   8.1611e+01   6.6159e+00   2.4870e-06   0.0000e+00   3.0707e+02
20250325_02:00:00   3.4190e-01   8.2594e+01   6.6276e+00   6.1140e-05   0.0000e+00   3.0312e+02
20250325_03:00:00   3.4890e-01   8.4063e+01   6.5675e+00   2.2350e-03   0.0000e+00   3.0115e+02
20250325_04:00:00   3.4902e-01   8.4186e+01   6.4832e+00   2.8480e-03   0.0000e+00   2.9855e+02
20250325_05:00:00   3.4168e-01   8.2804e+01   6.4311e+00   4.9120e-04   0.0000e+00   2.9614e+02
20250325_06:00:00   3.4137e-01   8.2774e+01   6.3795e+00   1.2450e-03   0.0000e+00   2.9439e+02
20250325_07:00:00   3.4241e-01   8.2995e+01   6.3324e+00   2.3420e-03   0.0000e+00   2.9458e+02
20250325_08:00:00   3.4057e-01   8.2606e+01   6.3093e+00   1.6640e-03   0.0000e+00   2.9496e+02
20250325_09:00:00   3.4510e-01   8.3477e+01   6.3653e+00   1.9490e-03   0.0000e+00   2.9376e+02
20250325_10:00:00   3.4714e-01   8.3856e+01   6.4040e+00   1.4419e-03   0.0000e+00   2.9210e+02
20250325_11:00:00   3.5071e-01   8.4534e+01   6.4755e+00   1.4678e-03   0.0000e+00   2.9373e+02
20250325_12:00:00   3.5864e-01   8.6014e+01   6.6305e+00   1.2321e-03   0.0000e+00   2.9476e+02
20250325_13:00:00   3.7418e-01   8.8901e+01   6.8578e+00   1.0354e-03   0.0000e+00   2.9254e+02
20250325_14:00:00   3.8629e-01   9.1120e+01   7.0389e+00   1.3051e-03   0.0000e+00   2.9024e+02
20250325_15:00:00   3.9592e-01   9.2909e+01   7.0901e+00   3.9860e-03   0.0000e+00   2.8848e+02
20250325_16:00:00   3.8145e-01   9.0256e+01   6.9668e+00   1.2061e-03   0.0000e+00   2.8906e+02
20250325_17:00:00   3.7031e-01   8.8211e+01   6.7848e+00   1.3454e-03   0.0000e+00   2.8883e+02
20250325_18:00:00   3.7004e-01   8.8142e+01   6.7876e+00   1.3396e-03   0.0000e+00   2.8668e+02
20250325_19:00:00   3.8200e-01   9.0402e+01   6.7642e+00   6.3240e-03   0.0000e+00   2.8491e+02
20250325_20:00:00   3.6783e-01   8.7738e+01   6.6306e+00   4.5708e-03   0.0000e+00   2.8486e+02
20250325_21:00:00   3.4917e-01   8.4195e+01   6.4064e+00   3.0331e-03   0.0000e+00   2.8537e+02
20250325_22:00:00   3.3670e-01   8.1740e+01   6.2926e+00   1.1280e-03   0.0000e+00   2.8541e+02
20250325_23:00:00   3.4140e-01   8.2667e+01   6.1704e+00   5.7580e-03   0.0000e+00   2.8517e+02
20250326_00:00:00   3.3665e-01   8.1737e+01   5.9610e+00   8.2760e-03   0.0000e+00   2.8437e+02
20250326_01:00:00   3.0639e-01   7.5748e+01   5.7111e+00   2.1327e-03   0.0000e+00   2.8378e+02
20250326_02:00:00   2.8641e-01   7.1693e+01   5.4497e+00   5.3970e-05   0.0000e+00   2.8572e+02
20250326_03:00:00   2.6897e-01   6.8136e+01   5.1406e+00   5.4900e-05   0.0000e+00   2.8408e+02
20250326_04:00:00   2.5721e-01   6.5712e+01   4.9244e+00   2.0190e-05   0.0000e+00   2.8484e+02
20250326_05:00:00   2.4794e-01   6.3780e+01   4.7039e+00   9.4140e-04   0.0000e+00   2.8324e+02
20250326_06:00:00   2.4203e-01   6.2535e+01   4.5587e+00   1.4380e-03   0.0000e+00   2.8005e+02
20250326_07:00:00   2.3248e-01   6.0480e+01   4.4453e+00   5.2330e-05   0.0000e+00   2.8022e+02
20250326_08:00:00   2.2213e-01   5.8272e+01   4.2466e+00   2.8220e-04   8.4720e-06   2.8175e+02
20250326_09:00:00   2.1199e-01   5.6058e+01   4.0800e+00   3.2260e-07   7.5000e-05   2.8144e+02
20250326_10:00:00   2.0635e-01   5.4831e+01   3.9620e+00   3.7860e-05   0.0000e+00   2.8162e+02
20250326_11:00:00   2.0402e-01   5.4327e+01   3.8854e+00   3.7820e-04   0.0000e+00   2.8332e+02
20250326_12:00:00   2.0478e-01   5.4495e+01   3.8871e+00   2.7022e-04   0.0000e+00   2.8475e+02
20250326_13:00:00   2.1267e-01   5.6253e+01   3.9131e+00   2.3474e-03   0.0000e+00   2.8529e+02
20250326_14:00:00   2.1998e-01   5.7936e+01   3.8844e+00   5.3175e-03   0.0000e+00   2.8662e+02
20250326_15:00:00   2.3464e-01   6.1166e+01   3.9532e+00   9.2140e-03   6.7660e-05   2.8663e+02
20250326_16:00:00   2.3891e-01   6.2125e+01   3.9438e+00   1.1241e-02   5.8940e-04   2.8615e+02
20250326_17:00:00   2.1941e-01   5.7863e+01   3.8530e+00   5.1466e-03   2.3500e-04   2.8644e+02
20250326_18:00:00   1.9494e-01   5.2441e+01   3.6363e+00   1.1628e-04   4.1360e-04   2.8596e+02
20250326_19:00:00   1.9083e-01   5.1488e+01   3.5650e+00   8.7160e-05   5.8114e-04   2.8581e+02
20250326_20:00:00   1.9499e-01   5.2374e+01   3.6120e+00   8.1890e-04   7.2563e-04   2.8762e+02
20250326_21:00:00   1.9411e-01   5.2150e+01   3.5773e+00   1.1640e-03   3.9562e-04   2.8750e+02
20250326_22:00:00   1.9003e-01   5.1172e+01   3.5685e+00   1.1680e-04   3.5040e-07   2.8746e+02
20250326_23:00:00   1.9854e-01   5.2914e+01   3.7488e+00   4.0350e-04   2.6360e-04   2.8730e+02
20250327_00:00:00   1.9708e-01   5.2496e+01   3.7582e+00   1.7750e-06   5.7160e-04   2.8802e+02
20250327_01:00:00   1.8787e-01   5.0475e+01   3.5608e+00   2.7180e-05   0.0000e+00   2.8741e+02
20250327_02:00:00   1.8758e-01   5.0383e+01   3.5026e+00   7.9410e-04   0.0000e+00   2.8811e+02
20250327_03:00:00   1.8259e-01   4.9283e+01   3.3948e+00   4.7760e-04   0.0000e+00   2.8962e+02
20250327_04:00:00   1.7286e-01   4.7116e+01   3.1922e+00   1.1870e-04   0.0000e+00   2.9152e+02
20250327_05:00:00   1.7113e-01   4.6825e+01   3.1335e+00   1.8040e-05   0.0000e+00   2.9671e+02
20250327_06:00:00   1.7266e-01   4.7255e+01   3.1017e+00   3.1160e-04   0.0000e+00   3.0030e+02
20250327_07:00:00   1.5517e-01   4.3392e+01   2.7213e+00   1.1580e-04   0.0000e+00   3.0588e+02
20250327_08:00:00   1.2983e-01   3.7525e+01   2.2416e+00   1.3760e-04   0.0000e+00   3.0483e+02
20250327_09:00:00   1.2140e-01   3.5521e+01   2.0775e+00   1.9540e-04   0.0000e+00   3.0363e+02
20250327_10:00:00   1.1863e-01   3.4847e+01   2.0349e+00   1.2410e-04   0.0000e+00   3.0247e+02
20250327_11:00:00   1.2345e-01   3.5961e+01   2.1474e+00   0.0000e+00   0.0000e+00   3.0224e+02
20250327_12:00:00   1.4953e-01   4.1996e+01   2.4343e+00   5.7951e-03   0.0000e+00   2.9997e+02
20250327_13:00:00   2.2931e-01   6.0062e+01   2.7468e+00   3.1085e-02   0.0000e+00   2.9764e+02
20250327_14:00:00   1.8026e-01   4.9149e+01   2.8983e+00   7.5286e-03   0.0000e+00   2.9648e+02
20250327_15:00:00   1.6943e-01   4.6775e+01   2.7227e+00   6.8559e-03   0.0000e+00   2.9499e+02
20250327_16:00:00   1.6586e-01   4.5985e+01   2.6513e+00   7.0448e-03   0.0000e+00   2.9330e+02
20250327_17:00:00   1.4923e-01   4.2106e+01   2.4563e+00   5.1812e-03   0.0000e+00   2.9175e+02
20250327_18:00:00   1.3198e-01   3.7959e+01   2.3207e+00   1.7034e-03   0.0000e+00   2.9033e+02
20250327_21:00:00   1.2915e-01   3.7418e+01   1.9363e+00   8.3930e-03   0.0000e+00   2.9080e+02
20250328_00:00:00   9.3494e-02   2.8655e+01   1.6311e+00   3.9570e-05   0.0000e+00   2.8776e+02
20250328_03:00:00   7.5943e-02   2.4274e+01   1.2651e+00   0.0000e+00   0.0000e+00   2.8667e+02
20250328_06:00:00   6.4055e-02   2.1260e+01   1.0108e+00   0.0000e+00   0.0000e+00   2.8801e+02
20250328_09:00:00   5.5997e-02   1.9189e+01   8.3250e-01   0.0000e+00   0.0000e+00   2.9208e+02
20250328_12:00:00   5.7312e-02   1.9536e+01   8.5902e-01   0.0000e+00   0.0000e+00   2.9725e+02
20250328_15:00:00   6.6584e-02   2.1903e+01   1.0669e+00   3.7750e-05   0.0000e+00   2.9921e+02
20250328_18:00:00   6.6043e-02   2.1654e+01   1.0946e+00   3.5380e-06   0.0000e+00   2.9889e+02
20250328_21:00:00   6.6985e-02   2.1735e+01   1.1519e+00   0.0000e+00   0.0000e+00   3.0011e+02
20250329_00:00:00   7.0053e-02   2.2492e+01   1.2186e+00   0.0000e+00   0.0000e+00   3.0029e+02
20250329_03:00:00   8.7934e-02   2.6832e+01   1.6357e+00   0.0000e+00   0.0000e+00   2.9814e+02
20250329_06:00:00   1.1007e-01   3.1947e+01   2.1744e+00   0.0000e+00   8.4715e-04   2.9690e+02
20250329_09:00:00   1.3890e-01   3.8847e+01   2.7561e+00   0.0000e+00   8.3286e-04   3.0181e+02
20250329_12:00:00   2.1593e-01   5.6590e+01   4.1501e+00   0.0000e+00   2.2540e-03   3.0222e+02
20250329_15:00:00   2.1974e-01   5.7524e+01   4.1764e+00   0.0000e+00   5.1880e-03   3.0236e+02
20250329_18:00:00   1.9188e-01   5.1465e+01   3.6616e+00   0.0000e+00   6.7617e-04   3.0897e+02
20250329_21:00:00   1.4940e-01   4.1969e+01   2.7995e+00   0.0000e+00   0.0000e+00   3.1578e+02
20250330_00:00:00   1.1511e-01   3.3927e+01   2.0745e+00   0.0000e+00   0.0000e+00   3.1062e+02
20250330_03:00:00   9.5650e-02   2.9139e+01   1.6621e+00   0.0000e+00   0.0000e+00   3.0831e+02
20250330_06:00:00   9.4103e-02   2.8582e+01   1.6558e+00   0.0000e+00   0.0000e+00   3.0923e+02
20250330_09:00:00   1.0393e-01   3.0915e+01   1.8406e+00   0.0000e+00   0.0000e+00   3.1148e+02
20250330_12:00:00   1.6749e-01   4.5470e+01   3.1290e+00   3.9680e-06   0.0000e+00   3.1939e+02
20250330_15:00:00   3.3620e-01   8.0914e+01   5.1815e+00   2.0217e-02   0.0000e+00   3.2977e+02
20250330_18:00:00   3.5155e-01   8.3538e+01   6.2458e+00   2.8880e-03   0.0000e+00   3.3068e+02
20250330_21:00:00   3.7336e-01   8.7843e+01   6.5481e+00   0.0000e+00   0.0000e+00   3.3661e+02
20250331_00:00:00   3.3835e-01   8.1282e+01   5.9539e+00   0.0000e+00   0.0000e+00   3.3384e+02
20250331_03:00:00   2.9895e-01   7.3616e+01   5.3406e+00   0.0000e+00   0.0000e+00   3.2983e+02
20250331_06:00:00   3.3609e-01   8.0699e+01   5.8991e+00   3.3472e-04   0.0000e+00   3.3218e+02
20250331_09:00:00   2.7243e-01   6.8446e+01   4.7832e+00   3.1760e-05   0.0000e+00   3.3304e+02
20250331_12:00:00   3.2967e-01   8.0591e+01   4.1987e+00   3.3078e-02   0.0000e+00   3.2321e+02
20250331_15:00:00   7.6783e-01   1.5070e+02   4.2102e+00   2.0676e-01   0.0000e+00   3.1424e+02
20250331_18:00:00   1.7360e-01   4.8016e+01   2.7461e+00   8.5070e-03   0.0000e+00   3.0673e+02
20250331_21:00:00   1.3508e-01   3.8666e+01   2.5834e+00   1.1400e-06   0.0000e+00   3.0374e+02
20250401_00:00:00   1.4489e-01   4.0632e+01   2.9199e+00   0.0000e+00   1.6042e-04   3.0158e+02
20250401_03:00:00   1.8528e-01   4.9629e+01   3.8137e+00   0.0000e+00   0.0000e+00   2.9897e+02
20250401_06:00:00   1.8930e-01   5.0097e+01   3.9826e+00   0.0000e+00   2.8089e-03   2.9573e+02
20250401_09:00:00   2.0043e-01   5.2529e+01   4.2150e+00   0.0000e+00   2.7087e-03   2.9637e+02
20250401_12:00:00   1.4512e-01   4.0506e+01   2.8946e+00   0.0000e+00   2.8052e-04   2.9704e+02
20250401_15:00:00   1.2709e-01   3.6569e+01   2.4480e+00   0.0000e+00   0.0000e+00   2.9490e+02
20250401_18:00:00   1.1687e-01   3.4309e+01   2.2052e+00   0.0000e+00   4.0709e-04   2.9603e+02
20250401_21:00:00   1.2252e-01   3.5864e+01   2.2876e+00   0.0000e+00   5.7040e-07   2.9749e+02
20250402_00:00:00   1.3065e-01   3.7828e+01   2.4751e+00   0.0000e+00   7.9040e-04   2.9737e+02
20250402_03:00:00   1.2868e-01   3.7333e+01   2.4468e+00   0.0000e+00   2.6392e-04   2.9727e+02
20250402_06:00:00   1.2834e-01   3.7255e+01   2.4347e+00   0.0000e+00   9.5700e-04   2.9868e+02
20250402_09:00:00   1.3067e-01   3.7786e+01   2.4870e+00   2.1380e-05   2.7854e-03   3.0451e+02
20250402_12:00:00   1.5033e-01   4.2545e+01   2.7280e+00   2.4060e-03   6.4346e-03   3.0759e+02
20250402_15:00:00   1.8393e-01   5.0321e+01   3.3278e+00   3.0257e-03   1.1543e-02   3.0725e+02
20250402_18:00:00   1.7741e-01   4.8731e+01   3.3323e+00   1.5109e-03   5.2150e-03   3.1008e+02
20250402_21:00:00   1.8002e-01   4.9283e+01   3.4295e+00   1.2833e-03   1.3567e-03   3.1265e+02
20250403_00:00:00   1.7006e-01   4.7024e+01   3.2628e+00   5.8847e-04   7.4805e-05   3.1645e+02
20250403_03:00:00   1.4887e-01   4.2073e+01   2.7728e+00   1.5271e-03   0.0000e+00   3.2207e+02
20250403_06:00:00   1.5281e-01   4.2866e+01   2.9247e+00   1.8587e-04   3.2460e-05   3.2302e+02
20250403_09:00:00   1.5432e-01   4.3068e+01   3.0110e+00   2.0540e-05   1.4150e-05   3.2734e+02
20250403_12:00:00   1.3506e-01   3.8560e+01   2.5846e+00   6.8890e-05   1.9104e-04   3.3120e+02
20250403_15:00:00   1.2116e-01   3.5264e+01   2.2396e+00   5.0587e-05   4.0683e-03   3.3078e+02
20250403_18:00:00   1.0561e-01   3.1581e+01   1.9188e+00   5.7317e-06   1.1615e-03   3.3183e+02
20250403_21:00:00   9.4297e-02   2.8894e+01   1.6508e+00   5.4690e-04   9.1258e-04   3.3224e+02
20250404_00:00:00   9.2460e-02   2.8628e+01   1.5966e+00   0.0000e+00   0.0000e+00   3.2726e+02
20250404_03:00:00   9.2053e-02   2.8487e+01   1.6026e+00   4.4100e-05   0.0000e+00   3.2749e+02
20250404_06:00:00   9.1083e-02   2.8242e+01   1.5834e+00   7.7540e-06   0.0000e+00   3.2426e+02
20250404_09:00:00   9.1990e-02   2.8401e+01   1.6275e+00   0.0000e+00   0.0000e+00   3.2245e+02
20250404_12:00:00   9.9430e-02   3.0218e+01   1.7819e+00   2.0340e-05   0.0000e+00   3.1956e+02
20250404_15:00:00   1.2080e-01   3.5511e+01   2.2060e+00   9.8341e-05   0.0000e+00   3.1885e+02
20250404_18:00:00   1.3489e-01   3.8921e+01   2.5017e+00   1.0620e-07   0.0000e+00   3.1487e+02
20250404_21:00:00   1.2900e-01   3.7357e+01   2.4357e+00   6.0000e-06   0.0000e+00   3.1508e+02
20250405_00:00:00   1.5875e-01   4.4219e+01   3.0985e+00   2.4300e-05   0.0000e+00   3.1090e+02
20250405_03:00:00   1.5011e-01   4.2022e+01   2.9800e+00   3.4860e-06   0.0000e+00   3.0281e+02
20250405_06:00:00   1.3652e-01   3.8733e+01   2.7142e+00   1.4300e-06   0.0000e+00   3.0195e+02
20250405_09:00:00   1.1242e-01   3.2931e+01   2.1944e+00   1.2070e-05   0.0000e+00   3.0377e+02
20250405_12:00:00   1.0425e-01   3.0974e+01   2.0038e+00   7.7530e-07   0.0000e+00   3.0368e+02
20250405_15:00:00   1.0844e-01   3.2091e+01   2.0742e+00   3.8550e-06   1.0182e-05   3.0314e+02
20250405_18:00:00   1.0311e-01   3.0869e+01   1.9538e+00   1.8360e-06   2.0222e-04   3.0141e+02
20250405_21:00:00   1.0403e-01   3.1059e+01   1.9691e+00   1.0130e-06   5.7040e-07   3.0212e+02
20250406_00:00:00   1.2183e-01   3.5015e+01   2.4357e+00   9.8420e-07   1.8286e-03   3.0058e+02
20250406_03:00:00   1.3430e-01   3.7832e+01   2.7255e+00   0.0000e+00   5.5852e-03   2.9882e+02
20250406_06:00:00   1.5807e-01   4.3337e+01   3.2041e+00   1.9560e-04   1.2699e-03   3.0210e+02
20250406_09:00:00   1.6311e-01   4.4132e+01   3.3951e+00   2.3260e-06   2.1217e-03   3.0532e+02
20250406_12:00:00   2.3944e-01   6.1238e+01   4.0668e+00   1.6890e-02   5.6992e-03   3.0633e+02
20250406_15:00:00   2.4463e-01   6.1931e+01   4.7137e+00   7.4451e-03   4.1428e-02   2.9672e+02
20250406_18:00:00   2.4872e-01   6.2632e+01   5.1487e+00   5.7680e-04   3.1264e-02   2.9513e+02
20250406_21:00:00   3.2362e-01   7.8055e+01   5.3968e+00   2.5582e-02   7.0574e-02   3.0009e+02
20250407_00:00:00   2.3161e-01   5.9263e+01   4.7737e+00   4.7770e-05   2.7727e-03   3.0068e+02
20250407_03:00:00   2.4312e-01   6.1508e+01   4.9414e+00   1.9750e-03   4.1360e-03   3.0187e+02
20250407_06:00:00   2.6054e-01   6.5131e+01   4.9188e+00   8.4980e-03   2.6070e-03   3.0188e+02
20250407_09:00:00   2.7035e-01   6.6837e+01   5.4693e+00   9.4890e-04   6.5247e-03   3.0351e+02
20250407_12:00:00   2.8544e-01   7.0417e+01   5.3470e+00   6.1518e-03   2.6900e-04   3.0712e+02
20250407_15:00:00   3.5118e-01   8.3261e+01   6.2886e+00   1.1060e-02   1.1998e-04   3.0817e+02
20250407_18:00:00   3.4367e-01   8.1234e+01   6.5744e+00   4.1490e-03   1.0850e-02   3.1127e+02
