#            date       tau255        Tb[K]      pwv[mm] lwp[kg*m^-2] iwp[kg*m^-2]       o3[DU]
20250316_18:00:00   3.3182e-01   8.0688e+01   5.9757e+00   0.0000e+00   0.0000e+00   3.1091e+02
20250316_19:00:00   3.4840e-01   8.3762e+01   6.2533e+00   0.0000e+00   0.0000e+00   3.1152e+02
20250316_20:00:00   3.3688e-01   8.1558e+01   6.0809e+00   0.0000e+00   0.0000e+00   3.1071e+02
20250316_21:00:00   3.4811e-01   8.3686e+01   6.2419e+00   0.0000e+00   0.0000e+00   3.0952e+02
20250316_22:00:00   3.3448e-01   8.1153e+01   5.9663e+00   0.0000e+00   0.0000e+00   3.0504e+02
20250316_23:00:00   2.8041e-01   7.0507e+01   5.0033e+00   0.0000e+00   0.0000e+00   3.0238e+02
20250317_00:00:00   1.6103e-01   4.4643e+01   2.9106e+00   0.0000e+00   0.0000e+00   3.0511e+02
20250317_01:00:00   9.7348e-02   2.9317e+01   1.7544e+00   0.0000e+00   0.0000e+00   3.0711e+02
20250317_02:00:00   9.6143e-02   2.8869e+01   1.7752e+00   0.0000e+00   9.7686e-05   3.0741e+02
20250317_03:00:00   9.6248e-02   2.8911e+01   1.7738e+00   0.0000e+00   2.3660e-06   3.0731e+02
20250317_04:00:00   9.5870e-02   2.8858e+01   1.7559e+00   5.5290e-08   2.3940e-04   3.0507e+02
20250317_05:00:00   8.3814e-02   2.5903e+01   1.4908e+00   1.8110e-06   3.4337e-04   3.0500e+02
20250317_06:00:00   7.0137e-02   2.2430e+01   1.2078e+00   0.0000e+00   2.9857e-04   3.0834e+02
20250317_07:00:00   7.2038e-02   2.2857e+01   1.2600e+00   0.0000e+00   2.1019e-05   3.0946e+02
20250317_08:00:00   7.9475e-02   2.4687e+01   1.4258e+00   0.0000e+00   5.5047e-04   3.0855e+02
20250317_09:00:00   8.7716e-02   2.6574e+01   1.6344e+00   0.0000e+00   7.7642e-04   3.0631e+02
20250317_10:00:00   8.4053e-02   2.5720e+01   1.5432e+00   3.5280e-07   3.0620e-04   3.0658e+02
20250317_11:00:00   8.4345e-02   2.5886e+01   1.5215e+00   7.1340e-07   9.9320e-05   3.0655e+02
20250317_12:00:00   9.8286e-02   2.9466e+01   1.6856e+00   1.7267e-03   4.4353e-04   3.0808e+02
20250317_13:00:00   1.2668e-01   3.6557e+01   1.8650e+00   8.6140e-03   4.0720e-05   3.0994e+02
20250317_14:00:00   1.1605e-01   3.3920e+01   2.0492e+00   8.5850e-04   1.6024e-04   3.1161e+02
20250317_15:00:00   1.1963e-01   3.4814e+01   2.1054e+00   7.5986e-04   0.0000e+00   3.1170e+02
20250317_16:00:00   1.0982e-01   3.2430e+01   1.9552e+00   2.2648e-05   0.0000e+00   3.0967e+02
20250317_17:00:00   1.0686e-01   3.1696e+01   1.9043e+00   5.6653e-05   2.4280e-05   3.0827e+02
20250317_18:00:00   1.0581e-01   3.1406e+01   1.9048e+00   1.0950e-05   3.2280e-05   3.0547e+02
20250317_19:00:00   1.0818e-01   3.1849e+01   1.9981e+00   1.0560e-06   1.1851e-04   3.0069e+02
20250317_20:00:00   1.0758e-01   3.1694e+01   1.9883e+00   1.1320e-07   7.0060e-08   2.9927e+02
20250317_21:00:00   1.0576e-01   3.1315e+01   1.9303e+00   0.0000e+00   0.0000e+00   2.9727e+02
20250317_22:00:00   1.0149e-01   3.0400e+01   1.8108e+00   0.0000e+00   0.0000e+00   2.9672e+02
20250317_23:00:00   1.0068e-01   3.0199e+01   1.7896e+00   0.0000e+00   0.0000e+00   2.9853e+02
20250318_00:00:00   1.0025e-01   3.0075e+01   1.7836e+00   0.0000e+00   0.0000e+00   2.9695e+02
20250318_01:00:00   9.9263e-02   2.9833e+01   1.7560e+00   0.0000e+00   0.0000e+00   2.9734e+02
20250318_02:00:00   9.8448e-02   2.9564e+01   1.7528e+00   5.5800e-05   0.0000e+00   2.9589e+02
20250318_03:00:00   9.3663e-02   2.8356e+01   1.6667e+00   1.7960e-06   0.0000e+00   2.9800e+02
20250318_04:00:00   9.5530e-02   2.8746e+01   1.7190e+00   6.4920e-06   0.0000e+00   3.0215e+02
20250318_05:00:00   9.8113e-02   2.9430e+01   1.7480e+00   1.9540e-04   0.0000e+00   3.0314e+02
20250318_06:00:00   1.0282e-01   3.0646e+01   1.7964e+00   8.0880e-04   7.0060e-08   3.0411e+02
20250318_07:00:00   1.0009e-01   3.0037e+01   1.6945e+00   1.4926e-03   3.5520e-07   3.0409e+02
20250318_08:00:00   1.0494e-01   3.1096e+01   1.8463e+00   8.1970e-04   4.2701e-04   3.0525e+02
20250318_09:00:00   1.1165e-01   3.2661e+01   1.9430e+00   1.7910e-03   9.4690e-04   3.0889e+02
20250318_10:00:00   9.7102e-02   2.9214e+01   1.6848e+00   5.1720e-04   7.4380e-05   3.1148e+02
20250318_11:00:00   1.0690e-01   3.1689e+01   1.7490e+00   2.4631e-03   3.4477e-04   3.1544e+02
20250318_12:00:00   1.2510e-01   3.6085e+01   1.9341e+00   6.1900e-03   9.1340e-04   3.2872e+02
20250318_13:00:00   1.6402e-01   4.5253e+01   2.2676e+00   1.4572e-02   4.8608e-03   3.3525e+02
20250318_14:00:00   1.4579e-01   4.1116e+01   2.2274e+00   7.5350e-03   1.4222e-04   3.3590e+02
20250318_15:00:00   1.8978e-01   5.1386e+01   2.4433e+00   1.9162e-02   0.0000e+00   3.3529e+02
20250318_16:00:00   2.2736e-01   5.9669e+01   2.6160e+00   3.0129e-02   0.0000e+00   3.3459e+02
20250318_17:00:00   1.9919e-01   5.3489e+01   2.2519e+00   2.7765e-02   0.0000e+00   3.3340e+02
20250318_18:00:00   9.9504e-02   2.9926e+01   1.6746e+00   1.3840e-03   0.0000e+00   3.3109e+02
20250318_19:00:00   9.5504e-02   2.8876e+01   1.5536e+00   2.7570e-03   0.0000e+00   3.3012e+02
20250318_20:00:00   8.7527e-02   2.6685e+01   1.5782e+00   3.4890e-06   0.0000e+00   3.3017e+02
20250318_21:00:00   9.9250e-02   2.9142e+01   1.9127e+00   0.0000e+00   1.5382e-05   3.3039e+02
20250318_22:00:00   1.1337e-01   3.2322e+01   2.2510e+00   0.0000e+00   6.4941e-04   3.3193e+02
20250318_23:00:00   1.4402e-01   3.9142e+01   2.9306e+00   0.0000e+00   9.5015e-04   3.3584e+02
20250319_00:00:00   1.4378e-01   3.9484e+01   2.8533e+00   0.0000e+00   0.0000e+00   3.4051e+02
20250319_01:00:00   1.3891e-01   3.8582e+01   2.7227e+00   0.0000e+00   0.0000e+00   3.4014e+02
20250319_02:00:00   1.4748e-01   4.0738e+01   2.8887e+00   0.0000e+00   0.0000e+00   3.3889e+02
20250319_03:00:00   1.7851e-01   4.7774e+01   3.5455e+00   0.0000e+00   0.0000e+00   3.3846e+02
20250319_04:00:00   2.1393e-01   5.5708e+01   4.2456e+00   0.0000e+00   0.0000e+00   3.3897e+02
20250319_05:00:00   2.4218e-01   6.1899e+01   4.7399e+00   0.0000e+00   0.0000e+00   3.3936e+02
20250319_06:00:00   2.7409e-01   6.8703e+01   5.3262e+00   0.0000e+00   0.0000e+00   3.3368e+02
20250319_07:00:00   2.7839e-01   6.9674e+01   5.3945e+00   0.0000e+00   0.0000e+00   3.3135e+02
20250319_08:00:00   2.8299e-01   7.0658e+01   5.5201e+00   0.0000e+00   0.0000e+00   3.3272e+02
20250319_09:00:00   2.9084e-01   7.2303e+01   5.6618e+00   0.0000e+00   0.0000e+00   3.3242e+02
20250319_10:00:00   2.9736e-01   7.3722e+01   5.7395e+00   0.0000e+00   0.0000e+00   3.3184e+02
20250319_11:00:00   3.1356e-01   7.7011e+01   5.9917e+00   0.0000e+00   0.0000e+00   3.3280e+02
20250319_12:00:00   3.3788e-01   8.1818e+01   6.3688e+00   5.3170e-04   0.0000e+00   3.3183e+02
20250319_13:00:00   3.5997e-01   8.5986e+01   6.7698e+00   2.4270e-05   0.0000e+00   3.2751e+02
20250319_14:00:00   4.2774e-01   9.8398e+01   7.4072e+00   1.1292e-02   0.0000e+00   3.2677e+02
20250319_15:00:00   4.6913e-01   1.0569e+02   7.3301e+00   2.9124e-02   0.0000e+00   3.2679e+02
20250319_16:00:00   3.9837e-01   9.3221e+01   6.5711e+00   2.0308e-02   0.0000e+00   3.2794e+02
20250319_17:00:00   3.1306e-01   7.6861e+01   5.7884e+00   6.4243e-03   0.0000e+00   3.2852e+02
20250319_18:00:00   2.7599e-01   6.9279e+01   5.2943e+00   3.9710e-03   0.0000e+00   3.2851e+02
20250319_19:00:00   2.4216e-01   6.2162e+01   4.7056e+00   3.4808e-03   0.0000e+00   3.2769e+02
20250319_20:00:00   2.0921e-01   5.5034e+01   4.1992e+00   8.1840e-04   0.0000e+00   3.2789e+02
20250319_21:00:00   1.9484e-01   5.1953e+01   3.9232e+00   4.1250e-08   0.0000e+00   3.2897e+02
20250319_22:00:00   1.8826e-01   5.0667e+01   3.7055e+00   3.4750e-06   0.0000e+00   3.3243e+02
20250319_23:00:00   2.2125e-01   5.8152e+01   3.7599e+00   9.5370e-03   0.0000e+00   3.3507e+02
20250320_00:00:00   2.5581e-01   6.5577e+01   3.8900e+00   2.0568e-02   0.0000e+00   3.3701e+02
20250320_01:00:00   3.0906e-01   7.6447e+01   4.4456e+00   2.9776e-02   0.0000e+00   3.3336e+02
20250320_02:00:00   2.5993e-01   6.6277e+01   4.8977e+00   6.3697e-04   0.0000e+00   3.3126e+02
20250320_03:00:00   3.0083e-01   7.4730e+01   5.6198e+00   4.7720e-05   0.0000e+00   3.2912e+02
20250320_04:00:00   3.4484e-01   8.3466e+01   6.3168e+00   1.9940e-04   0.0000e+00   3.2918e+02
20250320_05:00:00   3.6618e-01   8.7568e+01   6.5806e+00   1.5005e-03   0.0000e+00   3.2913e+02
20250320_06:00:00   3.5956e-01   8.6417e+01   6.3986e+00   2.0052e-03   0.0000e+00   3.3137e+02
20250320_07:00:00   3.5763e-01   8.6139e+01   6.1195e+00   6.3506e-03   0.0000e+00   3.3609e+02
20250320_08:00:00   4.2540e-01   9.8753e+01   5.8245e+00   3.8990e-02   0.0000e+00   3.4054e+02
20250320_09:00:00   4.1181e-01   9.6382e+01   5.5096e+00   4.0007e-02   0.0000e+00   3.4517e+02
20250320_10:00:00   3.3035e-01   8.1093e+01   5.1484e+00   1.5648e-02   0.0000e+00   3.4681e+02
20250320_11:00:00   3.4949e-01   8.4914e+01   4.8682e+00   3.0104e-02   0.0000e+00   3.4425e+02
20250320_12:00:00   4.6905e-01   1.0667e+02   4.8124e+00   7.8574e-02   0.0000e+00   3.4373e+02
20250320_13:00:00   4.0296e-01   9.5125e+01   4.4879e+00   6.0680e-02   0.0000e+00   3.4137e+02
20250320_14:00:00   3.3626e-01   8.2622e+01   4.1041e+00   4.3340e-02   0.0000e+00   3.3889e+02
20250320_15:00:00   3.4268e-01   8.3931e+01   3.8488e+00   5.1160e-02   0.0000e+00   3.3895e+02
20250320_16:00:00   3.1638e-01   7.8900e+01   3.4287e+00   4.9760e-02   0.0000e+00   3.3921e+02
20250320_17:00:00   2.8553e-01   7.2663e+01   3.1099e+00   4.4100e-02   0.0000e+00   3.3835e+02
20250320_18:00:00   2.3313e-01   6.1559e+01   2.7557e+00   3.1672e-02   0.0000e+00   3.3753e+02
20250320_19:00:00   1.5166e-01   4.3085e+01   2.3852e+00   7.7500e-03   0.0000e+00   3.3611e+02
20250320_20:00:00   1.4225e-01   4.0827e+01   2.2881e+00   6.7260e-03   0.0000e+00   3.3456e+02
20250320_21:00:00   1.1585e-01   3.4379e+01   2.1358e+00   3.6950e-05   0.0000e+00   3.3462e+02
20250320_22:00:00   1.0938e-01   3.2764e+01   2.0152e+00   1.3560e-04   0.0000e+00   3.3386e+02
20250320_23:00:00   1.2229e-01   3.5895e+01   2.2957e+00   0.0000e+00   0.0000e+00   3.3255e+02
20250321_00:00:00   1.2369e-01   3.6237e+01   2.3189e+00   0.0000e+00   0.0000e+00   3.3113e+02
20250321_01:00:00   1.1447e-01   3.3980e+01   2.1436e+00   1.0650e-05   0.0000e+00   3.3038e+02
20250321_02:00:00   1.0764e-01   3.2280e+01   1.9613e+00   9.5680e-04   0.0000e+00   3.3067e+02
20250321_03:00:00   1.0140e-01   3.0727e+01   1.8604e+00   2.7160e-04   0.0000e+00   3.3065e+02
20250321_04:00:00   9.5258e-02   2.9181e+01   1.7481e+00   1.7100e-07   0.0000e+00   3.2907e+02
20250321_05:00:00   1.0130e-01   3.0705e+01   1.8544e+00   0.0000e+00   0.0000e+00   3.2737e+02
20250321_06:00:00   1.1600e-01   3.4298e+01   2.1682e+00   1.9700e-05   0.0000e+00   3.2659e+02
20250321_07:00:00   1.3922e-01   3.9886e+01   2.5599e+00   1.4900e-03   0.0000e+00   3.2800e+02
20250321_08:00:00   1.5136e-01   4.2763e+01   2.8603e+00   2.7640e-05   0.0000e+00   3.2673e+02
20250321_09:00:00   1.5479e-01   4.3518e+01   2.9460e+00   6.1470e-04   0.0000e+00   3.2280e+02
20250321_10:00:00   1.5271e-01   4.2793e+01   3.0180e+00   1.3500e-04   1.6720e-05   3.2209e+02
20250321_11:00:00   1.6934e-01   4.6478e+01   3.2011e+00   4.5480e-03   1.9646e-04   3.2095e+02
20250321_12:00:00   1.8486e-01   4.9794e+01   3.5982e+00   4.0815e-03   4.1440e-05   3.1953e+02
20250321_13:00:00   2.0170e-01   5.3581e+01   3.8133e+00   6.7059e-03   4.0220e-06   3.1854e+02
20250321_14:00:00   2.1551e-01   5.6733e+01   3.9117e+00   1.0016e-02   7.8340e-06   3.1668e+02
20250321_15:00:00   2.1156e-01   5.5942e+01   3.9406e+00   7.3976e-03   0.0000e+00   3.1526e+02
20250321_16:00:00   2.3382e-01   6.0789e+01   4.1667e+00   1.2251e-02   2.2344e-04   3.1393e+02
20250321_17:00:00   2.2916e-01   5.9667e+01   4.2820e+00   8.6647e-03   2.5327e-04   3.1308e+02
20250321_18:00:00   2.6071e-01   6.6389e+01   4.5750e+00   1.5768e-02   1.9649e-04   3.1295e+02
20250321_21:00:00   2.3723e-01   6.1146e+01   4.6325e+00   6.4130e-03   5.9420e-04   3.1201e+02
20250322_00:00:00   2.5013e-01   6.3548e+01   5.1745e+00   1.7736e-03   2.5720e-04   3.1189e+02
20250322_03:00:00   2.4258e-01   6.1865e+01   5.0970e+00   1.7820e-04   3.8820e-06   3.1317e+02
20250322_06:00:00   2.6545e-01   6.6816e+01   5.2597e+00   4.4937e-03   7.9740e-06   3.1051e+02
20250322_09:00:00   3.1226e-01   7.6022e+01   6.4338e+00   2.9450e-04   6.1629e-03   3.0985e+02
20250322_12:00:00   2.9047e-01   7.2310e+01   5.7214e+00   3.4130e-03   1.2317e-03   3.0979e+02
20250322_15:00:00   3.3636e-01   8.0875e+01   6.7532e+00   3.3229e-03   4.1184e-02   3.0925e+02
20250322_18:00:00   4.1261e-01   9.4618e+01   8.3052e+00   2.8150e-03   5.5694e-02   3.0818e+02
20250322_21:00:00   4.9565e-01   1.0847e+02   9.8989e+00   6.0350e-07   1.1026e-01   3.0842e+02
20250323_00:00:00   3.9573e-01   9.0960e+01   8.0707e+00   0.0000e+00   7.0679e-02   3.1060e+02
20250323_03:00:00   3.1120e-01   7.4616e+01   6.4193e+00   0.0000e+00   5.3538e-02   3.0986e+02
20250323_06:00:00   2.6799e-01   6.6133e+01   5.3683e+00   2.4768e-03   2.9128e-02   3.1517e+02
20250323_09:00:00   2.0868e-01   5.3958e+01   4.1915e+00   1.2400e-03   2.8953e-03   3.1979e+02
20250323_12:00:00   1.7929e-01   4.8695e+01   2.7084e+00   1.1573e-02   4.4221e-03   3.2220e+02
20250323_15:00:00   5.5594e-01   1.2011e+02   3.2664e+00   1.4761e-01   3.4259e-03   3.2406e+02
20250323_18:00:00   2.0663e-01   5.5153e+01   2.2207e+00   3.0326e-02   1.1564e-03   3.1907e+02
20250323_21:00:00   1.0926e-01   3.2560e+01   1.8063e+00   7.7554e-04   0.0000e+00   3.2833e+02
20250324_00:00:00   1.3103e-01   3.7722e+01   2.2599e+00   1.1894e-04   0.0000e+00   3.2591e+02
20250324_03:00:00   1.6701e-01   4.6086e+01   2.5122e+00   8.1480e-03   0.0000e+00   3.3280e+02
20250324_06:00:00   1.6974e-01   4.6571e+01   2.8038e+00   2.6340e-03   1.1088e-06   3.2960e+02
20250324_09:00:00   2.0941e-01   5.5340e+01   3.1386e+00   9.8678e-03   4.3200e-06   3.2840e+02
20250324_12:00:00   1.3358e+00   2.0324e+02   3.5939e+00   4.5451e-01   1.8703e-07   3.3159e+02
20250324_15:00:00   4.5589e-01   1.0326e+02   2.7817e+00   1.1698e-01   0.0000e+00   3.3218e+02
20250324_18:00:00   2.8192e-01   7.0768e+01   2.4595e+00   5.7160e-02   0.0000e+00   3.2862e+02
20250324_21:00:00   1.5128e-01   4.1983e+01   2.7702e+00   0.0000e+00   0.0000e+00   3.2728e+02
20250325_00:00:00   1.4293e-01   3.9774e+01   2.7066e+00   6.2270e-06   3.0521e-03   3.2424e+02
20250325_03:00:00   1.6569e-01   4.4646e+01   3.1761e+00   1.6178e-03   1.9845e-02   3.2011e+02
20250325_06:00:00   1.9163e-01   5.0362e+01   3.5974e+00   3.6030e-03   2.9083e-02   3.1498e+02
20250325_09:00:00   1.8501e-01   4.8997e+01   3.6282e+00   3.0315e-04   6.5932e-04   3.0998e+02
20250325_12:00:00   2.9414e-01   7.2691e+01   4.1430e+00   2.7775e-02   0.0000e+00   3.1242e+02
20250325_15:00:00   5.5192e-01   1.1909e+02   3.2984e+00   1.4467e-01   0.0000e+00   3.1518e+02
20250325_18:00:00   1.5675e-01   4.3714e+01   2.3081e+00   9.7150e-03   0.0000e+00   3.0446e+02
20250325_21:00:00   1.2249e-01   3.5560e+01   2.1973e+00   5.3040e-07   0.0000e+00   2.9761e+02
20250326_00:00:00   1.3884e-01   3.9470e+01   2.5185e+00   0.0000e+00   0.0000e+00   2.9690e+02
20250326_03:00:00   1.3994e-01   3.9722e+01   2.5562e+00   0.0000e+00   0.0000e+00   2.9381e+02
20250326_06:00:00   1.4906e-01   4.1891e+01   2.7320e+00   0.0000e+00   0.0000e+00   2.9434e+02
20250326_09:00:00   1.3839e-01   3.9476e+01   2.5282e+00   0.0000e+00   0.0000e+00   2.9602e+02
20250326_12:00:00   1.5796e-01   4.4100e+01   2.8100e+00   1.4853e-03   0.0000e+00   2.9397e+02
20250326_15:00:00   2.3013e-01   6.0120e+01   3.6540e+00   1.3245e-02   0.0000e+00   2.9341e+02
20250326_18:00:00   1.8757e-01   5.0464e+01   3.5065e+00   3.8950e-03   0.0000e+00   2.9327e+02
20250326_21:00:00   1.6496e-01   4.5377e+01   3.2359e+00   8.2130e-05   0.0000e+00   2.9768e+02
20250327_00:00:00   1.6637e-01   4.5585e+01   3.2930e+00   1.3740e-06   5.2331e-03   2.9887e+02
20250327_03:00:00   1.7785e-01   4.7976e+01   3.5563e+00   4.4110e-06   4.7302e-03   2.9453e+02
20250327_06:00:00   1.8386e-01   4.9326e+01   3.5829e+00   1.3741e-03   5.5047e-03   2.8952e+02
20250327_09:00:00   1.7928e-01   4.8407e+01   3.5028e+00   3.3970e-05   8.4870e-04   2.8873e+02
20250327_12:00:00   2.1485e-01   5.6432e+01   3.7839e+00   6.8419e-03   3.9064e-04   2.8891e+02
20250327_15:00:00   4.7128e-01   1.0637e+02   4.3821e+00   9.5930e-02   6.5680e-03   2.8939e+02
20250327_18:00:00   3.5937e-01   8.5983e+01   4.4062e+00   5.2620e-02   2.4940e-03   2.9006e+02
20250327_21:00:00   1.7946e-01   4.8363e+01   3.4904e+00   3.6770e-07   1.1062e-04   2.8904e+02
20250328_00:00:00   1.4121e-01   3.9649e+01   2.7284e+00   0.0000e+00   0.0000e+00   2.9244e+02
20250328_03:00:00   1.6046e-01   4.4019e+01   3.1111e+00   2.4890e-05   2.6519e-03   2.8899e+02
20250328_06:00:00   1.2168e-01   3.5489e+01   2.1074e+00   1.6520e-03   0.0000e+00   2.8877e+02
20250328_09:00:00   1.2161e-01   3.5662e+01   1.7936e+00   7.0010e-03   0.0000e+00   2.8975e+02
20250328_12:00:00   1.5422e-01   4.3267e+01   2.1482e+00   1.3590e-02   7.3500e-04   2.8847e+02
20250328_15:00:00   1.2851e-01   3.7315e+01   2.0799e+00   4.2660e-03   7.9000e-06   2.9072e+02
20250328_18:00:00   1.3520e-01   3.8321e+01   2.5312e+00   1.1420e-03   2.2186e-02   2.8971e+02
20250328_21:00:00   1.2564e-01   3.5876e+01   2.3577e+00   2.4180e-03   2.8208e-03   2.8930e+02
20250329_00:00:00   1.9091e-01   5.1402e+01   2.2396e+00   3.0190e-02   8.1120e-03   2.8804e+02
20250329_03:00:00   1.1521e-01   3.3214e+01   2.2759e+00   0.0000e+00   6.8922e-02   2.8857e+02
20250329_06:00:00   1.1987e-01   3.4294e+01   2.4056e+00   8.6210e-06   9.8122e-02   2.8965e+02
20250329_09:00:00   1.4921e-01   4.1461e+01   2.9654e+00   1.0080e-03   7.1021e-02   2.9102e+02
20250329_12:00:00   1.7939e-01   4.8467e+01   3.5449e+00   1.0710e-03   1.6210e-01   2.9245e+02
20250329_15:00:00   2.6310e-01   6.6629e+01   5.1913e+00   1.2100e-03   2.0987e-01   2.9036e+02
20250329_18:00:00   3.5212e-01   8.4169e+01   6.8390e+00   0.0000e+00   3.1685e-01   2.8783e+02
20250329_21:00:00   4.3564e-01   9.9110e+01   8.4782e+00   0.0000e+00   1.8299e-01   2.8799e+02
20250330_00:00:00   4.2453e-01   9.7263e+01   8.3379e+00   2.9940e-05   1.7941e-01   2.8705e+02
20250330_03:00:00   8.6528e-01   1.6074e+02   1.2777e+01   6.0786e-02   8.8178e-02   2.8404e+02
20250330_06:00:00   8.2491e-01   1.5487e+02   1.4072e+01   1.8689e-02   5.7281e-02   2.8644e+02
20250330_09:00:00   3.4686e+00   2.6711e+02   1.6575e+01   1.0342e+00   7.4181e-01   2.8759e+02
20250330_12:00:00   9.5072e-01   1.6897e+02   1.4467e+01   5.6071e-02   2.2780e-01   2.9545e+02
20250330_15:00:00   8.6147e-01   1.5912e+02   1.4456e+01   1.8630e-02   1.6815e-01   2.9901e+02
20250330_18:00:00   8.6442e-01   1.5908e+02   1.4670e+01   1.0396e-02   4.5590e-01   3.0478e+02
20250330_21:00:00   9.1438e-01   1.6493e+02   1.4494e+01   3.6702e-02   3.4322e-01   3.2434e+02
20250331_00:00:00   1.7580e+00   2.2636e+02   1.4214e+01   3.9612e-01   1.1446e-01   3.4178e+02
20250331_03:00:00   8.3111e-01   1.5485e+02   1.3484e+01   2.4527e-02   3.9752e-01   3.2950e+02
20250331_06:00:00   6.4672e-01   1.3132e+02   1.1629e+01   0.0000e+00   2.4048e-02   3.2678e+02
20250331_09:00:00   5.2569e-01   1.1365e+02   9.5819e+00   0.0000e+00   7.0352e-05   3.2091e+02
20250331_12:00:00   5.5854e-01   1.1908e+02   1.0049e+01   8.5540e-06   1.0627e-02   3.1599e+02
20250331_15:00:00   5.3949e-01   1.1594e+02   9.7774e+00   5.9879e-06   6.8003e-02   3.1489e+02
20250331_18:00:00   4.5765e-01   1.0288e+02   8.3262e+00   0.0000e+00   9.3175e-06   3.2223e+02
20250331_21:00:00   3.2613e-01   7.9599e+01   6.0050e+00   0.0000e+00   0.0000e+00   3.2887e+02
20250401_00:00:00   2.5498e-01   6.5242e+01   4.7639e+00   0.0000e+00   0.0000e+00   3.3399e+02
20250401_03:00:00   2.4295e-01   6.2571e+01   4.6008e+00   0.0000e+00   0.0000e+00   3.1711e+02
20250401_06:00:00   2.5589e-01   6.5296e+01   4.8605e+00   0.0000e+00   0.0000e+00   3.1512e+02
20250401_09:00:00   2.6803e-01   6.8085e+01   4.9787e+00   0.0000e+00   0.0000e+00   3.1970e+02
20250401_12:00:00   2.7207e-01   6.9137e+01   4.9551e+00   0.0000e+00   0.0000e+00   3.2016e+02
20250401_15:00:00   2.8533e-01   7.2052e+01   5.1628e+00   1.1494e-04   0.0000e+00   3.1407e+02
20250401_18:00:00   2.9757e-01   7.4718e+01   5.3821e+00   3.8950e-04   0.0000e+00   3.1396e+02
