#            date       tau255        Tb[K]      pwv[mm] lwp[kg*m^-2] iwp[kg*m^-2]       o3[DU]
20250424_06:00:00   2.5903e-01   6.5829e+01   5.0511e+00   0.0000e+00   0.0000e+00   3.1994e+02
20250424_07:00:00   2.6151e-01   6.6297e+01   5.1148e+00   0.0000e+00   0.0000e+00   3.2057e+02
20250424_08:00:00   2.6179e-01   6.6362e+01   5.1241e+00   0.0000e+00   0.0000e+00   3.2094e+02
20250424_09:00:00   2.6053e-01   6.6123e+01   5.1073e+00   0.0000e+00   0.0000e+00   3.2215e+02
20250424_10:00:00   2.6156e-01   6.6362e+01   5.1226e+00   0.0000e+00   0.0000e+00   3.2223e+02
20250424_11:00:00   2.6242e-01   6.6603e+01   5.1251e+00   2.7380e-07   0.0000e+00   3.2257e+02
20250424_12:00:00   2.6346e-01   6.6906e+01   5.1318e+00   0.0000e+00   0.0000e+00   3.2431e+02
20250424_13:00:00   2.6685e-01   6.7707e+01   5.1824e+00   2.0570e-05   0.0000e+00   3.2465e+02
20250424_14:00:00   2.8230e-01   7.1067e+01   5.3813e+00   1.0180e-03   0.0000e+00   3.2356e+02
20250424_15:00:00   2.9376e-01   7.3561e+01   5.5471e+00   1.2830e-03   0.0000e+00   3.2552e+02
20250424_16:00:00   3.1642e-01   7.8253e+01   5.7949e+00   3.8407e-03   0.0000e+00   3.2711e+02
20250424_17:00:00   3.0643e-01   7.6302e+01   5.6768e+00   2.4620e-03   0.0000e+00   3.2732e+02
20250424_18:00:00   2.9198e-01   7.3389e+01   5.5034e+00   4.3220e-04   0.0000e+00   3.2833e+02
20250424_19:00:00   2.7186e-01   6.9240e+01   5.1567e+00   3.3130e-04   0.0000e+00   3.2991e+02
20250424_20:00:00   2.5572e-01   6.5894e+01   4.8675e+00   1.5490e-04   0.0000e+00   3.2993e+02
20250424_21:00:00   2.4973e-01   6.4646e+01   4.7608e+00   0.0000e+00   0.0000e+00   3.3113e+02
20250424_22:00:00   2.5115e-01   6.4982e+01   4.7743e+00   0.0000e+00   0.0000e+00   3.3382e+02
20250424_23:00:00   2.5088e-01   6.4978e+01   4.7492e+00   0.0000e+00   0.0000e+00   3.3476e+02
20250425_00:00:00   2.5246e-01   6.5329e+01   4.7579e+00   0.0000e+00   0.0000e+00   3.3359e+02
20250425_01:00:00   2.4792e-01   6.4356e+01   4.6724e+00   0.0000e+00   0.0000e+00   3.3310e+02
20250425_02:00:00   2.3900e-01   6.2462e+01   4.5104e+00   0.0000e+00   0.0000e+00   3.3291e+02
20250425_03:00:00   2.2967e-01   6.0486e+01   4.3332e+00   0.0000e+00   0.0000e+00   3.3527e+02
20250425_04:00:00   2.2119e-01   5.8651e+01   4.1737e+00   0.0000e+00   0.0000e+00   3.3818e+02
20250425_05:00:00   2.1123e-01   5.6508e+01   3.9835e+00   0.0000e+00   0.0000e+00   3.3801e+02
20250425_06:00:00   2.0524e-01   5.5206e+01   3.8698e+00   0.0000e+00   0.0000e+00   3.3222e+02
20250425_07:00:00   1.9882e-01   5.3782e+01   3.7557e+00   0.0000e+00   0.0000e+00   3.2786e+02
20250425_08:00:00   1.9229e-01   5.2317e+01   3.6428e+00   0.0000e+00   0.0000e+00   3.2564e+02
20250425_09:00:00   1.8452e-01   5.0577e+01   3.5010e+00   0.0000e+00   0.0000e+00   3.2528e+02
20250425_10:00:00   1.7782e-01   4.9047e+01   3.3789e+00   0.0000e+00   0.0000e+00   3.2466e+02
20250425_11:00:00   1.7204e-01   4.7726e+01   3.2739e+00   0.0000e+00   0.0000e+00   3.2275e+02
20250425_12:00:00   1.7063e-01   4.7414e+01   3.2441e+00   0.0000e+00   0.0000e+00   3.2005e+02
20250425_13:00:00   1.7259e-01   4.7885e+01   3.2748e+00   7.6290e-06   0.0000e+00   3.1747e+02
20250425_14:00:00   1.7953e-01   4.9513e+01   3.3954e+00   2.1325e-05   0.0000e+00   3.1642e+02
20250425_15:00:00   1.8336e-01   5.0394e+01   3.4690e+00   9.8820e-05   0.0000e+00   3.1627e+02
20250425_16:00:00   1.8421e-01   5.0563e+01   3.5014e+00   4.7047e-05   0.0000e+00   3.1696e+02
20250425_17:00:00   1.7053e-01   4.7383e+01   3.2624e+00   1.4100e-05   0.0000e+00   3.1564e+02
20250425_18:00:00   1.5041e-01   4.2631e+01   2.8946e+00   5.6830e-06   0.0000e+00   3.1816e+02
20250425_19:00:00   1.3937e-01   3.9993e+01   2.6841e+00   0.0000e+00   0.0000e+00   3.1875e+02
20250425_20:00:00   1.3351e-01   3.8576e+01   2.5692e+00   0.0000e+00   0.0000e+00   3.1861e+02
20250425_21:00:00   1.2681e-01   3.6957e+01   2.4374e+00   0.0000e+00   0.0000e+00   3.1872e+02
20250425_22:00:00   1.2193e-01   3.5771e+01   2.3394e+00   0.0000e+00   0.0000e+00   3.2019e+02
20250425_23:00:00   1.1927e-01   3.5108e+01   2.2883e+00   0.0000e+00   0.0000e+00   3.2089e+02
20250426_00:00:00   1.1716e-01   3.4590e+01   2.2461e+00   0.0000e+00   0.0000e+00   3.1887e+02
20250426_01:00:00   1.1804e-01   3.4793e+01   2.2619e+00   0.0000e+00   0.0000e+00   3.1909e+02
20250426_02:00:00   1.1826e-01   3.4830e+01   2.2669e+00   0.0000e+00   0.0000e+00   3.2080e+02
20250426_03:00:00   1.1934e-01   3.5087e+01   2.2866e+00   0.0000e+00   0.0000e+00   3.2214e+02
20250426_04:00:00   1.1991e-01   3.5230e+01   2.2948e+00   0.0000e+00   0.0000e+00   3.2558e+02
20250426_05:00:00   1.1724e-01   3.4598e+01   2.2362e+00   0.0000e+00   0.0000e+00   3.2861e+02
20250426_06:00:00   1.1583e-01   3.4262e+01   2.2055e+00   0.0000e+00   0.0000e+00   3.2898e+02
20250426_07:00:00   1.1508e-01   3.4083e+01   2.1894e+00   0.0000e+00   0.0000e+00   3.2805e+02
20250426_08:00:00   1.1427e-01   3.3898e+01   2.1718e+00   0.0000e+00   0.0000e+00   3.2751e+02
20250426_09:00:00   1.1311e-01   3.3624e+01   2.1467e+00   0.0000e+00   0.0000e+00   3.2665e+02
20250426_10:00:00   1.1073e-01   3.3063e+01   2.0961e+00   0.0000e+00   0.0000e+00   3.2361e+02
20250426_11:00:00   1.0910e-01   3.2675e+01   2.0607e+00   0.0000e+00   0.0000e+00   3.1961e+02
20250426_12:00:00   1.0798e-01   3.2412e+01   2.0345e+00   0.0000e+00   0.0000e+00   3.1842e+02
20250426_13:00:00   1.0644e-01   3.2058e+01   1.9956e+00   0.0000e+00   0.0000e+00   3.1696e+02
20250426_14:00:00   1.0580e-01   3.1933e+01   1.9757e+00   0.0000e+00   0.0000e+00   3.1579e+02
20250426_15:00:00   1.0863e-01   3.2671e+01   2.0236e+00   0.0000e+00   0.0000e+00   3.1490e+02
20250426_16:00:00   1.1442e-01   3.4146e+01   2.1347e+00   4.4980e-07   0.0000e+00   3.1407e+02
20250426_17:00:00   1.1678e-01   3.4746e+01   2.1842e+00   2.2380e-07   0.0000e+00   3.1421e+02
20250426_18:00:00   1.2079e-01   3.5742e+01   2.2631e+00   0.0000e+00   0.0000e+00   3.1312e+02
20250426_19:00:00   1.1992e-01   3.5537e+01   2.2457e+00   0.0000e+00   0.0000e+00   3.1232e+02
20250426_20:00:00   1.1293e-01   3.3820e+01   2.1061e+00   0.0000e+00   0.0000e+00   3.1173e+02
20250426_21:00:00   1.0669e-01   3.2277e+01   1.9762e+00   0.0000e+00   0.0000e+00   3.1069e+02
20250426_22:00:00   1.0293e-01   3.1353e+01   1.8954e+00   0.0000e+00   0.0000e+00   3.1108e+02
20250426_23:00:00   1.0002e-01   3.0627e+01   1.8324e+00   0.0000e+00   0.0000e+00   3.1267e+02
20250427_00:00:00   9.8234e-02   3.0178e+01   1.7954e+00   0.0000e+00   0.0000e+00   3.1461e+02
20250427_01:00:00   9.7015e-02   2.9858e+01   1.7711e+00   0.0000e+00   0.0000e+00   3.1406e+02
20250427_02:00:00   9.5710e-02   2.9523e+01   1.7462e+00   0.0000e+00   0.0000e+00   3.1466e+02
20250427_03:00:00   9.5890e-02   2.9553e+01   1.7530e+00   0.0000e+00   0.0000e+00   3.1575e+02
20250427_04:00:00   9.6022e-02   2.9577e+01   1.7583e+00   0.0000e+00   0.0000e+00   3.1466e+02
20250427_05:00:00   9.5788e-02   2.9506e+01   1.7603e+00   0.0000e+00   0.0000e+00   3.1217e+02
20250427_06:00:00   9.8175e-02   3.0075e+01   1.8205e+00   0.0000e+00   0.0000e+00   3.1088e+02
20250427_07:00:00   9.9653e-02   3.0413e+01   1.8602e+00   0.0000e+00   0.0000e+00   3.0957e+02
20250427_08:00:00   1.0094e-01   3.0706e+01   1.8960e+00   0.0000e+00   0.0000e+00   3.0938e+02
20250427_09:00:00   1.0163e-01   3.0866e+01   1.9161e+00   0.0000e+00   0.0000e+00   3.0922e+02
20250427_10:00:00   1.0191e-01   3.0946e+01   1.9243e+00   0.0000e+00   0.0000e+00   3.0883e+02
20250427_11:00:00   1.0314e-01   3.1267e+01   1.9501e+00   0.0000e+00   0.0000e+00   3.0875e+02
20250427_12:00:00   1.0491e-01   3.1736e+01   1.9783e+00   0.0000e+00   0.0000e+00   3.0714e+02
20250427_13:00:00   1.2049e-01   3.5683e+01   2.2651e+00   0.0000e+00   0.0000e+00   3.0574e+02
20250427_14:00:00   1.3696e-01   3.9761e+01   2.5551e+00   0.0000e+00   0.0000e+00   3.0511e+02
20250427_15:00:00   1.5499e-01   4.4137e+01   2.8706e+00   0.0000e+00   0.0000e+00   3.0450e+02
20250427_16:00:00   1.7458e-01   4.8785e+01   3.2121e+00   0.0000e+00   0.0000e+00   3.0418e+02
20250427_17:00:00   1.7416e-01   4.8712e+01   3.1968e+00   0.0000e+00   0.0000e+00   3.0441e+02
20250427_18:00:00   1.5906e-01   4.5192e+01   2.9233e+00   0.0000e+00   0.0000e+00   3.0417e+02
20250427_19:00:00   1.3844e-01   4.0257e+01   2.5503e+00   0.0000e+00   0.0000e+00   3.0423e+02
20250427_20:00:00   1.2565e-01   3.7127e+01   2.3105e+00   0.0000e+00   0.0000e+00   3.0428e+02
20250427_21:00:00   1.1667e-01   3.4886e+01   2.1480e+00   0.0000e+00   0.0000e+00   3.0492e+02
20250427_22:00:00   1.1275e-01   3.3861e+01   2.0901e+00   0.0000e+00   0.0000e+00   3.0552e+02
20250427_23:00:00   1.1684e-01   3.4777e+01   2.1990e+00   0.0000e+00   0.0000e+00   3.0600e+02
20250428_00:00:00   1.2503e-01   3.6672e+01   2.3928e+00   0.0000e+00   0.0000e+00   3.0669e+02
20250428_01:00:00   1.2753e-01   3.7177e+01   2.4667e+00   0.0000e+00   0.0000e+00   3.0619e+02
20250428_02:00:00   1.2642e-01   3.6837e+01   2.4623e+00   0.0000e+00   0.0000e+00   3.0697e+02
20250428_03:00:00   1.2463e-01   3.6391e+01   2.4266e+00   0.0000e+00   0.0000e+00   3.0778e+02
20250428_04:00:00   1.2278e-01   3.5943e+01   2.3849e+00   0.0000e+00   0.0000e+00   3.0754e+02
20250428_05:00:00   1.2071e-01   3.5430e+01   2.3403e+00   0.0000e+00   0.0000e+00   3.0594e+02
20250428_06:00:00   1.1950e-01   3.5133e+01   2.3098e+00   0.0000e+00   0.0000e+00   3.0550e+02
20250428_07:00:00   1.1691e-01   3.4543e+01   2.2472e+00   0.0000e+00   0.0000e+00   3.0510e+02
20250428_08:00:00   1.1324e-01   3.3685e+01   2.1618e+00   0.0000e+00   0.0000e+00   3.0497e+02
20250428_09:00:00   1.1141e-01   3.3248e+01   2.1155e+00   0.0000e+00   0.0000e+00   3.0383e+02
20250428_10:00:00   1.1073e-01   3.3058e+01   2.1004e+00   0.0000e+00   2.1020e-07   3.0462e+02
20250428_11:00:00   1.1060e-01   3.2981e+01   2.1052e+00   0.0000e+00   4.4002e-05   3.0490e+02
20250428_12:00:00   1.0927e-01   3.2616e+01   2.0867e+00   0.0000e+00   9.4562e-05   3.0433e+02
20250428_13:00:00   1.1228e-01   3.3425e+01   2.1279e+00   0.0000e+00   0.0000e+00   3.0322e+02
20250428_14:00:00   1.2338e-01   3.6227e+01   2.3187e+00   0.0000e+00   9.6122e-06   3.0204e+02
20250428_15:00:00   1.3619e-01   3.9375e+01   2.5346e+00   0.0000e+00   2.0217e-03   2.9988e+02
20250428_16:00:00   1.3892e-01   3.9986e+01   2.5933e+00   0.0000e+00   9.2286e-03   2.9854e+02
20250428_17:00:00   1.5145e-01   4.2897e+01   2.8527e+00   0.0000e+00   1.1077e-02   2.9905e+02
20250428_18:00:00   1.3831e-01   3.9667e+01   2.6443e+00   0.0000e+00   7.3495e-03   2.9995e+02
20250428_19:00:00   1.3415e-01   3.8476e+01   2.6113e+00   0.0000e+00   5.8604e-03   3.0196e+02
20250428_20:00:00   1.2471e-01   3.6083e+01   2.4621e+00   0.0000e+00   3.3581e-03   3.0327e+02
20250428_21:00:00   1.2747e-01   3.6621e+01   2.5497e+00   0.0000e+00   1.1564e-02   3.0368e+02
20250428_22:00:00   1.3716e-01   3.8703e+01   2.7728e+00   0.0000e+00   6.1374e-02   3.0505e+02
20250428_23:00:00   1.4206e-01   3.9712e+01   2.9183e+00   0.0000e+00   2.6413e-02   3.0487e+02
20250429_00:00:00   1.4875e-01   4.1033e+01   3.1036e+00   0.0000e+00   2.0196e-02   3.0573e+02
20250429_01:00:00   1.4979e-01   4.1174e+01   3.1428e+00   0.0000e+00   2.4539e-02   3.0612e+02
20250429_02:00:00   1.5312e-01   4.1860e+01   3.2207e+00   0.0000e+00   3.7153e-02   3.0723e+02
20250429_03:00:00   1.5919e-01   4.3278e+01   3.3410e+00   1.8520e-06   4.6823e-02   3.0696e+02
20250429_04:00:00   1.7258e-01   4.6359e+01   3.6354e+00   3.4080e-06   2.2000e-02   3.0809e+02
20250429_05:00:00   1.9057e-01   5.0540e+01   3.9998e+00   8.1580e-08   7.6902e-03   3.0910e+02
20250429_06:00:00   2.2158e-01   5.7237e+01   4.6647e+00   1.2170e-06   1.1044e-02   3.1031e+02
20250429_09:00:00   3.9275e-01   9.1289e+01   7.3148e+00   1.4150e-02   1.7424e-02   3.1852e+02
20250429_12:00:00   3.4319e-01   8.2329e+01   6.1528e+00   1.5881e-02   4.6331e-03   3.2757e+02
20250429_15:00:00   3.2501e-01   8.0388e+01   3.2652e+00   5.8340e-02   0.0000e+00   3.2307e+02
20250429_18:00:00   2.3740e-01   6.1860e+01   4.0970e+00   1.0855e-02   0.0000e+00   3.2144e+02
20250429_21:00:00   1.1940e-01   3.5087e+01   2.2059e+00   3.6220e-04   0.0000e+00   3.2091e+02
20250430_00:00:00   1.3233e-01   3.8286e+01   2.3815e+00   1.5696e-03   0.0000e+00   3.2354e+02
20250430_03:00:00   1.3701e-01   3.9373e+01   2.5727e+00   3.9844e-04   0.0000e+00   3.2226e+02
20250430_06:00:00   1.4020e-01   4.0053e+01   2.6907e+00   1.2930e-04   0.0000e+00   3.2579e+02
20250430_09:00:00   1.4713e-01   4.1709e+01   2.7992e+00   4.9480e-04   0.0000e+00   3.2658e+02
20250430_12:00:00   1.6371e-01   4.5681e+01   3.0929e+00   2.9003e-04   0.0000e+00   3.2380e+02
20250430_15:00:00   1.6869e-01   4.6941e+01   3.1591e+00   3.7305e-04   0.0000e+00   3.1969e+02
20250430_18:00:00   1.5477e-01   4.3825e+01   2.8504e+00   1.3841e-03   0.0000e+00   3.1921e+02
20250430_21:00:00   1.3753e-01   3.9746e+01   2.5598e+00   0.0000e+00   0.0000e+00   3.2020e+02
20250501_00:00:00   1.2758e-01   3.7373e+01   2.3350e+00   0.0000e+00   0.0000e+00   3.1775e+02
20250501_03:00:00   1.1424e-01   3.4077e+01   2.0624e+00   2.7220e-06   0.0000e+00   3.1722e+02
20250501_06:00:00   1.0310e-01   3.1291e+01   1.8323e+00   1.0740e-05   0.0000e+00   3.2077e+02
20250501_09:00:00   9.7689e-02   2.9928e+01   1.7195e+00   1.0730e-05   0.0000e+00   3.2105e+02
20250501_12:00:00   1.0500e-01   3.1781e+01   1.8526e+00   2.2490e-06   0.0000e+00   3.2012e+02
20250501_15:00:00   1.6832e-01   4.7049e+01   2.8636e+00   2.7630e-03   0.0000e+00   3.1981e+02
20250501_18:00:00   1.5073e-01   4.2934e+01   2.7212e+00   3.4870e-05   0.0000e+00   3.2195e+02
20250501_21:00:00   1.2583e-01   3.6922e+01   2.2759e+00   1.0070e-06   0.0000e+00   3.2244e+02
20250502_00:00:00   1.1099e-01   3.3256e+01   1.9965e+00   0.0000e+00   0.0000e+00   3.2367e+02
20250502_03:00:00   1.0802e-01   3.2477e+01   1.9471e+00   0.0000e+00   0.0000e+00   3.2383e+02
20250502_06:00:00   1.0743e-01   3.2327e+01   1.9256e+00   1.1250e-05   0.0000e+00   3.2293e+02
20250502_09:00:00   1.0571e-01   3.1870e+01   1.9055e+00   0.0000e+00   0.0000e+00   3.2642e+02
20250502_12:00:00   1.2534e-01   3.6688e+01   2.2656e+00   5.1200e-08   0.0000e+00   3.2878e+02
20250502_15:00:00   1.5458e-01   4.3781e+01   2.7835e+00   6.7000e-06   0.0000e+00   3.2678e+02
20250502_18:00:00   1.5353e-01   4.3432e+01   2.7079e+00   2.5210e-03   2.0120e-06   3.2683e+02
20250502_21:00:00   1.2704e-01   3.6786e+01   2.4322e+00   0.0000e+00   5.7018e-03   3.2742e+02
20250503_00:00:00   1.3368e-01   3.8004e+01   2.6546e+00   0.0000e+00   1.0736e-03   3.2804e+02
20250503_03:00:00   1.3448e-01   3.7696e+01   2.7801e+00   0.0000e+00   4.9179e-02   3.2391e+02
20250503_06:00:00   1.9279e-01   5.0309e+01   4.1219e+00   0.0000e+00   1.2951e-01   3.2477e+02
20250503_09:00:00   2.5013e-01   6.2467e+01   5.2956e+00   0.0000e+00   6.7251e-02   3.2703e+02
20250503_12:00:00   3.0142e-01   7.3159e+01   6.2348e+00   0.0000e+00   2.9506e-02   3.2894e+02
20250503_15:00:00   4.7142e-01   1.0422e+02   9.3373e+00   0.0000e+00   1.0969e-01   3.2194e+02
20250503_18:00:00   4.6248e-01   1.0297e+02   9.2215e+00   0.0000e+00   1.9064e-03   3.2072e+02
20250503_21:00:00   3.5506e-01   8.3950e+01   7.1874e+00   0.0000e+00   0.0000e+00   3.1982e+02
20250504_00:00:00   3.2952e-01   7.8875e+01   6.7022e+00   0.0000e+00   6.3200e-06   3.2492e+02
20250504_03:00:00   3.0592e-01   7.4325e+01   6.2345e+00   0.0000e+00   7.0060e-08   3.2814e+02
20250504_06:00:00   3.0458e-01   7.4006e+01   6.2113e+00   0.0000e+00   1.5995e-03   3.3333e+02
20250504_09:00:00   2.8569e-01   7.0283e+01   5.8674e+00   0.0000e+00   1.3415e-03   3.3917e+02
20250504_12:00:00   3.0430e-01   7.3915e+01   6.2486e+00   2.8160e-05   1.5201e-03   3.3918e+02
20250504_15:00:00   3.2174e-01   7.8006e+01   6.4183e+00   5.1098e-04   0.0000e+00   3.3849e+02
20250504_18:00:00   3.4157e-01   8.1730e+01   6.8829e+00   5.7880e-04   0.0000e+00   3.3571e+02
20250504_21:00:00   3.5848e-01   8.4948e+01   7.2376e+00   0.0000e+00   0.0000e+00   3.3548e+02
20250505_00:00:00   3.4865e-01   8.3416e+01   6.9043e+00   2.5120e-04   0.0000e+00   3.2948e+02
20250505_03:00:00   3.1532e-01   7.7115e+01   6.2469e+00   0.0000e+00   0.0000e+00   3.2916e+02
20250505_06:00:00   2.7390e-01   6.8901e+01   5.4530e+00   0.0000e+00   0.0000e+00   3.2797e+02
20250505_09:00:00   2.0417e-01   5.4345e+01   4.0239e+00   9.5550e-05   0.0000e+00   3.2661e+02
20250505_12:00:00   1.3957e-01   3.9869e+01   2.6605e+00   9.0765e-05   0.0000e+00   3.2764e+02
20250505_15:00:00   1.1862e-01   3.5056e+01   2.1760e+00   1.0816e-04   0.0000e+00   3.2381e+02
20250505_18:00:00   1.1853e-01   3.5105e+01   2.1702e+00   2.6480e-06   0.0000e+00   3.2548e+02
20250505_21:00:00   1.0032e-01   3.0601e+01   1.8118e+00   0.0000e+00   0.0000e+00   3.3002e+02
20250506_00:00:00   1.0232e-01   3.1082e+01   1.8594e+00   0.0000e+00   0.0000e+00   3.2622e+02
20250506_03:00:00   1.0752e-01   3.2306e+01   1.9974e+00   0.0000e+00   0.0000e+00   3.2371e+02
20250506_06:00:00   1.0780e-01   3.2290e+01   2.0293e+00   0.0000e+00   0.0000e+00   3.2580e+02
20250506_09:00:00   1.0077e-01   3.0511e+01   1.8946e+00   0.0000e+00   0.0000e+00   3.2557e+02
20250506_12:00:00   9.6070e-02   2.9364e+01   1.7949e+00   8.6500e-06   0.0000e+00   3.2713e+02
20250506_15:00:00   1.0337e-01   3.1249e+01   1.9386e+00   1.8820e-05   0.0000e+00   3.2662e+02
20250506_18:00:00   9.0991e-02   2.8064e+01   1.7161e+00   0.0000e+00   0.0000e+00   3.2620e+02
20250506_21:00:00   8.8655e-02   2.7357e+01   1.7035e+00   0.0000e+00   0.0000e+00   3.2141e+02
20250507_00:00:00   9.4173e-02   2.8652e+01   1.8439e+00   0.0000e+00   4.5840e-04   3.1901e+02
20250507_03:00:00   9.5920e-02   2.9007e+01   1.8976e+00   0.0000e+00   0.0000e+00   3.1658e+02
20250507_06:00:00   9.9632e-02   2.9886e+01   1.9915e+00   0.0000e+00   0.0000e+00   3.1597e+02
20250507_09:00:00   1.0238e-01   3.0559e+01   2.0598e+00   0.0000e+00   0.0000e+00   3.1634e+02
20250507_12:00:00   1.1397e-01   3.3441e+01   2.3027e+00   2.1390e-05   0.0000e+00   3.1628e+02
20250507_15:00:00   1.2955e-01   3.7211e+01   2.6385e+00   7.5170e-07   0.0000e+00   3.1380e+02
20250507_18:00:00   1.3638e-01   3.8831e+01   2.7944e+00   3.2210e-06   0.0000e+00   3.1426e+02
20250507_21:00:00   1.4623e-01   4.1128e+01   3.0128e+00   0.0000e+00   0.0000e+00   3.1426e+02
20250508_00:00:00   1.4756e-01   4.1277e+01   3.0662e+00   0.0000e+00   0.0000e+00   3.1491e+02
20250508_03:00:00   1.3812e-01   3.9146e+01   2.8372e+00   0.0000e+00   0.0000e+00   3.1362e+02
20250508_06:00:00   1.3199e-01   3.7829e+01   2.6736e+00   0.0000e+00   0.0000e+00   3.1460e+02
20250508_09:00:00   1.2625e-01   3.6579e+01   2.5243e+00   0.0000e+00   0.0000e+00   3.1574e+02
20250508_12:00:00   1.2754e-01   3.6956e+01   2.5420e+00   0.0000e+00   0.0000e+00   3.1523e+02
20250508_15:00:00   1.4032e-01   4.0093e+01   2.7932e+00   4.6400e-06   0.0000e+00   3.1288e+02
20250508_18:00:00   1.4223e-01   4.0505e+01   2.8710e+00   0.0000e+00   0.0000e+00   3.1258e+02
20250508_21:00:00   1.5403e-01   4.3008e+01   3.2051e+00   0.0000e+00   9.1620e-05   3.1415e+02
20250509_00:00:00   1.7861e-01   4.8403e+01   3.7863e+00   0.0000e+00   5.2379e-04   3.1240e+02
20250509_03:00:00   2.0585e-01   5.4229e+01   4.4014e+00   0.0000e+00   8.1860e-06   3.1190e+02
20250509_06:00:00   2.3607e-01   6.0679e+01   5.0372e+00   0.0000e+00   3.3100e-04   3.1092e+02
20250509_09:00:00   2.5341e-01   6.4362e+01   5.3790e+00   0.0000e+00   0.0000e+00   3.1451e+02
20250509_12:00:00   2.7283e-01   6.8355e+01   5.7456e+00   2.0900e-05   1.0552e-05   3.1443e+02
20250509_15:00:00   2.8929e-01   7.1838e+01   6.0265e+00   4.1800e-06   1.1229e-04   3.1209e+02
20250509_18:00:00   2.8323e-01   7.0516e+01   5.9533e+00   4.9100e-06   1.7534e-04   3.1367e+02
20250509_21:00:00   2.7208e-01   6.8105e+01   5.7736e+00   0.0000e+00   0.0000e+00   3.1704e+02
20250510_00:00:00   2.7339e-01   6.8313e+01   5.8077e+00   0.0000e+00   5.3440e-03   3.2051e+02
20250510_03:00:00   2.3906e-01   6.1552e+01   4.9446e+00   1.1900e-04   4.0576e-04   3.2210e+02
20250510_06:00:00   1.9068e-01   5.1188e+01   3.8763e+00   0.0000e+00   8.1160e-06   3.2060e+02
