#            date       tau255        Tb[K]      pwv[mm] lwp[kg*m^-2] iwp[kg*m^-2]       o3[DU]
20251215_06:00:00   5.1507e-01   1.1107e+02   7.0522e+00   8.4618e-03   2.4799e-03   3.7154e+02
20251215_07:00:00   5.1460e-01   1.1103e+02   7.1130e+00   7.7510e-03   6.8874e-03   3.7033e+02
20251215_08:00:00   5.0193e-01   1.0916e+02   7.0370e+00   3.6984e-03   6.9028e-03   3.6394e+02
20251215_09:00:00   4.8761e-01   1.0695e+02   6.9406e+00   1.2684e-04   1.0886e-02   3.6082e+02
20251215_10:00:00   4.8778e-01   1.0701e+02   6.9736e+00   0.0000e+00   8.6534e-03   3.5510e+02
20251215_11:00:00   5.0761e-01   1.1009e+02   7.3472e+00   0.0000e+00   1.0780e-02   3.4190e+02
20251215_12:00:00   5.4509e-01   1.1591e+02   7.9014e+00   2.9020e-04   2.1201e-02   3.4180e+02
20251215_13:00:00   6.6399e-01   1.3329e+02   8.3409e+00   3.5028e-02   2.1062e-02   3.4126e+02
20251215_14:00:00   8.7577e-01   1.5939e+02   9.1590e+00   1.0175e-01   5.2122e-03   3.5341e+02
20251215_15:00:00   8.8860e-01   1.6105e+02   9.4017e+00   9.9281e-02   2.6052e-03   3.5513e+02
20251215_16:00:00   9.5140e-01   1.6786e+02   1.0034e+01   1.0630e-01   4.4927e-03   3.5414e+02
20251215_17:00:00   1.0495e+00   1.7759e+02   1.0967e+01   1.1901e-01   1.2718e-02   3.5226e+02
20251215_18:00:00   1.0492e+00   1.7769e+02   1.1439e+01   1.0328e-01   1.0224e-02   3.5410e+02
20251215_19:00:00   1.3041e+00   1.9862e+02   1.1812e+01   1.9816e-01   2.1244e-02   3.5291e+02
20251215_20:00:00   1.2571e+00   1.9527e+02   1.1799e+01   1.7741e-01   9.8190e-03   3.5090e+02
20251215_21:00:00   1.4185e+00   2.0660e+02   1.1875e+01   2.4421e-01   1.5520e-02   3.4389e+02
20251215_22:00:00   1.4617e+00   2.0949e+02   1.1959e+01   2.6067e-01   1.7345e-02   3.4065e+02
20251215_23:00:00   1.5056e+00   2.1254e+02   1.2158e+01   2.7185e-01   1.7531e-02   3.3968e+02
20251216_00:00:00   1.5672e+00   2.1635e+02   1.2243e+01   2.9336e-01   1.9652e-02   3.3801e+02
20251216_01:00:00   1.5046e+00   2.1285e+02   1.2107e+01   2.6910e-01   1.0980e-02   3.3715e+02
20251216_02:00:00   1.4279e+00   2.0814e+02   1.2148e+01   2.3594e-01   6.8089e-03   3.3907e+02
20251216_03:00:00   1.3933e+00   2.0594e+02   1.2323e+01   2.1722e-01   6.4250e-03   3.4400e+02
20251216_04:00:00   1.1726e+00   1.8949e+02   1.2471e+01   1.2277e-01   2.3765e-03   3.4284e+02
20251216_05:00:00   9.0742e-01   1.6409e+02   1.2346e+01   2.0267e-02   1.0025e-03   3.3632e+02
20251216_06:00:00   9.0539e-01   1.6377e+02   1.2457e+01   1.9142e-02   2.1346e-03   3.3762e+02
20251216_07:00:00   9.9172e-01   1.7270e+02   1.2561e+01   5.3101e-02   1.5353e-03   3.3707e+02
20251216_08:00:00   1.0133e+00   1.7485e+02   1.2726e+01   5.7442e-02   1.3429e-03   3.3701e+02
20251216_09:00:00   9.8205e-01   1.7179e+02   1.3028e+01   3.6339e-02   1.1083e-03   3.4015e+02
20251216_10:00:00   9.3421e-01   1.6696e+02   1.2997e+01   1.5906e-02   6.1036e-04   3.4203e+02
20251216_11:00:00   9.4447e-01   1.6807e+02   1.3068e+01   1.6858e-02   6.4699e-04   3.4133e+02
20251216_12:00:00   1.0100e+00   1.7454e+02   1.3298e+01   4.0521e-02   3.0897e-02   3.4037e+02
20251216_13:00:00   9.5344e-01   1.6879e+02   1.3156e+01   2.1334e-02   2.5659e-02   3.3976e+02
20251216_14:00:00   9.6516e-01   1.6983e+02   1.3222e+01   2.5480e-02   4.1233e-02   3.3944e+02
20251216_15:00:00   9.5779e-01   1.6886e+02   1.3236e+01   2.3378e-02   8.8866e-02   3.3927e+02
20251216_16:00:00   9.0462e-01   1.6304e+02   1.3271e+01   9.9290e-04   1.4187e-01   3.3983e+02
20251216_17:00:00   8.9781e-01   1.6218e+02   1.3222e+01   0.0000e+00   1.4307e-01   3.4388e+02
20251216_18:00:00   8.4666e-01   1.5646e+02   1.2385e+01   1.4814e-04   6.6556e-02   3.4513e+02
20251216_19:00:00   7.9874e-01   1.5097e+02   1.1471e+01   2.1978e-03   8.5795e-03   3.4385e+02
20251216_20:00:00   7.8392e-01   1.4908e+02   1.1121e+01   4.8377e-03   1.1598e-02   3.4907e+02
20251216_21:00:00   7.5697e-01   1.4557e+02   1.0832e+01   2.2118e-03   1.3260e-02   3.4900e+02
20251216_22:00:00   7.3159e-01   1.4225e+02   1.0387e+01   6.2870e-03   5.9289e-03   3.4910e+02
20251216_23:00:00   6.4377e-01   1.3054e+02   9.3226e+00   8.6480e-05   4.1284e-04   3.4657e+02
20251217_00:00:00   5.6232e-01   1.1901e+02   8.0192e+00   0.0000e+00   0.0000e+00   3.4326e+02
20251217_01:00:00   5.1719e-01   1.1219e+02   7.2809e+00   0.0000e+00   0.0000e+00   3.4272e+02
20251217_02:00:00   4.7409e-01   1.0526e+02   6.6663e+00   0.0000e+00   0.0000e+00   3.4467e+02
20251217_03:00:00   4.3597e-01   9.8939e+01   6.1008e+00   0.0000e+00   0.0000e+00   3.4730e+02
20251217_04:00:00   3.9411e-01   9.1648e+01   5.5103e+00   0.0000e+00   0.0000e+00   3.5039e+02
20251217_05:00:00   3.6424e-01   8.6314e+01   5.0687e+00   0.0000e+00   0.0000e+00   3.4330e+02
20251217_06:00:00   3.4746e-01   8.3240e+01   4.8016e+00   0.0000e+00   0.0000e+00   3.3970e+02
20251217_07:00:00   3.3159e-01   8.0240e+01   4.5680e+00   0.0000e+00   0.0000e+00   3.4510e+02
20251217_08:00:00   3.1111e-01   7.6268e+01   4.2751e+00   0.0000e+00   0.0000e+00   3.4507e+02
20251217_09:00:00   2.9905e-01   7.3811e+01   4.1148e+00   0.0000e+00   0.0000e+00   3.4725e+02
20251217_10:00:00   2.8521e-01   7.0908e+01   3.9759e+00   0.0000e+00   0.0000e+00   3.4711e+02
20251217_11:00:00   2.7553e-01   6.8818e+01   3.8974e+00   0.0000e+00   0.0000e+00   3.4773e+02
20251217_12:00:00   2.7895e-01   6.9280e+01   4.0631e+00   0.0000e+00   0.0000e+00   3.4904e+02
20251217_13:00:00   2.9046e-01   7.1364e+01   4.3487e+00   0.0000e+00   0.0000e+00   3.5067e+02
20251217_14:00:00   3.0061e-01   7.3240e+01   4.5756e+00   0.0000e+00   0.0000e+00   3.5081e+02
20251217_15:00:00   3.0406e-01   7.3851e+01   4.6757e+00   0.0000e+00   0.0000e+00   3.4731e+02
20251217_16:00:00   3.1555e-01   7.5938e+01   4.9160e+00   0.0000e+00   0.0000e+00   3.4555e+02
20251217_17:00:00   3.3526e-01   7.9587e+01   5.2782e+00   0.0000e+00   0.0000e+00   3.4800e+02
20251217_18:00:00   3.0721e-01   7.4467e+01   4.7326e+00   0.0000e+00   0.0000e+00   3.4470e+02
20251217_19:00:00   3.1760e-01   7.6415e+01   4.9184e+00   0.0000e+00   0.0000e+00   3.4261e+02
20251217_20:00:00   3.0466e-01   7.4055e+01   4.6782e+00   0.0000e+00   0.0000e+00   3.4236e+02
20251217_21:00:00   3.0190e-01   7.3531e+01   4.6216e+00   0.0000e+00   0.0000e+00   3.4240e+02
20251217_22:00:00   3.0376e-01   7.3872e+01   4.6668e+00   0.0000e+00   0.0000e+00   3.4227e+02
20251217_23:00:00   3.1737e-01   7.6446e+01   4.9291e+00   0.0000e+00   0.0000e+00   3.3769e+02
20251218_00:00:00   3.3183e-01   7.9178e+01   5.1851e+00   0.0000e+00   5.0060e-07   3.4039e+02
20251218_01:00:00   3.3881e-01   8.0528e+01   5.3039e+00   0.0000e+00   0.0000e+00   3.3220e+02
20251218_02:00:00   3.3756e-01   8.0425e+01   5.2593e+00   0.0000e+00   0.0000e+00   3.2110e+02
20251218_03:00:00   3.4901e-01   8.2622e+01   5.4486e+00   0.0000e+00   5.0060e-07   3.2186e+02
20251218_04:00:00   3.4550e-01   8.2179e+01   5.3500e+00   0.0000e+00   0.0000e+00   3.2152e+02
20251218_05:00:00   3.4352e-01   8.1936e+01   5.3022e+00   0.0000e+00   0.0000e+00   3.2520e+02
20251218_06:00:00   3.5745e-01   8.4602e+01   5.5448e+00   0.0000e+00   0.0000e+00   3.2519e+02
20251218_07:00:00   3.6491e-01   8.6096e+01   5.6343e+00   0.0000e+00   0.0000e+00   3.2264e+02
20251218_08:00:00   3.7454e-01   8.7968e+01   5.7475e+00   0.0000e+00   0.0000e+00   3.2261e+02
20251218_09:00:00   3.8138e-01   8.9305e+01   5.8178e+00   0.0000e+00   0.0000e+00   3.2288e+02
20251218_10:00:00   3.8777e-01   9.0469e+01   5.9277e+00   0.0000e+00   0.0000e+00   3.2575e+02
20251218_11:00:00   3.8031e-01   8.9151e+01   5.8243e+00   0.0000e+00   0.0000e+00   3.2707e+02
20251218_12:00:00   3.6724e-01   8.6771e+01   5.6411e+00   0.0000e+00   0.0000e+00   3.2508e+02
20251218_13:00:00   3.5408e-01   8.4331e+01   5.4464e+00   0.0000e+00   0.0000e+00   3.2617e+02
20251218_14:00:00   3.3824e-01   8.1299e+01   5.2221e+00   0.0000e+00   0.0000e+00   3.2624e+02
20251218_15:00:00   3.2473e-01   7.8665e+01   5.0251e+00   0.0000e+00   0.0000e+00   3.2633e+02
20251218_16:00:00   3.1025e-01   7.5875e+01   4.7872e+00   0.0000e+00   0.0000e+00   3.2525e+02
20251218_17:00:00   2.9564e-01   7.3036e+01   4.5540e+00   0.0000e+00   0.0000e+00   3.2219e+02
20251218_18:00:00   2.8225e-01   7.0375e+01   4.3612e+00   0.0000e+00   0.0000e+00   3.1807e+02
20251218_19:00:00   2.7032e-01   6.7972e+01   4.1807e+00   0.0000e+00   0.0000e+00   3.1973e+02
20251218_20:00:00   2.6498e-01   6.6901e+01   4.0899e+00   0.0000e+00   6.4060e-06   3.2369e+02
20251218_21:00:00   2.6417e-01   6.6733e+01   4.0952e+00   0.0000e+00   3.3740e-04   3.2849e+02
20251218_22:00:00   2.6545e-01   6.7030e+01   4.1231e+00   0.0000e+00   4.2534e-04   3.3008e+02
20251218_23:00:00   2.6574e-01   6.7125e+01   4.1288e+00   0.0000e+00   1.1092e-03   3.3289e+02
20251219_00:00:00   2.6776e-01   6.7516e+01   4.1707e+00   0.0000e+00   7.6200e-04   3.3366e+02
20251219_01:00:00   2.6952e-01   6.7812e+01   4.2041e+00   0.0000e+00   1.1908e-03   3.3431e+02
20251219_02:00:00   2.6205e-01   6.6297e+01   4.0578e+00   0.0000e+00   1.9440e-04   3.3445e+02
20251219_03:00:00   2.5467e-01   6.4824e+01   3.9180e+00   0.0000e+00   2.7000e-03   3.3148e+02
20251219_04:00:00   2.3920e-01   6.1655e+01   3.6622e+00   0.0000e+00   2.4560e-03   3.3137e+02
20251219_05:00:00   2.6414e-01   6.6528e+01   4.1795e+00   0.0000e+00   1.1606e-02   3.3206e+02
20251219_06:00:00   2.7758e-01   6.9599e+01   4.3285e+00   0.0000e+00   1.1828e-04   3.3178e+02
20251219_07:00:00   3.6285e-01   8.6516e+01   5.5489e+00   0.0000e+00   0.0000e+00   3.3195e+02
20251219_08:00:00   4.4549e-01   1.0170e+02   6.6358e+00   0.0000e+00   3.4197e-05   3.3353e+02
20251219_09:00:00   5.2266e-01   1.1462e+02   7.6542e+00   0.0000e+00   0.0000e+00   3.3332e+02
20251219_10:00:00   5.7700e-01   1.2344e+02   8.2595e+00   1.5194e-05   0.0000e+00   3.3417e+02
20251219_11:00:00   6.5237e-01   1.3455e+02   9.3429e+00   0.0000e+00   0.0000e+00   3.3454e+02
20251219_12:00:00   7.3213e-01   1.4550e+02   1.0368e+01   0.0000e+00   0.0000e+00   3.3520e+02
20251219_13:00:00   7.7782e-01   1.5144e+02   1.0910e+01   0.0000e+00   0.0000e+00   3.3708e+02
20251219_14:00:00   8.0130e-01   1.5449e+02   1.1200e+01   0.0000e+00   3.9380e-05   3.3503e+02
20251219_15:00:00   8.1755e-01   1.5662e+02   1.1459e+01   2.7540e-05   2.0074e-03   3.3489e+02
20251219_16:00:00   9.1093e-01   1.6714e+02   1.2431e+01   1.2594e-02   1.2875e-02   3.3466e+02
20251219_17:00:00   1.4669e+00   2.1335e+02   1.4045e+01   2.0200e-01   3.4851e-03   3.3228e+02
20251219_18:00:00   1.7967e+00   2.3090e+02   1.5756e+01   2.9456e-01   1.0024e-03   3.3200e+02
20251219_19:00:00   1.5767e+00   2.2015e+02   1.6823e+01   1.6389e-01   2.2868e-04   3.2786e+02
20251219_20:00:00   1.7972e+00   2.3166e+02   1.7353e+01   2.3207e-01   3.5551e-04   3.2757e+02
20251219_21:00:00   1.6255e+00   2.2374e+02   1.7869e+01   1.4065e-01   1.0020e-03   3.2676e+02
20251219_22:00:00   1.6336e+00   2.2460e+02   1.7946e+01   1.3598e-01   6.3009e-04   3.2703e+02
20251219_23:00:00   1.7918e+00   2.3285e+02   1.7602e+01   2.0574e-01   1.1572e-05   3.2828e+02
20251220_00:00:00   1.9097e+00   2.3773e+02   1.7302e+01   2.5983e-01   3.9357e-04   3.2999e+02
20251220_01:00:00   1.9371e+00   2.3905e+02   1.7221e+01   2.7169e-01   2.4977e-04   3.3022e+02
20251220_02:00:00   2.2819e+00   2.5078e+02   1.7095e+01   4.1285e-01   4.0511e-06   3.3200e+02
20251220_03:00:00   2.1822e+00   2.4784e+02   1.6522e+01   3.9000e-01   0.0000e+00   3.3276e+02
20251220_04:00:00   1.5213e+00   2.1876e+02   1.5499e+01   1.5756e-01   0.0000e+00   3.3200e+02
20251220_05:00:00   1.4577e+00   2.1487e+02   1.4902e+01   1.4824e-01   0.0000e+00   3.3150e+02
20251220_06:00:00   1.7299e+00   2.3001e+02   1.4345e+01   2.7146e-01   0.0000e+00   3.3477e+02
20251220_09:00:00   1.0652e+00   1.8233e+02   1.2588e+01   7.5397e-02   2.9487e-03   3.3198e+02
20251220_12:00:00   5.1654e-01   1.1253e+02   8.1075e+00   0.0000e+00   3.9264e-05   3.2976e+02
20251220_15:00:00   5.4615e-01   1.1576e+02   8.9371e+00   0.0000e+00   2.3346e-02   3.3740e+02
20251220_18:00:00   5.1868e-01   1.1046e+02   8.6814e+00   0.0000e+00   5.4905e-02   3.3407e+02
20251220_21:00:00   3.8500e-01   8.7766e+01   6.3269e+00   0.0000e+00   8.0398e-03   3.3921e+02
20251221_00:00:00   2.5312e-01   6.2459e+01   3.9846e+00   0.0000e+00   1.4685e-02   3.5010e+02
20251221_03:00:00   2.0107e-01   5.1905e+01   2.9012e+00   0.0000e+00   3.6570e-03   3.5153e+02
20251221_06:00:00   1.6628e-01   4.4725e+01   2.1240e+00   0.0000e+00   6.8820e-06   3.6693e+02
20251221_09:00:00   1.5863e-01   4.3055e+01   1.9177e+00   0.0000e+00   1.4412e-04   3.6367e+02
20251221_12:00:00   1.5366e-01   4.1929e+01   1.7622e+00   0.0000e+00   0.0000e+00   3.6663e+02
20251221_15:00:00   1.3248e-01   3.7136e+01   1.4659e+00   0.0000e+00   0.0000e+00   3.6478e+02
20251221_18:00:00   1.4663e-01   4.0342e+01   1.7063e+00   0.0000e+00   0.0000e+00   3.6841e+02
20251221_21:00:00   2.2035e-01   5.6410e+01   2.8156e+00   0.0000e+00   8.1020e-07   3.5754e+02
20251222_00:00:00   2.8340e-01   6.9272e+01   3.7679e+00   0.0000e+00   4.8746e-06   3.6060e+02
20251222_03:00:00   2.8920e-01   7.0671e+01   3.9035e+00   0.0000e+00   4.8574e-06   3.6611e+02
20251222_06:00:00   3.0436e-01   7.3767e+01   4.2233e+00   0.0000e+00   6.2560e-08   3.5628e+02
20251222_09:00:00   3.1190e-01   7.5457e+01   4.3551e+00   0.0000e+00   0.0000e+00   3.5495e+02
20251222_12:00:00   3.1654e-01   7.6702e+01   4.3438e+00   0.0000e+00   0.0000e+00   3.6299e+02
20251222_15:00:00   3.4110e-01   8.1340e+01   4.7132e+00   0.0000e+00   0.0000e+00   3.5434e+02
20251222_18:00:00   3.5605e-01   8.4049e+01   5.0472e+00   0.0000e+00   4.8000e-05   3.5155e+02
20251222_21:00:00   3.4635e-01   8.2323e+01   4.8539e+00   0.0000e+00   1.7658e-03   3.4877e+02
20251223_00:00:00   3.5100e-01   8.3207e+01   4.9959e+00   0.0000e+00   4.3552e-03   3.4323e+02
20251223_03:00:00   3.8571e-01   8.9229e+01   5.8672e+00   0.0000e+00   1.5306e-02   3.4236e+02
20251223_06:00:00   4.7245e-01   1.0349e+02   7.6719e+00   0.0000e+00   3.4947e-02   3.3686e+02
20251223_09:00:00   4.8802e-01   1.0555e+02   7.9510e+00   0.0000e+00   2.0824e-01   3.3389e+02
20251223_12:00:00   8.1399e-01   1.5088e+02   1.2827e+01   0.0000e+00   2.7218e-01   3.3302e+02
20251223_15:00:00   9.4399e-01   1.6556e+02   1.4074e+01   0.0000e+00   4.5582e-01   3.4327e+02
20251223_18:00:00   9.4392e-01   1.6596e+02   1.3334e+01   1.5023e-04   2.6614e-01   3.5021e+02
20251223_21:00:00   8.2334e-01   1.5350e+02   1.1001e+01   1.0149e-02   8.7815e-05   3.4990e+02
20251224_00:00:00   6.0051e-01   1.2474e+02   8.1768e+00   2.3594e-03   2.2341e-05   3.4610e+02
20251224_03:00:00   5.1137e-01   1.1135e+02   7.2534e+00   0.0000e+00   1.7763e-03   3.4234e+02
20251224_06:00:00   4.4571e-01   1.0077e+02   6.4012e+00   0.0000e+00   5.5378e-03   3.4403e+02
20251224_09:00:00   4.3281e-01   9.8638e+01   6.2040e+00   0.0000e+00   9.7479e-03   3.4109e+02
20251224_12:00:00   4.6197e-01   1.0333e+02   6.8031e+00   0.0000e+00   1.0215e-02   3.3182e+02
20251224_15:00:00   5.2782e-01   1.1383e+02   7.8785e+00   0.0000e+00   5.4097e-03   3.3176e+02
20251224_18:00:00   7.1397e-01   1.4012e+02   1.0860e+01   8.9860e-04   1.5200e-02   3.2139e+02
20251224_21:00:00   1.0224e+00   1.7348e+02   1.5671e+01   2.0119e-03   1.2509e-01   3.2181e+02
20251225_00:00:00   1.3171e+00   1.9842e+02   1.6475e+01   9.3090e-02   4.5466e-01   3.2496e+02
20251225_03:00:00   1.4886e+00   2.1002e+02   1.5965e+01   1.7424e-01   5.6635e-01   3.1999e+02
20251225_06:00:00   1.4928e+00   2.1014e+02   1.5071e+01   2.0015e-01   5.9590e-01   3.2058e+02
20251225_09:00:00   8.0691e-01   1.4967e+02   1.2012e+01   1.2318e-02   2.6866e-02   3.2133e+02
20251225_12:00:00   5.6251e-01   1.1768e+02   8.2671e+00   1.5599e-04   2.6394e-02   3.1731e+02
20251225_15:00:00   4.0965e-01   9.2676e+01   5.8485e+00   0.0000e+00   7.2503e-03   3.2524e+02
20251225_18:00:00   3.5427e-01   8.2390e+01   4.9322e+00   0.0000e+00   8.4980e-03   3.2839e+02
20251225_21:00:00   3.0208e-01   7.1995e+01   4.2524e+00   0.0000e+00   4.1670e-02   3.4760e+02
20251226_00:00:00   2.3490e-01   5.8874e+01   2.9827e+00   0.0000e+00   0.0000e+00   3.7074e+02
20251226_03:00:00   2.0442e-01   5.2451e+01   2.5206e+00   0.0000e+00   0.0000e+00   3.7996e+02
20251226_06:00:00   1.9588e-01   5.0594e+01   2.4069e+00   0.0000e+00   0.0000e+00   3.6756e+02
20251226_09:00:00   2.0040e-01   5.1296e+01   2.4191e+00   0.0000e+00   0.0000e+00   3.5516e+02
20251226_12:00:00   1.8336e-01   4.7540e+01   2.1895e+00   0.0000e+00   1.1753e-05   3.6259e+02
20251226_15:00:00   1.6795e-01   4.4168e+01   1.9706e+00   0.0000e+00   0.0000e+00   3.7364e+02
20251226_18:00:00   1.5839e-01   4.2048e+01   1.8529e+00   0.0000e+00   0.0000e+00   3.7590e+02
20251226_21:00:00   1.7028e-01   4.4544e+01   2.0946e+00   0.0000e+00   0.0000e+00   3.8536e+02
20251227_00:00:00   2.2633e-01   5.6139e+01   3.0316e+00   0.0000e+00   0.0000e+00   4.0400e+02
20251227_03:00:00   3.1093e-01   7.2723e+01   4.3347e+00   0.0000e+00   1.3088e-05   4.0824e+02
20251227_06:00:00   3.6584e-01   8.3232e+01   5.0705e+00   0.0000e+00   1.9446e-05   4.0495e+02
20251227_09:00:00   4.8642e-01   1.0374e+02   6.8586e+00   0.0000e+00   1.3890e-02   4.0394e+02
20251227_12:00:00   5.0635e-01   1.0784e+02   6.8996e+00   1.0635e-05   3.4419e-02   4.1110e+02
20251227_15:00:00   5.1234e-01   1.0902e+02   7.1441e+00   1.0506e-04   1.8319e-02   4.1100e+02
20251227_18:00:00   5.4790e-01   1.1558e+02   7.1080e+00   9.1656e-03   2.6551e-02   4.1017e+02
20251227_21:00:00   4.4244e-01   9.8725e+01   5.9979e+00   0.0000e+00   4.4860e-03   4.0636e+02
20251228_00:00:00   4.9430e-01   1.0742e+02   6.5582e+00   0.0000e+00   6.3893e-04   4.0105e+02
20251228_03:00:00   4.8061e-01   1.0513e+02   6.4053e+00   0.0000e+00   1.2965e-04   3.9758e+02
20251228_06:00:00   4.6514e-01   1.0252e+02   6.2304e+00   2.1240e-04   4.6981e-04   3.9060e+02
20251228_09:00:00   4.0265e-01   9.1578e+01   5.3757e+00   3.6205e-03   3.8035e-04   3.7653e+02
20251228_12:00:00   3.4382e-01   8.0433e+01   4.8451e+00   0.0000e+00   1.1769e-03   3.9414e+02
20251228_15:00:00   3.4720e-01   8.0520e+01   5.1070e+00   0.0000e+00   2.6425e-03   3.8977e+02
20251228_18:00:00   3.9255e-01   8.8461e+01   5.7974e+00   0.0000e+00   8.7516e-03   3.7663e+02
20251228_21:00:00   4.6866e-01   1.0093e+02   6.8839e+00   0.0000e+00   1.5652e-01   3.7448e+02
20251229_00:00:00   5.2024e-01   1.0878e+02   7.4710e+00   0.0000e+00   2.9577e-01   3.9853e+02
20251229_03:00:00   4.9351e-01   1.0507e+02   6.9952e+00   0.0000e+00   2.6309e-02   3.8691e+02
20251229_06:00:00   5.0489e-01   1.0718e+02   6.9584e+00   0.0000e+00   1.3645e-01   4.0149e+02
20251229_09:00:00   5.0963e-01   1.0828e+02   6.8620e+00   2.4947e-04   2.7461e-02   3.8924e+02
20251229_12:00:00   4.5451e-01   9.9346e+01   6.0646e+00   0.0000e+00   2.9897e-03   3.8241e+02
20251229_15:00:00   3.8805e-01   8.7335e+01   5.3552e+00   0.0000e+00   1.6271e-02   3.6772e+02
20251229_18:00:00   3.4984e-01   7.9955e+01   4.8561e+00   0.0000e+00   4.1503e-02   3.6819e+02
20251229_21:00:00   3.5574e-01   8.1106e+01   4.8467e+00   0.0000e+00   4.1464e-03   3.7770e+02
20251230_00:00:00   3.4339e-01   7.8919e+01   4.6330e+00   0.0000e+00   1.0778e-04   4.0519e+02
20251230_03:00:00   3.1827e-01   7.4232e+01   4.3051e+00   0.0000e+00   2.3663e-05   4.2295e+02
20251230_06:00:00   3.2618e-01   7.5801e+01   4.3478e+00   5.7660e-06   4.2137e-03   4.1237e+02
20251230_09:00:00   3.2966e-01   7.6521e+01   4.3190e+00   0.0000e+00   3.5731e-03   4.0345e+02
20251230_12:00:00   2.6623e-01   6.4225e+01   3.4663e+00   0.0000e+00   7.0970e-06   4.1950e+02
20251230_15:00:00   2.7135e-01   6.5089e+01   3.5787e+00   0.0000e+00   1.3874e-05   4.0854e+02
20251230_18:00:00   2.6897e-01   6.4734e+01   3.5186e+00   0.0000e+00   1.3534e-05   3.8542e+02
20251230_21:00:00   2.5955e-01   6.3064e+01   3.3371e+00   0.0000e+00   2.4935e-06   3.7824e+02
20251231_00:00:00   2.2321e-01   5.5958e+01   2.7689e+00   0.0000e+00   0.0000e+00   3.7924e+02
20251231_03:00:00   1.8823e-01   4.8785e+01   2.3045e+00   0.0000e+00   0.0000e+00   3.9305e+02
20251231_06:00:00   1.7009e-01   4.4958e+01   2.1219e+00   0.0000e+00   0.0000e+00   4.1062e+02
