#            date       tau255        Tb[K]      pwv[mm] lwp[kg*m^-2] iwp[kg*m^-2]       o3[DU]
20250620_18:00:00   4.4578e+00   2.8785e+02   4.9797e+01   3.7843e-01   2.8282e-03   2.9774e+02
20250620_19:00:00   3.6106e+00   2.8323e+02   4.7717e+01   1.2921e-01   3.5185e-02   2.9894e+02
20250620_20:00:00   3.3635e+00   2.8095e+02   4.4456e+01   1.3922e-01   4.4840e-02   2.9864e+02
20250620_21:00:00   3.1998e+00   2.7911e+02   4.0657e+01   1.9095e-01   2.0237e-01   2.9996e+02
20250620_22:00:00   3.0576e+00   2.7718e+02   3.8434e+01   2.0826e-01   6.2322e-02   3.0023e+02
20250620_23:00:00   2.6541e+00   2.7003e+02   3.5627e+01   1.3831e-01   1.7108e-01   3.0134e+02
20250621_00:00:00   2.1488e+00   2.5612e+02   3.2551e+01   3.7432e-02   1.6558e-01   3.0205e+02
20250621_01:00:00   2.0150e+00   2.5101e+02   3.2059e+01   7.9876e-03   2.3142e-01   3.0391e+02
20250621_02:00:00   2.0806e+00   2.5333e+02   3.3621e+01   4.1686e-03   2.1948e-01   3.0128e+02
20250621_03:00:00   1.9766e+00   2.4934e+02   3.3005e+01   5.9220e-04   5.5962e-01   3.0064e+02
20250621_04:00:00   2.2032e+00   2.5705e+02   3.5391e+01   3.4882e-02   6.7411e-01   3.0228e+02
20250621_05:00:00   2.6590e+00   2.6801e+02   3.8549e+01   1.4542e-01   7.0985e-01   2.9991e+02
20250621_06:00:00   3.3105e+00   2.7715e+02   4.0723e+01   3.5692e-01   6.4039e-01   2.9933e+02
20250621_07:00:00   3.7487e+00   2.8073e+02   4.2108e+01   4.9099e-01   7.0580e-01   2.9686e+02
20250621_08:00:00   3.0473e+00   2.7394e+02   3.9797e+01   2.7363e-01   3.0681e-01   2.9793e+02
20250621_09:00:00   2.1458e+00   2.5486e+02   3.3923e+01   4.9240e-02   1.7950e-01   3.0029e+02
20250621_10:00:00   1.8543e+00   2.4418e+02   2.9813e+01   3.4600e-05   1.3631e-01   3.0348e+02
20250621_11:00:00   1.7858e+00   2.4094e+02   2.7473e+01   0.0000e+00   3.8764e-03   3.0453e+02
20250621_12:00:00   1.6470e+00   2.3380e+02   2.5140e+01   0.0000e+00   3.4961e-02   3.0484e+02
20250621_13:00:00   1.6200e+00   2.3206e+02   2.4461e+01   1.8544e-05   2.1065e-02   3.0419e+02
20250621_14:00:00   1.5757e+00   2.2920e+02   2.4199e+01   0.0000e+00   1.0044e-01   3.0425e+02
20250621_15:00:00   1.4992e+00   2.2455e+02   2.2941e+01   0.0000e+00   4.9609e-02   3.0636e+02
20250621_16:00:00   1.4481e+00   2.2123e+02   2.1874e+01   1.4032e-04   1.5196e-01   3.0872e+02
20250621_17:00:00   1.4593e+00   2.2198e+02   2.1602e+01   4.0200e-04   1.9336e-01   3.0962e+02
20250621_18:00:00   1.4947e+00   2.2441e+02   2.1771e+01   1.1210e-03   1.6668e-02   3.0995e+02
20250621_19:00:00   1.5535e+00   2.2812e+02   2.2186e+01   3.3414e-03   4.6116e-04   3.1097e+02
20250621_20:00:00   1.6183e+00   2.3195e+02   2.2520e+01   1.6179e-02   5.1565e-03   3.1139e+02
20250621_21:00:00   1.6140e+00   2.3193e+02   2.1903e+01   2.7015e-02   1.9790e-03   3.1405e+02
20250621_22:00:00   1.5100e+00   2.2579e+02   2.1341e+01   3.5676e-03   2.3658e-03   3.1600e+02
20250621_23:00:00   1.5144e+00   2.2629e+02   2.1426e+01   6.6440e-04   4.5861e-04   3.1801e+02
20250622_00:00:00   1.5572e+00   2.2924e+02   2.2225e+01   0.0000e+00   1.7808e-06   3.1945e+02
20250622_01:00:00   1.5911e+00   2.3165e+02   2.2952e+01   0.0000e+00   2.0701e-03   3.1867e+02
20250622_02:00:00   1.5684e+00   2.3085e+02   2.2901e+01   0.0000e+00   0.0000e+00   3.2444e+02
20250622_03:00:00   1.5178e+00   2.2822e+02   2.2523e+01   0.0000e+00   0.0000e+00   3.3508e+02
20250622_04:00:00   1.5520e+00   2.3048e+02   2.3260e+01   0.0000e+00   0.0000e+00   3.3519e+02
20250622_05:00:00   1.5818e+00   2.3237e+02   2.3814e+01   0.0000e+00   0.0000e+00   3.3275e+02
20250622_06:00:00   1.6390e+00   2.3572e+02   2.4606e+01   0.0000e+00   0.0000e+00   3.3414e+02
20250622_07:00:00   1.6837e+00   2.3819e+02   2.5291e+01   0.0000e+00   0.0000e+00   3.3225e+02
20250622_08:00:00   1.7473e+00   2.4149e+02   2.6351e+01   0.0000e+00   0.0000e+00   3.2718e+02
20250622_09:00:00   1.7772e+00   2.4298e+02   2.6697e+01   0.0000e+00   0.0000e+00   3.2167e+02
20250622_10:00:00   1.7105e+00   2.3952e+02   2.5698e+01   0.0000e+00   0.0000e+00   3.2119e+02
20250622_11:00:00   1.6325e+00   2.3513e+02   2.4711e+01   0.0000e+00   0.0000e+00   3.2218e+02
20250622_12:00:00   1.5683e+00   2.3126e+02   2.3802e+01   0.0000e+00   3.5840e-04   3.2389e+02
20250622_13:00:00   1.5464e+00   2.2975e+02   2.3521e+01   0.0000e+00   4.1000e-04   3.2576e+02
20250622_14:00:00   1.5252e+00   2.2831e+02   2.3364e+01   0.0000e+00   9.3696e-04   3.2735e+02
20250622_15:00:00   1.5328e+00   2.2853e+02   2.3469e+01   0.0000e+00   0.0000e+00   3.3046e+02
20250622_16:00:00   1.5359e+00   2.2855e+02   2.3585e+01   0.0000e+00   0.0000e+00   3.3049e+02
20250622_17:00:00   1.5681e+00   2.3036e+02   2.4012e+01   0.0000e+00   0.0000e+00   3.3054e+02
20250622_18:00:00   1.6173e+00   2.3311e+02   2.4685e+01   0.0000e+00   0.0000e+00   3.2913e+02
20250622_19:00:00   1.6543e+00   2.3506e+02   2.5151e+01   0.0000e+00   0.0000e+00   3.2983e+02
20250622_20:00:00   1.6635e+00   2.3551e+02   2.5252e+01   0.0000e+00   0.0000e+00   3.3064e+02
20250622_21:00:00   1.6397e+00   2.3417e+02   2.4974e+01   0.0000e+00   0.0000e+00   3.3231e+02
20250622_22:00:00   1.6410e+00   2.3433e+02   2.5023e+01   0.0000e+00   0.0000e+00   3.3306e+02
20250622_23:00:00   1.6246e+00   2.3371e+02   2.4798e+01   0.0000e+00   0.0000e+00   3.3567e+02
20250623_00:00:00   1.6001e+00   2.3272e+02   2.4424e+01   0.0000e+00   0.0000e+00   3.3580e+02
20250623_01:00:00   1.5765e+00   2.3183e+02   2.4079e+01   0.0000e+00   0.0000e+00   3.3522e+02
20250623_02:00:00   1.5372e+00   2.3007e+02   2.3536e+01   0.0000e+00   0.0000e+00   3.3729e+02
20250623_03:00:00   1.5254e+00   2.2997e+02   2.3344e+01   0.0000e+00   0.0000e+00   3.3954e+02
20250623_04:00:00   1.4943e+00   2.2858e+02   2.3018e+01   0.0000e+00   0.0000e+00   3.4047e+02
20250623_05:00:00   1.5088e+00   2.2995e+02   2.3228e+01   0.0000e+00   0.0000e+00   3.4028e+02
20250623_06:00:00   1.5105e+00   2.3044e+02   2.3259e+01   0.0000e+00   0.0000e+00   3.3944e+02
20250623_07:00:00   1.5413e+00   2.3257e+02   2.3732e+01   0.0000e+00   0.0000e+00   3.3805e+02
20250623_08:00:00   1.6088e+00   2.3677e+02   2.4601e+01   0.0000e+00   0.0000e+00   3.3831e+02
20250623_09:00:00   1.7291e+00   2.4342e+02   2.6009e+01   0.0000e+00   0.0000e+00   3.3750e+02
20250623_10:00:00   1.8314e+00   2.4841e+02   2.7256e+01   0.0000e+00   0.0000e+00   3.3688e+02
20250623_11:00:00   1.9013e+00   2.5136e+02   2.8127e+01   0.0000e+00   0.0000e+00   3.3483e+02
20250623_12:00:00   1.8860e+00   2.5052e+02   2.8117e+01   0.0000e+00   0.0000e+00   3.3192e+02
20250623_13:00:00   1.9216e+00   2.5177e+02   2.8825e+01   0.0000e+00   0.0000e+00   3.2983e+02
20250623_14:00:00   1.9433e+00   2.5251e+02   2.9153e+01   0.0000e+00   0.0000e+00   3.2752e+02
20250623_15:00:00   1.9286e+00   2.5180e+02   2.9028e+01   0.0000e+00   0.0000e+00   3.2472e+02
20250623_16:00:00   1.9255e+00   2.5156e+02   2.9160e+01   0.0000e+00   0.0000e+00   3.2079e+02
20250623_17:00:00   1.9392e+00   2.5198e+02   2.9361e+01   0.0000e+00   0.0000e+00   3.1980e+02
20250623_18:00:00   2.0020e+00   2.5429e+02   3.0011e+01   0.0000e+00   0.0000e+00   3.1944e+02
20250623_19:00:00   1.9770e+00   2.5321e+02   2.9694e+01   0.0000e+00   0.0000e+00   3.1723e+02
20250623_20:00:00   1.9637e+00   2.5255e+02   2.9513e+01   0.0000e+00   0.0000e+00   3.1619e+02
20250623_21:00:00   1.9878e+00   2.5333e+02   2.9711e+01   0.0000e+00   1.3392e-04   3.1753e+02
20250623_22:00:00   2.0341e+00   2.5499e+02   3.0198e+01   0.0000e+00   6.0360e-05   3.1785e+02
20250623_23:00:00   2.1035e+00   2.5757e+02   3.1034e+01   0.0000e+00   1.2924e-03   3.1640e+02
20250624_00:00:00   2.0164e+00   2.5487e+02   2.9856e+01   0.0000e+00   1.1469e-03   3.1613e+02
20250624_01:00:00   2.0469e+00   2.5640e+02   3.0258e+01   0.0000e+00   1.5340e-02   3.1593e+02
20250624_02:00:00   2.0371e+00   2.5644e+02   3.0242e+01   0.0000e+00   2.7842e-02   3.1730e+02
20250624_03:00:00   2.0838e+00   2.5846e+02   3.1062e+01   0.0000e+00   7.8961e-03   3.1863e+02
20250624_04:00:00   2.0445e+00   2.5746e+02   3.0689e+01   3.1790e-06   3.7583e-03   3.2007e+02
20250624_05:00:00   2.1107e+00   2.6007e+02   3.1625e+01   0.0000e+00   3.1477e-03   3.2054e+02
20250624_06:00:00   2.1315e+00   2.6111e+02   3.1990e+01   2.1480e-04   1.4537e-03   3.2120e+02
20250624_07:00:00   2.3051e+00   2.6667e+02   3.3823e+01   1.5760e-02   2.3874e-03   3.1552e+02
20250624_08:00:00   2.4183e+00   2.6993e+02   3.4198e+01   4.4980e-02   2.1731e-03   3.1486e+02
20250624_09:00:00   2.4237e+00   2.7020e+02   3.5159e+01   7.2900e-03   2.5504e-03   3.1800e+02
20250624_10:00:00   2.4296e+00   2.7024e+02   3.5285e+01   0.0000e+00   1.8408e-03   3.1714e+02
20250624_11:00:00   2.4581e+00   2.7076e+02   3.5671e+01   0.0000e+00   3.6342e-03   3.1829e+02
20250624_12:00:00   2.4615e+00   2.7057e+02   3.5560e+01   0.0000e+00   2.8380e-03   3.1924e+02
20250624_13:00:00   2.4030e+00   2.6895e+02   3.4670e+01   0.0000e+00   8.5720e-03   3.1844e+02
20250624_14:00:00   2.4164e+00   2.6899e+02   3.4724e+01   0.0000e+00   9.2620e-03   3.1715e+02
20250624_15:00:00   2.3684e+00   2.6740e+02   3.4051e+01   0.0000e+00   5.2242e-03   3.1721e+02
20250624_16:00:00   2.3658e+00   2.6683e+02   3.3851e+01   0.0000e+00   1.8340e-03   3.1680e+02
20250624_17:00:00   2.3512e+00   2.6595e+02   3.3552e+01   0.0000e+00   2.6759e-03   3.1692e+02
20250624_18:00:00   2.3604e+00   2.6573e+02   3.3556e+01   0.0000e+00   6.4119e-03   3.1780e+02
20250624_19:00:00   2.3097e+00   2.6412e+02   3.2933e+01   0.0000e+00   4.3692e-03   3.1977e+02
20250624_20:00:00   2.2194e+00   2.6129e+02   3.1816e+01   0.0000e+00   2.2775e-03   3.2176e+02
20250624_21:00:00   2.0926e+00   2.5713e+02   3.0293e+01   0.0000e+00   2.7683e-03   3.2383e+02
20250624_22:00:00   1.9770e+00   2.5289e+02   2.8920e+01   0.0000e+00   3.5060e-03   3.2362e+02
20250624_23:00:00   1.9153e+00   2.5050e+02   2.8045e+01   0.0000e+00   9.8290e-03   3.2311e+02
20250625_00:00:00   1.9187e+00   2.5080e+02   2.7921e+01   0.0000e+00   6.5388e-03   3.2345e+02
20250625_01:00:00   1.9295e+00   2.5162e+02   2.7975e+01   0.0000e+00   9.3616e-03   3.2355e+02
20250625_02:00:00   1.8927e+00   2.5065e+02   2.7678e+01   0.0000e+00   2.0099e-02   3.2365e+02
20250625_03:00:00   1.9018e+00   2.5156e+02   2.7878e+01   0.0000e+00   1.9163e-02   3.2530e+02
20250625_04:00:00   1.9056e+00   2.5208e+02   2.8294e+01   0.0000e+00   8.0510e-03   3.2517e+02
20250625_05:00:00   1.9591e+00   2.5450e+02   2.9200e+01   0.0000e+00   4.5688e-03   3.2438e+02
20250625_06:00:00   2.0122e+00   2.5657e+02   3.0216e+01   0.0000e+00   1.5044e-03   3.2431e+02
20250625_07:00:00   2.0249e+00   2.5708e+02   3.0469e+01   0.0000e+00   2.9179e-03   3.2311e+02
20250625_08:00:00   2.1281e+00   2.6074e+02   3.1458e+01   1.7886e-03   1.1060e-03   3.2418e+02
20250625_09:00:00   2.0818e+00   2.5911e+02   3.0820e+01   0.0000e+00   5.7660e-06   3.2703e+02
20250625_10:00:00   1.9338e+00   2.5345e+02   2.8894e+01   0.0000e+00   0.0000e+00   3.3044e+02
20250625_11:00:00   1.8045e+00   2.4773e+02   2.7038e+01   0.0000e+00   0.0000e+00   3.3319e+02
20250625_12:00:00   1.8872e+00   2.5130e+02   2.7852e+01   0.0000e+00   0.0000e+00   3.3347e+02
20250625_13:00:00   1.9613e+00   2.5421e+02   2.8617e+01   0.0000e+00   0.0000e+00   3.3271e+02
20250625_14:00:00   1.9786e+00   2.5468e+02   2.8772e+01   0.0000e+00   0.0000e+00   3.3239e+02
20250625_15:00:00   1.9354e+00   2.5275e+02   2.8113e+01   0.0000e+00   0.0000e+00   3.3119e+02
20250625_16:00:00   1.9115e+00   2.5148e+02   2.7697e+01   0.0000e+00   0.0000e+00   3.2665e+02
20250625_17:00:00   1.7802e+00   2.4536e+02   2.5941e+01   0.0000e+00   0.0000e+00   3.2449e+02
20250625_18:00:00   1.7362e+00   2.4288e+02   2.5314e+01   0.0000e+00   0.0000e+00   3.2274e+02
20250625_21:00:00   1.8667e+00   2.4796e+02   2.6812e+01   0.0000e+00   2.6520e-06   3.2093e+02
20250626_00:00:00   1.6594e+00   2.3830e+02   2.4118e+01   0.0000e+00   9.0440e-04   3.2070e+02
20250626_03:00:00   1.5633e+00   2.3403e+02   2.3342e+01   0.0000e+00   7.7029e-03   3.1713e+02
20250626_06:00:00   1.5248e+00   2.3254e+02   2.3560e+01   0.0000e+00   4.1681e-04   3.1328e+02
20250626_09:00:00   1.6740e+00   2.4132e+02   2.5233e+01   0.0000e+00   1.1700e-03   3.1045e+02
20250626_12:00:00   1.7116e+00   2.4229e+02   2.5270e+01   0.0000e+00   8.2365e-03   3.0976e+02
20250626_15:00:00   1.8084e+00   2.4616e+02   2.6686e+01   0.0000e+00   2.0639e-02   3.0898e+02
20250626_18:00:00   1.7128e+00   2.4051e+02   2.5667e+01   0.0000e+00   3.8218e-02   3.0541e+02
20250626_21:00:00   1.6303e+00   2.3572e+02   2.5223e+01   0.0000e+00   6.1344e-02   3.0402e+02
20250627_00:00:00   1.7279e+00   2.4055e+02   2.6761e+01   0.0000e+00   2.5378e-01   3.0366e+02
20250627_03:00:00   1.7980e+00   2.4490e+02   2.8456e+01   0.0000e+00   2.1224e-02   3.0341e+02
20250627_06:00:00   1.9121e+00   2.5014e+02   3.1750e+01   2.1280e-05   3.2274e-02   3.0078e+02
20250627_09:00:00   2.1660e+00   2.5892e+02   3.5723e+01   1.6292e-02   1.7515e-02   2.9894e+02
20250627_12:00:00   2.8229e+00   2.7393e+02   3.9760e+01   1.8703e-01   1.7439e-02   2.9806e+02
20250627_15:00:00   2.4646e+00   2.6706e+02   4.0448e+01   9.9260e-04   7.7236e-03   2.9752e+02
20250627_18:00:00   2.6290e+00   2.7059e+02   4.2346e+01   0.0000e+00   1.0138e-02   2.9846e+02
20250627_21:00:00   2.8622e+00   2.7450e+02   4.5615e+01   0.0000e+00   7.8233e-02   2.9667e+02
20250628_00:00:00   2.9517e+00   2.7639e+02   4.6886e+01   0.0000e+00   1.1326e-02   2.9629e+02
20250628_03:00:00   2.9671e+00   2.7825e+02   4.7350e+01   0.0000e+00   1.6316e-02   2.9478e+02
20250628_06:00:00   3.1008e+00   2.8128e+02   4.9129e+01   2.0100e-03   2.9219e-01   2.9556e+02
20250628_09:00:00   3.2496e+00   2.8229e+02   5.0500e+01   2.3095e-02   1.0881e-01   2.9334e+02
20250628_12:00:00   3.3611e+00   2.8379e+02   5.1527e+01   2.9416e-02   1.2513e-01   2.9346e+02
20250628_15:00:00   3.6722e+00   2.8604e+02   5.4336e+01   5.8105e-02   7.5302e-02   2.9148e+02
20250628_18:00:00   3.9628e+00   2.8653e+02   5.6273e+01   8.7571e-02   1.5326e-01   2.9213e+02
20250628_21:00:00   5.7295e+00   2.8991e+02   5.6815e+01   7.5737e-01   2.0603e-01   2.9509e+02
20250629_00:00:00   5.4783e+00   2.8953e+02   5.7285e+01   6.1863e-01   1.6519e-01   2.9616e+02
20250629_03:00:00   6.7845e+00   2.9090e+02   5.7755e+01   1.1133e+00   2.8367e-01   2.9688e+02
20250629_06:00:00   4.2063e+00   2.8767e+02   5.5185e+01   1.6754e-01   2.7771e-01   3.0094e+02
20250629_09:00:00   3.6344e+00   2.8530e+02   5.2396e+01   3.4277e-02   2.3769e-01   3.0151e+02
20250629_12:00:00   3.6577e+00   2.8568e+02   5.0533e+01   7.8148e-02   1.0548e-02   3.0411e+02
20250629_15:00:00   4.3193e+00   2.8940e+02   5.2814e+01   2.5474e-01   3.0249e-02   3.0751e+02
20250629_18:00:00   3.8898e+00   2.8711e+02   5.1281e+01   1.1450e-01   9.6002e-03   3.0877e+02
20250629_21:00:00   3.7987e+00   2.8656e+02   5.0712e+01   8.8380e-02   4.0888e-02   3.1340e+02
20250630_00:00:00   3.7901e+00   2.8712e+02   5.1205e+01   5.3753e-02   3.2680e-04   3.2626e+02
20250630_03:00:00   3.7352e+00   2.8814e+02   5.2763e+01   2.5179e-02   7.5950e-04   3.1679e+02
20250630_06:00:00   3.9211e+00   2.9087e+02   5.4103e+01   7.2860e-02   3.5802e-03   3.1436e+02
20250630_09:00:00   3.9044e+00   2.8962e+02   5.5105e+01   2.7380e-02   1.3170e-03   3.1168e+02
20250630_12:00:00   3.5329e+00   2.8672e+02   5.1545e+01   3.5620e-05   2.4187e-03   3.0809e+02
20250630_15:00:00   3.7253e+00   2.8793e+02   5.3307e+01   0.0000e+00   7.1597e-03   3.0836e+02
20250630_18:00:00   3.9234e+00   2.8851e+02   5.5546e+01   1.0338e-04   9.9095e-03   3.0560e+02
20250630_21:00:00   4.0301e+00   2.8826e+02   5.6366e+01   8.3540e-04   2.6701e-02   3.0309e+02
20250701_00:00:00   4.0047e+00   2.8854e+02   5.6582e+01   3.5620e-06   3.0264e-02   3.0223e+02
20250701_03:00:00   3.8665e+00   2.8901e+02   5.5687e+01   0.0000e+00   1.4403e-02   3.0098e+02
20250701_06:00:00   3.6987e+00   2.8922e+02   5.3333e+01   1.3282e-02   3.8723e-03   3.0076e+02
20250701_09:00:00   3.7315e+00   2.8900e+02   5.4456e+01   0.0000e+00   1.0666e-03   2.9956e+02
20250701_12:00:00   3.5926e+00   2.8641e+02   5.2261e+01   0.0000e+00   5.8573e-03   3.0123e+02
20250701_15:00:00   3.6131e+00   2.8579e+02   5.2343e+01   4.9818e-05   4.4540e-03   3.0086e+02
20250701_18:00:00   4.0229e+00   2.8814e+02   5.4276e+01   8.8952e-02   1.0895e-03   2.9853e+02
20250701_21:00:00   4.5415e+00   2.8992e+02   5.2804e+01   3.1935e-01   5.2100e-05   3.0092e+02
20250702_00:00:00   3.6293e+00   2.8554e+02   5.1326e+01   1.2542e-02   0.0000e+00   2.9881e+02
20250702_03:00:00   3.3800e+00   2.8513e+02   4.9219e+01   6.7566e-04   0.0000e+00   3.0015e+02
20250702_06:00:00   3.6658e+00   2.8857e+02   4.7896e+01   1.6116e-01   2.1700e-04   3.0302e+02
20250702_09:00:00   3.2615e+00   2.8400e+02   4.8302e+01   4.0360e-05   1.8148e-03   2.9922e+02
20250702_12:00:00   3.3944e+00   2.8475e+02   5.0832e+01   0.0000e+00   2.0720e-03   3.0151e+02
20250702_15:00:00   3.6197e+00   2.8624e+02   5.3203e+01   0.0000e+00   3.9096e-03   2.9872e+02
20250702_18:00:00   3.6347e+00   2.8584e+02   5.3162e+01   0.0000e+00   3.2077e-04   2.9702e+02
20250702_21:00:00   3.5601e+00   2.8493e+02   5.2122e+01   0.0000e+00   2.4716e-03   2.9834e+02
20250703_00:00:00   3.3926e+00   2.8410e+02   4.9842e+01   1.6008e-03   2.9647e-03   2.9956e+02
20250703_03:00:00   3.2427e+00   2.8419e+02   4.8317e+01   2.8500e-04   3.5745e-03   3.0092e+02
20250703_06:00:00   3.2224e+00   2.8449e+02   4.8235e+01   7.3720e-03   5.1570e-05   3.0084e+02
20250703_09:00:00   3.1128e+00   2.8243e+02   4.7156e+01   0.0000e+00   5.7660e-05   3.0078e+02
20250703_12:00:00   2.9815e+00   2.7979e+02   4.5372e+01   0.0000e+00   0.0000e+00   2.9917e+02
20250703_15:00:00   2.9909e+00   2.7893e+02   4.4851e+01   0.0000e+00   0.0000e+00   2.9937e+02
20250703_18:00:00   3.0001e+00   2.7897e+02   4.5628e+01   0.0000e+00   0.0000e+00   2.9826e+02
20250703_21:00:00   3.3575e+00   2.8287e+02   4.9812e+01   0.0000e+00   0.0000e+00   2.9513e+02
20250704_00:00:00   3.4841e+00   2.8462e+02   5.0624e+01   7.4100e-03   0.0000e+00   2.9582e+02
20250704_03:00:00   3.4026e+00   2.8604e+02   5.0654e+01   7.0220e-03   0.0000e+00   2.9540e+02
20250704_06:00:00   3.4678e+00   2.8844e+02   5.0265e+01   5.5710e-02   0.0000e+00   2.9517e+02
20250704_09:00:00   3.9632e+00   2.9088e+02   5.6735e+01   2.3835e-02   0.0000e+00   2.9832e+02
20250704_12:00:00   3.8312e+00   2.8920e+02   5.4757e+01   1.4355e-03   0.0000e+00   3.0116e+02
20250704_15:00:00   4.8005e+00   2.9263e+02   5.5902e+01   2.9092e-01   0.0000e+00   3.0180e+02
20250704_18:00:00   4.2008e+00   2.9012e+02   5.7786e+01   2.4972e-02   0.0000e+00   2.9477e+02
20250704_21:00:00   4.1954e+00   2.9036e+02   5.6921e+01   5.3059e-02   0.0000e+00   2.9514e+02
20250705_00:00:00   3.9224e+00   2.8975e+02   5.5438e+01   1.2730e-03   0.0000e+00   2.9934e+02
20250705_03:00:00   3.9696e+00   2.9192e+02   5.6455e+01   3.3401e-03   0.0000e+00   3.0486e+02
20250705_06:00:00   4.9801e+00   2.9652e+02   6.1250e+01   2.7701e-01   2.3651e-05   2.9874e+02
20250705_09:00:00   5.4790e+00   2.9473e+02   6.6248e+01   3.7355e-01   1.0688e-01   2.9693e+02
20250705_12:00:00   5.8761e+00   2.9394e+02   6.7438e+01   4.7111e-01   4.8031e-01   2.9765e+02
20250705_15:00:00   6.5190e+00   2.9447e+02   6.6405e+01   7.8122e-01   2.5930e-01   2.9701e+02
20250705_18:00:00   6.7469e+00   2.9435e+02   6.7794e+01   7.7644e-01   1.1808e-02   2.9811e+02
20250705_21:00:00   4.8687e+00   2.9242e+02   6.6162e+01   4.6267e-02   1.4178e-03   2.9868e+02
20250706_00:00:00   5.4520e+00   2.9369e+02   6.4105e+01   3.1790e-01   3.8043e-05   3.0259e+02
20250706_03:00:00   4.8620e+00   2.9321e+02   6.1738e+01   1.2141e-01   3.4595e-05   3.0238e+02
20250706_06:00:00   4.3570e+00   2.9194e+02   5.7266e+01   4.0710e-02   7.0400e-03   3.0697e+02
20250706_09:00:00   3.9512e+00   2.9013e+02   5.2207e+01   7.5106e-03   0.0000e+00   3.0918e+02
20250706_12:00:00   3.8002e+00   2.8871e+02   5.0223e+01   6.5550e-04   0.0000e+00   3.1023e+02
20250706_15:00:00   3.6228e+00   2.8720e+02   4.8280e+01   6.4382e-04   0.0000e+00   3.1158e+02
20250706_18:00:00   4.4417e+00   2.9128e+02   4.8404e+01   2.7354e-01   2.7063e-05   3.1076e+02
