#            date       tau255        Tb[K]      pwv[mm] lwp[kg*m^-2] iwp[kg*m^-2]       o3[DU]
20250603_00:00:00   1.1857e+00   1.9953e+02   1.7872e+01   0.0000e+00   0.0000e+00   3.2012e+02
20250603_01:00:00   1.1951e+00   2.0028e+02   1.8178e+01   0.0000e+00   0.0000e+00   3.2069e+02
20250603_02:00:00   1.2228e+00   2.0296e+02   1.8425e+01   0.0000e+00   0.0000e+00   3.2252e+02
20250603_03:00:00   1.2942e+00   2.0906e+02   1.9098e+01   4.5580e-04   0.0000e+00   3.2413e+02
20250603_04:00:00   1.2880e+00   2.0886e+02   1.8614e+01   0.0000e+00   0.0000e+00   3.2550e+02
20250603_05:00:00   1.1214e+00   1.9509e+02   1.6321e+01   1.0438e-05   0.0000e+00   3.2534e+02
20250603_06:00:00   9.8527e-01   1.8180e+02   1.4574e+01   1.9694e-04   0.0000e+00   3.2844e+02
20250603_07:00:00   1.0151e+00   1.8471e+02   1.5279e+01   0.0000e+00   0.0000e+00   3.2963e+02
20250603_08:00:00   7.9417e-01   1.5883e+02   1.2700e+01   0.0000e+00   0.0000e+00   3.2701e+02
20250603_09:00:00   6.2057e-01   1.3436e+02   1.0257e+01   0.0000e+00   8.9600e-04   3.2530e+02
20250603_10:00:00   6.6998e-01   1.4107e+02   1.1208e+01   0.0000e+00   5.2978e-03   3.2319e+02
20250603_11:00:00   6.0489e-01   1.3163e+02   9.9548e+00   0.0000e+00   0.0000e+00   3.2494e+02
20250603_12:00:00   5.4933e-01   1.2274e+02   9.1234e+00   0.0000e+00   0.0000e+00   3.3282e+02
20250603_13:00:00   6.3155e-01   1.3543e+02   1.0389e+01   0.0000e+00   0.0000e+00   3.3539e+02
20250603_14:00:00   7.6113e-01   1.5292e+02   1.2432e+01   0.0000e+00   0.0000e+00   3.3994e+02
20250603_15:00:00   8.2817e-01   1.6094e+02   1.3500e+01   0.0000e+00   0.0000e+00   3.4638e+02
20250603_16:00:00   8.4097e-01   1.6218e+02   1.3762e+01   0.0000e+00   0.0000e+00   3.5892e+02
20250603_17:00:00   8.1971e-01   1.5961e+02   1.3308e+01   0.0000e+00   0.0000e+00   3.6406e+02
20250603_18:00:00   8.1877e-01   1.5959e+02   1.3226e+01   0.0000e+00   0.0000e+00   3.7191e+02
20250603_19:00:00   8.3377e-01   1.6175e+02   1.3477e+01   0.0000e+00   0.0000e+00   3.7580e+02
20250603_20:00:00   9.5076e-01   1.7536e+02   1.5062e+01   0.0000e+00   0.0000e+00   3.7863e+02
20250603_21:00:00   9.5524e-01   1.7595e+02   1.5023e+01   0.0000e+00   0.0000e+00   3.8650e+02
20250603_22:00:00   1.0354e+00   1.8428e+02   1.6157e+01   0.0000e+00   0.0000e+00   3.8666e+02
20250603_23:00:00   1.0657e+00   1.8700e+02   1.6780e+01   0.0000e+00   0.0000e+00   3.8346e+02
20250604_00:00:00   1.0618e+00   1.8620e+02   1.6997e+01   0.0000e+00   0.0000e+00   3.8048e+02
20250604_01:00:00   1.1065e+00   1.9038e+02   1.7642e+01   0.0000e+00   0.0000e+00   3.7872e+02
20250604_02:00:00   1.1452e+00   1.9401e+02   1.8097e+01   0.0000e+00   0.0000e+00   3.8034e+02
20250604_03:00:00   1.1203e+00   1.9198e+02   1.7682e+01   0.0000e+00   0.0000e+00   3.7925e+02
20250604_04:00:00   1.2080e+00   1.9970e+02   1.8866e+01   4.8360e-05   0.0000e+00   3.7835e+02
20250604_05:00:00   1.1069e+00   1.9157e+02   1.7009e+01   1.2514e-06   0.0000e+00   3.7738e+02
20250604_06:00:00   1.0868e+00   1.8979e+02   1.6518e+01   1.8672e-04   0.0000e+00   3.7777e+02
20250604_07:00:00   1.1096e+00   1.9200e+02   1.6598e+01   9.6360e-04   1.6204e-06   3.8009e+02
20250604_08:00:00   1.1775e+00   1.9788e+02   1.7072e+01   1.5076e-02   1.0224e-05   3.8103e+02
20250604_09:00:00   1.1449e+00   1.9529e+02   1.7064e+01   6.5200e-04   0.0000e+00   3.8825e+02
20250604_10:00:00   1.1455e+00   1.9554e+02   1.6982e+01   0.0000e+00   0.0000e+00   3.8950e+02
20250604_11:00:00   1.1099e+00   1.9240e+02   1.6436e+01   0.0000e+00   0.0000e+00   3.8835e+02
20250604_12:00:00   1.0804e+00   1.8979e+02   1.6089e+01   0.0000e+00   0.0000e+00   3.8278e+02
20250604_13:00:00   1.0758e+00   1.8954e+02   1.6020e+01   0.0000e+00   0.0000e+00   3.7778e+02
20250604_14:00:00   1.0704e+00   1.8909e+02   1.5876e+01   0.0000e+00   0.0000e+00   3.7708e+02
20250604_15:00:00   1.0107e+00   1.8335e+02   1.5087e+01   0.0000e+00   0.0000e+00   3.7817e+02
20250604_16:00:00   9.9719e-01   1.8196e+02   1.4908e+01   0.0000e+00   0.0000e+00   3.7721e+02
20250604_17:00:00   9.6615e-01   1.7884e+02   1.4516e+01   0.0000e+00   0.0000e+00   3.7855e+02
20250604_18:00:00   9.5434e-01   1.7759e+02   1.4403e+01   0.0000e+00   0.0000e+00   3.7886e+02
20250604_19:00:00   9.4124e-01   1.7625e+02   1.4131e+01   0.0000e+00   0.0000e+00   3.7433e+02
20250604_20:00:00   9.0989e-01   1.7279e+02   1.3593e+01   0.0000e+00   0.0000e+00   3.6927e+02
20250604_21:00:00   8.7555e-01   1.6887e+02   1.3205e+01   0.0000e+00   0.0000e+00   3.6507e+02
20250604_22:00:00   9.0173e-01   1.7186e+02   1.3654e+01   0.0000e+00   0.0000e+00   3.6133e+02
20250604_23:00:00   9.1697e-01   1.7364e+02   1.4123e+01   0.0000e+00   0.0000e+00   3.5782e+02
20250605_00:00:00   9.7033e-01   1.7948e+02   1.5538e+01   0.0000e+00   7.9540e-06   3.5651e+02
20250605_01:00:00   1.0336e+00   1.8615e+02   1.6955e+01   0.0000e+00   1.4834e-04   3.5277e+02
20250605_02:00:00   1.0405e+00   1.8701e+02   1.7306e+01   0.0000e+00   8.3174e-04   3.4878e+02
20250605_03:00:00   1.0586e+00   1.8869e+02   1.7728e+01   0.0000e+00   3.0898e-03   3.4121e+02
20250605_04:00:00   1.0301e+00   1.8593e+02   1.7531e+01   0.0000e+00   1.2954e-02   3.3826e+02
20250605_05:00:00   1.0935e+00   1.9198e+02   1.8881e+01   0.0000e+00   1.5263e-02   3.3797e+02
20250605_06:00:00   1.1773e+00   1.9951e+02   2.0358e+01   0.0000e+00   8.2141e-03   3.3791e+02
20250605_07:00:00   1.1896e+00   2.0063e+02   2.0619e+01   0.0000e+00   4.1136e-03   3.3621e+02
20250605_08:00:00   1.1858e+00   2.0015e+02   2.0605e+01   0.0000e+00   2.0403e-02   3.3400e+02
20250605_09:00:00   1.1643e+00   1.9823e+02   2.0325e+01   0.0000e+00   7.1674e-03   3.3369e+02
20250605_10:00:00   1.1463e+00   1.9670e+02   1.9978e+01   0.0000e+00   4.8134e-02   3.3307e+02
20250605_11:00:00   1.1545e+00   1.9734e+02   2.0116e+01   0.0000e+00   6.0927e-02   3.3377e+02
20250605_12:00:00   1.1289e+00   1.9521e+02   1.9675e+01   0.0000e+00   5.1297e-02   3.3337e+02
20250605_13:00:00   1.1108e+00   1.9365e+02   1.9371e+01   0.0000e+00   5.9781e-02   3.3409e+02
20250605_14:00:00   1.1135e+00   1.9373e+02   1.9314e+01   0.0000e+00   2.1224e-01   3.3473e+02
20250605_15:00:00   1.1376e+00   1.9577e+02   1.9859e+01   0.0000e+00   1.6771e-01   3.3796e+02
20250605_16:00:00   1.1258e+00   1.9485e+02   1.9648e+01   0.0000e+00   6.3898e-02   3.3979e+02
20250605_17:00:00   1.1162e+00   1.9413e+02   1.9371e+01   0.0000e+00   8.1221e-04   3.4234e+02
20250605_18:00:00   1.0985e+00   1.9249e+02   1.9043e+01   0.0000e+00   1.3836e-04   3.4190e+02
20250605_19:00:00   1.0672e+00   1.8950e+02   1.8506e+01   0.0000e+00   7.1080e-05   3.4220e+02
20250605_20:00:00   1.0324e+00   1.8615e+02   1.7917e+01   0.0000e+00   8.1020e-06   3.4364e+02
20250605_21:00:00   9.9925e-01   1.8267e+02   1.7303e+01   0.0000e+00   0.0000e+00   3.4582e+02
20250605_22:00:00   9.6701e-01   1.7912e+02   1.6754e+01   0.0000e+00   0.0000e+00   3.4597e+02
20250605_23:00:00   1.0130e+00   1.8398e+02   1.7268e+01   0.0000e+00   0.0000e+00   3.4414e+02
20250606_00:00:00   1.0741e+00   1.9062e+02   1.7905e+01   0.0000e+00   2.8360e-05   3.4287e+02
20250606_01:00:00   1.0753e+00   1.9137e+02   1.7856e+01   0.0000e+00   4.9000e-04   3.4258e+02
20250606_02:00:00   1.0412e+00   1.8861e+02   1.7364e+01   0.0000e+00   4.7678e-04   3.4417e+02
20250606_03:00:00   9.9658e-01   1.8428e+02   1.6992e+01   0.0000e+00   1.0340e-04   3.4401e+02
20250606_04:00:00   1.0329e+00   1.8810e+02   1.7765e+01   0.0000e+00   1.4818e-03   3.4353e+02
20250606_05:00:00   1.1569e+00   2.0016e+02   1.9585e+01   0.0000e+00   2.4384e-03   3.4265e+02
20250606_06:00:00   1.2452e+00   2.0796e+02   2.0772e+01   0.0000e+00   1.1475e-03   3.4362e+02
20250606_07:00:00   1.3705e+00   2.1742e+02   2.2727e+01   0.0000e+00   1.7666e-04   3.4233e+02
20250606_08:00:00   1.5167e+00   2.2705e+02   2.4877e+01   0.0000e+00   7.6130e-06   3.4028e+02
20250606_09:00:00   1.5682e+00   2.3017e+02   2.5523e+01   0.0000e+00   2.9781e-05   3.3823e+02
20250606_10:00:00   1.6011e+00   2.3211e+02   2.5814e+01   0.0000e+00   2.5860e-03   3.3809e+02
20250606_11:00:00   1.6419e+00   2.3420e+02   2.6184e+01   0.0000e+00   1.9365e-03   3.3835e+02
20250606_12:00:00   1.6717e+00   2.3568e+02   2.6572e+01   0.0000e+00   3.2058e-03   3.3790e+02
20250606_13:00:00   1.6694e+00   2.3541e+02   2.6420e+01   0.0000e+00   5.0233e-03   3.3679e+02
20250606_14:00:00   1.6594e+00   2.3482e+02   2.6218e+01   0.0000e+00   4.8726e-03   3.3672e+02
20250606_15:00:00   1.6390e+00   2.3360e+02   2.5842e+01   0.0000e+00   5.6445e-03   3.3707e+02
20250606_16:00:00   1.6438e+00   2.3381e+02   2.5856e+01   0.0000e+00   1.2153e-02   3.3652e+02
20250606_17:00:00   1.6657e+00   2.3482e+02   2.6113e+01   0.0000e+00   9.6840e-02   3.3651e+02
20250606_18:00:00   1.7010e+00   2.3650e+02   2.6609e+01   0.0000e+00   7.5470e-02   3.3605e+02
20250606_19:00:00   1.7328e+00   2.3805e+02   2.7054e+01   0.0000e+00   1.3891e-02   3.3658e+02
20250606_20:00:00   1.6903e+00   2.3588e+02   2.6439e+01   0.0000e+00   1.0800e-02   3.3524e+02
20250606_21:00:00   1.6368e+00   2.3302e+02   2.5762e+01   0.0000e+00   4.5548e-03   3.3363e+02
20250606_22:00:00   1.5955e+00   2.3062e+02   2.5297e+01   0.0000e+00   4.0605e-03   3.3533e+02
20250606_23:00:00   1.5589e+00   2.2850e+02   2.4929e+01   0.0000e+00   5.3413e-03   3.3635e+02
20250607_00:00:00   1.5164e+00   2.2615e+02   2.4443e+01   0.0000e+00   1.3378e-03   3.3714e+02
20250607_01:00:00   1.4893e+00   2.2483e+02   2.4140e+01   0.0000e+00   1.3476e-03   3.3646e+02
20250607_02:00:00   1.4664e+00   2.2355e+02   2.3903e+01   0.0000e+00   2.8430e-03   3.3586e+02
20250607_03:00:00   1.4697e+00   2.2394e+02   2.3975e+01   0.0000e+00   2.2762e-03   3.3849e+02
20250607_04:00:00   1.5039e+00   2.2614e+02   2.4517e+01   0.0000e+00   4.7793e-03   3.3979e+02
20250607_05:00:00   1.5703e+00   2.3033e+02   2.5180e+01   0.0000e+00   3.1764e-03   3.4253e+02
20250607_06:00:00   1.6101e+00   2.3272e+02   2.5563e+01   0.0000e+00   2.8902e-03   3.4040e+02
20250607_07:00:00   1.5676e+00   2.3039e+02   2.5025e+01   0.0000e+00   2.0142e-03   3.3854e+02
20250607_08:00:00   1.5018e+00   2.2634e+02   2.4304e+01   0.0000e+00   4.6763e-03   3.3682e+02
20250607_09:00:00   1.4873e+00   2.2510e+02   2.4369e+01   0.0000e+00   2.0178e-04   3.3790e+02
20250607_10:00:00   1.6085e+00   2.3200e+02   2.5991e+01   0.0000e+00   2.2023e-04   3.3531e+02
20250607_11:00:00   1.6295e+00   2.3272e+02   2.6416e+01   0.0000e+00   3.0004e-03   3.3250e+02
20250607_12:00:00   1.6231e+00   2.3194e+02   2.6598e+01   0.0000e+00   5.7158e-03   3.3150e+02
20250607_13:00:00   1.7029e+00   2.3591e+02   2.7936e+01   0.0000e+00   6.8223e-03   3.3243e+02
20250607_14:00:00   1.7940e+00   2.4031e+02   2.9035e+01   0.0000e+00   4.2265e-03   3.3361e+02
20250607_15:00:00   1.8383e+00   2.4233e+02   2.9378e+01   0.0000e+00   4.9826e-03   3.3295e+02
20250607_16:00:00   1.8983e+00   2.4483e+02   2.9903e+01   5.7560e-05   5.8003e-03   3.3199e+02
20250607_17:00:00   1.8592e+00   2.4322e+02   2.9234e+01   0.0000e+00   3.0286e-03   3.3142e+02
20250607_18:00:00   1.8926e+00   2.4457e+02   2.9357e+01   0.0000e+00   2.5341e-03   3.2912e+02
20250607_19:00:00   1.8815e+00   2.4413e+02   2.9176e+01   0.0000e+00   8.4143e-04   3.2859e+02
20250607_20:00:00   1.8402e+00   2.4244e+02   2.8307e+01   1.6812e-04   4.1320e-05   3.2809e+02
20250607_21:00:00   1.8612e+00   2.4336e+02   2.8242e+01   8.4840e-03   2.0768e-05   3.2905e+02
20250607_22:00:00   1.9162e+00   2.4567e+02   2.8435e+01   2.3620e-02   5.1082e-05   3.2870e+02
20250607_23:00:00   2.0010e+00   2.4900e+02   2.8721e+01   4.8000e-02   1.8052e-03   3.3026e+02
20250608_00:00:00   1.9622e+00   2.4772e+02   2.8861e+01   2.6740e-02   2.8762e-04   3.2977e+02
20250608_03:00:00   1.7837e+00   2.4150e+02   2.7725e+01   0.0000e+00   4.5533e-03   3.3139e+02
20250608_06:00:00   1.5421e+00   2.2955e+02   2.4135e+01   0.0000e+00   4.1420e-03   3.3239e+02
20250608_09:00:00   1.3974e+00   2.2002e+02   2.2070e+01   0.0000e+00   4.9329e-03   3.3208e+02
20250608_12:00:00   1.3940e+00   2.1938e+02   2.2102e+01   0.0000e+00   2.3792e-02   3.2899e+02
20250608_15:00:00   1.5574e+00   2.2962e+02   2.4412e+01   0.0000e+00   2.4862e-02   3.2927e+02
20250608_18:00:00   1.7473e+00   2.3931e+02   2.6621e+01   0.0000e+00   1.4181e-03   3.2959e+02
20250608_21:00:00   1.8417e+00   2.4310e+02   2.8146e+01   0.0000e+00   1.3212e-02   3.2640e+02
20250609_00:00:00   1.9931e+00   2.4962e+02   3.0892e+01   0.0000e+00   3.3585e-03   3.2509e+02
20250609_03:00:00   2.0710e+00   2.5412e+02   3.1666e+01   0.0000e+00   3.3176e-03   3.2790e+02
20250609_06:00:00   1.9584e+00   2.5162e+02   3.0063e+01   0.0000e+00   1.4706e-03   3.2701e+02
20250609_09:00:00   1.9812e+00   2.5247e+02   2.9762e+01   3.4424e-03   5.6660e-04   3.2859e+02
20250609_12:00:00   1.9950e+00   2.5274e+02   2.8913e+01   8.0520e-03   0.0000e+00   3.3508e+02
20250609_15:00:00   1.8648e+00   2.4702e+02   2.7192e+01   3.5580e-03   0.0000e+00   3.3290e+02
20250609_18:00:00   1.7715e+00   2.4217e+02   2.5437e+01   0.0000e+00   0.0000e+00   3.2326e+02
20250609_21:00:00   1.7135e+00   2.3883e+02   2.4927e+01   0.0000e+00   9.0260e-04   3.1963e+02
20250610_00:00:00   1.6320e+00   2.3462e+02   2.4733e+01   0.0000e+00   2.2060e-03   3.1862e+02
20250610_03:00:00   1.6193e+00   2.3518e+02   2.5586e+01   0.0000e+00   5.0602e-03   3.1426e+02
20250610_06:00:00   1.6176e+00   2.3581e+02   2.6166e+01   0.0000e+00   1.3991e-02   3.1356e+02
20250610_09:00:00   2.1369e+00   2.5927e+02   3.2154e+01   4.0001e-03   9.2872e-02   3.1284e+02
20250610_12:00:00   2.4991e+00   2.6758e+02   3.7136e+01   9.7475e-03   2.9946e-01   3.1360e+02
20250610_15:00:00   2.6370e+00   2.7078e+02   3.9183e+01   0.0000e+00   3.6630e-01   3.1488e+02
20250610_18:00:00   3.0242e+00   2.7615e+02   4.2541e+01   5.8938e-02   5.2013e-02   3.1751e+02
20250610_21:00:00   3.4519e+00   2.8037e+02   4.3736e+01   1.4542e-01   6.7190e-03   3.1846e+02
20250611_00:00:00   2.7890e+00   2.7207e+02   3.9124e+01   7.1730e-03   1.9586e-03   3.1940e+02
20250611_03:00:00   2.6380e+00   2.7081e+02   3.5900e+01   3.3952e-02   0.0000e+00   3.2357e+02
20250611_06:00:00   2.1934e+00   2.5968e+02   3.1376e+01   7.0062e-03   0.0000e+00   3.1931e+02
20250611_09:00:00   1.9915e+00   2.5213e+02   2.8610e+01   0.0000e+00   0.0000e+00   3.1899e+02
20250611_12:00:00   1.9390e+00   2.4955e+02   2.7088e+01   0.0000e+00   0.0000e+00   3.1481e+02
20250611_15:00:00   1.8119e+00   2.4357e+02   2.4941e+01   0.0000e+00   3.4600e-05   3.1755e+02
20250611_18:00:00   1.6786e+00   2.3664e+02   2.3192e+01   0.0000e+00   0.0000e+00   3.1812e+02
20250611_21:00:00   1.5993e+00   2.3194e+02   2.2024e+01   0.0000e+00   0.0000e+00   3.2012e+02
20250612_00:00:00   1.4652e+00   2.2434e+02   2.0497e+01   1.3673e-05   8.2700e-04   3.2024e+02
20250612_03:00:00   1.3219e+00   2.1542e+02   2.0162e+01   2.4110e-04   4.8355e-03   3.1857e+02
20250612_06:00:00   1.2825e+00   2.1291e+02   2.1015e+01   7.0260e-06   0.0000e+00   3.1446e+02
20250612_09:00:00   1.4550e+00   2.2520e+02   2.3522e+01   0.0000e+00   4.3261e-02   3.1277e+02
20250612_12:00:00   1.4952e+00   2.2730e+02   2.4117e+01   0.0000e+00   1.4752e-01   3.1409e+02
20250612_15:00:00   1.3989e+00   2.2087e+02   2.2527e+01   0.0000e+00   2.2196e-02   3.1580e+02
20250612_18:00:00   1.4716e+00   2.2514e+02   2.4042e+01   0.0000e+00   4.8990e-02   3.1571e+02
20250612_21:00:00   1.5425e+00   2.2938e+02   2.5137e+01   0.0000e+00   2.5507e-02   3.1698e+02
20250613_00:00:00   1.5719e+00   2.3103e+02   2.6181e+01   0.0000e+00   2.5858e-01   3.1345e+02
20250613_03:00:00   1.6993e+00   2.3857e+02   2.9010e+01   5.9260e-03   1.3357e-01   3.1177e+02
20250613_06:00:00   1.8086e+00   2.4435e+02   3.1254e+01   0.0000e+00   2.5638e-01   3.1560e+02
20250613_09:00:00   1.9412e+00   2.5096e+02   3.2789e+01   4.6271e-04   6.9168e-02   3.1726e+02
20250613_12:00:00   2.2512e+00   2.6257e+02   3.5881e+01   0.0000e+00   1.2888e-04   3.1942e+02
20250613_15:00:00   2.2992e+00   2.6356e+02   3.5868e+01   0.0000e+00   1.6043e-04   3.2185e+02
20250613_18:00:00   2.4335e+00   2.6618e+02   3.7541e+01   0.0000e+00   4.2740e-06   3.2195e+02
20250613_21:00:00   2.4092e+00   2.6453e+02   3.7040e+01   3.7992e-04   1.3568e-04   3.2457e+02
20250614_00:00:00   2.7167e+00   2.7141e+02   3.9960e+01   2.5487e-02   5.9481e-03   3.2884e+02
20250614_03:00:00   2.7260e+00   2.7260e+02   4.0069e+01   2.8207e-04   8.3120e-05   3.2792e+02
20250614_06:00:00   2.5672e+00   2.7042e+02   3.6986e+01   0.0000e+00   3.8620e-05   3.1654e+02
20250614_09:00:00   2.4057e+00   2.6639e+02   3.5019e+01   0.0000e+00   5.4900e-04   3.1424e+02
20250614_12:00:00   2.3272e+00   2.6352e+02   3.3552e+01   0.0000e+00   0.0000e+00   3.1030e+02
20250614_15:00:00   2.4835e+00   2.6683e+02   3.4839e+01   0.0000e+00   8.1020e-06   3.0961e+02
20250614_18:00:00   2.9222e+00   2.7534e+02   3.7078e+01   1.0029e-01   1.4821e-02   3.0696e+02
20250614_21:00:00   3.3352e+00   2.8104e+02   3.8008e+01   2.3284e-01   1.0606e-01   3.0518e+02
20250615_00:00:00   3.3601e+00   2.8172e+02   3.9433e+01   2.0557e-01   8.2951e-02   3.0589e+02
20250615_03:00:00   3.2380e+00   2.8087e+02   4.4500e+01   8.2061e-02   2.0341e-01   3.0392e+02
20250615_06:00:00   3.7160e+00   2.8545e+02   5.1151e+01   9.7215e-02   8.2350e-01   2.9994e+02
20250615_09:00:00   3.3489e+00   2.8111e+02   4.7316e+01   9.7870e-02   1.0060e+00   3.0066e+02
20250615_12:00:00   3.7999e+00   2.8291e+02   4.6360e+01   3.4875e-01   1.1904e+00   3.0397e+02
20250615_15:00:00   4.0335e+00   2.8302e+02   4.8580e+01   3.6466e-01   7.6534e-01   3.0238e+02
20250615_18:00:00   4.2235e+00   2.8345e+02   5.0232e+01   4.0766e-01   4.7244e-01   2.9992e+02
20250615_21:00:00   3.8713e+00   2.8204e+02   5.2955e+01   1.7100e-01   5.9989e-01   2.9785e+02
20250616_00:00:00   5.5428e+00   2.8710e+02   5.7096e+01   7.0758e-01   9.6212e-01   2.9432e+02
20250616_03:00:00   7.3370e+00   2.8850e+02   5.7786e+01   1.3895e+00   1.7587e-01   2.9547e+02
20250616_06:00:00   5.5153e+00   2.8678e+02   5.5983e+01   7.1945e-01   9.9268e-01   2.9980e+02
20250616_09:00:00   4.7303e+00   2.8530e+02   5.2611e+01   5.4117e-01   4.6186e-01   3.0134e+02
20250616_12:00:00   3.1227e+00   2.7583e+02   4.9125e+01   6.0179e-03   1.2919e-01   3.0478e+02
20250616_15:00:00   2.6457e+00   2.6803e+02   4.3199e+01   1.2670e-03   1.4728e-01   3.1183e+02
20250616_18:00:00   2.2565e+00   2.5866e+02   3.7308e+01   4.7462e-04   4.5050e-02   3.1706e+02
20250616_21:00:00   1.9747e+00   2.4931e+02   3.2172e+01   0.0000e+00   8.3421e-04   3.1912e+02
20250617_00:00:00   2.0133e+00   2.5149e+02   3.2881e+01   0.0000e+00   8.8915e-04   3.1900e+02
20250617_03:00:00   2.1449e+00   2.5746e+02   3.5033e+01   0.0000e+00   1.2901e-03   3.1693e+02
20250617_06:00:00   2.1060e+00   2.5778e+02   3.4184e+01   0.0000e+00   0.0000e+00   3.2245e+02
20250617_09:00:00   2.2515e+00   2.6300e+02   3.5249e+01   0.0000e+00   0.0000e+00   3.2330e+02
20250617_12:00:00   2.4720e+00   2.6839e+02   3.7922e+01   0.0000e+00   0.0000e+00   3.3334e+02
20250617_15:00:00   2.5174e+00   2.6924e+02   3.8072e+01   0.0000e+00   0.0000e+00   3.3705e+02
20250617_18:00:00   2.7382e+00   2.7307e+02   4.0493e+01   0.0000e+00   0.0000e+00   3.2924e+02
20250617_21:00:00   2.6980e+00   2.7195e+02   3.9236e+01   0.0000e+00   0.0000e+00   3.3255e+02
20250618_00:00:00   2.1821e+00   2.5951e+02   3.0948e+01   0.0000e+00   0.0000e+00   3.3187e+02
20250618_03:00:00   2.0781e+00   2.5729e+02   3.0349e+01   0.0000e+00   2.9123e-04   3.3003e+02
20250618_06:00:00   2.2088e+00   2.6333e+02   3.2089e+01   2.0692e-03   1.6792e-04   3.2685e+02
20250618_09:00:00   2.3719e+00   2.6779e+02   3.3360e+01   2.0220e-02   2.9780e-03   3.2301e+02
20250618_12:00:00   2.3456e+00   2.6584e+02   3.3810e+01   8.9720e-04   1.4910e-02   3.2264e+02
20250618_15:00:00   2.4419e+00   2.6817e+02   3.4961e+01   0.0000e+00   3.3487e-02   3.2245e+02
20250618_18:00:00   2.2682e+00   2.6339e+02   3.3086e+01   0.0000e+00   1.0728e-02   3.2108e+02
20250618_21:00:00   2.0230e+00   2.5466e+02   2.9927e+01   0.0000e+00   7.4137e-02   3.2217e+02
20250619_00:00:00   2.0513e+00   2.5544e+02   3.0630e+01   0.0000e+00   2.8077e-01   3.3032e+02
