#            date       tau255        Tb[K]      pwv[mm] lwp[kg*m^-2] iwp[kg*m^-2]       o3[DU]
20250620_00:00:00   7.5147e+00   2.9318e+02   6.2304e+01   1.2134e+00   9.4187e-01   3.0373e+02
20250620_01:00:00   6.3178e+00   2.9261e+02   6.1531e+01   7.6835e-01   1.2549e+00   2.9752e+02
20250620_02:00:00   6.2713e+00   2.9175e+02   6.0889e+01   8.2385e-01   4.5718e-01   2.9636e+02
20250620_03:00:00   7.7498e+00   2.9303e+02   6.2945e+01   1.3203e+00   9.9969e-01   2.9460e+02
20250620_04:00:00   9.3695e+00   2.9329e+02   6.4155e+01   1.9184e+00   9.6041e-01   2.9597e+02
20250620_05:00:00   9.5101e+00   2.9285e+02   6.4522e+01   1.9924e+00   8.8696e-01   2.9496e+02
20250620_06:00:00   9.5398e+00   2.9252e+02   6.4130e+01   2.0116e+00   6.3172e-01   2.9524e+02
20250620_07:00:00   8.7042e+00   2.9268e+02   6.4558e+01   1.6575e+00   7.3710e-01   2.9466e+02
20250620_08:00:00   9.8595e+00   2.9230e+02   6.3588e+01   2.1430e+00   6.3291e-01   2.9337e+02
20250620_09:00:00   9.9631e+00   2.9223e+02   6.4226e+01   2.1368e+00   4.4791e-01   2.9443e+02
20250620_10:00:00   1.0138e+01   2.9228e+02   6.2796e+01   2.2189e+00   3.2011e-01   2.9615e+02
20250620_11:00:00   7.8169e+00   2.9232e+02   6.0672e+01   1.3515e+00   3.4400e-02   2.9800e+02
20250620_12:00:00   6.9749e+00   2.9215e+02   5.6908e+01   1.1231e+00   3.1455e-02   2.9974e+02
20250620_13:00:00   5.8368e+00   2.9153e+02   5.2906e+01   7.8810e-01   2.2934e-02   2.9975e+02
20250620_14:00:00   5.9739e+00   2.9142e+02   5.0712e+01   9.0262e-01   4.3028e-03   2.9947e+02
20250620_15:00:00   5.6256e+00   2.9083e+02   4.9642e+01   8.0612e-01   7.3506e-04   3.0160e+02
20250620_16:00:00   5.0765e+00   2.8974e+02   4.8123e+01   6.3311e-01   0.0000e+00   3.0171e+02
20250620_17:00:00   5.4776e+00   2.9034e+02   4.5790e+01   8.3387e-01   0.0000e+00   3.0176e+02
20250620_18:00:00   4.7492e+00   2.8893e+02   4.2552e+01   6.4389e-01   2.9877e-03   3.0068e+02
20250620_19:00:00   3.2907e+00   2.8053e+02   3.9571e+01   1.8928e-01   1.6541e-01   3.0099e+02
20250620_20:00:00   3.0294e+00   2.7730e+02   3.7357e+01   1.5121e-01   1.5110e-01   3.0116e+02
20250620_21:00:00   2.8938e+00   2.7531e+02   3.2996e+01   2.1165e-01   1.1432e-01   3.0326e+02
20250620_22:00:00   2.2548e+00   2.6068e+02   2.8477e+01   1.0949e-01   2.8476e-01   3.0476e+02
20250620_23:00:00   1.7883e+00   2.4207e+02   2.5643e+01   3.2875e-02   2.2661e-01   3.0578e+02
20250621_00:00:00   1.7413e+00   2.3921e+02   2.6756e+01   1.1362e-02   4.3681e-01   3.0580e+02
20250621_01:00:00   1.7306e+00   2.3808e+02   2.8286e+01   8.5900e-04   4.2316e-01   3.0313e+02
20250621_02:00:00   1.7935e+00   2.4118e+02   2.9878e+01   0.0000e+00   1.7409e-01   3.0381e+02
20250621_03:00:00   1.8344e+00   2.4344e+02   3.0696e+01   0.0000e+00   1.3506e-01   3.0388e+02
20250621_04:00:00   1.7540e+00   2.3945e+02   3.0074e+01   0.0000e+00   6.1434e-01   3.0193e+02
20250621_05:00:00   1.7567e+00   2.3919e+02   3.0306e+01   0.0000e+00   8.1755e-01   3.0019e+02
20250621_06:00:00   1.8304e+00   2.4246e+02   3.1613e+01   0.0000e+00   7.4164e-01   2.9928e+02
20250621_07:00:00   1.7896e+00   2.4071e+02   3.0725e+01   0.0000e+00   6.0503e-01   2.9942e+02
20250621_08:00:00   1.6878e+00   2.3593e+02   2.8570e+01   0.0000e+00   3.2425e-01   3.0195e+02
20250621_09:00:00   1.6028e+00   2.3116e+02   2.7117e+01   0.0000e+00   1.9122e-01   3.0362e+02
20250621_10:00:00   1.5080e+00   2.2562e+02   2.5109e+01   0.0000e+00   8.1372e-03   3.0420e+02
20250621_11:00:00   1.3597e+00   2.1590e+02   2.2348e+01   0.0000e+00   6.4146e-03   3.0415e+02
20250621_12:00:00   1.3412e+00   2.1430e+02   2.1731e+01   0.0000e+00   4.4989e-03   3.0462e+02
20250621_13:00:00   1.3139e+00   2.1206e+02   2.1219e+01   0.0000e+00   6.7346e-03   3.0432e+02
20250621_14:00:00   1.2749e+00   2.0897e+02   2.0514e+01   0.0000e+00   8.6314e-02   3.0848e+02
20250621_15:00:00   1.3538e+00   2.1505e+02   2.1260e+01   0.0000e+00   7.7175e-02   3.1182e+02
20250621_16:00:00   1.4123e+00   2.1913e+02   2.1800e+01   0.0000e+00   9.1717e-02   3.0976e+02
20250621_17:00:00   1.3650e+00   2.1593e+02   2.0915e+01   0.0000e+00   1.6572e-02   3.0897e+02
20250621_18:00:00   1.3455e+00   2.1448e+02   2.0552e+01   0.0000e+00   4.0661e-02   3.1147e+02
20250621_19:00:00   1.3382e+00   2.1401e+02   2.0344e+01   0.0000e+00   1.8842e-02   3.1413e+02
20250621_20:00:00   1.3400e+00   2.1420e+02   2.0233e+01   0.0000e+00   3.8321e-02   3.1666e+02
20250621_21:00:00   1.3662e+00   2.1623e+02   2.0445e+01   0.0000e+00   2.5242e-02   3.1833e+02
20250621_22:00:00   1.4373e+00   2.2119e+02   2.1233e+01   0.0000e+00   3.2682e-02   3.1681e+02
20250621_23:00:00   1.5079e+00   2.2596e+02   2.2171e+01   0.0000e+00   1.0452e-02   3.1496e+02
20250622_00:00:00   1.5714e+00   2.3025e+02   2.3183e+01   0.0000e+00   2.6039e-03   3.1533e+02
20250622_01:00:00   1.5403e+00   2.2903e+02   2.2808e+01   0.0000e+00   0.0000e+00   3.1769e+02
20250622_02:00:00   1.5229e+00   2.2843e+02   2.2643e+01   0.0000e+00   3.9927e-03   3.1736e+02
20250622_03:00:00   1.5223e+00   2.2872e+02   2.2777e+01   0.0000e+00   2.6960e-03   3.1750e+02
20250622_04:00:00   1.5366e+00   2.2980e+02   2.3027e+01   0.0000e+00   1.1530e-05   3.2064e+02
20250622_05:00:00   1.5264e+00   2.2919e+02   2.2922e+01   0.0000e+00   0.0000e+00   3.2177e+02
20250622_06:00:00   1.4992e+00   2.2750e+02   2.2599e+01   0.0000e+00   0.0000e+00   3.2485e+02
20250622_07:00:00   1.4817e+00   2.2644e+02   2.2435e+01   0.0000e+00   0.0000e+00   3.2629e+02
20250622_08:00:00   1.4683e+00   2.2546e+02   2.2402e+01   0.0000e+00   1.0310e-05   3.2421e+02
20250622_09:00:00   1.4452e+00   2.2364e+02   2.2214e+01   0.0000e+00   0.0000e+00   3.2681e+02
20250622_10:00:00   1.4729e+00   2.2512e+02   2.2673e+01   0.0000e+00   0.0000e+00   3.2731e+02
20250622_11:00:00   1.5527e+00   2.2980e+02   2.3776e+01   0.0000e+00   2.4080e-03   3.2300e+02
20250622_12:00:00   1.6177e+00   2.3349e+02   2.4706e+01   0.0000e+00   2.3940e-03   3.2061e+02
20250622_13:00:00   1.6573e+00   2.3554e+02   2.5299e+01   0.0000e+00   1.9300e-03   3.1873e+02
20250622_14:00:00   1.6725e+00   2.3630e+02   2.5497e+01   0.0000e+00   4.4660e-04   3.2068e+02
20250622_15:00:00   1.6994e+00   2.3759e+02   2.5812e+01   0.0000e+00   8.8640e-06   3.2374e+02
20250622_16:00:00   1.7184e+00   2.3849e+02   2.5927e+01   0.0000e+00   0.0000e+00   3.2414e+02
20250622_17:00:00   1.7114e+00   2.3809e+02   2.5758e+01   0.0000e+00   0.0000e+00   3.2202e+02
20250622_18:00:00   1.7273e+00   2.3877e+02   2.5865e+01   0.0000e+00   0.0000e+00   3.2182e+02
20250622_19:00:00   1.7410e+00   2.3944e+02   2.5945e+01   0.0000e+00   0.0000e+00   3.2443e+02
20250622_20:00:00   1.7669e+00   2.4064e+02   2.6169e+01   0.0000e+00   0.0000e+00   3.2695e+02
20250622_21:00:00   1.8171e+00   2.4301e+02   2.6758e+01   0.0000e+00   0.0000e+00   3.2871e+02
20250622_22:00:00   1.8574e+00   2.4495e+02   2.7280e+01   0.0000e+00   0.0000e+00   3.3054e+02
20250622_23:00:00   1.8936e+00   2.4675e+02   2.7801e+01   6.6320e-05   0.0000e+00   3.3027e+02
20250623_00:00:00   1.9039e+00   2.4754e+02   2.8124e+01   0.0000e+00   0.0000e+00   3.3033e+02
20250623_01:00:00   1.9091e+00   2.4819e+02   2.8354e+01   0.0000e+00   0.0000e+00   3.3416e+02
20250623_02:00:00   1.9092e+00   2.4874e+02   2.8369e+01   0.0000e+00   0.0000e+00   3.3448e+02
20250623_03:00:00   1.8647e+00   2.4747e+02   2.7842e+01   0.0000e+00   0.0000e+00   3.3543e+02
20250623_04:00:00   1.8091e+00   2.4557e+02   2.7106e+01   0.0000e+00   0.0000e+00   3.3678e+02
20250623_05:00:00   1.7947e+00   2.4541e+02   2.6808e+01   0.0000e+00   0.0000e+00   3.3482e+02
20250623_06:00:00   1.7775e+00   2.4502e+02   2.6644e+01   0.0000e+00   0.0000e+00   3.3459e+02
20250623_07:00:00   1.7876e+00   2.4569e+02   2.6771e+01   0.0000e+00   0.0000e+00   3.3752e+02
20250623_08:00:00   1.8299e+00   2.4779e+02   2.7341e+01   0.0000e+00   0.0000e+00   3.3792e+02
20250623_09:00:00   1.8793e+00   2.5000e+02   2.7814e+01   0.0000e+00   0.0000e+00   3.3708e+02
20250623_10:00:00   1.9046e+00   2.5103e+02   2.7960e+01   0.0000e+00   0.0000e+00   3.3533e+02
20250623_11:00:00   1.8949e+00   2.5064e+02   2.7732e+01   0.0000e+00   0.0000e+00   3.3509e+02
20250623_12:00:00   1.9338e+00   2.5220e+02   2.8098e+01   0.0000e+00   0.0000e+00   3.3701e+02
20250623_13:00:00   1.9591e+00   2.5308e+02   2.8342e+01   0.0000e+00   0.0000e+00   3.3583e+02
20250623_14:00:00   1.9922e+00   2.5426e+02   2.8726e+01   0.0000e+00   0.0000e+00   3.3273e+02
20250623_15:00:00   2.0145e+00   2.5502e+02   2.8933e+01   0.0000e+00   0.0000e+00   3.2786e+02
20250623_16:00:00   2.0215e+00   2.5514e+02   2.8890e+01   0.0000e+00   0.0000e+00   3.2468e+02
20250623_17:00:00   2.0149e+00   2.5485e+02   2.8741e+01   0.0000e+00   0.0000e+00   3.2256e+02
20250623_18:00:00   2.0252e+00   2.5514e+02   2.8765e+01   0.0000e+00   0.0000e+00   3.2091e+02
20250623_19:00:00   2.0030e+00   2.5417e+02   2.8445e+01   0.0000e+00   0.0000e+00   3.2157e+02
20250623_20:00:00   1.9944e+00   2.5375e+02   2.8352e+01   0.0000e+00   0.0000e+00   3.2107e+02
20250623_21:00:00   1.9447e+00   2.5172e+02   2.7653e+01   0.0000e+00   0.0000e+00   3.1967e+02
20250623_22:00:00   1.8936e+00   2.4966e+02   2.6989e+01   0.0000e+00   0.0000e+00   3.1836e+02
20250623_23:00:00   1.8506e+00   2.4804e+02   2.6485e+01   0.0000e+00   3.6660e-04   3.1820e+02
20250624_00:00:00   1.8587e+00   2.4865e+02   2.6700e+01   0.0000e+00   2.5398e-03   3.1701e+02
20250624_01:00:00   1.8528e+00   2.4881e+02   2.6746e+01   0.0000e+00   4.7300e-03   3.1728e+02
20250624_02:00:00   1.8564e+00   2.4947e+02   2.6919e+01   0.0000e+00   3.6575e-03   3.1752e+02
20250624_03:00:00   1.9216e+00   2.5266e+02   2.7919e+01   0.0000e+00   4.5920e-03   3.1739e+02
20250624_04:00:00   1.9325e+00   2.5338e+02   2.8513e+01   2.2300e-05   3.5877e-03   3.1684e+02
20250624_05:00:00   2.0726e+00   2.5878e+02   3.1018e+01   2.6743e-04   2.2427e-03   3.1658e+02
20250624_06:00:00   2.1728e+00   2.6228e+02   3.2706e+01   2.6202e-03   8.1215e-03   3.1604e+02
20250624_07:00:00   2.2035e+00   2.6350e+02   3.2998e+01   5.3644e-04   4.5248e-03   3.1497e+02
20250624_08:00:00   2.3059e+00   2.6669e+02   3.4009e+01   0.0000e+00   7.8080e-03   3.1384e+02
20250624_09:00:00   2.3814e+00   2.6881e+02   3.4868e+01   0.0000e+00   1.7503e-02   3.1278e+02
20250624_10:00:00   2.4218e+00   2.6993e+02   3.5325e+01   1.1530e-05   1.5190e-02   3.1242e+02
20250624_11:00:00   2.3962e+00   2.6913e+02   3.4926e+01   0.0000e+00   1.0853e-02   3.1097e+02
20250624_12:00:00   2.3904e+00   2.6882e+02   3.4749e+01   0.0000e+00   6.4400e-03   3.1111e+02
20250624_13:00:00   2.3568e+00   2.6769e+02   3.4109e+01   0.0000e+00   4.5822e-03   3.1289e+02
20250624_14:00:00   2.3697e+00   2.6745e+02   3.4136e+01   0.0000e+00   5.6196e-04   3.1583e+02
20250624_15:00:00   2.3288e+00   2.6579e+02   3.3645e+01   0.0000e+00   1.3562e-02   3.2073e+02
20250624_16:00:00   2.2784e+00   2.6391e+02   3.2976e+01   0.0000e+00   9.5136e-02   3.2075e+02
20250624_17:00:00   2.2571e+00   2.6283e+02   3.2574e+01   0.0000e+00   1.7373e-01   3.2305e+02
20250624_18:00:00   2.2792e+00   2.6319e+02   3.3018e+01   3.4600e-05   8.3063e-02   3.2354e+02
20250624_19:00:00   2.1805e+00   2.6017e+02   3.1801e+01   0.0000e+00   6.0336e-03   3.2529e+02
20250624_20:00:00   2.0760e+00   2.5648e+02   3.0537e+01   0.0000e+00   1.3287e-02   3.2394e+02
20250624_21:00:00   1.9717e+00   2.5251e+02   2.9096e+01   0.0000e+00   1.1019e-02   3.2165e+02
20250624_22:00:00   1.9898e+00   2.5308e+02   2.9183e+01   0.0000e+00   7.6788e-02   3.2143e+02
20250624_23:00:00   1.9444e+00   2.5130e+02   2.8656e+01   0.0000e+00   2.6733e-02   3.2337e+02
20250625_00:00:00   1.8620e+00   2.4801e+02   2.7685e+01   0.0000e+00   1.1382e-01   3.2637e+02
20250625_03:00:00   1.9744e+00   2.5387e+02   2.9433e+01   0.0000e+00   3.1843e-02   3.2736e+02
20250625_06:00:00   2.0594e+00   2.5760e+02   3.2180e+01   0.0000e+00   1.4031e-03   3.3087e+02
20250625_09:00:00   2.4635e+00   2.6970e+02   3.6326e+01   3.4620e-02   5.1754e-04   3.3279e+02
20250625_12:00:00   2.2512e+00   2.6311e+02   3.5166e+01   0.0000e+00   1.0827e-04   3.2858e+02
20250625_15:00:00   2.3522e+00   2.6530e+02   3.6528e+01   0.0000e+00   0.0000e+00   3.2900e+02
20250625_18:00:00   2.4751e+00   2.6771e+02   3.7649e+01   0.0000e+00   9.8160e-06   3.2282e+02
20250625_21:00:00   2.5255e+00   2.6838e+02   3.8036e+01   0.0000e+00   2.3741e-03   3.1497e+02
20250626_00:00:00   2.3913e+00   2.6585e+02   3.6165e+01   0.0000e+00   6.5064e-02   3.1145e+02
20250626_03:00:00   2.3821e+00   2.6703e+02   3.6433e+01   0.0000e+00   3.0216e-03   3.0927e+02
20250626_06:00:00   2.6477e+00   2.7424e+02   4.0980e+01   1.1184e-04   1.5036e-01   3.0844e+02
20250626_09:00:00   2.9533e+00   2.7937e+02   4.4474e+01   1.1414e-03   4.9586e-03   3.0672e+02
20250626_12:00:00   3.1138e+00   2.8106e+02   4.7093e+01   0.0000e+00   5.5717e-03   3.0414e+02
20250626_15:00:00   3.3728e+00   2.8262e+02   5.0996e+01   9.7960e-04   1.7542e-01   3.0079e+02
20250626_18:00:00   4.1745e+00   2.8674e+02   5.3565e+01   2.5496e-01   1.8361e-01   2.9646e+02
20250626_21:00:00   5.4486e+00   2.8932e+02   5.7080e+01   6.3582e-01   1.8195e-01   2.9656e+02
20250627_00:00:00   7.1087e+00   2.9059e+02   5.7579e+01   1.2540e+00   2.7998e-02   2.9482e+02
20250627_03:00:00   4.6151e+00   2.8840e+02   5.8495e+01   2.4125e-01   8.6375e-03   2.9409e+02
20250627_06:00:00   7.8254e+00   2.9172e+02   6.0968e+01   1.4161e+00   8.3710e-03   2.9123e+02
20250627_09:00:00   7.0454e+00   2.9162e+02   6.1229e+01   1.1265e+00   9.5730e-02   2.9235e+02
20250627_12:00:00   5.1838e+00   2.9108e+02   6.0572e+01   3.8100e-01   2.1570e-02   2.9097e+02
20250627_15:00:00   4.3722e+00   2.8940e+02   5.9494e+01   9.8584e-02   6.4646e-03   2.9337e+02
20250627_18:00:00   4.7408e+00   2.9067e+02   6.0370e+01   2.1092e-01   7.5726e-02   2.9259e+02
20250627_21:00:00   6.8338e+00   2.9312e+02   6.1880e+01   9.5879e-01   2.1417e-01   2.9107e+02
20250628_00:00:00   5.2479e+00   2.9131e+02   6.2415e+01   3.1984e-01   4.6586e-01   2.9099e+02
20250628_03:00:00   5.0852e+00   2.9263e+02   6.3404e+01   2.2763e-01   5.5617e-02   2.9125e+02
20250628_06:00:00   4.7912e+00   2.9228e+02   6.3410e+01   1.1405e-01   4.9540e-01   2.9032e+02
20250628_09:00:00   4.4351e+00   2.9084e+02   6.3067e+01   8.3072e-03   2.6833e-01   2.9015e+02
20250628_12:00:00   4.3408e+00   2.9042e+02   6.1677e+01   8.6253e-03   2.6012e-01   2.8968e+02
20250628_15:00:00   4.8646e+00   2.9160e+02   6.1065e+01   2.0548e-01   1.5518e-03   2.8979e+02
20250628_18:00:00   6.8299e+00   2.9373e+02   6.2645e+01   8.9841e-01   7.3033e-04   2.8883e+02
20250628_21:00:00   1.0208e+01   2.9366e+02   6.3939e+01   2.1892e+00   8.4420e-02   2.8643e+02
20250629_00:00:00   6.3911e+00   2.9276e+02   6.1186e+01   8.0016e-01   6.8178e-01   2.9153e+02
20250629_03:00:00   5.6041e+00   2.9231e+02   5.7702e+01   5.7419e-01   1.1976e-01   2.9447e+02
20250629_06:00:00   3.9786e+00   2.8794e+02   5.5047e+01   6.7070e-02   1.8533e-01   2.9796e+02
20250629_09:00:00   4.3709e+00   2.8917e+02   5.6191e+01   1.6871e-01   1.1113e-01   3.0239e+02
20250629_12:00:00   3.8323e+00   2.8699e+02   5.3920e+01   6.7220e-03   3.6688e-02   3.0670e+02
20250629_15:00:00   4.1372e+00   2.8825e+02   5.4364e+01   7.7640e-02   2.1327e-03   3.1503e+02
20250629_18:00:00   5.8733e+00   2.9206e+02   5.6345e+01   6.7947e-01   1.2248e-03   3.2286e+02
20250629_21:00:00   3.8277e+00   2.8617e+02   5.1650e+01   5.0364e-02   1.6611e-01   3.1844e+02
20250630_00:00:00   3.9584e+00   2.8740e+02   5.2850e+01   4.2485e-02   0.0000e+00   3.1876e+02
20250630_03:00:00   4.4440e+00   2.9009e+02   5.3850e+01   2.0052e-01   5.5134e-03   3.1664e+02
20250630_06:00:00   3.9684e+00   2.8821e+02   5.4664e+01   3.1693e-02   4.1626e-02   3.0798e+02
20250630_09:00:00   4.4139e+00   2.9000e+02   5.1594e+01   2.8302e-01   5.5432e-03   3.0432e+02
20250630_12:00:00   3.3075e+00   2.8288e+02   4.6970e+01   6.0440e-03   6.9080e-03   3.0589e+02
20250630_15:00:00   3.4287e+00   2.8376e+02   4.8333e+01   0.0000e+00   1.5363e-02   3.0839e+02
20250630_18:00:00   3.4907e+00   2.8386e+02   5.0641e+01   2.6060e-03   5.4506e-03   3.0578e+02
20250630_21:00:00   3.5428e+00   2.8410e+02   5.1831e+01   3.5246e-03   2.6760e-02   3.0503e+02
20250701_00:00:00   3.8889e+00   2.8678e+02   5.4838e+01   5.9456e-02   4.0159e-01   3.0218e+02
20250701_03:00:00   3.9231e+00   2.8793e+02   5.5967e+01   6.6536e-02   2.3172e-01   3.0117e+02
20250701_06:00:00   4.5595e+00   2.9105e+02   5.7272e+01   3.0789e-01   2.4980e-01   2.9871e+02
20250701_09:00:00   6.1253e+00   2.9282e+02   5.8821e+01   8.8884e-01   3.1915e-01   2.9808e+02
20250701_12:00:00   4.7031e+00   2.9032e+02   6.0275e+01   2.4005e-01   2.6060e-01   2.9725e+02
20250701_15:00:00   6.1611e+00   2.9238e+02   6.0875e+01   8.2009e-01   2.1334e-01   2.9524e+02
20250701_18:00:00   6.8334e+00   2.9234e+02   6.2254e+01   1.0038e+00   4.9251e-01   2.9886e+02
20250701_21:00:00   8.3773e+00   2.9249e+02   6.3258e+01   1.5500e+00   2.6437e-01   3.0029e+02
20250702_00:00:00   8.2330e+00   2.9224e+02   6.3056e+01   1.5280e+00   2.8386e-01   2.9853e+02
20250702_03:00:00   6.9532e+00   2.9210e+02   6.2304e+01   1.0325e+00   2.2160e-02   3.0175e+02
20250702_06:00:00   6.7377e+00   2.9203e+02   6.2344e+01   9.5497e-01   1.6935e-02   3.0152e+02
20250702_09:00:00   7.4064e+00   2.9233e+02   6.2899e+01   1.1648e+00   2.5506e-01   2.9836e+02
20250702_12:00:00   6.0141e+00   2.9149e+02   6.2523e+01   6.5159e-01   2.3752e-01   2.9940e+02
20250702_15:00:00   6.1629e+00   2.9159e+02   6.2362e+01   6.9512e-01   7.2605e-01   2.9741e+02
20250702_18:00:00   8.1132e+00   2.9191e+02   6.2013e+01   1.4874e+00   5.4416e-01   2.9761e+02
20250702_21:00:00   6.4871e+00   2.9124e+02   6.0877e+01   8.7945e-01   5.3611e-01   3.0147e+02
20250703_00:00:00   5.2364e+00   2.8984e+02   5.8785e+01   4.6808e-01   5.4869e-01   3.0459e+02
20250703_03:00:00   7.3260e+00   2.9199e+02   5.9030e+01   1.2230e+00   4.3501e-03   3.0926e+02
20250703_06:00:00   5.3098e+00   2.9109e+02   5.7687e+01   4.6336e-01   8.8639e-05   3.1044e+02
20250703_09:00:00   5.1928e+00   2.9139e+02   5.6451e+01   4.5359e-01   2.5565e-03   3.0862e+02
20250703_12:00:00   4.8851e+00   2.9104e+02   5.8210e+01   3.0657e-01   1.0257e-02   3.0933e+02
20250703_15:00:00   6.2553e+00   2.9269e+02   6.0267e+01   7.9181e-01   1.3070e-02   3.1272e+02
20250703_18:00:00   5.0752e+00   2.9102e+02   5.8877e+01   3.5490e-01   2.2220e-04   3.0736e+02
20250703_21:00:00   5.5162e+00   2.9193e+02   5.8922e+01   5.2418e-01   2.2639e-03   3.0307e+02
20250704_00:00:00   5.5227e+00   2.9191e+02   5.7704e+01   5.5627e-01   2.8199e-03   3.0383e+02
20250704_03:00:00   4.5016e+00   2.9023e+02   5.5853e+01   2.2234e-01   8.4279e-02   3.0104e+02
20250704_06:00:00   4.2021e+00   2.9043e+02   6.0103e+01   1.2781e-02   1.4019e-01   2.9925e+02
20250704_09:00:00   5.2240e+00   2.9295e+02   6.4208e+01   2.9464e-01   4.7390e-01   2.9851e+02
20250704_12:00:00   4.9302e+00   2.9193e+02   6.3431e+01   2.3236e-01   2.6783e-01   2.9918e+02
20250704_15:00:00   5.3633e+00   2.9294e+02   6.5028e+01   3.4028e-01   3.7352e-02   2.9731e+02
20250704_18:00:00   6.4705e+00   2.9368e+02   6.4418e+01   8.1744e-01   5.2096e-02   2.9698e+02
20250704_21:00:00   7.2724e+00   2.9398e+02   6.6771e+01   1.0131e+00   1.6471e-02   2.9567e+02
20250705_00:00:00   6.4634e+00   2.9329e+02   6.7020e+01   6.6878e-01   3.6901e-02   2.9679e+02
20250705_03:00:00   5.1644e+00   2.9248e+02   6.8379e+01   1.3968e-01   9.9034e-03   2.9598e+02
20250705_06:00:00   8.6589e+00   2.9505e+02   7.0353e+01   1.3984e+00   3.2809e-03   2.9510e+02
20250705_09:00:00   8.2796e+00   2.9485e+02   7.0899e+01   1.2459e+00   3.0793e-03   2.9421e+02
20250705_12:00:00   7.2920e+00   2.9467e+02   6.8349e+01   9.1050e-01   3.3279e-03   2.9617e+02
20250705_15:00:00   5.7529e+00   2.9372e+02   6.2703e+01   4.7979e-01   2.3960e-05   2.9827e+02
20250705_18:00:00   5.4666e+00   2.9336e+02   5.8900e+01   4.7078e-01   0.0000e+00   2.9903e+02
20250705_21:00:00   6.4240e+00   2.9403e+02   6.3442e+01   7.0227e-01   0.0000e+00   2.9576e+02
20250706_00:00:00   5.0800e+00   2.9275e+02   5.6172e+01   4.1244e-01   0.0000e+00   2.9633e+02
