#            date       tau255        Tb[K]      pwv[mm] lwp[kg*m^-2] iwp[kg*m^-2]       o3[DU]
20260607_18:00:00   1.5070e+00   2.2399e+02   2.2317e+01   0.0000e+00   1.6619e-01   3.4104e+02
20260607_19:00:00   1.4901e+00   2.2254e+02   2.1734e+01   0.0000e+00   2.4550e-01   3.4184e+02
20260607_20:00:00   1.5156e+00   2.2359e+02   2.2043e+01   0.0000e+00   6.9403e-02   3.4222e+02
20260607_21:00:00   1.4099e+00   2.1656e+02   2.0431e+01   0.0000e+00   1.9617e-01   3.4752e+02
20260607_22:00:00   1.4422e+00   2.1858e+02   2.0587e+01   0.0000e+00   1.9172e-01   3.5237e+02
20260607_23:00:00   1.4532e+00   2.1946e+02   2.0175e+01   3.1480e-04   4.1506e-02   3.5760e+02
20260608_00:00:00   1.4783e+00   2.2117e+02   2.0560e+01   2.2799e-03   3.4999e-02   3.5826e+02
20260608_01:00:00   1.4325e+00   2.1852e+02   2.0276e+01   1.2745e-04   7.7282e-03   3.5758e+02
20260608_02:00:00   1.4071e+00   2.1719e+02   1.9627e+01   1.3940e-02   5.4034e-03   3.5636e+02
20260608_03:00:00   1.3277e+00   2.1189e+02   1.9109e+01   2.0879e-04   3.0136e-03   3.5767e+02
20260608_04:00:00   1.2894e+00   2.0915e+02   1.8862e+01   0.0000e+00   9.2920e-04   3.5730e+02
20260608_05:00:00   1.2287e+00   2.0432e+02   1.8339e+01   0.0000e+00   7.0840e-06   3.5760e+02
20260608_06:00:00   1.1913e+00   2.0116e+02   1.8012e+01   0.0000e+00   0.0000e+00   3.5755e+02
20260608_07:00:00   1.1699e+00   1.9930e+02   1.7909e+01   0.0000e+00   5.2641e-04   3.5434e+02
20260608_08:00:00   1.1361e+00   1.9638e+02   1.7434e+01   0.0000e+00   0.0000e+00   3.5904e+02
20260608_09:00:00   1.1192e+00   1.9488e+02   1.7126e+01   0.0000e+00   0.0000e+00   3.6122e+02
20260608_10:00:00   1.1155e+00   1.9451e+02   1.6989e+01   0.0000e+00   5.7660e-06   3.5911e+02
20260608_11:00:00   1.1313e+00   1.9589e+02   1.7173e+01   0.0000e+00   0.0000e+00   3.6134e+02
20260608_12:00:00   1.1492e+00   1.9737e+02   1.7387e+01   0.0000e+00   6.1240e-04   3.6290e+02
20260608_13:00:00   1.1631e+00   1.9846e+02   1.7506e+01   0.0000e+00   4.4460e-04   3.6337e+02
20260608_14:00:00   1.1646e+00   1.9843e+02   1.7556e+01   0.0000e+00   3.4600e-05   3.6135e+02
20260608_15:00:00   1.1475e+00   1.9666e+02   1.7341e+01   0.0000e+00   0.0000e+00   3.6078e+02
20260608_16:00:00   1.1125e+00   1.9343e+02   1.6873e+01   0.0000e+00   0.0000e+00   3.5948e+02
20260608_17:00:00   1.1219e+00   1.9420e+02   1.6946e+01   0.0000e+00   0.0000e+00   3.5497e+02
20260608_18:00:00   1.1195e+00   1.9380e+02   1.6913e+01   0.0000e+00   0.0000e+00   3.5401e+02
20260608_19:00:00   1.0947e+00   1.9147e+02   1.6690e+01   0.0000e+00   0.0000e+00   3.5130e+02
20260608_20:00:00   1.1192e+00   1.9357e+02   1.7021e+01   0.0000e+00   0.0000e+00   3.4916e+02
20260608_21:00:00   1.1415e+00   1.9558e+02   1.7226e+01   0.0000e+00   0.0000e+00   3.5040e+02
20260608_22:00:00   1.1701e+00   1.9812e+02   1.7561e+01   0.0000e+00   0.0000e+00   3.5226e+02
20260608_23:00:00   1.1911e+00   2.0007e+02   1.7793e+01   0.0000e+00   0.0000e+00   3.5381e+02
20260609_00:00:00   1.1901e+00   2.0024e+02   1.7780e+01   0.0000e+00   0.0000e+00   3.5578e+02
20260609_01:00:00   1.1873e+00   2.0022e+02   1.7819e+01   0.0000e+00   0.0000e+00   3.5271e+02
20260609_02:00:00   1.1420e+00   1.9663e+02   1.7345e+01   0.0000e+00   0.0000e+00   3.5162e+02
20260609_03:00:00   1.1485e+00   1.9729e+02   1.7641e+01   0.0000e+00   0.0000e+00   3.4523e+02
20260609_04:00:00   1.1356e+00   1.9628e+02   1.7717e+01   0.0000e+00   0.0000e+00   3.4426e+02
20260609_05:00:00   1.1562e+00   1.9819e+02   1.8218e+01   0.0000e+00   0.0000e+00   3.3803e+02
20260609_06:00:00   1.2134e+00   2.0313e+02   1.9211e+01   0.0000e+00   0.0000e+00   3.3767e+02
20260609_07:00:00   1.2891e+00   2.0917e+02   2.0329e+01   8.1020e-06   0.0000e+00   3.3887e+02
20260609_08:00:00   1.3021e+00   2.1023e+02   2.0651e+01   0.0000e+00   1.9252e-06   3.3957e+02
20260609_09:00:00   1.2837e+00   2.0899e+02   2.0497e+01   0.0000e+00   0.0000e+00   3.3971e+02
20260609_10:00:00   1.3148e+00   2.1108e+02   2.1097e+01   0.0000e+00   0.0000e+00   3.3992e+02
20260609_11:00:00   1.4055e+00   2.1696e+02   2.2435e+01   0.0000e+00   5.4384e-06   3.4158e+02
20260609_12:00:00   1.4655e+00   2.2039e+02   2.3296e+01   0.0000e+00   6.8827e-03   3.4410e+02
20260609_13:00:00   1.4596e+00   2.1973e+02   2.3246e+01   0.0000e+00   4.8898e-03   3.4708e+02
20260609_14:00:00   1.4272e+00   2.1728e+02   2.2939e+01   0.0000e+00   2.3035e-03   3.4718e+02
20260609_15:00:00   1.4801e+00   2.2048e+02   2.3703e+01   0.0000e+00   4.1679e-03   3.4801e+02
20260609_16:00:00   1.6830e+00   2.3194e+02   2.6153e+01   2.1576e-03   2.8303e-02   3.4857e+02
20260609_17:00:00   1.7215e+00   2.3391e+02   2.6450e+01   9.8105e-03   6.8707e-02   3.5288e+02
20260609_18:00:00   1.8724e+00   2.4066e+02   2.7051e+01   4.2667e-02   7.9263e-02   3.5793e+02
20260609_19:00:00   1.9582e+00   2.4429e+02   2.6059e+01   9.8141e-02   1.2927e-02   3.5975e+02
20260609_20:00:00   2.6056e+00   2.6263e+02   2.7660e+01   3.0534e-01   1.2638e-01   3.6036e+02
20260609_21:00:00   1.6897e+00   2.3262e+02   2.4773e+01   1.7590e-02   6.7419e-03   3.6273e+02
20260609_22:00:00   3.1829e+00   2.7135e+02   2.7032e+01   5.6418e-01   6.7581e-02   3.6030e+02
20260609_23:00:00   1.8671e+00   2.4074e+02   2.4564e+01   7.9943e-02   7.7897e-03   3.6436e+02
20260610_00:00:00   2.2940e+00   2.5535e+02   2.6363e+01   2.0938e-01   9.7517e-02   3.6552e+02
20260610_01:00:00   1.6462e+00   2.3066e+02   2.3974e+01   1.1611e-02   2.4840e-05   3.6707e+02
20260610_02:00:00   1.5865e+00   2.2757e+02   2.3894e+01   0.0000e+00   2.0296e-04   3.6692e+02
20260610_03:00:00   1.4321e+00   2.1818e+02   2.1956e+01   5.7960e-05   7.1260e-06   3.6439e+02
20260610_04:00:00   1.4350e+00   2.1811e+02   2.1940e+01   6.2647e-03   9.2936e-05   3.6497e+02
20260610_05:00:00   1.8084e+00   2.3761e+02   2.2058e+01   1.6670e-01   3.1681e-03   3.6574e+02
20260610_06:00:00   1.3554e+00   2.1257e+02   2.1097e+01   2.1336e-04   9.2240e-06   3.7088e+02
20260610_07:00:00   1.3078e+00   2.0897e+02   2.0573e+01   1.1530e-05   4.6120e-06   3.7284e+02
20260610_08:00:00   1.2776e+00   2.0667e+02   2.0175e+01   0.0000e+00   0.0000e+00   3.7157e+02
20260610_09:00:00   1.2944e+00   2.0799e+02   2.0363e+01   0.0000e+00   0.0000e+00   3.7240e+02
20260610_10:00:00   1.3489e+00   2.1209e+02   2.1036e+01   0.0000e+00   0.0000e+00   3.7283e+02
20260610_11:00:00   1.4510e+00   2.1922e+02   2.2155e+01   0.0000e+00   0.0000e+00   3.7348e+02
20260610_12:00:00   1.5845e+00   2.2768e+02   2.3551e+01   0.0000e+00   0.0000e+00   3.7483e+02
20260610_13:00:00   1.6872e+00   2.3349e+02   2.4567e+01   0.0000e+00   0.0000e+00   3.7903e+02
20260610_14:00:00   1.7034e+00   2.3441e+02   2.4612e+01   0.0000e+00   0.0000e+00   3.8118e+02
20260610_15:00:00   1.6279e+00   2.3050e+02   2.3502e+01   0.0000e+00   0.0000e+00   3.8478e+02
20260610_16:00:00   1.6040e+00   2.2913e+02   2.3096e+01   0.0000e+00   0.0000e+00   3.8799e+02
20260610_17:00:00   1.6047e+00   2.2894e+02   2.3201e+01   0.0000e+00   0.0000e+00   3.8760e+02
20260610_18:00:00   1.6212e+00   2.2972e+02   2.3229e+01   0.0000e+00   0.0000e+00   3.8742e+02
20260610_19:00:00   1.5998e+00   2.2848e+02   2.2805e+01   0.0000e+00   0.0000e+00   3.8510e+02
20260610_20:00:00   1.5955e+00   2.2812e+02   2.2618e+01   0.0000e+00   0.0000e+00   3.8567e+02
20260610_21:00:00   1.5634e+00   2.2629e+02   2.2088e+01   0.0000e+00   0.0000e+00   3.8685e+02
20260610_22:00:00   1.5596e+00   2.2616e+02   2.1969e+01   8.0720e-05   0.0000e+00   3.8854e+02
20260610_23:00:00   1.5577e+00   2.2625e+02   2.1818e+01   4.7647e-03   0.0000e+00   3.8996e+02
20260611_00:00:00   1.5136e+00   2.2387e+02   2.1574e+01   6.9867e-04   0.0000e+00   3.8874e+02
20260611_01:00:00   1.5227e+00   2.2465e+02   2.1936e+01   2.1220e-04   0.0000e+00   3.8730e+02
20260611_02:00:00   1.5455e+00   2.2631e+02   2.2311e+01   1.7186e-03   0.0000e+00   3.8548e+02
20260611_03:00:00   1.5695e+00   2.2817e+02   2.2602e+01   4.6143e-03   0.0000e+00   3.8544e+02
20260611_04:00:00   1.5862e+00   2.2954e+02   2.2588e+01   1.6912e-02   0.0000e+00   3.8835e+02
20260611_05:00:00   1.6785e+00   2.3464e+02   2.2824e+01   4.9901e-02   0.0000e+00   3.8890e+02
20260611_06:00:00   1.6329e+00   2.3237e+02   2.2737e+01   3.7824e-02   0.0000e+00   3.8918e+02
20260611_07:00:00   1.7061e+00   2.3616e+02   2.2991e+01   5.6541e-02   1.6204e-06   3.9149e+02
20260611_08:00:00   1.6393e+00   2.3251e+02   2.2710e+01   3.7500e-02   7.5460e-06   3.9433e+02
20260611_09:00:00   1.5389e+00   2.2651e+02   2.2082e+01   2.2000e-02   2.8800e-05   3.9618e+02
20260611_10:00:00   1.6032e+00   2.2965e+02   2.2236e+01   5.2342e-02   9.6950e-04   3.9777e+02
20260611_11:00:00   1.6034e+00   2.2972e+02   2.2851e+01   3.4877e-02   2.3573e-03   4.0071e+02
20260611_12:00:00   1.4888e+00   2.2311e+02   2.2439e+01   6.5260e-04   8.0723e-04   4.0166e+02
20260611_13:00:00   1.4446e+00   2.2012e+02   2.1806e+01   0.0000e+00   3.1338e-05   4.0105e+02
20260611_14:00:00   1.4375e+00   2.1953e+02   2.1605e+01   0.0000e+00   4.0340e-04   4.0057e+02
20260611_15:00:00   1.4697e+00   2.2157e+02   2.2066e+01   0.0000e+00   2.7119e-03   3.9866e+02
20260611_16:00:00   1.5136e+00   2.2407e+02   2.2730e+01   0.0000e+00   6.6077e-03   3.9713e+02
20260611_17:00:00   1.4226e+00   2.1802e+02   2.1753e+01   0.0000e+00   1.3085e-03   3.9474e+02
20260611_18:00:00   1.4864e+00   2.2201e+02   2.2624e+01   0.0000e+00   5.9900e-05   3.9264e+02
20260611_19:00:00   1.5372e+00   2.2494e+02   2.3496e+01   0.0000e+00   1.3140e-05   3.9000e+02
20260611_20:00:00   1.5525e+00   2.2580e+02   2.3852e+01   0.0000e+00   2.0243e-04   3.8950e+02
20260611_21:00:00   1.5601e+00   2.2641e+02   2.3766e+01   0.0000e+00   4.1631e-04   3.9091e+02
20260611_22:00:00   1.5125e+00   2.2401e+02   2.2782e+01   0.0000e+00   4.9346e-04   3.9104e+02
20260611_23:00:00   1.4439e+00   2.2025e+02   2.1518e+01   0.0000e+00   0.0000e+00   3.9033e+02
20260612_00:00:00   1.3874e+00   2.1682e+02   2.0852e+01   0.0000e+00   0.0000e+00   3.8870e+02
20260612_01:00:00   1.3568e+00   2.1490e+02   2.0641e+01   0.0000e+00   0.0000e+00   3.8655e+02
20260612_02:00:00   1.3055e+00   2.1133e+02   2.0171e+01   0.0000e+00   0.0000e+00   3.8543e+02
20260612_03:00:00   1.2677e+00   2.0860e+02   1.9852e+01   0.0000e+00   0.0000e+00   3.8540e+02
20260612_04:00:00   1.2409e+00   2.0637e+02   1.9750e+01   0.0000e+00   0.0000e+00   3.8635e+02
20260612_05:00:00   1.1951e+00   2.0265e+02   1.9168e+01   0.0000e+00   0.0000e+00   3.8546e+02
20260612_06:00:00   1.1763e+00   2.0126e+02   1.8824e+01   0.0000e+00   0.0000e+00   3.8129e+02
20260612_07:00:00   1.1843e+00   2.0205e+02   1.8850e+01   0.0000e+00   0.0000e+00   3.7709e+02
20260612_08:00:00   1.1439e+00   1.9860e+02   1.8210e+01   0.0000e+00   0.0000e+00   3.7340e+02
20260612_09:00:00   1.1152e+00   1.9598e+02   1.7818e+01   0.0000e+00   2.0260e-06   3.7172e+02
20260612_10:00:00   1.0782e+00   1.9243e+02   1.7221e+01   0.0000e+00   2.0260e-06   3.7178e+02
20260612_11:00:00   1.0687e+00   1.9133e+02   1.7055e+01   0.0000e+00   0.0000e+00   3.7118e+02
20260612_12:00:00   1.0607e+00   1.9040e+02   1.6941e+01   0.0000e+00   0.0000e+00   3.7158e+02
20260612_13:00:00   1.0502e+00   1.8930e+02   1.6746e+01   0.0000e+00   0.0000e+00   3.7161e+02
20260612_14:00:00   1.0860e+00   1.9270e+02   1.7112e+01   0.0000e+00   0.0000e+00   3.6948e+02
20260612_15:00:00   1.1117e+00   1.9502e+02   1.7315e+01   0.0000e+00   0.0000e+00   3.6715e+02
20260612_16:00:00   1.1014e+00   1.9404e+02   1.7157e+01   0.0000e+00   0.0000e+00   3.6666e+02
20260612_17:00:00   1.0912e+00   1.9308e+02   1.6956e+01   0.0000e+00   0.0000e+00   3.6654e+02
20260612_18:00:00   1.1214e+00   1.9588e+02   1.7282e+01   0.0000e+00   0.0000e+00   3.6738e+02
20260612_21:00:00   1.3393e+00   2.1344e+02   2.0295e+01   0.0000e+00   0.0000e+00   3.6486e+02
20260613_00:00:00   1.2904e+00   2.1036e+02   1.9867e+01   0.0000e+00   0.0000e+00   3.6198e+02
20260613_03:00:00   1.3036e+00   2.1203e+02   2.0502e+01   0.0000e+00   0.0000e+00   3.6168e+02
20260613_06:00:00   1.4419e+00   2.2178e+02   2.1785e+01   2.1620e-02   0.0000e+00   3.6037e+02
20260613_09:00:00   1.2725e+00   2.0932e+02   2.0410e+01   0.0000e+00   0.0000e+00   3.5654e+02
20260613_12:00:00   1.3415e+00   2.1405e+02   2.1480e+01   0.0000e+00   0.0000e+00   3.5007e+02
20260613_15:00:00   1.4067e+00   2.1857e+02   2.2237e+01   0.0000e+00   4.8140e-06   3.5073e+02
20260613_18:00:00   1.4661e+00   2.2197e+02   2.2781e+01   3.4140e-03   5.1446e-04   3.4755e+02
20260613_21:00:00   1.4638e+00   2.2151e+02   2.2957e+01   0.0000e+00   0.0000e+00   3.5029e+02
20260614_00:00:00   1.5871e+00   2.2906e+02   2.4456e+01   0.0000e+00   9.7904e-04   3.5229e+02
20260614_03:00:00   1.6044e+00   2.3065e+02   2.5154e+01   0.0000e+00   9.5072e-03   3.5325e+02
20260614_06:00:00   1.5546e+00   2.2872e+02   2.4312e+01   6.9180e-05   6.2765e-02   3.5367e+02
20260614_09:00:00   1.5395e+00   2.2714e+02   2.4892e+01   0.0000e+00   5.9275e-03   3.6020e+02
20260614_12:00:00   1.5575e+00   2.2777e+02   2.4938e+01   0.0000e+00   2.0700e-02   3.6665e+02
20260614_15:00:00   1.8914e+00   2.4425e+02   2.8976e+01   0.0000e+00   4.0025e-02   3.7070e+02
20260614_18:00:00   1.8761e+00   2.4297e+02   2.8887e+01   0.0000e+00   1.7465e-01   3.7498e+02
20260614_21:00:00   2.9806e+00   2.7076e+02   3.2471e+01   3.3803e-01   1.6156e-01   3.7771e+02
20260615_00:00:00   2.2502e+00   2.5577e+02   3.2012e+01   5.5636e-02   3.6900e-02   3.7961e+02
20260615_03:00:00   2.1298e+00   2.5362e+02   2.9325e+01   5.9880e-02   0.0000e+00   3.8400e+02
20260615_06:00:00   1.7228e+00   2.3829e+02   2.5968e+01   2.0260e-06   0.0000e+00   3.8582e+02
20260615_09:00:00   1.4115e+00   2.1938e+02   2.2164e+01   0.0000e+00   2.3664e-05   3.7215e+02
20260615_12:00:00   1.3367e+00   2.1391e+02   2.0932e+01   0.0000e+00   2.5875e-03   3.6705e+02
20260615_15:00:00   1.3090e+00   2.1137e+02   2.0703e+01   0.0000e+00   1.0552e-01   3.6650e+02
20260615_18:00:00   1.4666e+00   2.2227e+02   2.2808e+01   0.0000e+00   3.6830e-02   3.6427e+02
20260615_21:00:00   1.6752e+00   2.3418e+02   2.5789e+01   0.0000e+00   5.3787e-02   3.6552e+02
20260616_00:00:00   1.9672e+00   2.4733e+02   2.8747e+01   4.6899e-02   3.2120e-01   3.5985e+02
20260616_03:00:00   2.0547e+00   2.5063e+02   3.2482e+01   1.1412e-02   2.7535e-01   3.5542e+02
20260616_06:00:00   3.4442e+00   2.7670e+02   3.4677e+01   5.2901e-01   4.6413e-01   3.5126e+02
20260616_09:00:00   3.5574e+00   2.7769e+02   3.5207e+01   5.6328e-01   1.6555e-01   3.4577e+02
20260616_12:00:00   2.7473e+00   2.6767e+02   3.4665e+01   2.5024e-01   2.2563e-01   3.4630e+02
20260616_15:00:00   2.9361e+00   2.7050e+02   3.5029e+01   3.0896e-01   5.8607e-01   3.4499e+02
20260616_18:00:00   3.8368e+00   2.7949e+02   3.5641e+01   6.4985e-01   1.9622e-01   3.4270e+02
20260616_21:00:00   3.9748e+00   2.8009e+02   3.6075e+01   6.9551e-01   5.9499e-02   3.3765e+02
20260617_00:00:00   2.2779e+00   2.5754e+02   3.5195e+01   2.2420e-02   2.8311e-02   3.3917e+02
20260617_03:00:00   2.1481e+00   2.5464e+02   3.4754e+01   0.0000e+00   2.2590e-03   3.3749e+02
20260617_06:00:00   2.1031e+00   2.5398e+02   3.4463e+01   0.0000e+00   9.9334e-03   3.3827e+02
20260617_09:00:00   2.1965e+00   2.5733e+02   3.5588e+01   0.0000e+00   1.0681e-02   3.3670e+02
20260617_12:00:00   2.3786e+00   2.6189e+02   3.7606e+01   1.7608e-02   4.7917e-02   3.3767e+02
20260617_15:00:00   2.4075e+00   2.6235e+02   3.8006e+01   2.0439e-02   7.0634e-02   3.3265e+02
20260617_18:00:00   2.8060e+00   2.7056e+02   3.6743e+01   2.1964e-01   1.3216e-01   3.3448e+02
20260617_21:00:00   2.3271e+00   2.6075e+02   3.6795e+01   1.0638e-02   2.7101e-02   3.3374e+02
20260618_00:00:00   2.2620e+00   2.5969e+02   3.6113e+01   3.4060e-03   1.7761e-02   3.3392e+02
20260618_03:00:00   2.1156e+00   2.5654e+02   3.4236e+01   0.0000e+00   1.0271e-02   3.3486e+02
20260618_06:00:00   2.1105e+00   2.5609e+02   3.4944e+01   6.1445e-03   1.8727e-01   3.3402e+02
20260618_09:00:00   2.4800e+00   2.6722e+02   3.9626e+01   1.3940e-04   2.3824e-01   3.2991e+02
20260618_12:00:00   3.2193e+00   2.7825e+02   4.4127e+01   1.3668e-01   2.7866e-01   3.2970e+02
20260618_15:00:00   2.7165e+00   2.6968e+02   4.1704e+01   1.5425e-02   1.1978e-01   3.3226e+02
20260618_18:00:00   2.7556e+00   2.7036e+02   4.2114e+01   1.2500e-02   4.0980e-01   3.3169e+02
20260618_21:00:00   2.4658e+00   2.6422e+02   3.8437e+01   5.0280e-03   2.3578e-03   3.4325e+02
20260619_00:00:00   2.5094e+00   2.6599e+02   3.8510e+01   1.1069e-03   1.2800e-03   3.5300e+02
20260619_03:00:00   2.8676e+00   2.7385e+02   4.0389e+01   8.9825e-02   2.6286e-02   3.6529e+02
20260619_06:00:00   4.6544e+00   2.8735e+02   4.1629e+01   7.4772e-01   4.6331e-02   3.6184e+02
20260619_09:00:00   2.4366e+00   2.6525e+02   3.6828e+01   1.0122e-02   1.4028e-02   3.5876e+02
20260619_12:00:00   2.5926e+00   2.6882e+02   3.4772e+01   9.6318e-02   1.1802e-04   3.5602e+02
20260619_15:00:00   2.2880e+00   2.6075e+02   3.3886e+01   0.0000e+00   0.0000e+00   3.4674e+02
20260619_18:00:00   2.3093e+00   2.6083e+02   3.4317e+01   0.0000e+00   0.0000e+00   3.4233e+02
20260619_21:00:00   2.4142e+00   2.6307e+02   3.5644e+01   0.0000e+00   0.0000e+00   3.3322e+02
20260620_00:00:00   2.3523e+00   2.6260e+02   3.5753e+01   0.0000e+00   0.0000e+00   3.2776e+02
20260620_03:00:00   2.2198e+00   2.6075e+02   3.5344e+01   0.0000e+00   8.9554e-04   3.2683e+02
20260620_06:00:00   2.4052e+00   2.6605e+02   3.8117e+01   0.0000e+00   3.3375e-03   3.2396e+02
20260620_09:00:00   2.4004e+00   2.6511e+02   3.8362e+01   1.2964e-04   8.1189e-02   3.1645e+02
20260620_12:00:00   2.3907e+00   2.6445e+02   3.8371e+01   0.0000e+00   1.8165e-02   3.1514e+02
20260620_15:00:00   2.2875e+00   2.6132e+02   3.6154e+01   0.0000e+00   1.8916e-02   3.0981e+02
20260620_18:00:00   2.3472e+00   2.6259e+02   3.6155e+01   0.0000e+00   8.1020e-06   3.1098e+02
20260620_21:00:00   2.2608e+00   2.6015e+02   3.5302e+01   0.0000e+00   4.3861e-03   3.1254e+02
20260621_00:00:00   2.1970e+00   2.5902e+02   3.4036e+01   0.0000e+00   2.7597e-02   3.1148e+02
20260621_03:00:00   2.0145e+00   2.5488e+02   3.1597e+01   0.0000e+00   5.0551e-03   3.0888e+02
20260621_06:00:00   3.5032e+00   2.8611e+02   4.5607e+01   1.5679e-01   3.2460e-04   3.0812e+02
20260621_09:00:00   5.1278e+00   2.9219e+02   5.2095e+01   5.7581e-01   2.6751e-04   3.0426e+02
20260621_12:00:00   3.8677e+00   2.8741e+02   4.9493e+01   1.2492e-01   3.0300e-03   3.0417e+02
20260621_15:00:00   3.5579e+00   2.8487e+02   4.6923e+01   5.0067e-02   2.3477e-02   3.0659e+02
20260621_18:00:00   5.6397e+00   2.9192e+02   4.8748e+01   7.8076e-01   6.2219e-02   3.0722e+02
20260621_21:00:00   5.8698e+00   2.9182e+02   4.8605e+01   8.7417e-01   6.0020e-02   3.0777e+02
20260622_00:00:00   5.3505e+00   2.9120e+02   4.9338e+01   6.6663e-01   5.9946e-02   3.1053e+02
20260622_03:00:00   5.2602e+00   2.9163e+02   4.8346e+01   6.4135e-01   3.1660e-04   3.1289e+02
20260622_06:00:00   5.9070e+00   2.9207e+02   5.1982e+01   8.1814e-01   2.1922e-02   3.1820e+02
20260622_09:00:00   6.7553e+00   2.9263e+02   4.9974e+01   1.1709e+00   3.2305e-04   3.2693e+02
20260622_12:00:00   6.2505e+00   2.9219e+02   4.7237e+01   1.0532e+00   0.0000e+00   3.3572e+02
20260622_15:00:00   5.0249e+00   2.9035e+02   4.2875e+01   6.9413e-01   0.0000e+00   3.4574e+02
20260622_18:00:00   3.9291e+00   2.8440e+02   3.9347e+01   4.0624e-01   1.8832e-03   3.4330e+02
20260622_21:00:00   2.6128e+00   2.6834e+02   3.5941e+01   4.1356e-02   7.9755e-04   3.4462e+02
20260623_00:00:00   2.5731e+00   2.6803e+02   3.6993e+01   2.0324e-04   0.0000e+00   3.5995e+02
20260623_03:00:00   2.3777e+00   2.6530e+02   3.4818e+01   2.8240e-04   0.0000e+00   3.5160e+02
20260623_06:00:00   2.5478e+00   2.7062e+02   3.5806e+01   2.5899e-02   1.2835e-03   3.3790e+02
20260623_09:00:00   2.4461e+00   2.6758e+02   3.5098e+01   2.3160e-05   8.5670e-03   3.2785e+02
20260623_12:00:00   2.4509e+00   2.6699e+02   3.5100e+01   0.0000e+00   3.4294e-02   3.1913e+02
20260623_15:00:00   2.3548e+00   2.6383e+02   3.3678e+01   0.0000e+00   1.6806e-02   3.2159e+02
20260623_18:00:00   2.1466e+00   2.5712e+02   3.0395e+01   0.0000e+00   1.3190e-03   3.1774e+02
