#            date       tau255        Tb[K]      pwv[mm] lwp[kg*m^-2] iwp[kg*m^-2]       o3[DU]
20260627_00:00:00   1.5058e+00   2.2730e+02   2.2987e+01   0.0000e+00   4.6999e-02   3.4271e+02
20260627_01:00:00   1.4591e+00   2.2458e+02   2.2778e+01   0.0000e+00   1.1137e-01   3.4259e+02
20260627_02:00:00   1.4497e+00   2.2430e+02   2.2897e+01   0.0000e+00   7.3678e-02   3.4135e+02
20260627_03:00:00   1.4478e+00   2.2458e+02   2.2939e+01   0.0000e+00   6.8985e-02   3.4056e+02
20260627_04:00:00   1.4639e+00   2.2606e+02   2.3238e+01   0.0000e+00   1.4700e-02   3.3917e+02
20260627_05:00:00   1.5162e+00   2.2975e+02   2.3920e+01   0.0000e+00   5.4466e-03   3.3817e+02
20260627_06:00:00   1.5665e+00   2.3310e+02   2.4616e+01   0.0000e+00   1.8652e-02   3.3614e+02
20260627_07:00:00   1.6179e+00   2.3627e+02   2.5419e+01   5.4700e-05   1.4112e-02   3.3564e+02
20260627_08:00:00   1.6919e+00   2.4049e+02   2.6398e+01   1.3410e-03   2.0912e-02   3.3496e+02
20260627_09:00:00   1.7960e+00   2.4579e+02   2.7498e+01   1.3632e-03   5.6268e-03   3.3572e+02
20260627_10:00:00   1.8516e+00   2.4841e+02   2.8012e+01   0.0000e+00   3.1666e-03   3.3750e+02
20260627_11:00:00   1.9333e+00   2.5158e+02   2.9006e+01   0.0000e+00   6.9464e-03   3.3684e+02
20260627_12:00:00   1.9695e+00   2.5279e+02   2.9459e+01   5.6720e-05   1.0628e-02   3.3576e+02
20260627_13:00:00   1.9294e+00   2.5108e+02   2.8942e+01   0.0000e+00   1.1874e-03   3.3732e+02
20260627_14:00:00   1.9143e+00   2.5028e+02   2.8609e+01   1.7808e-06   5.8061e-04   3.3815e+02
20260627_15:00:00   1.9762e+00   2.5241e+02   2.9086e+01   3.1260e-03   5.9420e-04   3.3769e+02
20260627_16:00:00   2.0564e+00   2.5504e+02   2.9780e+01   1.0416e-02   4.1200e-04   3.3797e+02
20260627_17:00:00   2.1340e+00   2.5763e+02   2.9817e+01   3.9320e-02   7.6980e-05   3.3962e+02
20260627_18:00:00   2.2135e+00   2.6000e+02   3.0140e+01   6.0801e-02   0.0000e+00   3.4125e+02
20260627_19:00:00   2.2566e+00   2.6108e+02   2.9644e+01   8.9000e-02   1.4209e-04   3.4609e+02
20260627_20:00:00   2.0882e+00   2.5560e+02   2.8673e+01   5.3000e-02   3.9642e-03   3.4916e+02
20260627_21:00:00   1.8966e+00   2.4806e+02   2.7831e+01   1.6284e-03   6.6454e-03   3.4895e+02
20260627_22:00:00   1.8366e+00   2.4549e+02   2.7002e+01   0.0000e+00   1.1370e-03   3.4937e+02
20260627_23:00:00   1.8313e+00   2.4544e+02   2.6926e+01   0.0000e+00   5.1720e-04   3.4873e+02
20260628_00:00:00   1.8320e+00   2.4576e+02   2.6908e+01   0.0000e+00   2.0440e-03   3.4768e+02
20260628_01:00:00   1.8137e+00   2.4535e+02   2.6647e+01   0.0000e+00   1.3510e-04   3.4697e+02
20260628_02:00:00   1.8086e+00   2.4562e+02   2.6704e+01   0.0000e+00   0.0000e+00   3.4708e+02
20260628_03:00:00   1.8079e+00   2.4595e+02   2.6849e+01   0.0000e+00   0.0000e+00   3.4712e+02
20260628_04:00:00   1.8509e+00   2.4803e+02   2.7618e+01   0.0000e+00   0.0000e+00   3.4571e+02
20260628_05:00:00   1.8871e+00   2.4950e+02   2.8226e+01   3.1335e-04   0.0000e+00   3.4170e+02
20260628_06:00:00   1.8706e+00   2.4876e+02   2.7984e+01   1.3206e-03   0.0000e+00   3.3881e+02
20260628_07:00:00   1.8957e+00   2.4988e+02   2.7913e+01   1.4406e-02   4.7560e-05   3.3627e+02
20260628_08:00:00   2.0550e+00   2.5573e+02   2.8697e+01   5.3098e-02   2.1680e-04   3.3638e+02
20260628_09:00:00   2.0556e+00   2.5564e+02   2.8949e+01   4.5308e-02   1.2436e-03   3.3771e+02
20260628_10:00:00   1.9033e+00   2.4988e+02   2.8476e+01   0.0000e+00   2.0219e-03   3.4121e+02
20260628_11:00:00   1.9587e+00   2.5205e+02   2.9321e+01   0.0000e+00   2.5245e-03   3.4036e+02
20260628_12:00:00   2.0911e+00   2.5662e+02   3.0917e+01   7.0780e-03   1.4873e-02   3.3832e+02
20260628_13:00:00   2.5406e+00   2.6846e+02   3.2653e+01   1.3764e-01   2.8541e-02   3.3871e+02
20260628_14:00:00   2.4776e+00   2.6700e+02   3.2423e+01   1.1409e-01   1.2027e-02   3.4229e+02
20260628_15:00:00   2.4159e+00   2.6523e+02   3.2968e+01   7.1838e-02   1.9900e-03   3.4572e+02
20260628_16:00:00   2.2465e+00   2.6065e+02   3.1991e+01   3.1264e-02   3.4023e-03   3.4645e+02
20260628_17:00:00   2.1528e+00   2.5762e+02   3.1173e+01   1.6202e-02   5.1900e-04   3.5068e+02
20260628_18:00:00   2.1460e+00   2.5712e+02   3.1190e+01   9.4820e-03   0.0000e+00   3.5366e+02
20260628_19:00:00   2.0555e+00   2.5385e+02   3.0262e+01   9.7440e-04   1.8364e-02   3.4859e+02
20260628_20:00:00   2.0293e+00   2.5270e+02   2.9929e+01   0.0000e+00   3.5948e-02   3.5007e+02
20260628_21:00:00   1.9778e+00   2.5070e+02   2.9185e+01   0.0000e+00   7.2301e-03   3.5633e+02
20260628_22:00:00   1.9740e+00   2.5063e+02   2.9142e+01   0.0000e+00   2.9976e-04   3.5336e+02
20260628_23:00:00   2.0307e+00   2.5302e+02   2.9863e+01   0.0000e+00   0.0000e+00   3.5161e+02
20260629_00:00:00   2.0291e+00   2.5331e+02   2.9888e+01   0.0000e+00   0.0000e+00   3.4457e+02
20260629_01:00:00   2.0712e+00   2.5530e+02   3.0467e+01   0.0000e+00   0.0000e+00   3.4555e+02
20260629_02:00:00   2.0796e+00   2.5622e+02   3.0765e+01   0.0000e+00   0.0000e+00   3.4454e+02
20260629_03:00:00   2.0819e+00   2.5693e+02   3.0858e+01   0.0000e+00   0.0000e+00   3.4039e+02
20260629_04:00:00   2.1165e+00   2.5867e+02   3.1404e+01   3.9300e-04   2.7000e-05   3.4062e+02
20260629_05:00:00   2.1244e+00   2.5934e+02   3.1898e+01   2.3880e-04   2.6565e-03   3.4190e+02
20260629_06:00:00   2.1405e+00   2.5996e+02   3.2667e+01   2.1296e-03   3.6579e-03   3.4236e+02
20260629_07:00:00   2.2706e+00   2.6385e+02   3.3418e+01   3.5259e-02   1.0631e-02   3.4165e+02
20260629_08:00:00   2.4996e+00   2.6936e+02   3.4152e+01   9.6748e-02   9.9337e-03   3.3958e+02
20260629_09:00:00   2.5872e+00   2.7110e+02   3.5341e+01   9.0135e-02   2.1477e-04   3.3809e+02
20260629_10:00:00   2.4294e+00   2.6748e+02   3.4927e+01   4.3666e-02   1.5501e-03   3.3754e+02
20260629_11:00:00   2.3596e+00   2.6558e+02   3.5163e+01   1.2948e-02   4.4887e-03   3.3721e+02
20260629_12:00:00   2.3386e+00   2.6485e+02   3.5493e+01   0.0000e+00   7.1020e-03   3.3683e+02
20260629_13:00:00   2.3697e+00   2.6551e+02   3.5914e+01   3.5856e-03   4.6193e-02   3.3683e+02
20260629_14:00:00   2.6692e+00   2.7198e+02   3.6876e+01   9.0640e-02   4.8467e-02   3.3530e+02
20260629_15:00:00   2.5806e+00   2.7003e+02   3.6506e+01   6.5405e-02   6.4453e-02   3.3506e+02
20260629_16:00:00   2.3477e+00   2.6440e+02   3.5515e+01   1.7564e-03   2.7446e-02   3.3607e+02
20260629_17:00:00   2.3010e+00   2.6290e+02   3.4935e+01   0.0000e+00   2.1499e-02   3.3791e+02
20260629_18:00:00   2.2878e+00   2.6217e+02   3.4604e+01   0.0000e+00   3.6825e-03   3.3776e+02
20260629_19:00:00   2.2649e+00   2.6114e+02   3.4407e+01   0.0000e+00   1.5724e-03   3.4025e+02
20260629_20:00:00   2.2443e+00   2.6031e+02   3.4239e+01   0.0000e+00   2.9923e-02   3.4256e+02
20260629_21:00:00   2.2258e+00   2.5962e+02   3.4001e+01   0.0000e+00   3.6243e-02   3.4220e+02
20260629_22:00:00   2.2254e+00   2.5969e+02   3.3968e+01   0.0000e+00   1.4412e-03   3.3770e+02
20260629_23:00:00   2.2838e+00   2.6150e+02   3.4783e+01   0.0000e+00   3.6617e-04   3.3923e+02
20260630_00:00:00   2.2971e+00   2.6224e+02   3.4814e+01   0.0000e+00   3.4413e-04   3.3454e+02
20260630_01:00:00   2.3039e+00   2.6301e+02   3.4837e+01   0.0000e+00   1.6204e-06   3.3280e+02
20260630_02:00:00   2.2603e+00   2.6249e+02   3.4490e+01   0.0000e+00   3.6580e-06   3.3379e+02
20260630_03:00:00   2.2583e+00   2.6321e+02   3.4431e+01   0.0000e+00   9.8160e-06   3.3463e+02
20260630_04:00:00   2.3822e+00   2.6721e+02   3.5824e+01   4.8259e-03   0.0000e+00   3.3584e+02
20260630_05:00:00   2.5186e+00   2.7092e+02   3.6373e+01   5.1562e-02   0.0000e+00   3.3249e+02
20260630_06:00:00   2.5593e+00   2.7202e+02   3.5812e+01   9.6103e-02   0.0000e+00   3.2991e+02
20260630_07:00:00   2.5904e+00   2.7271e+02   3.7342e+01   6.5519e-02   0.0000e+00   3.2985e+02
20260630_08:00:00   3.1026e+00   2.8087e+02   3.8770e+01   2.1300e-01   1.0354e-04   3.2948e+02
20260630_09:00:00   3.5362e+00   2.8506e+02   3.9967e+01   3.3946e-01   2.6471e-03   3.2809e+02
20260630_10:00:00   3.5505e+00   2.8502e+02   4.0235e+01   3.3943e-01   3.6453e-03   3.2773e+02
20260630_11:00:00   3.3862e+00   2.8340e+02   3.9857e+01   2.9187e-01   3.4188e-03   3.2805e+02
20260630_12:00:00   3.1665e+00   2.8075e+02   3.8801e+01   2.4607e-01   8.0193e-03   3.2860e+02
20260630_13:00:00   3.2655e+00   2.8161e+02   3.8531e+01   2.9258e-01   2.4613e-03   3.2834e+02
20260630_14:00:00   2.7766e+00   2.7453e+02   3.8108e+01   1.0827e-01   5.5607e-03   3.2850e+02
20260630_15:00:00   2.5558e+00   2.6979e+02   3.7598e+01   2.8360e-02   3.3172e-02   3.2748e+02
20260630_16:00:00   2.5172e+00   2.6849e+02   3.7087e+01   2.7321e-02   2.0800e-02   3.2833e+02
20260630_17:00:00   2.4178e+00   2.6571e+02   3.6679e+01   2.2691e-03   4.5059e-02   3.3081e+02
20260630_18:00:00   2.3612e+00   2.6402e+02   3.5884e+01   5.4099e-03   4.1526e-03   3.4082e+02
20260630_19:00:00   2.2427e+00   2.6068e+02   3.4403e+01   1.3226e-03   3.0966e-04   3.3998e+02
20260630_20:00:00   2.1949e+00   2.5924e+02   3.3533e+01   2.1680e-04   4.4380e-04   3.4157e+02
20260630_21:00:00   2.2221e+00   2.6006e+02   3.3737e+01   0.0000e+00   1.7720e-04   3.4187e+02
20260630_22:00:00   2.2384e+00   2.6053e+02   3.3857e+01   0.0000e+00   6.4820e-04   3.3974e+02
20260630_23:00:00   2.1800e+00   2.5896e+02   3.3163e+01   0.0000e+00   1.2671e-03   3.3803e+02
20260701_00:00:00   2.1307e+00   2.5767e+02   3.2567e+01   0.0000e+00   1.6998e-03   3.3567e+02
20260701_01:00:00   2.2196e+00   2.6085e+02   3.3857e+01   0.0000e+00   8.7580e-05   3.3794e+02
20260701_02:00:00   2.1560e+00   2.5931e+02   3.3297e+01   0.0000e+00   9.4000e-04   3.4028e+02
20260701_03:00:00   2.1775e+00   2.6045e+02   3.3874e+01   0.0000e+00   7.1467e-04   3.4279e+02
20260701_04:00:00   2.3084e+00   2.6474e+02   3.5630e+01   4.9327e-03   7.1302e-03   3.4331e+02
20260701_05:00:00   2.3905e+00   2.6721e+02   3.5809e+01   4.2636e-02   5.8346e-03   3.4459e+02
20260701_06:00:00   2.5382e+00   2.7104e+02   3.6901e+01   7.5910e-02   3.8392e-03   3.4700e+02
20260701_07:00:00   2.5142e+00   2.7072e+02   3.8285e+01   2.1806e-02   2.0133e-02   3.4777e+02
20260701_08:00:00   2.6906e+00   2.7462e+02   3.9853e+01   2.6880e-02   8.6995e-02   3.4959e+02
20260701_09:00:00   3.1606e+00   2.8182e+02   4.1542e+01   1.5070e-01   7.7199e-02   3.5231e+02
20260701_10:00:00   3.4571e+00   2.8438e+02   4.2687e+01   2.3377e-01   3.0680e-03   3.5314e+02
20260701_11:00:00   3.4972e+00   2.8440e+02   4.2490e+01   2.6511e-01   1.4285e-02   3.5321e+02
20260701_12:00:00   3.0877e+00   2.8000e+02   4.2199e+01   1.0469e-01   4.3082e-02   3.5370e+02
20260701_13:00:00   2.7926e+00   2.7567e+02   4.1426e+01   1.6024e-02   2.4750e-02   3.5466e+02
20260701_14:00:00   2.7848e+00   2.7532e+02   4.1600e+01   7.2057e-03   7.4525e-02   3.5539e+02
20260701_15:00:00   2.8392e+00   2.7599e+02   4.2490e+01   2.7119e-03   1.2854e-01   3.5614e+02
20260701_16:00:00   2.8809e+00   2.7641e+02   4.3213e+01   0.0000e+00   2.0446e-01   3.5671e+02
20260701_17:00:00   2.9526e+00   2.7708e+02   4.4017e+01   8.8320e-04   1.1350e-01   3.5450e+02
20260701_18:00:00   2.9295e+00   2.7637e+02   4.3292e+01   0.0000e+00   1.3722e-02   3.5176e+02
20260701_19:00:00   2.8642e+00   2.7492e+02   4.2136e+01   0.0000e+00   5.1697e-04   3.4942e+02
20260701_20:00:00   2.8334e+00   2.7412e+02   4.1331e+01   0.0000e+00   0.0000e+00   3.4977e+02
20260701_21:00:00   2.7972e+00   2.7328e+02   4.0559e+01   0.0000e+00   6.9823e-06   3.4932e+02
20260701_22:00:00   2.7633e+00   2.7261e+02   4.0154e+01   1.0532e-04   6.2320e-06   3.4782e+02
20260701_23:00:00   2.7969e+00   2.7335e+02   4.0461e+01   9.3198e-05   3.9524e-05   3.4845e+02
20260702_00:00:00   2.8397e+00   2.7434e+02   4.0589e+01   3.9749e-03   1.5596e-05   3.4713e+02
20260702_03:00:00   2.7460e+00   2.7424e+02   4.0304e+01   6.1500e-04   5.0144e-04   3.4457e+02
20260702_06:00:00   2.6136e+00   2.7249e+02   3.8507e+01   1.3076e-02   4.1760e-05   3.4616e+02
20260702_09:00:00   2.4897e+00   2.6970e+02   3.7181e+01   1.7258e-03   0.0000e+00   3.4776e+02
20260702_12:00:00   2.4443e+00   2.6701e+02   3.7001e+01   0.0000e+00   0.0000e+00   3.4902e+02
20260702_15:00:00   2.4569e+00   2.6660e+02   3.7370e+01   0.0000e+00   0.0000e+00   3.5149e+02
20260702_18:00:00   2.4403e+00   2.6553e+02   3.6968e+01   0.0000e+00   0.0000e+00   3.4997e+02
20260702_21:00:00   2.6307e+00   2.6956e+02   3.9220e+01   5.5637e-03   5.1620e-05   3.4764e+02
20260703_00:00:00   2.6826e+00   2.7142e+02   3.9878e+01   0.0000e+00   1.3528e-04   3.4352e+02
20260703_03:00:00   2.6709e+00   2.7285e+02   4.0066e+01   2.2520e-05   0.0000e+00   3.4430e+02
20260703_06:00:00   2.8631e+00   2.7755e+02   4.0523e+01   5.7883e-02   3.0320e-06   3.4223e+02
20260703_09:00:00   2.6699e+00   2.7359e+02   4.0288e+01   0.0000e+00   7.8019e-03   3.3948e+02
20260703_12:00:00   2.5313e+00   2.6979e+02   3.8391e+01   0.0000e+00   8.3564e-03   3.3381e+02
20260703_15:00:00   2.6787e+00   2.7247e+02   4.0048e+01   0.0000e+00   1.2951e-02   3.3088e+02
20260703_18:00:00   2.7481e+00   2.7319e+02   4.1271e+01   0.0000e+00   5.5227e-02   3.3085e+02
20260703_21:00:00   2.8348e+00   2.7454e+02   4.2380e+01   0.0000e+00   4.2807e-01   3.2391e+02
20260704_00:00:00   2.8873e+00   2.7598e+02   4.3927e+01   0.0000e+00   2.6346e-01   3.2211e+02
20260704_03:00:00   3.1789e+00   2.8067e+02   4.8651e+01   7.3380e-04   7.4163e-01   3.1926e+02
20260704_06:00:00   5.7360e+00   2.9072e+02   5.5074e+01   8.3916e-01   3.7119e-01   3.1594e+02
20260704_09:00:00   5.6292e+00   2.8924e+02   5.3233e+01   8.2762e-01   3.0993e-02   3.1746e+02
20260704_12:00:00   3.6161e+00   2.8173e+02   5.1649e+01   7.1784e-02   2.6878e-02   3.2178e+02
20260704_15:00:00   5.0305e+00   2.8863e+02   5.4026e+01   5.0903e-01   1.1265e-02   3.1875e+02
20260704_18:00:00   4.7642e+00   2.8851e+02   5.2984e+01   4.1928e-01   3.4820e-03   3.1769e+02
20260704_21:00:00   4.7831e+00   2.8892e+02   5.5403e+01   3.4839e-01   3.3025e-03   3.1769e+02
20260705_00:00:00   4.4755e+00   2.8842e+02   5.8043e+01   1.5340e-01   1.5373e-02   3.1707e+02
20260705_03:00:00   6.1507e+00   2.9170e+02   5.9531e+01   7.8456e-01   4.2213e-01   3.1534e+02
20260705_06:00:00   5.0471e+00   2.9062e+02   5.9656e+01   3.6323e-01   8.7624e-02   3.1664e+02
20260705_09:00:00   4.7693e+00   2.9083e+02   6.1097e+01   1.8947e-01   3.3277e-02   3.1589e+02
20260705_12:00:00   4.7025e+00   2.9081e+02   5.9739e+01   1.7216e-01   1.4678e-02   3.2344e+02
20260705_15:00:00   4.4279e+00   2.8955e+02   5.4813e+01   1.9599e-01   3.6296e-03   3.2662e+02
20260705_18:00:00   4.1406e+00   2.8781e+02   5.5816e+01   6.8548e-02   2.3479e-01   3.2353e+02
20260705_21:00:00   5.3465e+00   2.9167e+02   5.4786e+01   5.5828e-01   3.8279e-01   3.2648e+02
20260706_00:00:00   4.3553e+00   2.8886e+02   4.8101e+01   3.4393e-01   5.0780e-04   3.4781e+02
20260706_03:00:00   3.3417e+00   2.8257e+02   4.6518e+01   2.6445e-02   0.0000e+00   3.5556e+02
20260706_06:00:00   3.2234e+00   2.8202e+02   4.7359e+01   6.8880e-04   0.0000e+00   3.4569e+02
20260706_09:00:00   3.4437e+00   2.8431e+02   4.9826e+01   3.7260e-04   6.7340e-06   3.4428e+02
20260706_12:00:00   3.3958e+00   2.8389e+02   4.8530e+01   0.0000e+00   9.8290e-04   3.4756e+02
20260706_15:00:00   3.5334e+00   2.8473e+02   4.9584e+01   2.4129e-02   1.7508e-04   3.4577e+02
20260706_18:00:00   4.1781e+00   2.8867e+02   5.2054e+01   1.9283e-01   1.5580e-03   3.3773e+02
20260706_21:00:00   4.1745e+00   2.8855e+02   5.1478e+01   2.0316e-01   6.0978e-04   3.4045e+02
20260707_00:00:00   4.4883e+00   2.9030e+02   5.4095e+01   2.4653e-01   2.8867e-04   3.3787e+02
20260707_03:00:00   4.4844e+00   2.9113e+02   5.9048e+01   1.2185e-01   1.8844e-02   3.3089e+02
20260707_06:00:00   4.0850e+00   2.9000e+02   5.7742e+01   1.3425e-02   1.1780e-04   3.2853e+02
20260707_09:00:00   3.9772e+00   2.8910e+02   5.7032e+01   3.5620e-06   1.2804e-04   3.2518e+02
20260707_12:00:00   3.6329e+00   2.8698e+02   5.1090e+01   1.7174e-04   2.6534e-04   3.2752e+02
20260707_15:00:00   3.4761e+00   2.8549e+02   4.8407e+01   0.0000e+00   2.6760e-05   3.2503e+02
20260707_18:00:00   3.7431e+00   2.8714e+02   4.9721e+01   3.2050e-02   1.7448e-04   3.2275e+02
20260707_21:00:00   4.5305e+00   2.9104e+02   4.9607e+01   3.3088e-01   1.1530e-05   3.2137e+02
20260708_00:00:00   3.9040e+00   2.8844e+02   4.9415e+01   1.0749e-01   0.0000e+00   3.1711e+02
20260708_03:00:00   3.5139e+00   2.8729e+02   4.7777e+01   2.7911e-02   1.5260e-05   3.1542e+02
20260708_06:00:00   3.6600e+00   2.8940e+02   4.8293e+01   6.9897e-02   1.3556e-05   3.1606e+02
20260708_09:00:00   3.3844e+00   2.8708e+02   4.8197e+01   5.7973e-03   8.1020e-06   3.1619e+02
20260708_12:00:00   3.4922e+00   2.8713e+02   4.9708e+01   6.4060e-04   0.0000e+00   3.1143e+02
20260708_15:00:00   3.6092e+00   2.8758e+02   5.1540e+01   5.0190e-04   4.4040e-04   3.1388e+02
20260708_18:00:00   3.6153e+00   2.8711e+02   5.1796e+01   2.6650e-04   1.9574e-03   3.1310e+02
20260708_21:00:00   3.5303e+00   2.8614e+02   5.0528e+01   2.3960e-04   1.1027e-02   3.1407e+02
20260709_00:00:00   3.5047e+00   2.8660e+02   5.0621e+01   4.2292e-04   2.7293e-02   3.1332e+02
20260709_03:00:00   3.5642e+00   2.8896e+02   5.1913e+01   1.6005e-02   9.5781e-02   3.1445e+02
20260709_06:00:00   3.5074e+00   2.8962e+02   5.1676e+01   1.8503e-02   2.9642e-03   3.1409e+02
20260709_09:00:00   3.6088e+00   2.8991e+02   5.1961e+01   3.7003e-02   1.3307e-03   3.1523e+02
20260709_12:00:00   3.5799e+00   2.8926e+02   5.2718e+01   0.0000e+00   1.0312e-02   3.1286e+02
20260709_15:00:00   3.7556e+00   2.9017e+02   5.3744e+01   9.1820e-03   2.1956e-04   3.1269e+02
20260709_18:00:00   3.9710e+00   2.9089e+02   5.3265e+01   9.3300e-02   0.0000e+00   3.1510e+02
20260709_21:00:00   4.2482e+00   2.9141e+02   5.2991e+01   1.8788e-01   0.0000e+00   3.1815e+02
20260710_00:00:00   3.6172e+00   2.8808e+02   5.1559e+01   9.6520e-03   1.6204e-06   3.1670e+02
20260710_03:00:00   3.5407e+00   2.8951e+02   5.0425e+01   3.3039e-02   0.0000e+00   3.1591e+02
20260710_06:00:00   3.9290e+00   2.9254e+02   5.1081e+01   1.6296e-01   9.0000e-06   3.1318e+02
20260710_09:00:00   3.3015e+00   2.8782e+02   4.9026e+01   8.2540e-04   2.1558e-04   3.1136e+02
20260710_12:00:00   3.3032e+00   2.8715e+02   4.8875e+01   0.0000e+00   7.7218e-03   3.1106e+02
20260710_15:00:00   3.1608e+00   2.8407e+02   4.7874e+01   0.0000e+00   2.6775e-04   3.1139e+02
20260710_18:00:00   3.0490e+00   2.8165e+02   4.6462e+01   0.0000e+00   2.4837e-04   3.0943e+02
20260710_21:00:00   2.8268e+00   2.7739e+02   4.3613e+01   0.0000e+00   0.0000e+00   3.1073e+02
20260711_00:00:00   2.7569e+00   2.7648e+02   4.2714e+01   0.0000e+00   2.7594e-03   3.1281e+02
20260711_03:00:00   2.7290e+00   2.7767e+02   4.2239e+01   0.0000e+00   5.1040e-05   3.1035e+02
20260711_06:00:00   2.7654e+00   2.8005e+02   4.3004e+01   0.0000e+00   3.8865e-05   3.1257e+02
20260711_09:00:00   2.9506e+00   2.8361e+02   4.5430e+01   0.0000e+00   1.0890e-02   3.0910e+02
20260711_12:00:00   2.9388e+00   2.8131e+02   4.5019e+01   0.0000e+00   2.9603e-03   3.0672e+02
20260711_15:00:00   2.8205e+00   2.7830e+02   4.3658e+01   0.0000e+00   0.0000e+00   3.0322e+02
20260711_18:00:00   2.7764e+00   2.7647e+02   4.2873e+01   0.0000e+00   3.4480e-05   3.0263e+02
20260711_21:00:00   2.8234e+00   2.7654e+02   4.3175e+01   0.0000e+00   1.9730e-03   3.0202e+02
20260712_00:00:00   2.8766e+00   2.7807e+02   4.3906e+01   0.0000e+00   1.2497e-03   3.0104e+02
20260712_03:00:00   2.9385e+00   2.8105e+02   4.5304e+01   0.0000e+00   7.2720e-03   3.0063e+02
20260712_06:00:00   3.0391e+00   2.8399e+02   4.7155e+01   0.0000e+00   4.1798e-03   2.9924e+02
20260712_09:00:00   3.0323e+00   2.8418e+02   4.6740e+01   0.0000e+00   6.7865e-04   2.9840e+02
20260712_12:00:00   3.0574e+00   2.8372e+02   4.6446e+01   0.0000e+00   1.3182e-03   2.9776e+02
20260712_15:00:00   3.0812e+00   2.8278e+02   4.6946e+01   0.0000e+00   8.7840e-04   2.9607e+02
20260712_18:00:00   3.1142e+00   2.8217e+02   4.6809e+01   0.0000e+00   1.1700e-03   2.9402e+02
20260712_21:00:00   3.1952e+00   2.8230e+02   4.7089e+01   0.0000e+00   9.0664e-03   2.9519e+02
20260713_00:00:00   3.2768e+00   2.8351e+02   4.8260e+01   0.0000e+00   2.8656e-02   2.9342e+02
