#            date       tau255        Tb[K]      pwv[mm] lwp[kg*m^-2] iwp[kg*m^-2]       o3[DU]
20220703_18:00:00   2.6734e-01   6.4644e+01   4.3120e+00   0.0000e+00   2.8511e-02   3.7207e+02
20220703_19:00:00   2.5889e-01   6.3034e+01   4.1563e+00   0.0000e+00   3.7812e-02   3.7626e+02
20220703_20:00:00   2.5218e-01   6.1712e+01   4.0342e+00   1.8770e-05   4.2297e-02   3.7849e+02
20220703_21:00:00   2.3565e-01   5.8406e+01   3.7624e+00   0.0000e+00   2.9301e-02   3.7887e+02
20220703_22:00:00   2.4121e-01   5.9442e+01   3.8692e+00   0.0000e+00   2.1122e-02   3.8108e+02
20220703_23:00:00   2.5307e-01   6.1805e+01   4.0164e+00   1.6835e-03   2.0826e-02   3.8297e+02
20220704_00:00:00   2.7192e-01   6.5420e+01   4.4019e+00   1.3684e-04   5.2784e-02   3.7882e+02
20220704_01:00:00   2.9509e-01   6.9725e+01   4.7370e+00   0.0000e+00   2.1947e-01   3.5335e+02
20220704_02:00:00   3.2564e-01   7.5359e+01   5.0941e+00   0.0000e+00   6.3514e-01   3.3084e+02
20220704_03:00:00   3.2410e-01   7.5115e+01   5.0715e+00   0.0000e+00   5.7746e-01   3.1217e+02
20220704_04:00:00   3.1630e-01   7.3634e+01   4.9392e+00   0.0000e+00   5.3618e-01   3.0518e+02
20220704_05:00:00   2.9454e-01   6.9426e+01   4.5915e+00   0.0000e+00   4.0964e-01   3.0046e+02
20220704_06:00:00   2.3855e-01   5.8779e+01   3.6010e+00   7.8010e-04   1.4919e-01   2.9864e+02
20220704_07:00:00   1.7458e-01   4.5449e+01   2.5886e+00   0.0000e+00   3.2744e-04   2.9330e+02
20220704_08:00:00   1.9777e-01   5.0171e+01   2.9682e+00   0.0000e+00   2.7285e-02   2.9216e+02
20220704_09:00:00   2.1865e-01   5.4442e+01   3.3061e+00   8.4050e-07   9.7252e-02   2.9358e+02
20220704_10:00:00   2.2308e-01   5.5598e+01   3.3613e+00   0.0000e+00   1.3411e-01   2.9498e+02
20220704_11:00:00   1.9760e-01   5.0495e+01   2.9796e+00   5.5710e-05   4.6362e-02   2.9614e+02
20220704_12:00:00   2.0908e-01   5.2943e+01   3.2180e+00   4.4800e-04   6.7660e-02   2.9764e+02
20220704_13:00:00   2.2870e-01   5.6890e+01   3.7025e+00   8.9790e-07   4.4900e-02   2.9585e+02
20220704_14:00:00   2.6192e-01   6.3473e+01   4.3787e+00   0.0000e+00   2.8734e-02   2.9300e+02
20220704_15:00:00   2.7732e-01   6.6529e+01   4.6370e+00   1.7440e-04   2.5208e-02   2.9388e+02
20220704_16:00:00   2.9020e-01   6.8993e+01   4.8283e+00   5.0668e-04   4.2766e-02   3.0188e+02
20220704_17:00:00   2.8888e-01   6.8704e+01   4.8045e+00   4.1900e-04   3.7343e-02   3.0649e+02
20220704_18:00:00   2.8564e-01   6.7998e+01   4.7944e+00   0.0000e+00   2.8080e-02   3.0455e+02
20220704_19:00:00   3.0677e-01   7.2001e+01   5.1116e+00   0.0000e+00   7.8711e-02   3.0296e+02
20220704_20:00:00   3.1877e-01   7.4270e+01   5.2921e+00   0.0000e+00   1.3040e-01   3.0367e+02
20220704_21:00:00   3.3543e-01   7.7332e+01   5.5287e+00   0.0000e+00   2.3753e-01   3.0545e+02
20220704_22:00:00   3.4778e-01   7.9593e+01   5.7316e+00   0.0000e+00   3.0240e-01   3.0734e+02
20220704_23:00:00   3.6037e-01   8.1851e+01   5.8922e+00   0.0000e+00   4.4613e-01   3.1244e+02
20220705_00:00:00   3.6570e-01   8.2894e+01   5.9607e+00   0.0000e+00   4.7815e-01   3.1524e+02
20220705_01:00:00   3.7219e-01   8.4073e+01   6.0432e+00   7.2460e-05   5.3596e-01   3.2040e+02
20220705_02:00:00   3.7720e-01   8.4978e+01   6.1157e+00   0.0000e+00   5.9622e-01   3.1652e+02
20220705_03:00:00   4.2930e-01   9.4062e+01   6.3500e+00   1.5166e-02   8.6088e-01   3.1662e+02
20220705_04:00:00   3.8196e-01   8.5899e+01   6.0849e+00   3.7120e-05   7.8674e-01   3.1948e+02
20220705_05:00:00   3.3122e-01   7.6875e+01   5.3413e+00   1.8115e-03   2.1591e-01   3.2695e+02
20220705_06:00:00   3.0458e-01   7.2061e+01   4.7113e+00   1.5953e-03   2.9984e-01   3.3131e+02
20220705_07:00:00   2.0380e-01   5.1795e+01   3.1540e+00   3.2291e-04   1.6295e-02   3.3228e+02
20220705_08:00:00   1.9774e-01   5.0422e+01   3.0286e+00   1.2420e-05   3.1393e-02   3.2934e+02
20220705_09:00:00   2.0783e-01   5.2483e+01   3.1471e+00   0.0000e+00   7.2971e-02   3.3349e+02
20220705_10:00:00   2.0463e-01   5.1784e+01   3.1053e+00   8.2550e-07   3.6853e-02   3.3475e+02
20220705_11:00:00   2.1139e-01   5.3230e+01   3.1972e+00   0.0000e+00   7.9969e-02   3.4369e+02
20220705_12:00:00   2.1790e-01   5.4645e+01   3.2979e+00   0.0000e+00   9.1816e-02   3.4856e+02
20220705_13:00:00   2.1546e-01   5.4143e+01   3.2906e+00   0.0000e+00   4.3687e-02   3.4354e+02
20220705_14:00:00   2.2300e-01   5.5669e+01   3.4221e+00   0.0000e+00   7.0642e-02   3.3201e+02
20220705_15:00:00   2.5122e-01   6.1163e+01   3.9654e+00   0.0000e+00   1.2198e-01   3.1952e+02
20220705_16:00:00   2.7176e-01   6.5059e+01   4.3613e+00   0.0000e+00   1.2592e-01   3.1162e+02
20220705_17:00:00   2.7424e-01   6.5427e+01   4.4302e+00   0.0000e+00   1.4352e-01   3.1309e+02
20220705_18:00:00   2.8330e-01   6.7139e+01   4.5569e+00   2.4870e-06   2.2331e-01   3.1270e+02
20220705_19:00:00   2.8965e-01   6.8415e+01   4.6514e+00   9.7190e-06   2.4339e-01   3.1231e+02
20220705_20:00:00   2.7993e-01   6.6569e+01   4.5359e+00   0.0000e+00   1.5469e-01   3.0947e+02
20220705_21:00:00   2.8703e-01   6.7978e+01   4.6397e+00   0.0000e+00   1.8609e-01   3.0693e+02
20220705_22:00:00   2.9404e-01   6.9377e+01   4.7433e+00   0.0000e+00   2.1326e-01   3.0001e+02
20220705_23:00:00   3.0066e-01   7.0720e+01   4.8034e+00   7.1820e-05   2.6787e-01   3.0162e+02
20220706_00:00:00   2.9101e-01   6.8940e+01   4.6548e+00   0.0000e+00   2.0322e-01   3.0841e+02
20220706_01:00:00   2.9927e-01   7.0591e+01   4.7721e+00   0.0000e+00   2.7027e-01   3.1513e+02
20220706_02:00:00   3.1943e-01   7.4435e+01   5.0603e+00   0.0000e+00   4.1943e-01   3.1696e+02
20220706_03:00:00   3.2293e-01   7.5104e+01   5.1324e+00   0.0000e+00   4.2108e-01   3.2065e+02
20220706_04:00:00   3.3588e-01   7.7387e+01   5.2113e+00   2.5990e-06   8.2058e-01   3.2438e+02
20220706_05:00:00   3.2398e-01   7.5104e+01   4.9589e+00   1.1680e-05   8.4350e-01   3.3578e+02
20220706_06:00:00   2.6734e-01   6.4064e+01   4.1889e+00   0.0000e+00   2.6605e-01   3.4544e+02
20220706_07:00:00   2.4401e-01   5.9489e+01   3.8049e+00   0.0000e+00   1.5500e-01   3.4961e+02
20220706_08:00:00   2.3939e-01   5.8538e+01   3.6803e+00   2.0880e-05   2.1262e-01   3.4991e+02
20220706_09:00:00   2.4029e-01   5.8625e+01   3.6525e+00   0.0000e+00   3.2510e-01   3.5063e+02
20220706_10:00:00   2.2661e-01   5.5986e+01   3.4775e+00   0.0000e+00   1.3809e-01   3.6042e+02
20220706_11:00:00   2.3027e-01   5.6618e+01   3.4965e+00   0.0000e+00   2.2716e-01   3.7110e+02
20220706_12:00:00   2.2147e-01   5.4892e+01   3.3758e+00   0.0000e+00   1.2831e-01   3.8126e+02
20220706_13:00:00   2.1247e-01   5.3032e+01   3.2696e+00   0.0000e+00   5.7566e-02   3.7547e+02
20220706_14:00:00   2.3531e-01   5.7585e+01   3.6538e+00   0.0000e+00   1.6943e-01   3.6292e+02
20220706_15:00:00   2.6182e-01   6.2765e+01   4.0553e+00   0.0000e+00   3.9119e-01   3.6252e+02
20220706_16:00:00   2.5993e-01   6.2786e+01   4.0185e+00   6.0637e-04   1.9608e-01   3.6345e+02
20220706_17:00:00   2.7338e-01   6.5509e+01   4.1512e+00   3.8283e-03   1.7241e-01   3.6048e+02
20220706_18:00:00   2.5951e-01   6.2803e+01   4.0065e+00   8.2985e-04   2.2047e-01   3.5984e+02
20220706_19:00:00   2.1621e-01   5.4084e+01   3.3622e+00   8.4970e-05   4.0495e-02   3.5974e+02
20220706_20:00:00   1.9623e-01   4.9887e+01   3.0287e+00   0.0000e+00   3.2948e-02   3.5515e+02
20220706_21:00:00   2.1800e-01   5.4303e+01   3.3818e+00   0.0000e+00   4.9669e-02   3.5288e+02
20220706_22:00:00   2.1638e-01   5.3981e+01   3.3567e+00   0.0000e+00   1.7873e-02   3.4424e+02
20220706_23:00:00   2.3954e-01   5.8683e+01   3.6745e+00   1.2970e-04   1.7169e-01   3.3475e+02
20220707_00:00:00   2.3006e-01   5.6838e+01   3.5582e+00   3.1640e-05   4.4689e-02   3.3144e+02
20220707_01:00:00   2.1691e-01   5.4204e+01   3.3621e+00   6.8450e-06   1.7212e-03   3.3075e+02
20220707_02:00:00   2.1978e-01   5.4819e+01   3.4221e+00   0.0000e+00   9.9630e-03   3.2491e+02
20220707_03:00:00   2.2505e-01   5.5872e+01   3.5448e+00   0.0000e+00   1.9733e-02   3.2397e+02
20220707_04:00:00   2.3762e-01   5.8307e+01   3.8572e+00   0.0000e+00   4.6478e-02   3.2051e+02
20220707_05:00:00   2.5860e-01   6.2400e+01   4.3527e+00   0.0000e+00   5.2461e-02   3.2050e+02
20220707_06:00:00   2.6934e-01   6.4495e+01   4.6140e+00   3.1460e-05   3.1815e-02   3.2393e+02
20220707_07:00:00   2.9399e-01   6.9215e+01   5.1206e+00   8.9200e-05   4.2548e-02   3.2943e+02
20220707_08:00:00   3.1697e-01   7.3713e+01   5.5264e+00   3.7340e-06   5.9233e-02   3.2357e+02
20220707_09:00:00   3.1964e-01   7.4477e+01   5.4910e+00   0.0000e+00   6.1356e-02   3.2498e+02
20220707_10:00:00   3.2927e-01   7.6337e+01   5.7048e+00   2.6300e-05   4.6628e-02   3.2634e+02
20220707_11:00:00   3.3870e-01   7.8193e+01   5.9192e+00   5.7090e-06   1.8616e-02   3.2363e+02
20220707_12:00:00   3.2928e-01   7.6673e+01   5.7848e+00   2.6830e-05   5.7123e-03   3.2110e+02
20220707_13:00:00   3.3574e-01   7.7943e+01   5.9610e+00   1.4470e-05   4.1891e-03   3.2067e+02
20220707_14:00:00   3.3667e-01   7.8179e+01   5.9600e+00   6.1180e-06   5.9128e-04   3.1861e+02
20220707_15:00:00   3.5040e-01   8.0691e+01   6.2303e+00   3.9600e-04   4.7352e-04   3.1758e+02
20220707_16:00:00   3.7141e-01   8.4525e+01   6.4748e+00   3.6660e-03   7.9152e-04   3.1658e+02
20220707_17:00:00   4.0478e-01   9.0339e+01   6.9870e+00   6.2128e-03   2.8194e-03   3.1659e+02
20220707_18:00:00   4.2512e-01   9.3769e+01   7.3228e+00   7.7770e-03   5.9620e-03   3.1598e+02
20220707_19:00:00   4.5086e-01   9.8074e+01   7.5270e+00   1.4890e-02   5.2033e-03   3.1810e+02
20220707_20:00:00   4.9097e-01   1.0469e+02   7.6468e+00   2.8960e-02   1.0295e-02   3.1666e+02
20220707_21:00:00   4.5468e-01   9.8747e+01   7.7371e+00   1.0370e-02   1.1307e-02   3.1396e+02
20220707_22:00:00   4.3887e-01   9.6133e+01   7.8204e+00   1.5360e-03   8.6900e-03   3.1140e+02
20220707_23:00:00   4.4793e-01   9.7680e+01   7.9729e+00   1.5180e-03   1.6988e-02   3.1202e+02
20220708_00:00:00   4.4386e-01   9.7113e+01   7.9079e+00   9.9430e-04   1.8113e-02   3.1384e+02
20220708_01:00:00   4.5236e-01   9.8612e+01   8.0340e+00   1.1730e-03   2.2135e-02   3.1341e+02
20220708_02:00:00   4.5273e-01   9.8742e+01   8.0477e+00   8.4240e-04   2.5718e-02   3.1109e+02
20220708_03:00:00   4.4792e-01   9.8104e+01   7.9578e+00   8.9600e-04   4.9244e-03   3.1110e+02
20220708_04:00:00   4.6161e-01   1.0037e+02   8.1931e+00   5.2250e-04   2.0519e-02   3.0976e+02
20220708_05:00:00   4.7316e-01   1.0221e+02   8.3914e+00   9.6360e-05   5.6564e-02   3.1213e+02
20220708_06:00:00   4.6628e-01   1.0114e+02   8.2731e+00   1.4850e-04   4.7749e-02   3.1355e+02
20220708_07:00:00   4.7850e-01   1.0305e+02   8.4289e+00   2.7030e-04   1.0690e-01   3.1538e+02
20220708_08:00:00   4.7417e-01   1.0238e+02   8.3540e+00   4.4620e-04   1.0149e-01   3.1680e+02
20220708_09:00:00   4.7438e-01   1.0250e+02   8.3313e+00   8.8300e-04   9.8888e-02   3.1671e+02
20220708_10:00:00   4.7632e-01   1.0278e+02   8.3121e+00   1.2850e-03   9.9093e-02   3.1947e+02
20220708_11:00:00   4.7269e-01   1.0216e+02   8.2201e+00   1.4290e-03   1.1958e-01   3.1853e+02
20220708_12:00:00   4.8034e-01   1.0329e+02   8.2564e+00   1.2800e-03   2.9100e-01   3.1906e+02
20220708_13:00:00   4.8541e-01   1.0405e+02   8.3381e+00   2.4820e-04   3.8684e-01   3.1779e+02
20220708_14:00:00   4.7786e-01   1.0283e+02   8.2686e+00   4.1230e-07   2.6309e-01   3.1736e+02
20220708_15:00:00   4.7229e-01   1.0196e+02   8.1832e+00   0.0000e+00   2.2255e-01   3.1955e+02
20220708_16:00:00   4.6245e-01   1.0036e+02   8.0298e+00   9.5670e-07   1.3749e-01   3.1778e+02
20220708_17:00:00   4.6237e-01   1.0032e+02   8.0098e+00   1.6957e-05   1.7455e-01   3.1718e+02
20220708_18:00:00   4.6805e-01   1.0119e+02   7.9841e+00   2.3020e-05   3.8600e-01   3.1702e+02
20220708_21:00:00   4.6092e-01   9.9996e+01   7.7744e+00   8.7090e-05   4.8511e-01   3.2291e+02
20220709_00:00:00   4.4323e-01   9.7334e+01   6.8068e+00   1.6892e-02   1.6902e-01   3.2873e+02
20220709_03:00:00   4.1276e-01   9.1671e+01   6.6394e+00   5.0580e-03   4.0439e-01   3.3703e+02
20220709_06:00:00   3.0052e-01   7.1228e+01   4.8862e+00   4.5147e-04   1.0929e-02   3.4340e+02
20220709_09:00:00   3.1863e-01   7.4320e+01   5.1107e+00   4.8640e-05   2.4374e-01   3.6041e+02
20220709_12:00:00   2.6983e-01   6.4856e+01   4.3935e+00   0.0000e+00   2.7770e-02   3.5211e+02
20220709_15:00:00   3.0663e-01   7.2098e+01   4.8921e+00   3.2980e-04   1.6238e-01   3.3884e+02
20220709_18:00:00   3.2351e-01   7.5303e+01   5.1276e+00   9.9910e-04   2.8632e-01   3.2978e+02
20220709_21:00:00   3.2963e-01   7.6598e+01   5.3189e+00   8.9800e-05   1.9379e-01   3.2608e+02
20220710_00:00:00   3.5223e-01   8.0647e+01   5.7953e+00   5.6310e-06   2.1476e-01   3.2566e+02
20220710_03:00:00   4.0286e-01   8.9791e+01   6.5530e+00   0.0000e+00   5.7723e-01   3.2902e+02
20220710_06:00:00   4.1094e-01   9.1155e+01   6.8235e+00   0.0000e+00   4.1446e-01   3.2333e+02
20220710_09:00:00   4.3062e-01   9.4784e+01   7.1940e+00   2.6390e-05   3.1179e-01   3.2018e+02
20220710_12:00:00   4.3046e-01   9.4584e+01   7.1979e+00   1.9548e-03   2.2750e-01   3.2176e+02
20220710_15:00:00   4.4944e-01   9.7756e+01   7.0178e+00   1.5326e-02   1.8817e-01   3.1763e+02
20220710_18:00:00   5.3405e-01   1.1145e+02   7.0971e+00   5.2587e-02   8.2823e-02   3.1176e+02
20220710_21:00:00   4.2433e-01   9.3735e+01   6.9841e+00   7.8920e-03   3.9220e-02   3.0378e+02
20220711_00:00:00   4.2688e-01   9.4127e+01   7.0437e+00   7.6476e-03   2.7704e-02   3.0466e+02
20220711_03:00:00   4.2412e-01   9.3494e+01   7.3239e+00   3.5020e-04   5.1968e-02   2.9934e+02
20220711_06:00:00   4.3536e-01   9.5452e+01   7.5069e+00   0.0000e+00   1.1635e-01   2.9768e+02
20220711_09:00:00   4.3492e-01   9.5496e+01   7.4635e+00   0.0000e+00   1.7541e-01   3.0275e+02
20220711_12:00:00   4.0654e-01   9.1304e+01   7.0588e+00   0.0000e+00   1.6164e-02   3.0265e+02
20220711_15:00:00   3.6441e-01   8.4086e+01   6.3027e+00   7.6000e-06   3.6262e-04   3.0011e+02
20220711_18:00:00   3.4828e-01   8.1439e+01   5.9950e+00   4.1620e-05   1.7951e-05   2.9880e+02
20220711_21:00:00   3.3534e-01   7.9226e+01   5.7809e+00   2.4410e-05   7.1770e-06   2.9864e+02
20220712_00:00:00   3.2862e-01   7.8155e+01   5.6942e+00   0.0000e+00   0.0000e+00   2.9814e+02
20220712_03:00:00   3.1706e-01   7.6100e+01   5.4520e+00   0.0000e+00   3.9340e-06   2.9314e+02
20220712_06:00:00   3.1135e-01   7.5041e+01   5.3190e+00   0.0000e+00   0.0000e+00   2.8708e+02
20220712_09:00:00   2.6969e-01   6.6993e+01   4.5775e+00   0.0000e+00   0.0000e+00   2.8369e+02
20220712_12:00:00   2.5999e-01   6.4893e+01   4.3904e+00   0.0000e+00   0.0000e+00   2.8495e+02
20220712_15:00:00   2.5029e-01   6.2939e+01   4.2101e+00   0.0000e+00   0.0000e+00   2.8383e+02
20220712_18:00:00   2.2349e-01   5.7443e+01   3.6836e+00   0.0000e+00   0.0000e+00   2.8510e+02
20220712_21:00:00   2.5922e-01   6.4541e+01   4.3331e+00   0.0000e+00   0.0000e+00   2.8679e+02
20220713_00:00:00   2.9202e-01   7.0787e+01   4.9213e+00   0.0000e+00   0.0000e+00   2.8794e+02
20220713_03:00:00   3.2694e-01   7.7004e+01   5.6327e+00   0.0000e+00   1.0112e-03   2.8292e+02
20220713_06:00:00   3.5603e-01   8.1897e+01   6.2290e+00   0.0000e+00   1.2231e-02   2.8415e+02
20220713_09:00:00   3.0539e-01   7.2977e+01   5.1592e+00   0.0000e+00   2.8130e-04   2.7953e+02
20220713_12:00:00   2.9030e-01   7.0165e+01   4.8797e+00   0.0000e+00   0.0000e+00   2.7795e+02
20220713_15:00:00   2.7583e-01   6.7362e+01   4.6194e+00   0.0000e+00   3.1032e-03   2.7672e+02
20220713_18:00:00   2.4699e-01   6.1756e+01   4.0974e+00   0.0000e+00   3.6888e-04   2.7707e+02
20220713_21:00:00   2.1120e-01   5.4527e+01   3.4586e+00   0.0000e+00   0.0000e+00   2.7608e+02
20220714_00:00:00   2.0579e-01   5.3285e+01   3.4485e+00   0.0000e+00   0.0000e+00   2.7618e+02
20220714_03:00:00   1.9733e-01   5.1483e+01   3.3360e+00   0.0000e+00   0.0000e+00   2.7314e+02
20220714_06:00:00   2.0885e-01   5.3639e+01   3.6729e+00   0.0000e+00   2.5204e-02   2.6855e+02
20220714_09:00:00   2.0518e-01   5.2751e+01   3.6846e+00   0.0000e+00   1.1617e-03   2.7164e+02
20220714_12:00:00   1.6835e-01   4.4843e+01   3.0054e+00   0.0000e+00   1.2046e-03   2.7815e+02
20220714_15:00:00   1.5317e-01   4.1524e+01   2.7296e+00   0.0000e+00   9.1020e-05   2.8702e+02
20220714_18:00:00   1.7557e-01   4.6404e+01   3.2176e+00   0.0000e+00   2.4054e-04   2.9380e+02
20220714_21:00:00   2.1064e-01   5.4151e+01   3.8959e+00   0.0000e+00   0.0000e+00   2.9348e+02
20220715_00:00:00   1.9610e-01   5.1402e+01   3.5626e+00   0.0000e+00   0.0000e+00   2.8894e+02
20220715_03:00:00   1.8134e-01   4.8461e+01   3.2303e+00   0.0000e+00   0.0000e+00   2.7809e+02
20220715_06:00:00   1.5589e-01   4.2760e+01   2.7661e+00   0.0000e+00   0.0000e+00   2.8254e+02
20220715_09:00:00   1.0478e-01   3.0821e+01   1.7734e+00   0.0000e+00   1.0180e-06   2.8714e+02
20220715_12:00:00   8.4780e-02   2.5835e+01   1.3970e+00   0.0000e+00   0.0000e+00   2.9076e+02
20220715_15:00:00   1.2323e-01   3.5056e+01   2.1930e+00   0.0000e+00   0.0000e+00   2.8923e+02
20220715_18:00:00   1.9402e-01   5.1062e+01   3.5842e+00   0.0000e+00   0.0000e+00   2.8551e+02
20220715_21:00:00   2.7043e-01   6.7256e+01   4.9187e+00   0.0000e+00   0.0000e+00   2.9335e+02
20220716_00:00:00   3.0462e-01   7.3761e+01   5.5070e+00   7.5760e-06   3.0310e-05   2.9615e+02
20220716_03:00:00   3.0403e-01   7.3193e+01   5.5519e+00   1.0683e-04   1.2837e-03   2.9562e+02
20220716_06:00:00   3.1620e-01   7.4905e+01   5.9247e+00   0.0000e+00   2.5033e-02   2.9266e+02
20220716_09:00:00   3.6016e-01   8.2901e+01   6.5527e+00   0.0000e+00   1.2945e-02   3.0303e+02
20220716_12:00:00   3.2532e-01   7.7019e+01   5.3601e+00   4.1967e-03   5.9264e-04   2.9688e+02
20220716_15:00:00   3.2777e-01   7.7115e+01   5.3131e+00   4.7700e-03   1.1469e-02   2.9830e+02
20220716_18:00:00   3.1572e-01   7.4556e+01   5.2557e+00   1.8457e-03   1.6464e-02   3.0050e+02
20220716_21:00:00   3.1361e-01   7.4063e+01   5.2796e+00   2.0195e-03   7.8011e-03   3.0144e+02
20220717_00:00:00   3.5890e-01   8.2570e+01   5.5029e+00   1.7680e-02   1.6944e-03   3.0706e+02
20220717_03:00:00   3.5820e-01   8.2431e+01   5.7725e+00   1.1090e-02   2.3738e-03   3.1057e+02
20220717_06:00:00   4.0121e-01   9.0497e+01   5.4428e+00   3.5680e-02   2.0854e-03   3.0931e+02
20220717_09:00:00   3.2135e-01   7.6514e+01   3.9417e+00   3.5170e-02   9.1392e-04   3.1005e+02
20220717_12:00:00   2.9383e-01   7.1761e+01   2.5693e+00   5.4540e-02   1.1830e-04   3.0734e+02
20220717_15:00:00   1.6375e-01   4.4438e+01   2.2477e+00   7.4180e-03   3.6340e-05   3.0107e+02
20220717_18:00:00   1.3949e-01   3.8990e+01   2.1367e+00   0.0000e+00   0.0000e+00   3.0354e+02
20220717_21:00:00   1.2089e-01   3.4710e+01   1.8436e+00   0.0000e+00   0.0000e+00   3.0828e+02
20220718_00:00:00   1.0941e-01   3.2016e+01   1.6545e+00   0.0000e+00   0.0000e+00   3.0722e+02
20220718_03:00:00   9.8153e-02   2.9351e+01   1.4527e+00   0.0000e+00   0.0000e+00   3.0931e+02
20220718_06:00:00   8.8135e-02   2.6950e+01   1.2717e+00   0.0000e+00   0.0000e+00   3.1213e+02
20220718_09:00:00   6.8667e-02   2.2139e+01   9.1559e-01   0.0000e+00   0.0000e+00   3.1215e+02
20220718_12:00:00   5.2927e-02   1.8142e+01   6.2331e-01   0.0000e+00   0.0000e+00   3.1181e+02
20220718_15:00:00   4.0101e-02   1.4811e+01   3.8247e-01   0.0000e+00   0.0000e+00   3.1295e+02
20220718_18:00:00   4.2445e-02   1.5390e+01   4.4204e-01   0.0000e+00   0.0000e+00   3.1091e+02
20220718_21:00:00   1.0129e-01   2.9937e+01   1.6234e+00   0.0000e+00   0.0000e+00   3.0364e+02
20220719_00:00:00   1.9669e-01   5.1562e+01   3.4573e+00   0.0000e+00   0.0000e+00   3.0288e+02
20220719_03:00:00   2.1092e-01   5.4400e+01   3.7479e+00   0.0000e+00   0.0000e+00   3.0704e+02
20220719_06:00:00   2.6716e-01   6.6099e+01   4.6698e+00   0.0000e+00   0.0000e+00   3.0875e+02
20220719_09:00:00   3.3420e-01   7.8549e+01   5.8555e+00   1.7079e-03   2.1490e-03   3.0626e+02
20220719_12:00:00   4.1508e-01   9.2979e+01   7.4123e+00   0.0000e+00   1.2994e-02   3.2142e+02
20220719_15:00:00   4.0900e-01   9.2208e+01   7.2510e+00   0.0000e+00   2.5670e-03   3.2372e+02
20220719_18:00:00   5.6536e-01   1.1771e+02   7.6222e+00   5.6418e-02   2.2943e-02   3.1985e+02
