#            date       tau255        Tb[K]      pwv[mm] lwp[kg*m^-2] iwp[kg*m^-2]       o3[DU]
20240101_06:00:00   5.4116e-01   1.1541e+02   5.5056e+00   5.8336e-02   3.0072e-03   3.4925e+02
20240101_07:00:00   5.4185e-01   1.1549e+02   5.5198e+00   5.7281e-02   6.0364e-03   3.4317e+02
20240101_08:00:00   5.9935e-01   1.2399e+02   5.4229e+00   8.4300e-02   3.6291e-03   3.4420e+02
20240101_09:00:00   6.6658e-01   1.3324e+02   5.4581e+00   1.1282e-01   8.6371e-03   3.4456e+02
20240101_10:00:00   5.1203e-01   1.1064e+02   5.4568e+00   4.6414e-02   8.5465e-03   3.4559e+02
20240101_11:00:00   4.8785e-01   1.0668e+02   5.5680e+00   3.4076e-02   1.1946e-02   3.4968e+02
20240101_12:00:00   5.1922e-01   1.1156e+02   5.7581e+00   4.2989e-02   1.3146e-02   3.5297e+02
20240101_13:00:00   5.2300e-01   1.1208e+02   5.8658e+00   4.3135e-02   9.9442e-03   3.5345e+02
20240101_14:00:00   5.3515e-01   1.1388e+02   6.1685e+00   4.1596e-02   1.2823e-02   3.5617e+02
20240101_15:00:00   4.9348e-01   1.0730e+02   6.3186e+00   2.1788e-02   7.0833e-03   3.5234e+02
20240101_16:00:00   4.7996e-01   1.0505e+02   6.5779e+00   1.1982e-02   3.4145e-03   3.5487e+02
20240101_17:00:00   5.0547e-01   1.0906e+02   6.8663e+00   1.7264e-02   4.3197e-03   3.5620e+02
20240101_18:00:00   5.6254e-01   1.1778e+02   6.7310e+00   4.4911e-02   1.4303e-02   3.5986e+02
20240101_19:00:00   6.6923e-01   1.3279e+02   7.0746e+00   8.4851e-02   1.7608e-02   3.6211e+02
20240101_20:00:00   7.0478e-01   1.3731e+02   7.2266e+00   9.8267e-02   2.0370e-02   3.5953e+02
20240101_21:00:00   6.3466e-01   1.2765e+02   7.4493e+00   6.4247e-02   1.6375e-02   3.5794e+02
20240101_22:00:00   6.3109e-01   1.2709e+02   7.5625e+00   6.0236e-02   1.1689e-02   3.6216e+02
20240101_23:00:00   5.8083e-01   1.1984e+02   7.5618e+00   3.9055e-02   7.1523e-03   3.6518e+02
20240102_00:00:00   5.9296e-01   1.2171e+02   8.1112e+00   3.0081e-02   3.5995e-03   3.6911e+02
20240102_01:00:00   5.5390e-01   1.1629e+02   7.2446e+00   3.1979e-02   2.0824e-03   3.7764e+02
20240102_02:00:00   5.1662e-01   1.1082e+02   6.6967e+00   2.7918e-02   1.2502e-03   3.7558e+02
20240102_03:00:00   5.2630e-01   1.1239e+02   6.5641e+00   3.4262e-02   2.4381e-03   3.7558e+02
20240102_04:00:00   5.4064e-01   1.1463e+02   6.5430e+00   4.0517e-02   2.9592e-03   3.7147e+02
20240102_05:00:00   5.9913e-01   1.2328e+02   6.4357e+00   6.8177e-02   5.5095e-03   3.7131e+02
20240102_06:00:00   6.0258e-01   1.2367e+02   6.3536e+00   7.1919e-02   6.3906e-03   3.7414e+02
20240102_07:00:00   5.0797e-01   1.0934e+02   6.2469e+00   3.4513e-02   6.3935e-03   3.7326e+02
20240102_08:00:00   4.3046e-01   9.6514e+01   5.9766e+00   9.1923e-03   1.4717e-02   3.7194e+02
20240102_09:00:00   3.9550e-01   9.0293e+01   5.6384e+00   4.2066e-03   2.8523e-02   3.7407e+02
20240102_10:00:00   3.6029e-01   8.3905e+01   5.3416e+00   1.4872e-04   4.3468e-02   3.7480e+02
20240102_11:00:00   3.6623e-01   8.4853e+01   5.4423e+00   7.3174e-05   1.0251e-01   3.7562e+02
20240102_12:00:00   3.6729e-01   8.5009e+01   5.4556e+00   1.1793e-04   1.0112e-01   3.7585e+02
20240102_13:00:00   3.6948e-01   8.5348e+01   5.5318e+00   1.0602e-04   8.3926e-02   3.7518e+02
20240102_14:00:00   3.7986e-01   8.7108e+01   5.6931e+00   9.9810e-05   9.6546e-02   3.7591e+02
20240102_15:00:00   3.9388e-01   8.9483e+01   5.9207e+00   1.9328e-04   1.1050e-01   3.7562e+02
20240102_16:00:00   4.1266e-01   9.2698e+01   6.2112e+00   1.0918e-03   5.5832e-02   3.7620e+02
20240102_17:00:00   4.1775e-01   9.3545e+01   6.2724e+00   1.2312e-03   4.0078e-02   3.7834e+02
20240102_18:00:00   4.1290e-01   9.2780e+01   6.1122e+00   1.3128e-03   1.7213e-02   3.6936e+02
20240102_19:00:00   4.1330e-01   9.2778e+01   5.9680e+00   4.0561e-03   1.5373e-03   3.6914e+02
20240102_20:00:00   4.0440e-01   9.1149e+01   5.8164e+00   3.6301e-03   1.0297e-03   3.7265e+02
20240102_21:00:00   4.0975e-01   9.2035e+01   5.8289e+00   4.9692e-03   4.0037e-03   3.8200e+02
20240102_22:00:00   4.2760e-01   9.5019e+01   6.0089e+00   6.4826e-03   8.5329e-03   3.8034e+02
20240102_23:00:00   4.5533e-01   9.9647e+01   6.1975e+00   1.2085e-02   6.5221e-03   3.8059e+02
20240103_00:00:00   5.1040e-01   1.0850e+02   6.3693e+00   3.0731e-02   8.0025e-03   3.8436e+02
20240103_01:00:00   5.3402e-01   1.1229e+02   6.1366e+00   4.5900e-02   1.2659e-02   3.8462e+02
20240103_02:00:00   4.8366e-01   1.0483e+02   5.4948e+00   3.8384e-02   1.2693e-02   3.8401e+02
20240103_03:00:00   4.7205e-01   1.0309e+02   5.3984e+00   3.5049e-02   1.2698e-02   3.8648e+02
20240103_04:00:00   4.7569e-01   1.0359e+02   5.5288e+00   3.2480e-02   1.9515e-02   3.9522e+02
20240103_05:00:00   4.3099e-01   9.6249e+01   5.4848e+00   1.2969e-02   2.0621e-02   4.0384e+02
20240103_06:00:00   4.4364e-01   9.8450e+01   5.7043e+00   1.0356e-02   3.2551e-02   4.1580e+02
20240103_07:00:00   4.4396e-01   9.8523e+01   5.8760e+00   4.5778e-03   3.4863e-02   4.1697e+02
20240103_08:00:00   4.3497e-01   9.6934e+01   5.7943e+00   3.4010e-03   2.3565e-02   4.1210e+02
20240103_09:00:00   4.1462e-01   9.3250e+01   5.5561e+00   2.6508e-03   3.5653e-03   4.1177e+02
20240103_10:00:00   4.6018e-01   1.0096e+02   5.5944e+00   2.0244e-02   1.0063e-02   4.1269e+02
20240103_11:00:00   5.1180e-01   1.0943e+02   5.4327e+00   4.7542e-02   5.0061e-03   4.1591e+02
20240103_12:00:00   4.9593e-01   1.0685e+02   5.0972e+00   5.2441e-02   2.3618e-03   4.1465e+02
20240103_13:00:00   4.6429e-01   1.0165e+02   4.7112e+00   5.1092e-02   2.2835e-03   4.0973e+02
20240103_14:00:00   3.3528e-01   7.9101e+01   4.1656e+00   1.1282e-02   1.0322e-03   4.0418e+02
20240103_15:00:00   2.8855e-01   7.0255e+01   3.7223e+00   3.6959e-03   4.1364e-04   3.9763e+02
20240103_16:00:00   2.6105e-01   6.4763e+01   3.4075e+00   4.1163e-04   4.2587e-04   3.8431e+02
20240103_17:00:00   2.4999e-01   6.2488e+01   3.2434e+00   7.0220e-04   1.0950e-04   3.7617e+02
20240103_18:00:00   2.4920e-01   6.2202e+01   3.2884e+00   4.9638e-04   1.3640e-04   3.7241e+02
20240103_19:00:00   2.4954e-01   6.2125e+01   3.3647e+00   6.7790e-04   9.9447e-05   3.7158e+02
20240103_20:00:00   2.4394e-01   6.0951e+01   3.2818e+00   1.9864e-03   1.6152e-04   3.7205e+02
20240103_21:00:00   2.3236e-01   5.8553e+01   3.1062e+00   2.4787e-03   2.4778e-04   3.7151e+02
20240103_22:00:00   2.3044e-01   5.8131e+01   3.0718e+00   3.7603e-03   2.0663e-04   3.7001e+02
20240103_23:00:00   2.3661e-01   5.9373e+01   3.2170e+00   3.9967e-03   1.5943e-04   3.6885e+02
20240104_00:00:00   2.4304e-01   6.0714e+01   3.5383e+00   3.9100e-04   4.7001e-05   3.7047e+02
20240104_01:00:00   2.4592e-01   6.1396e+01   3.6460e+00   0.0000e+00   2.1507e-06   3.7203e+02
20240104_02:00:00   2.4512e-01   6.1344e+01   3.6428e+00   0.0000e+00   0.0000e+00   3.7607e+02
20240104_03:00:00   2.3553e-01   5.9573e+01   3.4663e+00   0.0000e+00   0.0000e+00   3.7316e+02
20240104_04:00:00   2.3434e-01   5.9528e+01   3.4068e+00   0.0000e+00   0.0000e+00   3.7782e+02
20240104_05:00:00   2.3844e-01   6.0561e+01   3.4275e+00   0.0000e+00   0.0000e+00   3.7376e+02
20240104_06:00:00   2.4230e-01   6.1473e+01   3.4550e+00   0.0000e+00   0.0000e+00   3.7257e+02
20240104_07:00:00   2.5818e-01   6.4716e+01   3.6870e+00   0.0000e+00   0.0000e+00   3.7842e+02
20240104_08:00:00   2.6998e-01   6.6990e+01   3.8238e+00   0.0000e+00   0.0000e+00   3.8150e+02
20240104_09:00:00   2.6847e-01   6.6557e+01   3.7965e+00   0.0000e+00   0.0000e+00   3.7177e+02
20240104_10:00:00   2.7786e-01   6.8380e+01   3.9615e+00   0.0000e+00   1.1272e-05   3.7030e+02
20240104_11:00:00   2.8451e-01   6.9660e+01   4.0662e+00   0.0000e+00   1.0523e-05   3.7374e+02
20240104_12:00:00   2.8553e-01   6.9815e+01   4.1004e+00   0.0000e+00   6.6833e-05   3.7389e+02
20240104_13:00:00   2.8095e-01   6.8979e+01   3.9714e+00   8.2380e-07   8.0784e-05   3.7460e+02
20240104_14:00:00   3.0946e-01   7.4469e+01   4.4831e+00   0.0000e+00   1.4251e-05   3.7961e+02
20240104_15:00:00   3.8934e-01   8.9221e+01   5.7542e+00   1.5630e-03   6.3554e-05   3.8073e+02
20240104_16:00:00   5.2173e-01   1.1151e+02   5.9867e+00   4.7727e-02   7.6929e-04   3.7703e+02
20240104_17:00:00   1.0193e+00   1.7326e+02   6.4499e+00   2.4608e-01   2.3475e-03   3.7036e+02
20240104_18:00:00   1.2034e+00   1.8958e+02   7.5216e+00   2.9701e-01   4.3754e-03   3.6985e+02
20240104_19:00:00   1.0187e+00   1.7328e+02   7.9329e+00   2.0518e-01   1.0541e-02   3.7251e+02
20240104_20:00:00   6.5790e-01   1.3176e+02   8.1496e+00   4.3039e-02   9.8134e-03   3.7445e+02
20240104_21:00:00   9.2969e-01   1.6462e+02   8.2309e+00   1.5511e-01   1.1669e-02   3.7569e+02
20240104_22:00:00   1.2325e+00   1.9226e+02   8.0019e+00   2.8788e-01   1.4558e-02   3.7251e+02
20240104_23:00:00   1.1187e+00   1.8316e+02   7.7006e+00   2.4519e-01   8.1014e-03   3.6838e+02
20240105_00:00:00   1.2768e+00   1.9611e+02   7.1762e+00   3.2404e-01   6.9162e-03   3.6715e+02
20240105_01:00:00   1.3270e+00   2.0011e+02   6.0308e+00   3.7182e-01   3.9580e-03   3.6008e+02
20240105_02:00:00   7.2543e-01   1.4178e+02   5.2715e+00   1.3864e-01   1.5002e-03   3.5424e+02
20240105_03:00:00   3.7565e-01   8.7780e+01   4.6031e+00   1.3387e-02   4.1137e-04   3.4881e+02
20240105_04:00:00   3.3818e-01   8.0729e+01   4.2379e+00   1.0155e-02   2.5083e-04   3.4624e+02
20240105_05:00:00   2.8256e-01   6.9850e+01   3.8594e+00   0.0000e+00   0.0000e+00   3.4375e+02
20240105_06:00:00   2.7326e-01   6.7850e+01   3.7827e+00   0.0000e+00   0.0000e+00   3.4316e+02
20240105_07:00:00   2.6752e-01   6.6627e+01   3.7310e+00   0.0000e+00   0.0000e+00   3.3847e+02
20240105_08:00:00   2.5384e-01   6.3765e+01   3.5375e+00   0.0000e+00   0.0000e+00   3.3732e+02
20240105_09:00:00   2.4485e-01   6.1838e+01   3.3666e+00   0.0000e+00   0.0000e+00   3.4027e+02
20240105_10:00:00   2.3593e-01   5.9949e+01   3.2258e+00   0.0000e+00   0.0000e+00   3.4291e+02
20240105_11:00:00   2.3226e-01   5.9137e+01   3.1803e+00   0.0000e+00   1.8356e-05   3.4373e+02
20240105_12:00:00   2.3161e-01   5.8892e+01   3.1937e+00   0.0000e+00   3.4011e-05   3.3501e+02
20240105_13:00:00   2.4301e-01   6.0959e+01   3.4782e+00   0.0000e+00   4.8168e-05   3.2838e+02
20240105_14:00:00   2.5320e-01   6.2786e+01   3.7096e+00   0.0000e+00   1.6686e-05   3.2630e+02
20240105_15:00:00   2.6799e-01   6.5491e+01   4.0386e+00   0.0000e+00   2.6331e-05   3.2661e+02
20240105_16:00:00   2.7318e-01   6.6369e+01   4.1735e+00   0.0000e+00   5.2665e-05   3.2910e+02
20240105_17:00:00   2.7614e-01   6.6810e+01   4.2619e+00   0.0000e+00   3.2020e-03   3.2949e+02
20240105_18:00:00   2.8207e-01   6.7797e+01   4.3961e+00   0.0000e+00   2.3074e-02   3.2842e+02
20240105_19:00:00   2.8200e-01   6.7758e+01   4.3865e+00   0.0000e+00   3.4998e-02   3.3242e+02
20240105_20:00:00   2.8805e-01   6.8823e+01   4.4870e+00   0.0000e+00   4.1231e-02   3.3540e+02
20240105_21:00:00   2.7383e-01   6.6154e+01   4.2047e+00   0.0000e+00   2.3344e-02   3.3807e+02
20240105_22:00:00   2.4860e-01   6.1419e+01   3.6622e+00   0.0000e+00   7.4490e-03   3.3925e+02
20240105_23:00:00   2.3711e-01   5.9266e+01   3.3772e+00   0.0000e+00   1.4141e-06   3.4350e+02
20240106_00:00:00   2.3190e-01   5.8276e+01   3.2742e+00   0.0000e+00   7.0460e-07   3.4473e+02
20240106_01:00:00   2.3374e-01   5.8677e+01   3.2978e+00   0.0000e+00   0.0000e+00   3.4654e+02
20240106_02:00:00   2.3273e-01   5.8487e+01   3.2742e+00   0.0000e+00   0.0000e+00   3.5175e+02
20240106_03:00:00   2.3584e-01   5.9128e+01   3.3072e+00   0.0000e+00   0.0000e+00   3.6213e+02
20240106_04:00:00   2.4995e-01   6.1998e+01   3.4922e+00   0.0000e+00   2.1960e-07   3.7313e+02
20240106_05:00:00   2.5839e-01   6.3687e+01   3.5962e+00   0.0000e+00   0.0000e+00   3.7690e+02
20240106_06:00:00   2.6524e-01   6.4987e+01   3.6747e+00   0.0000e+00   3.7598e-06   3.8196e+02
20240106_09:00:00   2.7085e-01   6.5762e+01   3.6712e+00   0.0000e+00   2.4680e-04   3.8765e+02
20240106_12:00:00   2.5580e-01   6.2459e+01   3.4089e+00   0.0000e+00   4.5529e-04   4.1146e+02
20240106_15:00:00   2.4380e-01   5.9908e+01   3.1864e+00   0.0000e+00   1.2774e-05   4.3768e+02
20240106_18:00:00   1.8307e-01   4.7445e+01   2.2358e+00   0.0000e+00   0.0000e+00   4.4609e+02
20240106_21:00:00   1.6999e-01   4.4594e+01   2.0487e+00   0.0000e+00   0.0000e+00   4.4996e+02
20240107_00:00:00   1.6912e-01   4.4568e+01   2.0420e+00   0.0000e+00   0.0000e+00   4.3317e+02
20240107_03:00:00   1.6333e-01   4.3581e+01   1.9794e+00   0.0000e+00   0.0000e+00   4.2020e+02
20240107_06:00:00   1.7247e-01   4.5712e+01   2.1469e+00   0.0000e+00   0.0000e+00   4.1837e+02
20240107_09:00:00   1.6688e-01   4.4397e+01   2.1093e+00   0.0000e+00   0.0000e+00   4.1688e+02
20240107_12:00:00   1.6076e-01   4.2893e+01   2.1305e+00   0.0000e+00   0.0000e+00   4.0672e+02
20240107_15:00:00   1.5820e-01   4.2296e+01   2.1336e+00   0.0000e+00   0.0000e+00   3.8376e+02
20240107_18:00:00   1.5402e-01   4.1498e+01   2.0718e+00   0.0000e+00   0.0000e+00   3.6765e+02
20240107_21:00:00   1.7736e-01   4.6784e+01   2.3342e+00   0.0000e+00   3.9856e-05   3.5329e+02
20240108_00:00:00   2.6837e-01   6.5714e+01   3.6339e+00   2.3059e-03   3.5324e-03   3.5145e+02
20240108_03:00:00   4.1006e-01   9.2066e+01   4.8812e+00   3.1285e-02   9.6243e-03   3.5411e+02
20240108_06:00:00   4.4061e-01   9.7471e+01   5.5169e+00   2.5384e-02   2.3678e-02   3.4971e+02
20240108_09:00:00   4.2665e-01   9.5880e+01   5.0014e+00   2.3363e-02   1.7787e-02   3.5841e+02
20240108_12:00:00   5.3225e-01   1.1322e+02   4.8096e+00   7.4509e-02   1.9191e-02   3.6414e+02
20240108_15:00:00   6.0254e-01   1.2364e+02   5.2114e+00   9.7576e-02   1.0943e-02   3.6926e+02
20240108_18:00:00   5.6680e-01   1.1850e+02   5.0149e+00   8.7548e-02   4.9963e-03   3.6977e+02
20240108_21:00:00   4.5294e-01   1.0062e+02   4.5952e+00   4.9147e-02   1.6981e-03   3.7195e+02
20240109_00:00:00   3.7373e-01   8.6989e+01   4.4744e+00   1.8231e-02   5.7104e-04   3.7513e+02
20240109_03:00:00   3.4177e-01   8.1454e+01   4.4000e+00   6.8835e-03   1.5254e-04   3.7497e+02
20240109_06:00:00   2.9094e-01   7.2019e+01   3.9217e+00   0.0000e+00   3.0047e-06   3.8342e+02
20240109_09:00:00   2.6668e-01   6.6936e+01   3.5232e+00   0.0000e+00   4.8620e-07   3.6687e+02
20240109_12:00:00   2.3893e-01   6.1224e+01   3.1445e+00   0.0000e+00   0.0000e+00   3.5989e+02
20240109_15:00:00   2.7502e-01   6.8397e+01   3.7499e+00   0.0000e+00   4.9008e-07   3.6932e+02
20240109_18:00:00   3.1128e-01   7.5554e+01   4.3034e+00   3.1580e-06   1.3856e-05   3.8672e+02
20240109_21:00:00   4.5153e-01   1.0113e+02   5.5460e+00   1.9454e-02   1.9331e-04   3.9286e+02
20240110_00:00:00   8.1731e-01   1.5327e+02   6.2221e+00   1.5536e-01   4.4642e-04   3.9042e+02
20240110_03:00:00   6.1836e-01   1.2762e+02   6.6407e+00   6.2508e-02   7.4928e-04   3.8273e+02
20240110_06:00:00   5.2820e-01   1.1408e+02   7.1103e+00   1.2331e-02   7.2269e-03   3.6984e+02
20240110_09:00:00   5.5579e-01   1.1825e+02   6.6462e+00   3.6530e-02   6.4944e-03   3.6688e+02
20240110_12:00:00   5.6761e-01   1.1954e+02   7.6168e+00   2.0683e-02   4.1068e-03   3.6851e+02
20240110_15:00:00   1.0730e+00   1.7850e+02   1.2182e+01   1.1417e-01   8.4128e-02   3.5581e+02
20240110_18:00:00   2.9492e+00   2.5781e+02   1.2237e+01   8.8722e-01   2.1741e-01   3.5979e+02
20240110_21:00:00   9.6093e-01   1.6772e+02   5.2922e+00   2.4109e-01   1.1214e-02   3.6460e+02
20240111_00:00:00   3.3697e-01   7.9141e+01   3.9723e+00   1.4402e-02   1.7319e-02   3.7551e+02
20240111_03:00:00   3.5784e-01   8.3388e+01   4.2326e+00   1.8522e-02   1.9470e-03   3.6941e+02
20240111_06:00:00   3.1123e-01   7.5061e+01   4.0394e+00   4.1565e-03   4.0692e-04   3.6340e+02
20240111_09:00:00   3.1553e-01   7.5733e+01   3.8103e+00   1.0583e-02   7.7292e-04   3.5668e+02
20240111_12:00:00   2.5127e-01   6.2855e+01   3.3053e+00   5.2840e-06   1.0386e-04   3.5147e+02
20240111_15:00:00   2.5881e-01   6.3961e+01   3.5387e+00   1.3633e-03   1.5260e-04   3.6764e+02
20240111_18:00:00   2.8419e-01   6.8558e+01   4.1432e+00   0.0000e+00   1.5235e-05   3.6791e+02
20240111_21:00:00   2.6939e-01   6.5646e+01   3.8672e+00   0.0000e+00   1.9160e-05   3.6092e+02
20240112_00:00:00   2.6288e-01   6.4312e+01   3.7373e+00   0.0000e+00   0.0000e+00   3.5669e+02
20240112_03:00:00   2.3006e-01   5.7764e+01   3.2131e+00   0.0000e+00   0.0000e+00   3.5821e+02
20240112_06:00:00   1.4446e-01   3.9554e+01   1.8267e+00   0.0000e+00   0.0000e+00   3.6305e+02
20240112_09:00:00   1.4790e-01   4.0116e+01   1.8296e+00   0.0000e+00   0.0000e+00   3.6533e+02
20240112_12:00:00   1.3994e-01   3.8156e+01   1.7604e+00   0.0000e+00   0.0000e+00   3.8131e+02
20240112_15:00:00   1.5065e-01   4.0384e+01   1.9957e+00   0.0000e+00   0.0000e+00   3.7977e+02
20240112_18:00:00   1.7460e-01   4.5469e+01   2.4282e+00   0.0000e+00   0.0000e+00   3.8826e+02
20240112_21:00:00   2.0533e-01   5.1656e+01   3.0249e+00   0.0000e+00   6.9618e-04   3.8417e+02
20240113_00:00:00   2.1803e-01   5.4231e+01   3.2800e+00   0.0000e+00   4.4657e-03   3.9473e+02
20240113_03:00:00   2.2838e-01   5.6397e+01   3.4782e+00   0.0000e+00   8.3464e-03   3.8981e+02
20240113_06:00:00   2.3834e-01   5.8530e+01   3.5747e+00   0.0000e+00   4.1591e-03   3.9086e+02
20240113_09:00:00   2.4217e-01   5.9246e+01   3.5712e+00   0.0000e+00   1.7462e-03   3.8827e+02
20240113_12:00:00   2.3065e-01   5.6863e+01   3.3906e+00   0.0000e+00   1.0866e-05   3.8740e+02
20240113_15:00:00   2.2112e-01   5.4802e+01   3.2264e+00   0.0000e+00   1.4883e-05   3.8625e+02
20240113_18:00:00   1.6120e-01   4.2510e+01   2.1147e+00   0.0000e+00   0.0000e+00   3.9870e+02
20240113_21:00:00   1.3570e-01   3.6896e+01   1.6896e+00   0.0000e+00   0.0000e+00   4.0229e+02
20240114_00:00:00   1.0844e-01   3.0830e+01   1.2207e+00   0.0000e+00   0.0000e+00   4.1344e+02
20240114_03:00:00   1.2666e-01   3.5033e+01   1.5007e+00   0.0000e+00   0.0000e+00   4.1514e+02
20240114_06:00:00   1.3207e-01   3.6320e+01   1.5637e+00   0.0000e+00   0.0000e+00   4.1474e+02
20240114_09:00:00   1.4991e-01   4.0172e+01   1.8125e+00   0.0000e+00   0.0000e+00   4.2791e+02
20240114_12:00:00   1.4086e-01   3.8111e+01   1.6768e+00   0.0000e+00   0.0000e+00   4.2721e+02
20240114_15:00:00   1.3893e-01   3.7605e+01   1.6720e+00   0.0000e+00   0.0000e+00   4.1721e+02
20240114_18:00:00   1.3893e-01   3.7535e+01   1.6577e+00   0.0000e+00   0.0000e+00   4.1879e+02
20240114_21:00:00   1.5044e-01   3.9852e+01   1.8424e+00   0.0000e+00   0.0000e+00   4.3725e+02
20240115_00:00:00   1.4662e-01   3.9051e+01   1.7675e+00   0.0000e+00   0.0000e+00   4.4005e+02
20240115_03:00:00   1.5852e-01   4.1794e+01   1.9409e+00   0.0000e+00   0.0000e+00   4.3643e+02
20240115_06:00:00   1.7818e-01   4.5922e+01   2.3120e+00   0.0000e+00   0.0000e+00   4.2660e+02
20240115_09:00:00   1.9961e-01   5.0257e+01   2.6401e+00   0.0000e+00   1.5890e-05   4.2487e+02
20240115_12:00:00   1.8302e-01   4.6939e+01   2.2669e+00   0.0000e+00   0.0000e+00   4.2706e+02
20240115_15:00:00   1.7119e-01   4.4475e+01   2.0673e+00   0.0000e+00   0.0000e+00   4.2692e+02
20240115_18:00:00   1.6418e-01   4.3036e+01   1.9616e+00   0.0000e+00   8.5720e-07   4.0986e+02
20240115_21:00:00   1.5265e-01   4.0593e+01   1.7913e+00   0.0000e+00   2.8180e-06   4.0840e+02
20240116_00:00:00   1.4420e-01   3.8798e+01   1.7024e+00   0.0000e+00   0.0000e+00   4.1365e+02
20240116_03:00:00   1.5647e-01   4.1631e+01   1.9499e+00   0.0000e+00   0.0000e+00   4.0859e+02
20240116_06:00:00   1.6593e-01   4.3778e+01   2.1774e+00   0.0000e+00   0.0000e+00   4.0086e+02
20240116_09:00:00   1.6214e-01   4.2917e+01   2.1207e+00   0.0000e+00   0.0000e+00   3.9901e+02
20240116_12:00:00   1.5831e-01   4.1988e+01   2.1343e+00   0.0000e+00   0.0000e+00   3.9655e+02
20240116_15:00:00   1.7776e-01   4.6065e+01   2.5075e+00   0.0000e+00   0.0000e+00   3.8744e+02
20240116_18:00:00   2.0878e-01   5.2414e+01   3.0723e+00   0.0000e+00   1.0768e-06   3.9234e+02
20240116_21:00:00   2.3528e-01   5.7839e+01   3.5430e+00   0.0000e+00   0.0000e+00   3.8427e+02
20240117_00:00:00   2.3251e-01   5.7486e+01   3.5179e+00   0.0000e+00   0.0000e+00   3.8163e+02
20240117_03:00:00   2.1076e-01   5.3522e+01   3.0533e+00   0.0000e+00   0.0000e+00   3.6476e+02
20240117_06:00:00   2.2868e-01   5.7719e+01   3.2044e+00   0.0000e+00   0.0000e+00   3.6205e+02
