#            date       tau255        Tb[K]      pwv[mm] lwp[kg*m^-2] iwp[kg*m^-2]       o3[DU]
20250707_00:00:00   2.8163e+00   2.7821e+02   4.0136e+01   3.2280e-04   3.1491e-04   3.0010e+02
20250707_01:00:00   2.9114e+00   2.8060e+02   4.1465e+01   2.1237e-04   7.9152e-04   2.9823e+02
20250707_02:00:00   2.9399e+00   2.8179e+02   4.2414e+01   9.4800e-05   7.5476e-04   3.0077e+02
20250707_03:00:00   3.0768e+00   2.8395e+02   4.4992e+01   6.2620e-04   1.6832e-04   3.0512e+02
20250707_04:00:00   3.1843e+00   2.8509e+02   4.6855e+01   3.1938e-04   8.6480e-04   3.0679e+02
20250707_05:00:00   3.1817e+00   2.8530e+02   4.6771e+01   1.6008e-03   5.7888e-04   3.0992e+02
20250707_06:00:00   3.1557e+00   2.8530e+02   4.6445e+01   3.4091e-04   5.6960e-04   3.1004e+02
20250707_07:00:00   3.2639e+00   2.8653e+02   4.7362e+01   7.8640e-03   4.7125e-04   3.1059e+02
20250707_08:00:00   3.3904e+00   2.8733e+02   4.8950e+01   3.8408e-03   9.8295e-04   3.0882e+02
20250707_09:00:00   3.4109e+00   2.8705e+02   4.9105e+01   1.8648e-03   1.3022e-03   3.1008e+02
20250707_10:00:00   3.3620e+00   2.8598e+02   4.8463e+01   2.9887e-04   1.0776e-03   3.1093e+02
20250707_11:00:00   3.3193e+00   2.8489e+02   4.7636e+01   5.9460e-04   1.5744e-03   3.0891e+02
20250707_12:00:00   3.2900e+00   2.8403e+02   4.6604e+01   1.1764e-03   1.9987e-03   3.0416e+02
20250707_13:00:00   3.2270e+00   2.8293e+02   4.5586e+01   1.3170e-03   1.5857e-03   3.0274e+02
20250707_14:00:00   3.2117e+00   2.8250e+02   4.5397e+01   5.4160e-04   3.5464e-04   3.0189e+02
20250707_15:00:00   3.1967e+00   2.8228e+02   4.5233e+01   0.0000e+00   1.0067e-03   3.0173e+02
20250707_16:00:00   3.2217e+00   2.8244e+02   4.5509e+01   4.4240e-04   1.1598e-04   3.0047e+02
20250707_17:00:00   3.2755e+00   2.8296e+02   4.6333e+01   2.0340e-03   6.1040e-05   2.9990e+02
20250707_18:00:00   3.3284e+00   2.8322e+02   4.7693e+01   8.6140e-03   3.9695e-04   3.0022e+02
20250707_19:00:00   3.3212e+00   2.8282e+02   4.8476e+01   2.2596e-03   2.0480e-04   3.0048e+02
20250707_20:00:00   3.3450e+00   2.8288e+02   4.8488e+01   7.2875e-03   6.6080e-05   3.0251e+02
20250707_21:00:00   3.2757e+00   2.8232e+02   4.7558e+01   1.4237e-03   1.9235e-04   3.0336e+02
20250707_22:00:00   3.2748e+00   2.8269e+02   4.7246e+01   2.7233e-03   6.8295e-05   3.0220e+02
20250707_23:00:00   3.2000e+00   2.8256e+02   4.6470e+01   4.7234e-04   8.5384e-05   3.0306e+02
20250708_00:00:00   3.1618e+00   2.8279e+02   4.6584e+01   0.0000e+00   7.0880e-05   3.0351e+02
20250708_01:00:00   3.1292e+00   2.8297e+02   4.6613e+01   4.0720e-05   1.3186e-04   3.0268e+02
20250708_02:00:00   3.1487e+00   2.8385e+02   4.7158e+01   2.7080e-05   0.0000e+00   3.0269e+02
20250708_03:00:00   3.2134e+00   2.8481e+02   4.8145e+01   2.4241e-03   2.3640e-05   3.0332e+02
20250708_04:00:00   3.2984e+00   2.8578e+02   4.9237e+01   4.1768e-03   1.3622e-05   3.0145e+02
20250708_05:00:00   3.2833e+00   2.8586e+02   4.9179e+01   6.9627e-03   1.6321e-05   3.0122e+02
20250708_06:00:00   3.1756e+00   2.8494e+02   4.8112e+01   4.7456e-03   4.9500e-05   3.0163e+02
20250708_07:00:00   3.0993e+00   2.8410e+02   4.6986e+01   9.7508e-03   7.0800e-06   3.0259e+02
20250708_08:00:00   3.1013e+00   2.8407e+02   4.6306e+01   2.1363e-02   0.0000e+00   3.0050e+02
20250708_09:00:00   3.2263e+00   2.8503e+02   4.6493e+01   4.6391e-02   0.0000e+00   2.9867e+02
20250708_10:00:00   3.1807e+00   2.8362e+02   4.6425e+01   1.4968e-02   0.0000e+00   2.9871e+02
20250708_11:00:00   3.1185e+00   2.8176e+02   4.5500e+01   2.9197e-03   0.0000e+00   2.9911e+02
20250708_12:00:00   3.0322e+00   2.7994e+02   4.4091e+01   1.6602e-03   0.0000e+00   3.0076e+02
20250708_13:00:00   2.9153e+00   2.7773e+02   4.2498e+01   7.7760e-04   0.0000e+00   3.0292e+02
20250708_14:00:00   2.8499e+00   2.7638e+02   4.1545e+01   8.9400e-04   0.0000e+00   3.0310e+02
20250708_15:00:00   2.7735e+00   2.7488e+02   4.0438e+01   1.6070e-04   0.0000e+00   3.0164e+02
20250708_16:00:00   2.7115e+00   2.7352e+02   3.9543e+01   0.0000e+00   0.0000e+00   3.0052e+02
20250708_17:00:00   2.7059e+00   2.7334e+02   3.9454e+01   0.0000e+00   0.0000e+00   3.0039e+02
20250708_18:00:00   2.6418e+00   2.7195e+02   3.8630e+01   0.0000e+00   0.0000e+00   3.0080e+02
20250708_19:00:00   2.5795e+00   2.7053e+02   3.7696e+01   0.0000e+00   0.0000e+00   3.0073e+02
20250708_20:00:00   2.5521e+00   2.6992e+02   3.7280e+01   8.0360e-07   0.0000e+00   2.9983e+02
20250708_21:00:00   2.5878e+00   2.7066e+02   3.7576e+01   3.2870e-04   0.0000e+00   2.9895e+02
20250708_22:00:00   2.6508e+00   2.7240e+02   3.8206e+01   1.6847e-03   0.0000e+00   3.0035e+02
20250708_23:00:00   2.6805e+00   2.7363e+02   3.8571e+01   2.2393e-03   0.0000e+00   3.0041e+02
20250709_00:00:00   2.6571e+00   2.7391e+02   3.8347e+01   7.5780e-03   0.0000e+00   2.9994e+02
20250709_01:00:00   2.6593e+00   2.7470e+02   3.8818e+01   3.6340e-03   0.0000e+00   3.0003e+02
20250709_02:00:00   2.7411e+00   2.7680e+02   3.9472e+01   1.9263e-02   0.0000e+00   2.9932e+02
20250709_03:00:00   2.7216e+00   2.7664e+02   3.9564e+01   1.6256e-02   0.0000e+00   2.9871e+02
20250709_04:00:00   2.7625e+00   2.7750e+02   3.9044e+01   6.0369e-02   0.0000e+00   2.9931e+02
20250709_05:00:00   2.5181e+00   2.7230e+02   3.7817e+01   1.7630e-02   0.0000e+00   3.0094e+02
20250709_06:00:00   2.3343e+00   2.6722e+02   3.6355e+01   2.2780e-03   0.0000e+00   3.0189e+02
20250709_07:00:00   2.2285e+00   2.6361e+02   3.5184e+01   3.5740e-03   0.0000e+00   3.0147e+02
20250709_08:00:00   2.2112e+00   2.6265e+02   3.4872e+01   9.7936e-03   0.0000e+00   3.0109e+02
20250709_09:00:00   2.1995e+00   2.6182e+02   3.4908e+01   5.7840e-03   0.0000e+00   3.0183e+02
20250709_10:00:00   2.1349e+00   2.5891e+02   3.4188e+01   8.7220e-04   0.0000e+00   3.0043e+02
20250709_11:00:00   2.0527e+00   2.5515e+02   3.3101e+01   0.0000e+00   0.0000e+00   2.9935e+02
20250709_12:00:00   1.9675e+00   2.5132e+02   3.1935e+01   0.0000e+00   0.0000e+00   2.9858e+02
20250709_13:00:00   1.9048e+00   2.4835e+02   3.1083e+01   0.0000e+00   0.0000e+00   2.9860e+02
20250709_14:00:00   1.8610e+00   2.4610e+02   3.0472e+01   0.0000e+00   0.0000e+00   3.0002e+02
20250709_15:00:00   1.8472e+00   2.4520e+02   3.0330e+01   0.0000e+00   0.0000e+00   2.9966e+02
20250709_16:00:00   1.8092e+00   2.4325e+02   2.9804e+01   0.0000e+00   0.0000e+00   2.9857e+02
20250709_17:00:00   1.7643e+00   2.4092e+02   2.9218e+01   0.0000e+00   0.0000e+00   2.9843e+02
20250709_18:00:00   1.7127e+00   2.3811e+02   2.8553e+01   0.0000e+00   0.0000e+00   2.9700e+02
20250709_19:00:00   1.6593e+00   2.3513e+02   2.7896e+01   0.0000e+00   0.0000e+00   2.9538e+02
20250709_20:00:00   1.6138e+00   2.3234e+02   2.7294e+01   0.0000e+00   0.0000e+00   2.9440e+02
20250709_21:00:00   1.6004e+00   2.3153e+02   2.7165e+01   0.0000e+00   0.0000e+00   2.9441e+02
20250709_22:00:00   1.6180e+00   2.3289e+02   2.7499e+01   0.0000e+00   0.0000e+00   2.9351e+02
20250709_23:00:00   1.6481e+00   2.3506e+02   2.8095e+01   0.0000e+00   0.0000e+00   2.9392e+02
20250710_00:00:00   1.6597e+00   2.3610e+02   2.8477e+01   0.0000e+00   0.0000e+00   2.9412e+02
20250710_01:00:00   1.7328e+00   2.4038e+02   2.9500e+01   0.0000e+00   8.8700e-06   2.9308e+02
20250710_02:00:00   1.7131e+00   2.3976e+02   2.9345e+01   0.0000e+00   1.3730e-06   2.9153e+02
20250710_03:00:00   1.7353e+00   2.4108e+02   2.9671e+01   0.0000e+00   0.0000e+00   2.9344e+02
20250710_04:00:00   1.7769e+00   2.4328e+02   3.0228e+01   0.0000e+00   2.1420e-06   2.9300e+02
20250710_05:00:00   1.7957e+00   2.4415e+02   3.0502e+01   0.0000e+00   1.8250e-04   2.9178e+02
20250710_06:00:00   1.7867e+00   2.4371e+02   3.0368e+01   0.0000e+00   3.8760e-04   2.9235e+02
20250710_07:00:00   1.7369e+00   2.4130e+02   2.9281e+01   0.0000e+00   0.0000e+00   2.9437e+02
20250710_08:00:00   1.6565e+00   2.3705e+02   2.7912e+01   0.0000e+00   0.0000e+00   2.9488e+02
20250710_09:00:00   1.5580e+00   2.3120e+02   2.6305e+01   0.0000e+00   0.0000e+00   2.9515e+02
20250710_10:00:00   1.4841e+00   2.2603e+02   2.4950e+01   0.0000e+00   0.0000e+00   2.9614e+02
20250710_11:00:00   1.3963e+00   2.1926e+02   2.3603e+01   0.0000e+00   0.0000e+00   2.9582e+02
20250710_12:00:00   1.2997e+00   2.1160e+02   2.2210e+01   0.0000e+00   0.0000e+00   2.9571e+02
20250710_13:00:00   1.2102e+00   2.0399e+02   2.0946e+01   0.0000e+00   0.0000e+00   2.9658e+02
20250710_14:00:00   1.1408e+00   1.9766e+02   1.9951e+01   0.0000e+00   1.8350e-04   2.9776e+02
20250710_15:00:00   1.0878e+00   1.9269e+02   1.9113e+01   0.0000e+00   0.0000e+00   2.9884e+02
20250710_16:00:00   1.0625e+00   1.9020e+02   1.8583e+01   0.0000e+00   0.0000e+00   2.9916e+02
20250710_17:00:00   1.0408e+00   1.8794e+02   1.8245e+01   0.0000e+00   8.5720e-06   3.0004e+02
20250710_18:00:00   1.0348e+00   1.8729e+02   1.8051e+01   0.0000e+00   4.4938e-04   3.0006e+02
20250710_19:00:00   1.0572e+00   1.8942e+02   1.8263e+01   0.0000e+00   7.9208e-04   2.9839e+02
20250710_20:00:00   1.0692e+00   1.9048e+02   1.8360e+01   0.0000e+00   3.4681e-04   2.9767e+02
20250710_21:00:00   1.0727e+00   1.9082e+02   1.8327e+01   0.0000e+00   4.6740e-04   2.9795e+02
20250710_22:00:00   1.0873e+00   1.9275e+02   1.8650e+01   0.0000e+00   5.2040e-05   2.9865e+02
20250710_23:00:00   1.0808e+00   1.9278e+02   1.8627e+01   0.0000e+00   5.4920e-07   3.0092e+02
20250711_00:00:00   1.0562e+00   1.9098e+02   1.8549e+01   0.0000e+00   1.2470e-05   2.9990e+02
20250711_01:00:00   1.0993e+00   1.9574e+02   1.9329e+01   0.0000e+00   2.6139e-05   2.9854e+02
20250711_02:00:00   1.1685e+00   2.0275e+02   2.0366e+01   0.0000e+00   5.4920e-06   2.9973e+02
20250711_03:00:00   1.2027e+00   2.0628e+02   2.0903e+01   0.0000e+00   2.0744e-05   3.0057e+02
20250711_04:00:00   1.2516e+00   2.1069e+02   2.1620e+01   0.0000e+00   6.1763e-05   3.0002e+02
20250711_05:00:00   1.2746e+00   2.1271e+02   2.1981e+01   0.0000e+00   2.4621e-04   2.9995e+02
20250711_06:00:00   1.2877e+00   2.1381e+02   2.2097e+01   0.0000e+00   1.9626e-04   2.9968e+02
20250711_07:00:00   1.2876e+00   2.1378e+02   2.2045e+01   0.0000e+00   6.5627e-05   2.9937e+02
20250711_08:00:00   1.3095e+00   2.1530e+02   2.2292e+01   0.0000e+00   7.0385e-04   2.9882e+02
20250711_09:00:00   1.3434e+00   2.1758e+02   2.2670e+01   0.0000e+00   4.0506e-03   2.9817e+02
20250711_10:00:00   1.3923e+00   2.2054e+02   2.3192e+01   0.0000e+00   1.5860e-03   2.9695e+02
20250711_11:00:00   1.4091e+00   2.2108e+02   2.3351e+01   0.0000e+00   6.3341e-04   2.9657e+02
20250711_12:00:00   1.3920e+00   2.1970e+02   2.3196e+01   0.0000e+00   3.6700e-03   2.9679e+02
20250711_13:00:00   1.3533e+00   2.1685e+02   2.2722e+01   0.0000e+00   2.3285e-03   2.9682e+02
20250711_14:00:00   1.3137e+00   2.1387e+02   2.2177e+01   0.0000e+00   1.9290e-04   2.9696e+02
20250711_15:00:00   1.2800e+00   2.1127e+02   2.1733e+01   0.0000e+00   8.7860e-06   2.9723e+02
20250711_16:00:00   1.2644e+00   2.0992e+02   2.1529e+01   0.0000e+00   4.4720e-05   2.9808e+02
20250711_17:00:00   1.2541e+00   2.0898e+02   2.1377e+01   0.0000e+00   1.9670e-04   2.9821e+02
20250711_18:00:00   1.2341e+00   2.0734e+02   2.1080e+01   0.0000e+00   6.8574e-04   2.9905e+02
20250711_19:00:00   1.2076e+00   2.0510e+02   2.0634e+01   0.0000e+00   7.6827e-04   2.9945e+02
20250711_20:00:00   1.1958e+00   2.0409e+02   2.0379e+01   0.0000e+00   2.4271e-04   2.9868e+02
20250711_21:00:00   1.1835e+00   2.0312e+02   2.0125e+01   0.0000e+00   2.8180e-05   2.9754e+02
20250711_22:00:00   1.1918e+00   2.0428e+02   2.0215e+01   0.0000e+00   0.0000e+00   2.9882e+02
20250711_23:00:00   1.1897e+00   2.0470e+02   2.0236e+01   0.0000e+00   0.0000e+00   2.9945e+02
20250712_00:00:00   1.1996e+00   2.0621e+02   2.0403e+01   0.0000e+00   0.0000e+00   2.9983e+02
20250712_03:00:00   1.3380e+00   2.1907e+02   2.2365e+01   0.0000e+00   1.0424e-05   2.9994e+02
20250712_06:00:00   1.5634e+00   2.3505e+02   2.6096e+01   0.0000e+00   0.0000e+00   2.9902e+02
20250712_09:00:00   1.8244e+00   2.4892e+02   2.9296e+01   0.0000e+00   0.0000e+00   3.0012e+02
20250712_12:00:00   1.6182e+00   2.3683e+02   2.6059e+01   0.0000e+00   0.0000e+00   3.0237e+02
20250712_15:00:00   1.5363e+00   2.3121e+02   2.4709e+01   0.0000e+00   0.0000e+00   3.0252e+02
20250712_18:00:00   1.4486e+00   2.2526e+02   2.3300e+01   0.0000e+00   0.0000e+00   3.0059e+02
20250712_21:00:00   1.4251e+00   2.2349e+02   2.3009e+01   0.0000e+00   0.0000e+00   3.0344e+02
20250713_00:00:00   1.6511e+00   2.3872e+02   2.6690e+01   0.0000e+00   4.4420e-05   3.0523e+02
20250713_03:00:00   1.9129e+00   2.5334e+02   3.0799e+01   0.0000e+00   0.0000e+00   3.0758e+02
20250713_06:00:00   2.4366e+00   2.7141e+02   3.6432e+01   4.7323e-02   7.8720e-05   3.0340e+02
20250713_09:00:00   2.3962e+00   2.7010e+02   3.6970e+01   0.0000e+00   0.0000e+00   3.1492e+02
20250713_12:00:00   2.3652e+00   2.6751e+02   3.6461e+01   0.0000e+00   3.7051e-03   3.1263e+02
20250713_15:00:00   2.4111e+00   2.6778e+02   3.7501e+01   0.0000e+00   2.3880e-03   3.1376e+02
20250713_18:00:00   2.5008e+00   2.6883e+02   3.9531e+01   0.0000e+00   6.1430e-03   3.1056e+02
20250713_21:00:00   2.4289e+00   2.6674e+02   3.7781e+01   0.0000e+00   1.7030e-03   3.0964e+02
20250714_00:00:00   2.3674e+00   2.6674e+02   3.5734e+01   0.0000e+00   3.6706e-03   3.1180e+02
20250714_03:00:00   2.6174e+00   2.7327e+02   4.0306e+01   4.8897e-04   2.7361e-04   3.0673e+02
20250714_06:00:00   3.1850e+00   2.8340e+02   3.9792e+01   2.1758e-01   2.6300e-06   3.0614e+02
20250714_09:00:00   4.5835e+00   2.9012e+02   4.5452e+01   6.0323e-01   6.7000e-03   3.0690e+02
20250714_12:00:00   2.7716e+00   2.7431e+02   3.9818e+01   5.1774e-02   1.0444e-02   3.0623e+02
20250714_15:00:00   2.4739e+00   2.6738e+02   3.8199e+01   0.0000e+00   5.8258e-03   3.0543e+02
20250714_18:00:00   2.6620e+00   2.7103e+02   4.2715e+01   1.1132e-03   2.7540e-03   3.0294e+02
20250714_21:00:00   2.6984e+00   2.7171e+02   4.3075e+01   0.0000e+00   1.3014e-03   3.0441e+02
20250715_00:00:00   3.0869e+00   2.7972e+02   4.7616e+01   2.3303e-04   2.2381e-03   3.0355e+02
20250715_03:00:00   3.1459e+00   2.8264e+02   4.8927e+01   1.3996e-02   7.7617e-04   3.0239e+02
20250715_06:00:00   2.9480e+00   2.8108e+02   4.7015e+01   8.5674e-03   1.7565e-03   3.0107e+02
20250715_09:00:00   3.2470e+00   2.8473e+02   5.0391e+01   1.0695e-03   1.8963e-02   2.9928e+02
20250715_12:00:00   3.3029e+00   2.8360e+02   5.1410e+01   4.1840e-04   1.6397e-01   3.0003e+02
20250715_15:00:00   3.4573e+00   2.8333e+02   5.2409e+01   1.5874e-02   3.7998e-02   2.9837e+02
20250715_18:00:00   3.0660e+00   2.7815e+02   4.6569e+01   1.4229e-02   8.8239e-04   2.9787e+02
20250715_21:00:00   3.3183e+00   2.8078e+02   4.8691e+01   6.4924e-02   2.5732e-03   2.9672e+02
20250716_00:00:00   3.4566e+00   2.8236e+02   4.8476e+01   1.3993e-01   1.3931e-02   3.0018e+02
20250716_03:00:00   3.6106e+00   2.8603e+02   5.0494e+01   1.2207e-01   2.7883e-02   2.9863e+02
20250716_06:00:00   3.6472e+00   2.8664e+02   5.0529e+01   1.3183e-01   2.2310e-03   3.0092e+02
20250716_09:00:00   2.9127e+00   2.7869e+02   4.2182e+01   0.0000e+00   0.0000e+00   3.0643e+02
20250716_12:00:00   2.9812e+00   2.7872e+02   4.3157e+01   3.4638e-03   0.0000e+00   3.0486e+02
20250716_15:00:00   3.0195e+00   2.7877e+02   4.4426e+01   0.0000e+00   0.0000e+00   3.0326e+02
20250716_18:00:00   3.0713e+00   2.7852e+02   4.6074e+01   1.4303e-04   6.4940e-06   3.0401e+02
20250716_21:00:00   2.6205e+00   2.7085e+02   4.0012e+01   1.9708e-03   0.0000e+00   3.0543e+02
20250717_00:00:00   2.4789e+00   2.6935e+02   3.8424e+01   1.9350e-03   0.0000e+00   3.0224e+02
20250717_03:00:00   2.5863e+00   2.7377e+02   4.0199e+01   1.4190e-03   0.0000e+00   3.0135e+02
20250717_06:00:00   3.2257e+00   2.8417e+02   4.3355e+01   1.2446e-01   8.5845e-03   2.9800e+02
20250717_09:00:00   2.8654e+00   2.7778e+02   4.2064e+01   1.0254e-02   2.3917e-01   3.0189e+02
20250717_12:00:00   2.6171e+00   2.7117e+02   3.8181e+01   9.3755e-03   1.5158e-01   2.9854e+02
20250717_15:00:00   3.5363e+00   2.8307e+02   4.6348e+01   1.1574e-01   1.1121e-01   2.9693e+02
20250717_18:00:00   4.2859e+00   2.8739e+02   5.3838e+01   2.2604e-01   1.6658e-02   2.9097e+02
20250717_21:00:00   5.6161e+00   2.9003e+02   5.7617e+01   6.7668e-01   1.2263e-01   2.8800e+02
20250718_00:00:00   9.3314e+00   2.9144e+02   5.9330e+01   2.0811e+00   3.6146e-02   2.8390e+02
20250718_03:00:00   7.3374e+00   2.9156e+02   5.9419e+01   1.2936e+00   6.8928e-02   2.8402e+02
20250718_06:00:00   7.6037e+00   2.9194e+02   5.9703e+01   1.3407e+00   2.1069e-02   2.8432e+02
20250718_09:00:00   6.2464e+00   2.9200e+02   5.9379e+01   8.4347e-01   2.5740e-01   2.8486e+02
20250718_12:00:00   4.7495e+00   2.8943e+02   5.9842e+01   2.6258e-01   3.1409e-01   2.8649e+02
20250718_15:00:00   4.9957e+00   2.8944e+02   5.8483e+01   4.2379e-01   4.3510e-02   2.8667e+02
20250718_18:00:00   4.7499e+00   2.8812e+02   5.4745e+01   4.8300e-01   5.3201e-01   2.8651e+02
20250718_21:00:00   3.2577e+00   2.7935e+02   4.5540e+01   1.6879e-01   1.1352e-01   2.8478e+02
20250719_00:00:00   2.3888e+00   2.6569e+02   3.8949e+01   0.0000e+00   2.6347e-02   2.8752e+02
20250719_03:00:00   2.1499e+00   2.6079e+02   3.4309e+01   0.0000e+00   3.5656e-02   2.9097e+02
20250719_06:00:00   2.4241e+00   2.6949e+02   3.5892e+01   2.5095e-02   6.5058e-03   2.9091e+02
20250719_09:00:00   2.1044e+00   2.5900e+02   3.2981e+01   7.2380e-04   1.9272e-03   2.9049e+02
20250719_12:00:00   2.1210e+00   2.5747e+02   3.2494e+01   5.9460e-04   1.8696e-04   2.9076e+02
20250719_15:00:00   2.0864e+00   2.5516e+02   3.2603e+01   1.2801e-03   5.0500e-04   2.8895e+02
20250719_18:00:00   2.1601e+00   2.5737e+02   3.3323e+01   1.6986e-02   1.4634e-03   2.8848e+02
20250719_21:00:00   2.4427e+00   2.6487e+02   3.8002e+01   3.6042e-02   6.6297e-04   2.8789e+02
20250720_00:00:00   3.3676e+00   2.7977e+02   4.2165e+01   3.0831e-01   8.5424e-02   2.8643e+02
20250720_03:00:00   4.2550e+00   2.8549e+02   4.8589e+01   5.1189e-01   1.5908e-01   2.8393e+02
20250720_06:00:00   3.6966e+00   2.8430e+02   5.6377e+01   2.4890e-02   6.1601e-03   2.8384e+02
20250720_09:00:00   4.1123e+00   2.8627e+02   5.7454e+01   1.2345e-01   6.8556e-02   2.8036e+02
20250720_12:00:00   4.0415e+00   2.8585e+02   5.8253e+01   8.2499e-02   1.9128e-03   2.7901e+02
20250720_15:00:00   3.7287e+00   2.8389e+02   5.6729e+01   5.0970e-02   1.5041e-01   2.7614e+02
20250720_18:00:00   3.6837e+00   2.8275e+02   5.5936e+01   6.2168e-02   2.0755e-01   2.7325e+02
20250720_21:00:00   5.2488e+00   2.8959e+02   6.0749e+01   4.7160e-01   5.9868e-02   2.7612e+02
20250721_00:00:00   4.8887e+00   2.9010e+02   4.7389e+01   6.4210e-01   2.7960e-05   2.8272e+02
20250721_03:00:00   4.2026e+00   2.8958e+02   4.8880e+01   3.4671e-01   0.0000e+00   2.7893e+02
20250721_06:00:00   4.5208e+00   2.9129e+02   4.7452e+01   4.8193e-01   0.0000e+00   2.7988e+02
20250721_09:00:00   4.5786e+00   2.9039e+02   4.5062e+01   5.8276e-01   0.0000e+00   2.8102e+02
20250721_12:00:00   4.4417e+00   2.8992e+02   4.4689e+01   5.3727e-01   0.0000e+00   2.8151e+02
20250721_15:00:00   3.9560e+00   2.8757e+02   4.3820e+01   3.7650e-01   0.0000e+00   2.8077e+02
20250721_18:00:00   4.4817e+00   2.8979e+02   4.8755e+01   4.3735e-01   0.0000e+00   2.8082e+02
20250721_21:00:00   5.0066e+00   2.9175e+02   5.3506e+01   5.3451e-01   5.6360e-05   2.8077e+02
20250722_00:00:00   4.8371e+00   2.9150e+02   5.5992e+01   4.1271e-01   1.3603e-04   2.8199e+02
20250722_03:00:00   4.9008e+00   2.9162e+02   5.7708e+01   3.9731e-01   2.5032e-03   2.8024e+02
20250722_06:00:00   4.7221e+00   2.9147e+02   5.7886e+01   3.1138e-01   2.1962e-05   2.7984e+02
20250722_09:00:00   4.5089e+00   2.9032e+02   5.8970e+01   1.9200e-01   0.0000e+00   2.7746e+02
20250722_12:00:00   4.3785e+00   2.8917e+02   5.8380e+01   1.6449e-01   0.0000e+00   2.7713e+02
20250722_15:00:00   4.0632e+00   2.8750e+02   5.6136e+01   1.0083e-01   0.0000e+00   2.7883e+02
20250722_18:00:00   3.8365e+00   2.8603e+02   5.4325e+01   5.6155e-02   0.0000e+00   2.8094e+02
20250722_21:00:00   3.9337e+00   2.8649e+02   5.5567e+01   5.4701e-02   0.0000e+00   2.8422e+02
20250723_00:00:00   3.9380e+00   2.8811e+02   5.7978e+01   8.9540e-03   0.0000e+00   2.8280e+02
