#            date       tau255        Tb[K]      pwv[mm] lwp[kg*m^-2] iwp[kg*m^-2]       o3[DU]
20250226_06:00:00   1.7945e-01   4.8056e+01   2.4099e+00   0.0000e+00   0.0000e+00   3.5501e+02
20250226_07:00:00   1.6603e-01   4.5093e+01   2.1995e+00   0.0000e+00   0.0000e+00   3.5062e+02
20250226_08:00:00   1.5475e-01   4.2522e+01   2.0229e+00   0.0000e+00   0.0000e+00   3.5591e+02
20250226_09:00:00   1.5479e-01   4.2472e+01   2.0283e+00   0.0000e+00   0.0000e+00   3.5916e+02
20250226_10:00:00   1.6493e-01   4.4667e+01   2.2131e+00   0.0000e+00   0.0000e+00   3.6459e+02
20250226_11:00:00   1.7463e-01   4.6825e+01   2.3511e+00   0.0000e+00   0.0000e+00   3.6971e+02
20250226_12:00:00   1.7609e-01   4.7179e+01   2.3529e+00   0.0000e+00   0.0000e+00   3.7150e+02
20250226_13:00:00   1.7456e-01   4.6861e+01   2.3168e+00   0.0000e+00   0.0000e+00   3.7203e+02
20250226_14:00:00   1.7197e-01   4.6284e+01   2.2736e+00   0.0000e+00   0.0000e+00   3.7420e+02
20250226_15:00:00   1.6695e-01   4.5163e+01   2.2020e+00   0.0000e+00   0.0000e+00   3.6945e+02
20250226_16:00:00   1.6202e-01   4.4079e+01   2.1336e+00   0.0000e+00   0.0000e+00   3.6930e+02
20250226_17:00:00   1.6165e-01   4.4012e+01   2.1357e+00   0.0000e+00   0.0000e+00   3.7251e+02
20250226_18:00:00   1.6337e-01   4.4412e+01   2.1690e+00   0.0000e+00   0.0000e+00   3.6886e+02
20250226_19:00:00   1.6499e-01   4.4786e+01   2.2167e+00   0.0000e+00   0.0000e+00   3.5911e+02
20250226_20:00:00   1.7484e-01   4.6976e+01   2.4016e+00   0.0000e+00   0.0000e+00   3.5028e+02
20250226_21:00:00   1.8216e-01   4.8585e+01   2.5385e+00   0.0000e+00   0.0000e+00   3.5112e+02
20250226_22:00:00   1.8751e-01   4.9684e+01   2.6688e+00   0.0000e+00   9.1760e-05   3.5213e+02
20250226_23:00:00   1.9425e-01   5.1115e+01   2.8498e+00   0.0000e+00   9.5384e-05   3.4914e+02
20250227_00:00:00   2.1313e-01   5.5191e+01   3.2120e+00   0.0000e+00   1.4092e-05   3.5131e+02
20250227_01:00:00   2.1712e-01   5.6086e+01   3.2734e+00   0.0000e+00   4.3363e-04   3.5707e+02
20250227_02:00:00   2.1777e-01   5.6337e+01   3.2845e+00   0.0000e+00   2.4080e-03   3.5553e+02
20250227_03:00:00   2.1673e-01   5.6293e+01   3.2657e+00   0.0000e+00   0.0000e+00   3.5190e+02
20250227_04:00:00   2.1783e-01   5.6642e+01   3.3081e+00   0.0000e+00   0.0000e+00   3.5498e+02
20250227_05:00:00   2.2361e-01   5.7909e+01   3.4376e+00   0.0000e+00   0.0000e+00   3.5950e+02
20250227_06:00:00   2.3847e-01   6.0977e+01   3.7352e+00   0.0000e+00   0.0000e+00   3.5982e+02
20250227_07:00:00   2.3855e-01   6.1000e+01   3.7489e+00   0.0000e+00   0.0000e+00   3.5628e+02
20250227_08:00:00   2.3836e-01   6.1024e+01   3.7041e+00   0.0000e+00   0.0000e+00   3.5820e+02
20250227_09:00:00   2.5036e-01   6.3291e+01   3.9376e+00   0.0000e+00   0.0000e+00   3.5737e+02
20250227_10:00:00   2.7486e-01   6.7917e+01   4.4021e+00   0.0000e+00   2.2203e-04   3.5680e+02
20250227_11:00:00   2.8551e-01   7.0010e+01   4.5823e+00   0.0000e+00   4.5100e-05   3.5635e+02
20250227_12:00:00   2.6422e-01   6.5744e+01   4.2057e+00   0.0000e+00   1.7880e-04   3.5280e+02
20250227_13:00:00   2.7237e-01   6.7199e+01   4.3674e+00   4.2860e-07   4.6091e-03   3.4205e+02
20250227_14:00:00   2.8504e-01   6.9721e+01   4.5455e+00   0.0000e+00   7.0619e-03   3.4536e+02
20250227_15:00:00   3.0206e-01   7.3149e+01   4.7876e+00   0.0000e+00   3.8412e-03   3.5039e+02
20250227_16:00:00   2.7153e-01   6.7393e+01   4.1823e+00   0.0000e+00   6.1650e-04   3.4724e+02
20250227_17:00:00   2.6508e-01   6.6112e+01   4.0600e+00   0.0000e+00   1.0918e-03   3.4936e+02
20250227_18:00:00   3.0035e-01   7.2944e+01   4.6615e+00   7.0460e-05   3.3475e-03   3.5637e+02
20250227_19:00:00   3.8300e-01   8.8215e+01   5.9679e+00   0.0000e+00   4.3755e-02   3.6204e+02
20250227_20:00:00   4.2948e-01   9.6589e+01   6.6069e+00   1.8452e-04   1.9563e-02   3.6538e+02
20250227_21:00:00   4.1671e-01   9.4928e+01   6.1029e+00   2.7349e-03   4.9855e-05   3.6776e+02
20250227_22:00:00   3.9730e-01   9.1737e+01   5.7950e+00   1.5084e-03   1.6630e-05   3.6381e+02
20250227_23:00:00   4.1051e-01   9.4293e+01   5.9387e+00   1.0606e-03   1.4575e-05   3.6234e+02
20250228_00:00:00   4.6309e-01   1.0360e+02   6.3444e+00   9.1805e-03   1.1128e-04   3.6363e+02
20250228_01:00:00   5.1408e-01   1.1235e+02   6.4180e+00   2.5103e-02   1.4884e-04   3.5463e+02
20250228_02:00:00   5.4319e-01   1.1729e+02   6.4750e+00   3.3521e-02   1.3036e-04   3.5319e+02
20250228_03:00:00   6.0718e-01   1.2708e+02   6.6643e+00   5.4008e-02   1.3332e-04   3.6157e+02
20250228_04:00:00   5.6916e-01   1.2152e+02   6.7169e+00   3.5323e-02   4.7865e-05   3.7076e+02
20250228_05:00:00   4.9215e-01   1.0957e+02   6.5160e+00   9.8874e-03   2.4670e-05   3.6616e+02
20250228_06:00:00   5.1013e-01   1.1268e+02   6.5612e+00   1.5211e-02   2.2001e-05   3.6058e+02
20250228_07:00:00   4.5537e-01   1.0376e+02   6.2493e+00   1.1681e-03   4.3940e-07   3.5398e+02
20250228_08:00:00   4.3687e-01   1.0063e+02   5.9728e+00   1.2243e-03   0.0000e+00   3.5760e+02
20250228_09:00:00   4.2495e-01   9.8431e+01   5.7571e+00   6.2276e-04   8.2380e-08   3.5920e+02
20250228_10:00:00   4.0077e-01   9.4029e+01   5.4113e+00   4.7960e-04   0.0000e+00   3.5765e+02
20250228_11:00:00   3.7787e-01   8.9855e+01   5.1128e+00   1.1101e-05   0.0000e+00   3.5236e+02
20250228_12:00:00   3.6387e-01   8.7268e+01   4.9403e+00   0.0000e+00   0.0000e+00   3.4601e+02
20250228_13:00:00   3.4164e-01   8.3090e+01   4.6563e+00   0.0000e+00   0.0000e+00   3.4362e+02
20250228_14:00:00   3.3670e-01   8.2130e+01   4.6056e+00   0.0000e+00   2.2378e-05   3.4015e+02
20250228_15:00:00   3.3644e-01   8.2044e+01   4.6171e+00   0.0000e+00   1.5526e-04   3.3967e+02
20250228_16:00:00   3.1614e-01   7.8115e+01   4.3608e+00   0.0000e+00   8.1870e-04   3.4015e+02
20250228_17:00:00   2.8263e-01   7.1490e+01   3.8870e+00   0.0000e+00   4.5946e-03   3.4361e+02
20250228_18:00:00   2.7038e-01   6.8843e+01   3.7984e+00   0.0000e+00   1.0966e-02   3.4169e+02
20250228_19:00:00   2.7902e-01   7.0282e+01   4.0911e+00   0.0000e+00   7.0978e-03   3.4163e+02
20250228_20:00:00   3.0888e-01   7.5502e+01   4.9390e+00   0.0000e+00   1.3018e-02   3.4510e+02
20250228_21:00:00   3.1391e-01   7.6279e+01   5.1649e+00   0.0000e+00   2.7512e-03   3.4945e+02
20250228_22:00:00   3.4256e-01   8.1441e+01   5.7852e+00   0.0000e+00   4.4139e-02   3.5009e+02
20250228_23:00:00   3.4989e-01   8.2904e+01   5.9559e+00   0.0000e+00   8.5690e-03   3.4735e+02
20250301_00:00:00   4.0663e-01   9.3196e+01   7.0526e+00   0.0000e+00   6.7553e-03   3.4444e+02
20250301_01:00:00   4.8060e-01   1.0580e+02   8.4308e+00   0.0000e+00   9.6113e-03   3.4415e+02
20250301_02:00:00   5.3801e-01   1.1497e+02   9.5065e+00   0.0000e+00   1.6079e-02   3.4676e+02
20250301_03:00:00   6.8703e-01   1.3630e+02   1.1910e+01   0.0000e+00   4.1851e-01   3.4439e+02
20250301_04:00:00   1.4091e+00   2.0527e+02   1.4154e+01   2.4747e-01   2.7171e-01   3.4259e+02
20250301_05:00:00   2.6814e+00   2.5325e+02   1.6532e+01   7.0764e-01   4.2319e-01   3.4383e+02
20250301_06:00:00   1.2882e+00   1.9769e+02   1.8789e+01   4.1871e-02   9.9021e-01   3.4289e+02
20250301_07:00:00   2.0729e+00   2.3934e+02   2.0494e+01   3.1168e-01   2.6363e-01   3.4866e+02
20250301_08:00:00   3.8213e+00   2.6816e+02   2.0023e+01   1.0480e+00   1.1176e-01   3.5302e+02
20250301_09:00:00   4.3377e+00   2.7146e+02   1.9284e+01   1.2589e+00   3.9824e-02   3.5183e+02
20250301_10:00:00   3.7343e+00   2.6945e+02   1.8532e+01   1.0062e+00   4.5560e-04   3.4872e+02
20250301_11:00:00   3.5075e+00   2.6845e+02   1.9125e+01   8.9320e-01   1.2949e-03   3.4626e+02
20250301_12:00:00   4.1402e+00   2.7240e+02   1.9733e+01   1.1383e+00   1.2955e-02   3.4740e+02
20250301_13:00:00   2.7576e+00   2.5984e+02   1.9748e+01   5.6616e-01   2.0153e-02   3.4370e+02
20250301_14:00:00   2.5194e+00   2.5533e+02   1.9383e+01   4.7482e-01   9.7912e-03   3.4107e+02
20250301_15:00:00   2.4238e+00   2.5323e+02   1.8428e+01   4.5711e-01   1.9497e-04   3.4061e+02
20250301_16:00:00   2.6354e+00   2.5798e+02   1.8525e+01   5.3839e-01   1.7013e-03   3.4361e+02
20250301_17:00:00   2.4989e+00   2.5538e+02   1.8148e+01   4.9057e-01   3.4822e-03   3.4605e+02
20250301_18:00:00   3.3290e+00   2.6811e+02   1.8622e+01   8.1166e-01   5.5354e-03   3.4812e+02
20250301_19:00:00   4.0214e+00   2.7286e+02   1.9707e+01   1.0772e+00   3.7587e-02   3.4796e+02
20250301_20:00:00   4.0374e+00   2.7303e+02   1.9412e+01   1.0893e+00   2.4117e-03   3.4650e+02
20250301_21:00:00   3.8650e+00   2.7220e+02   1.9913e+01   1.0073e+00   1.1241e-02   3.4906e+02
20250301_22:00:00   3.1905e+00   2.6643e+02   1.9476e+01   7.4923e-01   3.6114e-02   3.5358e+02
20250301_23:00:00   2.6427e+00   2.5777e+02   2.1010e+01   5.0139e-01   1.7712e-01   3.5225e+02
20250302_00:00:00   2.1840e+00   2.4560e+02   2.3017e+01   2.7128e-01   1.8022e-01   3.5123e+02
20250302_01:00:00   2.0681e+00   2.4170e+02   2.2573e+01   2.3501e-01   1.5053e-01   3.5406e+02
20250302_02:00:00   2.3151e+00   2.4927e+02   2.2021e+01   3.5160e-01   6.4778e-02   3.5266e+02
20250302_03:00:00   1.7445e+00   2.2842e+02   2.0603e+01   1.5300e-01   8.9303e-03   3.5224e+02
20250302_04:00:00   2.0044e+00   2.3932e+02   1.9416e+01   2.8796e-01   3.3108e-03   3.4511e+02
20250302_05:00:00   1.8479e+00   2.3265e+02   1.7507e+01   2.7755e-01   3.0146e-04   3.4012e+02
20250302_06:00:00   1.3108e+00   2.0186e+02   1.5616e+01   1.1509e-01   2.3158e-03   3.4288e+02
20250302_07:00:00   1.2775e+00   1.9922e+02   1.3703e+01   1.5218e-01   7.0892e-03   3.4297e+02
20250302_08:00:00   1.2549e+00   1.9704e+02   1.2379e+01   1.8018e-01   1.0274e-02   3.4479e+02
20250302_09:00:00   1.1761e+00   1.9024e+02   1.1353e+01   1.7558e-01   1.1049e-02   3.4505e+02
20250302_10:00:00   1.0548e+00   1.7916e+02   1.0766e+01   1.4387e-01   1.0401e-02   3.4657e+02
20250302_11:00:00   8.9463e-01   1.6257e+02   1.0426e+01   9.0455e-02   9.8382e-03   3.4400e+02
20250302_12:00:00   7.6986e-01   1.4757e+02   9.9562e+00   5.6292e-02   2.7924e-02   3.4623e+02
20250302_13:00:00   6.8994e-01   1.3671e+02   9.8958e+00   3.1289e-02   1.7056e-02   3.4561e+02
20250302_14:00:00   6.0511e-01   1.2444e+02   9.6541e+00   8.3430e-03   5.8718e-02   3.4564e+02
20250302_15:00:00   5.8685e-01   1.2124e+02   9.7137e+00   3.4924e-03   5.4959e-02   3.4680e+02
20250302_16:00:00   5.9738e-01   1.2255e+02   1.0014e+01   2.8245e-03   8.9087e-02   3.4876e+02
20250302_17:00:00   5.9870e-01   1.2265e+02   1.0024e+01   3.9680e-03   3.0222e-02   3.4824e+02
20250302_18:00:00   6.0477e-01   1.2328e+02   1.0199e+01   2.3380e-03   7.6121e-02   3.4660e+02
20250302_19:00:00   6.0743e-01   1.2352e+02   1.0281e+01   7.4520e-04   1.5914e-01   3.4619e+02
20250302_20:00:00   5.8410e-01   1.2011e+02   9.8825e+00   1.8642e-04   8.3172e-02   3.4960e+02
20250302_21:00:00   5.6657e-01   1.1750e+02   9.5131e+00   2.4780e-04   1.2533e-01   3.5040e+02
20250302_22:00:00   5.5980e-01   1.1638e+02   9.3984e+00   3.7600e-04   7.8516e-02   3.5306e+02
20250302_23:00:00   5.5759e-01   1.1586e+02   9.2041e+00   2.8560e-04   3.7526e-01   3.5411e+02
20250303_00:00:00   5.6128e-01   1.1638e+02   9.2922e+00   8.8079e-04   3.8689e-01   3.5229e+02
20250303_01:00:00   5.5084e-01   1.1470e+02   8.8924e+00   3.1680e-03   5.4282e-01   3.5304e+02
20250303_02:00:00   5.4699e-01   1.1405e+02   8.8838e+00   1.8340e-03   4.1889e-01   3.5122e+02
20250303_03:00:00   5.2602e-01   1.1084e+02   8.5918e+00   1.5687e-03   3.5346e-01   3.5023e+02
20250303_04:00:00   4.9879e-01   1.0653e+02   8.1621e+00   2.1180e-03   2.7985e-01   3.5098e+02
20250303_05:00:00   4.7771e-01   1.0314e+02   7.9064e+00   9.5660e-04   1.6003e-01   3.5238e+02
20250303_06:00:00   4.7774e-01   1.0313e+02   7.8789e+00   6.0280e-04   2.5031e-01   3.5360e+02
20250303_09:00:00   4.5355e-01   9.9194e+01   7.4694e+00   0.0000e+00   2.4730e-02   3.5459e+02
20250303_12:00:00   4.4741e-01   9.8228e+01   7.3116e+00   7.1780e-05   5.6669e-02   3.5827e+02
20250303_15:00:00   4.5389e-01   9.8847e+01   7.5559e+00   6.7500e-04   1.3623e-01   3.5649e+02
20250303_18:00:00   4.7901e-01   1.0287e+02   8.0338e+00   1.2622e-03   6.7870e-02   3.5876e+02
20250303_21:00:00   5.4916e-01   1.1373e+02   9.2596e+00   2.2680e-03   2.1500e-01   3.6146e+02
20250304_00:00:00   6.2669e-01   1.2490e+02   1.0401e+01   1.2376e-03   6.0582e-01   3.6455e+02
20250304_03:00:00   7.9854e-01   1.4707e+02   1.2924e+01   1.4866e-03   7.0075e-01   3.6976e+02
20250304_06:00:00   7.7833e-01   1.4452e+02   1.2620e+01   9.2100e-04   5.0915e-01   3.7058e+02
20250304_09:00:00   6.0325e-01   1.2208e+02   9.3484e+00   3.3220e-05   2.4538e-02   3.8793e+02
20250304_12:00:00   5.3085e-01   1.1166e+02   7.9819e+00   0.0000e+00   1.8267e-02   4.0119e+02
20250304_15:00:00   5.2798e-01   1.1098e+02   8.1990e+00   0.0000e+00   2.5000e-02   4.0526e+02
20250304_18:00:00   5.2432e-01   1.1004e+02   8.1214e+00   0.0000e+00   5.1981e-02   4.1877e+02
20250304_21:00:00   4.4297e-01   9.6995e+01   6.7589e+00   0.0000e+00   2.3249e-02   4.2401e+02
20250305_00:00:00   4.1421e-01   9.2308e+01   6.1594e+00   2.5400e-03   6.2285e-03   4.3042e+02
20250305_03:00:00   4.4555e-01   9.7998e+01   6.4581e+00   5.6525e-03   1.8698e-03   4.2507e+02
20250305_06:00:00   4.7455e-01   1.0302e+02   6.9240e+00   3.4994e-03   1.2448e-02   4.2165e+02
20250305_09:00:00   4.9817e-01   1.0670e+02   7.1718e+00   1.7348e-04   1.3261e-02   4.2689e+02
20250305_12:00:00   4.9416e-01   1.0543e+02   7.1454e+00   5.6250e-06   7.6057e-05   4.2083e+02
20250305_15:00:00   4.6628e-01   1.0085e+02   6.6836e+00   0.0000e+00   1.1637e-04   4.1789e+02
20250305_18:00:00   4.4640e-01   9.7630e+01   6.2641e+00   0.0000e+00   5.6099e-04   4.1190e+02
20250305_21:00:00   4.0832e-01   9.1359e+01   5.5960e+00   0.0000e+00   9.4301e-04   4.1131e+02
20250306_00:00:00   3.8251e-01   8.7176e+01   5.1461e+00   0.0000e+00   1.3645e-03   4.3053e+02
20250306_03:00:00   4.0695e-01   9.1504e+01   5.2219e+00   1.1794e-02   6.8600e-02   4.4255e+02
20250306_06:00:00   3.6712e-01   8.4423e+01   4.8595e+00   8.8414e-03   6.5496e-02   4.4151e+02
20250306_09:00:00   3.7469e-01   8.5720e+01   5.0944e+00   1.5096e-03   8.8325e-02   4.3433e+02
20250306_12:00:00   3.6443e-01   8.4008e+01   4.8016e+00   0.0000e+00   1.1641e-02   4.2015e+02
20250306_15:00:00   3.3703e-01   7.8921e+01   4.3982e+00   0.0000e+00   5.4163e-03   4.1442e+02
20250306_18:00:00   2.9639e-01   7.1056e+01   3.9324e+00   0.0000e+00   4.8576e-03   4.0990e+02
20250306_21:00:00   2.7741e-01   6.7223e+01   3.7610e+00   0.0000e+00   2.5510e-03   4.0253e+02
20250307_00:00:00   2.9349e-01   7.0400e+01   4.0640e+00   5.0040e-04   1.1424e-03   3.9347e+02
20250307_03:00:00   2.8998e-01   6.9785e+01   4.2583e+00   1.2246e-04   1.2183e-02   3.7218e+02
20250307_06:00:00   2.9374e-01   7.0520e+01   4.4677e+00   1.9286e-05   3.2686e-02   3.7057e+02
20250307_09:00:00   3.2731e-01   7.6903e+01   4.9741e+00   3.0780e-04   5.7374e-03   3.7128e+02
20250307_12:00:00   3.6507e-01   8.3608e+01   5.5304e+00   3.8230e-04   4.7749e-03   3.7710e+02
20250307_15:00:00   3.7303e-01   8.4828e+01   5.6730e+00   1.7678e-05   1.2443e-02   3.7658e+02
20250307_18:00:00   3.8434e-01   8.6705e+01   5.8382e+00   0.0000e+00   7.5717e-02   3.5879e+02
20250307_21:00:00   4.2161e-01   9.3135e+01   6.3756e+00   0.0000e+00   2.1105e-02   3.6308e+02
20250308_00:00:00   4.3938e-01   9.6427e+01   6.6093e+00   0.0000e+00   2.4667e-03   3.5686e+02
20250308_03:00:00   4.6317e-01   1.0075e+02   7.0237e+00   0.0000e+00   1.2968e-04   3.5504e+02
20250308_06:00:00   5.2996e-01   1.1173e+02   7.9703e+00   1.6612e-03   1.7289e-03   3.5582e+02
20250308_09:00:00   5.3033e-01   1.1219e+02   7.9091e+00   0.0000e+00   1.3379e-03   3.5522e+02
20250308_12:00:00   4.8937e-01   1.0586e+02   7.1620e+00   5.0720e-04   3.9204e-04   3.5145e+02
20250308_15:00:00   3.9712e-01   9.0722e+01   5.6929e+00   0.0000e+00   0.0000e+00   3.5199e+02
20250308_18:00:00   4.3050e-01   9.6400e+01   6.1300e+00   0.0000e+00   1.5014e-04   3.4906e+02
20250308_21:00:00   4.3841e-01   9.7829e+01   6.1088e+00   4.7304e-03   1.5819e-03   3.5172e+02
20250309_00:00:00   4.6195e-01   1.0210e+02   6.4609e+00   1.9278e-03   3.2007e-03   3.5682e+02
20250309_03:00:00   4.3552e-01   9.8147e+01   6.3515e+00   4.0940e-05   1.0444e-04   3.6576e+02
20250309_06:00:00   4.7813e-01   1.0544e+02   7.1538e+00   0.0000e+00   3.3729e-04   3.8480e+02
20250309_09:00:00   5.5597e-01   1.1705e+02   8.4495e+00   0.0000e+00   1.0364e-02   3.9264e+02
20250309_12:00:00   5.5190e-01   1.1659e+02   8.1184e+00   6.0640e-04   5.7467e-03   3.9065e+02
20250309_15:00:00   6.4342e-01   1.3031e+02   7.9071e+00   3.7320e-02   4.5306e-04   3.8213e+02
20250309_18:00:00   1.0033e+00   1.7217e+02   8.3032e+00   1.7872e-01   3.2135e-03   3.7951e+02
20250309_21:00:00   6.9263e-01   1.3648e+02   9.0506e+00   2.2667e-02   6.1886e-03   3.8734e+02
20250310_00:00:00   1.0549e+00   1.7717e+02   9.0198e+00   1.7764e-01   1.9849e-03   3.8100e+02
20250310_03:00:00   5.3599e-01   1.1423e+02   8.0070e+00   1.1586e-03   1.4064e-04   3.7837e+02
20250310_06:00:00   4.1758e-01   9.5222e+01   6.3479e+00   0.0000e+00   7.5899e-03   3.7277e+02
20250310_09:00:00   4.0507e-01   9.2705e+01   6.1160e+00   1.1250e-03   1.6308e-02   3.6670e+02
20250310_12:00:00   3.9758e-01   9.0712e+01   6.0403e+00   9.5580e-04   3.3174e-02   3.6989e+02
20250310_15:00:00   4.2046e-01   9.3859e+01   6.6115e+00   0.0000e+00   2.0660e-01   3.8153e+02
20250310_18:00:00   3.4035e-01   7.9644e+01   5.2491e+00   0.0000e+00   8.1174e-02   3.8273e+02
20250310_21:00:00   3.0345e-01   7.2880e+01   4.5030e+00   0.0000e+00   1.8217e-03   3.8256e+02
20250311_00:00:00   2.6985e-01   6.6601e+01   3.9358e+00   0.0000e+00   2.1960e-07   3.8680e+02
20250311_03:00:00   2.5403e-01   6.4105e+01   3.5166e+00   0.0000e+00   9.8580e-06   3.9621e+02
20250311_06:00:00   3.3616e-01   8.0285e+01   4.6472e+00   5.0154e-03   7.4843e-04   3.9591e+02
20250311_09:00:00   4.7337e-01   1.0462e+02   5.8859e+00   1.9941e-02   1.8882e-03   3.9695e+02
20250311_12:00:00   4.0011e-01   9.1995e+01   5.2364e+00   2.8791e-03   3.6446e-05   3.9423e+02
20250311_15:00:00   3.3805e-01   8.0725e+01   4.4652e+00   0.0000e+00   8.2279e-06   3.9553e+02
20250311_18:00:00   2.9330e-01   7.2094e+01   3.8565e+00   0.0000e+00   1.1116e-06   3.8980e+02
20250311_21:00:00   2.4577e-01   6.2524e+01   3.2030e+00   0.0000e+00   1.1091e-06   3.8600e+02
20250312_00:00:00   2.0073e-01   5.3126e+01   2.6477e+00   0.0000e+00   0.0000e+00   3.8959e+02
20250312_03:00:00   1.9021e-01   5.1093e+01   2.6281e+00   0.0000e+00   0.0000e+00   3.7618e+02
20250312_06:00:00   2.6398e-01   6.6821e+01   3.9139e+00   0.0000e+00   7.3203e-05   3.7383e+02
20250312_09:00:00   3.3955e-01   8.1591e+01   5.1484e+00   0.0000e+00   8.3255e-04   3.6899e+02
20250312_12:00:00   3.3109e-01   7.9719e+01   5.0328e+00   0.0000e+00   1.5411e-02   3.7074e+02
20250312_15:00:00   3.2492e-01   7.8603e+01   4.7896e+00   0.0000e+00   2.5938e-02   3.7005e+02
20250312_18:00:00   3.4793e-01   8.2621e+01   5.2181e+00   0.0000e+00   1.8207e-02   3.6871e+02
20250312_21:00:00   3.8230e-01   8.7994e+01   6.1732e+00   0.0000e+00   8.7539e-02   3.7150e+02
20250313_00:00:00   4.8930e-01   1.0563e+02   8.0946e+00   0.0000e+00   4.7224e-01   3.6907e+02
20250313_03:00:00   7.1927e-01   1.3899e+02   1.1885e+01   0.0000e+00   3.0449e-01   3.6664e+02
20250313_06:00:00   8.2786e-01   1.5299e+02   1.3344e+01   0.0000e+00   1.1844e-01   3.6899e+02
20250313_09:00:00   9.4492e-01   1.6656e+02   1.4594e+01   1.4296e-03   2.0093e-01   3.6763e+02
20250313_12:00:00   2.4236e+00   2.4805e+02   1.6682e+01   5.5837e-01   2.2778e-01   3.5934e+02
20250313_15:00:00   3.0337e+00   2.5931e+02   1.8227e+01   7.6841e-01   1.0098e+00   3.5638e+02
20250313_18:00:00   2.4562e+00   2.4845e+02   1.7759e+01   5.4382e-01   1.1362e+00   3.5693e+02
20250313_21:00:00   1.8033e+00   2.2699e+02   1.5574e+01   3.2276e-01   6.3999e-01   3.6641e+02
20250314_00:00:00   1.6304e+00   2.1898e+02   1.0820e+01   3.6160e-01   2.0939e-01   3.8269e+02
20250314_03:00:00   1.9429e+00   2.3296e+02   9.6417e+00   5.2419e-01   3.2706e-01   3.9701e+02
20250314_06:00:00   1.6489e+00   2.1904e+02   9.5112e+00   4.1112e-01   2.4064e-01   4.0784e+02
