#            date       tau255        Tb[K]      pwv[mm] lwp[kg*m^-2] iwp[kg*m^-2]       o3[DU]
20230723_06:00:00   3.3778e-01   8.3081e+01   5.6414e+00   1.3409e-03   0.0000e+00   2.5057e+02
20230723_07:00:00   4.3530e-01   1.0129e+02   5.9342e+00   3.1647e-02   0.0000e+00   2.5138e+02
20230723_08:00:00   8.7804e-01   1.6497e+02   6.2814e+00   1.9523e-01   0.0000e+00   2.5191e+02
20230723_09:00:00   1.5869e+00   2.2324e+02   6.5257e+00   4.6580e-01   0.0000e+00   2.5142e+02
20230723_10:00:00   1.0542e+00   1.8344e+02   6.3494e+00   2.6124e-01   0.0000e+00   2.5248e+02
20230723_11:00:00   9.6562e-01   1.7451e+02   6.3116e+00   2.2740e-01   0.0000e+00   2.5263e+02
20230723_12:00:00   6.3354e-01   1.3346e+02   6.1335e+00   1.0199e-01   0.0000e+00   2.5216e+02
20230723_13:00:00   5.1352e-01   1.1481e+02   6.3878e+00   4.9110e-02   0.0000e+00   2.5365e+02
20230723_14:00:00   9.0268e-01   1.6789e+02   6.9249e+00   1.8747e-01   0.0000e+00   2.5384e+02
20230723_15:00:00   1.1096e+00   1.8876e+02   7.1873e+00   2.6064e-01   0.0000e+00   2.5453e+02
20230723_16:00:00   1.0306e+00   1.8125e+02   6.9694e+00   2.3522e-01   0.0000e+00   2.5663e+02
20230723_17:00:00   5.9984e-01   1.2861e+02   6.3580e+00   8.2597e-02   0.0000e+00   2.5774e+02
20230723_18:00:00   3.8386e-01   9.2310e+01   5.7773e+00   1.4120e-02   0.0000e+00   2.5744e+02
20230723_19:00:00   4.4856e-01   1.0407e+02   5.7857e+00   3.9564e-02   0.0000e+00   2.5762e+02
20230723_20:00:00   4.4571e-01   1.0356e+02   5.8075e+00   3.8067e-02   0.0000e+00   2.5877e+02
20230723_21:00:00   3.7298e-01   9.0242e+01   5.5596e+00   1.5612e-02   0.0000e+00   2.5783e+02
20230723_22:00:00   4.0049e-01   9.5329e+01   5.6239e+00   2.3942e-02   0.0000e+00   2.5675e+02
20230723_23:00:00   7.1685e-01   1.4535e+02   5.7708e+00   1.4363e-01   0.0000e+00   2.5569e+02
20230724_00:00:00   8.4396e-01   1.6133e+02   5.5718e+00   1.9866e-01   0.0000e+00   2.5465e+02
20230724_01:00:00   1.0962e+00   1.8765e+02   5.5815e+00   2.9727e-01   0.0000e+00   2.5270e+02
20230724_02:00:00   8.8982e-01   1.6644e+02   5.2713e+00   2.2407e-01   0.0000e+00   2.5110e+02
20230724_03:00:00   8.5067e-01   1.6192e+02   4.8135e+00   2.2061e-01   0.0000e+00   2.5072e+02
20230724_04:00:00   9.3272e-01   1.7103e+02   4.8964e+00   2.5099e-01   0.0000e+00   2.5080e+02
20230724_05:00:00   6.5736e-01   1.3661e+02   4.7096e+00   1.4788e-01   0.0000e+00   2.5172e+02
20230724_06:00:00   5.4122e-01   1.1909e+02   4.5228e+00   1.0708e-01   0.0000e+00   2.5198e+02
20230724_07:00:00   5.1802e-01   1.1536e+02   4.2711e+00   1.0444e-01   0.0000e+00   2.5260e+02
20230724_08:00:00   4.8686e-01   1.1024e+02   3.9971e+00   9.8964e-02   0.0000e+00   2.5299e+02
20230724_09:00:00   3.7134e-01   8.9609e+01   3.6964e+00   6.0725e-02   0.0000e+00   2.5224e+02
20230724_10:00:00   2.7908e-01   7.1334e+01   3.4390e+00   3.0809e-02   0.0000e+00   2.5326e+02
20230724_11:00:00   2.4047e-01   6.3144e+01   3.3446e+00   1.8314e-02   0.0000e+00   2.5360e+02
20230724_12:00:00   1.8590e-01   5.1057e+01   3.1355e+00   2.0605e-03   0.0000e+00   2.5325e+02
20230724_13:00:00   1.7311e-01   4.8145e+01   3.0209e+00   8.1750e-06   0.0000e+00   2.5291e+02
20230724_14:00:00   1.8837e-01   5.1650e+01   3.0895e+00   4.5110e-03   0.0000e+00   2.5261e+02
20230724_15:00:00   6.1917e-01   1.3121e+02   4.0963e+00   1.4933e-01   0.0000e+00   2.5323e+02
20230724_16:00:00   1.4258e+00   2.1270e+02   5.8764e+00   4.2180e-01   0.0000e+00   2.5241e+02
20230724_17:00:00   1.5718e+00   2.2149e+02   6.4476e+00   4.6485e-01   0.0000e+00   2.5140e+02
20230724_18:00:00   1.0934e+00   1.8638e+02   6.4882e+00   2.7543e-01   0.0000e+00   2.5179e+02
20230724_19:00:00   9.6967e-01   1.7420e+02   6.3947e+00   2.2922e-01   0.0000e+00   2.5406e+02
20230724_20:00:00   6.8282e-01   1.3978e+02   6.0234e+00   1.2503e-01   0.0000e+00   2.5513e+02
20230724_21:00:00   5.6938e-01   1.2322e+02   5.5584e+00   9.2778e-02   0.0000e+00   2.5571e+02
20230724_22:00:00   4.9677e-01   1.1159e+02   5.2279e+00   7.2941e-02   0.0000e+00   2.5683e+02
20230724_23:00:00   3.4808e-01   8.4987e+01   4.5416e+00   3.2020e-02   0.0000e+00   2.5742e+02
20230725_00:00:00   2.1633e-01   5.7889e+01   3.6029e+00   3.5387e-03   0.0000e+00   2.5805e+02
20230725_01:00:00   1.7630e-01   4.8854e+01   3.0833e+00   3.3951e-04   0.0000e+00   2.5744e+02
20230725_02:00:00   1.5593e-01   4.4081e+01   2.7605e+00   1.0681e-04   0.0000e+00   2.5751e+02
20230725_03:00:00   1.3810e-01   3.9821e+01   2.4732e+00   3.2610e-06   0.0000e+00   2.5837e+02
20230725_04:00:00   1.2215e-01   3.5955e+01   2.2109e+00   0.0000e+00   0.0000e+00   2.5850e+02
20230725_05:00:00   1.2215e-01   3.5934e+01   2.2316e+00   0.0000e+00   0.0000e+00   2.5852e+02
20230725_06:00:00   1.3894e-01   3.9977e+01   2.5486e+00   0.0000e+00   0.0000e+00   2.6042e+02
20230725_07:00:00   1.5365e-01   4.3471e+01   2.8068e+00   0.0000e+00   0.0000e+00   2.6170e+02
20230725_08:00:00   1.5950e-01   4.4867e+01   2.8982e+00   0.0000e+00   0.0000e+00   2.6285e+02
20230725_09:00:00   1.5433e-01   4.3687e+01   2.7929e+00   0.0000e+00   0.0000e+00   2.6364e+02
20230725_10:00:00   1.3655e-01   3.9487e+01   2.4690e+00   0.0000e+00   0.0000e+00   2.6335e+02
20230725_11:00:00   1.2192e-01   3.5960e+01   2.2046e+00   0.0000e+00   0.0000e+00   2.6308e+02
20230725_12:00:00   1.2342e-01   3.6327e+01   2.2302e+00   0.0000e+00   0.0000e+00   2.6240e+02
20230725_13:00:00   1.4224e-01   4.0853e+01   2.5528e+00   0.0000e+00   0.0000e+00   2.6152e+02
20230725_14:00:00   1.7762e-01   4.9108e+01   3.1406e+00   0.0000e+00   0.0000e+00   2.6126e+02
20230725_15:00:00   2.1999e-01   5.8642e+01   3.8395e+00   0.0000e+00   0.0000e+00   2.6149e+02
20230725_16:00:00   2.5994e-01   6.7188e+01   4.4740e+00   0.0000e+00   0.0000e+00   2.6242e+02
20230725_17:00:00   2.7514e-01   7.0325e+01   4.7216e+00   2.5460e-04   0.0000e+00   2.6373e+02
20230725_18:00:00   2.7168e-01   6.9624e+01   4.7206e+00   4.2420e-05   0.0000e+00   2.6268e+02
20230725_19:00:00   2.7063e-01   6.9432e+01   4.7920e+00   0.0000e+00   2.2500e-04   2.6349e+02
20230725_20:00:00   2.8577e-01   7.2584e+01   5.1169e+00   0.0000e+00   7.4240e-05   2.6469e+02
20230725_21:00:00   3.1851e-01   7.9194e+01   5.7047e+00   0.0000e+00   0.0000e+00   2.6557e+02
20230725_22:00:00   3.6264e-01   8.7724e+01   6.4837e+00   0.0000e+00   0.0000e+00   2.6739e+02
20230725_23:00:00   4.2913e-01   9.9804e+01   7.5779e+00   0.0000e+00   0.0000e+00   2.6775e+02
20230726_00:00:00   4.8261e-01   1.0896e+02   8.3310e+00   1.2674e-03   0.0000e+00   2.6733e+02
20230726_01:00:00   5.3989e-01   1.1828e+02   8.9632e+00   7.4460e-03   0.0000e+00   2.6807e+02
20230726_02:00:00   6.8038e-01   1.3898e+02   9.6689e+00   4.5211e-02   0.0000e+00   2.6578e+02
20230726_03:00:00   7.8875e-01   1.5335e+02   1.0058e+01   7.6720e-02   1.7232e-05   2.6356e+02
20230726_04:00:00   1.0300e+00   1.8069e+02   1.0154e+01   1.6645e-01   2.7140e-05   2.6277e+02
20230726_05:00:00   9.0420e-01   1.6724e+02   1.0143e+01   1.1637e-01   0.0000e+00   2.6277e+02
20230726_06:00:00   1.1243e+00   1.8899e+02   1.0081e+01   2.0465e-01   0.0000e+00   2.6327e+02
20230726_07:00:00   1.3107e+00   2.0415e+02   1.0345e+01   2.7162e-01   0.0000e+00   2.6348e+02
20230726_08:00:00   1.0081e+00   1.7753e+02   1.0485e+01   1.4970e-01   8.4860e-06   2.6491e+02
20230726_09:00:00   7.5843e-01   1.4952e+02   1.0258e+01   5.7081e-02   0.0000e+00   2.6582e+02
20230726_10:00:00   7.5499e-01   1.4908e+02   1.0238e+01   5.5503e-02   0.0000e+00   2.6452e+02
20230726_11:00:00   6.9901e-01   1.4173e+02   1.0343e+01   2.9902e-02   0.0000e+00   2.6394e+02
20230726_12:00:00   7.0158e-01   1.4215e+02   1.0249e+01   3.2979e-02   0.0000e+00   2.6457e+02
20230726_13:00:00   6.3366e-01   1.3269e+02   1.0218e+01   8.6015e-03   0.0000e+00   2.6531e+02
20230726_14:00:00   6.6227e-01   1.3677e+02   1.0489e+01   1.3943e-02   0.0000e+00   2.6517e+02
20230726_15:00:00   1.0384e+00   1.8172e+02   1.0492e+01   1.6326e-01   0.0000e+00   2.6491e+02
20230726_16:00:00   1.1619e+00   1.9305e+02   1.0363e+01   2.1482e-01   0.0000e+00   2.6418e+02
20230726_17:00:00   6.2245e-01   1.3089e+02   1.0502e+01   2.8911e-03   0.0000e+00   2.6482e+02
20230726_18:00:00   6.0144e-01   1.2781e+02   1.0125e+01   6.7290e-03   0.0000e+00   2.6427e+02
20230726_19:00:00   5.3991e-01   1.1834e+02   9.3800e+00   5.4470e-05   0.0000e+00   2.6398e+02
20230726_20:00:00   4.9571e-01   1.1121e+02   8.6534e+00   6.9990e-05   0.0000e+00   2.6340e+02
20230726_21:00:00   4.6359e-01   1.0577e+02   8.1042e+00   3.7600e-05   0.0000e+00   2.6257e+02
20230726_22:00:00   4.2969e-01   9.9868e+01   7.5341e+00   1.4260e-05   0.0000e+00   2.6193e+02
20230726_23:00:00   4.1039e-01   9.6422e+01   7.1823e+00   0.0000e+00   0.0000e+00   2.6108e+02
20230727_00:00:00   3.9888e-01   9.4352e+01   6.9830e+00   0.0000e+00   0.0000e+00   2.6032e+02
20230727_01:00:00   4.0668e-01   9.5744e+01   7.1097e+00   0.0000e+00   0.0000e+00   2.6003e+02
20230727_02:00:00   4.2765e-01   9.9394e+01   7.4586e+00   0.0000e+00   0.0000e+00   2.6012e+02
20230727_03:00:00   4.5438e-01   1.0393e+02   7.8838e+00   0.0000e+00   0.0000e+00   2.5950e+02
20230727_04:00:00   4.5002e-01   1.0315e+02   7.7849e+00   0.0000e+00   0.0000e+00   2.6001e+02
20230727_05:00:00   4.1359e-01   9.6787e+01   7.1567e+00   0.0000e+00   0.0000e+00   2.5954e+02
20230727_06:00:00   3.7498e-01   8.9768e+01   6.5210e+00   0.0000e+00   0.0000e+00   2.5915e+02
20230727_07:00:00   3.4134e-01   8.3396e+01   5.9728e+00   0.0000e+00   0.0000e+00   2.5953e+02
20230727_08:00:00   3.1711e-01   7.8668e+01   5.5721e+00   0.0000e+00   0.0000e+00   2.5948e+02
20230727_09:00:00   2.9349e-01   7.3993e+01   5.1656e+00   0.0000e+00   0.0000e+00   2.5873e+02
20230727_10:00:00   2.7965e-01   7.1193e+01   4.9087e+00   0.0000e+00   0.0000e+00   2.5979e+02
20230727_11:00:00   2.6058e-01   6.7276e+01   4.5823e+00   0.0000e+00   0.0000e+00   2.6105e+02
20230727_12:00:00   2.4247e-01   6.3465e+01   4.2793e+00   0.0000e+00   0.0000e+00   2.6134e+02
20230727_13:00:00   2.2738e-01   6.0258e+01   4.0227e+00   0.0000e+00   0.0000e+00   2.6105e+02
20230727_14:00:00   1.9942e-01   5.4115e+01   3.5612e+00   0.0000e+00   0.0000e+00   2.6162e+02
20230727_15:00:00   2.1271e-01   5.7062e+01   3.7719e+00   0.0000e+00   0.0000e+00   2.6160e+02
20230727_16:00:00   2.6208e-01   6.7698e+01   4.5544e+00   0.0000e+00   0.0000e+00   2.6128e+02
20230727_17:00:00   3.0516e-01   7.6616e+01   4.8553e+00   9.2500e-03   0.0000e+00   2.6146e+02
20230727_18:00:00   3.7711e-01   9.0623e+01   5.2296e+00   2.8160e-02   0.0000e+00   2.6261e+02
20230727_19:00:00   2.9191e-01   7.3946e+01   5.0328e+00   3.2460e-05   0.0000e+00   2.6290e+02
20230727_20:00:00   2.4141e-01   6.3414e+01   4.2942e+00   0.0000e+00   0.0000e+00   2.6195e+02
20230727_21:00:00   2.4373e-01   6.3886e+01   4.3658e+00   0.0000e+00   0.0000e+00   2.6220e+02
20230727_22:00:00   2.4888e-01   6.4966e+01   4.4831e+00   0.0000e+00   0.0000e+00   2.6315e+02
20230727_23:00:00   2.5574e-01   6.6421e+01   4.6086e+00   0.0000e+00   0.0000e+00   2.6313e+02
20230728_00:00:00   2.6045e-01   6.7408e+01   4.6847e+00   0.0000e+00   0.0000e+00   2.6314e+02
20230728_01:00:00   2.7159e-01   6.9717e+01   4.8750e+00   0.0000e+00   0.0000e+00   2.6439e+02
20230728_02:00:00   2.8089e-01   7.1642e+01   5.0290e+00   0.0000e+00   0.0000e+00   2.6587e+02
20230728_03:00:00   2.9998e-01   7.5479e+01   5.3420e+00   0.0000e+00   0.0000e+00   2.6618e+02
20230728_04:00:00   3.1422e-01   7.8277e+01   5.5691e+00   0.0000e+00   0.0000e+00   2.6712e+02
20230728_05:00:00   3.2480e-01   8.0344e+01   5.7346e+00   0.0000e+00   0.0000e+00   2.6670e+02
20230728_06:00:00   3.1713e-01   7.8852e+01   5.6001e+00   0.0000e+00   0.0000e+00   2.6566e+02
20230728_09:00:00   2.8650e-01   7.2703e+01   5.2143e+00   0.0000e+00   0.0000e+00   2.6510e+02
20230728_12:00:00   2.5604e-01   6.6364e+01   4.8505e+00   0.0000e+00   0.0000e+00   2.6392e+02
20230728_15:00:00   2.8688e-01   7.2644e+01   5.5308e+00   0.0000e+00   0.0000e+00   2.6367e+02
20230728_18:00:00   5.0498e-01   1.1293e+02   7.6052e+00   3.5636e-02   0.0000e+00   2.6224e+02
20230728_21:00:00   3.9339e-01   9.3216e+01   7.5417e+00   0.0000e+00   4.7300e-04   2.6135e+02
20230729_00:00:00   3.9077e-01   9.2454e+01   7.8042e+00   0.0000e+00   1.2972e-03   2.6174e+02
20230729_03:00:00   4.8694e-01   1.0912e+02   9.5031e+00   0.0000e+00   3.8182e-03   2.6282e+02
20230729_06:00:00   5.4458e-01   1.1842e+02   1.0517e+01   0.0000e+00   3.6479e-04   2.6566e+02
20230729_09:00:00   6.4246e-01   1.3303e+02   1.2141e+01   0.0000e+00   6.5654e-03   2.6629e+02
20230729_12:00:00   6.9982e-01   1.4088e+02   1.3047e+01   0.0000e+00   4.6616e-03   2.7072e+02
20230729_15:00:00   7.1328e-01   1.4278e+02   1.3105e+01   4.7980e-04   8.9640e-04   2.7192e+02
20230729_18:00:00   1.4386e+00   2.1392e+02   1.3962e+01   2.5253e-01   2.4777e-04   2.7070e+02
20230729_21:00:00   6.6864e-01   1.3734e+02   1.1233e+01   8.1280e-03   0.0000e+00   2.7733e+02
20230730_00:00:00   6.8682e-01   1.4058e+02   9.5810e+00   4.8940e-02   0.0000e+00   2.7794e+02
20230730_03:00:00   5.8579e-01   1.2618e+02   7.8456e+00   4.6540e-02   0.0000e+00   2.8499e+02
20230730_06:00:00   6.9801e-01   1.4277e+02   6.2275e+00   1.2916e-01   0.0000e+00   3.0047e+02
20230730_09:00:00   8.3602e-01   1.6002e+02   7.0198e+00   1.6672e-01   0.0000e+00   3.0844e+02
20230730_12:00:00   7.3263e-01   1.4680e+02   7.0226e+00   1.2698e-01   0.0000e+00   3.0259e+02
20230730_15:00:00   5.6906e-01   1.2291e+02   8.0349e+00   4.0637e-02   0.0000e+00   2.9772e+02
20230730_18:00:00   7.5207e-01   1.4918e+02   7.8699e+00   1.1731e-01   0.0000e+00   2.9371e+02
20230730_21:00:00   5.7210e-01   1.2386e+02   7.1897e+00   6.1581e-02   0.0000e+00   2.9462e+02
20230731_00:00:00   4.0718e-01   9.5865e+01   6.6980e+00   1.0829e-02   0.0000e+00   2.9381e+02
20230731_03:00:00   5.9577e-01   1.2702e+02   7.9142e+00   5.1377e-02   0.0000e+00   2.9279e+02
20230731_06:00:00   3.7526e-01   8.9872e+01   6.3149e+00   8.4740e-03   0.0000e+00   2.8860e+02
20230731_09:00:00   3.5053e-01   8.5266e+01   6.2022e+00   2.0750e-03   0.0000e+00   2.8655e+02
20230731_12:00:00   3.0762e-01   7.6979e+01   5.5638e+00   1.2260e-03   0.0000e+00   2.9176e+02
20230731_15:00:00   4.6881e-01   1.0714e+02   5.7453e+00   5.9280e-02   0.0000e+00   2.9583e+02
20230731_18:00:00   2.8992e-01   7.3481e+01   5.0570e+00   7.5100e-03   0.0000e+00   2.9449e+02
20230731_21:00:00   3.6716e-01   8.8950e+01   4.7833e+00   4.1730e-02   0.0000e+00   2.8985e+02
20230801_00:00:00   2.2001e-01   5.8759e+01   4.1094e+00   2.9093e-04   0.0000e+00   2.8985e+02
20230801_03:00:00   1.9666e-01   5.3580e+01   3.7120e+00   0.0000e+00   0.0000e+00   2.8915e+02
20230801_06:00:00   1.8088e-01   4.9969e+01   3.4538e+00   0.0000e+00   0.0000e+00   2.9059e+02
20230801_09:00:00   1.5879e-01   4.4914e+01   3.0470e+00   0.0000e+00   0.0000e+00   2.9123e+02
20230801_12:00:00   1.4471e-01   4.1645e+01   2.7626e+00   0.0000e+00   0.0000e+00   2.9079e+02
20230801_15:00:00   1.7648e-01   4.9107e+01   3.2651e+00   7.7540e-05   0.0000e+00   2.9018e+02
20230801_18:00:00   2.7362e-01   7.0560e+01   3.9058e+00   2.1212e-02   0.0000e+00   2.8931e+02
20230801_21:00:00   2.1687e-01   5.8313e+01   3.8487e+00   9.0260e-04   0.0000e+00   2.8696e+02
20230802_00:00:00   1.4119e-01   4.0827e+01   2.7014e+00   0.0000e+00   0.0000e+00   2.8727e+02
20230802_03:00:00   1.3691e-01   3.9743e+01   2.5919e+00   0.0000e+00   0.0000e+00   2.8782e+02
20230802_06:00:00   1.2465e-01   3.6761e+01   2.3507e+00   0.0000e+00   0.0000e+00   2.8866e+02
20230802_09:00:00   1.1096e-01   3.3404e+01   2.0767e+00   0.0000e+00   0.0000e+00   2.8848e+02
20230802_12:00:00   1.0507e-01   3.2014e+01   1.9235e+00   0.0000e+00   0.0000e+00   2.8801e+02
20230802_15:00:00   1.6666e-01   4.6724e+01   3.0504e+00   0.0000e+00   0.0000e+00   2.8687e+02
20230802_18:00:00   2.5992e-01   6.7102e+01   4.8384e+00   8.5840e-05   0.0000e+00   2.8780e+02
20230802_21:00:00   2.3638e-01   6.2103e+01   4.5474e+00   0.0000e+00   0.0000e+00   2.8775e+02
20230803_00:00:00   1.6811e-01   4.7013e+01   3.2310e+00   0.0000e+00   0.0000e+00   2.8637e+02
20230803_03:00:00   1.3608e-01   3.9418e+01   2.5806e+00   0.0000e+00   0.0000e+00   2.8712e+02
20230803_06:00:00   1.9052e-01   5.1729e+01   3.8326e+00   0.0000e+00   0.0000e+00   2.8770e+02
20230803_09:00:00   1.9820e-01   5.3506e+01   3.9876e+00   0.0000e+00   0.0000e+00   2.8750e+02
20230803_12:00:00   2.1671e-01   5.7779e+01   4.3158e+00   0.0000e+00   0.0000e+00   2.8766e+02
20230803_15:00:00   2.6675e-01   6.8674e+01   5.1413e+00   0.0000e+00   0.0000e+00   2.9084e+02
20230803_18:00:00   3.3270e-01   8.1946e+01   6.2685e+00   1.2034e-05   0.0000e+00   2.8832e+02
20230803_21:00:00   3.1270e-01   7.7811e+01   6.1237e+00   0.0000e+00   0.0000e+00   2.8478e+02
20230804_00:00:00   3.0073e-01   7.5220e+01   6.0572e+00   0.0000e+00   0.0000e+00   2.8382e+02
20230804_03:00:00   2.9411e-01   7.3802e+01   5.9722e+00   0.0000e+00   0.0000e+00   2.8543e+02
20230804_06:00:00   2.9121e-01   7.2933e+01   5.9882e+00   0.0000e+00   8.7620e-04   2.8921e+02
20230804_09:00:00   2.7528e-01   6.9487e+01   5.7106e+00   0.0000e+00   7.8858e-03   2.9079e+02
20230804_12:00:00   2.5726e-01   6.5365e+01   5.4289e+00   0.0000e+00   8.7431e-02   2.9148e+02
20230804_15:00:00   2.6431e-01   6.6506e+01   5.6788e+00   1.0810e-07   7.3825e-02   2.8998e+02
20230804_18:00:00   2.4040e-01   6.1741e+01   5.1138e+00   5.3620e-05   6.2647e-02   2.9025e+02
20230804_21:00:00   2.2071e-01   5.7309e+01   4.8191e+00   1.0230e-04   1.5067e-02   2.9135e+02
20230805_00:00:00   2.3088e-01   5.9124e+01   5.0612e+00   0.0000e+00   1.4165e-01   2.8795e+02
20230805_03:00:00   2.1099e-01   5.4941e+01   4.6523e+00   2.6000e-06   4.7129e-02   2.8846e+02
20230805_06:00:00   1.7771e-01   4.7748e+01   3.9104e+00   1.3980e-07   2.2004e-02   2.8732e+02
20230805_09:00:00   1.7360e-01   4.6953e+01   3.8005e+00   1.6240e-04   1.2152e-02   2.8927e+02
20230805_12:00:00   1.7268e-01   4.6618e+01   3.7956e+00   1.0860e-04   4.3535e-03   2.8673e+02
20230805_15:00:00   1.6552e-01   4.4972e+01   3.6336e+00   1.7920e-04   1.7877e-03   2.8357e+02
20230805_18:00:00   1.8984e-01   5.0878e+01   4.0469e+00   0.0000e+00   1.0606e-05   2.8226e+02
20230805_21:00:00   1.6688e-01   4.4957e+01   3.7156e+00   0.0000e+00   2.3128e-02   2.8158e+02
20230806_00:00:00   1.6749e-01   4.4908e+01   3.7482e+00   0.0000e+00   2.6990e-02   2.8017e+02
20230806_03:00:00   1.5512e-01   4.2207e+01   3.4496e+00   0.0000e+00   9.7017e-03   2.8007e+02
20230806_06:00:00   1.2908e-01   3.6362e+01   2.8430e+00   0.0000e+00   0.0000e+00   2.8107e+02
20230806_09:00:00   1.2124e-01   3.4591e+01   2.6453e+00   0.0000e+00   0.0000e+00   2.7978e+02
20230806_12:00:00   1.1963e-01   3.4271e+01   2.5884e+00   0.0000e+00   3.8500e-04   2.7729e+02
20230806_15:00:00   1.2070e-01   3.4676e+01   2.6020e+00   0.0000e+00   0.0000e+00   2.7647e+02
20230806_18:00:00   1.6971e-01   4.6009e+01   3.7042e+00   0.0000e+00   0.0000e+00   2.7424e+02
20230806_21:00:00   1.6488e-01   4.5141e+01   3.5387e+00   0.0000e+00   0.0000e+00   2.7553e+02
20230807_00:00:00   1.5336e-01   4.2563e+01   3.2552e+00   0.0000e+00   0.0000e+00   2.7641e+02
20230807_03:00:00   1.4141e-01   4.0044e+01   2.9592e+00   0.0000e+00   0.0000e+00   2.7496e+02
20230807_06:00:00   1.4512e-01   4.1048e+01   3.0387e+00   0.0000e+00   0.0000e+00   2.7578e+02
20230807_09:00:00   1.4631e-01   4.1418e+01   3.0345e+00   0.0000e+00   0.0000e+00   2.7487e+02
20230807_12:00:00   1.4608e-01   4.1505e+01   3.0101e+00   0.0000e+00   0.0000e+00   2.7317e+02
20230807_15:00:00   1.5489e-01   4.3580e+01   3.2146e+00   0.0000e+00   0.0000e+00   2.7409e+02
20230807_18:00:00   1.8579e-01   5.1179e+01   3.7918e+00   0.0000e+00   0.0000e+00   2.7420e+02
20230807_21:00:00   1.2569e-01   3.7114e+01   2.5165e+00   0.0000e+00   0.0000e+00   2.7370e+02
20230808_00:00:00   1.2595e-01   3.7235e+01   2.4789e+00   0.0000e+00   0.0000e+00   2.7393e+02
20230808_03:00:00   2.3856e-01   6.3328e+01   4.5677e+00   0.0000e+00   0.0000e+00   2.7398e+02
20230808_06:00:00   2.8200e-01   7.2635e+01   5.2538e+00   0.0000e+00   0.0000e+00   2.7370e+02
