#            date       tau255        Tb[K]      pwv[mm] lwp[kg*m^-2] iwp[kg*m^-2]       o3[DU]
20200911_18:00:00   1.6681e-01   4.4415e+01   3.6252e+00   0.0000e+00   5.3600e-06   2.9303e+02
20200911_19:00:00   1.8838e-01   4.9276e+01   3.9233e+00   2.3657e-03   2.0812e-04   2.8967e+02
20200911_20:00:00   2.6064e-01   6.4105e+01   5.0547e+00   1.1395e-02   3.0507e-03   2.8918e+02
20200911_21:00:00   2.3950e-01   5.9846e+01   5.1255e+00   0.0000e+00   2.1520e-04   2.9133e+02
20200911_22:00:00   2.1409e-01   5.4761e+01   4.5821e+00   0.0000e+00   1.7752e-04   2.8635e+02
20200911_23:00:00   2.2890e-01   5.7680e+01   4.9551e+00   0.0000e+00   1.8798e-04   2.8303e+02
20200912_00:00:00   1.9587e-01   5.0763e+01   4.2714e+00   0.0000e+00   1.3066e-06   2.8161e+02
20200912_01:00:00   1.8944e-01   4.9464e+01   4.1278e+00   0.0000e+00   0.0000e+00   2.8070e+02
20200912_02:00:00   1.6259e-01   4.3583e+01   3.5855e+00   0.0000e+00   3.0837e-05   2.7692e+02
20200912_03:00:00   1.2777e-01   3.5829e+01   2.7910e+00   0.0000e+00   0.0000e+00   2.7413e+02
20200912_04:00:00   1.1800e-01   3.3718e+01   2.5172e+00   0.0000e+00   0.0000e+00   2.7367e+02
20200912_05:00:00   1.1932e-01   3.4108e+01   2.5225e+00   0.0000e+00   0.0000e+00   2.7299e+02
20200912_06:00:00   1.1947e-01   3.4190e+01   2.5091e+00   0.0000e+00   0.0000e+00   2.7289e+02
20200912_07:00:00   1.1666e-01   3.3552e+01   2.4390e+00   0.0000e+00   0.0000e+00   2.7342e+02
20200912_08:00:00   1.1902e-01   3.4095e+01   2.4900e+00   0.0000e+00   0.0000e+00   2.7324e+02
20200912_09:00:00   1.2344e-01   3.5091e+01   2.5921e+00   0.0000e+00   0.0000e+00   2.7251e+02
20200912_10:00:00   1.2865e-01   3.6272e+01   2.7070e+00   0.0000e+00   0.0000e+00   2.7286e+02
20200912_11:00:00   1.2914e-01   3.6355e+01   2.7202e+00   0.0000e+00   0.0000e+00   2.7319e+02
20200912_12:00:00   1.2929e-01   3.6339e+01   2.7214e+00   0.0000e+00   0.0000e+00   2.7281e+02
20200912_13:00:00   1.2824e-01   3.6099e+01   2.6906e+00   0.0000e+00   0.0000e+00   2.7296e+02
20200912_14:00:00   1.2016e-01   3.4255e+01   2.5082e+00   0.0000e+00   0.0000e+00   2.7445e+02
20200912_15:00:00   1.0796e-01   3.1408e+01   2.2372e+00   0.0000e+00   0.0000e+00   2.7554e+02
20200912_16:00:00   1.0376e-01   3.0426e+01   2.1379e+00   0.0000e+00   0.0000e+00   2.7592e+02
20200912_17:00:00   1.1051e-01   3.2042e+01   2.2697e+00   0.0000e+00   0.0000e+00   2.7582e+02
20200912_18:00:00   1.2334e-01   3.5058e+01   2.5330e+00   0.0000e+00   0.0000e+00   2.7539e+02
20200912_19:00:00   1.4570e-01   4.0208e+01   2.9939e+00   0.0000e+00   0.0000e+00   2.7576e+02
20200912_20:00:00   1.7465e-01   4.6683e+01   3.5926e+00   0.0000e+00   0.0000e+00   2.7540e+02
20200912_21:00:00   1.8848e-01   4.9721e+01   3.8871e+00   0.0000e+00   1.1106e-04   2.7485e+02
20200912_22:00:00   1.9451e-01   5.1038e+01   4.0269e+00   0.0000e+00   2.5561e-03   2.7388e+02
20200912_23:00:00   2.1487e-01   5.5364e+01   4.4449e+00   0.0000e+00   2.2102e-02   2.7251e+02
20200913_00:00:00   2.1569e-01   5.5565e+01   4.4765e+00   0.0000e+00   4.0820e-03   2.7168e+02
20200913_01:00:00   2.0134e-01   5.2599e+01   4.1745e+00   0.0000e+00   2.3883e-04   2.7116e+02
20200913_02:00:00   1.9697e-01   5.1696e+01   4.0678e+00   0.0000e+00   0.0000e+00   2.7093e+02
20200913_03:00:00   1.8575e-01   4.9311e+01   3.8323e+00   0.0000e+00   0.0000e+00   2.7150e+02
20200913_04:00:00   1.7185e-01   4.6262e+01   3.5552e+00   0.0000e+00   0.0000e+00   2.7216e+02
20200913_05:00:00   1.6533e-01   4.4808e+01   3.4334e+00   0.0000e+00   0.0000e+00   2.7225e+02
20200913_06:00:00   1.6234e-01   4.4129e+01   3.3759e+00   0.0000e+00   0.0000e+00   2.7192e+02
20200913_07:00:00   1.5830e-01   4.3239e+01   3.2961e+00   0.0000e+00   0.0000e+00   2.7192e+02
20200913_08:00:00   1.4645e-01   4.0561e+01   3.0601e+00   0.0000e+00   0.0000e+00   2.7187e+02
20200913_09:00:00   1.3827e-01   3.8679e+01   2.8937e+00   0.0000e+00   0.0000e+00   2.7143e+02
20200913_10:00:00   1.3375e-01   3.7621e+01   2.8049e+00   0.0000e+00   0.0000e+00   2.7112e+02
20200913_11:00:00   1.2952e-01   3.6628e+01   2.7216e+00   0.0000e+00   0.0000e+00   2.7072e+02
20200913_12:00:00   1.2491e-01   3.5541e+01   2.6257e+00   0.0000e+00   0.0000e+00   2.7035e+02
20200913_13:00:00   1.2039e-01   3.4497e+01   2.5258e+00   0.0000e+00   0.0000e+00   2.7126e+02
20200913_14:00:00   1.1654e-01   3.3620e+01   2.4348e+00   0.0000e+00   0.0000e+00   2.7143e+02
20200913_15:00:00   1.1394e-01   3.3030e+01   2.3724e+00   0.0000e+00   0.0000e+00   2.7077e+02
20200913_16:00:00   1.1342e-01   3.2917e+01   2.3605e+00   0.0000e+00   0.0000e+00   2.7010e+02
20200913_17:00:00   1.2044e-01   3.4613e+01   2.4967e+00   0.0000e+00   0.0000e+00   2.6905e+02
20200913_18:00:00   1.4382e-01   4.0058e+01   2.9752e+00   0.0000e+00   0.0000e+00   2.6740e+02
20200913_19:00:00   1.6734e-01   4.5425e+01   3.4561e+00   0.0000e+00   0.0000e+00   2.6602e+02
20200913_20:00:00   1.9098e-01   5.0653e+01   3.9522e+00   0.0000e+00   3.8480e-05   2.6502e+02
20200913_21:00:00   2.3437e-01   5.9810e+01   4.4242e+00   9.6580e-03   4.2679e-03   2.6413e+02
20200913_22:00:00   2.2963e-01   5.8891e+01   4.7330e+00   2.6720e-04   2.2315e-02   2.6342e+02
20200913_23:00:00   2.1805e-01   5.6485e+01   4.5128e+00   0.0000e+00   2.4741e-03   2.6245e+02
20200914_00:00:00   1.9420e-01   5.1455e+01   4.0196e+00   0.0000e+00   0.0000e+00   2.6187e+02
20200914_01:00:00   1.7315e-01   4.6842e+01   3.5920e+00   0.0000e+00   0.0000e+00   2.6195e+02
20200914_02:00:00   1.6937e-01   4.5943e+01   3.5459e+00   0.0000e+00   0.0000e+00   2.6178e+02
20200914_03:00:00   1.7606e-01   4.7402e+01   3.6878e+00   0.0000e+00   0.0000e+00   2.6163e+02
20200914_04:00:00   1.7864e-01   4.7971e+01   3.7389e+00   0.0000e+00   0.0000e+00   2.6106e+02
20200914_05:00:00   1.7806e-01   4.7850e+01   3.7284e+00   0.0000e+00   0.0000e+00   2.6084e+02
20200914_06:00:00   1.6964e-01   4.6008e+01   3.5526e+00   0.0000e+00   0.0000e+00   2.6125e+02
20200914_07:00:00   1.6087e-01   4.4068e+01   3.3595e+00   0.0000e+00   0.0000e+00   2.6220e+02
20200914_08:00:00   1.5917e-01   4.3673e+01   3.3155e+00   0.0000e+00   0.0000e+00   2.6321e+02
20200914_09:00:00   1.5687e-01   4.3138e+01   3.2625e+00   0.0000e+00   0.0000e+00   2.6334e+02
20200914_10:00:00   1.5338e-01   4.2344e+01   3.1866e+00   0.0000e+00   0.0000e+00   2.6315e+02
20200914_11:00:00   1.4841e-01   4.1209e+01   3.0777e+00   0.0000e+00   0.0000e+00   2.6264e+02
20200914_12:00:00   1.3938e-01   3.9142e+01   2.8859e+00   0.0000e+00   0.0000e+00   2.6246e+02
20200914_13:00:00   1.3362e-01   3.7804e+01   2.7664e+00   0.0000e+00   0.0000e+00   2.6268e+02
20200914_14:00:00   1.3341e-01   3.7746e+01   2.7614e+00   0.0000e+00   0.0000e+00   2.6319e+02
20200914_15:00:00   1.3267e-01   3.7577e+01   2.7472e+00   0.0000e+00   0.0000e+00   2.6339e+02
20200914_16:00:00   1.3574e-01   3.8303e+01   2.8051e+00   0.0000e+00   0.0000e+00   2.6416e+02
20200914_17:00:00   1.5868e-01   4.3559e+01   3.2769e+00   0.0000e+00   0.0000e+00   2.6458e+02
20200914_18:00:00   1.8696e-01   4.9878e+01   3.8678e+00   0.0000e+00   0.0000e+00   2.6393e+02
20200914_19:00:00   1.9786e-01   5.2299e+01   4.1023e+00   0.0000e+00   6.9315e-05   2.6262e+02
20200914_20:00:00   2.0964e-01   5.4861e+01   4.3646e+00   0.0000e+00   2.0702e-04   2.6210e+02
20200914_21:00:00   2.1824e-01   5.6746e+01   4.5334e+00   0.0000e+00   8.4082e-04   2.6216e+02
20200914_22:00:00   2.1306e-01   5.5678e+01   4.4140e+00   0.0000e+00   2.4161e-04   2.6284e+02
20200914_23:00:00   1.9860e-01   5.2619e+01   4.1212e+00   0.0000e+00   8.8840e-06   2.6321e+02
20200915_00:00:00   1.8259e-01   4.9118e+01   3.8084e+00   0.0000e+00   0.0000e+00   2.6279e+02
20200915_01:00:00   1.8564e-01   4.9755e+01   3.9010e+00   0.0000e+00   0.0000e+00   2.6278e+02
20200915_02:00:00   2.1298e-01   5.5594e+01   4.4951e+00   0.0000e+00   9.1320e-07   2.6280e+02
20200915_03:00:00   2.3760e-01   6.0664e+01   5.0263e+00   0.0000e+00   0.0000e+00   2.6284e+02
20200915_04:00:00   2.2047e-01   5.7128e+01   4.6618e+00   0.0000e+00   5.4780e-06   2.6279e+02
20200915_05:00:00   2.0966e-01   5.4863e+01   4.4205e+00   0.0000e+00   4.2920e-05   2.6285e+02
20200915_06:00:00   2.1133e-01   5.5231e+01   4.4328e+00   0.0000e+00   0.0000e+00   2.6288e+02
20200915_07:00:00   2.0237e-01   5.3303e+01   4.2375e+00   0.0000e+00   0.0000e+00   2.6368e+02
20200915_08:00:00   1.7413e-01   4.7179e+01   3.6320e+00   0.0000e+00   0.0000e+00   2.6381e+02
20200915_09:00:00   1.5957e-01   4.3912e+01   3.3291e+00   0.0000e+00   0.0000e+00   2.6342e+02
20200915_10:00:00   1.5370e-01   4.2559e+01   3.2050e+00   0.0000e+00   0.0000e+00   2.6341e+02
20200915_11:00:00   1.4794e-01   4.1226e+01   3.0871e+00   0.0000e+00   0.0000e+00   2.6319e+02
20200915_12:00:00   1.3713e-01   3.8729e+01   2.8589e+00   0.0000e+00   0.0000e+00   2.6253e+02
20200915_13:00:00   1.3423e-01   3.8057e+01   2.7918e+00   0.0000e+00   0.0000e+00   2.6242e+02
20200915_14:00:00   1.3852e-01   3.9050e+01   2.8781e+00   0.0000e+00   0.0000e+00   2.6283e+02
20200915_15:00:00   1.3301e-01   3.7774e+01   2.7607e+00   0.0000e+00   0.0000e+00   2.6364e+02
20200915_16:00:00   1.2500e-01   3.5908e+01   2.5943e+00   0.0000e+00   0.0000e+00   2.6423e+02
20200915_17:00:00   1.2406e-01   3.5687e+01   2.5771e+00   0.0000e+00   0.0000e+00   2.6443e+02
20200915_18:00:00   1.3573e-01   3.8410e+01   2.8313e+00   0.0000e+00   0.0000e+00   2.6440e+02
20200915_19:00:00   1.4962e-01   4.1579e+01   3.1494e+00   0.0000e+00   0.0000e+00   2.6437e+02
20200915_20:00:00   1.5367e-01   4.2507e+01   3.2544e+00   0.0000e+00   2.1040e-05   2.6435e+02
20200915_21:00:00   1.5043e-01   4.1764e+01   3.1978e+00   0.0000e+00   0.0000e+00   2.6450e+02
20200915_22:00:00   1.4375e-01   4.0250e+01   3.0516e+00   0.0000e+00   5.2960e-05   2.6365e+02
20200915_23:00:00   1.4295e-01   4.0094e+01   3.0288e+00   0.0000e+00   9.1320e-07   2.6322e+02
20200916_00:00:00   1.5380e-01   4.2538e+01   3.2762e+00   0.0000e+00   0.0000e+00   2.6384e+02
20200916_01:00:00   1.7417e-01   4.7037e+01   3.7349e+00   0.0000e+00   0.0000e+00   2.6425e+02
20200916_02:00:00   1.7524e-01   4.7258e+01   3.7507e+00   0.0000e+00   0.0000e+00   2.6363e+02
20200916_03:00:00   1.6505e-01   4.5035e+01   3.5204e+00   0.0000e+00   0.0000e+00   2.6308e+02
20200916_04:00:00   1.5008e-01   4.1716e+01   3.1843e+00   0.0000e+00   0.0000e+00   2.6251e+02
20200916_05:00:00   1.4243e-01   3.9977e+01   3.0147e+00   0.0000e+00   0.0000e+00   2.6162e+02
20200916_06:00:00   1.3734e-01   3.8782e+01   2.9057e+00   0.0000e+00   0.0000e+00   2.6112e+02
20200916_07:00:00   1.3627e-01   3.8510e+01   2.8828e+00   0.0000e+00   0.0000e+00   2.6140e+02
20200916_08:00:00   1.3432e-01   3.8027e+01   2.8462e+00   0.0000e+00   0.0000e+00   2.6219e+02
20200916_09:00:00   1.3414e-01   3.7941e+01   2.8560e+00   0.0000e+00   0.0000e+00   2.6276e+02
20200916_10:00:00   1.3526e-01   3.8148e+01   2.8915e+00   0.0000e+00   0.0000e+00   2.6309e+02
20200916_11:00:00   1.3741e-01   3.8593e+01   2.9540e+00   0.0000e+00   0.0000e+00   2.6338e+02
20200916_12:00:00   1.4058e-01   3.9260e+01   3.0398e+00   0.0000e+00   1.5292e-05   2.6328e+02
20200916_13:00:00   1.4553e-01   4.0333e+01   3.1654e+00   0.0000e+00   6.0742e-05   2.6297e+02
20200916_14:00:00   1.5051e-01   4.1419e+01   3.2883e+00   0.0000e+00   0.0000e+00   2.6250e+02
20200916_15:00:00   1.5316e-01   4.1987e+01   3.3600e+00   0.0000e+00   4.8940e-06   2.6212e+02
20200916_16:00:00   1.5623e-01   4.2666e+01   3.4337e+00   0.0000e+00   0.0000e+00   2.6252e+02
20200916_17:00:00   1.6767e-01   4.5234e+01   3.6812e+00   0.0000e+00   0.0000e+00   2.6318e+02
20200916_18:00:00   1.8773e-01   4.9621e+01   4.1385e+00   0.0000e+00   0.0000e+00   2.6359e+02
20200916_21:00:00   2.6229e-01   6.5109e+01   5.7827e+00   0.0000e+00   3.7687e-02   2.6234e+02
20200917_00:00:00   2.4837e-01   6.2363e+01   5.5194e+00   0.0000e+00   1.2329e-04   2.6062e+02
20200917_03:00:00   2.7677e-01   6.8016e+01   6.1654e+00   0.0000e+00   8.2643e-05   2.6254e+02
20200917_06:00:00   2.5746e-01   6.4209e+01   5.7233e+00   0.0000e+00   8.8560e-04   2.6400e+02
20200917_09:00:00   2.5650e-01   6.3947e+01   5.6959e+00   0.0000e+00   6.7461e-04   2.6322e+02
20200917_12:00:00   2.4362e-01   6.1316e+01   5.4111e+00   0.0000e+00   1.2650e-05   2.6222e+02
20200917_15:00:00   2.2659e-01   5.7921e+01   4.9949e+00   0.0000e+00   0.0000e+00   2.6257e+02
20200917_18:00:00   2.2212e-01   5.7215e+01   4.8009e+00   0.0000e+00   0.0000e+00   2.6244e+02
20200917_21:00:00   2.3649e-01   6.0407e+01   5.0856e+00   0.0000e+00   1.4697e-02   2.6106e+02
20200918_00:00:00   2.7960e-01   6.9037e+01   6.0137e+00   0.0000e+00   4.1851e-02   2.6151e+02
20200918_03:00:00   2.5511e-01   6.4290e+01   5.5161e+00   0.0000e+00   0.0000e+00   2.6034e+02
20200918_06:00:00   2.3170e-01   5.9579e+01   4.9673e+00   0.0000e+00   0.0000e+00   2.6005e+02
20200918_09:00:00   2.0436e-01   5.3815e+01   4.3659e+00   0.0000e+00   0.0000e+00   2.6057e+02
20200918_12:00:00   1.7592e-01   4.7580e+01   3.7476e+00   0.0000e+00   0.0000e+00   2.6134e+02
20200918_15:00:00   1.7312e-01   4.6922e+01   3.6906e+00   0.0000e+00   0.0000e+00   2.6106e+02
20200918_18:00:00   2.2799e-01   5.8710e+01   4.8940e+00   0.0000e+00   0.0000e+00   2.6040e+02
20200918_21:00:00   2.7906e-01   6.9168e+01   5.9585e+00   0.0000e+00   3.0022e-02   2.6008e+02
20200919_00:00:00   2.5140e-01   6.3652e+01   5.4622e+00   0.0000e+00   7.0560e-05   2.6260e+02
20200919_03:00:00   2.5587e-01   6.4645e+01   5.5768e+00   0.0000e+00   2.3480e-06   2.6225e+02
20200919_06:00:00   2.2407e-01   5.8150e+01   4.8643e+00   0.0000e+00   0.0000e+00   2.6492e+02
20200919_09:00:00   1.9945e-01   5.2912e+01   4.2964e+00   0.0000e+00   0.0000e+00   2.6482e+02
20200919_12:00:00   1.8228e-01   4.9112e+01   3.9185e+00   0.0000e+00   0.0000e+00   2.6509e+02
20200919_15:00:00   1.9079e-01   5.0887e+01   4.1169e+00   0.0000e+00   0.0000e+00   2.6478e+02
20200919_18:00:00   2.3019e-01   5.9312e+01   4.9644e+00   0.0000e+00   1.2046e-04   2.6500e+02
20200919_21:00:00   2.5555e-01   6.4492e+01   5.5885e+00   0.0000e+00   1.8979e-02   2.6306e+02
20200920_00:00:00   2.5411e-01   6.4330e+01   5.5879e+00   0.0000e+00   1.8150e-05   2.6740e+02
20200920_03:00:00   2.6912e-01   6.7373e+01   5.8837e+00   0.0000e+00   0.0000e+00   2.6970e+02
20200920_06:00:00   2.1519e-01   5.6308e+01   4.6930e+00   0.0000e+00   0.0000e+00   2.7286e+02
20200920_09:00:00   1.7305e-01   4.7007e+01   3.7862e+00   0.0000e+00   0.0000e+00   2.7363e+02
20200920_12:00:00   1.5530e-01   4.2786e+01   3.4571e+00   0.0000e+00   0.0000e+00   2.7264e+02
20200920_15:00:00   1.4756e-01   4.1129e+01   3.2246e+00   0.0000e+00   0.0000e+00   2.7375e+02
20200920_18:00:00   1.9626e-01   5.2046e+01   4.1227e+00   0.0000e+00   0.0000e+00   2.7135e+02
20200920_21:00:00   2.9665e-01   7.2659e+01   6.1274e+00   1.5980e-03   5.2326e-02   2.7166e+02
20200921_00:00:00   2.8753e-01   7.1003e+01   5.9701e+00   1.8782e-03   2.8223e-02   2.7236e+02
20200921_03:00:00   2.2945e-01   5.9174e+01   4.8659e+00   0.0000e+00   0.0000e+00   2.7436e+02
20200921_06:00:00   1.8271e-01   4.9133e+01   3.8717e+00   0.0000e+00   0.0000e+00   2.7294e+02
20200921_09:00:00   1.2169e-01   3.5150e+01   2.5928e+00   0.0000e+00   0.0000e+00   2.7239e+02
20200921_12:00:00   1.0369e-01   3.0713e+01   2.2263e+00   0.0000e+00   0.0000e+00   2.7192e+02
20200921_15:00:00   1.2342e-01   3.5393e+01   2.6449e+00   0.0000e+00   0.0000e+00   2.7117e+02
20200921_18:00:00   1.6279e-01   4.4489e+01   3.4552e+00   0.0000e+00   0.0000e+00   2.6900e+02
20200921_21:00:00   2.0518e-01   5.3838e+01   4.3163e+00   1.1106e-03   1.7638e-04   2.6792e+02
20200922_00:00:00   2.6443e-01   6.6244e+01   5.6417e+00   0.0000e+00   1.0654e-03   2.6736e+02
20200922_03:00:00   3.5941e-01   8.3520e+01   7.8347e+00   0.0000e+00   1.5468e-01   2.6735e+02
20200922_06:00:00   3.7191e-01   8.5721e+01   8.0884e+00   0.0000e+00   1.8565e-01   2.6609e+02
20200922_09:00:00   2.5372e-01   6.3792e+01   5.4426e+00   0.0000e+00   2.7364e-03   2.6543e+02
20200922_12:00:00   2.3323e-01   5.9206e+01   5.1263e+00   0.0000e+00   1.9010e-02   2.6875e+02
20200922_15:00:00   3.1547e-01   7.5009e+01   6.9370e+00   0.0000e+00   1.3904e-01   2.6771e+02
20200922_18:00:00   3.4355e-01   8.0669e+01   7.4114e+00   3.0580e-04   1.2369e-02   2.6858e+02
20200922_21:00:00   3.5725e-01   8.3524e+01   7.3360e+00   7.3759e-03   3.8896e-02   2.6650e+02
20200923_00:00:00   9.7845e-01   1.6778e+02   8.6086e+00   2.5949e-01   3.8973e-01   2.6581e+02
20200923_03:00:00   3.1140e-01   7.4771e+01   6.8678e+00   0.0000e+00   1.6281e-03   2.6623e+02
20200923_06:00:00   2.7979e-01   6.8713e+01   6.1227e+00   0.0000e+00   0.0000e+00   2.6392e+02
20200923_09:00:00   2.0664e-01   5.3880e+01   4.4651e+00   0.0000e+00   0.0000e+00   2.6483e+02
20200923_12:00:00   1.5183e-01   4.1350e+01   3.4381e+00   0.0000e+00   5.5241e-05   2.6483e+02
20200923_15:00:00   1.6134e-01   4.3842e+01   3.5128e+00   0.0000e+00   0.0000e+00   2.6753e+02
20200923_18:00:00   2.9778e-01   7.2332e+01   5.1157e+00   2.3940e-02   3.6553e-03   2.6869e+02
20200923_21:00:00   3.5083e-01   8.2316e+01   7.2814e+00   3.4244e-04   1.8970e-01   2.6758e+02
20200924_00:00:00   3.0671e-01   7.3945e+01   6.5720e+00   0.0000e+00   6.3964e-02   2.7132e+02
20200924_03:00:00   3.2123e-01   7.6560e+01   6.8058e+00   0.0000e+00   7.2874e-02   2.7269e+02
20200924_06:00:00   3.0699e-01   7.4093e+01   6.4446e+00   0.0000e+00   6.6662e-03   2.6998e+02
20200924_09:00:00   2.2681e-01   5.8317e+01   4.7735e+00   0.0000e+00   0.0000e+00   2.6544e+02
20200924_12:00:00   1.9560e-01   5.1558e+01   4.1906e+00   0.0000e+00   0.0000e+00   2.6342e+02
20200924_15:00:00   1.6165e-01   4.4130e+01   3.4574e+00   0.0000e+00   0.0000e+00   2.5977e+02
20200924_18:00:00   2.0525e-01   5.3858e+01   4.3350e+00   0.0000e+00   0.0000e+00   2.5834e+02
20200924_21:00:00   2.5611e-01   6.4589e+01   5.4637e+00   0.0000e+00   1.6674e-04   2.5628e+02
20200925_00:00:00   1.9939e-01   5.2847e+01   4.3606e+00   0.0000e+00   0.0000e+00   2.5449e+02
20200925_03:00:00   1.8816e-01   5.0480e+01   4.1043e+00   0.0000e+00   0.0000e+00   2.5290e+02
20200925_06:00:00   1.5854e-01   4.3881e+01   3.4354e+00   0.0000e+00   0.0000e+00   2.5370e+02
20200925_09:00:00   1.4323e-01   4.0322e+01   3.0953e+00   0.0000e+00   0.0000e+00   2.5542e+02
20200925_12:00:00   1.2610e-01   3.6247e+01   2.7550e+00   0.0000e+00   0.0000e+00   2.5343e+02
20200925_15:00:00   1.0978e-01   3.2270e+01   2.4335e+00   0.0000e+00   0.0000e+00   2.5695e+02
20200925_18:00:00   1.3056e-01   3.7257e+01   2.8897e+00   0.0000e+00   0.0000e+00   2.5712e+02
20200925_21:00:00   1.5615e-01   4.3401e+01   3.4084e+00   0.0000e+00   0.0000e+00   2.5544e+02
20200926_00:00:00   1.3126e-01   3.7593e+01   2.8847e+00   0.0000e+00   0.0000e+00   2.5749e+02
20200926_03:00:00   1.2166e-01   3.5284e+01   2.6697e+00   0.0000e+00   0.0000e+00   2.5528e+02
20200926_06:00:00   8.9378e-02   2.7448e+01   1.9380e+00   0.0000e+00   0.0000e+00   2.5409e+02
20200926_09:00:00   8.2072e-02   2.5616e+01   1.7658e+00   0.0000e+00   0.0000e+00   2.5624e+02
20200926_12:00:00   8.0443e-02   2.5175e+01   1.7268e+00   0.0000e+00   0.0000e+00   2.5821e+02
20200926_15:00:00   7.9657e-02   2.4941e+01   1.7091e+00   0.0000e+00   0.0000e+00   2.5635e+02
20200926_18:00:00   1.0008e-01   3.0013e+01   2.1653e+00   0.0000e+00   0.0000e+00   2.5540e+02
20200926_21:00:00   1.3774e-01   3.9041e+01   3.0152e+00   0.0000e+00   0.0000e+00   2.5567e+02
20200927_00:00:00   1.3278e-01   3.7848e+01   2.9186e+00   0.0000e+00   0.0000e+00   2.5840e+02
20200927_03:00:00   1.5152e-01   4.2140e+01   3.3420e+00   0.0000e+00   0.0000e+00   2.5884e+02
20200927_06:00:00   1.6168e-01   4.4467e+01   3.5451e+00   0.0000e+00   0.0000e+00   2.5929e+02
20200927_09:00:00   1.5434e-01   4.2782e+01   3.3546e+00   0.0000e+00   0.0000e+00   2.6206e+02
20200927_12:00:00   1.6536e-01   4.5279e+01   3.5298e+00   0.0000e+00   0.0000e+00   2.6255e+02
20200927_15:00:00   1.8373e-01   4.9313e+01   3.8766e+00   0.0000e+00   0.0000e+00   2.6502e+02
20200927_18:00:00   2.0059e-01   5.3009e+01   4.1772e+00   0.0000e+00   1.0377e-05   2.6547e+02
