#            date       tau255        Tb[K]      pwv[mm] lwp[kg*m^-2] iwp[kg*m^-2]       o3[DU]
20201229_18:00:00   1.0444e-01   3.0225e+01   1.4253e+00   4.9898e-03   2.6661e-03   2.9832e+02
20201229_19:00:00   8.7905e-02   2.6334e+01   1.2396e+00   2.1338e-03   8.5699e-04   2.9864e+02
20201229_20:00:00   7.2400e-02   2.2617e+01   1.0406e+00   4.6690e-05   1.0615e-04   2.9948e+02
20201229_21:00:00   5.7317e-02   1.8937e+01   7.5899e-01   1.2310e-04   5.3860e-05   3.0112e+02
20201229_22:00:00   5.4108e-02   1.8124e+01   7.0437e-01   1.4780e-04   3.1289e-05   3.0244e+02
20201229_23:00:00   5.1336e-02   1.7420e+01   6.6635e-01   6.0860e-05   1.2951e-04   3.0253e+02
20201230_00:00:00   4.2606e-02   1.5223e+01   5.0814e-01   0.0000e+00   5.6870e-06   3.0215e+02
20201230_01:00:00   4.1433e-02   1.4934e+01   4.8720e-01   0.0000e+00   7.4830e-06   3.0474e+02
20201230_02:00:00   4.0732e-02   1.4766e+01   4.7604e-01   0.0000e+00   7.4550e-06   3.0481e+02
20201230_03:00:00   3.9039e-02   1.4325e+01   4.4908e-01   0.0000e+00   0.0000e+00   3.0708e+02
20201230_04:00:00   4.1782e-02   1.4995e+01   5.1899e-01   0.0000e+00   0.0000e+00   3.0719e+02
20201230_05:00:00   4.6617e-02   1.6186e+01   6.3166e-01   0.0000e+00   0.0000e+00   3.0832e+02
20201230_06:00:00   5.2771e-02   1.7689e+01   7.7214e-01   0.0000e+00   0.0000e+00   3.1021e+02
20201230_07:00:00   5.9005e-02   1.9159e+01   9.2306e-01   0.0000e+00   0.0000e+00   3.1108e+02
20201230_08:00:00   7.3772e-02   2.2636e+01   1.2602e+00   0.0000e+00   2.1540e-06   3.1162e+02
20201230_09:00:00   9.0040e-02   2.6422e+01   1.6150e+00   0.0000e+00   6.5774e-04   3.1081e+02
20201230_10:00:00   1.0515e-01   2.9888e+01   1.9327e+00   0.0000e+00   6.5425e-04   3.0875e+02
20201230_11:00:00   1.2190e-01   3.3652e+01   2.2807e+00   0.0000e+00   4.7274e-04   3.0984e+02
20201230_12:00:00   1.2952e-01   3.5414e+01   2.4195e+00   0.0000e+00   1.1100e-03   3.1020e+02
20201230_13:00:00   1.2422e-01   3.4424e+01   2.2665e+00   0.0000e+00   0.0000e+00   3.1157e+02
20201230_14:00:00   1.2719e-01   3.5182e+01   2.3051e+00   0.0000e+00   0.0000e+00   3.1251e+02
20201230_15:00:00   1.3162e-01   3.6316e+01   2.3571e+00   0.0000e+00   1.1590e-07   3.1243e+02
20201230_16:00:00   1.3011e-01   3.6080e+01   2.2941e+00   0.0000e+00   0.0000e+00   3.1218e+02
20201230_17:00:00   1.2351e-01   3.4671e+01   2.1376e+00   0.0000e+00   0.0000e+00   3.1293e+02
20201230_18:00:00   1.1597e-01   3.3019e+01   1.9620e+00   0.0000e+00   0.0000e+00   3.1382e+02
20201230_19:00:00   1.0454e-01   3.0418e+01   1.7202e+00   0.0000e+00   0.0000e+00   3.1357e+02
20201230_20:00:00   1.0134e-01   2.9632e+01   1.6672e+00   0.0000e+00   0.0000e+00   3.1381e+02
20201230_21:00:00   9.5704e-02   2.8305e+01   1.5574e+00   0.0000e+00   0.0000e+00   3.1451e+02
20201230_22:00:00   9.1017e-02   2.7199e+01   1.4633e+00   0.0000e+00   0.0000e+00   3.1598e+02
20201230_23:00:00   8.1220e-02   2.4854e+01   1.2771e+00   0.0000e+00   0.0000e+00   3.1722e+02
20201231_00:00:00   7.5039e-02   2.3334e+01   1.1631e+00   0.0000e+00   0.0000e+00   3.1702e+02
20201231_01:00:00   7.1291e-02   2.2404e+01   1.0951e+00   0.0000e+00   0.0000e+00   3.1568e+02
20201231_02:00:00   7.0107e-02   2.2093e+01   1.0771e+00   0.0000e+00   0.0000e+00   3.1486e+02
20201231_03:00:00   6.9955e-02   2.2034e+01   1.0782e+00   0.0000e+00   0.0000e+00   3.1581e+02
20201231_04:00:00   7.1388e-02   2.2368e+01   1.1099e+00   0.0000e+00   0.0000e+00   3.1714e+02
20201231_05:00:00   7.4314e-02   2.3066e+01   1.1720e+00   0.0000e+00   0.0000e+00   3.1667e+02
20201231_06:00:00   7.5551e-02   2.3373e+01   1.1955e+00   0.0000e+00   0.0000e+00   3.1569e+02
20201231_07:00:00   8.0968e-02   2.4652e+01   1.3106e+00   0.0000e+00   0.0000e+00   3.1442e+02
20201231_08:00:00   8.9191e-02   2.6579e+01   1.4805e+00   0.0000e+00   0.0000e+00   3.1362e+02
20201231_09:00:00   9.3877e-02   2.7683e+01   1.5731e+00   0.0000e+00   0.0000e+00   3.1405e+02
20201231_10:00:00   9.7029e-02   2.8403e+01   1.6404e+00   0.0000e+00   0.0000e+00   3.1461e+02
20201231_11:00:00   1.0139e-01   2.9387e+01   1.7362e+00   0.0000e+00   0.0000e+00   3.1641e+02
20201231_12:00:00   1.0447e-01   3.0099e+01   1.7958e+00   0.0000e+00   0.0000e+00   3.1750e+02
20201231_13:00:00   1.0074e-01   2.9334e+01   1.6978e+00   0.0000e+00   0.0000e+00   3.1493e+02
20201231_14:00:00   1.0006e-01   2.9200e+01   1.6799e+00   0.0000e+00   0.0000e+00   3.1367e+02
20201231_15:00:00   1.0060e-01   2.9319e+01   1.6896e+00   0.0000e+00   0.0000e+00   3.1400e+02
20201231_16:00:00   1.0271e-01   2.9822e+01   1.7327e+00   0.0000e+00   0.0000e+00   3.1503e+02
20201231_17:00:00   9.8286e-02   2.8771e+01   1.6514e+00   0.0000e+00   0.0000e+00   3.1663e+02
20201231_18:00:00   9.2370e-02   2.7442e+01   1.5064e+00   5.2080e-05   6.0250e-06   3.1748e+02
20201231_19:00:00   9.3395e-02   2.7763e+01   1.3889e+00   2.5070e-03   8.9121e-05   3.1839e+02
20201231_20:00:00   1.3377e-01   3.7237e+01   1.4075e+00   1.9669e-02   1.3522e-03   3.1806e+02
20201231_21:00:00   1.3676e-01   3.7849e+01   1.4618e+00   1.9519e-02   4.7664e-03   3.1760e+02
20201231_22:00:00   3.7824e-01   8.6507e+01   1.6382e+00   1.2252e-01   1.9799e-02   3.1803e+02
20201231_23:00:00   3.9867e-01   8.9846e+01   1.8415e+00   1.2753e-01   2.6223e-02   3.1990e+02
20210101_00:00:00   7.7664e-01   1.4433e+02   1.9387e+00   2.9630e-01   9.4756e-02   3.1979e+02
20210101_01:00:00   3.3070e-01   7.7285e+01   1.9749e+00   9.3385e-02   9.6945e-02   3.2122e+02
20210101_02:00:00   1.2419e-01   3.4695e+01   1.5122e+00   1.2091e-02   5.1207e-03   3.2346e+02
20210101_03:00:00   1.3415e-01   3.6957e+01   1.1455e+00   2.6423e-02   3.3006e-03   3.2431e+02
20210101_04:00:00   1.2695e-01   3.5251e+01   1.2798e+00   1.9379e-02   1.0194e-02   3.2436e+02
20210101_05:00:00   1.5496e-01   4.1372e+01   1.4607e+00   2.7083e-02   3.8005e-02   3.2688e+02
20210101_06:00:00   1.5936e-01   4.2170e+01   1.5809e+00   2.6296e-02   1.8781e-02   3.3029e+02
20210101_07:00:00   2.9186e-01   6.9121e+01   1.6399e+00   8.7867e-02   1.9159e-02   3.3299e+02
20210101_08:00:00   1.0799e-01   3.0589e+01   1.5836e+00   1.2584e-03   1.3316e-02   3.3668e+02
20210101_09:00:00   9.0150e-02   2.6488e+01   1.3314e+00   5.4570e-05   2.6684e-04   3.3801e+02
20210101_10:00:00   8.7210e-02   2.5779e+01   1.2922e+00   1.5810e-06   8.2660e-07   3.3970e+02
20210101_11:00:00   8.2487e-02   2.4653e+01   1.2192e+00   2.0840e-05   2.2010e-06   3.4075e+02
20210101_12:00:00   8.0458e-02   2.4144e+01   1.1888e+00   3.8420e-05   8.3810e-06   3.4252e+02
20210101_13:00:00   7.6885e-02   2.3262e+01   1.1342e+00   0.0000e+00   7.9740e-07   3.4303e+02
20210101_14:00:00   8.5304e-02   2.5189e+01   1.2976e+00   1.0190e-05   4.6170e-07   3.4500e+02
20210101_15:00:00   9.3098e-02   2.6980e+01   1.4366e+00   6.4720e-05   2.9830e-06   3.4738e+02
20210101_16:00:00   9.4512e-02   2.7333e+01   1.4528e+00   7.1830e-05   1.2400e-06   3.5070e+02
20210101_17:00:00   9.5078e-02   2.7517e+01   1.4370e+00   2.0190e-04   4.1672e-05   3.5268e+02
20210101_18:00:00   7.7696e-02   2.3545e+01   1.0967e+00   1.3110e-04   3.7337e-05   3.5191e+02
20210101_19:00:00   6.6500e-02   2.0885e+01   8.8892e-01   3.1850e-04   4.7612e-05   3.4960e+02
20210101_20:00:00   6.8329e-02   2.1301e+01   9.1730e-01   7.2300e-04   1.0809e-04   3.4881e+02
20210101_21:00:00   6.8026e-02   2.1208e+01   9.0705e-01   1.0247e-03   1.1504e-04   3.4787e+02
20210101_22:00:00   6.7485e-02   2.1045e+01   9.2376e-01   4.3800e-04   1.6640e-04   3.4812e+02
20210101_23:00:00   6.7112e-02   2.0927e+01   9.3512e-01   4.0730e-05   2.3150e-05   3.4821e+02
20210102_00:00:00   6.9015e-02   2.1352e+01   9.7103e-01   0.0000e+00   1.2380e-07   3.4929e+02
20210102_01:00:00   7.5363e-02   2.2845e+01   1.0838e+00   0.0000e+00   0.0000e+00   3.5256e+02
20210102_02:00:00   8.0566e-02   2.4059e+01   1.1764e+00   0.0000e+00   0.0000e+00   3.5580e+02
20210102_03:00:00   9.1429e-02   2.6587e+01   1.3710e+00   0.0000e+00   0.0000e+00   3.5563e+02
20210102_04:00:00   9.7210e-02   2.7916e+01   1.4763e+00   0.0000e+00   0.0000e+00   3.5625e+02
20210102_05:00:00   1.0141e-01   2.8925e+01   1.5427e+00   0.0000e+00   0.0000e+00   3.5671e+02
20210102_06:00:00   9.8979e-02   2.8423e+01   1.4860e+00   0.0000e+00   1.5964e-06   3.5451e+02
20210102_07:00:00   8.6378e-02   2.5520e+01   1.2664e+00   0.0000e+00   0.0000e+00   3.5426e+02
20210102_08:00:00   7.2916e-02   2.2352e+01   1.0313e+00   0.0000e+00   0.0000e+00   3.5185e+02
20210102_09:00:00   6.1966e-02   1.9722e+01   8.3625e-01   0.0000e+00   0.0000e+00   3.4817e+02
20210102_10:00:00   6.1760e-02   1.9677e+01   8.3204e-01   0.0000e+00   0.0000e+00   3.4508e+02
20210102_11:00:00   6.5375e-02   2.0556e+01   8.9589e-01   0.0000e+00   0.0000e+00   3.4414e+02
20210102_12:00:00   6.8304e-02   2.1261e+01   9.4567e-01   0.0000e+00   0.0000e+00   3.4233e+02
20210102_13:00:00   7.0134e-02   2.1694e+01   9.7571e-01   0.0000e+00   6.7700e-07   3.4010e+02
20210102_14:00:00   6.5415e-02   2.0566e+01   8.9106e-01   1.6680e-06   1.7450e-06   3.3698e+02
20210102_15:00:00   5.7973e-02   1.8757e+01   7.6101e-01   0.0000e+00   2.9930e-07   3.3031e+02
20210102_16:00:00   5.3991e-02   1.7775e+01   6.9209e-01   0.0000e+00   0.0000e+00   3.2525e+02
20210102_17:00:00   5.3571e-02   1.7674e+01   6.8542e-01   0.0000e+00   0.0000e+00   3.2446e+02
20210102_18:00:00   5.1565e-02   1.7186e+01   6.4866e-01   0.0000e+00   0.0000e+00   3.2456e+02
20210102_19:00:00   4.9924e-02   1.6776e+01   6.1772e-01   0.0000e+00   0.0000e+00   3.2320e+02
20210102_20:00:00   4.8982e-02   1.6548e+01   5.9964e-01   0.0000e+00   0.0000e+00   3.2256e+02
20210102_21:00:00   4.9216e-02   1.6608e+01   6.0131e-01   0.0000e+00   0.0000e+00   3.2191e+02
20210102_22:00:00   5.1460e-02   1.7155e+01   6.4167e-01   0.0000e+00   0.0000e+00   3.2221e+02
20210102_23:00:00   5.4427e-02   1.7875e+01   6.9517e-01   0.0000e+00   0.0000e+00   3.2252e+02
20210103_00:00:00   5.7088e-02   1.8519e+01   7.4290e-01   0.0000e+00   0.0000e+00   3.2471e+02
20210103_01:00:00   5.8331e-02   1.8816e+01   7.6583e-01   0.0000e+00   0.0000e+00   3.2705e+02
20210103_02:00:00   5.8423e-02   1.8836e+01   7.6825e-01   0.0000e+00   0.0000e+00   3.2996e+02
20210103_03:00:00   5.6815e-02   1.8457e+01   7.3785e-01   0.0000e+00   0.0000e+00   3.2967e+02
20210103_04:00:00   5.5501e-02   1.8153e+01   7.1319e-01   0.0000e+00   0.0000e+00   3.2943e+02
20210103_05:00:00   5.6484e-02   1.8405e+01   7.3160e-01   0.0000e+00   0.0000e+00   3.3065e+02
20210103_06:00:00   6.0081e-02   1.9286e+01   7.9769e-01   0.0000e+00   0.0000e+00   3.3169e+02
20210103_07:00:00   6.4914e-02   2.0468e+01   8.8413e-01   0.0000e+00   0.0000e+00   3.3102e+02
20210103_08:00:00   6.9000e-02   2.1444e+01   9.5751e-01   0.0000e+00   0.0000e+00   3.3020e+02
20210103_09:00:00   7.1324e-02   2.1989e+01   1.0014e+00   0.0000e+00   0.0000e+00   3.2908e+02
20210103_10:00:00   7.2364e-02   2.2233e+01   1.0205e+00   0.0000e+00   0.0000e+00   3.2912e+02
20210103_11:00:00   7.3984e-02   2.2629e+01   1.0467e+00   0.0000e+00   0.0000e+00   3.2851e+02
20210103_12:00:00   7.4544e-02   2.2783e+01   1.0513e+00   0.0000e+00   0.0000e+00   3.2857e+02
20210103_13:00:00   7.0490e-02   2.1850e+01   9.7416e-01   0.0000e+00   0.0000e+00   3.3084e+02
20210103_14:00:00   6.1531e-02   1.9718e+01   8.1455e-01   0.0000e+00   0.0000e+00   3.3244e+02
20210103_15:00:00   5.5992e-02   1.8375e+01   7.2279e-01   0.0000e+00   0.0000e+00   3.3254e+02
20210103_16:00:00   5.7280e-02   1.8683e+01   7.5973e-01   0.0000e+00   0.0000e+00   3.3281e+02
20210103_17:00:00   5.9978e-02   1.9358e+01   8.1810e-01   0.0000e+00   0.0000e+00   3.3226e+02
20210103_18:00:00   6.1087e-02   1.9664e+01   8.4029e-01   0.0000e+00   0.0000e+00   3.2664e+02
20210103_21:00:00   5.3428e-02   1.7883e+01   6.9423e-01   0.0000e+00   0.0000e+00   3.2371e+02
20210104_00:00:00   4.3983e-02   1.5541e+01   5.2085e-01   0.0000e+00   0.0000e+00   3.1909e+02
20210104_03:00:00   3.1649e-02   1.2333e+01   2.9783e-01   0.0000e+00   0.0000e+00   3.1385e+02
20210104_06:00:00   3.9859e-02   1.4350e+01   5.0110e-01   0.0000e+00   0.0000e+00   3.1241e+02
20210104_09:00:00   5.3589e-02   1.7677e+01   8.2051e-01   0.0000e+00   5.5375e-03   3.1220e+02
20210104_12:00:00   9.7793e-02   2.7959e+01   1.8255e+00   0.0000e+00   4.2459e-03   3.2479e+02
20210104_15:00:00   1.1567e-01   3.2051e+01   2.2056e+00   0.0000e+00   1.3470e-02   3.2592e+02
20210104_18:00:00   1.6099e-01   4.1976e+01   3.1497e+00   0.0000e+00   4.6380e-02   3.2398e+02
20210104_21:00:00   1.8796e-01   4.7746e+01   3.6680e+00   0.0000e+00   1.0307e-01   3.2307e+02
20210105_00:00:00   2.6673e-01   6.4064e+01   5.1136e+00   0.0000e+00   7.9764e-02   3.2309e+02
20210105_03:00:00   3.4738e-01   7.9686e+01   6.4355e+00   0.0000e+00   2.6859e-01   3.2582e+02
20210105_06:00:00   3.5902e-01   8.2000e+01   6.7087e+00   0.0000e+00   9.5418e-02   3.3426e+02
20210105_09:00:00   3.6373e-01   8.2986e+01   6.7126e+00   0.0000e+00   2.1664e-01   3.4266e+02
20210105_12:00:00   3.8204e-01   8.6217e+01   6.9255e+00   1.6253e-04   5.4042e-01   3.5842e+02
20210105_15:00:00   3.8145e-01   8.6053e+01   6.8665e+00   7.7430e-05   6.7543e-01   3.5775e+02
20210105_18:00:00   3.6894e-01   8.3879e+01   6.7339e+00   0.0000e+00   4.0799e-01   3.5529e+02
20210105_21:00:00   3.3358e-01   7.7931e+01   5.6438e+00   8.6510e-03   2.0562e-01   3.6191e+02
20210106_00:00:00   1.3477e-01   3.6952e+01   2.3058e+00   2.5567e-03   1.2192e-02   3.5533e+02
20210106_03:00:00   1.1354e-01   3.1778e+01   2.0631e+00   0.0000e+00   4.6164e-02   3.5605e+02
20210106_06:00:00   1.6326e-01   4.2759e+01   3.0573e+00   3.0410e-06   5.3062e-02   3.5831e+02
20210106_09:00:00   1.7577e-01   4.5807e+01   2.8402e+00   8.8690e-03   3.0283e-02   3.5283e+02
20210106_12:00:00   2.4559e-01   6.0495e+01   3.4272e+00   2.5927e-02   2.4153e-02   3.5465e+02
20210106_15:00:00   2.0867e-01   5.3221e+01   2.9372e+00   1.7207e-02   3.3837e-02   3.5899e+02
20210106_18:00:00   1.1205e-01   3.1877e+01   1.8273e+00   7.3011e-04   2.6233e-05   3.5236e+02
20210106_21:00:00   7.9923e-02   2.4455e+01   1.2222e+00   0.0000e+00   0.0000e+00   3.5218e+02
20210107_00:00:00   6.4031e-02   2.0321e+01   1.0379e+00   0.0000e+00   3.1225e-04   3.4384e+02
20210107_03:00:00   1.0270e-01   2.9302e+01   1.9399e+00   0.0000e+00   5.5278e-03   3.4175e+02
20210107_06:00:00   2.4012e-01   5.9029e+01   4.6583e+00   0.0000e+00   3.0577e-02   3.4423e+02
20210107_09:00:00   2.7572e-01   6.6113e+01   5.3269e+00   0.0000e+00   3.0678e-02   3.2894e+02
20210107_12:00:00   3.7507e-01   8.4899e+01   6.7033e+00   8.5700e-03   1.1282e-01   3.2600e+02
20210107_15:00:00   5.7395e-01   1.1805e+02   7.8917e+00   6.4819e-02   2.5549e-01   3.1689e+02
20210107_18:00:00   1.1069e+00   1.8077e+02   8.8486e+00   2.6661e-01   5.2810e-01   3.0960e+02
20210107_21:00:00   2.6576e+00   2.5210e+02   9.8508e+00   8.9879e-01   5.4376e-01   3.0748e+02
20210108_00:00:00   2.7479e+00   2.5430e+02   1.0351e+01   9.2217e-01   6.2241e-01   2.9598e+02
20210108_03:00:00   2.8174e+00   2.5550e+02   9.4887e+00   9.7379e-01   8.0352e-02   2.9534e+02
20210108_06:00:00   2.2232e+00   2.4256e+02   8.1406e+00   7.5373e-01   1.4272e-02   2.8800e+02
20210108_09:00:00   1.6782e+00   2.2129e+02   9.1058e+00   5.0227e-01   1.4474e-02   2.8885e+02
20210108_12:00:00   2.7926e+00   2.5584e+02   9.6214e+00   9.5512e-01   4.1264e-02   2.7743e+02
20210108_15:00:00   2.8746e+00   2.5695e+02   1.0507e+01   9.7397e-01   1.5346e-01   2.7234e+02
20210108_18:00:00   2.7088e+00   2.5430e+02   1.0495e+01   8.9823e-01   5.6777e-01   2.6803e+02
20210108_21:00:00   1.0163e+00   1.7380e+02   6.7061e+00   2.7933e-01   3.5267e-03   2.6653e+02
20210109_00:00:00   1.4195e-01   3.9076e+01   2.3565e+00   8.8420e-03   5.6834e-05   2.6326e+02
20210109_03:00:00   7.8044e-02   2.3918e+01   1.4596e+00   0.0000e+00   3.6062e-04   2.5797e+02
20210109_06:00:00   9.4903e-02   2.7790e+01   1.8643e+00   0.0000e+00   1.9822e-03   2.5756e+02
20210109_09:00:00   1.1909e-01   3.3054e+01   2.4628e+00   0.0000e+00   5.5193e-03   2.5544e+02
20210109_12:00:00   1.4556e-01   3.8890e+01   3.0441e+00   0.0000e+00   1.0656e-02   2.5608e+02
20210109_15:00:00   1.5919e-01   4.1850e+01   3.3228e+00   0.0000e+00   2.8483e-02   2.5310e+02
20210109_18:00:00   2.4515e-01   5.9997e+01   4.9635e+00   0.0000e+00   2.0799e-01   2.5270e+02
20210109_21:00:00   2.8828e-01   6.8592e+01   5.6694e+00   0.0000e+00   3.8552e-01   2.5443e+02
20210110_00:00:00   2.7806e-01   6.6615e+01   5.5233e+00   4.3370e-05   1.6914e-01   2.5866e+02
20210110_03:00:00   2.3861e-01   5.8648e+01   4.7321e+00   0.0000e+00   1.1083e-01   2.6549e+02
20210110_06:00:00   2.0232e-01   5.1111e+01   3.9787e+00   0.0000e+00   6.6517e-02   2.7163e+02
20210110_09:00:00   1.8317e-01   4.7079e+01   3.0511e+00   1.0944e-02   9.0825e-02   2.7371e+02
20210110_12:00:00   1.0595e-01   2.9889e+01   1.9473e+00   1.2570e-04   3.6699e-02   2.7840e+02
20210110_15:00:00   1.0320e-01   3.0014e+01   1.1885e+00   1.1928e-02   1.2246e-04   2.8389e+02
20210110_18:00:00   9.5241e-02   2.8076e+01   1.1609e+00   9.0130e-03   8.5224e-05   2.8660e+02
20210110_21:00:00   7.9895e-02   2.4336e+01   1.0343e+00   5.2500e-03   3.6710e-05   2.9029e+02
20210111_00:00:00   5.5553e-02   1.8401e+01   7.4159e-01   4.7240e-04   4.4510e-06   2.9544e+02
20210111_03:00:00   5.3039e-02   1.7820e+01   6.9095e-01   0.0000e+00   0.0000e+00   2.9845e+02
20210111_06:00:00   4.6907e-02   1.6266e+01   5.6468e-01   0.0000e+00   0.0000e+00   2.9892e+02
20210111_09:00:00   4.0585e-02   1.4644e+01   4.3911e-01   3.2260e-05   2.5810e-07   3.0201e+02
20210111_12:00:00   3.7776e-02   1.3916e+01   3.8519e-01   3.3120e-05   1.5900e-06   3.0522e+02
20210111_15:00:00   4.4105e-02   1.5549e+01   4.9874e-01   1.2790e-04   3.2710e-05   3.0962e+02
20210111_18:00:00   4.4597e-02   1.5644e+01   5.2049e-01   0.0000e+00   8.0150e-07   3.1253e+02
20210111_21:00:00   4.2821e-02   1.5189e+01   4.8895e-01   0.0000e+00   0.0000e+00   3.1719e+02
20210112_00:00:00   4.3730e-02   1.5420e+01   5.1157e-01   0.0000e+00   0.0000e+00   3.1208e+02
20210112_03:00:00   4.4936e-02   1.5741e+01   5.3842e-01   0.0000e+00   0.0000e+00   3.1151e+02
20210112_06:00:00   4.3867e-02   1.5490e+01   5.1756e-01   0.0000e+00   0.0000e+00   3.1343e+02
20210112_09:00:00   4.1147e-02   1.4798e+01   4.6812e-01   0.0000e+00   0.0000e+00   3.1251e+02
20210112_12:00:00   4.2614e-02   1.5177e+01   5.0074e-01   0.0000e+00   0.0000e+00   3.0952e+02
20210112_15:00:00   4.3202e-02   1.5338e+01   5.1634e-01   0.0000e+00   0.0000e+00   2.9925e+02
20210112_18:00:00   4.6500e-02   1.6183e+01   5.8832e-01   0.0000e+00   0.0000e+00   2.9062e+02
20210112_21:00:00   4.7412e-02   1.6398e+01   6.1651e-01   0.0000e+00   0.0000e+00   2.8701e+02
20210113_00:00:00   5.3661e-02   1.7874e+01   7.8244e-01   0.0000e+00   0.0000e+00   2.8657e+02
20210113_03:00:00   6.3663e-02   2.0264e+01   1.0263e+00   0.0000e+00   0.0000e+00   2.9116e+02
20210113_06:00:00   5.8279e-02   1.8940e+01   9.1641e-01   0.0000e+00   0.0000e+00   3.0264e+02
20210113_09:00:00   5.3910e-02   1.7848e+01   8.1847e-01   0.0000e+00   0.0000e+00   3.0974e+02
20210113_12:00:00   5.0215e-02   1.6982e+01   7.1700e-01   0.0000e+00   0.0000e+00   3.1260e+02
20210113_15:00:00   4.9676e-02   1.6868e+01   6.8597e-01   0.0000e+00   0.0000e+00   3.2474e+02
20210113_18:00:00   4.4357e-02   1.5645e+01   5.2897e-01   0.0000e+00   0.0000e+00   3.3398e+02
20210113_21:00:00   3.9287e-02   1.4395e+01   4.0083e-01   0.0000e+00   0.0000e+00   3.4145e+02
20210114_00:00:00   4.6214e-02   1.6177e+01   5.1979e-01   0.0000e+00   4.6690e-06   3.4367e+02
20210114_03:00:00   4.5292e-02   1.5892e+01   5.1014e-01   0.0000e+00   0.0000e+00   3.4222e+02
20210114_06:00:00   4.4422e-02   1.5620e+01   5.0706e-01   0.0000e+00   0.0000e+00   3.5118e+02
20210114_09:00:00   4.3695e-02   1.5427e+01   5.0617e-01   0.0000e+00   0.0000e+00   3.3830e+02
20210114_12:00:00   4.9557e-02   1.6916e+01   6.3160e-01   0.0000e+00   0.0000e+00   3.2449e+02
20210114_15:00:00   6.0639e-02   1.9628e+01   8.7339e-01   0.0000e+00   0.0000e+00   3.2057e+02
20210114_18:00:00   6.9225e-02   2.1698e+01   1.0567e+00   0.0000e+00   0.0000e+00   3.2180e+02
