#            date       tau255        Tb[K]      pwv[mm] lwp[kg*m^-2] iwp[kg*m^-2]       o3[DU]
20200922_00:00:00   3.8112e-01   8.9481e+01   7.5582e+00   0.0000e+00   3.6337e-03   2.6493e+02
20200922_01:00:00   3.8200e-01   8.9635e+01   7.5407e+00   0.0000e+00   3.4901e-03   2.6582e+02
20200922_02:00:00   3.8602e-01   9.0340e+01   7.5809e+00   0.0000e+00   3.3494e-03   2.6733e+02
20200922_03:00:00   3.9184e-01   9.1228e+01   7.7255e+00   0.0000e+00   1.5430e-03   2.6950e+02
20200922_04:00:00   3.9524e-01   9.1554e+01   7.9043e+00   0.0000e+00   1.1567e-02   2.7100e+02
20200922_05:00:00   3.8110e-01   8.8832e+01   7.7144e+00   0.0000e+00   7.7537e-03   2.7228e+02
20200922_06:00:00   3.7467e-01   8.7470e+01   7.6399e+00   0.0000e+00   7.9733e-03   2.7346e+02
20200922_07:00:00   3.5618e-01   8.4000e+01   7.3154e+00   0.0000e+00   4.1985e-03   2.7466e+02
20200922_08:00:00   3.9164e-01   9.0112e+01   8.0801e+00   0.0000e+00   1.1489e-01   2.7464e+02
20200922_09:00:00   3.7790e-01   8.7671e+01   7.8517e+00   0.0000e+00   2.2167e-02   2.7535e+02
20200922_10:00:00   3.5649e-01   8.3854e+01   7.3938e+00   0.0000e+00   1.4590e-03   2.7535e+02
20200922_11:00:00   3.5277e-01   8.3340e+01   7.2784e+00   0.0000e+00   1.7373e-03   2.7488e+02
20200922_12:00:00   3.5475e-01   8.3745e+01   7.3148e+00   0.0000e+00   4.5594e-03   2.7334e+02
20200922_13:00:00   3.7589e-01   8.7685e+01   7.7110e+00   0.0000e+00   1.3830e-02   2.7242e+02
20200922_14:00:00   3.9417e-01   9.1100e+01   8.0211e+00   5.7600e-05   1.7328e-02   2.7397e+02
20200922_15:00:00   3.7968e-01   8.8627e+01   7.6840e+00   2.1820e-04   2.2702e-02   2.7684e+02
20200922_16:00:00   3.4540e-01   8.2405e+01   6.9916e+00   1.6060e-04   1.1083e-02   2.7954e+02
20200922_17:00:00   3.2504e-01   7.8483e+01   6.6126e+00   0.0000e+00   3.7967e-04   2.7967e+02
20200922_18:00:00   3.3005e-01   7.9183e+01   6.8267e+00   0.0000e+00   7.2218e-04   2.7803e+02
20200922_19:00:00   3.2374e-01   7.7934e+01   6.7178e+00   0.0000e+00   3.0895e-03   2.7852e+02
20200922_20:00:00   3.5446e-01   8.3627e+01   7.3943e+00   0.0000e+00   7.0535e-03   2.7833e+02
20200922_21:00:00   3.4823e-01   8.2669e+01   7.1681e+00   0.0000e+00   8.3923e-03   2.7869e+02
20200922_22:00:00   3.5857e-01   8.4351e+01   7.4569e+00   0.0000e+00   6.9356e-02   2.7975e+02
20200922_23:00:00   4.4886e-01   9.9961e+01   9.2875e+00   0.0000e+00   1.6687e-01   2.7847e+02
20200923_00:00:00   5.2888e-01   1.1296e+02   1.0783e+01   0.0000e+00   2.1001e-01   2.7882e+02
20200923_01:00:00   5.6219e-01   1.1824e+02   1.1314e+01   0.0000e+00   2.0026e-01   2.7937e+02
20200923_02:00:00   6.0521e-01   1.2475e+02   1.1955e+01   0.0000e+00   3.2615e-01   2.8226e+02
20200923_03:00:00   6.2087e-01   1.2714e+02   1.2146e+01   8.5850e-04   1.1850e-01   2.8496e+02
20200923_04:00:00   5.5128e-01   1.1674e+02   1.0914e+01   0.0000e+00   1.5909e-01   2.8503e+02
20200923_05:00:00   5.6428e-01   1.1894e+02   1.1052e+01   0.0000e+00   1.5497e-01   2.8542e+02
20200923_06:00:00   6.1781e-01   1.2662e+02   1.1964e+01   0.0000e+00   2.9120e-01   2.8442e+02
20200923_07:00:00   1.0493e+00   1.7768e+02   1.2679e+01   1.6175e-01   2.4101e-01   2.8364e+02
20200923_08:00:00   5.2551e-01   1.1352e+02   1.0033e+01   0.0000e+00   2.6486e-02   2.8329e+02
20200923_09:00:00   3.8158e-01   8.9610e+01   7.2669e+00   0.0000e+00   2.5698e-05   2.8184e+02
20200923_10:00:00   4.4583e-01   1.0083e+02   8.5132e+00   0.0000e+00   3.5584e-04   2.8003e+02
20200923_11:00:00   4.5427e-01   1.0232e+02   8.6564e+00   2.7580e-04   1.4982e-03   2.7993e+02
20200923_12:00:00   4.3855e-01   9.9873e+01   8.2613e+00   0.0000e+00   3.0838e-05   2.7853e+02
20200923_13:00:00   3.9489e-01   9.2378e+01   7.3949e+00   0.0000e+00   0.0000e+00   2.7642e+02
20200923_14:00:00   3.7744e-01   8.9201e+01   7.0986e+00   0.0000e+00   0.0000e+00   2.7543e+02
20200923_15:00:00   3.7346e-01   8.8368e+01   7.1648e+00   0.0000e+00   0.0000e+00   2.7570e+02
20200923_16:00:00   3.9395e-01   9.2027e+01   7.6734e+00   0.0000e+00   0.0000e+00   2.7767e+02
20200923_17:00:00   4.4160e-01   1.0031e+02   8.7028e+00   0.0000e+00   0.0000e+00   2.7863e+02
20200923_18:00:00   4.9412e-01   1.0912e+02   9.7409e+00   0.0000e+00   0.0000e+00   2.7837e+02
20200923_19:00:00   5.4215e-01   1.1669e+02   1.0707e+01   0.0000e+00   0.0000e+00   2.7704e+02
20200923_20:00:00   5.7840e-01   1.2214e+02   1.1433e+01   0.0000e+00   4.2920e-06   2.7503e+02
20200923_21:00:00   5.9946e-01   1.2518e+02   1.1852e+01   0.0000e+00   3.8805e-04   2.7273e+02
20200923_22:00:00   6.0981e-01   1.2663e+02   1.2077e+01   0.0000e+00   1.0203e-03   2.7129e+02
20200923_23:00:00   6.1273e-01   1.2697e+02   1.2161e+01   0.0000e+00   2.1100e-03   2.7109e+02
20200924_00:00:00   6.1453e-01   1.2721e+02   1.2245e+01   0.0000e+00   1.0112e-03   2.7149e+02
20200924_01:00:00   6.0298e-01   1.2555e+02   1.2096e+01   0.0000e+00   9.9794e-04   2.7254e+02
20200924_02:00:00   5.9828e-01   1.2486e+02   1.2024e+01   0.0000e+00   2.0801e-03   2.7116e+02
20200924_03:00:00   6.2001e-01   1.2802e+02   1.2496e+01   0.0000e+00   3.1496e-05   2.6981e+02
20200924_04:00:00   6.2547e-01   1.2882e+02   1.2599e+01   0.0000e+00   1.2318e-06   2.6982e+02
20200924_05:00:00   6.2865e-01   1.2926e+02   1.2642e+01   0.0000e+00   2.7074e-05   2.6902e+02
20200924_06:00:00   6.3166e-01   1.2975e+02   1.2667e+01   0.0000e+00   0.0000e+00   2.6812e+02
20200924_07:00:00   6.3281e-01   1.2997e+02   1.2619e+01   0.0000e+00   0.0000e+00   2.6896e+02
20200924_08:00:00   6.0639e-01   1.2617e+02   1.2177e+01   0.0000e+00   0.0000e+00   2.7109e+02
20200924_09:00:00   5.8349e-01   1.2267e+02   1.1863e+01   0.0000e+00   0.0000e+00   2.7172e+02
20200924_10:00:00   6.1437e-01   1.2726e+02   1.2380e+01   0.0000e+00   3.3713e-04   2.7116e+02
20200924_11:00:00   6.4609e-01   1.3182e+02   1.2952e+01   0.0000e+00   7.1410e-03   2.7131e+02
20200924_12:00:00   7.1552e-01   1.4121e+02   1.4200e+01   0.0000e+00   3.2529e-02   2.7128e+02
20200924_13:00:00   7.3253e-01   1.4344e+02   1.4420e+01   0.0000e+00   9.4191e-02   2.7024e+02
20200924_14:00:00   7.0055e-01   1.3931e+02   1.3879e+01   0.0000e+00   3.2241e-02   2.7048e+02
20200924_15:00:00   6.4389e-01   1.3177e+02   1.2724e+01   0.0000e+00   5.4793e-03   2.7142e+02
20200924_16:00:00   6.4995e-01   1.3252e+02   1.2844e+01   0.0000e+00   4.6426e-03   2.7185e+02
20200924_17:00:00   6.5933e-01   1.3368e+02   1.3043e+01   0.0000e+00   9.1953e-03   2.7327e+02
20200924_18:00:00   6.8634e-01   1.3718e+02   1.3551e+01   5.3900e-04   8.7621e-03   2.7402e+02
20200924_19:00:00   7.1040e-01   1.4028e+02   1.4006e+01   1.2926e-03   6.3783e-03   2.7500e+02
20200924_20:00:00   6.9182e-01   1.3793e+02   1.3662e+01   0.0000e+00   9.4709e-04   2.7609e+02
20200924_21:00:00   6.8410e-01   1.3700e+02   1.3492e+01   0.0000e+00   4.2683e-04   2.7612e+02
20200924_22:00:00   6.5814e-01   1.3348e+02   1.3065e+01   0.0000e+00   3.8271e-03   2.7755e+02
20200924_23:00:00   6.2820e-01   1.2939e+02   1.2504e+01   0.0000e+00   3.4340e-06   2.7954e+02
20200925_00:00:00   5.9841e-01   1.2516e+02   1.1916e+01   0.0000e+00   0.0000e+00   2.8013e+02
20200925_01:00:00   5.6226e-01   1.1972e+02   1.1250e+01   0.0000e+00   3.8522e-04   2.7922e+02
20200925_02:00:00   5.3631e-01   1.1591e+02   1.0705e+01   0.0000e+00   1.9742e-05   2.7729e+02
20200925_03:00:00   4.9017e-01   1.0881e+02   9.7098e+00   0.0000e+00   3.2120e-06   2.7639e+02
20200925_04:00:00   4.3643e-01   9.9806e+01   8.7062e+00   0.0000e+00   1.9274e-05   2.7479e+02
20200925_05:00:00   3.7188e-01   8.8231e+01   7.4975e+00   0.0000e+00   1.8769e-04   2.7406e+02
20200925_06:00:00   2.4366e-01   6.2594e+01   5.0778e+00   0.0000e+00   8.9679e-04   2.7271e+02
20200925_07:00:00   1.4634e-01   4.0564e+01   3.1594e+00   0.0000e+00   1.4812e-03   2.7186e+02
20200925_08:00:00   1.6153e-01   4.4031e+01   3.5144e+00   0.0000e+00   9.2249e-04   2.7165e+02
20200925_09:00:00   1.6171e-01   4.4250e+01   3.4857e+00   0.0000e+00   9.9820e-04   2.7255e+02
20200925_10:00:00   1.6684e-01   4.5688e+01   3.5379e+00   0.0000e+00   2.2500e-04   2.7222e+02
20200925_11:00:00   1.8483e-01   4.9856e+01   3.8953e+00   0.0000e+00   6.7120e-04   2.7192e+02
20200925_12:00:00   1.9134e-01   5.1353e+01   4.0486e+00   0.0000e+00   7.8740e-04   2.7081e+02
20200925_13:00:00   1.9712e-01   5.2560e+01   4.2107e+00   0.0000e+00   1.3996e-04   2.6961e+02
20200925_14:00:00   2.0249e-01   5.3651e+01   4.3699e+00   0.0000e+00   2.5894e-04   2.6888e+02
20200925_15:00:00   2.1433e-01   5.6194e+01   4.6508e+00   0.0000e+00   5.0864e-04   2.6847e+02
20200925_16:00:00   2.1126e-01   5.5590e+01   4.5694e+00   0.0000e+00   8.6472e-04   2.6935e+02
20200925_17:00:00   2.1007e-01   5.5257e+01   4.5609e+00   0.0000e+00   4.9820e-04   2.6952e+02
20200925_18:00:00   2.1052e-01   5.5308e+01   4.5839e+00   0.0000e+00   1.2865e-03   2.7122e+02
20200925_19:00:00   2.0481e-01   5.4087e+01   4.4485e+00   0.0000e+00   1.1901e-03   2.7148e+02
20200925_20:00:00   2.0526e-01   5.4265e+01   4.4312e+00   0.0000e+00   2.1456e-03   2.7289e+02
20200925_21:00:00   2.0776e-01   5.4857e+01   4.4770e+00   0.0000e+00   1.4953e-03   2.7410e+02
20200925_22:00:00   2.0464e-01   5.4217e+01   4.3914e+00   0.0000e+00   1.2594e-03   2.7407e+02
20200925_23:00:00   2.0503e-01   5.4262e+01   4.4055e+00   0.0000e+00   1.1923e-03   2.7265e+02
20200926_00:00:00   2.0810e-01   5.4863e+01   4.4856e+00   0.0000e+00   9.7147e-04   2.7309e+02
20200926_01:00:00   2.1605e-01   5.6511e+01   4.6847e+00   0.0000e+00   2.2262e-03   2.7282e+02
20200926_02:00:00   2.2903e-01   5.9221e+01   4.9911e+00   0.0000e+00   1.1208e-03   2.7124e+02
20200926_03:00:00   2.3551e-01   6.0581e+01   5.1455e+00   0.0000e+00   4.3774e-04   2.7259e+02
20200926_04:00:00   2.4382e-01   6.2219e+01   5.3582e+00   0.0000e+00   1.9929e-03   2.7341e+02
20200926_05:00:00   2.5133e-01   6.3800e+01   5.5115e+00   0.0000e+00   1.2572e-03   2.7220e+02
20200926_06:00:00   2.5437e-01   6.4440e+01   5.5670e+00   0.0000e+00   8.9870e-04   2.7211e+02
20200926_07:00:00   2.6679e-01   6.6937e+01   5.8534e+00   0.0000e+00   1.7586e-03   2.7199e+02
20200926_08:00:00   2.8375e-01   7.0332e+01   6.2222e+00   0.0000e+00   7.4751e-04   2.7327e+02
20200926_09:00:00   2.9154e-01   7.1950e+01   6.3587e+00   0.0000e+00   1.2784e-04   2.7348e+02
20200926_10:00:00   2.9511e-01   7.2772e+01   6.3933e+00   0.0000e+00   2.8905e-05   2.7312e+02
20200926_11:00:00   3.0428e-01   7.4686e+01   6.5440e+00   0.0000e+00   0.0000e+00   2.7184e+02
20200926_12:00:00   3.1410e-01   7.6724e+01   6.6992e+00   0.0000e+00   0.0000e+00   2.7136e+02
20200926_13:00:00   3.3084e-01   8.0048e+01   7.0035e+00   0.0000e+00   0.0000e+00   2.7148e+02
20200926_14:00:00   3.4531e-01   8.2841e+01   7.2713e+00   0.0000e+00   0.0000e+00   2.7138e+02
20200926_15:00:00   3.5243e-01   8.4194e+01   7.4171e+00   0.0000e+00   8.3620e-06   2.7050e+02
20200926_16:00:00   3.5638e-01   8.4913e+01   7.5088e+00   0.0000e+00   2.6820e-05   2.7037e+02
20200926_17:00:00   3.5965e-01   8.5547e+01   7.5353e+00   0.0000e+00   4.6467e-04   2.7119e+02
20200926_18:00:00   3.6757e-01   8.6949e+01   7.6968e+00   0.0000e+00   1.8014e-03   2.6987e+02
20200926_19:00:00   3.8213e-01   8.9418e+01   8.0794e+00   0.0000e+00   4.1033e-03   2.7008e+02
20200926_20:00:00   3.9065e-01   9.0856e+01   8.2825e+00   0.0000e+00   7.4095e-03   2.6799e+02
20200926_21:00:00   3.9858e-01   9.2251e+01   8.4305e+00   0.0000e+00   6.8519e-03   2.6560e+02
20200926_22:00:00   3.9995e-01   9.2570e+01   8.4148e+00   0.0000e+00   2.9328e-03   2.6665e+02
20200926_23:00:00   4.1145e-01   9.4681e+01   8.6403e+00   0.0000e+00   2.0266e-03   2.6761e+02
20200927_00:00:00   4.1282e-01   9.5088e+01   8.6137e+00   0.0000e+00   4.2838e-05   2.6730e+02
20200927_03:00:00   3.8266e-01   8.9918e+01   7.9002e+00   0.0000e+00   0.0000e+00   2.6379e+02
20200927_06:00:00   3.3014e-01   8.0160e+01   6.7796e+00   0.0000e+00   0.0000e+00   2.6537e+02
20200927_09:00:00   2.7897e-01   6.9958e+01   5.7873e+00   0.0000e+00   0.0000e+00   2.6439e+02
20200927_12:00:00   3.3603e-01   8.1228e+01   6.9211e+00   0.0000e+00   0.0000e+00   2.6331e+02
20200927_15:00:00   3.6615e-01   8.6895e+01   7.4850e+00   0.0000e+00   0.0000e+00   2.6182e+02
20200927_18:00:00   3.0430e-01   7.4889e+01   6.3750e+00   0.0000e+00   0.0000e+00   2.6383e+02
20200927_21:00:00   2.3723e-01   6.1046e+01   5.0858e+00   0.0000e+00   0.0000e+00   2.6739e+02
20200928_00:00:00   2.2282e-01   5.8115e+01   4.7404e+00   0.0000e+00   2.3162e-04   2.6849e+02
20200928_03:00:00   2.2101e-01   5.7811e+01   4.6609e+00   0.0000e+00   0.0000e+00   2.6923e+02
20200928_06:00:00   2.1059e-01   5.5488e+01   4.4790e+00   0.0000e+00   0.0000e+00   2.6897e+02
20200928_09:00:00   2.1276e-01   5.5894e+01   4.5707e+00   0.0000e+00   8.2221e-04   2.7070e+02
20200928_12:00:00   2.3390e-01   6.0322e+01   5.0650e+00   0.0000e+00   4.7685e-04   2.7000e+02
20200928_15:00:00   2.5634e-01   6.4949e+01   5.5607e+00   0.0000e+00   1.7779e-03   2.6652e+02
20200928_18:00:00   2.7079e-01   6.7737e+01   5.9175e+00   0.0000e+00   8.8818e-03   2.6752e+02
20200928_21:00:00   3.0425e-01   7.4133e+01   6.6659e+00   0.0000e+00   4.4938e-02   2.6755e+02
20200929_00:00:00   4.0945e-01   9.3183e+01   8.8597e+00   0.0000e+00   2.7055e-02   2.6827e+02
20200929_03:00:00   3.5423e-01   8.3019e+01   7.5591e+00   0.0000e+00   1.1793e-01   2.6963e+02
20200929_06:00:00   3.1934e-01   7.7000e+01   6.6841e+00   0.0000e+00   2.2741e-04   2.7574e+02
20200929_09:00:00   3.2602e-01   7.8434e+01   6.7519e+00   0.0000e+00   0.0000e+00   2.7670e+02
20200929_12:00:00   3.6743e-01   8.6371e+01   7.5504e+00   0.0000e+00   4.9099e-04   2.7559e+02
20200929_15:00:00   4.8338e-01   1.0699e+02   9.6407e+00   0.0000e+00   2.3344e-03   2.7263e+02
20200929_18:00:00   5.6622e-01   1.1983e+02   1.1144e+01   1.6060e-04   5.4648e-03   2.7283e+02
20200929_21:00:00   6.1817e-01   1.2709e+02   1.1681e+01   1.1514e-02   4.8720e-02   2.7554e+02
20200930_00:00:00   6.2264e-01   1.2768e+02   1.1506e+01   1.0946e-02   1.1968e-01   2.8094e+02
20200930_03:00:00   4.6991e-01   1.0411e+02   9.1171e+00   0.0000e+00   1.3184e-03   2.8677e+02
20200930_06:00:00   3.6533e-01   8.5699e+01   7.1189e+00   0.0000e+00   0.0000e+00   2.9052e+02
20200930_09:00:00   3.0031e-01   7.3154e+01   5.9160e+00   0.0000e+00   0.0000e+00   2.9327e+02
20200930_12:00:00   3.3964e-01   8.0781e+01   5.8467e+00   1.7176e-02   1.2482e-03   2.9552e+02
20200930_15:00:00   4.1658e-01   9.4660e+01   6.4364e+00   3.6493e-02   4.6701e-02   2.9737e+02
20200930_18:00:00   3.5149e-01   8.3423e+01   5.8479e+00   1.4562e-02   1.0632e-04   3.0474e+02
20200930_21:00:00   2.5004e-01   6.3232e+01   4.7349e+00   0.0000e+00   0.0000e+00   3.0935e+02
20201001_00:00:00   1.9024e-01   5.0630e+01   3.5676e+00   0.0000e+00   0.0000e+00   3.1017e+02
20201001_03:00:00   1.8817e-01   5.0172e+01   3.5617e+00   0.0000e+00   0.0000e+00   3.0191e+02
20201001_06:00:00   2.6718e-01   6.6871e+01   5.0814e+00   0.0000e+00   0.0000e+00   3.0131e+02
20201001_09:00:00   2.4610e-01   6.2745e+01   4.6269e+00   0.0000e+00   0.0000e+00   3.0233e+02
20201001_12:00:00   3.0142e-01   7.4226e+01   4.7377e+00   1.9271e-02   5.0955e-05   2.9252e+02
20201001_15:00:00   5.4190e-01   1.1697e+02   5.5378e+00   9.6880e-02   7.9690e-05   2.8537e+02
20201001_18:00:00   2.8240e-01   7.0608e+01   4.7862e+00   9.3069e-03   0.0000e+00   2.8950e+02
20201001_21:00:00   2.0011e-01   5.3290e+01   3.7596e+00   0.0000e+00   0.0000e+00   2.8786e+02
20201002_00:00:00   1.8906e-01   5.0762e+01   3.6025e+00   0.0000e+00   0.0000e+00   2.8899e+02
20201002_03:00:00   1.5995e-01   4.4140e+01   3.0984e+00   0.0000e+00   0.0000e+00   2.9203e+02
20201002_06:00:00   1.8562e-01   5.0024e+01   3.6452e+00   0.0000e+00   0.0000e+00   2.8980e+02
20201002_09:00:00   2.2095e-01   5.7515e+01   4.4871e+00   0.0000e+00   0.0000e+00   2.8282e+02
20201002_12:00:00   2.9223e-01   7.2046e+01   6.1210e+00   0.0000e+00   1.7401e-03   2.7870e+02
20201002_15:00:00   3.4882e-01   8.3414e+01   7.1581e+00   0.0000e+00   0.0000e+00   2.7355e+02
20201002_18:00:00   3.9742e-01   9.2490e+01   8.1933e+00   0.0000e+00   1.0115e-04   2.6994e+02
20201002_21:00:00   3.7279e-01   8.8152e+01   7.7615e+00   0.0000e+00   3.2787e-03   2.6286e+02
20201003_00:00:00   4.2429e-01   9.6824e+01   9.1771e+00   0.0000e+00   8.2930e-03   2.6257e+02
20201003_03:00:00   5.6842e-01   1.2044e+02   1.2015e+01   0.0000e+00   7.4630e-03   2.5854e+02
20201003_06:00:00   6.4017e-01   1.3149e+02   1.3206e+01   0.0000e+00   4.6254e-03   2.5321e+02
20201003_09:00:00   5.7971e-01   1.2318e+02   1.1890e+01   0.0000e+00   2.9322e-03   2.4919e+02
20201003_12:00:00   5.0333e-01   1.1176e+02   1.0093e+01   0.0000e+00   6.7850e-04   2.4834e+02
20201003_15:00:00   5.2227e-01   1.1497e+02   1.0285e+01   0.0000e+00   5.8660e-05   2.4915e+02
20201003_18:00:00   4.9151e-01   1.1020e+02   9.5639e+00   0.0000e+00   0.0000e+00   2.5007e+02
20201003_21:00:00   4.3866e-01   1.0153e+02   8.4737e+00   0.0000e+00   0.0000e+00   2.5211e+02
20201004_00:00:00   4.0893e-01   9.6233e+01   7.9304e+00   0.0000e+00   0.0000e+00   2.5235e+02
20201004_03:00:00   4.1888e-01   9.7858e+01   8.2073e+00   0.0000e+00   0.0000e+00   2.4926e+02
20201004_06:00:00   4.1157e-01   9.6571e+01   8.0498e+00   0.0000e+00   1.5398e-06   2.5016e+02
20201004_09:00:00   3.2823e-01   8.1197e+01   6.2951e+00   0.0000e+00   1.4618e-05   2.5393e+02
20201004_12:00:00   2.7987e-01   7.1509e+01   5.3201e+00   0.0000e+00   0.0000e+00   2.5016e+02
20201004_15:00:00   2.6349e-01   6.8017e+01   4.9733e+00   0.0000e+00   0.0000e+00   2.5009e+02
20201004_18:00:00   2.2239e-01   5.9096e+01   4.3279e+00   0.0000e+00   0.0000e+00   2.5122e+02
20201004_21:00:00   1.6947e-01   4.7231e+01   3.3132e+00   0.0000e+00   0.0000e+00   2.5268e+02
20201005_00:00:00   1.7462e-01   4.8425e+01   3.3782e+00   0.0000e+00   0.0000e+00   2.5044e+02
20201005_03:00:00   1.7312e-01   4.8096e+01   3.2987e+00   0.0000e+00   0.0000e+00   2.5157e+02
20201005_06:00:00   1.3761e-01   3.9754e+01   2.6219e+00   0.0000e+00   0.0000e+00   2.5173e+02
20201005_09:00:00   1.2821e-01   3.7371e+01   2.4797e+00   0.0000e+00   0.0000e+00   2.5325e+02
20201005_12:00:00   1.7031e-01   4.7233e+01   3.3000e+00   0.0000e+00   0.0000e+00   2.5621e+02
20201005_15:00:00   2.5439e-01   6.5747e+01   4.7346e+00   3.3664e-03   0.0000e+00   2.5729e+02
20201005_18:00:00   2.2880e-01   6.0060e+01   4.5574e+00   0.0000e+00   0.0000e+00   2.5992e+02
20201005_21:00:00   2.0977e-01   5.5774e+01   4.2773e+00   0.0000e+00   0.0000e+00   2.6160e+02
20201006_00:00:00   1.9507e-01   5.2320e+01   4.0556e+00   0.0000e+00   0.0000e+00   2.6161e+02
20201006_03:00:00   2.0578e-01   5.4708e+01   4.2236e+00   0.0000e+00   2.3040e-06   2.6056e+02
20201006_06:00:00   2.1318e-01   5.6334e+01   4.3423e+00   0.0000e+00   0.0000e+00   2.6119e+02
20201006_09:00:00   2.2968e-01   5.9855e+01   4.6796e+00   0.0000e+00   4.5749e-04   2.6490e+02
20201006_12:00:00   2.6856e-01   6.8160e+01   5.3649e+00   0.0000e+00   5.7542e-04   2.6754e+02
20201006_15:00:00   3.2086e-01   7.8898e+01   6.0020e+00   4.3381e-03   9.4338e-06   2.6638e+02
20201006_18:00:00   2.9373e-01   7.3450e+01   5.7176e+00   0.0000e+00   0.0000e+00   2.6930e+02
20201006_21:00:00   2.8873e-01   7.2348e+01   5.6462e+00   0.0000e+00   0.0000e+00   2.7244e+02
20201007_00:00:00   3.1007e-01   7.6395e+01   6.1125e+00   0.0000e+00   2.8634e-04   2.7070e+02
20201007_03:00:00   3.6224e-01   8.5971e+01   7.2018e+00   0.0000e+00   7.0185e-03   2.7338e+02
20201007_06:00:00   3.7735e-01   8.8700e+01   7.4545e+00   0.0000e+00   6.4854e-03   2.7633e+02
20201007_09:00:00   3.9725e-01   9.2065e+01   7.8703e+00   0.0000e+00   1.3858e-02   2.8399e+02
20201007_12:00:00   4.0815e-01   9.4162e+01   7.9865e+00   0.0000e+00   6.2678e-04   2.8765e+02
20201007_15:00:00   4.5295e-01   1.0204e+02   8.7148e+00   1.2973e-03   2.4893e-03   2.9065e+02
20201007_18:00:00   4.4440e-01   1.0050e+02   8.5906e+00   0.0000e+00   8.8774e-04   2.8961e+02
20201007_21:00:00   4.1719e-01   9.5519e+01   8.1913e+00   0.0000e+00   1.2355e-03   2.9116e+02
20201008_00:00:00   4.3271e-01   9.8037e+01   8.5057e+00   0.0000e+00   1.5290e-03   2.8943e+02
