#            date       tau255        Tb[K]      pwv[mm] lwp[kg*m^-2] iwp[kg*m^-2]       o3[DU]
20210719_12:00:00   3.9121e-01   9.3642e+01   7.3181e+00   1.9745e-03   7.7100e-06   3.0471e+02
20210719_13:00:00   4.3911e-01   1.0230e+02   8.1501e+00   3.0340e-03   5.1400e-06   3.0279e+02
20210719_14:00:00   4.7862e-01   1.0913e+02   8.7766e+00   5.1042e-03   3.4920e-06   3.0121e+02
20210719_15:00:00   4.6724e-01   1.0728e+02   8.7903e+00   0.0000e+00   2.5700e-06   3.0050e+02
20210719_16:00:00   4.6196e-01   1.0646e+02   8.6749e+00   2.7860e-05   0.0000e+00   2.9970e+02
20210719_17:00:00   4.4987e-01   1.0442e+02   8.3916e+00   4.0703e-05   0.0000e+00   3.0061e+02
20210719_18:00:00   4.1978e-01   9.9065e+01   7.8126e+00   6.4240e-06   0.0000e+00   3.0039e+02
20210719_19:00:00   3.5093e-01   8.6248e+01   6.6211e+00   0.0000e+00   0.0000e+00   2.9955e+02
20210719_20:00:00   2.9868e-01   7.5807e+01   5.7411e+00   0.0000e+00   0.0000e+00   2.9833e+02
20210719_21:00:00   2.8546e-01   7.3062e+01   5.5386e+00   0.0000e+00   0.0000e+00   3.0117e+02
20210719_22:00:00   2.8534e-01   7.3026e+01   5.5399e+00   0.0000e+00   0.0000e+00   3.0174e+02
20210719_23:00:00   3.0298e-01   7.6577e+01   5.8563e+00   0.0000e+00   0.0000e+00   3.0330e+02
20210720_00:00:00   3.1525e-01   7.9027e+01   6.0463e+00   0.0000e+00   0.0000e+00   3.0355e+02
20210720_01:00:00   3.1167e-01   7.8256e+01   5.9706e+00   0.0000e+00   0.0000e+00   3.0274e+02
20210720_02:00:00   3.0008e-01   7.5834e+01   5.7690e+00   0.0000e+00   0.0000e+00   3.0199e+02
20210720_03:00:00   2.8117e-01   7.1903e+01   5.4198e+00   0.0000e+00   0.0000e+00   3.0207e+02
20210720_04:00:00   2.4948e-01   6.5206e+01   4.8350e+00   0.0000e+00   0.0000e+00   3.0200e+02
20210720_05:00:00   2.0826e-01   5.6213e+01   4.0580e+00   0.0000e+00   0.0000e+00   3.0127e+02
20210720_06:00:00   1.8122e-01   5.0043e+01   3.5401e+00   0.0000e+00   0.0000e+00   3.0116e+02
20210720_07:00:00   1.6105e-01   4.5336e+01   3.1506e+00   0.0000e+00   0.0000e+00   3.0373e+02
20210720_08:00:00   1.3724e-01   3.9668e+01   2.6884e+00   0.0000e+00   0.0000e+00   3.0663e+02
20210720_09:00:00   1.3126e-01   3.8203e+01   2.5804e+00   0.0000e+00   0.0000e+00   3.0666e+02
20210720_10:00:00   1.4585e-01   4.1669e+01   2.8966e+00   0.0000e+00   0.0000e+00   3.0494e+02
20210720_11:00:00   1.7473e-01   4.8431e+01   3.4901e+00   0.0000e+00   0.0000e+00   3.0433e+02
20210720_12:00:00   2.0071e-01   5.4206e+01   4.0870e+00   0.0000e+00   0.0000e+00   3.0451e+02
20210720_13:00:00   2.3173e-01   6.1061e+01   4.7352e+00   0.0000e+00   0.0000e+00   3.0591e+02
20210720_14:00:00   2.7491e-01   7.0333e+01   5.5709e+00   0.0000e+00   0.0000e+00   3.0307e+02
20210720_15:00:00   2.9130e-01   7.3860e+01   5.8513e+00   0.0000e+00   0.0000e+00   3.0269e+02
20210720_16:00:00   2.8974e-01   7.3594e+01   5.8129e+00   0.0000e+00   0.0000e+00   3.0207e+02
20210720_17:00:00   2.9658e-01   7.4939e+01   5.9632e+00   0.0000e+00   0.0000e+00   3.0231e+02
20210720_18:00:00   2.7586e-01   7.0669e+01   5.5905e+00   0.0000e+00   0.0000e+00   3.0392e+02
20210720_19:00:00   2.6637e-01   6.8724e+01   5.3913e+00   0.0000e+00   0.0000e+00   3.0379e+02
20210720_20:00:00   2.5763e-01   6.6852e+01   5.2264e+00   0.0000e+00   0.0000e+00   3.0289e+02
20210720_21:00:00   2.3582e-01   6.2173e+01   4.8058e+00   0.0000e+00   0.0000e+00   3.0529e+02
20210720_22:00:00   2.0845e-01   5.6076e+01   4.2998e+00   0.0000e+00   0.0000e+00   3.0434e+02
20210720_23:00:00   1.8268e-01   5.0176e+01   3.8173e+00   0.0000e+00   0.0000e+00   3.0392e+02
20210721_00:00:00   1.6435e-01   4.5858e+01   3.4648e+00   0.0000e+00   0.0000e+00   3.0173e+02
20210721_01:00:00   1.5700e-01   4.4122e+01   3.3072e+00   0.0000e+00   0.0000e+00   2.9824e+02
20210721_02:00:00   1.4518e-01   4.1362e+01   3.0365e+00   0.0000e+00   0.0000e+00   2.9848e+02
20210721_03:00:00   1.3468e-01   3.8701e+01   2.8480e+00   0.0000e+00   0.0000e+00   3.0351e+02
20210721_04:00:00   1.3115e-01   3.7624e+01   2.8315e+00   0.0000e+00   0.0000e+00   3.0543e+02
20210721_05:00:00   1.2361e-01   3.5749e+01   2.6790e+00   0.0000e+00   0.0000e+00   3.0539e+02
20210721_06:00:00   1.2105e-01   3.5072e+01   2.6362e+00   0.0000e+00   0.0000e+00   3.0613e+02
20210721_07:00:00   1.1936e-01   3.4679e+01   2.5959e+00   0.0000e+00   0.0000e+00   3.0676e+02
20210721_08:00:00   1.1756e-01   3.4267e+01   2.5506e+00   0.0000e+00   0.0000e+00   3.0774e+02
20210721_09:00:00   1.1585e-01   3.3930e+01   2.4982e+00   0.0000e+00   0.0000e+00   3.0814e+02
20210721_10:00:00   1.1711e-01   3.4408e+01   2.4865e+00   0.0000e+00   0.0000e+00   3.0818e+02
20210721_11:00:00   1.2492e-01   3.6412e+01   2.6396e+00   0.0000e+00   0.0000e+00   3.0659e+02
20210721_12:00:00   1.3527e-01   3.8984e+01   2.8563e+00   0.0000e+00   0.0000e+00   3.0432e+02
20210721_13:00:00   1.4884e-01   4.2350e+01   3.1332e+00   0.0000e+00   0.0000e+00   3.0309e+02
20210721_14:00:00   1.5571e-01   4.4124e+01   3.2525e+00   0.0000e+00   0.0000e+00   3.0286e+02
20210721_15:00:00   1.5934e-01   4.5085e+01   3.3126e+00   0.0000e+00   0.0000e+00   3.0256e+02
20210721_16:00:00   1.5712e-01   4.4582e+01   3.2674e+00   0.0000e+00   0.0000e+00   3.0282e+02
20210721_17:00:00   1.5184e-01   4.3296e+01   3.1624e+00   0.0000e+00   0.0000e+00   3.0161e+02
20210721_18:00:00   1.4668e-01   4.2069e+01   3.0519e+00   0.0000e+00   0.0000e+00   3.0065e+02
20210721_19:00:00   1.4597e-01   4.1943e+01   3.0254e+00   0.0000e+00   0.0000e+00   3.0032e+02
20210721_20:00:00   1.6316e-01   4.6090e+01   3.3769e+00   0.0000e+00   0.0000e+00   2.9982e+02
20210721_21:00:00   1.9757e-01   5.4135e+01   4.0736e+00   0.0000e+00   0.0000e+00   2.9961e+02
20210721_22:00:00   2.2820e-01   6.1050e+01   4.6893e+00   0.0000e+00   0.0000e+00   2.9856e+02
20210721_23:00:00   2.6290e-01   6.8580e+01   5.4024e+00   0.0000e+00   0.0000e+00   2.9860e+02
20210722_00:00:00   2.9228e-01   7.4738e+01   5.9953e+00   0.0000e+00   0.0000e+00   2.9945e+02
20210722_01:00:00   2.9662e-01   7.5643e+01   6.0759e+00   0.0000e+00   0.0000e+00   2.9994e+02
20210722_02:00:00   3.1432e-01   7.9223e+01   6.4282e+00   0.0000e+00   0.0000e+00   2.9823e+02
20210722_03:00:00   3.3102e-01   8.2510e+01   6.7625e+00   0.0000e+00   0.0000e+00   2.9591e+02
20210722_04:00:00   3.4160e-01   8.4561e+01   6.9666e+00   0.0000e+00   0.0000e+00   2.9431e+02
20210722_05:00:00   3.4113e-01   8.4465e+01   6.9609e+00   0.0000e+00   0.0000e+00   2.9444e+02
20210722_06:00:00   3.4447e-01   8.5094e+01   7.0425e+00   0.0000e+00   0.0000e+00   2.9378e+02
20210722_07:00:00   3.6389e-01   8.8710e+01   7.4662e+00   0.0000e+00   0.0000e+00   2.9379e+02
20210722_08:00:00   3.7732e-01   9.1203e+01   7.7480e+00   0.0000e+00   0.0000e+00   2.9568e+02
20210722_09:00:00   3.9153e-01   9.3785e+01   8.0470e+00   0.0000e+00   0.0000e+00   2.9833e+02
20210722_10:00:00   4.1418e-01   9.7847e+01   8.5087e+00   0.0000e+00   0.0000e+00   2.9982e+02
20210722_11:00:00   4.2559e-01   9.9837e+01   8.7548e+00   0.0000e+00   0.0000e+00   3.0069e+02
20210722_12:00:00   4.4891e-01   1.0387e+02   9.2531e+00   0.0000e+00   0.0000e+00   2.9950e+02
20210722_13:00:00   4.8852e-01   1.1051e+02   1.0065e+01   0.0000e+00   2.3119e-04   2.9836e+02
20210722_14:00:00   5.1800e-01   1.1530e+02   1.0641e+01   3.5879e-04   1.0531e-03   2.9778e+02
20210722_15:00:00   5.3029e-01   1.1731e+02   1.0849e+01   1.0232e-03   3.5145e-03   2.9933e+02
20210722_16:00:00   5.4243e-01   1.1928e+02   1.1035e+01   1.8548e-03   2.0202e-03   3.0105e+02
20210722_17:00:00   5.4132e-01   1.1920e+02   1.1095e+01   1.4418e-04   5.6880e-04   3.0090e+02
20210722_18:00:00   5.3033e-01   1.1750e+02   1.0873e+01   5.1520e-05   2.1961e-04   3.0104e+02
20210722_19:00:00   5.1430e-01   1.1502e+02   1.0540e+01   0.0000e+00   1.2904e-05   3.0202e+02
20210722_20:00:00   4.9230e-01   1.1148e+02   1.0110e+01   0.0000e+00   0.0000e+00   3.0231e+02
20210722_21:00:00   5.0007e-01   1.1258e+02   1.0323e+01   0.0000e+00   0.0000e+00   3.0286e+02
20210722_22:00:00   4.9405e-01   1.1149e+02   1.0218e+01   0.0000e+00   0.0000e+00   3.0144e+02
20210722_23:00:00   5.0997e-01   1.1392e+02   1.0551e+01   0.0000e+00   2.2460e-04   2.9862e+02
20210723_00:00:00   5.1526e-01   1.1479e+02   1.0583e+01   0.0000e+00   1.2871e-03   2.9534e+02
20210723_01:00:00   5.1996e-01   1.1557e+02   1.0622e+01   0.0000e+00   3.3716e-04   2.9377e+02
20210723_02:00:00   5.4771e-01   1.1974e+02   1.1186e+01   8.8940e-05   3.0691e-02   2.9457e+02
20210723_03:00:00   5.2204e-01   1.1584e+02   1.0623e+01   2.4040e-04   1.4023e-02   2.9460e+02
20210723_04:00:00   5.4111e-01   1.1883e+02   1.0978e+01   0.0000e+00   2.5218e-02   2.9479e+02
20210723_05:00:00   5.6871e-01   1.2314e+02   1.1492e+01   0.0000e+00   7.6673e-03   2.9551e+02
20210723_06:00:00   5.3857e-01   1.1853e+02   1.0920e+01   0.0000e+00   8.7564e-04   2.9692e+02
20210723_07:00:00   5.3034e-01   1.1729e+02   1.0750e+01   0.0000e+00   1.4840e-03   2.9997e+02
20210723_08:00:00   5.1320e-01   1.1453e+02   1.0432e+01   0.0000e+00   3.0185e-04   3.0120e+02
20210723_09:00:00   5.0109e-01   1.1257e+02   1.0186e+01   0.0000e+00   5.8980e-06   3.0299e+02
20210723_10:00:00   4.9604e-01   1.1195e+02   1.0065e+01   0.0000e+00   0.0000e+00   3.0365e+02
20210723_11:00:00   4.9526e-01   1.1179e+02   1.0090e+01   0.0000e+00   1.0573e-05   3.0265e+02
20210723_12:00:00   5.0226e-01   1.1296e+02   1.0240e+01   0.0000e+00   5.0561e-05   3.0363e+02
20210723_13:00:00   4.8883e-01   1.1080e+02   9.9787e+00   4.1480e-05   1.5763e-04   3.0457e+02
20210723_14:00:00   4.8476e-01   1.1025e+02   9.8798e+00   0.0000e+00   4.5164e-05   3.0456e+02
20210723_15:00:00   4.8231e-01   1.0986e+02   9.8378e+00   0.0000e+00   2.7660e-06   3.0383e+02
20210723_16:00:00   4.8896e-01   1.1100e+02   9.9774e+00   0.0000e+00   0.0000e+00   3.0354e+02
20210723_17:00:00   4.7594e-01   1.0883e+02   9.7252e+00   0.0000e+00   0.0000e+00   3.0410e+02
20210723_18:00:00   4.7015e-01   1.0792e+02   9.5780e+00   0.0000e+00   0.0000e+00   3.0416e+02
20210723_19:00:00   4.3946e-01   1.0256e+02   9.0075e+00   0.0000e+00   0.0000e+00   3.0464e+02
20210723_20:00:00   4.1144e-01   9.7391e+01   8.4950e+00   0.0000e+00   0.0000e+00   3.0454e+02
20210723_21:00:00   3.9006e-01   9.3401e+01   8.0744e+00   0.0000e+00   0.0000e+00   3.0477e+02
20210723_22:00:00   3.6635e-01   8.8951e+01   7.5931e+00   0.0000e+00   0.0000e+00   3.0517e+02
20210723_23:00:00   3.6159e-01   8.8056e+01   7.4792e+00   0.0000e+00   0.0000e+00   3.0483e+02
20210724_00:00:00   3.4957e-01   8.5803e+01   7.2383e+00   0.0000e+00   0.0000e+00   3.0602e+02
20210724_01:00:00   3.3370e-01   8.2683e+01   6.9057e+00   0.0000e+00   0.0000e+00   3.0710e+02
20210724_02:00:00   3.1372e-01   7.8661e+01   6.5147e+00   0.0000e+00   0.0000e+00   3.0604e+02
20210724_03:00:00   3.1844e-01   7.9591e+01   6.6089e+00   0.0000e+00   0.0000e+00   3.0609e+02
20210724_04:00:00   3.4770e-01   8.5219e+01   7.2093e+00   0.0000e+00   0.0000e+00   3.0677e+02
20210724_05:00:00   3.6499e-01   8.8456e+01   7.5534e+00   0.0000e+00   0.0000e+00   3.0626e+02
20210724_06:00:00   3.6950e-01   8.9303e+01   7.6301e+00   0.0000e+00   0.0000e+00   3.0462e+02
20210724_07:00:00   3.6105e-01   8.7721e+01   7.4445e+00   0.0000e+00   0.0000e+00   3.0317e+02
20210724_08:00:00   3.6061e-01   8.7732e+01   7.4096e+00   0.0000e+00   0.0000e+00   3.0254e+02
20210724_09:00:00   3.6541e-01   8.8597e+01   7.5168e+00   0.0000e+00   0.0000e+00   3.0300e+02
20210724_10:00:00   3.6757e-01   8.8898e+01   7.5956e+00   0.0000e+00   0.0000e+00   3.0413e+02
20210724_11:00:00   3.7934e-01   9.1044e+01   7.8458e+00   0.0000e+00   0.0000e+00   3.0653e+02
20210724_12:00:00   3.9487e-01   9.3937e+01   8.1499e+00   0.0000e+00   0.0000e+00   3.0778e+02
20210724_15:00:00   3.9550e-01   9.4044e+01   8.1660e+00   0.0000e+00   0.0000e+00   3.1097e+02
20210724_18:00:00   3.1761e-01   7.9363e+01   6.5657e+00   0.0000e+00   0.0000e+00   3.1951e+02
20210724_21:00:00   3.2548e-01   8.0816e+01   6.7139e+00   0.0000e+00   4.2905e-04   3.1372e+02
20210725_00:00:00   3.5560e-01   8.5871e+01   7.4562e+00   0.0000e+00   8.9553e-02   3.1203e+02
20210725_03:00:00   2.8858e-01   7.2006e+01   6.2519e+00   0.0000e+00   2.8295e-02   3.1496e+02
20210725_06:00:00   3.3219e-01   8.0075e+01   7.1965e+00   0.0000e+00   1.0130e-02   3.1908e+02
20210725_09:00:00   4.5960e-01   1.0353e+02   9.6147e+00   0.0000e+00   6.4271e-03   3.2672e+02
20210725_12:00:00   4.8844e-01   1.0861e+02   1.0079e+01   0.0000e+00   3.5757e-03   3.2785e+02
20210725_15:00:00   4.2785e-01   9.9012e+01   8.6413e+00   1.6934e-04   9.0617e-03   3.2880e+02
20210725_18:00:00   3.6858e-01   8.8646e+01   7.2599e+00   0.0000e+00   2.5639e-03   3.3192e+02
20210725_21:00:00   3.2854e-01   8.1279e+01   6.1914e+00   0.0000e+00   0.0000e+00   3.4211e+02
20210726_00:00:00   3.3222e-01   8.1987e+01   6.1935e+00   0.0000e+00   0.0000e+00   3.4591e+02
20210726_03:00:00   3.0538e-01   7.6648e+01   5.6795e+00   0.0000e+00   0.0000e+00   3.4097e+02
20210726_06:00:00   2.3915e-01   6.2794e+01   4.5492e+00   0.0000e+00   0.0000e+00   3.4114e+02
20210726_09:00:00   2.2961e-01   6.0729e+01   4.4080e+00   0.0000e+00   0.0000e+00   3.3201e+02
20210726_12:00:00   3.8162e-01   9.1366e+01   7.2309e+00   6.4460e-04   7.7100e-06   3.2829e+02
20210726_15:00:00   4.3993e-01   1.0205e+02   8.5571e+00   3.8540e-05   9.2180e-07   3.2203e+02
20210726_18:00:00   4.0887e-01   9.6475e+01   8.1723e+00   0.0000e+00   8.5000e-05   3.1448e+02
20210726_21:00:00   3.4100e-01   8.3449e+01   7.0402e+00   0.0000e+00   8.6838e-04   3.0963e+02
20210727_00:00:00   3.1150e-01   7.7284e+01   6.5958e+00   0.0000e+00   1.7560e-03   3.0696e+02
20210727_03:00:00   3.2535e-01   8.0011e+01   6.8589e+00   0.0000e+00   1.3165e-03   3.0737e+02
20210727_06:00:00   2.7039e-01   6.9048e+01   5.7700e+00   0.0000e+00   0.0000e+00   3.1404e+02
20210727_09:00:00   2.4264e-01   6.3214e+01   5.1940e+00   0.0000e+00   0.0000e+00   3.1211e+02
20210727_12:00:00   3.4165e-01   8.3980e+01   6.9953e+00   0.0000e+00   0.0000e+00   3.1060e+02
20210727_15:00:00   4.3300e-01   1.0149e+02   8.6378e+00   3.2120e-06   0.0000e+00   3.0827e+02
20210727_18:00:00   3.9990e-01   9.5537e+01   8.0465e+00   0.0000e+00   0.0000e+00   3.0662e+02
20210727_21:00:00   3.2367e-01   8.0799e+01   6.6592e+00   0.0000e+00   0.0000e+00   3.0670e+02
20210728_00:00:00   3.1287e-01   7.8375e+01   6.5285e+00   0.0000e+00   1.1034e-05   3.0605e+02
20210728_03:00:00   2.9417e-01   7.4394e+01   6.1925e+00   0.0000e+00   0.0000e+00   3.1266e+02
20210728_06:00:00   2.3951e-01   6.2893e+01   5.0881e+00   0.0000e+00   0.0000e+00   3.1045e+02
20210728_09:00:00   2.0954e-01   5.6350e+01   4.4765e+00   0.0000e+00   0.0000e+00   3.1106e+02
20210728_12:00:00   2.3887e-01   6.3021e+01   5.0281e+00   0.0000e+00   0.0000e+00   3.0982e+02
20210728_15:00:00   2.1803e-01   5.8448e+01   4.6336e+00   0.0000e+00   0.0000e+00   3.0925e+02
20210728_18:00:00   1.6436e-01   4.6189e+01   3.4944e+00   0.0000e+00   0.0000e+00   3.0960e+02
20210728_21:00:00   1.7091e-01   4.7689e+01   3.6522e+00   0.0000e+00   0.0000e+00   3.0857e+02
20210729_00:00:00   2.7201e-01   6.9916e+01   5.8297e+00   0.0000e+00   0.0000e+00   3.0711e+02
20210729_03:00:00   4.0431e-01   9.5684e+01   8.4717e+00   0.0000e+00   0.0000e+00   3.0468e+02
20210729_06:00:00   4.4393e-01   1.0249e+02   9.2589e+00   0.0000e+00   0.0000e+00   3.0786e+02
20210729_09:00:00   4.5724e-01   1.0483e+02   9.5225e+00   0.0000e+00   0.0000e+00   3.0469e+02
20210729_12:00:00   4.8270e-01   1.0904e+02   1.0043e+01   5.8800e-05   1.3094e-03   3.0751e+02
20210729_15:00:00   5.0082e-01   1.1200e+02   1.0492e+01   5.1520e-05   7.2219e-03   3.0164e+02
20210729_18:00:00   4.5703e-01   1.0477e+02   9.7449e+00   0.0000e+00   1.9278e-04   3.0038e+02
20210729_21:00:00   4.1095e-01   9.6729e+01   8.8175e+00   0.0000e+00   8.7800e-05   3.0736e+02
20210730_00:00:00   5.9306e-01   1.2626e+02   1.2429e+01   0.0000e+00   1.3993e-01   3.0478e+02
20210730_03:00:00   5.7700e-01   1.2408e+02   1.2044e+01   0.0000e+00   4.6760e-02   3.0096e+02
20210730_06:00:00   6.2350e-01   1.3070e+02   1.2929e+01   0.0000e+00   2.1151e-01   3.0098e+02
20210730_09:00:00   5.6042e-01   1.2197e+02   1.1628e+01   0.0000e+00   1.2318e-06   2.9914e+02
20210730_12:00:00   4.9999e-01   1.1156e+02   1.0720e+01   0.0000e+00   1.6524e-02   2.9980e+02
20210730_15:00:00   4.7926e-01   1.0836e+02   1.0255e+01   0.0000e+00   2.8738e-05   2.9806e+02
20210730_18:00:00   4.7718e-01   1.0842e+02   1.0142e+01   0.0000e+00   0.0000e+00   2.9844e+02
20210730_21:00:00   4.4429e-01   1.0236e+02   9.5516e+00   0.0000e+00   0.0000e+00   2.9764e+02
20210731_00:00:00   3.9335e-01   9.3093e+01   8.4708e+00   0.0000e+00   0.0000e+00   2.9839e+02
20210731_03:00:00   3.9536e-01   9.3285e+01   8.5173e+00   0.0000e+00   6.1600e-06   2.9603e+02
20210731_06:00:00   4.2199e-01   9.8077e+01   9.1019e+00   0.0000e+00   2.2063e-03   2.9471e+02
20210731_09:00:00   4.8279e-01   1.0807e+02   1.0429e+01   0.0000e+00   3.6083e-02   2.9548e+02
20210731_12:00:00   4.5279e-01   1.0318e+02   9.8078e+00   0.0000e+00   3.2132e-02   2.9426e+02
20210731_15:00:00   4.3563e-01   1.0035e+02   9.4247e+00   0.0000e+00   1.8715e-02   2.9493e+02
20210731_18:00:00   3.9446e-01   9.3386e+01   8.5001e+00   0.0000e+00   2.1669e-03   2.9941e+02
20210731_21:00:00   3.0720e-01   7.6535e+01   6.7594e+00   0.0000e+00   4.6056e-03   3.0424e+02
20210801_00:00:00   3.0890e-01   7.6419e+01   6.8740e+00   0.0000e+00   0.0000e+00   2.9901e+02
20210801_03:00:00   3.1912e-01   7.8428e+01   7.0657e+00   0.0000e+00   6.1600e-06   2.9904e+02
20210801_06:00:00   3.3107e-01   8.0759e+01   7.2739e+00   0.0000e+00   0.0000e+00   3.0121e+02
20210801_09:00:00   2.9521e-01   7.3936e+01   6.4293e+00   0.0000e+00   0.0000e+00   3.0167e+02
20210801_12:00:00   2.4392e-01   6.3595e+01   5.2899e+00   0.0000e+00   0.0000e+00   3.0090e+02
20210801_15:00:00   2.2971e-01   6.0620e+01   4.9743e+00   0.0000e+00   0.0000e+00   3.0003e+02
20210801_18:00:00   2.0285e-01   5.4579e+01   4.4471e+00   0.0000e+00   0.0000e+00   3.0208e+02
20210801_21:00:00   2.1056e-01   5.5981e+01   4.7191e+00   0.0000e+00   0.0000e+00   3.0598e+02
20210802_00:00:00   2.5477e-01   6.6059e+01   5.5518e+00   0.0000e+00   0.0000e+00   3.0218e+02
20210802_03:00:00   2.8066e-01   7.1541e+01   6.1047e+00   0.0000e+00   0.0000e+00   2.9948e+02
20210802_06:00:00   3.0740e-01   7.6879e+01   6.7424e+00   0.0000e+00   0.0000e+00   2.9752e+02
20210802_09:00:00   2.9965e-01   7.5058e+01   6.7430e+00   0.0000e+00   0.0000e+00   2.9545e+02
20210802_12:00:00   3.1991e-01   7.9353e+01   7.1264e+00   0.0000e+00   0.0000e+00   2.9521e+02
20210802_15:00:00   3.5879e-01   8.7311e+01   7.8324e+00   0.0000e+00   0.0000e+00   2.9671e+02
20210802_18:00:00   3.3616e-01   8.3014e+01   7.3483e+00   0.0000e+00   1.5010e-05   2.9828e+02
20210802_21:00:00   2.9439e-01   7.4464e+01   6.5756e+00   0.0000e+00   1.6952e-04   2.9975e+02
20210803_00:00:00   2.9592e-01   7.4750e+01   6.6056e+00   0.0000e+00   2.3040e-06   3.0009e+02
20210803_03:00:00   3.0336e-01   7.6222e+01   6.7548e+00   0.0000e+00   7.6880e-06   3.0418e+02
20210803_06:00:00   2.9745e-01   7.4829e+01   6.6376e+00   0.0000e+00   0.0000e+00   3.0629e+02
20210803_09:00:00   2.8294e-01   7.1729e+01   6.3038e+00   0.0000e+00   0.0000e+00   3.0821e+02
20210803_12:00:00   3.0304e-01   7.6039e+01   6.5995e+00   0.0000e+00   0.0000e+00   3.0768e+02
20210803_15:00:00   2.8298e-01   7.2380e+01   6.0334e+00   0.0000e+00   0.0000e+00   3.0717e+02
20210803_18:00:00   2.0667e-01   5.6134e+01   4.3557e+00   0.0000e+00   0.0000e+00   3.0560e+02
20210803_21:00:00   2.1783e-01   5.8871e+01   4.5126e+00   0.0000e+00   0.0000e+00   3.0445e+02
20210804_00:00:00   2.0564e-01   5.6071e+01   4.2505e+00   0.0000e+00   0.0000e+00   3.0016e+02
20210804_03:00:00   3.4453e-01   8.4589e+01   7.2434e+00   0.0000e+00   0.0000e+00   2.9356e+02
20210804_06:00:00   4.7435e-01   1.0832e+02   9.6594e+00   0.0000e+00   0.0000e+00   2.9174e+02
20210804_09:00:00   4.9764e-01   1.1250e+02   1.0011e+01   0.0000e+00   0.0000e+00   2.8951e+02
20210804_12:00:00   4.0616e-01   9.6870e+01   8.1975e+00   0.0000e+00   0.0000e+00   2.8827e+02
