#            date       tau255        Tb[K]      pwv[mm] lwp[kg*m^-2] iwp[kg*m^-2]       o3[DU]
20210812_06:00:00   5.4622e-01   1.1936e+02   1.1148e+01   0.0000e+00   1.1651e-03   2.8403e+02
20210812_07:00:00   5.3376e-01   1.1752e+02   1.0859e+01   0.0000e+00   9.6902e-04   2.8681e+02
20210812_08:00:00   5.2278e-01   1.1598e+02   1.0568e+01   0.0000e+00   2.4024e-04   2.9052e+02
20210812_09:00:00   5.0535e-01   1.1330e+02   1.0206e+01   0.0000e+00   0.0000e+00   2.9276e+02
20210812_10:00:00   4.9531e-01   1.1176e+02   1.0008e+01   0.0000e+00   0.0000e+00   2.9430e+02
20210812_11:00:00   5.0130e-01   1.1265e+02   1.0178e+01   0.0000e+00   1.7628e-05   2.9377e+02
20210812_12:00:00   5.1912e-01   1.1552e+02   1.0473e+01   1.6286e-03   5.1116e-03   2.9166e+02
20210812_13:00:00   5.3294e-01   1.1768e+02   1.0698e+01   3.9736e-03   1.2724e-02   2.8849e+02
20210812_14:00:00   5.5435e-01   1.2095e+02   1.1198e+01   3.9587e-03   3.7721e-03   2.8595e+02
20210812_15:00:00   6.0919e-01   1.2877e+02   1.1247e+01   2.9554e-02   5.2978e-02   2.8609e+02
20210812_16:00:00   5.8054e-01   1.2482e+02   1.1386e+01   1.2122e-02   3.3189e-02   2.8682e+02
20210812_17:00:00   5.8147e-01   1.2508e+02   1.1873e+01   4.1700e-04   1.6411e-02   2.8649e+02
20210812_18:00:00   5.9439e-01   1.2696e+02   1.2081e+01   9.2620e-04   5.4729e-02   2.8464e+02
20210812_19:00:00   5.8683e-01   1.2587e+02   1.1990e+01   0.0000e+00   3.1347e-02   2.8314e+02
20210812_20:00:00   5.6128e-01   1.2219e+02   1.1450e+01   0.0000e+00   2.8476e-03   2.8305e+02
20210812_21:00:00   5.3886e-01   1.1870e+02   1.1030e+01   0.0000e+00   7.9023e-05   2.8319e+02
20210812_22:00:00   5.2549e-01   1.1653e+02   1.0783e+01   0.0000e+00   9.2801e-05   2.8479e+02
20210812_23:00:00   4.9895e-01   1.1237e+02   1.0235e+01   0.0000e+00   7.3740e-06   2.8755e+02
20210813_00:00:00   4.7351e-01   1.0825e+02   9.6940e+00   0.0000e+00   0.0000e+00   2.8789e+02
20210813_01:00:00   4.7160e-01   1.0789e+02   9.6503e+00   0.0000e+00   0.0000e+00   2.8833e+02
20210813_02:00:00   4.7504e-01   1.0844e+02   9.7250e+00   0.0000e+00   0.0000e+00   2.8805e+02
20210813_03:00:00   4.6958e-01   1.0740e+02   9.6466e+00   0.0000e+00   0.0000e+00   2.8685e+02
20210813_04:00:00   4.7318e-01   1.0791e+02   9.7420e+00   0.0000e+00   0.0000e+00   2.8486e+02
20210813_05:00:00   4.8731e-01   1.1019e+02   1.0020e+01   0.0000e+00   3.4304e-04   2.8694e+02
20210813_06:00:00   5.0512e-01   1.1307e+02   1.0361e+01   0.0000e+00   1.7390e-03   2.8847e+02
20210813_07:00:00   5.2750e-01   1.1662e+02   1.0787e+01   4.7067e-04   3.8200e-03   2.8923e+02
20210813_08:00:00   5.3746e-01   1.1818e+02   1.1046e+01   0.0000e+00   3.8398e-04   2.8840e+02
20210813_09:00:00   5.3589e-01   1.1791e+02   1.1041e+01   0.0000e+00   1.8929e-04   2.8667e+02
20210813_10:00:00   5.3206e-01   1.1729e+02   1.0992e+01   1.0646e-04   4.1900e-04   2.8755e+02
20210813_11:00:00   5.5240e-01   1.2032e+02   1.1275e+01   4.0581e-03   1.4141e-02   2.8904e+02
20210813_12:00:00   6.2218e-01   1.3046e+02   1.1783e+01   2.3697e-02   1.2679e-01   2.8930e+02
20210813_13:00:00   6.3686e-01   1.3261e+02   1.2486e+01   1.4135e-02   1.7373e-01   2.8928e+02
20210813_14:00:00   5.9156e-01   1.2618e+02   1.2291e+01   1.0472e-03   6.7619e-02   2.8974e+02
20210813_15:00:00   5.8560e-01   1.2523e+02   1.2304e+01   3.0800e-05   3.6736e-02   2.9060e+02
20210813_16:00:00   5.8071e-01   1.2442e+02   1.2163e+01   1.4810e-03   3.0161e-02   2.8962e+02
20210813_17:00:00   5.6090e-01   1.2142e+02   1.1812e+01   5.6280e-04   2.3335e-02   2.8905e+02
20210813_18:00:00   5.3826e-01   1.1780e+02   1.1424e+01   0.0000e+00   8.2025e-03   2.8790e+02
20210813_19:00:00   5.2488e-01   1.1556e+02   1.1189e+01   0.0000e+00   5.6420e-03   2.8723e+02
20210813_20:00:00   5.0747e-01   1.1272e+02   1.0847e+01   0.0000e+00   2.4687e-03   2.8529e+02
20210813_21:00:00   4.9417e-01   1.1052e+02   1.0584e+01   0.0000e+00   1.7279e-03   2.8322e+02
20210813_22:00:00   4.7155e-01   1.0683e+02   1.0076e+01   0.0000e+00   7.6919e-03   2.8334e+02
20210813_23:00:00   4.3788e-01   1.0126e+02   9.3293e+00   0.0000e+00   6.3744e-03   2.8240e+02
20210814_00:00:00   4.1651e-01   9.7533e+01   8.8761e+00   0.0000e+00   2.8539e-03   2.8101e+02
20210814_01:00:00   4.1818e-01   9.7828e+01   8.8861e+00   0.0000e+00   8.7420e-06   2.8254e+02
20210814_02:00:00   4.2717e-01   9.9395e+01   9.0482e+00   0.0000e+00   0.0000e+00   2.8381e+02
20210814_03:00:00   4.3032e-01   9.9909e+01   9.1091e+00   0.0000e+00   0.0000e+00   2.8294e+02
20210814_04:00:00   4.3549e-01   1.0076e+02   9.2005e+00   0.0000e+00   0.0000e+00   2.8361e+02
20210814_05:00:00   4.3231e-01   1.0019e+02   9.1277e+00   0.0000e+00   0.0000e+00   2.8468e+02
20210814_06:00:00   4.3011e-01   9.9774e+01   9.0774e+00   0.0000e+00   2.3332e-05   2.8684e+02
20210814_07:00:00   4.2817e-01   9.9445e+01   9.0292e+00   0.0000e+00   3.0057e-04   2.8801e+02
20210814_08:00:00   4.2505e-01   9.8904e+01   8.9629e+00   0.0000e+00   1.9222e-04   2.8815e+02
20210814_09:00:00   4.2549e-01   9.9020e+01   8.9646e+00   0.0000e+00   2.4560e-04   2.8608e+02
20210814_10:00:00   4.2935e-01   9.9777e+01   9.0314e+00   0.0000e+00   2.5700e-06   2.8497e+02
20210814_11:00:00   4.4769e-01   1.0299e+02   9.3435e+00   1.6068e-03   1.5909e-03   2.8355e+02
20210814_12:00:00   4.7423e-01   1.0744e+02   9.7474e+00   4.3500e-03   5.4316e-02   2.8321e+02
20210814_13:00:00   5.1677e-01   1.1438e+02   1.0434e+01   7.5704e-03   9.6338e-02   2.8394e+02
20210814_14:00:00   5.0597e-01   1.1289e+02   1.0582e+01   4.0736e-05   1.8149e-02   2.8239e+02
20210814_15:00:00   5.0396e-01   1.1262e+02   1.0521e+01   1.1058e-03   3.6144e-02   2.8169e+02
20210814_16:00:00   4.9619e-01   1.1147e+02   1.0423e+01   0.0000e+00   6.3857e-03   2.8179e+02
20210814_17:00:00   4.8859e-01   1.1025e+02   1.0275e+01   4.6081e-05   1.4666e-02   2.8283e+02
20210814_18:00:00   4.9724e-01   1.1157e+02   1.0410e+01   7.8880e-04   3.2841e-02   2.8293e+02
20210814_19:00:00   5.0768e-01   1.1308e+02   1.0608e+01   0.0000e+00   2.4434e-02   2.8293e+02
20210814_20:00:00   4.8433e-01   1.0933e+02   1.0138e+01   0.0000e+00   2.8206e-03   2.8329e+02
20210814_21:00:00   4.7186e-01   1.0735e+02   9.8727e+00   0.0000e+00   2.0616e-03   2.8433e+02
20210814_22:00:00   4.7645e-01   1.0809e+02   9.9657e+00   0.0000e+00   2.5052e-03   2.8505e+02
20210814_23:00:00   4.8260e-01   1.0902e+02   1.0098e+01   2.1520e-05   9.5361e-03   2.8488e+02
20210815_00:00:00   4.9478e-01   1.1099e+02   1.0335e+01   0.0000e+00   1.5426e-02   2.8236e+02
20210815_01:00:00   4.9514e-01   1.1106e+02   1.0309e+01   0.0000e+00   2.2764e-02   2.8139e+02
20210815_02:00:00   4.7585e-01   1.0801e+02   9.8826e+00   0.0000e+00   4.8876e-04   2.8136e+02
20210815_03:00:00   4.5394e-01   1.0442e+02   9.4186e+00   0.0000e+00   0.0000e+00   2.8169e+02
20210815_04:00:00   4.4100e-01   1.0221e+02   9.1504e+00   0.0000e+00   0.0000e+00   2.8216e+02
20210815_05:00:00   4.4571e-01   1.0296e+02   9.2466e+00   0.0000e+00   0.0000e+00   2.8197e+02
20210815_06:00:00   4.5514e-01   1.0455e+02   9.4235e+00   0.0000e+00   0.0000e+00   2.8378e+02
20210815_07:00:00   4.5199e-01   1.0404e+02   9.3395e+00   0.0000e+00   0.0000e+00   2.8285e+02
20210815_08:00:00   4.5129e-01   1.0393e+02   9.3200e+00   0.0000e+00   0.0000e+00   2.8225e+02
20210815_09:00:00   4.5006e-01   1.0369e+02   9.3031e+00   0.0000e+00   0.0000e+00   2.8177e+02
20210815_10:00:00   4.6833e-01   1.0663e+02   9.6225e+00   2.0579e-03   4.6559e-03   2.8093e+02
20210815_11:00:00   5.4653e-01   1.1889e+02   1.0378e+01   2.0078e-02   1.3294e-01   2.8203e+02
20210815_12:00:00   6.1542e-01   1.2908e+02   1.1852e+01   1.7098e-02   2.1396e-01   2.8082e+02
20210815_13:00:00   5.6567e-01   1.2186e+02   1.1726e+01   4.0740e-04   1.5460e-01   2.7968e+02
20210815_14:00:00   5.7081e-01   1.2259e+02   1.1874e+01   7.7000e-04   1.0996e-01   2.7955e+02
20210815_15:00:00   5.6247e-01   1.2145e+02   1.1728e+01   1.0968e-03   1.1036e-01   2.7921e+02
20210815_16:00:00   5.8935e-01   1.2546e+02   1.2125e+01   3.3831e-03   1.1504e-01   2.7822e+02
20210815_17:00:00   5.7890e-01   1.2401e+02   1.2026e+01   9.5640e-04   5.3176e-02   2.7898e+02
20210815_18:00:00   5.6852e-01   1.2256e+02   1.1856e+01   1.7172e-05   2.2170e-02   2.7923e+02
20210815_19:00:00   5.4994e-01   1.1965e+02   1.1515e+01   0.0000e+00   2.6620e-02   2.7955e+02
20210815_20:00:00   5.2238e-01   1.1516e+02   1.0985e+01   0.0000e+00   4.6822e-02   2.8047e+02
20210815_21:00:00   5.0681e-01   1.1249e+02   1.0710e+01   0.0000e+00   3.5327e-02   2.8147e+02
20210815_22:00:00   5.0241e-01   1.1165e+02   1.0609e+01   0.0000e+00   2.4427e-02   2.8109e+02
20210815_23:00:00   4.9960e-01   1.1122e+02   1.0502e+01   0.0000e+00   2.2569e-02   2.8072e+02
20210816_00:00:00   4.7834e-01   1.0797e+02   9.9919e+00   0.0000e+00   3.1555e-04   2.8092e+02
20210816_01:00:00   4.4598e-01   1.0280e+02   9.2440e+00   0.0000e+00   1.7056e-04   2.7983e+02
20210816_02:00:00   4.2145e-01   9.8663e+01   8.7104e+00   0.0000e+00   1.1891e-04   2.7955e+02
20210816_03:00:00   4.2118e-01   9.8546e+01   8.7035e+00   0.0000e+00   2.7342e-05   2.7903e+02
20210816_04:00:00   4.2623e-01   9.9339e+01   8.7989e+00   0.0000e+00   2.1963e-04   2.7894e+02
20210816_05:00:00   4.1472e-01   9.7371e+01   8.5426e+00   0.0000e+00   3.0360e-04   2.8022e+02
20210816_06:00:00   4.0757e-01   9.6134e+01   8.3744e+00   0.0000e+00   1.6438e-04   2.8261e+02
20210816_07:00:00   4.0853e-01   9.6327e+01   8.3801e+00   0.0000e+00   3.0980e-04   2.8372e+02
20210816_08:00:00   4.0758e-01   9.6138e+01   8.3506e+00   0.0000e+00   1.2121e-04   2.8506e+02
20210816_09:00:00   4.0735e-01   9.6118e+01   8.3397e+00   0.0000e+00   6.0900e-05   2.8504e+02
20210816_10:00:00   4.2535e-01   9.9330e+01   8.7079e+00   1.8436e-05   8.6064e-04   2.8284e+02
20210816_11:00:00   4.6896e-01   1.0669e+02   9.4279e+00   4.3020e-03   2.5055e-02   2.8165e+02
20210816_12:00:00   5.2611e-01   1.1588e+02   1.0307e+01   1.0532e-02   7.8251e-02   2.8182e+02
20210816_13:00:00   5.7254e-01   1.2296e+02   1.1048e+01   1.5619e-02   9.4495e-02   2.8139e+02
20210816_14:00:00   5.6635e-01   1.2218e+02   1.1371e+01   5.6476e-03   1.0778e-01   2.8109e+02
20210816_15:00:00   5.9918e-01   1.2696e+02   1.1579e+01   1.4703e-02   1.6093e-01   2.8033e+02
20210816_16:00:00   5.7316e-01   1.2310e+02   1.1296e+01   9.3304e-03   1.2988e-01   2.7975e+02
20210816_17:00:00   5.1352e-01   1.1412e+02   1.0506e+01   4.4080e-05   3.7601e-02   2.8146e+02
20210816_18:00:00   4.4881e-01   1.0342e+02   9.2461e+00   0.0000e+00   7.9360e-04   2.8197e+02
20210816_19:00:00   3.8383e-01   9.1555e+01   7.9765e+00   0.0000e+00   2.7660e-06   2.8299e+02
20210816_20:00:00   3.1637e-01   7.8630e+01   6.5884e+00   0.0000e+00   0.0000e+00   2.8402e+02
20210816_21:00:00   3.0301e-01   7.6148e+01   6.2876e+00   0.0000e+00   0.0000e+00   2.8246e+02
20210816_22:00:00   3.1171e-01   7.8034e+01   6.4411e+00   0.0000e+00   0.0000e+00   2.8218e+02
20210816_23:00:00   3.0233e-01   7.5998e+01   6.2780e+00   0.0000e+00   0.0000e+00   2.8285e+02
20210817_00:00:00   2.8484e-01   7.2382e+01   5.9220e+00   0.0000e+00   0.0000e+00   2.8404e+02
20210817_01:00:00   2.7016e-01   6.9294e+01   5.6187e+00   0.0000e+00   0.0000e+00   2.8351e+02
20210817_02:00:00   2.4111e-01   6.3157e+01   5.0166e+00   0.0000e+00   0.0000e+00   2.8471e+02
20210817_03:00:00   2.0424e-01   5.4956e+01   4.2511e+00   0.0000e+00   0.0000e+00   2.8552e+02
20210817_04:00:00   1.7842e-01   4.9060e+01   3.6839e+00   0.0000e+00   0.0000e+00   2.8777e+02
20210817_05:00:00   1.4567e-01   4.1554e+01   2.9452e+00   0.0000e+00   0.0000e+00   2.9142e+02
20210817_06:00:00   9.8449e-02   3.0335e+01   1.8651e+00   0.0000e+00   0.0000e+00   2.9190e+02
20210817_09:00:00   1.0298e-01   3.1441e+01   1.9538e+00   0.0000e+00   0.0000e+00   2.9137e+02
20210817_12:00:00   2.0385e-01   5.5281e+01   4.0051e+00   0.0000e+00   0.0000e+00   2.8842e+02
20210817_15:00:00   2.9207e-01   7.4186e+01   5.7126e+00   0.0000e+00   0.0000e+00   2.9129e+02
20210817_18:00:00   2.9170e-01   7.3995e+01   5.7970e+00   0.0000e+00   0.0000e+00   2.9136e+02
20210817_21:00:00   3.6985e-01   8.9251e+01   7.2964e+00   0.0000e+00   0.0000e+00   2.9056e+02
20210818_00:00:00   3.5891e-01   8.7145e+01   7.0264e+00   0.0000e+00   0.0000e+00   2.8933e+02
20210818_03:00:00   3.3785e-01   8.2922e+01   6.6651e+00   0.0000e+00   0.0000e+00   2.9137e+02
20210818_06:00:00   3.5215e-01   8.5561e+01   6.9274e+00   0.0000e+00   0.0000e+00   2.9330e+02
20210818_09:00:00   3.4734e-01   8.4648e+01   6.7850e+00   0.0000e+00   0.0000e+00   2.9345e+02
20210818_12:00:00   5.2905e-01   1.1677e+02   7.9200e+00   4.5964e-02   4.9140e-05   2.9068e+02
20210818_15:00:00   8.4614e-01   1.5984e+02   1.0127e+01   1.2520e-01   9.6031e-04   2.8912e+02
20210818_18:00:00   1.0452e+00   1.8109e+02   1.0549e+01   1.9320e-01   1.4752e-04   2.9078e+02
20210818_21:00:00   4.2324e-01   9.9245e+01   7.8618e+00   0.0000e+00   0.0000e+00   2.9098e+02
20210819_00:00:00   3.4791e-01   8.5180e+01   6.5487e+00   0.0000e+00   0.0000e+00   2.9066e+02
20210819_03:00:00   3.5198e-01   8.5992e+01   6.4524e+00   0.0000e+00   0.0000e+00   2.9248e+02
20210819_06:00:00   2.7080e-01   6.9676e+01   5.0763e+00   0.0000e+00   0.0000e+00   2.8908e+02
20210819_09:00:00   2.1992e-01   5.8693e+01   4.2583e+00   0.0000e+00   0.0000e+00   2.8690e+02
20210819_12:00:00   3.2925e-01   8.1441e+01   6.1843e+00   4.0709e-03   1.8436e-06   2.8810e+02
20210819_15:00:00   3.4357e-01   8.4287e+01   6.3346e+00   9.6842e-03   0.0000e+00   2.8971e+02
20210819_18:00:00   2.4600e-01   6.4224e+01   5.0355e+00   0.0000e+00   0.0000e+00   2.8995e+02
20210819_21:00:00   2.6286e-01   6.7866e+01   5.2951e+00   0.0000e+00   0.0000e+00   2.8945e+02
20210820_00:00:00   3.1494e-01   7.8745e+01   6.1573e+00   0.0000e+00   0.0000e+00   2.8733e+02
20210820_03:00:00   3.9875e-01   9.4385e+01   7.8905e+00   0.0000e+00   0.0000e+00   2.9017e+02
20210820_06:00:00   4.9006e-01   1.0955e+02   9.7026e+00   2.6100e-03   1.4646e-03   2.9279e+02
20210820_09:00:00   5.1989e-01   1.1478e+02   1.0239e+01   0.0000e+00   0.0000e+00   2.9318e+02
20210820_12:00:00   4.8437e-01   1.0926e+02   9.3926e+00   0.0000e+00   0.0000e+00   2.9311e+02
20210820_15:00:00   4.8341e-01   1.0919e+02   9.2001e+00   4.0752e-03   4.6080e-06   2.9244e+02
20210820_18:00:00   3.5267e-01   8.5864e+01   6.9610e+00   0.0000e+00   0.0000e+00   2.9531e+02
20210820_21:00:00   3.0059e-01   7.5329e+01   6.0382e+00   0.0000e+00   0.0000e+00   2.9794e+02
20210821_00:00:00   2.5787e-01   6.6218e+01   5.3196e+00   0.0000e+00   0.0000e+00   2.9619e+02
20210821_03:00:00   2.6814e-01   6.8090e+01   5.5991e+00   0.0000e+00   0.0000e+00   2.9620e+02
20210821_06:00:00   2.5219e-01   6.4912e+01   5.2389e+00   0.0000e+00   0.0000e+00   2.9913e+02
20210821_09:00:00   2.7029e-01   6.9006e+01   5.5103e+00   0.0000e+00   0.0000e+00   2.9614e+02
20210821_12:00:00   3.5206e-01   8.5635e+01   7.0103e+00   0.0000e+00   0.0000e+00   2.9623e+02
20210821_15:00:00   3.5606e-01   8.6690e+01   7.0388e+00   0.0000e+00   0.0000e+00   2.9689e+02
20210821_18:00:00   2.6631e-01   6.8755e+01   5.3567e+00   0.0000e+00   0.0000e+00   2.9591e+02
20210821_21:00:00   2.0633e-01   5.5968e+01   4.0742e+00   0.0000e+00   0.0000e+00   2.9473e+02
20210822_00:00:00   2.0666e-01   5.5736e+01   4.1975e+00   0.0000e+00   0.0000e+00   2.9609e+02
20210822_03:00:00   2.6720e-01   6.8520e+01   5.5336e+00   0.0000e+00   0.0000e+00   2.9229e+02
20210822_06:00:00   3.1036e-01   7.7225e+01   6.4300e+00   0.0000e+00   0.0000e+00   2.9211e+02
20210822_09:00:00   3.5331e-01   8.5940e+01   7.1899e+00   0.0000e+00   0.0000e+00   2.9077e+02
20210822_12:00:00   4.9616e-01   1.1199e+02   9.5243e+00   0.0000e+00   0.0000e+00   2.9320e+02
20210822_15:00:00   5.7894e-01   1.2535e+02   1.0208e+01   1.6554e-02   6.2569e-06   2.9233e+02
20210822_18:00:00   4.2621e-01   1.0025e+02   8.1684e+00   0.0000e+00   0.0000e+00   2.9237e+02
20210822_21:00:00   3.1465e-01   7.9058e+01   6.1120e+00   0.0000e+00   0.0000e+00   2.9453e+02
20210823_00:00:00   2.2388e-01   5.9816e+01   4.4221e+00   0.0000e+00   0.0000e+00   2.9172e+02
20210823_03:00:00   2.5044e-01   6.5417e+01   4.9443e+00   0.0000e+00   0.0000e+00   2.8943e+02
20210823_06:00:00   2.1267e-01   5.6982e+01   4.3241e+00   0.0000e+00   0.0000e+00   2.9154e+02
20210823_09:00:00   2.1012e-01   5.6432e+01   4.2766e+00   0.0000e+00   0.0000e+00   2.9178e+02
20210823_12:00:00   2.9748e-01   7.5174e+01   5.9312e+00   0.0000e+00   0.0000e+00   2.9086e+02
20210823_15:00:00   3.5845e-01   8.7274e+01   6.9881e+00   1.4318e-03   0.0000e+00   2.8784e+02
20210823_18:00:00   3.2240e-01   8.0133e+01   6.4400e+00   0.0000e+00   0.0000e+00   2.8883e+02
20210823_21:00:00   2.4530e-01   6.4259e+01   4.9608e+00   0.0000e+00   0.0000e+00   2.8966e+02
20210824_00:00:00   2.4852e-01   6.4665e+01   5.0793e+00   0.0000e+00   0.0000e+00   2.8845e+02
20210824_03:00:00   2.4744e-01   6.4305e+01   5.0928e+00   0.0000e+00   0.0000e+00   2.9075e+02
20210824_06:00:00   2.3608e-01   6.1778e+01   4.9052e+00   0.0000e+00   0.0000e+00   2.9441e+02
20210824_09:00:00   2.3271e-01   6.1025e+01   4.8473e+00   0.0000e+00   0.0000e+00   2.9222e+02
20210824_12:00:00   2.8120e-01   7.1617e+01   5.7034e+00   0.0000e+00   0.0000e+00   2.8970e+02
20210824_15:00:00   2.8957e-01   7.3529e+01   5.8317e+00   7.4900e-05   1.8436e-06   2.8860e+02
20210824_18:00:00   2.4304e-01   6.3851e+01   4.8877e+00   6.4240e-06   0.0000e+00   2.8838e+02
20210824_21:00:00   1.6883e-01   4.7071e+01   3.4677e+00   0.0000e+00   0.0000e+00   2.9263e+02
20210825_00:00:00   1.6050e-01   4.4930e+01   3.3304e+00   0.0000e+00   0.0000e+00   2.8840e+02
20210825_03:00:00   1.7306e-01   4.7788e+01   3.6136e+00   0.0000e+00   0.0000e+00   2.9036e+02
20210825_06:00:00   1.6714e-01   4.6598e+01   3.4440e+00   0.0000e+00   0.0000e+00   2.9186e+02
20210825_09:00:00   1.6426e-01   4.5912e+01   3.3957e+00   0.0000e+00   0.0000e+00   2.9284e+02
20210825_12:00:00   1.8687e-01   5.1217e+01   3.8568e+00   0.0000e+00   0.0000e+00   2.9230e+02
20210825_15:00:00   2.1227e-01   5.7161e+01   4.3257e+00   0.0000e+00   0.0000e+00   2.9080e+02
20210825_18:00:00   1.9710e-01   5.3865e+01   3.9782e+00   0.0000e+00   0.0000e+00   2.8805e+02
20210825_21:00:00   1.1319e-01   3.4068e+01   2.2108e+00   0.0000e+00   0.0000e+00   2.8587e+02
20210826_00:00:00   9.2361e-02   2.8901e+01   1.7396e+00   0.0000e+00   0.0000e+00   2.8013e+02
20210826_03:00:00   1.5054e-01   4.2728e+01   3.1383e+00   0.0000e+00   0.0000e+00   2.7524e+02
20210826_06:00:00   1.5084e-01   4.2885e+01   3.1124e+00   0.0000e+00   0.0000e+00   2.7529e+02
20210826_09:00:00   1.2762e-01   3.7436e+01   2.5791e+00   0.0000e+00   0.0000e+00   2.7550e+02
20210826_12:00:00   1.5149e-01   4.3056e+01   3.1397e+00   0.0000e+00   0.0000e+00   2.7305e+02
20210826_15:00:00   1.5312e-01   4.3353e+01   3.2346e+00   0.0000e+00   0.0000e+00   2.7513e+02
20210826_18:00:00   1.2683e-01   3.6789e+01   2.7277e+00   0.0000e+00   0.0000e+00   2.7491e+02
20210826_21:00:00   1.6191e-01   4.4978e+01   3.5610e+00   0.0000e+00   0.0000e+00   2.7492e+02
20210827_00:00:00   1.7160e-01   4.7585e+01   3.7112e+00   0.0000e+00   0.0000e+00   2.7401e+02
20210827_03:00:00   2.2766e-01   5.9970e+01   4.9507e+00   0.0000e+00   0.0000e+00   2.7286e+02
20210827_06:00:00   2.7454e-01   7.0231e+01   5.8790e+00   0.0000e+00   0.0000e+00   2.7220e+02
20210827_09:00:00   2.6956e-01   6.9344e+01   5.7221e+00   0.0000e+00   0.0000e+00   2.6866e+02
20210827_12:00:00   3.2555e-01   8.1298e+01   6.7931e+00   0.0000e+00   0.0000e+00   2.6958e+02
20210827_15:00:00   3.3727e-01   8.3612e+01   7.0932e+00   0.0000e+00   0.0000e+00   2.7189e+02
20210827_18:00:00   3.5451e-01   8.6867e+01   7.4654e+00   0.0000e+00   0.0000e+00   2.7264e+02
20210827_21:00:00   3.3951e-01   8.4092e+01   7.1249e+00   0.0000e+00   0.0000e+00   2.7250e+02
20210828_00:00:00   3.4403e-01   8.4760e+01   7.2117e+00   0.0000e+00   0.0000e+00   2.6960e+02
20210828_03:00:00   3.8997e-01   9.2849e+01   8.3013e+00   0.0000e+00   0.0000e+00   2.7174e+02
20210828_06:00:00   4.0493e-01   9.5432e+01   8.6278e+00   0.0000e+00   0.0000e+00   2.7307e+02
