#            date       tau255        Tb[K]      pwv[mm] lwp[kg*m^-2] iwp[kg*m^-2]       o3[DU]
20210803_00:00:00   2.2050e-01   5.8037e+01   4.4520e+00   0.0000e+00   0.0000e+00   3.2607e+02
20210803_01:00:00   2.1364e-01   5.6516e+01   4.3276e+00   0.0000e+00   0.0000e+00   3.2343e+02
20210803_02:00:00   2.0517e-01   5.4698e+01   4.1434e+00   0.0000e+00   0.0000e+00   3.1760e+02
20210803_03:00:00   1.8823e-01   5.0944e+01   3.8179e+00   0.0000e+00   0.0000e+00   3.1382e+02
20210803_04:00:00   1.7253e-01   4.7456e+01   3.5103e+00   0.0000e+00   0.0000e+00   3.1091e+02
20210803_05:00:00   1.6569e-01   4.5968e+01   3.3519e+00   0.0000e+00   0.0000e+00   3.1002e+02
20210803_06:00:00   1.6054e-01   4.4785e+01   3.2680e+00   0.0000e+00   0.0000e+00   3.1005e+02
20210803_07:00:00   1.6666e-01   4.6181e+01   3.3995e+00   0.0000e+00   6.1600e-06   3.0856e+02
20210803_08:00:00   1.6557e-01   4.5901e+01   3.4104e+00   0.0000e+00   1.0632e-04   3.0779e+02
20210803_09:00:00   1.6626e-01   4.6034e+01   3.4537e+00   0.0000e+00   1.4738e-04   3.0832e+02
20210803_10:00:00   1.8259e-01   4.9767e+01   3.7976e+00   0.0000e+00   2.0918e-03   3.0814e+02
20210803_11:00:00   2.2376e-01   5.8944e+01   4.6094e+00   0.0000e+00   1.9791e-03   3.0779e+02
20210803_12:00:00   2.9115e-01   7.3208e+01   5.8365e+00   0.0000e+00   6.1367e-03   3.0779e+02
20210803_13:00:00   3.5015e-01   8.4771e+01   6.9993e+00   6.8800e-04   9.1604e-03   3.0817e+02
20210803_14:00:00   3.5949e-01   8.6650e+01   7.2174e+00   1.8326e-03   2.3842e-04   3.0767e+02
20210803_15:00:00   3.5836e-01   8.6608e+01   7.2716e+00   1.4880e-04   0.0000e+00   3.0657e+02
20210803_16:00:00   3.5808e-01   8.6668e+01   7.2369e+00   1.9330e-05   0.0000e+00   3.0734e+02
20210803_17:00:00   3.3696e-01   8.2638e+01   6.8392e+00   1.3760e-06   0.0000e+00   3.0851e+02
20210803_18:00:00   3.1267e-01   7.7949e+01   6.3325e+00   0.0000e+00   0.0000e+00   3.0475e+02
20210803_19:00:00   2.7961e-01   7.1258e+01   5.6969e+00   0.0000e+00   0.0000e+00   3.0191e+02
20210803_20:00:00   2.6021e-01   6.7228e+01   5.3141e+00   0.0000e+00   0.0000e+00   3.0057e+02
20210803_21:00:00   2.2997e-01   6.0734e+01   4.7431e+00   0.0000e+00   7.3920e-05   3.0159e+02
20210803_22:00:00   2.1289e-01   5.6945e+01   4.4211e+00   0.0000e+00   2.7762e-03   3.0123e+02
20210803_23:00:00   1.9911e-01   5.3814e+01   4.1464e+00   0.0000e+00   9.8230e-03   3.0178e+02
20210804_00:00:00   1.8878e-01   5.1404e+01   3.9687e+00   0.0000e+00   1.3864e-02   3.0207e+02
20210804_01:00:00   1.9831e-01   5.3484e+01   4.1900e+00   0.0000e+00   1.3887e-02   3.0125e+02
20210804_02:00:00   2.1558e-01   5.7237e+01   4.5858e+00   0.0000e+00   8.0020e-03   3.0136e+02
20210804_03:00:00   2.2420e-01   5.8851e+01   4.8946e+00   0.0000e+00   6.4929e-03   3.0067e+02
20210804_04:00:00   2.2897e-01   5.9738e+01   5.0669e+00   0.0000e+00   2.8402e-03   3.0292e+02
20210804_05:00:00   2.5967e-01   6.6044e+01   5.8029e+00   0.0000e+00   3.3537e-03   3.0511e+02
20210804_06:00:00   2.6057e-01   6.6477e+01   5.7390e+00   0.0000e+00   1.6816e-03   3.0742e+02
20210804_07:00:00   2.5664e-01   6.5929e+01   5.5103e+00   0.0000e+00   2.8177e-03   3.0759e+02
20210804_08:00:00   3.5225e-01   8.4255e+01   7.8307e+00   0.0000e+00   5.4931e-02   3.0799e+02
20210804_09:00:00   4.2213e-01   9.6772e+01   9.3895e+00   0.0000e+00   8.9893e-02   3.0644e+02
20210804_10:00:00   3.8213e-01   9.0287e+01   8.3538e+00   0.0000e+00   7.4056e-03   3.0989e+02
20210804_11:00:00   3.0214e-01   7.5670e+01   6.3816e+00   0.0000e+00   4.9280e-03   3.1499e+02
20210804_12:00:00   2.8054e-01   7.1709e+01   5.7018e+00   0.0000e+00   1.2848e-05   3.1691e+02
20210804_13:00:00   2.8540e-01   7.2794e+01   5.7684e+00   0.0000e+00   6.1600e-06   3.1488e+02
20210804_14:00:00   3.1409e-01   7.8668e+01   6.3285e+00   0.0000e+00   0.0000e+00   3.1186e+02
20210804_15:00:00   3.3986e-01   8.3881e+01   6.7684e+00   0.0000e+00   0.0000e+00   3.0893e+02
20210804_16:00:00   3.6039e-01   8.7861e+01   7.1306e+00   0.0000e+00   0.0000e+00   3.0550e+02
20210804_17:00:00   3.5784e-01   8.7378e+01   7.1159e+00   0.0000e+00   0.0000e+00   3.0661e+02
20210804_18:00:00   3.4216e-01   8.4327e+01   6.8833e+00   0.0000e+00   0.0000e+00   3.0778e+02
20210804_19:00:00   3.3564e-01   8.3001e+01   6.7829e+00   0.0000e+00   0.0000e+00   3.0862e+02
20210804_20:00:00   3.1896e-01   7.9698e+01   6.5062e+00   0.0000e+00   0.0000e+00   3.0886e+02
20210804_21:00:00   3.1246e-01   7.8365e+01   6.3906e+00   0.0000e+00   0.0000e+00   3.0849e+02
20210804_22:00:00   2.9561e-01   7.4958e+01   6.0734e+00   0.0000e+00   0.0000e+00   3.0900e+02
20210804_23:00:00   2.7832e-01   7.1319e+01   5.7907e+00   0.0000e+00   0.0000e+00   3.0843e+02
20210805_00:00:00   2.6118e-01   6.7643e+01   5.5067e+00   0.0000e+00   0.0000e+00   3.0721e+02
20210805_01:00:00   2.5228e-01   6.5663e+01   5.3869e+00   0.0000e+00   0.0000e+00   3.0575e+02
20210805_02:00:00   2.4202e-01   6.3469e+01   5.1899e+00   0.0000e+00   0.0000e+00   3.0525e+02
20210805_03:00:00   2.4030e-01   6.3168e+01   5.1143e+00   0.0000e+00   0.0000e+00   3.0836e+02
20210805_04:00:00   2.3452e-01   6.1947e+01   4.9915e+00   0.0000e+00   0.0000e+00   3.1047e+02
20210805_05:00:00   2.2467e-01   5.9807e+01   4.7868e+00   0.0000e+00   0.0000e+00   3.1128e+02
20210805_06:00:00   2.0919e-01   5.6397e+01   4.4647e+00   0.0000e+00   0.0000e+00   3.1219e+02
20210805_07:00:00   1.9587e-01   5.3435e+01   4.1863e+00   0.0000e+00   0.0000e+00   3.1210e+02
20210805_08:00:00   1.9530e-01   5.3317e+01   4.1668e+00   0.0000e+00   0.0000e+00   3.1106e+02
20210805_09:00:00   2.0326e-01   5.5150e+01   4.3223e+00   0.0000e+00   0.0000e+00   3.0904e+02
20210805_10:00:00   2.2442e-01   5.9883e+01   4.7530e+00   0.0000e+00   0.0000e+00   3.0940e+02
20210805_11:00:00   2.6060e-01   6.7777e+01   5.4548e+00   0.0000e+00   0.0000e+00   3.0775e+02
20210805_12:00:00   2.8389e-01   7.2747e+01   5.9086e+00   0.0000e+00   0.0000e+00   3.0891e+02
20210805_13:00:00   2.9925e-01   7.5989e+01   6.2168e+00   0.0000e+00   0.0000e+00   3.0859e+02
20210805_14:00:00   3.2219e-01   8.0715e+01   6.6543e+00   0.0000e+00   0.0000e+00   3.0835e+02
20210805_15:00:00   3.5264e-01   8.6778e+01   7.2075e+00   0.0000e+00   0.0000e+00   3.0889e+02
20210805_16:00:00   3.5474e-01   8.7255e+01   7.2224e+00   0.0000e+00   0.0000e+00   3.0867e+02
20210805_17:00:00   3.3107e-01   8.2626e+01   6.7737e+00   0.0000e+00   1.5010e-05   3.0800e+02
20210805_18:00:00   3.0037e-01   7.6407e+01   6.2143e+00   0.0000e+00   0.0000e+00   3.0837e+02
20210805_19:00:00   2.7264e-01   7.0585e+01   5.7182e+00   0.0000e+00   0.0000e+00   3.1080e+02
20210805_20:00:00   2.4969e-01   6.5647e+01   5.3090e+00   0.0000e+00   0.0000e+00   3.1168e+02
20210805_21:00:00   2.4980e-01   6.5675e+01   5.3032e+00   0.0000e+00   0.0000e+00   3.1074e+02
20210805_22:00:00   2.4849e-01   6.5400e+01   5.2746e+00   0.0000e+00   0.0000e+00   3.1091e+02
20210805_23:00:00   2.5143e-01   6.6013e+01   5.3329e+00   0.0000e+00   0.0000e+00   3.1118e+02
20210806_00:00:00   2.3889e-01   6.3269e+01   5.0851e+00   0.0000e+00   0.0000e+00   3.1104e+02
20210806_01:00:00   2.3347e-01   6.2079e+01   4.9826e+00   0.0000e+00   0.0000e+00   3.1079e+02
20210806_02:00:00   2.3013e-01   6.1335e+01   4.9317e+00   0.0000e+00   0.0000e+00   3.0806e+02
20210806_03:00:00   2.3172e-01   6.1681e+01   4.9658e+00   0.0000e+00   0.0000e+00   3.0740e+02
20210806_04:00:00   2.3345e-01   6.2035e+01   5.0022e+00   0.0000e+00   0.0000e+00   3.0789e+02
20210806_05:00:00   2.3229e-01   6.1662e+01   5.0089e+00   0.0000e+00   0.0000e+00   3.0831e+02
20210806_06:00:00   2.4133e-01   6.3488e+01   5.2407e+00   0.0000e+00   0.0000e+00   3.1015e+02
20210806_07:00:00   2.5815e-01   6.7013e+01   5.6070e+00   0.0000e+00   0.0000e+00   3.1161e+02
20210806_08:00:00   2.7294e-01   7.0106e+01   5.9157e+00   0.0000e+00   0.0000e+00   3.1267e+02
20210806_09:00:00   2.9430e-01   7.4543e+01   6.3418e+00   0.0000e+00   0.0000e+00   3.1252e+02
20210806_10:00:00   3.1443e-01   7.8635e+01   6.7503e+00   0.0000e+00   0.0000e+00   3.0982e+02
20210806_11:00:00   3.3806e-01   8.3292e+01   7.2280e+00   0.0000e+00   0.0000e+00   3.0818e+02
20210806_12:00:00   3.6445e-01   8.8399e+01   7.7546e+00   0.0000e+00   0.0000e+00   3.0714e+02
20210806_13:00:00   3.9190e-01   9.3653e+01   8.2923e+00   0.0000e+00   0.0000e+00   3.0647e+02
20210806_14:00:00   4.0856e-01   9.6813e+01   8.5961e+00   0.0000e+00   0.0000e+00   3.0638e+02
20210806_15:00:00   4.0577e-01   9.6362e+01   8.5082e+00   0.0000e+00   0.0000e+00   3.0646e+02
20210806_16:00:00   3.9466e-01   9.4300e+01   8.2818e+00   0.0000e+00   0.0000e+00   3.0629e+02
20210806_17:00:00   3.8805e-01   9.3011e+01   8.1572e+00   0.0000e+00   0.0000e+00   3.0519e+02
20210806_18:00:00   3.6882e-01   8.9380e+01   7.7843e+00   0.0000e+00   0.0000e+00   3.0732e+02
20210806_19:00:00   3.3442e-01   8.2588e+01   7.1697e+00   0.0000e+00   0.0000e+00   3.0937e+02
20210806_20:00:00   2.9878e-01   7.5289e+01   6.4890e+00   0.0000e+00   0.0000e+00   3.0899e+02
20210806_21:00:00   2.6168e-01   6.7552e+01   5.6886e+00   0.0000e+00   0.0000e+00   3.0996e+02
20210806_22:00:00   2.3337e-01   6.1483e+01   5.0489e+00   0.0000e+00   0.0000e+00   3.0911e+02
20210806_23:00:00   2.1133e-01   5.6645e+01   4.5427e+00   0.0000e+00   0.0000e+00   3.0740e+02
20210807_00:00:00   1.9942e-01   5.3974e+01   4.2746e+00   0.0000e+00   0.0000e+00   3.0734e+02
20210807_01:00:00   2.0833e-01   5.5967e+01   4.4499e+00   0.0000e+00   0.0000e+00   3.0755e+02
20210807_02:00:00   2.3435e-01   6.1625e+01   4.9974e+00   0.0000e+00   0.0000e+00   3.0775e+02
20210807_03:00:00   2.6999e-01   6.9056e+01   5.7907e+00   0.0000e+00   0.0000e+00   3.0846e+02
20210807_04:00:00   3.1211e-01   7.7582e+01   6.6853e+00   0.0000e+00   0.0000e+00   3.0735e+02
20210807_05:00:00   3.4980e-01   8.4919e+01   7.4803e+00   0.0000e+00   0.0000e+00   3.0825e+02
20210807_06:00:00   3.8262e-01   9.0925e+01   8.1992e+00   0.0000e+00   0.0000e+00   3.0868e+02
20210807_07:00:00   3.9827e-01   9.3672e+01   8.5626e+00   0.0000e+00   0.0000e+00   3.0906e+02
20210807_08:00:00   4.0301e-01   9.4484e+01   8.6857e+00   0.0000e+00   0.0000e+00   3.0789e+02
20210807_09:00:00   4.2446e-01   9.8285e+01   9.1323e+00   0.0000e+00   0.0000e+00   3.0700e+02
20210807_10:00:00   4.4114e-01   1.0120e+02   9.4612e+00   0.0000e+00   0.0000e+00   3.0773e+02
20210807_11:00:00   4.5281e-01   1.0315e+02   9.6936e+00   0.0000e+00   0.0000e+00   3.0909e+02
20210807_12:00:00   4.5853e-01   1.0408e+02   9.8375e+00   0.0000e+00   3.4340e-05   3.0725e+02
20210807_13:00:00   4.6679e-01   1.0531e+02   1.0093e+01   0.0000e+00   4.6403e-03   3.0580e+02
20210807_14:00:00   4.7459e-01   1.0649e+02   1.0327e+01   0.0000e+00   5.2512e-03   3.0448e+02
20210807_15:00:00   4.7173e-01   1.0603e+02   1.0271e+01   0.0000e+00   1.1554e-02   3.0448e+02
20210807_16:00:00   4.6525e-01   1.0493e+02   1.0158e+01   0.0000e+00   1.6736e-02   3.0457e+02
20210807_17:00:00   4.3810e-01   1.0042e+02   9.5721e+00   0.0000e+00   3.8580e-03   3.0599e+02
20210807_18:00:00   4.0312e-01   9.4188e+01   8.8636e+00   0.0000e+00   2.4490e-03   3.0471e+02
20210807_19:00:00   3.6034e-01   8.6137e+01   8.0101e+00   0.0000e+00   1.2342e-02   3.0361e+02
20210807_20:00:00   3.1724e-01   7.7878e+01   7.0692e+00   0.0000e+00   1.9732e-03   3.0303e+02
20210807_21:00:00   3.0195e-01   7.4747e+01   6.7334e+00   0.0000e+00   1.0646e-02   3.0271e+02
20210807_22:00:00   2.8237e-01   7.0789e+01   6.2680e+00   0.0000e+00   1.3883e-02   3.0119e+02
20210807_23:00:00   2.7024e-01   6.8380e+01   5.9798e+00   0.0000e+00   7.1966e-03   2.9853e+02
20210808_00:00:00   2.7223e-01   6.8705e+01   6.0491e+00   0.0000e+00   1.8556e-02   2.9815e+02
20210808_03:00:00   3.0435e-01   7.5210e+01   6.7444e+00   0.0000e+00   1.6735e-03   2.9342e+02
20210808_06:00:00   3.3572e-01   8.1178e+01   7.4333e+00   0.0000e+00   0.0000e+00   2.9215e+02
20210808_09:00:00   3.3940e-01   8.2483e+01   7.3634e+00   0.0000e+00   0.0000e+00   2.8969e+02
20210808_12:00:00   3.8487e-01   9.1612e+01   8.1549e+00   0.0000e+00   0.0000e+00   2.8570e+02
20210808_15:00:00   4.5637e-01   1.0465e+02   9.5392e+00   0.0000e+00   0.0000e+00   2.8464e+02
20210808_18:00:00   4.2721e-01   9.9811e+01   8.9079e+00   0.0000e+00   0.0000e+00   2.8691e+02
20210808_21:00:00   5.4464e-01   1.1960e+02   1.1214e+01   0.0000e+00   0.0000e+00   2.8453e+02
20210809_00:00:00   5.8738e-01   1.2611e+02   1.2103e+01   0.0000e+00   1.7280e-04   2.8624e+02
20210809_03:00:00   5.8855e-01   1.2591e+02   1.2086e+01   1.4330e-03   1.1646e-02   2.8893e+02
20210809_06:00:00   5.3312e-01   1.1712e+02   1.1113e+01   0.0000e+00   2.3504e-03   2.8883e+02
20210809_09:00:00   5.1868e-01   1.1448e+02   1.0780e+01   2.5840e-03   2.3366e-02   2.8913e+02
20210809_12:00:00   5.5808e-01   1.2110e+02   1.1550e+01   8.7620e-04   2.8983e-02   2.9142e+02
20210809_15:00:00   5.7053e-01   1.2355e+02   1.1711e+01   0.0000e+00   3.9827e-04   2.9407e+02
20210809_18:00:00   4.9561e-01   1.1185e+02   1.0205e+01   0.0000e+00   0.0000e+00   2.9144e+02
20210809_21:00:00   5.8258e-01   1.2542e+02   1.2001e+01   0.0000e+00   1.2616e-03   2.8949e+02
20210810_00:00:00   6.4599e-01   1.3453e+02   1.3296e+01   0.0000e+00   2.1920e-03   2.8990e+02
20210810_03:00:00   6.4973e-01   1.3511e+02   1.3189e+01   0.0000e+00   1.7538e-03   2.8589e+02
20210810_06:00:00   6.3050e-01   1.3246e+02   1.2801e+01   0.0000e+00   1.4536e-02   2.8519e+02
20210810_09:00:00   6.2363e-01   1.3162e+02   1.2681e+01   3.2560e-04   1.0980e-03   2.8732e+02
20210810_12:00:00   5.5008e-01   1.2004e+02   1.1453e+01   0.0000e+00   3.1760e-02   2.8753e+02
20210810_15:00:00   5.1112e-01   1.1426e+02   1.0662e+01   6.7760e-05   3.7982e-03   2.8733e+02
20210810_18:00:00   4.6462e-01   1.0675e+02   9.7290e+00   0.0000e+00   0.0000e+00   2.8619e+02
20210810_21:00:00   6.3754e-01   1.3342e+02   1.3214e+01   2.0600e-04   8.2011e-02   2.8539e+02
20210811_00:00:00   6.1568e-01   1.2997e+02   1.2828e+01   0.0000e+00   4.2253e-02   2.8363e+02
20210811_03:00:00   6.5940e-01   1.3662e+02   1.3514e+01   0.0000e+00   8.1097e-05   2.8134e+02
20210811_06:00:00   5.8793e-01   1.2625e+02   1.2119e+01   0.0000e+00   2.0357e-03   2.8351e+02
20210811_09:00:00   4.3349e-01   1.0043e+02   9.2134e+00   0.0000e+00   0.0000e+00   2.8301e+02
20210811_12:00:00   4.9304e-01   1.1023e+02   1.0528e+01   0.0000e+00   3.1509e-03   2.8101e+02
20210811_15:00:00   4.9495e-01   1.1072e+02   1.0550e+01   1.2766e-04   4.3998e-03   2.8153e+02
20210811_18:00:00   5.3750e-01   1.1781e+02   1.1391e+01   0.0000e+00   3.3497e-02   2.8159e+02
20210811_21:00:00   5.4958e-01   1.1971e+02   1.1681e+01   0.0000e+00   2.2264e-02   2.8334e+02
20210812_00:00:00   5.1746e-01   1.1452e+02   1.1024e+01   0.0000e+00   2.3498e-02   2.8206e+02
20210812_03:00:00   5.1751e-01   1.1476e+02   1.0969e+01   0.0000e+00   2.2612e-04   2.8143e+02
20210812_06:00:00   4.9302e-01   1.1064e+02   1.0547e+01   0.0000e+00   9.3915e-04   2.8297e+02
20210812_09:00:00   4.8839e-01   1.1016e+02   1.0399e+01   0.0000e+00   0.0000e+00   2.8267e+02
20210812_12:00:00   4.9798e-01   1.1166e+02   1.0564e+01   0.0000e+00   0.0000e+00   2.8261e+02
20210812_15:00:00   4.4822e-01   1.0305e+02   9.6426e+00   0.0000e+00   0.0000e+00   2.8251e+02
20210812_18:00:00   4.1238e-01   9.6980e+01   8.8673e+00   0.0000e+00   0.0000e+00   2.8292e+02
20210812_21:00:00   3.9252e-01   9.3815e+01   8.3713e+00   0.0000e+00   0.0000e+00   2.8427e+02
20210813_00:00:00   4.4304e-01   1.0254e+02   9.4160e+00   0.0000e+00   0.0000e+00   2.7837e+02
20210813_03:00:00   4.5885e-01   1.0541e+02   9.6796e+00   0.0000e+00   0.0000e+00   2.7908e+02
20210813_06:00:00   4.6321e-01   1.0640e+02   9.6920e+00   0.0000e+00   0.0000e+00   2.8221e+02
20210813_09:00:00   4.6688e-01   1.0724e+02   9.7169e+00   0.0000e+00   0.0000e+00   2.8135e+02
20210813_12:00:00   5.0859e-01   1.1427e+02   1.0512e+01   0.0000e+00   3.6880e-06   2.8127e+02
20210813_15:00:00   5.1559e-01   1.1554e+02   1.0628e+01   0.0000e+00   0.0000e+00   2.8273e+02
20210813_18:00:00   5.0470e-01   1.1402e+02   1.0328e+01   0.0000e+00   0.0000e+00   2.8374e+02
20210813_21:00:00   4.6401e-01   1.0696e+02   9.6233e+00   0.0000e+00   0.0000e+00   2.8522e+02
20210814_00:00:00   4.5709e-01   1.0569e+02   9.4628e+00   0.0000e+00   0.0000e+00   2.8692e+02
20210814_03:00:00   4.7368e-01   1.0852e+02   9.6951e+00   0.0000e+00   0.0000e+00   2.9099e+02
20210814_06:00:00   3.9193e-01   9.4176e+01   7.9995e+00   0.0000e+00   0.0000e+00   2.9087e+02
20210814_09:00:00   2.8933e-01   7.3904e+01   6.0368e+00   0.0000e+00   0.0000e+00   2.9261e+02
20210814_12:00:00   2.8704e-01   7.3548e+01   5.9678e+00   0.0000e+00   0.0000e+00   2.9201e+02
20210814_15:00:00   2.7878e-01   7.1844e+01   5.8040e+00   0.0000e+00   0.0000e+00   2.8785e+02
20210814_18:00:00   2.2854e-01   6.1248e+01   4.7435e+00   0.0000e+00   0.0000e+00   2.8502e+02
20210814_21:00:00   1.7379e-01   4.8801e+01   3.6043e+00   0.0000e+00   0.0000e+00   2.8687e+02
20210815_00:00:00   1.4369e-01   4.1497e+01   2.9663e+00   0.0000e+00   0.0000e+00   2.8386e+02
20210815_03:00:00   1.3118e-01   3.8389e+01   2.6982e+00   0.0000e+00   0.0000e+00   2.8357e+02
20210815_06:00:00   1.3682e-01   3.9763e+01   2.8036e+00   0.0000e+00   0.0000e+00   2.8288e+02
20210815_09:00:00   1.2143e-01   3.5959e+01   2.4821e+00   0.0000e+00   0.0000e+00   2.8374e+02
20210815_12:00:00   1.2989e-01   3.8046e+01   2.6635e+00   0.0000e+00   0.0000e+00   2.8204e+02
20210815_15:00:00   2.0501e-01   5.5873e+01   4.2147e+00   0.0000e+00   0.0000e+00   2.8154e+02
20210815_18:00:00   2.2923e-01   6.1467e+01   4.6185e+00   0.0000e+00   0.0000e+00   2.8150e+02
20210815_21:00:00   2.0219e-01   5.5072e+01   4.1836e+00   0.0000e+00   0.0000e+00   2.8120e+02
20210816_00:00:00   2.3510e-01   6.1049e+01   5.1981e+00   0.0000e+00   0.0000e+00   2.8045e+02
20210816_03:00:00   2.7346e-01   6.8643e+01   6.0952e+00   0.0000e+00   1.5618e-04   2.8110e+02
20210816_06:00:00   2.8066e-01   7.0018e+01   6.1962e+00   0.0000e+00   3.0795e-04   2.8414e+02
20210816_09:00:00   3.0036e-01   7.4342e+01   6.5233e+00   0.0000e+00   0.0000e+00   2.8664e+02
20210816_12:00:00   3.6618e-01   8.7663e+01   7.7765e+00   0.0000e+00   0.0000e+00   2.8465e+02
20210816_15:00:00   2.4763e-01   6.4855e+01   5.0889e+00   0.0000e+00   0.0000e+00   2.8437e+02
20210816_18:00:00   1.7522e-01   4.8790e+01   3.5149e+00   0.0000e+00   0.0000e+00   2.8722e+02
20210816_21:00:00   1.3508e-01   3.8719e+01   2.8389e+00   0.0000e+00   0.0000e+00   2.9622e+02
20210817_00:00:00   1.4069e-01   4.0066e+01   2.9825e+00   0.0000e+00   0.0000e+00   2.9450e+02
20210817_03:00:00   1.5521e-01   4.3456e+01   3.3155e+00   0.0000e+00   0.0000e+00   2.9005e+02
20210817_06:00:00   1.4390e-01   4.0676e+01   3.1052e+00   0.0000e+00   0.0000e+00   2.9611e+02
20210817_09:00:00   1.7260e-01   4.7100e+01   3.8201e+00   0.0000e+00   0.0000e+00   3.0145e+02
20210817_12:00:00   2.6009e-01   6.6744e+01   5.5845e+00   0.0000e+00   0.0000e+00   2.9967e+02
20210817_15:00:00   3.1599e-01   7.8384e+01   6.6515e+00   0.0000e+00   0.0000e+00   2.9983e+02
20210817_18:00:00   2.9815e-01   7.4801e+01   6.3287e+00   0.0000e+00   0.0000e+00   2.9730e+02
20210817_21:00:00   2.7750e-01   7.0410e+01   5.9778e+00   0.0000e+00   0.0000e+00   2.9457e+02
20210818_00:00:00   2.6879e-01   6.8603e+01   5.8265e+00   0.0000e+00   0.0000e+00   2.9396e+02
20210818_03:00:00   2.8303e-01   7.1477e+01   6.1537e+00   0.0000e+00   0.0000e+00   2.9016e+02
20210818_06:00:00   2.7482e-01   6.9912e+01   5.9186e+00   0.0000e+00   1.8800e-03   2.8804e+02
20210818_09:00:00   2.3917e-01   6.2383e+01   5.1397e+00   0.0000e+00   8.5860e-06   2.8897e+02
20210818_12:00:00   3.9121e-01   9.1127e+01   8.7649e+00   0.0000e+00   1.7753e-02   2.8658e+02
20210818_15:00:00   4.4733e-01   1.0167e+02   9.6964e+00   0.0000e+00   0.0000e+00   2.8428e+02
20210818_18:00:00   5.4761e-01   1.1930e+02   1.1199e+01   0.0000e+00   0.0000e+00   2.8543e+02
20210818_21:00:00   4.3421e-01   1.0105e+02   8.6118e+00   0.0000e+00   0.0000e+00   2.8796e+02
20210819_00:00:00   3.0773e-01   7.7084e+01   6.1356e+00   0.0000e+00   0.0000e+00   2.9116e+02
