#            date       tau255        Tb[K]      pwv[mm] lwp[kg*m^-2] iwp[kg*m^-2]       o3[DU]
20230510_00:00:00   1.9177e-01   5.0693e+01   4.2361e+00   0.0000e+00   1.4196e-04   3.0748e+02
20230510_01:00:00   1.4653e-01   4.0280e+01   3.2371e+00   0.0000e+00   6.2996e-04   3.1026e+02
20230510_02:00:00   1.3983e-01   3.8624e+01   3.0660e+00   0.0000e+00   2.8921e-04   3.1188e+02
20230510_03:00:00   1.5177e-01   4.1333e+01   3.3113e+00   0.0000e+00   9.8330e-04   3.1087e+02
20230510_04:00:00   1.5988e-01   4.2953e+01   3.5060e+00   0.0000e+00   2.0579e-02   3.0627e+02
20230510_05:00:00   1.5874e-01   4.2612e+01   3.4928e+00   0.0000e+00   5.8987e-03   3.0497e+02
20230510_06:00:00   1.7380e-01   4.5992e+01   3.8065e+00   0.0000e+00   1.2900e-03   3.0504e+02
20230510_07:00:00   1.6677e-01   4.4542e+01   3.6434e+00   0.0000e+00   8.7796e-05   3.0440e+02
20230510_08:00:00   1.7068e-01   4.5536e+01   3.7021e+00   0.0000e+00   1.2368e-05   3.0264e+02
20230510_09:00:00   1.7685e-01   4.7125e+01   3.7759e+00   0.0000e+00   5.3840e-06   3.0163e+02
20230510_10:00:00   2.0489e-01   5.3584e+01   4.2495e+00   5.8493e-04   1.5010e-05   3.0114e+02
20230510_11:00:00   2.4171e-01   6.1590e+01   4.8928e+00   1.2447e-03   1.0126e-05   3.0239e+02
20230510_12:00:00   2.8069e-01   6.9636e+01   5.6365e+00   1.2361e-03   4.6434e-04   3.0503e+02
20230510_13:00:00   3.2986e-01   7.9384e+01   6.5440e+00   5.1890e-04   3.1769e-03   3.0550e+02
20230510_14:00:00   3.5898e-01   8.5023e+01   7.0387e+00   3.0950e-05   4.0963e-03   3.0594e+02
20230510_15:00:00   3.7351e-01   8.7801e+01   7.2505e+00   0.0000e+00   2.2968e-03   3.0442e+02
20230510_16:00:00   3.7258e-01   8.7646e+01   7.2384e+00   0.0000e+00   4.8515e-03   3.0299e+02
20230510_17:00:00   3.6642e-01   8.6461e+01   7.1541e+00   0.0000e+00   6.8201e-03   3.0144e+02
20230510_18:00:00   3.5123e-01   8.3449e+01   6.9529e+00   0.0000e+00   5.5075e-03   2.9985e+02
20230510_19:00:00   3.2896e-01   7.8928e+01   6.6846e+00   0.0000e+00   9.4897e-03   2.9835e+02
20230510_20:00:00   3.2874e-01   7.8687e+01   6.7521e+00   0.0000e+00   1.2510e-02   2.9623e+02
20230510_21:00:00   3.3232e-01   7.9265e+01   6.8590e+00   0.0000e+00   1.9866e-02   2.9620e+02
20230510_22:00:00   3.0975e-01   7.4842e+01   6.4532e+00   0.0000e+00   1.6211e-02   2.9866e+02
20230510_23:00:00   2.9067e-01   7.0964e+01   6.1216e+00   0.0000e+00   1.1870e-02   2.9960e+02
20230511_00:00:00   2.8391e-01   6.9672e+01   5.9665e+00   0.0000e+00   1.3180e-02   2.9908e+02
20230511_01:00:00   2.8194e-01   6.9246e+01   5.9389e+00   0.0000e+00   6.7563e-03   3.0166e+02
20230511_02:00:00   2.6930e-01   6.6741e+01   5.6535e+00   0.0000e+00   3.8627e-03   3.0496e+02
20230511_03:00:00   2.3879e-01   6.0871e+01   4.8805e+00   0.0000e+00   1.2508e-03   3.1178e+02
20230511_04:00:00   2.1862e-01   5.6784e+01   4.3948e+00   0.0000e+00   0.0000e+00   3.1853e+02
20230511_05:00:00   2.1963e-01   5.7048e+01   4.3715e+00   0.0000e+00   0.0000e+00   3.2006e+02
20230511_06:00:00   2.1887e-01   5.6927e+01   4.3345e+00   0.0000e+00   0.0000e+00   3.2086e+02
20230511_07:00:00   2.0725e-01   5.4404e+01   4.0996e+00   0.0000e+00   0.0000e+00   3.2067e+02
20230511_08:00:00   1.9927e-01   5.2635e+01   3.9450e+00   0.0000e+00   4.4760e-05   3.2161e+02
20230511_09:00:00   1.9783e-01   5.2299e+01   3.9107e+00   0.0000e+00   6.3252e-05   3.2297e+02
20230511_10:00:00   2.0811e-01   5.4570e+01   4.0929e+00   1.1000e-06   0.0000e+00   3.2399e+02
20230511_11:00:00   2.2349e-01   5.7883e+01   4.3673e+00   6.2570e-05   0.0000e+00   3.2464e+02
20230511_12:00:00   2.4813e-01   6.3152e+01   4.7860e+00   1.1760e-04   0.0000e+00   3.2588e+02
20230511_13:00:00   2.7372e-01   6.8379e+01   5.2575e+00   1.8450e-05   0.0000e+00   3.2484e+02
20230511_14:00:00   2.9736e-01   7.3119e+01   5.6390e+00   1.1569e-04   6.2920e-06   3.2574e+02
20230511_15:00:00   3.2077e-01   7.7680e+01   6.0220e+00   3.3050e-05   1.9975e-05   3.2709e+02
20230511_16:00:00   3.2465e-01   7.8478e+01   6.0279e+00   1.0820e-04   2.9140e-05   3.2900e+02
20230511_17:00:00   3.1787e-01   7.7118e+01   5.9400e+00   0.0000e+00   3.6872e-05   3.3116e+02
20230511_18:00:00   2.9773e-01   7.3074e+01   5.6534e+00   0.0000e+00   2.1380e-04   3.3237e+02
20230511_19:00:00   2.8110e-01   6.9665e+01   5.4097e+00   0.0000e+00   7.4840e-05   3.3316e+02
20230511_20:00:00   2.7909e-01   6.9215e+01   5.3976e+00   0.0000e+00   3.8298e-04   3.3471e+02
20230511_21:00:00   2.8422e-01   7.0222e+01   5.5025e+00   0.0000e+00   3.9142e-04   3.3527e+02
20230511_22:00:00   2.9199e-01   7.1679e+01   5.6526e+00   0.0000e+00   2.4582e-04   3.3509e+02
20230511_23:00:00   2.8408e-01   7.0046e+01   5.5105e+00   0.0000e+00   6.8654e-04   3.3451e+02
20230512_00:00:00   2.6510e-01   6.6226e+01   5.1743e+00   0.0000e+00   1.0214e-03   3.3342e+02
20230512_01:00:00   2.5039e-01   6.3179e+01   4.9078e+00   0.0000e+00   2.1180e-04   3.3358e+02
20230512_02:00:00   2.3492e-01   5.9946e+01   4.6172e+00   0.0000e+00   7.5760e-06   3.3265e+02
20230512_03:00:00   2.0400e-01   5.3561e+01   3.9194e+00   0.0000e+00   0.0000e+00   3.3488e+02
20230512_04:00:00   1.8628e-01   4.9750e+01   3.5411e+00   0.0000e+00   0.0000e+00   3.3422e+02
20230512_05:00:00   1.7845e-01   4.8118e+01   3.3371e+00   0.0000e+00   0.0000e+00   3.3394e+02
20230512_06:00:00   1.6992e-01   4.6328e+01   3.1051e+00   0.0000e+00   0.0000e+00   3.3588e+02
20230512_07:00:00   1.5450e-01   4.2825e+01   2.8317e+00   0.0000e+00   0.0000e+00   3.3930e+02
20230512_08:00:00   1.5688e-01   4.3255e+01   2.9216e+00   0.0000e+00   0.0000e+00   3.3985e+02
20230512_09:00:00   1.6429e-01   4.4828e+01   3.1170e+00   1.4880e-05   0.0000e+00   3.3993e+02
20230512_10:00:00   1.7160e-01   4.6337e+01   3.3319e+00   2.7800e-06   0.0000e+00   3.4026e+02
20230512_11:00:00   1.9296e-01   5.1062e+01   3.7361e+00   4.1320e-05   0.0000e+00   3.4042e+02
20230512_12:00:00   2.4633e-01   6.2546e+01   4.6248e+00   2.0771e-04   0.0000e+00   3.3796e+02
20230512_13:00:00   2.8836e-01   7.1114e+01   5.3000e+00   7.2330e-04   2.3366e-06   3.3751e+02
20230512_14:00:00   2.9676e-01   7.2707e+01   5.4956e+00   4.8686e-04   2.0419e-05   3.3653e+02
20230512_15:00:00   2.9599e-01   7.2475e+01   5.5195e+00   1.0610e-04   2.5700e-06   3.3729e+02
20230512_16:00:00   3.0977e-01   7.5098e+01   5.7856e+00   5.1520e-05   4.3890e-05   3.3529e+02
20230512_17:00:00   3.0480e-01   7.3976e+01   5.7430e+00   8.3173e-05   1.6775e-04   3.3633e+02
20230512_18:00:00   3.1638e-01   7.6069e+01   5.8705e+00   1.5356e-03   1.6740e-02   3.4131e+02
20230512_19:00:00   2.9535e-01   7.1992e+01   5.4786e+00   6.9460e-04   7.1880e-03   3.4218e+02
20230512_20:00:00   2.4539e-01   6.1969e+01   4.6081e+00   0.0000e+00   1.0242e-04   3.4090e+02
20230512_21:00:00   2.0284e-01   5.2988e+01   3.8375e+00   0.0000e+00   0.0000e+00   3.4372e+02
20230512_22:00:00   1.8544e-01   4.9176e+01   3.4645e+00   7.7350e-05   0.0000e+00   3.4321e+02
20230512_23:00:00   1.6706e-01   4.5130e+01   3.0846e+00   0.0000e+00   0.0000e+00   3.4283e+02
20230513_00:00:00   1.4584e-01   4.0321e+01   2.6614e+00   2.6050e-05   0.0000e+00   3.4402e+02
20230513_01:00:00   1.1985e-01   3.4306e+01   2.0775e+00   1.6150e-03   0.0000e+00   3.4688e+02
20230513_02:00:00   1.0645e-01   3.1136e+01   1.8602e+00   8.8320e-06   0.0000e+00   3.4722e+02
20230513_03:00:00   1.0228e-01   3.0175e+01   1.7411e+00   0.0000e+00   0.0000e+00   3.4804e+02
20230513_04:00:00   9.8645e-02   2.9308e+01   1.6421e+00   0.0000e+00   0.0000e+00   3.5159e+02
20230513_05:00:00   9.6897e-02   2.8861e+01   1.5898e+00   0.0000e+00   1.7824e-06   3.5552e+02
20230513_06:00:00   8.9228e-02   2.6982e+01   1.4456e+00   0.0000e+00   0.0000e+00   3.6120e+02
20230513_07:00:00   8.2775e-02   2.5380e+01   1.3337e+00   0.0000e+00   0.0000e+00   3.7048e+02
20230513_08:00:00   8.0914e-02   2.4901e+01   1.3045e+00   0.0000e+00   0.0000e+00   3.7674e+02
20230513_09:00:00   9.4723e-02   2.8220e+01   1.5677e+00   0.0000e+00   2.0559e-05   3.8057e+02
20230513_10:00:00   1.1295e-01   3.2548e+01   1.8973e+00   0.0000e+00   0.0000e+00   3.8424e+02
20230513_11:00:00   1.3553e-01   3.7781e+01   2.3012e+00   0.0000e+00   0.0000e+00   3.8649e+02
20230513_12:00:00   1.7276e-01   4.6061e+01   2.9829e+00   0.0000e+00   1.0536e-04   3.8777e+02
20230513_13:00:00   1.9103e-01   5.0036e+01   3.3142e+00   9.0460e-05   3.7780e-05   3.8942e+02
20230513_14:00:00   2.0609e-01   5.3219e+01   3.6100e+00   2.5550e-05   1.1222e-04   3.9020e+02
20230513_15:00:00   2.1132e-01   5.4334e+01   3.7238e+00   0.0000e+00   1.4306e-04   3.8385e+02
20230513_16:00:00   2.1386e-01   5.4945e+01   3.7525e+00   0.0000e+00   1.3963e-04   3.7680e+02
20230513_17:00:00   2.1911e-01   5.6123e+01   3.8011e+00   1.7172e-05   3.6343e-04   3.7356e+02
20230513_18:00:00   2.0577e-01   5.3427e+01   3.5498e+00   0.0000e+00   5.2950e-04   3.7157e+02
20230513_19:00:00   1.7317e-01   4.6474e+01   2.9653e+00   0.0000e+00   9.2180e-07   3.7351e+02
20230513_20:00:00   1.5505e-01   4.2431e+01   2.6707e+00   0.0000e+00   0.0000e+00   3.7428e+02
20230513_21:00:00   1.4639e-01   4.0441e+01   2.5396e+00   0.0000e+00   0.0000e+00   3.7561e+02
20230513_22:00:00   1.4777e-01   4.0683e+01   2.5896e+00   0.0000e+00   0.0000e+00   3.7696e+02
20230513_23:00:00   1.5320e-01   4.1831e+01   2.7196e+00   0.0000e+00   0.0000e+00   3.7564e+02
20230514_00:00:00   1.6822e-01   4.5134e+01   3.0225e+00   0.0000e+00   0.0000e+00   3.7659e+02
20230514_01:00:00   1.7635e-01   4.6941e+01   3.1756e+00   0.0000e+00   0.0000e+00   3.7689e+02
20230514_02:00:00   1.8752e-01   4.9331e+01   3.3785e+00   0.0000e+00   0.0000e+00   3.7790e+02
20230514_03:00:00   1.8435e-01   4.8656e+01   3.3158e+00   0.0000e+00   0.0000e+00   3.8034e+02
20230514_04:00:00   1.8427e-01   4.8688e+01   3.2702e+00   0.0000e+00   0.0000e+00   3.7481e+02
20230514_05:00:00   1.8001e-01   4.7798e+01   3.1677e+00   0.0000e+00   0.0000e+00   3.6395e+02
20230514_06:00:00   1.5973e-01   4.3403e+01   2.7989e+00   0.0000e+00   0.0000e+00   3.5827e+02
20230514_07:00:00   1.4372e-01   3.9826e+01   2.5266e+00   0.0000e+00   0.0000e+00   3.5238e+02
20230514_08:00:00   1.3580e-01   3.7990e+01   2.4253e+00   0.0000e+00   0.0000e+00   3.4956e+02
20230514_09:00:00   1.4057e-01   3.9102e+01   2.5388e+00   0.0000e+00   0.0000e+00   3.4609e+02
20230514_10:00:00   1.5158e-01   4.1623e+01   2.7744e+00   0.0000e+00   0.0000e+00   3.4183e+02
20230514_11:00:00   1.6248e-01   4.4138e+01   2.9991e+00   0.0000e+00   0.0000e+00   3.3841e+02
20230514_12:00:00   1.8822e-01   4.9891e+01   3.4894e+00   0.0000e+00   0.0000e+00   3.3394e+02
20230514_13:00:00   2.0713e-01   5.3969e+01   3.9134e+00   0.0000e+00   0.0000e+00   3.3008e+02
20230514_14:00:00   2.2533e-01   5.7811e+01   4.3250e+00   0.0000e+00   0.0000e+00   3.2962e+02
20230514_15:00:00   2.2420e-01   5.7540e+01   4.3984e+00   0.0000e+00   2.5726e-04   3.2893e+02
20230514_16:00:00   2.1931e-01   5.6436e+01   4.4053e+00   0.0000e+00   4.1208e-05   3.2835e+02
20230514_17:00:00   2.2303e-01   5.7218e+01   4.5255e+00   0.0000e+00   2.5484e-04   3.2728e+02
20230514_18:00:00   2.2632e-01   5.7957e+01   4.6085e+00   0.0000e+00   0.0000e+00   3.2529e+02
20230514_19:00:00   2.2612e-01   5.7899e+01   4.6401e+00   0.0000e+00   0.0000e+00   3.2322e+02
20230514_20:00:00   2.3829e-01   6.0515e+01   4.8585e+00   0.0000e+00   0.0000e+00   3.2294e+02
20230514_21:00:00   2.5484e-01   6.4088e+01   5.1510e+00   0.0000e+00   0.0000e+00   3.2148e+02
20230514_22:00:00   2.7348e-01   6.7997e+01   5.4851e+00   0.0000e+00   3.0800e-06   3.1958e+02
20230514_23:00:00   2.8526e-01   7.0471e+01   5.6788e+00   0.0000e+00   2.7880e-04   3.1767e+02
20230515_00:00:00   2.8704e-01   7.1016e+01   5.6143e+00   0.0000e+00   0.0000e+00   3.1658e+02
20230515_03:00:00   2.2968e-01   5.9529e+01   4.3689e+00   0.0000e+00   0.0000e+00   3.1767e+02
20230515_06:00:00   1.9838e-01   5.2604e+01   3.8754e+00   0.0000e+00   0.0000e+00   3.1983e+02
20230515_09:00:00   1.8766e-01   5.0130e+01   3.7108e+00   0.0000e+00   0.0000e+00   3.2478e+02
20230515_12:00:00   2.1550e-01   5.6178e+01   4.2663e+00   0.0000e+00   0.0000e+00   3.2890e+02
20230515_15:00:00   2.4495e-01   6.2343e+01   4.9020e+00   0.0000e+00   0.0000e+00   3.2689e+02
20230515_18:00:00   2.6392e-01   6.6526e+01   5.1111e+00   0.0000e+00   0.0000e+00   3.2329e+02
20230515_21:00:00   1.9777e-01   5.2279e+01   4.0129e+00   0.0000e+00   0.0000e+00   3.2643e+02
20230516_00:00:00   1.9086e-01   5.0454e+01   3.9916e+00   0.0000e+00   0.0000e+00   3.2710e+02
20230516_03:00:00   1.7494e-01   4.6720e+01   3.6652e+00   0.0000e+00   0.0000e+00   3.2496e+02
20230516_06:00:00   1.9588e-01   5.1213e+01   4.0312e+00   0.0000e+00   0.0000e+00   3.2198e+02
20230516_09:00:00   2.2048e-01   5.6424e+01   4.4531e+00   0.0000e+00   0.0000e+00   3.2839e+02
20230516_12:00:00   2.7184e-01   6.7289e+01   4.5741e+00   1.3252e-02   1.8760e-03   3.2719e+02
20230516_15:00:00   2.3112e-01   5.9072e+01   4.1729e+00   1.2913e-03   9.6247e-03   3.2729e+02
20230516_18:00:00   1.8509e-01   4.9305e+01   3.2753e+00   0.0000e+00   6.4240e-06   3.3187e+02
20230516_21:00:00   1.3761e-01   3.8719e+01   2.3543e+00   0.0000e+00   1.8436e-06   3.3625e+02
20230517_00:00:00   8.0693e-02   2.5184e+01   1.3129e+00   0.0000e+00   0.0000e+00   3.4131e+02
20230517_03:00:00   6.4301e-02   2.0988e+01   1.0311e+00   0.0000e+00   0.0000e+00   3.4533e+02
20230517_06:00:00   5.9842e-02   1.9802e+01   9.5314e-01   0.0000e+00   0.0000e+00   3.4762e+02
20230517_09:00:00   6.6816e-02   2.1504e+01   1.0964e+00   7.9430e-06   0.0000e+00   3.5185e+02
20230517_12:00:00   1.1009e-01   3.2069e+01   1.9197e+00   8.4174e-05   1.7704e-06   3.6221e+02
20230517_15:00:00   1.3961e-01   3.9106e+01   2.4361e+00   0.0000e+00   0.0000e+00   3.6981e+02
20230517_18:00:00   1.2816e-01   3.6437e+01   2.2223e+00   0.0000e+00   0.0000e+00   3.5401e+02
20230517_21:00:00   1.1127e-01   3.2373e+01   1.9199e+00   0.0000e+00   0.0000e+00   3.5975e+02
20230518_00:00:00   1.1653e-01   3.3434e+01   2.0575e+00   0.0000e+00   0.0000e+00   3.5991e+02
20230518_03:00:00   1.2176e-01   3.4541e+01   2.1312e+00   0.0000e+00   3.5260e-04   3.6380e+02
20230518_06:00:00   1.3907e-01   3.8456e+01   2.3954e+00   0.0000e+00   0.0000e+00   3.6998e+02
20230518_09:00:00   1.6722e-01   4.4618e+01   2.9215e+00   2.1879e-04   2.6876e-03   3.7601e+02
20230518_12:00:00   3.0752e-01   7.2899e+01   5.0449e+00   1.2892e-02   4.5843e-02   3.7546e+02
20230518_15:00:00   5.0759e-01   1.0783e+02   6.3445e+00   6.1750e-02   4.4001e-01   3.7195e+02
20230518_18:00:00   3.1517e-01   7.4153e+01   5.5194e+00   2.8397e-03   2.0458e-01   3.6998e+02
20230518_21:00:00   3.1745e-01   7.4468e+01   5.3368e+00   4.8405e-03   3.2371e-01   3.8104e+02
20230519_00:00:00   2.9885e-01   7.0799e+01   5.1575e+00   6.6172e-04   1.9690e-01   3.9253e+02
20230519_03:00:00   2.8968e-01   6.8939e+01   5.0270e+00   0.0000e+00   2.7548e-01   3.8809e+02
20230519_06:00:00   1.8220e-01   4.7526e+01   3.2641e+00   0.0000e+00   1.1228e-03   3.8436e+02
20230519_09:00:00   1.5647e-01   4.2167e+01   2.7459e+00   5.8660e-04   4.6180e-05   3.7597e+02
20230519_12:00:00   2.3398e-01   5.8719e+01   4.1145e+00   9.4716e-04   7.0982e-03   3.7332e+02
20230519_15:00:00   3.2378e-01   7.6422e+01   5.4685e+00   6.6050e-03   7.3290e-02   3.7225e+02
20230519_18:00:00   2.7687e-01   6.7668e+01   4.8014e+00   2.0064e-03   2.0045e-02   3.7757e+02
20230519_21:00:00   2.0680e-01   5.3496e+01   3.6294e+00   0.0000e+00   1.4054e-03   3.8096e+02
20230520_00:00:00   2.2631e-01   5.7470e+01   3.9828e+00   1.5058e-03   4.5052e-04   3.7873e+02
20230520_03:00:00   2.4525e-01   6.1250e+01   4.3831e+00   0.0000e+00   6.0450e-05   3.8281e+02
20230520_06:00:00   1.9878e-01   5.1535e+01   3.5569e+00   0.0000e+00   0.0000e+00   3.8927e+02
20230520_09:00:00   2.4613e-01   6.1298e+01   4.2623e+00   2.2080e-03   4.5722e-03   3.8069e+02
20230520_12:00:00   3.5289e-01   8.1926e+01   5.6423e+00   1.2519e-02   7.4872e-02   3.7911e+02
20230520_15:00:00   3.2083e-01   7.6191e+01   5.5519e+00   1.4784e-03   5.2723e-02   3.7165e+02
20230520_18:00:00   2.8223e-01   6.8822e+01   5.0712e+00   2.6080e-04   1.0783e-02   3.4990e+02
20230520_21:00:00   3.6859e-01   8.4903e+01   6.5354e+00   2.9820e-04   7.3945e-02   3.4928e+02
20230521_00:00:00   3.2848e-01   7.7595e+01   5.8500e+00   8.4120e-04   1.5957e-02   3.4891e+02
20230521_03:00:00   2.8467e-01   6.9156e+01   5.2282e+00   0.0000e+00   2.5571e-03   3.5268e+02
20230521_06:00:00   2.3513e-01   5.9143e+01   4.3166e+00   0.0000e+00   1.5996e-02   3.5789e+02
20230521_09:00:00   2.6646e-01   6.5693e+01   4.5458e+00   5.5250e-03   1.4531e-03   3.5893e+02
20230521_12:00:00   4.0419e-01   9.1560e+01   6.0930e+00   2.7290e-02   5.5774e-02   3.5542e+02
20230521_15:00:00   5.7669e-01   1.1970e+02   7.2064e+00   7.3468e-02   1.7016e-01   3.5429e+02
20230521_18:00:00   5.7703e-01   1.1963e+02   7.6383e+00   6.6155e-02   1.0246e-01   3.5672e+02
20230521_21:00:00   4.1544e-01   9.3491e+01   7.3488e+00   1.1764e-03   5.7670e-02   3.5719e+02
20230522_00:00:00   3.5602e-01   8.3014e+01   6.4272e+00   0.0000e+00   1.9878e-04   3.5011e+02
20230522_03:00:00   3.1739e-01   7.5829e+01   5.7733e+00   0.0000e+00   1.8324e-04   3.5456e+02
20230522_06:00:00   2.9273e-01   7.1069e+01   5.4226e+00   0.0000e+00   0.0000e+00   3.4437e+02
20230522_09:00:00   2.8329e-01   6.9365e+01   5.1276e+00   8.6928e-04   4.7424e-05   3.4830e+02
20230522_12:00:00   7.7962e-01   1.4821e+02   5.8161e+00   1.8985e-01   3.9773e-02   3.4936e+02
20230522_15:00:00   1.4468e+00   2.0811e+02   6.3206e+00   4.5857e-01   4.1163e-02   3.4474e+02
20230522_18:00:00   3.4909e-01   8.2382e+01   5.3079e+00   2.6220e-02   1.7326e-03   3.4195e+02
20230522_21:00:00   2.2320e-01   5.7298e+01   4.2479e+00   6.4240e-06   1.8210e-05   3.4012e+02
20230523_00:00:00   1.8322e-01   4.8869e+01   3.2823e+00   4.0331e-03   3.8339e-06   3.4078e+02
20230523_03:00:00   1.4810e-01   4.0919e+01   2.8654e+00   3.9570e-05   0.0000e+00   3.4684e+02
20230523_06:00:00   1.4091e-01   3.9195e+01   2.7930e+00   0.0000e+00   4.2320e-06   3.5201e+02
20230523_09:00:00   1.5357e-01   4.2116e+01   3.0088e+00   0.0000e+00   2.7362e-03   3.5699e+02
20230523_12:00:00   2.0460e-01   5.3472e+01   3.8477e+00   8.0579e-05   1.4384e-02   3.5566e+02
20230523_15:00:00   2.3718e-01   6.0286e+01   4.4826e+00   1.6568e-03   7.8679e-03   3.5200e+02
20230523_18:00:00   1.7415e-01   4.6372e+01   3.4870e+00   1.0822e-05   5.2101e-02   3.4576e+02
20230523_21:00:00   1.5886e-01   4.2881e+01   3.2140e+00   0.0000e+00   4.8736e-02   3.4808e+02
20230524_00:00:00   1.7854e-01   4.7363e+01   3.5950e+00   0.0000e+00   1.8696e-03   3.5358e+02
20230524_03:00:00   2.4715e-01   6.2321e+01   4.7216e+00   0.0000e+00   5.2777e-03   3.5464e+02
20230524_06:00:00   3.0534e-01   7.3589e+01   5.7981e+00   1.6286e-03   1.9245e-02   3.5375e+02
20230524_09:00:00   1.1373e+00   1.8282e+02   9.7177e+00   2.5903e-01   1.2269e+00   3.5558e+02
20230524_12:00:00   2.5868e+00   2.5052e+02   1.0268e+01   8.5580e-01   6.0161e-01   3.5778e+02
20230524_15:00:00   2.3592e+00   2.4636e+02   9.9718e+00   7.5667e-01   3.0540e-01   3.6348e+02
20230524_18:00:00   9.1821e-01   1.6349e+02   9.8105e+00   1.5410e-01   1.0006e+00   3.5266e+02
20230524_21:00:00   4.1197e-01   9.2751e+01   7.2727e+00   1.4779e-02   4.4713e-01   3.5668e+02
20230525_00:00:00   2.1879e-01   5.5401e+01   3.9920e+00   6.7250e-03   5.2631e-01   3.5486e+02
20230525_03:00:00   1.9319e-01   4.9757e+01   3.8960e+00   6.1640e-06   2.8781e-01   3.6097e+02
20230525_06:00:00   2.5297e-01   6.2678e+01   5.0970e+00   0.0000e+00   8.9144e-02   3.6407e+02
20230525_09:00:00   1.9530e-01   5.1654e+01   3.6117e+00   0.0000e+00   0.0000e+00   3.6363e+02
20230525_12:00:00   2.0286e-01   5.3486e+01   3.5216e+00   3.7811e-03   2.2412e-05   3.5703e+02
20230525_15:00:00   2.1586e-01   5.6340e+01   3.4573e+00   1.0767e-02   1.1332e-03   3.4445e+02
20230525_18:00:00   1.6870e-01   4.5998e+01   2.8230e+00   6.2099e-03   6.7300e-05   3.4522e+02
20230525_21:00:00   1.8007e-01   4.8577e+01   3.2455e+00   0.0000e+00   0.0000e+00   3.2921e+02
20230526_00:00:00   1.3867e-01   3.8979e+01   2.5969e+00   0.0000e+00   0.0000e+00   3.2789e+02
