#            date       tau255        Tb[K]      pwv[mm] lwp[kg*m^-2] iwp[kg*m^-2]       o3[DU]
20230314_00:00:00   7.4799e-02   2.3605e+01   1.3588e+00   0.0000e+00   0.0000e+00   2.9946e+02
20230314_01:00:00   7.9132e-02   2.4684e+01   1.4553e+00   0.0000e+00   0.0000e+00   3.0745e+02
20230314_02:00:00   8.2241e-02   2.5382e+01   1.5355e+00   0.0000e+00   0.0000e+00   3.0819e+02
20230314_03:00:00   8.8180e-02   2.6749e+01   1.6842e+00   0.0000e+00   0.0000e+00   3.0867e+02
20230314_04:00:00   9.4027e-02   2.8085e+01   1.8280e+00   0.0000e+00   4.6476e-04   3.0794e+02
20230314_05:00:00   9.9592e-02   2.9384e+01   1.9512e+00   0.0000e+00   1.7958e-03   3.0858e+02
20230314_06:00:00   1.0594e-01   3.0827e+01   2.0998e+00   0.0000e+00   3.4117e-03   3.0911e+02
20230314_07:00:00   1.1464e-01   3.2787e+01   2.3030e+00   0.0000e+00   4.4291e-03   3.1088e+02
20230314_08:00:00   1.2335e-01   3.4752e+01   2.4990e+00   0.0000e+00   1.2933e-03   3.1352e+02
20230314_09:00:00   1.2272e-01   3.4794e+01   2.4466e+00   0.0000e+00   1.5398e-06   3.1506e+02
20230314_10:00:00   1.2918e-01   3.6411e+01   2.5677e+00   0.0000e+00   9.6360e-06   3.1645e+02
20230314_11:00:00   1.4139e-01   3.9234e+01   2.8322e+00   0.0000e+00   0.0000e+00   3.1747e+02
20230314_12:00:00   1.4368e-01   3.9861e+01   2.8518e+00   0.0000e+00   1.0778e-05   3.1680e+02
20230314_13:00:00   1.5477e-01   4.2446e+01   3.0739e+00   0.0000e+00   0.0000e+00   3.1600e+02
20230314_14:00:00   1.6866e-01   4.5578e+01   3.3587e+00   0.0000e+00   0.0000e+00   3.1639e+02
20230314_15:00:00   1.8524e-01   4.9143e+01   3.7290e+00   0.0000e+00   0.0000e+00   3.1570e+02
20230314_16:00:00   1.9442e-01   5.1160e+01   3.9118e+00   0.0000e+00   0.0000e+00   3.1437e+02
20230314_17:00:00   2.0822e-01   5.4050e+01   4.2233e+00   0.0000e+00   1.3308e-04   3.1232e+02
20230314_18:00:00   2.2299e-01   5.7111e+01   4.5450e+00   0.0000e+00   1.7598e-04   3.0932e+02
20230314_19:00:00   2.3089e-01   5.8832e+01   4.6773e+00   0.0000e+00   0.0000e+00   3.0564e+02
20230314_20:00:00   2.3605e-01   5.9977e+01   4.7539e+00   0.0000e+00   0.0000e+00   3.0024e+02
20230314_21:00:00   2.4387e-01   6.1617e+01   4.8832e+00   0.0000e+00   0.0000e+00   2.9558e+02
20230314_22:00:00   2.5088e-01   6.3063e+01   5.0102e+00   0.0000e+00   0.0000e+00   2.9428e+02
20230314_23:00:00   2.5269e-01   6.3488e+01   5.0337e+00   0.0000e+00   1.2478e-04   2.9182e+02
20230315_00:00:00   2.5769e-01   6.4497e+01   5.1354e+00   0.0000e+00   4.8777e-04   2.9023e+02
20230315_01:00:00   2.5564e-01   6.4154e+01   5.0763e+00   0.0000e+00   4.6080e-06   2.9090e+02
20230315_02:00:00   2.4799e-01   6.2702e+01   4.8940e+00   0.0000e+00   6.4240e-06   2.9135e+02
20230315_03:00:00   2.3982e-01   6.1117e+01   4.7055e+00   0.0000e+00   1.5243e-04   2.9166e+02
20230315_04:00:00   2.2922e-01   5.9048e+01   4.4522e+00   0.0000e+00   8.1580e-06   2.9252e+02
20230315_05:00:00   2.1685e-01   5.6542e+01   4.1733e+00   0.0000e+00   8.1580e-06   2.9559e+02
20230315_06:00:00   2.0603e-01   5.4300e+01   3.9335e+00   0.0000e+00   8.1580e-06   2.9939e+02
20230315_07:00:00   1.9906e-01   5.2812e+01   3.7877e+00   0.0000e+00   2.5700e-06   3.0141e+02
20230315_08:00:00   2.0334e-01   5.3682e+01   3.9067e+00   0.0000e+00   0.0000e+00   3.0309e+02
20230315_09:00:00   2.0643e-01   5.4308e+01   3.9873e+00   0.0000e+00   0.0000e+00   3.0534e+02
20230315_10:00:00   2.0543e-01   5.4102e+01   3.9695e+00   0.0000e+00   0.0000e+00   3.0404e+02
20230315_11:00:00   2.0225e-01   5.3448e+01   3.8958e+00   0.0000e+00   0.0000e+00   3.0120e+02
20230315_12:00:00   2.0652e-01   5.4392e+01   3.9618e+00   0.0000e+00   0.0000e+00   2.9987e+02
20230315_13:00:00   2.0968e-01   5.5100e+01   4.0135e+00   0.0000e+00   0.0000e+00   2.9881e+02
20230315_14:00:00   2.1672e-01   5.6637e+01   4.1454e+00   0.0000e+00   0.0000e+00   2.9833e+02
20230315_15:00:00   2.2251e-01   5.7866e+01   4.2603e+00   0.0000e+00   0.0000e+00   2.9781e+02
20230315_16:00:00   2.2752e-01   5.8919e+01   4.3600e+00   0.0000e+00   0.0000e+00   2.9715e+02
20230315_17:00:00   2.2469e-01   5.8295e+01   4.3186e+00   0.0000e+00   0.0000e+00   2.9612e+02
20230315_18:00:00   2.1760e-01   5.6765e+01   4.2095e+00   0.0000e+00   0.0000e+00   2.9543e+02
20230315_19:00:00   2.1438e-01   5.6007e+01   4.1720e+00   0.0000e+00   0.0000e+00   2.9620e+02
20230315_20:00:00   2.1275e-01   5.5619e+01   4.1556e+00   0.0000e+00   0.0000e+00   2.9545e+02
20230315_21:00:00   2.0981e-01   5.4969e+01   4.1005e+00   0.0000e+00   0.0000e+00   2.9437e+02
20230315_22:00:00   2.1060e-01   5.5147e+01   4.1015e+00   0.0000e+00   0.0000e+00   2.9406e+02
20230315_23:00:00   2.0520e-01   5.3998e+01   3.9878e+00   0.0000e+00   0.0000e+00   2.9336e+02
20230316_00:00:00   2.0003e-01   5.2919e+01   3.8655e+00   0.0000e+00   0.0000e+00   2.9330e+02
20230316_01:00:00   2.0059e-01   5.3042e+01   3.8666e+00   0.0000e+00   0.0000e+00   2.9289e+02
20230316_02:00:00   1.9577e-01   5.2006e+01   3.7653e+00   0.0000e+00   0.0000e+00   2.9285e+02
20230316_03:00:00   1.8501e-01   4.9648e+01   3.5571e+00   0.0000e+00   0.0000e+00   2.9257e+02
20230316_04:00:00   1.8289e-01   4.9114e+01   3.5402e+00   0.0000e+00   0.0000e+00   2.9200e+02
20230316_05:00:00   1.8841e-01   5.0247e+01   3.6747e+00   0.0000e+00   0.0000e+00   2.9251e+02
20230316_06:00:00   1.9162e-01   5.0902e+01   3.7566e+00   0.0000e+00   0.0000e+00   2.9340e+02
20230316_07:00:00   1.9305e-01   5.1199e+01   3.7930e+00   0.0000e+00   0.0000e+00   2.9416e+02
20230316_08:00:00   1.9277e-01   5.1115e+01   3.7968e+00   0.0000e+00   0.0000e+00   2.9403e+02
20230316_09:00:00   1.8681e-01   4.9806e+01   3.6925e+00   0.0000e+00   0.0000e+00   2.9570e+02
20230316_10:00:00   1.7502e-01   4.7128e+01   3.4877e+00   0.0000e+00   0.0000e+00   2.9683e+02
20230316_11:00:00   1.6151e-01   4.3954e+01   3.2465e+00   0.0000e+00   0.0000e+00   2.9644e+02
20230316_12:00:00   1.5364e-01   4.2079e+01   3.1005e+00   0.0000e+00   0.0000e+00   2.9577e+02
20230316_13:00:00   1.4904e-01   4.1007e+01   3.0049e+00   0.0000e+00   0.0000e+00   2.9547e+02
20230316_14:00:00   1.3968e-01   3.8889e+01   2.8016e+00   0.0000e+00   9.8080e-05   2.9464e+02
20230316_15:00:00   1.3207e-01   3.7119e+01   2.6364e+00   0.0000e+00   1.8198e-04   2.9426e+02
20230316_16:00:00   1.2616e-01   3.5712e+01   2.5179e+00   0.0000e+00   2.1104e-04   2.9528e+02
20230316_17:00:00   1.1405e-01   3.2907e+01   2.2484e+00   0.0000e+00   3.9663e-05   2.9616e+02
20230316_18:00:00   1.0070e-01   2.9701e+01   1.9636e+00   0.0000e+00   7.4620e-05   2.9461e+02
20230316_19:00:00   1.1032e-01   3.2121e+01   2.1314e+00   0.0000e+00   4.3877e-04   2.9385e+02
20230316_20:00:00   1.2276e-01   3.5086e+01   2.3676e+00   0.0000e+00   1.7879e-03   2.9394e+02
20230316_21:00:00   1.2743e-01   3.6148e+01   2.4625e+00   0.0000e+00   4.0719e-03   2.9565e+02
20230316_22:00:00   1.3891e-01   3.8813e+01   2.6648e+00   0.0000e+00   3.3186e-03   2.9468e+02
20230316_23:00:00   1.4292e-01   3.9513e+01   2.7831e+00   0.0000e+00   2.0683e-02   2.9224e+02
20230317_00:00:00   1.3335e-01   3.7167e+01   2.6292e+00   0.0000e+00   1.4524e-02   2.9123e+02
20230317_01:00:00   1.2738e-01   3.5791e+01   2.4610e+00   0.0000e+00   7.1882e-02   2.8977e+02
20230317_02:00:00   1.2720e-01   3.5417e+01   2.5365e+00   0.0000e+00   5.8157e-02   2.8982e+02
20230317_03:00:00   1.3772e-01   3.7513e+01   2.8132e+00   0.0000e+00   4.5671e-02   2.9165e+02
20230317_04:00:00   1.5481e-01   4.1286e+01   3.1754e+00   0.0000e+00   4.1163e-02   2.9229e+02
20230317_05:00:00   3.3457e-01   7.8152e+01   6.5370e+00   0.0000e+00   8.7793e-02   2.9564e+02
20230317_06:00:00   3.6487e-01   8.4440e+01   6.7306e+00   9.9860e-04   2.9809e-02   2.9931e+02
20230317_07:00:00   2.4984e-01   6.2823e+01   4.4638e+00   0.0000e+00   1.1322e-02   3.0238e+02
20230317_08:00:00   2.1455e-01   5.5537e+01   3.7606e+00   3.5870e-05   4.2642e-03   3.0565e+02
20230317_09:00:00   1.8328e-01   4.8798e+01   3.1657e+00   4.9920e-04   6.9840e-03   3.1039e+02
20230317_10:00:00   1.3439e-01   3.7879e+01   2.2911e+00   0.0000e+00   1.7032e-03   3.1495e+02
20230317_11:00:00   1.0677e-01   3.1456e+01   1.7667e+00   0.0000e+00   2.8000e-05   3.1992e+02
20230317_12:00:00   6.9769e-02   2.2397e+01   1.0801e+00   0.0000e+00   0.0000e+00   3.2247e+02
20230317_13:00:00   6.2912e-02   2.0638e+01   9.5572e-01   0.0000e+00   0.0000e+00   3.2245e+02
20230317_14:00:00   7.5401e-02   2.3743e+01   1.1995e+00   0.0000e+00   0.0000e+00   3.2182e+02
20230317_15:00:00   8.3450e-02   2.5696e+01   1.3515e+00   2.0168e-04   5.4680e-05   3.1914e+02
20230317_16:00:00   7.9726e-02   2.4687e+01   1.3127e+00   9.4296e-05   4.0164e-03   3.1724e+02
20230317_17:00:00   6.9721e-02   2.2057e+01   1.1524e+00   5.2090e-07   2.1512e-02   3.1700e+02
20230317_18:00:00   9.2654e-02   2.7194e+01   1.6847e+00   7.9830e-05   5.8249e-02   3.1711e+02
20230317_19:00:00   1.0986e-01   3.0874e+01   2.0324e+00   0.0000e+00   1.6428e-01   3.1876e+02
20230317_20:00:00   1.4133e-01   3.7940e+01   2.6890e+00   0.0000e+00   1.4262e-01   3.1908e+02
20230317_21:00:00   1.3487e-01   3.6574e+01   2.5714e+00   0.0000e+00   8.2750e-02   3.2019e+02
20230317_22:00:00   1.4251e-01   3.8463e+01   2.7212e+00   0.0000e+00   1.4299e-02   3.2016e+02
20230317_23:00:00   9.2888e-02   2.7454e+01   1.6511e+00   0.0000e+00   3.6913e-03   3.2169e+02
20230318_00:00:00   8.0793e-02   2.4650e+01   1.3796e+00   0.0000e+00   3.3519e-03   3.2605e+02
20230318_01:00:00   7.8924e-02   2.4216e+01   1.3363e+00   0.0000e+00   3.2315e-03   3.3069e+02
20230318_02:00:00   7.5133e-02   2.3298e+01   1.2540e+00   0.0000e+00   2.7418e-03   3.3485e+02
20230318_03:00:00   7.3555e-02   2.2854e+01   1.2277e+00   2.1368e-05   3.3324e-03   3.3592e+02
20230318_04:00:00   7.1410e-02   2.2264e+01   1.1977e+00   0.0000e+00   2.5617e-03   3.3634e+02
20230318_05:00:00   6.9533e-02   2.1820e+01   1.1593e+00   0.0000e+00   1.7380e-03   3.3680e+02
20230318_06:00:00   7.8742e-02   2.4170e+01   1.2768e+00   1.0974e-03   2.6371e-04   3.3718e+02
20230318_07:00:00   1.0421e-01   3.0426e+01   1.4403e+00   8.1770e-03   2.3979e-05   3.3569e+02
20230318_08:00:00   1.2280e-01   3.4828e+01   1.6901e+00   1.0877e-02   2.9297e-05   3.3631e+02
20230318_09:00:00   1.3692e-01   3.8081e+01   1.9940e+00   1.0178e-02   2.7384e-05   3.3833e+02
20230318_10:00:00   1.3132e-01   3.6762e+01   2.0881e+00   5.5630e-03   3.2692e-05   3.4111e+02
20230318_11:00:00   1.3420e-01   3.7446e+01   2.1994e+00   3.7080e-03   8.8150e-05   3.4199e+02
20230318_12:00:00   2.0666e-01   5.3737e+01   2.3783e+00   2.9463e-02   5.6529e-04   3.4211e+02
20230318_13:00:00   2.7067e-01   6.7123e+01   2.6276e+00   4.9798e-02   1.2337e-02   3.4384e+02
20230318_14:00:00   3.7699e-01   8.7443e+01   2.8451e+00   8.9565e-02   2.1756e-02   3.4344e+02
20230318_15:00:00   2.5741e-01   6.4383e+01   2.7947e+00   4.0074e-02   6.6725e-03   3.4392e+02
20230318_16:00:00   1.5850e-01   4.3092e+01   2.5169e+00   5.5330e-03   4.9911e-03   3.4151e+02
20230318_17:00:00   1.4121e-01   3.9119e+01   2.4405e+00   7.7160e-04   2.3813e-03   3.3552e+02
20230318_18:00:00   1.2283e-01   3.4781e+01   2.1961e+00   4.5170e-04   2.8400e-03   3.3162e+02
20230318_19:00:00   1.0093e-01   2.9513e+01   1.8619e+00   0.0000e+00   4.0365e-03   3.3166e+02
20230318_20:00:00   9.4433e-02   2.7871e+01   1.7760e+00   0.0000e+00   1.4853e-03   3.3123e+02
20230318_21:00:00   9.1654e-02   2.7105e+01   1.7543e+00   0.0000e+00   2.6270e-03   3.2972e+02
20230318_22:00:00   9.4194e-02   2.7683e+01   1.8235e+00   0.0000e+00   1.0148e-04   3.2716e+02
20230318_23:00:00   9.6264e-02   2.8189e+01   1.8743e+00   0.0000e+00   1.1522e-06   3.2431e+02
20230319_00:00:00   9.9226e-02   2.8908e+01   1.9454e+00   0.0000e+00   2.9058e-04   3.2011e+02
20230319_03:00:00   1.2774e-01   3.5524e+01   2.6144e+00   0.0000e+00   7.1540e-05   3.1416e+02
20230319_06:00:00   1.8719e-01   4.8745e+01   3.9066e+00   0.0000e+00   8.4134e-04   3.0981e+02
20230319_09:00:00   2.4131e-01   6.0248e+01   5.0107e+00   0.0000e+00   1.1633e-04   3.0588e+02
20230319_12:00:00   2.8501e-01   6.9353e+01   5.8735e+00   0.0000e+00   6.4217e-03   3.0298e+02
20230319_15:00:00   3.2297e-01   7.7094e+01   6.4816e+00   0.0000e+00   1.4633e-04   2.9705e+02
20230319_18:00:00   3.2275e-01   7.7156e+01   6.5102e+00   0.0000e+00   1.0198e-05   2.9367e+02
20230319_21:00:00   3.0975e-01   7.4647e+01   6.3391e+00   0.0000e+00   2.3264e-04   2.9383e+02
20230320_00:00:00   3.0707e-01   7.4248e+01   6.2528e+00   0.0000e+00   4.6198e-04   2.8697e+02
20230320_03:00:00   3.1253e-01   7.5143e+01   6.4346e+00   0.0000e+00   2.4350e-03   2.8205e+02
20230320_06:00:00   3.0944e-01   7.4334e+01   6.4434e+00   0.0000e+00   6.5053e-03   2.7705e+02
20230320_09:00:00   2.9389e-01   7.1533e+01   6.0741e+00   0.0000e+00   2.3349e-03   2.7639e+02
20230320_12:00:00   2.7286e-01   6.7735e+01   5.5261e+00   0.0000e+00   2.3040e-06   2.7554e+02
20230320_15:00:00   2.8753e-01   7.0926e+01   5.6564e+00   0.0000e+00   0.0000e+00   2.7824e+02
20230320_18:00:00   2.7356e-01   6.8157e+01   5.3654e+00   0.0000e+00   0.0000e+00   2.7887e+02
20230320_21:00:00   2.3194e-01   5.9164e+01   4.7158e+00   0.0000e+00   3.7556e-05   2.7790e+02
20230321_00:00:00   2.2281e-01   5.7090e+01   4.5753e+00   0.0000e+00   5.6260e-04   2.7932e+02
20230321_03:00:00   2.1835e-01   5.6016e+01   4.4652e+00   0.0000e+00   5.2827e-04   2.8176e+02
20230321_06:00:00   1.9543e-01   5.0860e+01   4.0122e+00   0.0000e+00   3.9000e-04   2.8759e+02
20230321_09:00:00   3.0436e-01   7.3143e+01   5.9812e+00   0.0000e+00   0.0000e+00   2.9209e+02
20230321_12:00:00   3.9925e-01   9.0368e+01   7.5731e+00   3.6758e-04   2.8740e-02   2.9230e+02
20230321_15:00:00   4.8450e-01   1.0452e+02   8.6113e+00   4.9934e-03   3.1600e-01   2.8930e+02
20230321_18:00:00   4.9536e-01   1.0646e+02   8.8391e+00   9.0880e-04   3.5175e-01   2.9185e+02
20230321_21:00:00   6.4432e-01   1.2899e+02   8.9657e+00   6.0406e-02   4.3076e-01   2.9609e+02
20230322_00:00:00   5.1092e-01   1.0912e+02   8.3043e+00   2.2919e-02   1.3941e-02   3.0283e+02
20230322_03:00:00   4.5239e-01   9.9590e+01   7.8746e+00   7.5337e-03   4.4222e-02   3.0611e+02
20230322_06:00:00   4.4561e-01   9.8503e+01   7.7126e+00   9.2970e-03   6.5570e-02   3.1251e+02
20230322_09:00:00   7.0433e-01   1.3774e+02   7.9845e+00   1.0809e-01   1.5955e-01   3.2335e+02
20230322_12:00:00   7.8295e-01   1.4785e+02   8.1259e+00   1.3783e-01   1.1635e-01   3.3418e+02
20230322_15:00:00   6.9470e-01   1.3667e+02   7.4320e+00   1.1752e-01   4.3265e-02   3.4110e+02
20230322_18:00:00   6.0507e-01   1.2350e+02   7.7783e+00   7.5530e-02   1.8867e-01   3.3752e+02
20230322_21:00:00   1.3176e+00   1.9817e+02   8.1918e+00   3.6223e-01   5.0153e-01   3.3738e+02
20230323_00:00:00   7.1874e-01   1.3872e+02   7.9837e+00   1.1279e-01   6.6872e-01   3.4132e+02
20230323_03:00:00   8.7873e-01   1.5850e+02   6.9384e+00   2.1082e-01   1.0811e-01   3.3565e+02
20230323_06:00:00   1.1432e+00   1.8436e+02   7.4267e+00   3.1245e-01   9.2027e-02   3.3761e+02
20230323_09:00:00   1.2142e+00   1.9030e+02   7.1301e+00   3.4621e-01   1.0380e-01   3.2618e+02
20230323_12:00:00   2.1065e+00   2.3751e+02   6.9988e+00   7.2687e-01   1.5297e-01   3.1633e+02
20230323_15:00:00   1.7084e+00   2.2181e+02   6.9501e+00   5.5853e-01   2.1301e-02   3.0587e+02
20230323_18:00:00   1.1902e+00   1.8861e+02   6.8774e+00   3.4096e-01   1.0994e-01   2.9488e+02
20230323_21:00:00   1.5396e+00   2.1211e+02   6.3587e+00   5.0339e-01   1.0958e-01   2.9988e+02
20230324_00:00:00   1.9681e-01   5.1010e+01   3.4159e+00   6.9130e-03   1.4330e-03   3.1390e+02
20230324_03:00:00   3.2906e-01   7.7454e+01   4.2151e+00   3.9974e-02   9.9890e-03   3.0771e+02
20230324_06:00:00   5.1762e-02   1.7545e+01   7.3826e-01   2.4490e-04   1.8050e-06   3.1510e+02
20230324_09:00:00   2.1646e-01   5.4837e+01   3.1909e+00   1.4058e-02   3.6789e-02   3.3107e+02
20230324_12:00:00   1.6874e-01   4.4565e+01   2.7104e+00   8.8109e-03   4.3944e-03   3.3324e+02
20230324_15:00:00   1.9212e-01   4.9661e+01   3.1361e+00   1.2364e-02   1.9717e-02   3.2212e+02
20230324_18:00:00   2.3683e-01   5.8840e+01   4.6776e+00   4.5820e-04   1.5235e-02   3.1496e+02
20230324_21:00:00   3.1307e-01   7.4148e+01   6.0229e+00   8.8210e-04   1.8341e-03   3.1282e+02
20230325_00:00:00   3.8446e-01   8.7343e+01   7.2690e+00   0.0000e+00   5.4437e-04   3.1272e+02
20230325_03:00:00   4.3927e-01   9.7534e+01   7.3881e+00   1.8338e-02   7.1332e-04   3.1320e+02
20230325_06:00:00   7.8764e-01   1.4875e+02   7.2703e+00   1.6602e-01   3.2906e-03   3.0967e+02
20230325_09:00:00   1.7348e+00   2.2338e+02   7.2944e+00   5.6310e-01   2.2001e-02   2.9991e+02
20230325_12:00:00   4.8033e-01   1.0532e+02   6.7382e+00   5.4996e-02   3.6830e-03   2.9363e+02
20230325_15:00:00   3.4340e-01   8.1168e+01   6.2021e+00   1.2619e-02   1.0757e-03   2.9103e+02
20230325_18:00:00   3.9567e-01   9.0972e+01   7.0333e+00   1.1707e-02   1.1310e-03   2.8787e+02
20230325_21:00:00   3.6665e-01   8.5863e+01   6.9245e+00   2.4666e-03   6.2961e-03   2.8684e+02
20230326_00:00:00   3.4361e-01   8.1452e+01   6.8432e+00   0.0000e+00   3.8840e-03   2.8292e+02
20230326_03:00:00   2.8507e-01   7.0603e+01   5.6507e+00   0.0000e+00   1.5625e-03   2.7689e+02
20230326_06:00:00   2.3735e-01   6.1285e+01   4.4720e+00   0.0000e+00   6.9240e-06   2.7746e+02
20230326_09:00:00   1.9429e-01   5.2154e+01   3.6171e+00   0.0000e+00   0.0000e+00   2.7518e+02
20230326_12:00:00   1.2770e-01   3.6956e+01   2.3807e+00   0.0000e+00   0.0000e+00   2.7012e+02
20230326_15:00:00   1.1962e-01   3.4933e+01   2.3301e+00   0.0000e+00   0.0000e+00   2.6513e+02
20230326_18:00:00   9.3659e-02   2.8520e+01   1.8315e+00   0.0000e+00   0.0000e+00   2.6283e+02
20230326_21:00:00   9.1805e-02   2.7998e+01   1.8125e+00   0.0000e+00   0.0000e+00   2.6204e+02
20230327_00:00:00   1.0451e-01   3.1127e+01   2.0967e+00   0.0000e+00   0.0000e+00   2.6024e+02
20230327_03:00:00   1.0713e-01   3.1839e+01   2.1362e+00   0.0000e+00   0.0000e+00   2.5867e+02
20230327_06:00:00   1.0657e-01   3.1759e+01   2.0980e+00   0.0000e+00   0.0000e+00   2.5826e+02
20230327_09:00:00   1.0809e-01   3.2110e+01   2.1349e+00   0.0000e+00   0.0000e+00   2.5963e+02
20230327_12:00:00   1.2446e-01   3.6059e+01   2.4605e+00   0.0000e+00   0.0000e+00   2.5992e+02
20230327_15:00:00   1.9008e-01   5.1364e+01   3.2510e+00   8.7720e-03   0.0000e+00   2.6062e+02
20230327_18:00:00   1.7566e-01   4.8024e+01   3.2519e+00   2.8640e-03   0.0000e+00   2.6207e+02
20230327_21:00:00   1.4454e-01   4.0625e+01   2.8217e+00   3.3250e-06   0.0000e+00   2.6516e+02
20230328_00:00:00   1.7326e-01   4.6778e+01   3.5831e+00   0.0000e+00   4.7880e-04   2.6585e+02
20230328_03:00:00   2.3024e-01   5.8977e+01   4.7609e+00   0.0000e+00   1.5802e-03   2.6319e+02
20230328_06:00:00   2.3222e-01   5.9194e+01   4.7846e+00   0.0000e+00   7.7254e-03   2.6751e+02
20230328_09:00:00   2.5803e-01   6.4072e+01   5.3607e+00   0.0000e+00   7.7298e-03   2.7056e+02
20230328_12:00:00   2.0970e-01   5.5067e+01   3.9982e+00   0.0000e+00   0.0000e+00   2.7468e+02
20230328_15:00:00   1.8324e-01   4.9450e+01   3.3741e+00   2.5700e-05   2.5700e-06   2.7716e+02
20230328_18:00:00   1.9378e-01   5.1392e+01   3.6587e+00   0.0000e+00   0.0000e+00   2.7969e+02
20230328_21:00:00   1.7233e-01   4.6666e+01   3.1368e+00   0.0000e+00   0.0000e+00   2.8462e+02
20230329_00:00:00   1.1993e-01   3.4378e+01   2.1983e+00   0.0000e+00   0.0000e+00   2.9081e+02
20230329_03:00:00   1.7432e-01   4.6570e+01   3.2796e+00   0.0000e+00   0.0000e+00   3.0485e+02
20230329_06:00:00   2.9114e-01   7.0310e+01   5.5651e+00   0.0000e+00   3.0800e-06   3.0618e+02
20230329_09:00:00   3.1410e-01   7.5033e+01   5.8988e+00   0.0000e+00   1.0938e-04   3.0817e+02
20230329_12:00:00   3.0528e-01   7.3802e+01   5.5126e+00   1.7708e-03   7.8187e-04   3.0582e+02
20230329_15:00:00   2.2255e-01   5.7345e+01   4.0848e+00   2.9147e-03   1.7506e-04   2.9412e+02
20230329_18:00:00   1.8979e-01   5.0396e+01   3.6119e+00   1.6543e-04   0.0000e+00   2.9075e+02
20230329_21:00:00   2.0180e-01   5.2731e+01   3.9484e+00   0.0000e+00   1.2612e-03   2.9675e+02
20230330_00:00:00   2.2846e-01   5.8000e+01   4.5853e+00   0.0000e+00   1.0658e-03   2.9495e+02
