#            date       tau255        Tb[K]      pwv[mm] lwp[kg*m^-2] iwp[kg*m^-2]       o3[DU]
20240419_12:00:00   3.3028e-01   7.9506e+01   4.1246e+00   4.6741e-02   1.8588e-03   3.6567e+02
20240419_13:00:00   3.2126e-01   7.7622e+01   4.5302e+00   3.4384e-02   2.6469e-03   3.6675e+02
20240419_14:00:00   3.6904e-01   8.6619e+01   5.0431e+00   4.3170e-02   1.8388e-03   3.6717e+02
20240419_15:00:00   3.7638e-01   8.7924e+01   5.3944e+00   3.7970e-02   3.4727e-03   3.6622e+02
20240419_16:00:00   2.8358e-01   7.0025e+01   5.0305e+00   7.6640e-03   8.6204e-03   3.6100e+02
20240419_17:00:00   3.3631e-01   8.0449e+01   5.2293e+00   2.4720e-02   1.0925e-02   3.6137e+02
20240419_18:00:00   4.2152e-01   9.6083e+01   5.5210e+00   5.4240e-02   2.9014e-02   3.5944e+02
20240419_19:00:00   3.6553e-01   8.5641e+01   5.6826e+00   2.8890e-02   1.5798e-02   3.5866e+02
20240419_20:00:00   3.2557e-01   7.7499e+01   6.3055e+00   6.7030e-04   2.0842e-02   3.5915e+02
20240419_21:00:00   3.6906e-01   8.5435e+01   7.0991e+00   4.8560e-04   3.9965e-02   3.6199e+02
20240419_22:00:00   3.6721e-01   8.5108e+01   7.0828e+00   0.0000e+00   2.1359e-02   3.6608e+02
20240419_23:00:00   3.8100e-01   8.7499e+01   7.3355e+00   0.0000e+00   1.8212e-02   3.7213e+02
20240420_00:00:00   3.8600e-01   8.8276e+01   7.4414e+00   0.0000e+00   1.6468e-02   3.7651e+02
20240420_01:00:00   4.1058e-01   9.2482e+01   7.8316e+00   2.0020e-04   3.1843e-02   3.8010e+02
20240420_02:00:00   4.2176e-01   9.4451e+01   7.9201e+00   2.1280e-04   8.7069e-02   3.8150e+02
20240420_03:00:00   4.0020e-01   9.0878e+01   7.4917e+00   1.1066e-03   1.3799e-02   3.8044e+02
20240420_04:00:00   4.1219e-01   9.2914e+01   7.5963e+00   2.8962e-03   1.6573e-02   3.8173e+02
20240420_05:00:00   4.0491e-01   9.1597e+01   7.5984e+00   0.0000e+00   4.4234e-02   3.8588e+02
20240420_06:00:00   4.5070e-01   9.9228e+01   8.2177e+00   3.4214e-03   7.0094e-02   3.8775e+02
20240420_07:00:00   4.7077e-01   1.0244e+02   8.4951e+00   1.5101e-03   3.0237e-01   3.8751e+02
20240420_08:00:00   4.6724e-01   1.0188e+02   8.5159e+00   0.0000e+00   2.2288e-01   3.9161e+02
20240420_09:00:00   4.6608e-01   1.0170e+02   8.5415e+00   0.0000e+00   1.2455e-01   3.9430e+02
20240420_10:00:00   4.8456e-01   1.0469e+02   8.6856e+00   1.3119e-03   3.3091e-01   3.9458e+02
20240420_11:00:00   5.3146e-01   1.1223e+02   8.9168e+00   1.2996e-02   4.5705e-01   3.9479e+02
20240420_12:00:00   5.2084e-01   1.1051e+02   8.9918e+00   5.9801e-03   5.3894e-01   3.9464e+02
20240420_13:00:00   5.3181e-01   1.1226e+02   9.0787e+00   8.4184e-03   5.1694e-01   3.9476e+02
20240420_14:00:00   5.5551e-01   1.1600e+02   9.1254e+00   1.7343e-02   5.1764e-01   3.9553e+02
20240420_15:00:00   5.1700e-01   1.0989e+02   9.1021e+00   2.5151e-03   4.8323e-01   3.9664e+02
20240420_16:00:00   5.0384e-01   1.0792e+02   8.9221e+00   4.4546e-03   2.6745e-01   3.9506e+02
20240420_17:00:00   5.7363e-01   1.1899e+02   8.7760e+00   3.8659e-02   7.4357e-02   3.9235e+02
20240420_18:00:00   8.1155e-01   1.5112e+02   8.7353e+00   1.3804e-01   1.4819e-01   3.9335e+02
20240420_19:00:00   9.6879e-01   1.6850e+02   8.7110e+00   2.0444e-01   2.2583e-01   3.9535e+02
20240420_20:00:00   8.5295e-01   1.5615e+02   8.5398e+00   1.5903e-01   1.7262e-01   3.9652e+02
20240420_21:00:00   6.2101e-01   1.2627e+02   8.3346e+00   6.7678e-02   9.9524e-02   3.9602e+02
20240420_22:00:00   4.5478e-01   1.0009e+02   7.9813e+00   9.9850e-03   4.1227e-02   3.9358e+02
20240420_23:00:00   4.3013e-01   9.5727e+01   7.9112e+00   1.0145e-03   5.9279e-02   3.9185e+02
20240421_00:00:00   4.3368e-01   9.6397e+01   7.7996e+00   4.1394e-03   1.6916e-02   3.9385e+02
20240421_01:00:00   4.2076e-01   9.4146e+01   7.5866e+00   3.8727e-03   1.3730e-02   3.9568e+02
20240421_02:00:00   3.8687e-01   8.8238e+01   6.9820e+00   5.4833e-03   5.5032e-03   3.9486e+02
20240421_03:00:00   3.1683e-01   7.5256e+01   5.9022e+00   3.9827e-03   5.7518e-03   3.9322e+02
20240421_04:00:00   2.6735e-01   6.5424e+01   4.9547e+00   6.7785e-03   2.9007e-02   3.9244e+02
20240421_05:00:00   2.1403e-01   5.4202e+01   4.2576e+00   5.6310e-04   5.9316e-02   3.9459e+02
20240421_06:00:00   1.9261e-01   4.9551e+01   3.8824e+00   0.0000e+00   3.1294e-02   3.9629e+02
20240421_07:00:00   1.8440e-01   4.7697e+01   3.7072e+00   0.0000e+00   7.9952e-02   3.9628e+02
20240421_08:00:00   1.7863e-01   4.6399e+01   3.5801e+00   0.0000e+00   1.1150e-01   3.9571e+02
20240421_09:00:00   1.7773e-01   4.6167e+01   3.5376e+00   0.0000e+00   1.7165e-01   3.9508e+02
20240421_10:00:00   1.8429e-01   4.7584e+01   3.6696e+00   0.0000e+00   1.7416e-01   3.9342e+02
20240421_11:00:00   1.9827e-01   5.0604e+01   3.9127e+00   1.4250e-04   2.2740e-01   3.9300e+02
20240421_12:00:00   2.2038e-01   5.5300e+01   4.2910e+00   3.5348e-04   3.1685e-01   3.9142e+02
20240421_13:00:00   2.4427e-01   6.0283e+01   4.6722e+00   1.4821e-03   3.4939e-01   3.8640e+02
20240421_14:00:00   2.4850e-01   6.1155e+01   4.8104e+00   5.5520e-04   3.0692e-01   3.7820e+02
20240421_15:00:00   2.4176e-01   5.9789e+01   4.7417e+00   0.0000e+00   2.4595e-01   3.7314e+02
20240421_16:00:00   2.3565e-01   5.8547e+01   4.6458e+00   0.0000e+00   1.9749e-01   3.7052e+02
20240421_17:00:00   2.3928e-01   5.9377e+01   4.7102e+00   0.0000e+00   1.6064e-01   3.6987e+02
20240421_18:00:00   2.3620e-01   5.8834e+01   4.6440e+00   0.0000e+00   1.1262e-01   3.7011e+02
20240421_19:00:00   2.1107e-01   5.3677e+01   4.1569e+00   0.0000e+00   6.4647e-02   3.7390e+02
20240421_20:00:00   1.9309e-01   4.9954e+01   3.7784e+00   0.0000e+00   3.7854e-02   3.7505e+02
20240421_21:00:00   1.8219e-01   4.7731e+01   3.5261e+00   0.0000e+00   2.1837e-02   3.7564e+02
20240421_22:00:00   1.6438e-01   4.3993e+01   3.1287e+00   0.0000e+00   4.7392e-03   3.8155e+02
20240421_23:00:00   1.4612e-01   4.0143e+01   2.6823e+00   0.0000e+00   7.4238e-04   3.8581e+02
20240422_00:00:00   1.3155e-01   3.6961e+01   2.3461e+00   0.0000e+00   3.2120e-06   3.9052e+02
20240422_01:00:00   1.2526e-01   3.5520e+01   2.2177e+00   0.0000e+00   0.0000e+00   3.9057e+02
20240422_02:00:00   1.1800e-01   3.3793e+01   2.0992e+00   0.0000e+00   0.0000e+00   3.8745e+02
20240422_03:00:00   1.1775e-01   3.3661e+01   2.1221e+00   0.0000e+00   0.0000e+00   3.8428e+02
20240422_04:00:00   1.2317e-01   3.4858e+01   2.2485e+00   0.0000e+00   0.0000e+00   3.8431e+02
20240422_05:00:00   1.3076e-01   3.6550e+01   2.4099e+00   0.0000e+00   0.0000e+00   3.8909e+02
20240422_06:00:00   1.3877e-01   3.8392e+01   2.5523e+00   0.0000e+00   0.0000e+00   3.9146e+02
20240422_07:00:00   1.4770e-01   4.0383e+01   2.7150e+00   0.0000e+00   0.0000e+00   3.9647e+02
20240422_08:00:00   1.6040e-01   4.3195e+01   2.9510e+00   0.0000e+00   0.0000e+00   4.0105e+02
20240422_09:00:00   1.8466e-01   4.8482e+01   3.3991e+00   0.0000e+00   0.0000e+00   4.0765e+02
20240422_10:00:00   2.4185e-01   6.0397e+01   4.4061e+00   1.2670e-03   4.3815e-04   4.1198e+02
20240422_11:00:00   3.0862e-01   7.3499e+01   5.4832e+00   3.8672e-03   3.6691e-03   4.1621e+02
20240422_12:00:00   3.2927e-01   7.7484e+01   5.7291e+00   5.8247e-03   7.7852e-03   4.2103e+02
20240422_13:00:00   3.2742e-01   7.7076e+01   5.9044e+00   5.9667e-04   8.6840e-03   4.2472e+02
20240422_14:00:00   3.2598e-01   7.6790e+01   5.9076e+00   3.1380e-04   3.9425e-03   4.2761e+02
20240422_15:00:00   2.9766e-01   7.1473e+01   5.4283e+00   9.3740e-07   1.3123e-03   4.2654e+02
20240422_16:00:00   2.6460e-01   6.5054e+01   4.8375e+00   3.1460e-05   3.3581e-04   4.2452e+02
20240422_17:00:00   2.2449e-01   5.6968e+01   4.1085e+00   0.0000e+00   0.0000e+00   4.1970e+02
20240422_18:00:00   2.0532e-01   5.2963e+01   3.7454e+00   0.0000e+00   0.0000e+00   4.1682e+02
20240422_19:00:00   1.6889e-01   4.5204e+01   3.0448e+00   0.0000e+00   0.0000e+00   4.1307e+02
20240422_20:00:00   1.1908e-01   3.4004e+01   2.0705e+00   0.0000e+00   0.0000e+00   4.1306e+02
20240422_21:00:00   9.1200e-02   2.7361e+01   1.5448e+00   8.2180e-05   1.6530e-05   4.1204e+02
20240422_22:00:00   8.6361e-02   2.6132e+01   1.4682e+00   8.0420e-05   0.0000e+00   4.1150e+02
20240422_23:00:00   8.4304e-02   2.5685e+01   1.3992e+00   3.5160e-04   0.0000e+00   4.0989e+02
20240423_00:00:00   8.3897e-02   2.5666e+01   1.2862e+00   2.1370e-03   0.0000e+00   4.0620e+02
20240423_01:00:00   7.6726e-02   2.3902e+01   1.2207e+00   4.4650e-04   6.2870e-07   4.0533e+02
20240423_02:00:00   7.1934e-02   2.2705e+01   1.1533e+00   0.0000e+00   0.0000e+00   4.0544e+02
20240423_03:00:00   6.6595e-02   2.1365e+01   1.0484e+00   1.5610e-04   0.0000e+00   4.0655e+02
20240423_04:00:00   6.0916e-02   1.9945e+01   9.4809e-01   0.0000e+00   0.0000e+00   4.0705e+02
20240423_05:00:00   5.3438e-02   1.8052e+01   7.9932e-01   2.5600e-05   0.0000e+00   4.0802e+02
20240423_06:00:00   5.0461e-02   1.7280e+01   7.4264e-01   0.0000e+00   0.0000e+00   4.0716e+02
20240423_07:00:00   5.1040e-02   1.7391e+01   7.6486e-01   0.0000e+00   0.0000e+00   4.0534e+02
20240423_08:00:00   5.9092e-02   1.9397e+01   9.4511e-01   0.0000e+00   0.0000e+00   4.0294e+02
20240423_09:00:00   7.8950e-02   2.4319e+01   1.3510e+00   1.8780e-04   0.0000e+00   4.0141e+02
20240423_10:00:00   9.9988e-02   2.9367e+01   1.7913e+00   3.3250e-05   0.0000e+00   3.9904e+02
20240423_11:00:00   1.1550e-01   3.3033e+01   2.0831e+00   2.0040e-04   0.0000e+00   3.9810e+02
20240423_12:00:00   1.3137e-01   3.6727e+01   2.3823e+00   0.0000e+00   0.0000e+00   3.9739e+02
20240423_13:00:00   1.4035e-01   3.8833e+01   2.5295e+00   0.0000e+00   0.0000e+00   3.9810e+02
20240423_14:00:00   1.4126e-01   3.9110e+01   2.5145e+00   0.0000e+00   0.0000e+00   3.9773e+02
20240423_15:00:00   1.3986e-01   3.8819e+01   2.4770e+00   0.0000e+00   0.0000e+00   3.9848e+02
20240423_16:00:00   1.3509e-01   3.7739e+01   2.3930e+00   0.0000e+00   0.0000e+00   3.9955e+02
20240423_17:00:00   1.2512e-01   3.5428e+01   2.2266e+00   0.0000e+00   0.0000e+00   3.9827e+02
20240423_18:00:00   1.1215e-01   3.2395e+01   1.9942e+00   0.0000e+00   0.0000e+00   3.9819e+02
20240423_19:00:00   1.0185e-01   2.9963e+01   1.8037e+00   0.0000e+00   0.0000e+00   3.9982e+02
20240423_20:00:00   9.3910e-02   2.8088e+01   1.6476e+00   0.0000e+00   0.0000e+00   4.0092e+02
20240423_21:00:00   8.3770e-02   2.5682e+01   1.4329e+00   0.0000e+00   0.0000e+00   3.9978e+02
20240423_22:00:00   7.3408e-02   2.3153e+01   1.2243e+00   0.0000e+00   0.0000e+00   3.9777e+02
20240423_23:00:00   6.8804e-02   2.2007e+01   1.1335e+00   0.0000e+00   0.0000e+00   3.9505e+02
20240424_00:00:00   6.7808e-02   2.1751e+01   1.1191e+00   0.0000e+00   0.0000e+00   3.9532e+02
20240424_01:00:00   6.8250e-02   2.1816e+01   1.1469e+00   0.0000e+00   0.0000e+00   3.9781e+02
20240424_02:00:00   6.9927e-02   2.2213e+01   1.1916e+00   0.0000e+00   0.0000e+00   4.0052e+02
20240424_03:00:00   7.3053e-02   2.2996e+01   1.2610e+00   0.0000e+00   0.0000e+00   3.9985e+02
20240424_04:00:00   7.7309e-02   2.4053e+01   1.3517e+00   0.0000e+00   0.0000e+00   3.9986e+02
20240424_05:00:00   8.2499e-02   2.5329e+01   1.4624e+00   0.0000e+00   0.0000e+00   3.9885e+02
20240424_06:00:00   8.9041e-02   2.6920e+01   1.6009e+00   0.0000e+00   0.0000e+00   3.9906e+02
20240424_07:00:00   9.4495e-02   2.8250e+01   1.7156e+00   0.0000e+00   0.0000e+00   4.0065e+02
20240424_08:00:00   9.7990e-02   2.9113e+01   1.7890e+00   0.0000e+00   0.0000e+00   4.0253e+02
20240424_09:00:00   9.9913e-02   2.9612e+01   1.8244e+00   0.0000e+00   0.0000e+00   4.0359e+02
20240424_10:00:00   9.9418e-02   2.9564e+01   1.8010e+00   0.0000e+00   0.0000e+00   4.0326e+02
20240424_11:00:00   1.0150e-01   3.0119e+01   1.8305e+00   0.0000e+00   0.0000e+00   4.0247e+02
20240424_12:00:00   1.0876e-01   3.1901e+01   1.9675e+00   0.0000e+00   0.0000e+00   3.9981e+02
20240424_15:00:00   1.1926e-01   3.4445e+01   2.1570e+00   0.0000e+00   4.2320e-06   3.8945e+02
20240424_18:00:00   1.1071e-01   3.2332e+01   2.0179e+00   0.0000e+00   1.4053e-04   3.8883e+02
20240424_21:00:00   9.9400e-02   2.9525e+01   1.8257e+00   0.0000e+00   1.1638e-03   3.9363e+02
20240425_00:00:00   9.0195e-02   2.7327e+01   1.6177e+00   0.0000e+00   4.4500e-03   3.8933e+02
20240425_03:00:00   8.6532e-02   2.6440e+01   1.5223e+00   0.0000e+00   0.0000e+00   3.8491e+02
20240425_06:00:00   1.0006e-01   2.9492e+01   1.8565e+00   0.0000e+00   0.0000e+00   3.8400e+02
20240425_09:00:00   1.2727e-01   3.5558e+01   2.4958e+00   0.0000e+00   6.9262e-05   3.8018e+02
20240425_12:00:00   1.9474e-01   5.0341e+01   3.8698e+00   2.5369e-04   3.7263e-02   3.8614e+02
20240425_15:00:00   2.9318e-01   7.0362e+01   5.5968e+00   1.5021e-03   9.6637e-02   3.8378e+02
20240425_18:00:00   3.7138e-01   8.5026e+01   7.0061e+00   2.3774e-04   1.1955e-01   3.8314e+02
20240425_21:00:00   3.8396e-01   8.7506e+01   6.9909e+00   1.0565e-03   7.7188e-02   3.8620e+02
20240426_00:00:00   3.3841e-01   7.9409e+01   5.7656e+00   8.5800e-03   1.7458e-02   3.8818e+02
20240426_03:00:00   2.4421e-01   6.1418e+01   4.1156e+00   1.4934e-03   4.2467e-03   3.9131e+02
20240426_06:00:00   2.2808e-01   5.8290e+01   3.1183e+00   1.8329e-02   4.6595e-03   3.9304e+02
20240426_09:00:00   2.3917e-01   6.0691e+01   2.4528e+00   4.0750e-02   6.6265e-04   3.9192e+02
20240426_12:00:00   3.4357e-01   8.1329e+01   2.4375e+00   8.6924e-02   1.3816e-03   3.9179e+02
20240426_15:00:00   2.5811e-01   6.4279e+01   3.2916e+00   3.1126e-02   1.0643e-02   3.8609e+02
20240426_18:00:00   3.1824e-01   7.5963e+01   3.4812e+00   5.5422e-02   3.9489e-03   3.8648e+02
20240426_21:00:00   3.5645e-01   8.3294e+01   3.4180e+00   7.3380e-02   8.2258e-03   3.9064e+02
20240427_00:00:00   3.5154e-01   8.1948e+01   3.7237e+00   6.3901e-02   8.5329e-03   4.0217e+02
20240427_03:00:00   1.7933e-01   4.7154e+01   3.2203e+00   3.5511e-04   5.6005e-05   4.0938e+02
20240427_06:00:00   1.2267e-01   3.4721e+01   2.0365e+00   1.8389e-03   7.6005e-05   4.1619e+02
20240427_09:00:00   1.0300e-01   3.0031e+01   1.7712e+00   3.0677e-05   9.0880e-06   4.0368e+02
20240427_12:00:00   1.3001e-01   3.6106e+01   2.4112e+00   7.0980e-04   1.0590e-03   3.9743e+02
20240427_15:00:00   1.3560e-01   3.7620e+01   2.4874e+00   1.1949e-03   1.1898e-03   3.8350e+02
20240427_18:00:00   1.3757e-01   3.8095e+01   2.6359e+00   4.0330e-05   3.5620e-05   3.7894e+02
20240427_21:00:00   1.5379e-01   4.1761e+01   2.9781e+00   8.9470e-04   1.3345e-05   3.7610e+02
20240428_00:00:00   1.8432e-01   4.8470e+01   3.6587e+00   0.0000e+00   0.0000e+00   3.7690e+02
20240428_03:00:00   2.2649e-01   5.7559e+01   4.4865e+00   0.0000e+00   0.0000e+00   3.7549e+02
20240428_06:00:00   2.2438e-01   5.7485e+01   4.3434e+00   0.0000e+00   0.0000e+00   3.7774e+02
20240428_09:00:00   2.1054e-01   5.4787e+01   3.9761e+00   0.0000e+00   0.0000e+00   3.7922e+02
20240428_12:00:00   1.9566e-01   5.1691e+01   3.6491e+00   0.0000e+00   0.0000e+00   3.6790e+02
20240428_15:00:00   1.7472e-01   4.7198e+01   3.2609e+00   0.0000e+00   0.0000e+00   3.6543e+02
20240428_18:00:00   1.8737e-01   4.9967e+01   3.5558e+00   0.0000e+00   0.0000e+00   3.6360e+02
20240428_21:00:00   1.5827e-01   4.3422e+01   3.0308e+00   0.0000e+00   0.0000e+00   3.6872e+02
20240429_00:00:00   1.4693e-01   4.0645e+01   2.8232e+00   2.3900e-06   0.0000e+00   3.6944e+02
20240429_03:00:00   1.5722e-01   4.2738e+01   2.9908e+00   2.3100e-03   2.7710e-07   3.6589e+02
20240429_06:00:00   2.3921e-01   6.0420e+01   4.5912e+00   0.0000e+00   0.0000e+00   3.7030e+02
20240429_09:00:00   1.2970e-01   3.5723e+01   2.6468e+00   0.0000e+00   0.0000e+00   3.7589e+02
20240429_12:00:00   1.3447e-01   3.7052e+01   2.5653e+00   2.3316e-03   7.0619e-05   3.7829e+02
20240429_15:00:00   1.6005e-01   4.2918e+01   2.8927e+00   5.7900e-03   8.7510e-04   3.7213e+02
20240429_18:00:00   1.8246e-01   4.7701e+01   3.0851e+00   1.2090e-02   5.0879e-03   3.6629e+02
20240429_21:00:00   1.4450e-01   3.9072e+01   2.9004e+00   0.0000e+00   3.6620e-04   3.7029e+02
20240430_00:00:00   1.6324e-01   4.3078e+01   3.2665e+00   4.0750e-05   1.2476e-02   3.7141e+02
20240430_03:00:00   1.5291e-01   4.0911e+01   2.9804e+00   1.5118e-04   6.0764e-03   3.7481e+02
20240430_06:00:00   1.0182e-01   2.9419e+01   1.8693e+00   0.0000e+00   3.6062e-03   3.7608e+02
20240430_09:00:00   9.0310e-02   2.6790e+01   1.5405e+00   8.9040e-04   1.7200e-03   3.7923e+02
20240430_12:00:00   2.0588e-01   5.2876e+01   2.7128e+00   2.2095e-02   3.0609e-02   3.8111e+02
20240430_15:00:00   1.8306e-01   4.8093e+01   2.8908e+00   5.2681e-03   3.6896e-02   3.8001e+02
20240430_18:00:00   1.4766e-01   4.0322e+01   2.3874e+00   2.2149e-03   2.1539e-02   3.8668e+02
20240430_21:00:00   1.3532e-01   3.7505e+01   2.0090e+00   6.3140e-03   4.3484e-03   3.9143e+02
20240501_00:00:00   1.0502e-01   3.0485e+01   1.7070e+00   1.7027e-04   1.1019e-03   3.9191e+02
20240501_03:00:00   1.1896e-01   3.3420e+01   2.0039e+00   0.0000e+00   2.6409e-05   3.9912e+02
20240501_06:00:00   2.0281e-01   5.1279e+01   3.4933e+00   4.9410e-05   1.9437e-02   4.2069e+02
20240501_09:00:00   2.0148e-01   5.1012e+01   3.4061e+00   1.1866e-03   1.5598e-02   4.2211e+02
20240501_12:00:00   1.7244e-01   4.4998e+01   2.9490e+00   6.1160e-04   1.4332e-02   4.2454e+02
20240501_15:00:00   2.1357e-01   5.3972e+01   3.2008e+00   1.2119e-02   2.0185e-03   4.1880e+02
20240501_18:00:00   2.1076e-01   5.3190e+01   3.4880e+00   5.5252e-03   9.6733e-03   4.1332e+02
20240501_21:00:00   2.1811e-01   5.4624e+01   3.7839e+00   1.4966e-03   2.7244e-04   4.1451e+02
20240502_00:00:00   2.2375e-01   5.5677e+01   3.9269e+00   6.9450e-08   1.2528e-02   4.1871e+02
20240502_03:00:00   1.6308e-01   4.3124e+01   2.7760e+00   0.0000e+00   6.6075e-04   4.1899e+02
20240502_06:00:00   1.1167e-01   3.1515e+01   1.8738e+00   0.0000e+00   4.3766e-04   4.2142e+02
20240502_09:00:00   1.4076e-01   3.8164e+01   2.3619e+00   3.3288e-04   7.1100e-04   4.2381e+02
20240502_12:00:00   2.3143e-01   5.7115e+01   4.0384e+00   1.4391e-03   6.7750e-02   4.2332e+02
20240502_15:00:00   3.3574e-01   7.7664e+01   5.1600e+00   1.6211e-02   2.8328e-01   4.2838e+02
20240502_18:00:00   2.8083e-01   6.7796e+01   4.4589e+00   1.1031e-02   1.9662e-02   4.3696e+02
20240502_21:00:00   5.7772e-01   1.1908e+02   4.3299e+00   1.4284e-01   3.1259e-02   4.3509e+02
20240503_00:00:00   2.0604e-01   5.3049e+01   2.1349e+00   3.5960e-02   5.1068e-03   4.3204e+02
20240503_03:00:00   1.2926e-01   3.5250e+01   2.3971e+00   0.0000e+00   7.0524e-02   4.2766e+02
20240503_06:00:00   2.3816e-01   5.8807e+01   4.4133e+00   1.6180e-06   3.7687e-03   4.2317e+02
20240503_09:00:00   6.8016e-01   1.3279e+02   5.6876e+00   1.5958e-01   5.6527e-02   4.1718e+02
20240503_12:00:00   5.4783e-01   1.1417e+02   5.9150e+00   9.4061e-02   6.4602e-02   4.1660e+02
20240503_15:00:00   6.0822e-01   1.2393e+02   4.3361e+00   1.5763e-01   3.8039e-02   4.1910e+02
20240503_18:00:00   8.2410e-01   1.5167e+02   4.5716e+00   2.4537e-01   3.7687e-02   4.1077e+02
20240503_21:00:00   2.7359e-01   6.6447e+01   4.4741e+00   1.2091e-02   6.7681e-03   4.1481e+02
20240504_00:00:00   2.7868e-01   6.7264e+01   4.9995e+00   1.4536e-03   9.4351e-03   4.1546e+02
20240504_03:00:00   2.1956e-01   5.5364e+01   4.0037e+00   4.3960e-05   9.0485e-04   4.1598e+02
20240504_06:00:00   1.8029e-01   4.7070e+01   3.2501e+00   1.2083e-03   3.8231e-03   4.2365e+02
20240504_09:00:00   1.9805e-01   5.1005e+01   3.3062e+00   6.5040e-03   8.3890e-04   4.2970e+02
20240504_12:00:00   3.9109e-01   8.8788e+01   4.1582e+00   6.8657e-02   1.6627e-02   4.3396e+02
20240504_15:00:00   3.9053e-01   8.8264e+01   5.6467e+00   3.1832e-02   5.8220e-02   4.2913e+02
20240504_18:00:00   4.0963e-01   9.1443e+01   6.1544e+00   2.4944e-02   3.1137e-01   4.2391e+02
20240504_21:00:00   3.2127e-01   7.5656e+01   5.6996e+00   1.5139e-03   5.8935e-02   4.2295e+02
20240505_00:00:00   2.6528e-01   6.5108e+01   4.7188e+00   5.7540e-05   5.1975e-04   4.1711e+02
20240505_03:00:00   2.9659e-01   7.0947e+01   5.2947e+00   0.0000e+00   5.7537e-05   4.2360e+02
20240505_06:00:00   3.0313e-01   7.1928e+01   5.4669e+00   0.0000e+00   7.9109e-03   4.2378e+02
20240505_09:00:00   3.3802e-01   7.8513e+01   5.8329e+00   5.5448e-03   1.4716e-02   4.2052e+02
20240505_12:00:00   8.2950e-01   1.5187e+02   6.8809e+00   1.8737e-01   5.6688e-01   4.1090e+02
