#            date       tau255        Tb[K]      pwv[mm] lwp[kg*m^-2] iwp[kg*m^-2]       o3[DU]
20250126_06:00:00   7.3303e-02   2.2657e+01   1.2936e+00   0.0000e+00   1.3192e-02   3.5108e+02
20250126_07:00:00   9.3188e-02   2.7321e+01   1.7662e+00   0.0000e+00   2.5129e-03   3.5015e+02
20250126_08:00:00   1.0968e-01   3.1201e+01   2.1494e+00   0.0000e+00   1.3144e-03   3.5954e+02
20250126_09:00:00   1.3543e-01   3.7066e+01   2.7116e+00   0.0000e+00   5.2426e-03   3.6625e+02
20250126_10:00:00   1.5478e-01   4.1482e+01   3.1306e+00   0.0000e+00   2.2613e-03   3.5835e+02
20250126_11:00:00   1.8877e-01   4.8755e+01   3.8278e+00   0.0000e+00   1.4148e-01   3.5218e+02
20250126_12:00:00   2.2599e-01   5.6549e+01   4.6402e+00   0.0000e+00   9.3613e-02   3.4666e+02
20250126_13:00:00   2.5173e-01   6.2015e+01   5.1558e+00   0.0000e+00   4.9931e-03   3.3949e+02
20250126_14:00:00   3.3239e-01   7.8021e+01   6.5454e+00   6.2240e-04   3.4854e-02   3.3273e+02
20250126_15:00:00   3.1773e-01   7.5138e+01   6.4542e+00   1.7000e-06   2.7531e-02   3.3626e+02
20250126_16:00:00   3.0456e-01   7.3269e+01   6.1084e+00   5.4030e-05   3.5019e-03   3.3606e+02
20250126_17:00:00   3.4921e-01   8.2031e+01   6.6785e+00   3.5261e-03   5.7607e-03   3.3697e+02
20250126_18:00:00   2.9247e-01   7.1323e+01   5.7352e+00   1.0490e-03   7.7314e-03   3.3703e+02
20250126_19:00:00   2.7662e-01   6.8567e+01   5.0601e+00   6.4280e-03   7.1578e-03   3.3296e+02
20250126_20:00:00   2.5555e-01   6.4219e+01   4.9590e+00   8.2090e-04   5.7761e-03   3.2412e+02
20250126_21:00:00   2.3654e-01   6.0406e+01   4.5359e+00   6.6770e-04   3.9269e-03   3.2286e+02
20250126_22:00:00   2.3439e-01   5.9989e+01   4.3867e+00   1.7910e-03   9.6169e-03   3.1714e+02
20250126_23:00:00   2.0989e-01   5.4876e+01   3.9322e+00   6.8650e-04   1.0606e-02   3.1402e+02
20250127_00:00:00   1.9952e-01   5.2639e+01   3.7511e+00   4.3000e-04   9.8824e-03   3.1030e+02
20250127_01:00:00   1.9485e-01   5.1574e+01   3.5997e+00   2.1282e-03   1.4003e-02   3.0613e+02
20250127_02:00:00   1.9906e-01   5.2578e+01   3.3291e+00   9.4738e-03   8.0885e-03   3.0329e+02
20250127_03:00:00   1.7023e-01   4.6178e+01   2.9750e+00   5.8130e-03   1.2012e-02   3.0178e+02
20250127_04:00:00   2.1077e-01   5.5221e+01   3.0166e+00   2.1521e-02   1.2402e-02   3.0299e+02
20250127_05:00:00   2.2873e-01   5.9140e+01   3.0119e+00   2.8839e-02   1.5886e-02   3.0285e+02
20250127_06:00:00   4.5708e-01   1.0270e+02   3.5109e+00   1.1129e-01   2.0358e-02   3.0308e+02
20250127_07:00:00   6.8860e-01   1.3751e+02   3.9807e+00   1.9557e-01   1.7397e-02   3.0501e+02
20250127_08:00:00   6.9058e-01   1.3764e+02   4.6972e+00   1.8104e-01   1.0641e-02   3.0756e+02
20250127_09:00:00   8.0528e-01   1.5212e+02   4.7282e+00   2.3005e-01   5.5302e-03   3.0896e+02
20250127_10:00:00   2.5670e-01   6.4025e+01   4.2220e+00   1.8755e-02   6.8420e-03   3.0972e+02
20250127_11:00:00   2.6633e-01   6.5853e+01   4.9306e+00   7.0405e-03   1.2930e-02   3.0897e+02
20250127_12:00:00   3.1679e-01   7.6029e+01   5.4475e+00   1.3726e-02   7.6573e-03   3.0785e+02
20250127_13:00:00   3.0795e-01   7.4052e+01   5.7385e+00   4.7336e-03   1.2527e-03   3.0581e+02
20250127_14:00:00   3.5738e-01   8.3368e+01   6.5748e+00   4.2239e-03   9.2641e-04   3.0729e+02
20250127_15:00:00   4.3309e-01   9.7238e+01   7.0401e+00   2.0272e-02   2.2771e-03   3.0837e+02
20250127_16:00:00   1.7873e+00   2.2627e+02   7.2101e+00   5.8384e-01   8.7442e-02   3.0823e+02
20250127_17:00:00   9.4370e-01   1.6691e+02   5.4502e+00   2.6776e-01   5.4543e-03   3.1022e+02
20250127_18:00:00   2.2769e+00   2.4425e+02   5.6204e+00   8.1805e-01   2.1755e-03   3.0974e+02
20250127_19:00:00   3.1449e-01   7.5677e+01   4.2862e+00   3.1543e-02   6.2920e-05   3.0942e+02
20250127_20:00:00   4.7283e-01   1.0443e+02   2.4800e+00   1.4045e-01   8.7740e-05   3.1080e+02
20250127_21:00:00   7.8395e-02   2.4101e+01   1.3656e+00   0.0000e+00   0.0000e+00   3.1256e+02
20250127_22:00:00   7.7998e-02   2.3921e+01   1.3745e+00   5.6830e-05   0.0000e+00   3.1242e+02
20250127_23:00:00   7.7349e-02   2.3688e+01   1.3767e+00   0.0000e+00   0.0000e+00   3.1229e+02
20250128_00:00:00   7.9753e-02   2.4222e+01   1.4347e+00   0.0000e+00   0.0000e+00   3.1505e+02
20250128_01:00:00   8.3115e-02   2.4989e+01   1.5122e+00   0.0000e+00   8.5860e-06   3.1840e+02
20250128_02:00:00   8.7945e-02   2.6126e+01   1.6099e+00   0.0000e+00   1.8764e-04   3.2044e+02
20250128_03:00:00   9.5641e-02   2.7962e+01   1.7591e+00   0.0000e+00   1.1162e-04   3.2043e+02
20250128_04:00:00   1.0343e-01   2.9908e+01   1.8758e+00   0.0000e+00   0.0000e+00   3.2340e+02
20250128_05:00:00   1.0910e-01   3.1248e+01   1.9691e+00   0.0000e+00   0.0000e+00   3.2553e+02
20250128_06:00:00   1.0892e-01   3.1229e+01   1.9316e+00   0.0000e+00   0.0000e+00   3.2304e+02
20250128_07:00:00   1.0578e-01   3.0647e+01   1.7875e+00   0.0000e+00   0.0000e+00   3.2217e+02
20250128_08:00:00   1.9074e-01   4.9979e+01   2.0218e+00   2.8719e-02   2.2283e-03   3.2412e+02
20250128_09:00:00   2.7724e-01   6.7572e+01   3.3127e+00   3.3839e-02   3.2441e-02   3.2483e+02
20250128_10:00:00   9.1694e-01   1.6085e+02   4.7126e+00   2.7441e-01   6.2952e-01   3.2796e+02
20250128_11:00:00   4.2461e-01   9.3814e+01   3.8418e+00   8.3228e-02   3.4522e-01   3.3166e+02
20250128_12:00:00   3.5833e-01   8.2646e+01   2.1813e+00   9.8640e-02   1.1933e-02   3.3394e+02
20250128_13:00:00   2.0269e-01   5.2088e+01   2.0226e+00   3.1414e-02   6.6985e-02   3.3614e+02
20250128_14:00:00   1.4135e-01   3.8787e+01   1.3528e+00   2.2478e-02   1.0644e-03   3.4054e+02
20250128_15:00:00   7.2892e-02   2.2781e+01   9.6815e-01   2.0910e-03   4.9137e-05   3.4174e+02
20250128_16:00:00   6.1123e-02   1.9905e+01   7.3019e-01   3.1300e-03   7.5690e-05   3.4211e+02
20250128_17:00:00   4.5903e-02   1.6051e+01   5.8284e-01   4.1990e-04   5.1470e-06   3.4037e+02
20250128_18:00:00   5.1642e-02   1.7427e+01   7.4022e-01   3.0150e-05   1.8730e-05   3.4188e+02
20250128_19:00:00   7.3571e-02   2.2688e+01   1.2331e+00   0.0000e+00   6.6276e-04   3.4050e+02
20250128_20:00:00   9.6952e-02   2.8308e+01   1.7065e+00   0.0000e+00   7.3564e-04   3.4159e+02
20250128_21:00:00   1.0995e-01   3.1519e+01   1.9253e+00   0.0000e+00   0.0000e+00   3.4726e+02
20250128_22:00:00   1.2763e-01   3.5571e+01   2.2690e+00   0.0000e+00   1.5678e-04   3.5264e+02
20250128_23:00:00   1.4190e-01   3.8808e+01   2.5546e+00   0.0000e+00   0.0000e+00   3.5583e+02
20250129_00:00:00   1.3069e-01   3.6343e+01   2.3274e+00   0.0000e+00   0.0000e+00   3.5480e+02
20250129_01:00:00   1.2568e-01   3.5284e+01   2.2199e+00   0.0000e+00   0.0000e+00   3.5266e+02
20250129_02:00:00   1.1980e-01   3.4006e+01   2.0980e+00   0.0000e+00   2.2900e-05   3.5414e+02
20250129_03:00:00   1.2857e-01   3.5912e+01   2.2812e+00   0.0000e+00   1.4475e-04   3.5557e+02
20250129_04:00:00   1.3290e-01   3.6804e+01   2.3952e+00   0.0000e+00   2.0822e-03   3.5523e+02
20250129_05:00:00   1.3688e-01   3.7581e+01   2.5013e+00   0.0000e+00   1.2087e-02   3.5378e+02
20250129_06:00:00   1.6475e-01   4.3537e+01   3.0864e+00   0.0000e+00   3.5460e-02   3.5165e+02
20250129_07:00:00   1.6161e-01   4.2800e+01   3.0628e+00   0.0000e+00   1.5952e-02   3.5039e+02
20250129_08:00:00   1.9533e-01   4.9899e+01   3.7323e+00   0.0000e+00   4.8211e-02   3.5254e+02
20250129_09:00:00   2.1556e-01   5.4061e+01   4.0936e+00   0.0000e+00   1.0970e-01   3.5061e+02
20250129_10:00:00   2.1902e-01   5.4717e+01   4.1617e+00   0.0000e+00   1.0476e-01   3.5045e+02
20250129_11:00:00   1.9449e-01   4.9516e+01   3.7018e+00   0.0000e+00   8.6095e-02   3.5280e+02
20250129_12:00:00   1.7655e-01   4.5721e+01   3.3670e+00   0.0000e+00   1.3919e-02   3.5934e+02
20250129_13:00:00   1.3952e-01   3.7656e+01   2.6364e+00   0.0000e+00   1.4915e-02   3.6196e+02
20250129_14:00:00   1.3843e-01   3.7302e+01   2.5968e+00   3.3880e-05   5.7760e-02   3.6604e+02
20250129_15:00:00   2.1284e-01   5.3410e+01   3.9214e+00   0.0000e+00   1.3801e-01   3.6870e+02
20250129_16:00:00   3.3044e-01   7.6795e+01   5.7692e+00   3.3844e-04   1.9260e-01   3.7214e+02
20250129_17:00:00   6.5348e-01   1.2977e+02   4.3384e+00   1.7662e-01   4.7443e-02   3.7663e+02
20250129_18:00:00   7.3361e-01   1.4052e+02   3.1164e+00   2.4073e-01   8.3162e-03   3.7697e+02
20250129_19:00:00   8.8856e-01   1.5841e+02   3.6104e+00   2.9539e-01   1.0753e-01   3.7692e+02
20250129_20:00:00   1.3595e+00   1.9796e+02   3.7083e+00   5.0848e-01   2.7329e-01   3.7743e+02
20250129_21:00:00   9.1003e-02   2.7034e+01   1.3894e+00   1.5620e-05   7.4310e-05   3.8514e+02
20250129_22:00:00   1.7104e-01   4.5094e+01   1.9041e+00   2.2451e-02   5.1753e-02   3.9794e+02
20250129_23:00:00   2.4780e-01   6.0525e+01   2.7503e+00   3.7105e-02   1.4018e-02   4.1076e+02
20250130_00:00:00   2.8730e-01   6.8153e+01   2.9701e+00   4.9536e-02   3.9905e-02   4.1309e+02
20250130_01:00:00   2.7475e-01   6.5762e+01   2.9690e+00   4.2834e-02   8.6660e-02   4.1580e+02
20250130_02:00:00   1.8130e-01   4.6527e+01   2.8137e+00   5.6319e-03   3.1192e-02   4.1510e+02
20250130_03:00:00   2.8934e-01   6.8801e+01   2.6453e+00   5.9690e-02   1.3418e-02   4.1207e+02
20250130_04:00:00   2.1226e-01   5.3396e+01   2.7820e+00   1.9445e-02   4.6039e-02   4.0842e+02
20250130_05:00:00   1.6962e-01   4.4484e+01   2.4593e+00   9.3560e-03   2.3340e-03   4.0567e+02
20250130_06:00:00   1.1681e-01   3.2855e+01   1.7406e+00   4.1788e-03   2.2490e-04   3.9723e+02
20250130_07:00:00   6.9777e-02   2.1813e+01   1.0176e+00   6.3850e-04   3.5940e-06   3.8727e+02
20250130_08:00:00   5.7034e-02   1.8753e+01   7.6233e-01   4.6900e-04   5.8310e-06   3.8676e+02
20250130_09:00:00   5.9808e-02   1.9510e+01   7.5546e-01   1.3760e-03   1.3500e-05   3.8461e+02
20250130_10:00:00   5.6552e-02   1.8739e+01   6.9683e-01   9.9390e-04   3.2450e-05   3.7759e+02
20250130_11:00:00   4.8153e-02   1.6631e+01   5.8511e-01   9.8980e-05   4.0610e-06   3.7061e+02
20250130_12:00:00   4.3642e-02   1.5461e+01   5.1861e-01   1.2570e-04   5.9040e-06   3.6366e+02
20250130_13:00:00   4.5564e-02   1.5931e+01   5.7507e-01   9.8540e-06   6.8660e-06   3.5982e+02
20250130_14:00:00   4.9114e-02   1.6811e+01   6.5646e-01   1.2770e-05   4.9530e-06   3.5745e+02
20250130_15:00:00   4.7954e-02   1.6506e+01   6.4160e-01   0.0000e+00   2.6580e-06   3.5636e+02
20250130_16:00:00   4.7037e-02   1.6266e+01   6.2833e-01   5.4540e-05   7.9880e-06   3.5698e+02
20250130_17:00:00   4.9358e-02   1.6826e+01   6.9019e-01   1.0830e-04   3.0561e-05   3.5694e+02
20250130_18:00:00   5.7142e-02   1.8766e+01   8.3890e-01   5.9117e-04   1.4096e-04   3.5639e+02
20250130_19:00:00   6.3482e-02   2.0301e+01   9.6749e-01   1.0051e-03   5.3208e-04   3.5446e+02
20250130_20:00:00   6.6388e-02   2.0985e+01   1.0534e+00   5.9356e-04   7.4528e-04   3.5415e+02
20250130_21:00:00   6.5636e-02   2.0784e+01   1.0636e+00   4.5580e-05   1.0423e-03   3.5417e+02
20250130_22:00:00   6.6378e-02   2.0895e+01   1.0939e+00   0.0000e+00   1.3083e-03   3.5213e+02
20250130_23:00:00   6.9492e-02   2.1568e+01   1.1738e+00   0.0000e+00   1.7966e-03   3.5270e+02
20250131_00:00:00   7.3742e-02   2.2544e+01   1.2761e+00   0.0000e+00   5.9020e-04   3.5256e+02
20250131_01:00:00   7.8283e-02   2.3644e+01   1.3713e+00   0.0000e+00   0.0000e+00   3.5289e+02
20250131_02:00:00   8.2290e-02   2.4567e+01   1.4615e+00   0.0000e+00   9.7381e-06   3.5293e+02
20250131_03:00:00   8.4888e-02   2.5180e+01   1.5154e+00   0.0000e+00   0.0000e+00   3.5050e+02
20250131_04:00:00   8.7070e-02   2.5729e+01   1.5565e+00   0.0000e+00   0.0000e+00   3.4736e+02
20250131_05:00:00   8.5541e-02   2.5472e+01   1.5057e+00   0.0000e+00   0.0000e+00   3.4697e+02
20250131_06:00:00   8.3225e-02   2.4990e+01   1.4459e+00   0.0000e+00   0.0000e+00   3.4768e+02
20250131_09:00:00   7.1022e-02   2.2217e+01   1.1615e+00   0.0000e+00   0.0000e+00   3.5487e+02
20250131_12:00:00   7.4923e-02   2.3174e+01   1.2545e+00   0.0000e+00   0.0000e+00   3.5672e+02
20250131_15:00:00   8.3694e-02   2.5466e+01   1.4091e+00   0.0000e+00   0.0000e+00   3.4827e+02
20250131_18:00:00   8.5815e-02   2.6084e+01   1.4321e+00   0.0000e+00   0.0000e+00   3.4046e+02
20250131_21:00:00   6.6794e-02   2.1439e+01   1.0389e+00   0.0000e+00   0.0000e+00   3.4139e+02
20250201_00:00:00   5.2432e-02   1.7696e+01   7.7098e-01   0.0000e+00   0.0000e+00   3.3785e+02
20250201_03:00:00   6.3782e-02   2.0383e+01   1.0350e+00   0.0000e+00   0.0000e+00   3.4162e+02
20250201_06:00:00   7.7458e-02   2.3708e+01   1.3209e+00   0.0000e+00   1.1250e-04   3.4924e+02
20250201_09:00:00   6.1653e-02   1.9866e+01   9.7548e-01   0.0000e+00   1.0891e-05   3.5568e+02
20250201_12:00:00   5.4176e-02   1.7945e+01   8.0932e-01   0.0000e+00   0.0000e+00   3.6530e+02
20250201_15:00:00   6.2808e-02   2.0235e+01   9.1769e-01   0.0000e+00   0.0000e+00   3.6869e+02
20250201_18:00:00   7.2073e-02   2.2489e+01   1.1156e+00   0.0000e+00   0.0000e+00   3.6489e+02
20250201_21:00:00   6.2146e-02   2.0082e+01   9.2619e-01   0.0000e+00   0.0000e+00   3.6105e+02
20250202_00:00:00   7.5921e-02   2.3214e+01   1.2613e+00   0.0000e+00   0.0000e+00   3.5719e+02
20250202_03:00:00   1.0185e-01   2.9318e+01   1.7851e+00   0.0000e+00   2.7959e-04   3.4847e+02
20250202_06:00:00   1.1512e-01   3.2744e+01   1.9693e+00   0.0000e+00   0.0000e+00   3.4406e+02
20250202_09:00:00   9.2213e-02   2.7581e+01   1.4881e+00   0.0000e+00   0.0000e+00   3.4011e+02
20250202_12:00:00   5.4005e-02   1.8238e+01   7.6440e-01   0.0000e+00   0.0000e+00   3.3668e+02
20250202_15:00:00   3.6203e-02   1.3570e+01   4.4260e-01   0.0000e+00   0.0000e+00   3.3385e+02
20250202_18:00:00   3.9596e-02   1.4342e+01   5.5104e-01   0.0000e+00   0.0000e+00   3.2534e+02
20250202_21:00:00   4.4609e-02   1.5556e+01   6.8504e-01   0.0000e+00   0.0000e+00   3.2710e+02
20250203_00:00:00   4.5045e-02   1.5639e+01   7.0067e-01   0.0000e+00   9.0440e-06   3.2770e+02
20250203_03:00:00   5.6012e-02   1.8314e+01   9.7203e-01   0.0000e+00   0.0000e+00   3.2508e+02
20250203_06:00:00   6.8326e-02   2.1338e+01   1.2524e+00   0.0000e+00   0.0000e+00   3.2296e+02
20250203_09:00:00   6.7849e-02   2.1293e+01   1.2293e+00   0.0000e+00   0.0000e+00   3.2242e+02
20250203_12:00:00   8.8300e-02   2.6283e+01   1.6794e+00   0.0000e+00   0.0000e+00   3.1814e+02
20250203_15:00:00   9.9151e-02   2.8934e+01   1.9139e+00   0.0000e+00   6.8620e-05   3.2241e+02
20250203_18:00:00   1.0309e-01   2.9921e+01   1.9912e+00   0.0000e+00   0.0000e+00   3.2261e+02
20250203_21:00:00   1.0593e-01   3.0595e+01   2.0506e+00   0.0000e+00   0.0000e+00   3.2268e+02
20250204_00:00:00   1.0591e-01   3.0625e+01   2.0517e+00   0.0000e+00   0.0000e+00   3.2474e+02
20250204_03:00:00   1.1287e-01   3.2212e+01   2.2187e+00   0.0000e+00   9.5202e-05   3.2606e+02
20250204_06:00:00   1.3588e-01   3.7413e+01   2.7341e+00   0.0000e+00   0.0000e+00   3.2023e+02
20250204_09:00:00   1.3329e-01   3.6865e+01   2.6658e+00   0.0000e+00   4.2436e-03   3.1039e+02
20250204_12:00:00   1.6789e-01   4.4454e+01   3.3881e+00   0.0000e+00   3.4980e-02   3.1023e+02
20250204_15:00:00   1.9580e-01   5.1109e+01   3.7794e+00   0.0000e+00   8.3238e-04   3.1006e+02
20250204_18:00:00   1.1393e-01   3.2871e+01   2.0935e+00   0.0000e+00   0.0000e+00   3.1200e+02
20250204_21:00:00   9.1323e-02   2.7511e+01   1.6056e+00   0.0000e+00   0.0000e+00   3.1364e+02
20250205_00:00:00   7.4037e-01   1.4236e+02   4.2474e+00   2.0931e-01   4.8822e-02   3.2523e+02
20250205_03:00:00   3.7341e-01   8.5700e+01   3.8067e+00   6.3984e-02   1.4172e-01   3.3958e+02
20250205_06:00:00   6.7497e-02   2.1401e+01   1.0073e+00   1.3900e-04   2.1847e-05   3.4925e+02
20250205_09:00:00   9.0386e-02   2.6887e+01   1.4223e+00   1.1130e-03   2.8200e-05   3.4238e+02
20250205_12:00:00   1.0013e-01   2.9201e+01   1.7046e+00   1.6850e-06   1.2250e-07   3.3360e+02
20250205_15:00:00   9.7431e-02   2.8702e+01   1.4413e+00   6.4599e-03   1.5481e-04   3.2729e+02
20250205_18:00:00   9.6007e-02   2.8348e+01   1.7406e+00   1.2430e-04   1.3577e-03   3.2749e+02
20250205_21:00:00   1.4769e-01   4.0523e+01   2.3623e+00   8.0050e-03   3.4720e-04   3.1632e+02
20250206_00:00:00   1.5669e-01   4.2520e+01   2.8511e+00   9.8290e-04   4.4139e-04   3.1761e+02
20250206_03:00:00   1.7476e-01   4.6506e+01   3.2480e+00   5.9930e-06   1.3080e-06   3.1981e+02
20250206_06:00:00   2.0630e-01   5.3316e+01   3.8373e+00   1.3140e-04   4.5300e-07   3.1044e+02
20250206_09:00:00   2.2759e-01   5.7863e+01   4.1885e+00   0.0000e+00   0.0000e+00   3.0449e+02
20250206_12:00:00   2.6694e-01   6.5791e+01   4.9114e+00   0.0000e+00   0.0000e+00   3.0740e+02
20250206_15:00:00   3.0902e-01   7.3689e+01   5.8913e+00   0.0000e+00   3.4815e-03   3.1392e+02
20250206_18:00:00   3.5176e-01   8.1937e+01   6.4755e+00   2.0060e-03   1.7732e-05   3.1848e+02
20250206_21:00:00   3.1614e-01   7.5594e+01   5.7271e+00   1.7420e-03   2.6798e-05   3.2044e+02
20250207_00:00:00   3.1279e-01   7.4995e+01   5.5017e+00   6.2500e-03   1.2122e-05   3.1517e+02
20250207_03:00:00   5.4837e-01   1.1576e+02   5.6834e+00   9.9322e-02   6.7269e-04   3.0615e+02
20250207_06:00:00   2.7680e-01   6.7973e+01   4.6280e+00   1.0740e-02   2.7164e-05   3.0626e+02
20250207_09:00:00   2.0419e-01   5.2889e+01   3.8485e+00   1.5490e-03   1.4430e-06   3.0790e+02
20250207_12:00:00   1.8320e-01   4.8140e+01   3.6081e+00   0.0000e+00   0.0000e+00   2.9988e+02
20250207_15:00:00   1.9916e-01   5.1443e+01   3.9557e+00   0.0000e+00   0.0000e+00   2.9140e+02
20250207_18:00:00   2.6277e-01   6.5213e+01   5.0689e+00   0.0000e+00   0.0000e+00   2.9436e+02
20250207_21:00:00   2.4223e-01   6.1244e+01   4.6116e+00   0.0000e+00   0.0000e+00   2.9605e+02
20250208_00:00:00   2.3124e-01   5.8696e+01   4.5099e+00   0.0000e+00   0.0000e+00   2.9610e+02
20250208_03:00:00   2.1239e-01   5.4901e+01   4.1199e+00   0.0000e+00   0.0000e+00   2.9240e+02
20250208_06:00:00   1.8654e-01   4.9260e+01   3.6217e+00   0.0000e+00   9.0780e-05   2.9758e+02
20250208_09:00:00   2.1601e-01   5.5702e+01   4.2139e+00   0.0000e+00   6.0760e-05   2.9923e+02
20250208_12:00:00   1.9936e-01   5.2380e+01   3.8577e+00   0.0000e+00   3.0020e-05   2.9634e+02
20250208_15:00:00   1.7151e-01   4.6297e+01   3.3356e+00   0.0000e+00   3.9480e-05   2.9237e+02
20250208_18:00:00   1.6727e-01   4.5487e+01   3.2537e+00   0.0000e+00   4.7620e-04   2.8877e+02
20250208_21:00:00   2.2598e-01   5.8347e+01   4.3174e+00   0.0000e+00   3.2320e-05   2.8419e+02
20250209_00:00:00   2.6698e-01   6.6816e+01   5.0434e+00   0.0000e+00   0.0000e+00   2.7698e+02
20250209_03:00:00   3.0145e-01   7.3618e+01   5.6728e+00   0.0000e+00   6.1640e-05   2.7855e+02
20250209_06:00:00   2.7682e-01   6.8823e+01   5.1933e+00   0.0000e+00   6.6700e-04   2.7578e+02
20250209_09:00:00   3.0473e-01   7.4081e+01   5.8275e+00   0.0000e+00   3.2003e-04   2.7311e+02
20250209_12:00:00   2.2656e-01   5.8062e+01   4.4807e+00   0.0000e+00   8.4960e-04   2.7250e+02
20250209_15:00:00   1.5326e-01   4.1793e+01   3.0971e+00   0.0000e+00   0.0000e+00   2.7009e+02
20250209_18:00:00   1.2527e-01   3.5465e+01   2.4985e+00   0.0000e+00   0.0000e+00   2.6999e+02
20250209_21:00:00   1.2633e-01   3.5647e+01   2.5352e+00   0.0000e+00   0.0000e+00   2.6932e+02
20250210_00:00:00   1.5209e-01   4.1576e+01   3.0509e+00   0.0000e+00   0.0000e+00   2.6955e+02
20250210_03:00:00   1.6566e-01   4.4763e+01   3.2947e+00   0.0000e+00   0.0000e+00   2.6729e+02
20250210_06:00:00   1.6877e-01   4.5569e+01   3.3383e+00   0.0000e+00   0.0000e+00   2.6473e+02
20250210_09:00:00   1.5793e-01   4.3338e+01   3.0369e+00   0.0000e+00   0.0000e+00   2.6905e+02
20250210_12:00:00   1.5032e-01   4.1732e+01   2.8342e+00   0.0000e+00   0.0000e+00   2.7187e+02
20250210_15:00:00   1.4837e-01   4.1309e+01   2.7732e+00   0.0000e+00   0.0000e+00   2.6830e+02
20250210_18:00:00   1.3983e-01   3.9265e+01   2.6231e+00   0.0000e+00   0.0000e+00   2.6458e+02
20250210_21:00:00   1.4166e-01   3.9639e+01   2.6505e+00   0.0000e+00   0.0000e+00   2.6528e+02
20250211_00:00:00   1.4965e-01   4.1317e+01   2.8385e+00   0.0000e+00   0.0000e+00   2.6511e+02
20250211_03:00:00   1.6189e-01   4.3938e+01   3.1033e+00   0.0000e+00   0.0000e+00   2.6563e+02
20250211_06:00:00   1.6512e-01   4.4569e+01   3.1589e+00   0.0000e+00   1.0992e-04   2.6494e+02
