#            date       tau255        Tb[K]      pwv[mm] lwp[kg*m^-2] iwp[kg*m^-2]       o3[DU]
20250424_12:00:00   3.0665e-01   7.5045e+01   5.8826e+00   0.0000e+00   0.0000e+00   3.1190e+02
20250424_13:00:00   3.3565e-01   8.0668e+01   6.3868e+00   0.0000e+00   2.5700e-06   3.1421e+02
20250424_14:00:00   3.7159e-01   8.7294e+01   6.9261e+00   1.5976e-03   1.8724e-04   3.1783e+02
20250424_15:00:00   3.9002e-01   9.0668e+01   7.1546e+00   2.7320e-03   3.6281e-03   3.2141e+02
20250424_16:00:00   3.8097e-01   8.9114e+01   7.0375e+00   1.0639e-03   1.0234e-03   3.2474e+02
20250424_17:00:00   4.1343e-01   9.4604e+01   7.6662e+00   1.2840e-03   4.8190e-03   3.2329e+02
20250424_18:00:00   3.9970e-01   9.2154e+01   7.5165e+00   0.0000e+00   3.9384e-03   3.2135e+02
20250424_19:00:00   3.6824e-01   8.6559e+01   6.9606e+00   0.0000e+00   3.1477e-03   3.2121e+02
20250424_20:00:00   3.2249e-01   7.8111e+01   6.0992e+00   0.0000e+00   2.4019e-03   3.2263e+02
20250424_21:00:00   2.9642e-01   7.2981e+01   5.6518e+00   0.0000e+00   2.1868e-03   3.2383e+02
20250424_22:00:00   2.8868e-01   7.1274e+01   5.5699e+00   0.0000e+00   1.9785e-03   3.2429e+02
20250424_23:00:00   2.8065e-01   6.9501e+01   5.4722e+00   0.0000e+00   5.6116e-03   3.2396e+02
20250425_00:00:00   2.8743e-01   7.0707e+01   5.6297e+00   0.0000e+00   7.1111e-03   3.2375e+02
20250425_01:00:00   2.9251e-01   7.1530e+01   5.7612e+00   0.0000e+00   1.7440e-02   3.2399e+02
20250425_02:00:00   2.9807e-01   7.2526e+01   5.8713e+00   0.0000e+00   7.0689e-03   3.2291e+02
20250425_03:00:00   3.1681e-01   7.6098e+01   6.1976e+00   0.0000e+00   3.8991e-03   3.2190e+02
20250425_04:00:00   3.3261e-01   7.9052e+01   6.4775e+00   0.0000e+00   2.0226e-03   3.2127e+02
20250425_05:00:00   3.3459e-01   7.9250e+01   6.5463e+00   0.0000e+00   9.4138e-03   3.2030e+02
20250425_06:00:00   3.4187e-01   8.0517e+01   6.6871e+00   0.0000e+00   7.5485e-03   3.1946e+02
20250425_07:00:00   3.3711e-01   7.9566e+01   6.6125e+00   0.0000e+00   1.7282e-02   3.1984e+02
20250425_08:00:00   3.2805e-01   7.7924e+01   6.4309e+00   5.3040e-05   5.9828e-03   3.1846e+02
20250425_09:00:00   3.2549e-01   7.7453e+01   6.3669e+00   0.0000e+00   2.2100e-02   3.1862e+02
20250425_10:00:00   3.3945e-01   8.0101e+01   6.6145e+00   0.0000e+00   8.9703e-03   3.1976e+02
20250425_11:00:00   3.6422e-01   8.4621e+01   7.0479e+00   0.0000e+00   2.0292e-02   3.2081e+02
20250425_12:00:00   3.7408e-01   8.6404e+01   7.2255e+00   0.0000e+00   8.5157e-03   3.2177e+02
20250425_13:00:00   3.8927e-01   8.9145e+01   7.4578e+00   3.8540e-05   1.0769e-02   3.2204e+02
20250425_14:00:00   4.3301e-01   9.6720e+01   7.8299e+00   9.3068e-03   3.4790e-02   3.2231e+02
20250425_15:00:00   4.0408e-01   9.1798e+01   7.5926e+00   2.0500e-03   4.2275e-02   3.2087e+02
20250425_16:00:00   3.4616e-01   8.1491e+01   6.6696e+00   0.0000e+00   6.1981e-03   3.1971e+02
20250425_17:00:00   2.8031e-01   6.8863e+01   5.5094e+00   0.0000e+00   1.6212e-03   3.1996e+02
20250425_18:00:00   2.4362e-01   6.1557e+01   4.7828e+00   0.0000e+00   3.2587e-04   3.2072e+02
20250425_19:00:00   2.1712e-01   5.6116e+01   4.2422e+00   0.0000e+00   6.2140e-05   3.1965e+02
20250425_20:00:00   2.0308e-01   5.3121e+01   3.9667e+00   0.0000e+00   1.6296e-04   3.2017e+02
20250425_21:00:00   1.9536e-01   5.1534e+01   3.7783e+00   0.0000e+00   5.9921e-04   3.1982e+02
20250425_22:00:00   1.9571e-01   5.1662e+01   3.7500e+00   0.0000e+00   4.1880e-04   3.2085e+02
20250425_23:00:00   2.0921e-01   5.4435e+01   4.0581e+00   0.0000e+00   0.0000e+00   3.1827e+02
20250426_00:00:00   2.2238e-01   5.6981e+01   4.3983e+00   0.0000e+00   0.0000e+00   3.1622e+02
20250426_01:00:00   2.2923e-01   5.8339e+01   4.5625e+00   0.0000e+00   0.0000e+00   3.1821e+02
20250426_02:00:00   2.0850e-01   5.4233e+01   4.0761e+00   0.0000e+00   0.0000e+00   3.2208e+02
20250426_03:00:00   1.5814e-01   4.3479e+01   2.9782e+00   0.0000e+00   0.0000e+00   3.2399e+02
20250426_04:00:00   1.3014e-01   3.7118e+01   2.3963e+00   0.0000e+00   0.0000e+00   3.2629e+02
20250426_05:00:00   1.1104e-01   3.2637e+01   2.0068e+00   0.0000e+00   0.0000e+00   3.2743e+02
20250426_06:00:00   9.0427e-02   2.7616e+01   1.6012e+00   0.0000e+00   0.0000e+00   3.2871e+02
20250426_07:00:00   7.5803e-02   2.3921e+01   1.3202e+00   0.0000e+00   0.0000e+00   3.2864e+02
20250426_08:00:00   6.6178e-02   2.1425e+01   1.1382e+00   0.0000e+00   0.0000e+00   3.2747e+02
20250426_09:00:00   6.5329e-02   2.1067e+01   1.1533e+00   0.0000e+00   0.0000e+00   3.2705e+02
20250426_10:00:00   8.2878e-02   2.5311e+01   1.5639e+00   0.0000e+00   3.8242e-05   3.2631e+02
20250426_11:00:00   1.2297e-01   3.4745e+01   2.4748e+00   0.0000e+00   8.3360e-04   3.2514e+02
20250426_12:00:00   1.8357e-01   4.8404e+01   3.7521e+00   0.0000e+00   1.0178e-02   3.2387e+02
20250426_13:00:00   2.2574e-01   5.7486e+01   4.5568e+00   4.6360e-04   8.5059e-03   3.2300e+02
20250426_14:00:00   2.4302e-01   6.1390e+01   4.7784e+00   1.1778e-03   7.1850e-04   3.2305e+02
20250426_15:00:00   2.5202e-01   6.3493e+01   4.7957e+00   2.7138e-03   1.2299e-04   3.2416e+02
20250426_16:00:00   2.6762e-01   6.6797e+01   4.7380e+00   9.7840e-03   4.0087e-05   3.2558e+02
20250426_17:00:00   2.5858e-01   6.4993e+01   4.5697e+00   9.0750e-03   2.7810e-05   3.2686e+02
20250426_18:00:00   2.0126e-01   5.2734e+01   3.9280e+00   7.2060e-05   0.0000e+00   3.2752e+02
20250426_19:00:00   1.6559e-01   4.4926e+01   3.1877e+00   3.7870e-04   0.0000e+00   3.2972e+02
20250426_20:00:00   1.4399e-01   4.0156e+01   2.6544e+00   1.3635e-03   0.0000e+00   3.3133e+02
20250426_21:00:00   1.3086e-01   3.7099e+01   2.4469e+00   0.0000e+00   0.0000e+00   3.3375e+02
20250426_22:00:00   1.1751e-01   3.3852e+01   2.2146e+00   0.0000e+00   0.0000e+00   3.3860e+02
20250426_23:00:00   1.2391e-01   3.5396e+01   2.3354e+00   0.0000e+00   0.0000e+00   3.3929e+02
20250427_00:00:00   1.1749e-01   3.3858e+01   2.2176e+00   0.0000e+00   0.0000e+00   3.4047e+02
20250427_01:00:00   1.1651e-01   3.3661e+01   2.2006e+00   0.0000e+00   0.0000e+00   3.3972e+02
20250427_02:00:00   1.2178e-01   3.4980e+01   2.2917e+00   0.0000e+00   0.0000e+00   3.4063e+02
20250427_03:00:00   1.2058e-01   3.4725e+01   2.2634e+00   0.0000e+00   0.0000e+00   3.3842e+02
20250427_04:00:00   1.1710e-01   3.3945e+01   2.1832e+00   0.0000e+00   0.0000e+00   3.3882e+02
20250427_05:00:00   1.1515e-01   3.3518e+01   2.1377e+00   0.0000e+00   0.0000e+00   3.3883e+02
20250427_06:00:00   1.1233e-01   3.2855e+01   2.0884e+00   0.0000e+00   0.0000e+00   3.3891e+02
20250427_07:00:00   1.1388e-01   3.3227e+01   2.1264e+00   0.0000e+00   0.0000e+00   3.3982e+02
20250427_08:00:00   1.1859e-01   3.4315e+01   2.2321e+00   0.0000e+00   0.0000e+00   3.4020e+02
20250427_09:00:00   1.2397e-01   3.5548e+01   2.3575e+00   0.0000e+00   0.0000e+00   3.4080e+02
20250427_10:00:00   1.3586e-01   3.8335e+01   2.5952e+00   4.5642e-05   0.0000e+00   3.4055e+02
20250427_11:00:00   1.5548e-01   4.2882e+01   2.9606e+00   1.4707e-04   0.0000e+00   3.4059e+02
20250427_12:00:00   1.6987e-01   4.6176e+01   3.2189e+00   2.6719e-04   0.0000e+00   3.4160e+02
20250427_13:00:00   1.8120e-01   4.8787e+01   3.4161e+00   1.4470e-05   0.0000e+00   3.4249e+02
20250427_14:00:00   1.9457e-01   5.1856e+01   3.6103e+00   0.0000e+00   0.0000e+00   3.4091e+02
20250427_15:00:00   2.0225e-01   5.3608e+01   3.7198e+00   0.0000e+00   0.0000e+00   3.3721e+02
20250427_16:00:00   2.0573e-01   5.4396e+01   3.7595e+00   2.6610e-04   1.8752e-05   3.3611e+02
20250427_17:00:00   1.8999e-01   5.0928e+01   3.5062e+00   1.2957e-04   0.0000e+00   3.3567e+02
20250427_18:00:00   1.6828e-01   4.5974e+01   3.1913e+00   0.0000e+00   0.0000e+00   3.3466e+02
20250427_19:00:00   1.5087e-01   4.1882e+01   2.9310e+00   0.0000e+00   2.1480e-04   3.3388e+02
20250427_20:00:00   1.4302e-01   3.9948e+01   2.8279e+00   0.0000e+00   1.0394e-03   3.3199e+02
20250427_21:00:00   1.4037e-01   3.9251e+01   2.8034e+00   0.0000e+00   8.5702e-04   3.2994e+02
20250427_22:00:00   1.3745e-01   3.8482e+01   2.7757e+00   0.0000e+00   6.8760e-04   3.2835e+02
20250427_23:00:00   1.4097e-01   3.9186e+01   2.8829e+00   0.0000e+00   1.1738e-03   3.2641e+02
20250428_00:00:00   1.4683e-01   4.0468e+01   3.0291e+00   0.0000e+00   2.6041e-04   3.2519e+02
20250428_01:00:00   1.5167e-01   4.1504e+01   3.1514e+00   0.0000e+00   0.0000e+00   3.2448e+02
20250428_02:00:00   1.5507e-01   4.2251e+01   3.2300e+00   0.0000e+00   0.0000e+00   3.2365e+02
20250428_03:00:00   1.6009e-01   4.3354e+01   3.3438e+00   0.0000e+00   0.0000e+00   3.2394e+02
20250428_04:00:00   1.6134e-01   4.3627e+01   3.3699e+00   0.0000e+00   0.0000e+00   3.2334e+02
20250428_05:00:00   1.5997e-01   4.3365e+01   3.3278e+00   0.0000e+00   0.0000e+00   3.2254e+02
20250428_06:00:00   1.5504e-01   4.2361e+01   3.1962e+00   0.0000e+00   0.0000e+00   3.2078e+02
20250428_07:00:00   1.4909e-01   4.1119e+01   3.0428e+00   0.0000e+00   0.0000e+00   3.1925e+02
20250428_08:00:00   1.4439e-01   4.0116e+01   2.9287e+00   0.0000e+00   0.0000e+00   3.1940e+02
20250428_09:00:00   1.4338e-01   3.9941e+01   2.8943e+00   0.0000e+00   0.0000e+00   3.1870e+02
20250428_10:00:00   1.4183e-01   3.9634e+01   2.8546e+00   0.0000e+00   0.0000e+00   3.1733e+02
20250428_11:00:00   1.4414e-01   4.0240e+01   2.8837e+00   0.0000e+00   0.0000e+00   3.1750e+02
20250428_12:00:00   1.4630e-01   4.0835e+01   2.9030e+00   0.0000e+00   0.0000e+00   3.1698e+02
20250428_13:00:00   1.5153e-01   4.2128e+01   2.9664e+00   1.0145e-04   0.0000e+00   3.1612e+02
20250428_14:00:00   1.6972e-01   4.6383e+01   3.2594e+00   5.8220e-05   2.4488e-06   3.1422e+02
20250428_15:00:00   1.7205e-01   4.7010e+01   3.2607e+00   4.6050e-05   1.8393e-06   3.1367e+02
20250428_16:00:00   1.6014e-01   4.4333e+01   3.0481e+00   1.0641e-04   0.0000e+00   3.1251e+02
20250428_17:00:00   1.5349e-01   4.2791e+01   2.9607e+00   0.0000e+00   0.0000e+00   3.1146e+02
20250428_18:00:00   1.4130e-01   3.9927e+01   2.7566e+00   0.0000e+00   0.0000e+00   3.1087e+02
20250428_19:00:00   1.2086e-01   3.5051e+01   2.3621e+00   0.0000e+00   0.0000e+00   3.1072e+02
20250428_20:00:00   1.0590e-01   3.1440e+01   2.0523e+00   0.0000e+00   0.0000e+00   3.1148e+02
20250428_21:00:00   9.5239e-02   2.8804e+01   1.8277e+00   0.0000e+00   0.0000e+00   3.1319e+02
20250428_22:00:00   8.8799e-02   2.7195e+01   1.6925e+00   0.0000e+00   0.0000e+00   3.1369e+02
20250428_23:00:00   9.8622e-02   2.9687e+01   1.8887e+00   0.0000e+00   0.0000e+00   3.1233e+02
20250429_00:00:00   1.1149e-01   3.2900e+01   2.1355e+00   0.0000e+00   0.0000e+00   3.1114e+02
20250429_01:00:00   1.2744e-01   3.6775e+01   2.4353e+00   0.0000e+00   0.0000e+00   3.1074e+02
20250429_02:00:00   1.4561e-01   4.1079e+01   2.7730e+00   0.0000e+00   0.0000e+00   3.1106e+02
20250429_03:00:00   1.5398e-01   4.3045e+01   2.9190e+00   0.0000e+00   0.0000e+00   3.1095e+02
20250429_04:00:00   1.5084e-01   4.2309e+01   2.8686e+00   0.0000e+00   0.0000e+00   3.1189e+02
20250429_05:00:00   1.6564e-01   4.5587e+01   3.2201e+00   0.0000e+00   0.0000e+00   3.1184e+02
20250429_06:00:00   1.8609e-01   5.0122e+01   3.6590e+00   0.0000e+00   0.0000e+00   3.1186e+02
20250429_07:00:00   2.3268e-01   6.0199e+01   4.5694e+00   0.0000e+00   1.5095e-04   3.1126e+02
20250429_08:00:00   2.8753e-01   7.1422e+01   5.5988e+00   0.0000e+00   9.5124e-04   3.1096e+02
20250429_09:00:00   3.2393e-01   7.8623e+01   6.2108e+00   0.0000e+00   6.6727e-03   3.1230e+02
20250429_10:00:00   3.5429e-01   8.4543e+01   6.6928e+00   0.0000e+00   7.0934e-03   3.1234e+02
20250429_11:00:00   3.5626e-01   8.5052e+01   6.6960e+00   0.0000e+00   9.5182e-03   3.1173e+02
20250429_12:00:00   3.4629e-01   8.3231e+01   6.5409e+00   0.0000e+00   5.0075e-03   3.1320e+02
20250429_15:00:00   3.3224e-01   8.0612e+01   6.2864e+00   0.0000e+00   5.1520e-05   3.1421e+02
20250429_18:00:00   2.8322e-01   7.0878e+01   5.4564e+00   0.0000e+00   6.1828e-04   3.1159e+02
20250429_21:00:00   1.6893e-01   4.5790e+01   3.4167e+00   0.0000e+00   4.7773e-02   3.1144e+02
20250430_00:00:00   2.6186e-01   6.4781e+01   5.5063e+00   0.0000e+00   2.6686e-02   3.1055e+02
20250430_03:00:00   3.9626e-01   9.0169e+01   7.9370e+00   0.0000e+00   1.2117e-01   3.1195e+02
20250430_06:00:00   4.4219e-01   9.8359e+01   8.5842e+00   0.0000e+00   4.0491e-01   3.1231e+02
20250430_09:00:00   3.5897e-01   8.4745e+01   7.0263e+00   0.0000e+00   1.7379e-03   3.1492e+02
20250430_12:00:00   3.4441e-01   8.2665e+01   6.5211e+00   0.0000e+00   5.7960e-05   3.2224e+02
20250430_15:00:00   3.9961e-01   9.2463e+01   7.6542e+00   0.0000e+00   0.0000e+00   3.2020e+02
20250430_18:00:00   4.3559e-01   9.8728e+01   8.2439e+00   0.0000e+00   7.1520e-04   3.2343e+02
20250430_21:00:00   4.3329e-01   9.8594e+01   7.9798e+00   0.0000e+00   2.5760e-05   3.2764e+02
20250501_00:00:00   3.6976e-01   8.7595e+01   6.6577e+00   0.0000e+00   0.0000e+00   3.2963e+02
20250501_03:00:00   3.4144e-01   8.2446e+01   6.1928e+00   0.0000e+00   0.0000e+00   3.2890e+02
20250501_06:00:00   4.2661e-01   9.7786e+01   7.7372e+00   0.0000e+00   0.0000e+00   3.2751e+02
20250501_09:00:00   3.1941e-01   7.8518e+01   5.7179e+00   0.0000e+00   0.0000e+00   3.2227e+02
20250501_12:00:00   2.7337e-01   6.9458e+01   4.8569e+00   4.6640e-04   0.0000e+00   3.2068e+02
20250501_15:00:00   2.8235e-01   7.1281e+01   5.0515e+00   3.2592e-04   0.0000e+00   3.2221e+02
20250501_18:00:00   2.5057e-01   6.4755e+01   4.5368e+00   0.0000e+00   0.0000e+00   3.2602e+02
20250501_21:00:00   2.2103e-01   5.8414e+01   4.0184e+00   0.0000e+00   2.1160e-03   3.2514e+02
20250502_00:00:00   1.7213e-01   4.7404e+01   3.2234e+00   0.0000e+00   1.1537e-02   3.1874e+02
20250502_03:00:00   1.8086e-01   4.9196e+01   3.4285e+00   0.0000e+00   1.5932e-02   3.1962e+02
20250502_06:00:00   1.7666e-01   4.8003e+01   3.4121e+00   0.0000e+00   2.9717e-02   3.2128e+02
20250502_09:00:00   3.0706e-01   7.5734e+01   5.6426e+00   0.0000e+00   4.0845e-03   3.1971e+02
20250502_12:00:00   4.2137e-01   9.6667e+01   7.7423e+00   8.4410e-06   0.0000e+00   3.1876e+02
20250502_15:00:00   5.1334e-01   1.1191e+02   9.0781e+00   7.3636e-03   1.8436e-06   3.1868e+02
20250502_18:00:00   1.9447e-01   5.2120e+01   3.6507e+00   8.4440e-07   8.0650e-06   3.2666e+02
20250502_21:00:00   1.3717e-01   3.8058e+01   2.8269e+00   0.0000e+00   0.0000e+00   3.3398e+02
20250503_00:00:00   1.1957e-01   3.4108e+01   2.4006e+00   0.0000e+00   0.0000e+00   3.3899e+02
20250503_03:00:00   1.1351e-01   3.2710e+01   2.3008e+00   0.0000e+00   2.7962e-05   3.3061e+02
20250503_06:00:00   1.4271e-01   3.9609e+01   2.9483e+00   0.0000e+00   0.0000e+00   3.3267e+02
20250503_09:00:00   1.6381e-01   4.4388e+01   3.4087e+00   0.0000e+00   0.0000e+00   3.2943e+02
20250503_12:00:00   1.7895e-01   4.7888e+01   3.7276e+00   0.0000e+00   0.0000e+00   3.3176e+02
20250503_15:00:00   2.0108e-01   5.3140e+01   4.1340e+00   0.0000e+00   1.5392e-04   3.3545e+02
20250503_18:00:00   2.2115e-01   5.7578e+01   4.5371e+00   0.0000e+00   1.0149e-03   3.3275e+02
20250503_21:00:00   1.9783e-01   5.2489e+01   4.0932e+00   0.0000e+00   2.8452e-05   3.3436e+02
20250504_00:00:00   1.5562e-01   4.2821e+01   3.2575e+00   0.0000e+00   2.3636e-03   3.3331e+02
20250504_03:00:00   1.4756e-01   4.1117e+01   3.0130e+00   0.0000e+00   3.5472e-03   3.2678e+02
20250504_06:00:00   1.4575e-01   4.0645e+01   2.9505e+00   0.0000e+00   1.3288e-02   3.2416e+02
20250504_09:00:00   2.6619e-01   6.6852e+01   5.3809e+00   0.0000e+00   4.6339e-02   3.2311e+02
20250504_12:00:00   4.0295e-01   9.2959e+01   7.8947e+00   0.0000e+00   2.5389e-02   3.2198e+02
20250504_15:00:00   5.7271e-01   1.2016e+02   1.0958e+01   5.5160e-06   2.2125e-01   3.1976e+02
20250504_18:00:00   7.2711e-01   1.4164e+02   1.2336e+01   2.3370e-02   2.8736e-01   3.2184e+02
20250504_21:00:00   5.2424e-01   1.1227e+02   1.0229e+01   0.0000e+00   1.8473e-01   3.2432e+02
20250505_00:00:00   7.3147e-01   1.4196e+02   1.2019e+01   3.0936e-02   4.6217e-01   3.2612e+02
20250505_03:00:00   6.5391e-01   1.3124e+02   1.1550e+01   1.1288e-02   3.1644e-01   3.2733e+02
20250505_06:00:00   2.1386e+00   2.4097e+02   1.2132e+01   6.0735e-01   5.4637e-01   3.2683e+02
20250505_09:00:00   2.2595e+00   2.4465e+02   1.1693e+01   6.6695e-01   3.3278e-01   3.3091e+02
20250505_12:00:00   5.3392e-01   1.1436e+02   9.1518e+00   1.4963e-02   6.0836e-05   3.3599e+02
20250505_15:00:00   6.9430e-01   1.3781e+02   9.2753e+00   7.9728e-02   2.0611e-03   3.3510e+02
20250505_18:00:00   6.6279e-01   1.3326e+02   9.1985e+00   7.2330e-02   1.2364e-03   3.3243e+02
20250505_21:00:00   6.4097e-01   1.2992e+02   9.7946e+00   5.0510e-02   8.3168e-03   3.3134e+02
20250506_00:00:00   6.3302e-01   1.2874e+02   9.4117e+00   5.0956e-02   2.4193e-02   3.3380e+02
20250506_03:00:00   1.0193e+00   1.7453e+02   1.0730e+01   1.7289e-01   3.4877e-01   3.3716e+02
20250506_06:00:00   1.0935e+00   1.8141e+02   1.0144e+01   2.1937e-01   1.8846e-01   3.4355e+02
20250506_09:00:00   3.0495e+00   2.5980e+02   1.0094e+01   1.0364e+00   2.9617e-01   3.4558e+02
20250506_12:00:00   1.8703e+00   2.3114e+02   8.7946e+00   5.6521e-01   7.6697e-02   3.4749e+02
20250506_15:00:00   5.2833e-01   1.1357e+02   7.6787e+00   3.9457e-02   5.8242e-05   3.4882e+02
20250506_18:00:00   4.5623e-01   1.0235e+02   6.1168e+00   4.6073e-02   1.7764e-05   3.5209e+02
20250506_21:00:00   7.9611e-01   1.5112e+02   5.8585e+00   1.9052e-01   3.0633e-04   3.5240e+02
20250507_00:00:00   6.8302e-01   1.3689e+02   5.0814e+00   1.6166e-01   7.9722e-05   3.5561e+02
20250507_03:00:00   3.7279e-01   8.7257e+01   5.4777e+00   2.4065e-02   7.4053e-04   3.5430e+02
20250507_06:00:00   4.8400e-01   1.0631e+02   6.3421e+00   5.1670e-02   6.8755e-04   3.5436e+02
20250507_09:00:00   6.7996e-01   1.3512e+02   7.6502e+00   1.0620e-01   3.3254e-03   3.5663e+02
20250507_12:00:00   8.6383e-01   1.5897e+02   7.0065e+00   1.9256e-01   3.8908e-03   3.5160e+02
20250507_15:00:00   6.5142e-01   1.3238e+02   6.6186e+00   1.1555e-01   8.9300e-05   3.4992e+02
20250507_18:00:00   3.2102e-01   7.8085e+01   4.0536e+00   3.5451e-02   2.1458e-05   3.5341e+02
20250507_21:00:00   3.3613e-01   8.0940e+01   3.4235e+00   5.8330e-02   1.1693e-04   3.4987e+02
20250508_00:00:00   1.5173e-01   4.2210e+01   2.7123e+00   0.0000e+00   0.0000e+00   3.4738e+02
20250508_03:00:00   1.3311e-01   3.7510e+01   2.5627e+00   0.0000e+00   0.0000e+00   3.4298e+02
20250508_06:00:00   1.2215e-01   3.4907e+01   2.3921e+00   0.0000e+00   0.0000e+00   3.3870e+02
20250508_09:00:00   1.1374e-01   3.2910e+01   2.2536e+00   0.0000e+00   0.0000e+00   3.3581e+02
20250508_12:00:00   1.8239e-01   4.8944e+01   3.4294e+00   2.4060e-03   3.3208e-05   3.3371e+02
20250508_15:00:00   4.0344e-01   9.3489e+01   5.4683e+00   4.4770e-02   2.4047e-04   3.2998e+02
20250508_18:00:00   4.4324e-01   1.0057e+02   5.2389e+00   6.5940e-02   2.4494e-04   3.3466e+02
20250508_21:00:00   2.3669e-01   6.0894e+01   4.3504e+00   2.5076e-03   1.1522e-06   3.3712e+02
20250509_00:00:00   1.6460e-01   4.5210e+01   3.1198e+00   0.0000e+00   8.6580e-06   3.3595e+02
20250509_03:00:00   1.4122e-01   3.9744e+01   2.7100e+00   0.0000e+00   3.5221e-04   3.3463e+02
20250509_06:00:00   1.1084e-01   3.2510e+01   2.1468e+00   0.0000e+00   0.0000e+00   3.4034e+02
20250509_09:00:00   1.0678e-01   3.1357e+01   2.1317e+00   0.0000e+00   0.0000e+00   3.3908e+02
20250509_12:00:00   1.1516e-01   3.3301e+01   2.3569e+00   0.0000e+00   4.1834e-03   3.3669e+02
20250509_15:00:00   1.2374e-01   3.5384e+01   2.5557e+00   0.0000e+00   1.1650e-03   3.2702e+02
20250509_18:00:00   1.3434e-01   3.7236e+01   2.9628e+00   3.4080e-06   3.8764e-03   3.2724e+02
20250509_21:00:00   2.8744e-01   7.0477e+01   6.0874e+00   0.0000e+00   1.5568e-02   3.2246e+02
20250510_00:00:00   4.7782e-01   1.0520e+02   9.6286e+00   0.0000e+00   6.3008e-02   3.1871e+02
20250510_03:00:00   6.7394e-01   1.3475e+02   1.2269e+01   1.3726e-02   1.6966e-01   3.1570e+02
20250510_06:00:00   6.2864e-01   1.2851e+02   1.2080e+01   0.0000e+00   1.8425e-01   3.1419e+02
20250510_09:00:00   7.1151e-01   1.3963e+02   1.3329e+01   1.9392e-03   1.6297e-01   3.1402e+02
20250510_12:00:00   6.1345e-01   1.2642e+02   1.1858e+01   0.0000e+00   1.7204e-02   3.1347e+02
