#            date       tau255        Tb[K]      pwv[mm] lwp[kg*m^-2] iwp[kg*m^-2]       o3[DU]
20201021_06:00:00   1.0449e-01   3.1580e+01   2.0439e+00   0.0000e+00   0.0000e+00   2.7672e+02
20201021_07:00:00   1.0742e-01   3.2276e+01   2.1022e+00   0.0000e+00   0.0000e+00   2.7643e+02
20201021_08:00:00   1.1230e-01   3.3480e+01   2.1969e+00   0.0000e+00   0.0000e+00   2.7618e+02
20201021_09:00:00   1.1941e-01   3.5216e+01   2.3369e+00   0.0000e+00   0.0000e+00   2.7545e+02
20201021_10:00:00   1.2178e-01   3.5783e+01   2.3791e+00   0.0000e+00   0.0000e+00   2.7470e+02
20201021_11:00:00   1.1211e-01   3.3417e+01   2.1755e+00   0.0000e+00   0.0000e+00   2.7374e+02
20201021_12:00:00   1.0616e-01   3.1938e+01   2.0518e+00   0.0000e+00   0.0000e+00   2.7351e+02
20201021_13:00:00   1.0527e-01   3.1673e+01   2.0426e+00   0.0000e+00   0.0000e+00   2.7391e+02
20201021_14:00:00   1.0783e-01   3.2171e+01   2.1315e+00   0.0000e+00   0.0000e+00   2.7509e+02
20201021_15:00:00   1.1118e-01   3.2865e+01   2.2372e+00   0.0000e+00   3.7362e-05   2.7463e+02
20201021_16:00:00   1.2217e-01   3.5453e+01   2.5010e+00   0.0000e+00   2.2360e-04   2.7294e+02
20201021_17:00:00   1.3260e-01   3.7886e+01   2.7516e+00   0.0000e+00   2.7152e-04   2.7230e+02
20201021_18:00:00   1.4937e-01   4.1776e+01   3.1333e+00   0.0000e+00   2.4126e-03   2.7249e+02
20201021_19:00:00   1.7406e-01   4.7443e+01   3.6517e+00   0.0000e+00   8.0332e-03   2.7237e+02
20201021_20:00:00   1.9035e-01   5.1098e+01   4.0024e+00   0.0000e+00   4.7719e-03   2.7162e+02
20201021_21:00:00   2.1020e-01   5.5370e+01   4.4662e+00   0.0000e+00   9.3969e-03   2.7175e+02
20201021_22:00:00   2.3660e-01   6.0825e+01   5.0783e+00   0.0000e+00   2.9425e-02   2.7286e+02
20201021_23:00:00   2.6033e-01   6.5693e+01   5.6150e+00   0.0000e+00   1.4126e-02   2.7265e+02
20201022_00:00:00   2.7166e-01   6.7955e+01   5.8662e+00   0.0000e+00   9.4096e-03   2.7229e+02
20201022_01:00:00   2.8450e-01   7.0666e+01   6.0917e+00   0.0000e+00   1.7269e-03   2.7331e+02
20201022_02:00:00   2.9197e-01   7.2317e+01   6.1776e+00   0.0000e+00   6.8381e-04   2.7288e+02
20201022_03:00:00   2.8033e-01   7.0240e+01   5.8251e+00   0.0000e+00   2.8144e-05   2.7152e+02
20201022_04:00:00   2.6592e-01   6.7452e+01   5.4452e+00   0.0000e+00   0.0000e+00   2.7182e+02
20201022_05:00:00   2.6068e-01   6.6420e+01   5.2991e+00   0.0000e+00   0.0000e+00   2.7227e+02
20201022_06:00:00   2.6137e-01   6.6643e+01   5.2689e+00   0.0000e+00   0.0000e+00   2.7189e+02
20201022_07:00:00   2.7065e-01   6.8516e+01   5.4282e+00   0.0000e+00   0.0000e+00   2.7127e+02
20201022_08:00:00   2.8186e-01   7.0731e+01   5.6239e+00   0.0000e+00   0.0000e+00   2.7253e+02
20201022_09:00:00   2.8018e-01   7.0414e+01   5.5446e+00   0.0000e+00   0.0000e+00   2.7319e+02
20201022_10:00:00   2.7197e-01   6.8697e+01   5.3871e+00   0.0000e+00   0.0000e+00   2.7158e+02
20201022_11:00:00   2.5720e-01   6.5608e+01   5.1435e+00   0.0000e+00   0.0000e+00   2.7020e+02
20201022_12:00:00   2.4432e-01   6.2917e+01   4.9086e+00   0.0000e+00   0.0000e+00   2.6819e+02
20201022_13:00:00   2.3138e-01   6.0200e+01   4.6548e+00   0.0000e+00   0.0000e+00   2.6545e+02
20201022_14:00:00   2.2075e-01   5.7896e+01   4.4530e+00   0.0000e+00   0.0000e+00   2.6505e+02
20201022_15:00:00   2.1533e-01   5.6653e+01   4.3804e+00   0.0000e+00   0.0000e+00   2.6531e+02
20201022_16:00:00   2.1150e-01   5.5748e+01   4.3291e+00   0.0000e+00   0.0000e+00   2.6535e+02
20201022_17:00:00   2.0945e-01   5.5260e+01   4.3015e+00   0.0000e+00   0.0000e+00   2.6578e+02
20201022_18:00:00   2.2204e-01   5.8022e+01   4.5347e+00   0.0000e+00   0.0000e+00   2.6597e+02
20201022_19:00:00   2.5092e-01   6.4298e+01   5.0532e+00   0.0000e+00   0.0000e+00   2.6566e+02
20201022_20:00:00   2.7933e-01   7.0276e+01   5.5964e+00   0.0000e+00   0.0000e+00   2.6475e+02
20201022_21:00:00   2.9856e-01   7.4201e+01   5.9776e+00   0.0000e+00   0.0000e+00   2.6493e+02
20201022_22:00:00   3.1563e-01   7.7613e+01   6.3130e+00   0.0000e+00   1.4586e-05   2.6618e+02
20201022_23:00:00   3.1552e-01   7.7602e+01   6.3365e+00   0.0000e+00   9.7184e-04   2.6550e+02
20201023_00:00:00   3.1006e-01   7.6486e+01   6.2511e+00   0.0000e+00   7.5255e-04   2.6523e+02
20201023_01:00:00   3.0204e-01   7.4806e+01   6.1285e+00   0.0000e+00   5.2634e-04   2.6541e+02
20201023_02:00:00   2.9209e-01   7.2705e+01   5.9950e+00   0.0000e+00   4.1840e-04   2.6581e+02
20201023_03:00:00   2.9224e-01   7.2648e+01   6.0261e+00   0.0000e+00   1.6039e-03   2.6590e+02
20201023_04:00:00   2.9936e-01   7.3978e+01   6.1912e+00   0.0000e+00   2.5289e-03   2.6572e+02
20201023_05:00:00   2.9778e-01   7.3578e+01   6.1983e+00   0.0000e+00   4.0825e-03   2.6581e+02
20201023_06:00:00   2.9570e-01   7.3124e+01   6.1738e+00   0.0000e+00   7.0337e-03   2.6482e+02
20201023_07:00:00   2.8792e-01   7.1518e+01   6.0279e+00   0.0000e+00   9.9608e-03   2.6468e+02
20201023_08:00:00   2.8064e-01   6.9992e+01   5.8974e+00   0.0000e+00   9.9282e-03   2.6524e+02
20201023_09:00:00   2.7353e-01   6.8480e+01   5.7719e+00   0.0000e+00   3.4750e-03   2.6503e+02
20201023_10:00:00   2.6260e-01   6.6191e+01   5.5516e+00   0.0000e+00   2.8251e-03   2.6478e+02
20201023_11:00:00   2.4648e-01   6.2843e+01   5.1986e+00   0.0000e+00   2.1968e-03   2.6409e+02
20201023_12:00:00   2.3428e-01   6.0266e+01   4.9436e+00   0.0000e+00   4.4692e-04   2.6340e+02
20201023_13:00:00   2.3495e-01   6.0225e+01   5.0072e+00   0.0000e+00   3.3065e-03   2.6358e+02
20201023_14:00:00   2.2736e-01   5.8452e+01   4.9010e+00   0.0000e+00   4.4744e-03   2.6438e+02
20201023_15:00:00   2.0531e-01   5.3743e+01   4.4510e+00   0.0000e+00   8.6203e-04   2.6532e+02
20201023_16:00:00   1.9217e-01   5.0959e+01   4.1624e+00   0.0000e+00   0.0000e+00   2.6650e+02
20201023_17:00:00   1.9359e-01   5.1393e+01   4.1780e+00   0.0000e+00   0.0000e+00   2.6705e+02
20201023_18:00:00   2.2611e-01   5.8661e+01   4.8333e+00   0.0000e+00   0.0000e+00   2.6714e+02
20201023_19:00:00   2.7200e-01   6.8619e+01   5.6792e+00   0.0000e+00   0.0000e+00   2.6727e+02
20201023_20:00:00   2.9774e-01   7.4036e+01   6.0866e+00   0.0000e+00   0.0000e+00   2.6720e+02
20201023_21:00:00   3.1211e-01   7.6922e+01   6.3266e+00   0.0000e+00   0.0000e+00   2.6750e+02
20201023_22:00:00   3.2868e-01   8.0045e+01   6.6769e+00   0.0000e+00   8.9791e-04   2.6837e+02
20201023_23:00:00   3.2248e-01   7.8754e+01   6.6140e+00   0.0000e+00   1.4553e-04   2.6814e+02
20201024_00:00:00   3.1857e-01   7.7759e+01   6.6542e+00   0.0000e+00   1.2926e-03   2.6756e+02
20201024_01:00:00   3.0765e-01   7.5430e+01   6.5341e+00   0.0000e+00   1.4605e-02   2.6717e+02
20201024_02:00:00   2.9324e-01   7.2488e+01   6.3086e+00   0.0000e+00   1.4644e-02   2.6744e+02
20201024_03:00:00   3.2276e-01   7.8028e+01   7.0281e+00   0.0000e+00   5.1429e-02   2.6814e+02
20201024_04:00:00   3.3139e-01   7.9857e+01   7.2008e+00   0.0000e+00   1.3767e-03   2.6921e+02
20201024_05:00:00   3.1782e-01   7.7360e+01   6.8902e+00   0.0000e+00   8.0274e-05   2.6984e+02
20201024_06:00:00   3.1809e-01   7.7464e+01   6.8859e+00   0.0000e+00   2.4623e-03   2.6851e+02
20201024_07:00:00   3.1822e-01   7.7442e+01   6.9038e+00   0.0000e+00   4.0983e-03   2.6772e+02
20201024_08:00:00   3.1609e-01   7.7042e+01   6.8545e+00   0.0000e+00   3.1319e-03   2.6738e+02
20201024_09:00:00   3.1401e-01   7.6548e+01   6.8335e+00   0.0000e+00   1.5332e-02   2.6679e+02
20201024_10:00:00   3.0647e-01   7.5064e+01   6.6760e+00   0.0000e+00   9.5169e-03   2.6656e+02
20201024_11:00:00   2.8045e-01   7.0082e+01   6.0427e+00   0.0000e+00   9.9573e-03   2.6704e+02
20201024_12:00:00   2.5935e-01   6.5863e+01   5.5462e+00   0.0000e+00   1.1754e-02   2.6701e+02
20201024_13:00:00   2.4967e-01   6.3797e+01   5.3494e+00   0.0000e+00   2.6279e-02   2.6556e+02
20201024_14:00:00   2.3709e-01   6.1160e+01   5.0681e+00   0.0000e+00   3.2938e-02   2.6432e+02
20201024_15:00:00   2.2556e-01   5.8729e+01   4.8056e+00   0.0000e+00   3.8421e-02   2.6343e+02
20201024_16:00:00   2.1288e-01   5.6045e+01   4.5382e+00   0.0000e+00   2.1704e-02   2.6406e+02
20201024_17:00:00   2.1340e-01   5.6009e+01   4.6002e+00   0.0000e+00   3.6890e-02   2.6324e+02
20201024_18:00:00   2.2991e-01   5.9344e+01   4.9919e+00   0.0000e+00   7.4549e-02   2.6202e+02
20201024_19:00:00   2.4389e-01   6.2157e+01   5.3220e+00   0.0000e+00   1.1075e-01   2.6187e+02
20201024_20:00:00   2.4617e-01   6.2895e+01   5.3059e+00   0.0000e+00   5.2793e-02   2.6117e+02
20201024_21:00:00   2.5982e-01   6.5834e+01   5.5144e+00   0.0000e+00   7.8121e-02   2.6022e+02
20201024_22:00:00   2.7334e-01   6.8719e+01   5.7619e+00   0.0000e+00   3.3161e-02   2.6078e+02
20201024_23:00:00   2.6993e-01   6.7926e+01   5.7536e+00   0.0000e+00   2.5914e-02   2.6153e+02
20201025_00:00:00   2.5645e-01   6.5113e+01   5.4892e+00   0.0000e+00   2.5013e-02   2.6169e+02
20201025_01:00:00   2.3900e-01   6.1437e+01   5.1346e+00   0.0000e+00   2.3159e-02   2.6415e+02
20201025_02:00:00   2.2604e-01   5.8624e+01   4.8949e+00   0.0000e+00   1.6727e-02   2.6501e+02
20201025_03:00:00   2.2009e-01   5.7314e+01   4.7805e+00   0.0000e+00   8.0058e-03   2.6510e+02
20201025_04:00:00   2.1625e-01   5.6392e+01   4.7254e+00   0.0000e+00   5.1519e-03   2.6508e+02
20201025_05:00:00   2.1511e-01   5.6028e+01   4.7285e+00   0.0000e+00   4.4798e-03   2.6471e+02
20201025_06:00:00   2.2716e-01   5.8498e+01   5.0023e+00   0.0000e+00   9.1112e-03   2.6483e+02
20201025_07:00:00   2.4224e-01   6.1585e+01   5.3306e+00   0.0000e+00   1.7016e-02   2.6552e+02
20201025_08:00:00   2.4545e-01   6.2241e+01   5.3871e+00   0.0000e+00   1.3410e-02   2.6686e+02
20201025_09:00:00   2.4314e-01   6.1759e+01   5.3159e+00   0.0000e+00   5.8459e-03   2.6856e+02
20201025_10:00:00   2.5900e-01   6.4941e+01   5.6687e+00   0.0000e+00   5.4668e-03   2.6969e+02
20201025_11:00:00   2.7540e-01   6.8169e+01   6.0290e+00   0.0000e+00   5.0741e-03   2.7137e+02
20201025_12:00:00   2.8804e-01   7.0565e+01   6.3214e+00   0.0000e+00   1.0244e-02   2.7222e+02
20201025_13:00:00   2.8310e-01   6.9583e+01   6.1935e+00   0.0000e+00   1.0680e-02   2.7311e+02
20201025_14:00:00   3.2100e-01   7.6685e+01   7.0336e+00   0.0000e+00   1.3863e-02   2.7401e+02
20201025_15:00:00   3.3199e-01   7.8794e+01   7.2177e+00   0.0000e+00   1.4536e-02   2.7470e+02
20201025_16:00:00   3.6750e-01   8.5292e+01   7.9251e+00   0.0000e+00   1.7158e-02   2.7619e+02
20201025_17:00:00   3.9498e-01   9.0129e+01   8.4116e+00   0.0000e+00   7.9260e-02   2.7884e+02
20201025_18:00:00   3.8308e-01   8.8167e+01   8.1164e+00   0.0000e+00   2.6078e-02   2.8095e+02
20201025_19:00:00   3.8996e-01   8.9867e+01   8.0021e+00   0.0000e+00   2.2305e-03   2.8254e+02
20201025_20:00:00   4.0778e-01   9.3436e+01   8.0167e+00   3.5920e-04   9.0344e-04   2.8134e+02
20201025_21:00:00   4.3164e-01   9.7514e+01   8.4114e+00   2.3879e-03   3.6142e-03   2.7993e+02
20201025_22:00:00   4.3673e-01   9.8329e+01   8.5949e+00   2.2225e-04   6.2036e-03   2.7867e+02
20201025_23:00:00   4.8203e-01   1.0558e+02   9.4038e+00   2.1038e-03   7.9665e-02   2.7921e+02
20201026_00:00:00   3.8233e-01   8.8978e+01   7.5152e+00   0.0000e+00   7.4058e-05   2.8063e+02
20201026_01:00:00   4.0799e-01   9.3445e+01   7.9223e+00   1.7962e-04   1.5632e-03   2.8181e+02
20201026_02:00:00   3.8468e-01   8.9049e+01   7.5222e+00   5.3880e-04   6.2845e-03   2.8327e+02
20201026_03:00:00   3.7912e-01   8.7833e+01   7.4424e+00   8.9800e-04   5.3815e-04   2.8421e+02
20201026_04:00:00   4.0887e-01   9.2837e+01   8.0493e+00   0.0000e+00   7.1980e-03   2.8666e+02
20201026_05:00:00   3.5760e-01   8.3892e+01   6.9657e+00   0.0000e+00   7.0490e-04   2.8655e+02
20201026_06:00:00   3.1213e-01   7.5436e+01   6.0156e+00   0.0000e+00   0.0000e+00   2.8544e+02
20201026_09:00:00   1.5839e-01   4.3456e+01   3.0330e+00   0.0000e+00   0.0000e+00   2.8800e+02
20201026_12:00:00   1.7261e-01   4.6886e+01   3.1667e+00   3.3360e-04   0.0000e+00   2.8982e+02
20201026_15:00:00   1.4781e-01   4.1116e+01   2.7723e+00   0.0000e+00   0.0000e+00   2.9150e+02
20201026_18:00:00   2.2995e-01   5.9137e+01   3.5898e+00   1.6690e-02   7.1480e-07   2.8872e+02
20201026_21:00:00   3.5720e-01   8.4127e+01   5.1341e+00   3.3850e-02   2.3036e-04   2.8859e+02
20201027_00:00:00   3.1576e-01   7.6043e+01   5.4289e+00   1.0438e-02   1.2363e-03   2.9214e+02
20201027_03:00:00   2.0806e-01   5.3944e+01   3.9513e+00   0.0000e+00   0.0000e+00   2.9637e+02
20201027_06:00:00   1.2649e-01   3.5609e+01   2.3439e+00   0.0000e+00   0.0000e+00   3.0548e+02
20201027_09:00:00   1.3521e-01   3.7621e+01   2.3338e+00   4.6700e-04   2.3271e-05   3.1185e+02
20201027_12:00:00   1.2489e-01   3.5176e+01   2.1124e+00   0.0000e+00   6.5490e-06   3.2515e+02
20201027_15:00:00   8.8879e-02   2.6583e+01   1.4700e+00   0.0000e+00   0.0000e+00   3.2978e+02
20201027_18:00:00   6.1780e-02   2.0073e+01   9.2403e-01   0.0000e+00   0.0000e+00   3.3151e+02
20201027_21:00:00   6.6089e-02   2.1227e+01   9.9598e-01   0.0000e+00   0.0000e+00   3.3620e+02
20201028_00:00:00   8.2370e-02   2.5273e+01   1.3142e+00   0.0000e+00   0.0000e+00   3.2512e+02
20201028_03:00:00   6.8320e-02   2.1827e+01   1.1188e+00   0.0000e+00   0.0000e+00   3.1577e+02
20201028_06:00:00   6.4659e-02   2.0884e+01   1.1534e+00   0.0000e+00   0.0000e+00   2.9998e+02
20201028_09:00:00   7.4279e-02   2.3493e+01   1.3583e+00   0.0000e+00   0.0000e+00   2.9552e+02
20201028_12:00:00   7.7150e-02   2.4308e+01   1.4368e+00   0.0000e+00   0.0000e+00   2.9173e+02
20201028_15:00:00   7.7090e-02   2.4355e+01   1.4403e+00   0.0000e+00   0.0000e+00   2.8790e+02
20201028_18:00:00   8.2590e-02   2.5784e+01   1.5615e+00   0.0000e+00   0.0000e+00   2.8586e+02
20201028_21:00:00   8.7400e-02   2.6940e+01   1.6892e+00   0.0000e+00   0.0000e+00   2.8378e+02
20201029_00:00:00   9.6463e-02   2.9142e+01   1.9099e+00   0.0000e+00   0.0000e+00   2.8217e+02
20201029_03:00:00   9.8117e-02   2.9577e+01   1.9390e+00   0.0000e+00   0.0000e+00   2.8240e+02
20201029_06:00:00   9.7771e-02   2.9536e+01   1.9199e+00   0.0000e+00   0.0000e+00   2.7819e+02
20201029_09:00:00   9.6820e-02   2.9326e+01   1.8927e+00   0.0000e+00   0.0000e+00   2.7766e+02
20201029_12:00:00   9.5401e-02   2.9010e+01   1.8486e+00   0.0000e+00   0.0000e+00   2.7726e+02
20201029_15:00:00   8.8899e-02   2.7497e+01   1.6804e+00   0.0000e+00   0.0000e+00   2.7610e+02
20201029_18:00:00   8.6481e-02   2.6928e+01   1.6186e+00   0.0000e+00   0.0000e+00   2.7654e+02
20201029_21:00:00   8.6501e-02   2.6964e+01   1.6106e+00   0.0000e+00   0.0000e+00   2.7736e+02
20201030_00:00:00   8.3736e-02   2.6298e+01   1.5311e+00   0.0000e+00   0.0000e+00   2.7825e+02
20201030_03:00:00   7.8355e-02   2.4972e+01   1.3962e+00   0.0000e+00   0.0000e+00   2.7846e+02
20201030_06:00:00   7.5640e-02   2.4304e+01   1.3303e+00   0.0000e+00   0.0000e+00   2.7631e+02
20201030_09:00:00   7.4352e-02   2.3962e+01   1.3020e+00   0.0000e+00   0.0000e+00   2.7873e+02
20201030_12:00:00   7.1645e-02   2.3253e+01   1.2438e+00   0.0000e+00   0.0000e+00   2.8009e+02
20201030_15:00:00   6.7831e-02   2.2264e+01   1.1619e+00   0.0000e+00   0.0000e+00   2.8066e+02
20201030_18:00:00   7.9427e-02   2.5231e+01   1.4093e+00   0.0000e+00   0.0000e+00   2.7745e+02
20201030_21:00:00   8.7302e-02   2.7186e+01   1.5777e+00   0.0000e+00   0.0000e+00   2.7563e+02
20201031_00:00:00   9.0074e-02   2.7852e+01   1.6414e+00   0.0000e+00   0.0000e+00   2.7559e+02
20201031_03:00:00   9.2433e-02   2.8441e+01   1.6799e+00   0.0000e+00   0.0000e+00   2.7303e+02
20201031_06:00:00   8.7041e-02   2.7127e+01   1.5619e+00   0.0000e+00   0.0000e+00   2.6827e+02
20201031_09:00:00   8.1301e-02   2.5713e+01   1.4381e+00   0.0000e+00   0.0000e+00   2.6197e+02
20201031_12:00:00   7.8373e-02   2.4983e+01   1.3736e+00   0.0000e+00   0.0000e+00   2.5977e+02
20201031_15:00:00   8.5694e-02   2.6737e+01   1.5536e+00   0.0000e+00   0.0000e+00   2.5441e+02
20201031_18:00:00   8.8422e-02   2.7298e+01   1.6503e+00   0.0000e+00   1.9147e-03   2.5286e+02
20201031_21:00:00   8.9543e-02   2.7281e+01   1.7594e+00   0.0000e+00   1.6355e-02   2.5230e+02
20201101_00:00:00   1.0712e-01   3.1474e+01   2.1686e+00   0.0000e+00   1.1829e-03   2.5109e+02
20201101_03:00:00   1.0691e-01   3.1519e+01   2.1332e+00   0.0000e+00   0.0000e+00   2.5099e+02
20201101_06:00:00   1.0856e-01   3.1870e+01   2.1797e+00   0.0000e+00   0.0000e+00   2.4990e+02
20201101_09:00:00   1.0713e-01   3.1376e+01   2.1837e+00   0.0000e+00   0.0000e+00   2.5001e+02
20201101_12:00:00   1.1597e-01   3.3340e+01   2.4174e+00   0.0000e+00   0.0000e+00   2.5210e+02
20201101_15:00:00   1.2626e-01   3.5761e+01   2.6586e+00   0.0000e+00   0.0000e+00   2.5184e+02
20201101_18:00:00   1.3908e-01   3.8763e+01   2.9522e+00   0.0000e+00   0.0000e+00   2.5095e+02
20201101_21:00:00   1.5836e-01   4.3276e+01   3.3591e+00   0.0000e+00   0.0000e+00   2.4699e+02
20201102_00:00:00   1.8429e-01   4.9223e+01   3.8845e+00   0.0000e+00   0.0000e+00   2.4710e+02
20201102_03:00:00   2.1930e-01   5.7098e+01   4.5331e+00   0.0000e+00   0.0000e+00   2.4782e+02
20201102_06:00:00   2.1568e-01   5.6212e+01   4.4536e+00   0.0000e+00   0.0000e+00   2.4580e+02
20201102_09:00:00   2.0860e-01   5.4481e+01   4.3386e+00   0.0000e+00   0.0000e+00   2.4801e+02
20201102_12:00:00   2.2374e-01   5.7524e+01   4.5876e+00   0.0000e+00   0.0000e+00   2.5158e+02
20201102_15:00:00   2.2183e-01   5.6870e+01   4.4927e+00   0.0000e+00   3.7180e-06   2.6036e+02
20201102_18:00:00   2.1858e-01   5.6033e+01   4.3689e+00   0.0000e+00   1.0109e-03   2.6249e+02
20201102_21:00:00   2.5632e-01   6.4130e+01   4.9513e+00   0.0000e+00   5.7480e-06   2.5826e+02
20201103_00:00:00   2.3518e-01   6.0048e+01   4.5236e+00   0.0000e+00   0.0000e+00   2.5543e+02
20201103_03:00:00   1.9073e-01   5.0861e+01   3.6211e+00   0.0000e+00   0.0000e+00   2.5430e+02
20201103_06:00:00   1.5995e-01   4.4090e+01   3.0351e+00   0.0000e+00   0.0000e+00   2.5292e+02
20201103_09:00:00   1.2355e-01   3.5718e+01   2.3303e+00   0.0000e+00   0.0000e+00   2.5329e+02
20201103_12:00:00   1.1719e-01   3.4162e+01   2.2323e+00   0.0000e+00   0.0000e+00   2.5246e+02
20201103_15:00:00   1.1895e-01   3.4628e+01   2.2423e+00   0.0000e+00   0.0000e+00   2.4982e+02
20201103_18:00:00   1.1398e-01   3.3448e+01   2.1639e+00   0.0000e+00   0.0000e+00   2.4835e+02
20201103_21:00:00   1.0682e-01   3.1798e+01   2.0348e+00   0.0000e+00   0.0000e+00   2.4600e+02
20201104_00:00:00   1.2246e-01   3.5654e+01   2.3642e+00   0.0000e+00   0.0000e+00   2.4910e+02
20201104_03:00:00   1.0673e-01   3.1626e+01   2.0624e+00   0.0000e+00   0.0000e+00   2.5066e+02
20201104_06:00:00   7.9064e-02   2.4821e+01   1.4824e+00   0.0000e+00   0.0000e+00   2.5072e+02
20201104_09:00:00   7.3651e-02   2.3338e+01   1.4107e+00   0.0000e+00   0.0000e+00   2.5230e+02
20201104_12:00:00   7.9244e-02   2.4637e+01   1.5547e+00   0.0000e+00   0.0000e+00   2.5014e+02
20201104_15:00:00   8.7991e-02   2.6782e+01   1.7582e+00   0.0000e+00   0.0000e+00   2.5284e+02
20201104_18:00:00   8.8329e-02   2.6895e+01   1.7564e+00   0.0000e+00   0.0000e+00   2.5520e+02
20201104_21:00:00   1.0117e-01   3.0049e+01   2.0548e+00   0.0000e+00   0.0000e+00   2.5301e+02
20201105_00:00:00   1.1696e-01   3.3814e+01   2.4199e+00   0.0000e+00   0.0000e+00   2.5316e+02
20201105_03:00:00   1.3274e-01   3.7688e+01   2.7410e+00   0.0000e+00   0.0000e+00   2.5411e+02
20201105_06:00:00   1.4028e-01   3.9465e+01   2.9031e+00   0.0000e+00   0.0000e+00   2.5563e+02
20201105_09:00:00   1.4394e-01   4.0230e+01   3.0069e+00   0.0000e+00   0.0000e+00   2.5530e+02
20201105_12:00:00   1.5137e-01   4.1803e+01   3.1985e+00   0.0000e+00   0.0000e+00   2.5451e+02
20201105_15:00:00   1.5988e-01   4.3549e+01   3.4350e+00   0.0000e+00   8.1580e-06   2.6086e+02
20201105_18:00:00   1.6033e-01   4.3650e+01   3.4508e+00   0.0000e+00   2.8740e-06   2.6207e+02
20201105_21:00:00   1.5542e-01   4.2641e+01   3.3265e+00   0.0000e+00   0.0000e+00   2.6025e+02
20201106_00:00:00   1.5205e-01   4.1964e+01   3.2341e+00   0.0000e+00   0.0000e+00   2.5953e+02
20201106_03:00:00   1.4215e-01   3.9822e+01   2.9911e+00   0.0000e+00   0.0000e+00   2.6074e+02
20201106_06:00:00   1.3775e-01   3.8744e+01   2.9099e+00   0.0000e+00   1.1951e-05   2.6024e+02
