#            date       tau255        Tb[K]      pwv[mm] lwp[kg*m^-2] iwp[kg*m^-2]       o3[DU]
20210806_06:00:00   7.4297e-01   1.4899e+02   1.3227e+01   2.0140e-02   1.5912e-04   2.8304e+02
20210806_07:00:00   7.2654e-01   1.4684e+02   1.2993e+01   1.7960e-02   2.2012e-04   2.8374e+02
20210806_08:00:00   7.1887e-01   1.4580e+02   1.2829e+01   1.8138e-02   4.0528e-04   2.8329e+02
20210806_09:00:00   8.3948e-01   1.6052e+02   1.3071e+01   6.2462e-02   7.5940e-04   2.8483e+02
20210806_10:00:00   1.0082e+00   1.7845e+02   1.3340e+01   1.2460e-01   2.4038e-03   2.8479e+02
20210806_11:00:00   1.1065e+00   1.8774e+02   1.3187e+01   1.6738e-01   5.7120e-03   2.8658e+02
20210806_12:00:00   7.5990e-01   1.5099e+02   1.2560e+01   3.8441e-02   9.0384e-03   2.8835e+02
20210806_13:00:00   5.9707e-01   1.2887e+02   1.1241e+01   4.1820e-05   5.8844e-03   2.9014e+02
20210806_14:00:00   6.1266e-01   1.3120e+02   1.1113e+01   8.4480e-03   2.8500e-03   2.9170e+02
20210806_15:00:00   6.2982e-01   1.3368e+02   1.1149e+01   1.4778e-02   2.3296e-03   2.9277e+02
20210806_16:00:00   5.6908e-01   1.2462e+02   1.0726e+01   0.0000e+00   5.9081e-04   2.9262e+02
20210806_17:00:00   5.4670e-01   1.2116e+02   1.0367e+01   0.0000e+00   3.2075e-04   2.8999e+02
20210806_18:00:00   5.4390e-01   1.2075e+02   1.0321e+01   0.0000e+00   3.8679e-04   2.8906e+02
20210806_19:00:00   5.8162e-01   1.2671e+02   1.0866e+01   5.7100e-04   2.5304e-04   2.8616e+02
20210806_20:00:00   7.0524e-01   1.4441e+02   1.2425e+01   1.5938e-02   1.0412e-03   2.8775e+02
20210806_21:00:00   8.3960e-01   1.6139e+02   1.3393e+01   4.8830e-02   2.2936e-04   2.8433e+02
20210806_22:00:00   1.2466e+00   2.0073e+02   1.3522e+01   2.1192e-01   2.2540e-04   2.8246e+02
20210806_23:00:00   2.5098e+00   2.5617e+02   1.5637e+01   6.9841e-01   1.8896e-03   2.8578e+02
20210807_00:00:00   2.0284e+00   2.4057e+02   1.7847e+01   4.9638e-01   5.9147e-01   2.8436e+02
20210807_01:00:00   7.5150e-01   1.4936e+02   1.3831e+01   2.2932e-02   4.0624e-01   2.8419e+02
20210807_02:00:00   7.0006e-01   1.4310e+02   1.3370e+01   4.4975e-03   2.3140e-01   2.8394e+02
20210807_03:00:00   7.9339e-01   1.5486e+02   1.3279e+01   5.0021e-02   1.7599e-01   2.8436e+02
20210807_04:00:00   9.1820e-01   1.6926e+02   1.4826e+01   6.6560e-02   1.3984e-01   2.8458e+02
20210807_05:00:00   8.4724e-01   1.6089e+02   1.6231e+01   1.1846e-02   1.2551e-01   2.8408e+02
20210807_06:00:00   8.4241e-01   1.6018e+02   1.6064e+01   1.6832e-02   4.3034e-02   2.8473e+02
20210807_07:00:00   7.7219e-01   1.5163e+02   1.5160e+01   1.0616e-02   9.0463e-02   2.8432e+02
20210807_08:00:00   8.1233e-01   1.5632e+02   1.5530e+01   2.0399e-02   5.1244e-02   2.8441e+02
20210807_09:00:00   7.6344e-01   1.5021e+02   1.5276e+01   6.6901e-03   7.9748e-02   2.8633e+02
20210807_10:00:00   7.9145e-01   1.5359e+02   1.5454e+01   1.5726e-02   7.0391e-03   2.8580e+02
20210807_11:00:00   8.1736e-01   1.5671e+02   1.5627e+01   2.1878e-02   5.0142e-03   2.8429e+02
20210807_12:00:00   7.8527e-01   1.5282e+02   1.5804e+01   3.6901e-03   2.9166e-03   2.8348e+02
20210807_13:00:00   7.7472e-01   1.5161e+02   1.5682e+01   5.2040e-04   1.0167e-03   2.8264e+02
20210807_14:00:00   7.7063e-01   1.5114e+02   1.5562e+01   0.0000e+00   4.2186e-04   2.8368e+02
20210807_15:00:00   7.7512e-01   1.5174e+02   1.5509e+01   2.1902e-03   1.8212e-04   2.8529e+02
20210807_16:00:00   7.9396e-01   1.5409e+02   1.5358e+01   1.2050e-02   4.8460e-05   2.8553e+02
20210807_17:00:00   8.1126e-01   1.5618e+02   1.4964e+01   2.6076e-02   9.4660e-06   2.8601e+02
20210807_18:00:00   7.8438e-01   1.5297e+02   1.4661e+01   2.0375e-02   1.3182e-05   2.8596e+02
20210807_19:00:00   7.4413e-01   1.4832e+02   1.4562e+01   1.0489e-03   0.0000e+00   2.8417e+02
20210807_20:00:00   7.9112e-01   1.5458e+02   1.4648e+01   1.3638e-02   2.8740e-06   2.8536e+02
20210807_21:00:00   9.4705e-01   1.7251e+02   1.4737e+01   7.2880e-02   3.6120e-05   2.8679e+02
20210807_22:00:00   8.1988e-01   1.5823e+02   1.4229e+01   3.2139e-02   9.7660e-05   2.8633e+02
20210807_23:00:00   6.4517e-01   1.3580e+02   1.2385e+01   7.5034e-04   3.2101e-04   2.8560e+02
20210808_00:00:00   6.3623e-01   1.3457e+02   1.1795e+01   1.0850e-02   1.4577e-04   2.8716e+02
20210808_01:00:00   5.9633e-01   1.2859e+02   1.1607e+01   0.0000e+00   0.0000e+00   2.8691e+02
20210808_02:00:00   5.0820e-01   1.1473e+02   1.0045e+01   0.0000e+00   1.6778e-04   2.8704e+02
20210808_03:00:00   5.3587e-01   1.1903e+02   1.0586e+01   0.0000e+00   8.2870e-04   2.8757e+02
20210808_04:00:00   5.6766e-01   1.2386e+02   1.1193e+01   0.0000e+00   4.5113e-03   2.8841e+02
20210808_05:00:00   5.8178e-01   1.2589e+02   1.1619e+01   2.1720e-04   1.2702e-02   2.8713e+02
20210808_06:00:00   7.4386e-01   1.4822e+02   1.2900e+01   3.7940e-02   1.1062e-02   2.8567e+02
20210808_07:00:00   6.9231e-01   1.4146e+02   1.3020e+01   1.2978e-02   1.4167e-02   2.8535e+02
20210808_08:00:00   6.5650e-01   1.3656e+02   1.3016e+01   0.0000e+00   1.5811e-02   2.8651e+02
20210808_09:00:00   6.2931e-01   1.3273e+02   1.2523e+01   0.0000e+00   8.1464e-03   2.8640e+02
20210808_10:00:00   6.0558e-01   1.2927e+02   1.2063e+01   0.0000e+00   3.5160e-03   2.8998e+02
20210808_11:00:00   6.0060e-01   1.2843e+02   1.2018e+01   0.0000e+00   3.7740e-04   2.9077e+02
20210808_12:00:00   5.9904e-01   1.2816e+02   1.1969e+01   0.0000e+00   1.4108e-04   2.8960e+02
20210808_13:00:00   5.9737e-01   1.2792e+02   1.1893e+01   0.0000e+00   4.1818e-05   2.8932e+02
20210808_14:00:00   5.9043e-01   1.2685e+02   1.1737e+01   0.0000e+00   1.8107e-05   2.9043e+02
20210808_15:00:00   5.6260e-01   1.2269e+02   1.1204e+01   0.0000e+00   1.2954e-05   2.9105e+02
20210808_16:00:00   5.4854e-01   1.2046e+02   1.0965e+01   0.0000e+00   4.2160e-05   2.9317e+02
20210808_17:00:00   5.4355e-01   1.1968e+02   1.0887e+01   0.0000e+00   3.0940e-04   2.9275e+02
20210808_18:00:00   5.5856e-01   1.2215e+02   1.1123e+01   0.0000e+00   3.2140e-04   2.9293e+02
20210808_19:00:00   5.8840e-01   1.2686e+02   1.1649e+01   0.0000e+00   3.0803e-04   2.8978e+02
20210808_20:00:00   6.3768e-01   1.3414e+02   1.2547e+01   1.1217e-03   8.4160e-05   2.8748e+02
20210808_21:00:00   7.1851e-01   1.4541e+02   1.3614e+01   9.5223e-03   7.1712e-06   2.8611e+02
20210808_22:00:00   7.0529e-01   1.4372e+02   1.3452e+01   8.1268e-03   1.2445e-04   2.8613e+02
20210808_23:00:00   6.5478e-01   1.3676e+02   1.1823e+01   2.8856e-02   1.0725e-02   2.8610e+02
20210809_00:00:00   7.7401e-01   1.5244e+02   1.2766e+01   5.9505e-02   2.4667e-03   2.8819e+02
20210809_01:00:00   6.3955e-01   1.3466e+02   1.2725e+01   1.2175e-03   2.2369e-03   2.8742e+02
20210809_02:00:00   1.2353e+00   1.9847e+02   1.5971e+01   1.6738e-01   9.8448e-03   2.8600e+02
20210809_03:00:00   2.2941e+00   2.5057e+02   1.8201e+01   5.5496e-01   1.2931e-02   2.8626e+02
20210809_04:00:00   1.7443e+00   2.2857e+02   1.7678e+01   3.6266e-01   5.2578e-02   2.8587e+02
20210809_05:00:00   8.3706e-01   1.5893e+02   1.5790e+01   2.7732e-02   1.1658e-01   2.8696e+02
20210809_06:00:00   8.1306e-01   1.5617e+02   1.6518e+01   1.8772e-05   1.8690e-01   2.8580e+02
20210809_07:00:00   8.0787e-01   1.5548e+02   1.6556e+01   0.0000e+00   1.2461e-01   2.8309e+02
20210809_08:00:00   8.3456e-01   1.5843e+02   1.7090e+01   6.8280e-06   1.5584e-01   2.8170e+02
20210809_09:00:00   8.9924e-01   1.6563e+02   1.7762e+01   9.5120e-03   1.5358e-01   2.8198e+02
20210809_10:00:00   8.4264e-01   1.5924e+02   1.7257e+01   0.0000e+00   1.3052e-01   2.8323e+02
20210809_11:00:00   8.6625e-01   1.6186e+02   1.7415e+01   6.8820e-03   1.1791e-01   2.8326e+02
20210809_12:00:00   1.1865e+00   1.9270e+02   1.7945e+01   1.2807e-01   9.8524e-02   2.8269e+02
20210809_13:00:00   1.8967e+00   2.3461e+02   1.8780e+01   4.0543e-01   1.9773e-01   2.8427e+02
20210809_14:00:00   2.1323e+00   2.4321e+02   1.8966e+01   5.0025e-01   2.6909e-01   2.8563e+02
20210809_15:00:00   9.3400e-01   1.6888e+02   1.8250e+01   1.5336e-02   1.3003e-01   2.8540e+02
20210809_16:00:00   9.0982e-01   1.6613e+02   1.8371e+01   3.5401e-03   2.5124e-01   2.8570e+02
20210809_17:00:00   8.7430e-01   1.6220e+02   1.7993e+01   1.4406e-04   2.6636e-01   2.8675e+02
20210809_18:00:00   8.7194e-01   1.6206e+02   1.8020e+01   0.0000e+00   2.1287e-01   2.8708e+02
20210809_19:00:00   8.6316e-01   1.6122e+02   1.7896e+01   0.0000e+00   1.2767e-01   2.8507e+02
20210809_20:00:00   8.6041e-01   1.6110e+02   1.7727e+01   2.3740e-03   4.3879e-02   2.8561e+02
20210809_21:00:00   8.4036e-01   1.5898e+02   1.7394e+01   1.1760e-03   8.6472e-03   2.8700e+02
20210809_22:00:00   8.2851e-01   1.5788e+02   1.7161e+01   0.0000e+00   2.4414e-03   2.8601e+02
20210809_23:00:00   8.0920e-01   1.5569e+02   1.6785e+01   0.0000e+00   2.4002e-03   2.8301e+02
20210810_00:00:00   7.6653e-01   1.5029e+02   1.6163e+01   0.0000e+00   2.2640e-03   2.8152e+02
20210810_01:00:00   7.8882e-01   1.5263e+02   1.6716e+01   0.0000e+00   1.4198e-01   2.8119e+02
20210810_02:00:00   8.5560e-01   1.6060e+02   1.7785e+01   7.4720e-04   1.3011e-01   2.8298e+02
20210810_03:00:00   9.7331e-01   1.7346e+02   1.8828e+01   2.3130e-02   6.4489e-02   2.8459e+02
20210810_04:00:00   1.2049e+00   1.9476e+02   1.9136e+01   1.0877e-01   1.1275e-02   2.8559e+02
20210810_05:00:00   1.1761e+00   1.9246e+02   1.8610e+01   1.0698e-01   6.5006e-03   2.8635e+02
20210810_06:00:00   9.8332e-01   1.7493e+02   1.8439e+01   3.1141e-02   3.3134e-03   2.8656e+02
20210810_07:00:00   9.8535e-01   1.7497e+02   1.9420e+01   9.0121e-03   6.3992e-02   2.8516e+02
20210810_08:00:00   1.0843e+00   1.8470e+02   1.9736e+01   3.9925e-02   1.6236e-01   2.8474e+02
20210810_09:00:00   9.4646e-01   1.7098e+02   1.9022e+01   0.0000e+00   1.0156e-01   2.8552e+02
20210810_10:00:00   9.0692e-01   1.6664e+02   1.8400e+01   0.0000e+00   6.3076e-02   2.8449e+02
20210810_11:00:00   9.0368e-01   1.6619e+02   1.8329e+01   9.7192e-04   2.7711e-02   2.8471e+02
20210810_12:00:00   9.0662e-01   1.6650e+02   1.8267e+01   3.0108e-03   1.8825e-02   2.8492e+02
20210810_13:00:00   9.0159e-01   1.6592e+02   1.8210e+01   1.5382e-03   8.5769e-03   2.8481e+02
20210810_14:00:00   9.0260e-01   1.6608e+02   1.7978e+01   3.9417e-03   4.1607e-02   2.8454e+02
20210810_15:00:00   9.0011e-01   1.6599e+02   1.7830e+01   2.5888e-03   4.3294e-03   2.8525e+02
20210810_16:00:00   8.8813e-01   1.6480e+02   1.7654e+01   2.8972e-05   6.4425e-04   2.8674e+02
20210810_17:00:00   8.8474e-01   1.6454e+02   1.7502e+01   0.0000e+00   4.3016e-04   2.8835e+02
20210810_18:00:00   8.8350e-01   1.6460e+02   1.7375e+01   2.3900e-05   5.4682e-05   2.8952e+02
20210810_19:00:00   9.9529e-01   1.7701e+02   1.7681e+01   3.3243e-02   4.0968e-06   2.8963e+02
20210810_20:00:00   1.4837e+00   2.1683e+02   1.8309e+01   2.1075e-01   6.5920e-05   2.9148e+02
20210810_21:00:00   3.2833e+00   2.6929e+02   1.9512e+01   9.1774e-01   6.9991e-03   2.9011e+02
20210810_22:00:00   2.8512e+00   2.6214e+02   1.9788e+01   7.7006e-01   3.3892e-01   2.8774e+02
20210810_23:00:00   2.0226e+00   2.4182e+02   1.8566e+01   4.3319e-01   4.2945e-02   2.8665e+02
20210811_00:00:00   1.5209e+00   2.1812e+02   1.7205e+01   2.6088e-01   1.5794e-01   2.8728e+02
20210811_01:00:00   2.3500e+00   2.5081e+02   1.8376e+01   5.8837e-01   8.5868e-02   2.8850e+02
20210811_02:00:00   1.0704e+00   1.8496e+02   1.7058e+01   7.3530e-02   4.3063e-03   2.8853e+02
20210811_03:00:00   7.5596e-01   1.5025e+02   1.4835e+01   1.1418e-03   8.1113e-04   2.8823e+02
20210811_04:00:00   7.3006e-01   1.4682e+02   1.4345e+01   0.0000e+00   6.7613e-05   2.8836e+02
20210811_05:00:00   7.3149e-01   1.4700e+02   1.4189e+01   0.0000e+00   3.4140e-06   2.8868e+02
20210811_06:00:00   7.2417e-01   1.4598e+02   1.4052e+01   0.0000e+00   1.1950e-05   2.8864e+02
20210811_09:00:00   6.0591e-01   1.2959e+02   1.1715e+01   0.0000e+00   0.0000e+00   2.8723e+02
20210811_12:00:00   6.0906e-01   1.2936e+02   1.2095e+01   0.0000e+00   1.1956e-04   2.8675e+02
20210811_15:00:00   6.0945e-01   1.2903e+02   1.2437e+01   0.0000e+00   4.2678e-06   2.8428e+02
20210811_18:00:00   7.1300e-01   1.4341e+02   1.4434e+01   0.0000e+00   1.7354e-03   2.8727e+02
20210811_21:00:00   7.4090e-01   1.4773e+02   1.4471e+01   1.1616e-02   1.2430e-04   2.8559e+02
20210812_00:00:00   8.6878e-01   1.6360e+02   1.5650e+01   2.8765e-02   1.3657e-06   2.8648e+02
20210812_03:00:00   1.0578e+00   1.8200e+02   1.8192e+01   6.7992e-02   1.6451e-01   2.8812e+02
20210812_06:00:00   7.9908e-01   1.5468e+02   1.6483e+01   0.0000e+00   1.0632e-02   2.8773e+02
20210812_09:00:00   7.5007e-01   1.4818e+02   1.5614e+01   0.0000e+00   4.7388e-03   2.8824e+02
20210812_12:00:00   6.7235e-01   1.3784e+02   1.4115e+01   0.0000e+00   9.8235e-03   2.8897e+02
20210812_15:00:00   6.1559e-01   1.2996e+02   1.2868e+01   0.0000e+00   6.8888e-06   2.9007e+02
20210812_18:00:00   5.2667e-01   1.1641e+02   1.1185e+01   0.0000e+00   0.0000e+00   2.9055e+02
20210812_21:00:00   5.4660e-01   1.2016e+02   1.1240e+01   0.0000e+00   0.0000e+00   2.9004e+02
20210813_00:00:00   8.5487e-01   1.6215e+02   1.5230e+01   3.8889e-02   9.2589e-03   2.9119e+02
20210813_03:00:00   1.0788e+00   1.8240e+02   1.8248e+01   8.0094e-02   9.3294e-01   2.9102e+02
20210813_06:00:00   8.5949e-01   1.6127e+02   1.7582e+01   0.0000e+00   5.2519e-02   2.9401e+02
20210813_09:00:00   7.6685e-01   1.5046e+02   1.5743e+01   0.0000e+00   5.8342e-02   2.9578e+02
20210813_12:00:00   6.9785e-01   1.4170e+02   1.4194e+01   0.0000e+00   1.2300e-02   2.9643e+02
20210813_15:00:00   6.1055e-01   1.2952e+02   1.2379e+01   0.0000e+00   3.1223e-03   2.9890e+02
20210813_18:00:00   4.9071e-01   1.1061e+02   1.0209e+01   0.0000e+00   1.7239e-02   3.0430e+02
20210813_21:00:00   5.7274e-01   1.2401e+02   1.1645e+01   2.0100e-04   4.8503e-03   3.0027e+02
20210814_00:00:00   9.3927e-01   1.7169e+02   1.6055e+01   4.6135e-02   1.3149e-01   2.9871e+02
20210814_03:00:00   7.2546e-01   1.4619e+02   1.4417e+01   0.0000e+00   1.2888e-01   2.9666e+02
20210814_06:00:00   8.4186e-01   1.5998e+02   1.6900e+01   2.8740e-05   6.0348e-02   2.9854e+02
20210814_09:00:00   7.8804e-01   1.5322e+02   1.6161e+01   0.0000e+00   2.2682e-03   3.0107e+02
20210814_12:00:00   7.5638e-01   1.4922e+02   1.5522e+01   0.0000e+00   5.7960e-04   3.0085e+02
20210814_15:00:00   7.4176e-01   1.4743e+02   1.4961e+01   0.0000e+00   0.0000e+00   3.0062e+02
20210814_18:00:00   8.2652e-01   1.5771e+02   1.6530e+01   3.4060e-05   4.4722e-04   2.9828e+02
20210814_21:00:00   9.9335e-01   1.7696e+02   1.6883e+01   5.0308e-02   0.0000e+00   2.9881e+02
20210815_00:00:00   8.9545e-01   1.6581e+02   1.7801e+01   2.3870e-04   6.0164e-04   2.9738e+02
20210815_03:00:00   9.8569e-01   1.7477e+02   1.9657e+01   2.8445e-03   2.9769e-02   2.9177e+02
20210815_06:00:00   1.9960e+00   2.4011e+02   2.1296e+01   3.7111e-01   6.2428e-02   2.9059e+02
20210815_09:00:00   1.1335e+00   1.8846e+02   2.0718e+01   4.1102e-02   4.2389e-02   2.8514e+02
20210815_12:00:00   1.4914e+00   2.1516e+02   2.0775e+01   1.8346e-01   4.6145e-02   2.8468e+02
20210815_15:00:00   9.4917e-01   1.7075e+02   1.9097e+01   0.0000e+00   2.2424e-01   2.8634e+02
20210815_18:00:00   9.3210e-01   1.6948e+02   1.8401e+01   0.0000e+00   3.1774e-02   2.8551e+02
20210815_21:00:00   1.0333e+00   1.8032e+02   1.8417e+01   3.4106e-02   1.0549e-01   2.9061e+02
20210816_00:00:00   1.0270e+00   1.8047e+02   1.7235e+01   5.2580e-02   8.7079e-02   2.9401e+02
20210816_03:00:00   7.0107e-01   1.4296e+02   1.3638e+01   0.0000e+00   1.4332e-02   2.9416e+02
20210816_06:00:00   6.9962e-01   1.4282e+02   1.2794e+01   1.0876e-02   3.9335e-03   2.9386e+02
20210816_09:00:00   7.1409e-01   1.4440e+02   1.3179e+01   1.5390e-02   1.1782e-03   2.9203e+02
20210816_12:00:00   6.1117e-01   1.3000e+02   1.1880e+01   0.0000e+00   1.8644e-04   2.9147e+02
20210816_15:00:00   5.5470e-01   1.2142e+02   1.0930e+01   0.0000e+00   0.0000e+00   2.9352e+02
20210816_18:00:00   5.5545e-01   1.2154e+02   1.0942e+01   0.0000e+00   0.0000e+00   2.9036e+02
20210816_21:00:00   1.3767e+00   2.1035e+02   1.4508e+01   2.4340e-01   0.0000e+00   2.9093e+02
20210817_00:00:00   8.1968e-01   1.5851e+02   1.3920e+01   4.2217e-02   4.0964e-02   2.9011e+02
20210817_03:00:00   7.3119e-01   1.4665e+02   1.4362e+01   3.2576e-03   1.4825e-04   2.9158e+02
20210817_06:00:00   7.5403e-01   1.4963e+02   1.4968e+01   0.0000e+00   1.4682e-04   2.9057e+02
20210817_09:00:00   7.1669e-01   1.4450e+02   1.4409e+01   0.0000e+00   5.8950e-03   2.9130e+02
20210817_12:00:00   7.1807e-01   1.4460e+02   1.4387e+01   0.0000e+00   4.1459e-02   2.9440e+02
20210817_15:00:00   6.4129e-01   1.3426e+02   1.2789e+01   0.0000e+00   7.8046e-04   2.9337e+02
20210817_18:00:00   5.7458e-01   1.2451e+02   1.1494e+01   0.0000e+00   4.1567e-04   2.9001e+02
20210817_21:00:00   8.9120e-01   1.6657e+02   1.4434e+01   5.2998e-02   2.8043e-03   2.9068e+02
20210818_00:00:00   8.4789e-01   1.6172e+02   1.4601e+01   3.6598e-02   1.0064e-02   2.9154e+02
20210818_03:00:00   6.4675e-01   1.3520e+02   1.3371e+01   0.0000e+00   5.7836e-02   2.9451e+02
20210818_06:00:00   6.4906e-01   1.3573e+02   1.3008e+01   2.8600e-04   4.7736e-03   2.9002e+02
20210818_09:00:00   5.4876e-01   1.2076e+02   1.1076e+01   0.0000e+00   1.1519e-04   2.8905e+02
20210818_12:00:00   5.9559e-01   1.2798e+02   1.1853e+01   0.0000e+00   2.2540e-05   2.9009e+02
20210818_15:00:00   6.5767e-01   1.3705e+02   1.2965e+01   0.0000e+00   0.0000e+00   2.8875e+02
20210818_18:00:00   6.3170e-01   1.3362e+02   1.2404e+01   0.0000e+00   0.0000e+00   2.9028e+02
20210818_21:00:00   7.0719e-01   1.4457e+02   1.2782e+01   1.9188e-02   1.1152e-05   2.8922e+02
20210819_00:00:00   5.7062e-01   1.2521e+02   1.1113e+01   1.0130e-03   0.0000e+00   2.8953e+02
20210819_03:00:00   1.4644e+00   2.1413e+02   1.4485e+01   3.0513e-01   8.4886e-03   2.8723e+02
20210819_06:00:00   7.5782e-01   1.5105e+02   1.3791e+01   1.5093e-02   2.1300e-05   2.8837e+02
20210819_09:00:00   5.7655e-01   1.2566e+02   1.1345e+01   0.0000e+00   0.0000e+00   2.8811e+02
20210819_12:00:00   5.2897e-01   1.1809e+02   1.0467e+01   0.0000e+00   0.0000e+00   2.8882e+02
20210819_15:00:00   5.6748e-01   1.2409e+02   1.1173e+01   0.0000e+00   0.0000e+00   2.8683e+02
20210819_18:00:00   6.1325e-01   1.3108e+02   1.2004e+01   0.0000e+00   0.0000e+00   2.8899e+02
20210819_21:00:00   7.6524e-01   1.5209e+02   1.3838e+01   2.2096e-02   1.7286e-04   2.8666e+02
20210820_00:00:00   2.2703e+00   2.4942e+02   1.7468e+01   5.7820e-01   1.0611e-02   2.8626e+02
20210820_03:00:00   8.4203e-01   1.6013e+02   1.7110e+01   4.4826e-04   2.3556e-01   2.8733e+02
20210820_06:00:00   8.0281e-01   1.5515e+02   1.6788e+01   0.0000e+00   8.5036e-02   2.8806e+02
20210820_09:00:00   9.4183e-01   1.7095e+02   1.6659e+01   5.2368e-02   2.5027e-03   2.8313e+02
20210820_12:00:00   8.0740e-01   1.5585e+02   1.6264e+01   1.2476e-03   6.8446e-04   2.8825e+02
20210820_15:00:00   7.4487e-01   1.4816e+02   1.4984e+01   0.0000e+00   0.0000e+00   2.9245e+02
20210820_18:00:00   7.0396e-01   1.4282e+02   1.4444e+01   0.0000e+00   3.4140e-06   2.9203e+02
20210820_21:00:00   7.0984e-01   1.4410e+02   1.4468e+01   0.0000e+00   5.5760e-05   2.9009e+02
20210821_00:00:00   1.6815e+00   2.2699e+02   1.7624e+01   3.2522e-01   4.2683e-03   2.8589e+02
20210821_03:00:00   8.6710e-01   1.6226e+02   1.7740e+01   0.0000e+00   3.4912e-01   2.8755e+02
20210821_06:00:00   8.5429e-01   1.6069e+02   1.7677e+01   9.4800e-04   1.1093e-01   2.8811e+02
20210821_09:00:00   8.0185e-01   1.5457e+02   1.6619e+01   0.0000e+00   4.0612e-02   2.8865e+02
20210821_12:00:00   8.8067e-01   1.6363e+02   1.6664e+01   2.5376e-02   1.8852e-03   2.8671e+02
20210821_15:00:00   8.3210e-01   1.5817e+02   1.6691e+01   2.6040e-03   3.9893e-04   2.8767e+02
20210821_18:00:00   8.2634e-01   1.5755e+02   1.6747e+01   0.0000e+00   2.7179e-03   2.8788e+02
20210821_21:00:00   7.7020e-01   1.5127e+02   1.5635e+01   0.0000e+00   1.4169e-02   2.8776e+02
20210822_00:00:00   1.3990e+00   2.1007e+02   1.7007e+01   2.2096e-01   7.5745e-03   2.8688e+02
20210822_03:00:00   9.1460e-01   1.6742e+02   1.7051e+01   3.1383e-02   2.0315e-01   2.8498e+02
20210822_06:00:00   8.3425e-01   1.5862e+02   1.6691e+01   5.8182e-03   6.5320e-02   2.9014e+02
