#            date       tau255        Tb[K]      pwv[mm] lwp[kg*m^-2] iwp[kg*m^-2]       o3[DU]
20210115_06:00:00   1.2755e-01   3.6669e+01   2.5070e+00   0.0000e+00   0.0000e+00   3.0444e+02
20210115_07:00:00   1.3518e-01   3.8434e+01   2.6628e+00   0.0000e+00   0.0000e+00   3.0682e+02
20210115_08:00:00   1.3627e-01   3.8678e+01   2.7004e+00   0.0000e+00   0.0000e+00   3.0855e+02
20210115_09:00:00   1.3331e-01   3.7951e+01   2.6660e+00   0.0000e+00   0.0000e+00   3.0836e+02
20210115_10:00:00   1.2760e-01   3.6505e+01   2.5753e+00   0.0000e+00   3.5920e-06   3.1050e+02
20210115_11:00:00   1.2583e-01   3.6055e+01   2.5360e+00   0.0000e+00   4.7320e-05   3.1237e+02
20210115_12:00:00   1.3642e-01   3.8438e+01   2.7830e+00   0.0000e+00   3.6920e-05   3.1250e+02
20210115_13:00:00   1.0848e-01   3.1800e+01   2.1635e+00   0.0000e+00   3.3840e-05   3.1068e+02
20210115_14:00:00   9.3186e-02   2.8099e+01   1.8195e+00   0.0000e+00   4.6960e-06   3.0811e+02
20210115_15:00:00   7.6379e-02   2.4001e+01   1.4325e+00   0.0000e+00   8.0820e-06   3.0540e+02
20210115_16:00:00   6.6735e-02   2.1638e+01   1.2020e+00   0.0000e+00   0.0000e+00   3.0397e+02
20210115_17:00:00   6.1408e-02   2.0313e+01   1.0756e+00   0.0000e+00   7.1840e-06   3.0388e+02
20210115_18:00:00   4.9593e-02   1.7226e+01   8.0871e-01   0.0000e+00   0.0000e+00   2.9861e+02
20210115_19:00:00   6.0239e-02   1.9869e+01   1.0707e+00   0.0000e+00   0.0000e+00   2.9517e+02
20210115_20:00:00   6.9894e-02   2.2242e+01   1.3021e+00   0.0000e+00   3.5920e-06   2.9570e+02
20210115_21:00:00   8.3237e-02   2.5513e+01   1.6151e+00   0.0000e+00   0.0000e+00   2.9616e+02
20210115_22:00:00   1.0224e-01   3.0136e+01   2.0482e+00   0.0000e+00   0.0000e+00   2.9485e+02
20210115_23:00:00   1.1361e-01   3.2953e+01   2.2874e+00   0.0000e+00   0.0000e+00   2.9113e+02
20210116_00:00:00   1.1919e-01   3.4362e+01   2.3984e+00   0.0000e+00   0.0000e+00   2.8860e+02
20210116_01:00:00   1.2489e-01   3.5719e+01   2.5189e+00   0.0000e+00   0.0000e+00   2.8437e+02
20210116_02:00:00   1.3731e-01   3.8547e+01   2.8062e+00   0.0000e+00   0.0000e+00   2.8084e+02
20210116_03:00:00   1.5224e-01   4.1863e+01   3.1500e+00   0.0000e+00   0.0000e+00   2.8015e+02
20210116_04:00:00   1.5912e-01   4.3352e+01   3.3046e+00   0.0000e+00   0.0000e+00   2.7914e+02
20210116_05:00:00   1.5539e-01   4.2592e+01   3.1935e+00   0.0000e+00   0.0000e+00   2.7859e+02
20210116_06:00:00   1.5909e-01   4.3426e+01   3.2609e+00   0.0000e+00   0.0000e+00   2.8049e+02
20210116_07:00:00   1.7319e-01   4.6551e+01   3.5566e+00   0.0000e+00   0.0000e+00   2.8163e+02
20210116_08:00:00   1.9179e-01   5.0678e+01   3.9378e+00   0.0000e+00   0.0000e+00   2.7980e+02
20210116_09:00:00   2.0905e-01   5.4429e+01   4.2884e+00   0.0000e+00   0.0000e+00   2.7756e+02
20210116_10:00:00   2.1899e-01   5.6554e+01   4.4843e+00   0.0000e+00   0.0000e+00   2.7913e+02
20210116_11:00:00   2.2047e-01   5.6910e+01   4.4866e+00   0.0000e+00   0.0000e+00   2.7900e+02
20210116_12:00:00   2.2953e-01   5.8876e+01   4.6631e+00   0.0000e+00   0.0000e+00   2.7857e+02
20210116_13:00:00   2.3181e-01   5.9359e+01   4.7279e+00   0.0000e+00   0.0000e+00   2.8060e+02
20210116_14:00:00   2.3826e-01   6.0582e+01   4.8904e+00   0.0000e+00   0.0000e+00   2.8439e+02
20210116_15:00:00   2.2767e-01   5.8323e+01   4.6719e+00   0.0000e+00   0.0000e+00   2.8482e+02
20210116_16:00:00   2.2729e-01   5.8016e+01   4.7078e+00   0.0000e+00   3.5920e-06   2.8285e+02
20210116_17:00:00   2.1085e-01   5.4456e+01   4.3569e+00   0.0000e+00   0.0000e+00   2.8190e+02
20210116_18:00:00   1.9627e-01   5.1299e+01   4.0425e+00   0.0000e+00   6.8561e-06   2.8330e+02
20210116_19:00:00   1.9180e-01   5.0418e+01   3.8990e+00   0.0000e+00   0.0000e+00   2.8746e+02
20210116_20:00:00   1.9378e-01   5.0942e+01   3.9133e+00   0.0000e+00   0.0000e+00   2.8883e+02
20210116_21:00:00   1.6842e-01   4.5616e+01   3.3064e+00   0.0000e+00   0.0000e+00   2.9155e+02
20210116_22:00:00   1.5487e-01   4.2693e+01   2.9676e+00   0.0000e+00   0.0000e+00   2.9228e+02
20210116_23:00:00   9.6771e-02   2.9080e+01   1.7462e+00   0.0000e+00   0.0000e+00   2.9453e+02
20210117_00:00:00   7.5193e-02   2.3769e+01   1.2903e+00   0.0000e+00   0.0000e+00   2.9603e+02
20210117_01:00:00   6.0963e-02   2.0099e+01   1.0177e+00   0.0000e+00   0.0000e+00   2.9568e+02
20210117_02:00:00   4.9459e-02   1.7065e+01   7.9297e-01   0.0000e+00   0.0000e+00   2.9210e+02
20210117_03:00:00   4.5487e-02   1.6052e+01   7.0504e-01   0.0000e+00   0.0000e+00   2.8962e+02
20210117_04:00:00   4.4790e-02   1.5854e+01   6.9466e-01   0.0000e+00   8.3393e-05   2.8805e+02
20210117_05:00:00   4.6749e-02   1.6339e+01   7.4515e-01   0.0000e+00   1.1577e-03   2.8790e+02
20210117_06:00:00   5.3788e-02   1.8045e+01   9.2821e-01   0.0000e+00   1.2192e-03   2.8586e+02
20210117_07:00:00   6.0426e-02   1.9670e+01   1.0954e+00   0.0000e+00   5.5194e-04   2.8761e+02
20210117_08:00:00   6.8366e-02   2.1645e+01   1.2875e+00   0.0000e+00   3.4346e-04   2.8869e+02
20210117_09:00:00   7.5982e-02   2.3524e+01   1.4656e+00   0.0000e+00   2.4857e-04   2.8918e+02
20210117_10:00:00   8.2985e-02   2.5227e+01   1.6270e+00   0.0000e+00   5.6079e-04   2.8882e+02
20210117_11:00:00   8.7737e-02   2.6433e+01   1.7289e+00   0.0000e+00   2.3178e-04   2.8885e+02
20210117_12:00:00   9.1985e-02   2.7490e+01   1.8220e+00   0.0000e+00   1.4272e-04   2.8926e+02
20210117_13:00:00   9.5868e-02   2.8441e+01   1.9099e+00   0.0000e+00   9.0680e-05   2.8849e+02
20210117_14:00:00   1.0227e-01   2.9996e+01   2.0588e+00   0.0000e+00   1.7072e-06   2.8863e+02
20210117_15:00:00   1.0533e-01   3.0736e+01   2.1296e+00   0.0000e+00   0.0000e+00   2.8696e+02
20210117_16:00:00   1.0512e-01   3.0744e+01   2.1208e+00   0.0000e+00   0.0000e+00   2.8546e+02
20210117_17:00:00   1.0860e-01   3.1560e+01   2.2024e+00   0.0000e+00   0.0000e+00   2.8532e+02
20210117_18:00:00   1.1461e-01   3.2992e+01   2.3435e+00   0.0000e+00   0.0000e+00   2.8530e+02
20210117_19:00:00   1.1992e-01   3.4259e+01   2.4651e+00   0.0000e+00   0.0000e+00   2.8532e+02
20210117_20:00:00   1.2578e-01   3.5629e+01   2.5974e+00   0.0000e+00   0.0000e+00   2.8530e+02
20210117_21:00:00   1.3117e-01   3.6890e+01   2.7194e+00   0.0000e+00   0.0000e+00   2.8431e+02
20210117_22:00:00   1.3247e-01   3.7204e+01   2.7458e+00   0.0000e+00   0.0000e+00   2.8581e+02
20210117_23:00:00   1.3434e-01   3.7646e+01   2.7851e+00   0.0000e+00   0.0000e+00   2.8698e+02
20210118_00:00:00   1.3648e-01   3.8188e+01   2.8236e+00   0.0000e+00   0.0000e+00   2.8602e+02
20210118_01:00:00   1.3908e-01   3.8816e+01   2.8763e+00   0.0000e+00   0.0000e+00   2.8570e+02
20210118_02:00:00   1.4090e-01   3.9234e+01   2.9165e+00   0.0000e+00   0.0000e+00   2.8541e+02
20210118_03:00:00   1.3909e-01   3.8844e+01   2.8716e+00   0.0000e+00   0.0000e+00   2.8525e+02
20210118_04:00:00   1.3899e-01   3.8791e+01   2.8730e+00   0.0000e+00   0.0000e+00   2.8611e+02
20210118_05:00:00   1.4361e-01   3.9850e+01   2.9789e+00   0.0000e+00   0.0000e+00   2.8587e+02
20210118_06:00:00   1.4539e-01   4.0229e+01   3.0196e+00   0.0000e+00   0.0000e+00   2.8657e+02
20210118_07:00:00   1.4903e-01   4.1069e+01   3.0943e+00   0.0000e+00   0.0000e+00   2.8670e+02
20210118_08:00:00   1.4851e-01   4.0904e+01   3.0824e+00   0.0000e+00   0.0000e+00   2.8730e+02
20210118_09:00:00   1.4483e-01   4.0042e+01   2.9993e+00   0.0000e+00   0.0000e+00   2.8838e+02
20210118_10:00:00   1.4721e-01   4.0540e+01   3.0554e+00   0.0000e+00   0.0000e+00   2.9114e+02
20210118_11:00:00   1.5026e-01   4.1114e+01   3.1346e+00   0.0000e+00   0.0000e+00   2.9339e+02
20210118_12:00:00   1.5457e-01   4.1972e+01   3.2405e+00   0.0000e+00   0.0000e+00   2.9313e+02
20210118_13:00:00   1.6038e-01   4.3163e+01   3.3745e+00   0.0000e+00   0.0000e+00   2.9211e+02
20210118_14:00:00   1.5785e-01   4.2504e+01   3.3249e+00   0.0000e+00   0.0000e+00   2.9026e+02
20210118_15:00:00   1.5979e-01   4.2836e+01   3.3695e+00   0.0000e+00   0.0000e+00   2.8951e+02
20210118_16:00:00   1.6842e-01   4.4691e+01   3.5524e+00   0.0000e+00   0.0000e+00   2.8954e+02
20210118_17:00:00   1.7182e-01   4.5369e+01   3.6216e+00   0.0000e+00   0.0000e+00   2.8995e+02
20210118_18:00:00   1.7352e-01   4.5685e+01   3.6589e+00   0.0000e+00   0.0000e+00   2.9163e+02
20210118_19:00:00   1.8833e-01   4.8845e+01   3.9711e+00   0.0000e+00   0.0000e+00   2.9343e+02
20210118_20:00:00   2.0995e-01   5.3417e+01   4.4174e+00   0.0000e+00   1.3535e-03   2.9480e+02
20210118_21:00:00   2.2120e-01   5.5803e+01   4.6209e+00   0.0000e+00   1.7846e-03   2.9601e+02
20210118_22:00:00   2.2426e-01   5.6514e+01   4.6291e+00   0.0000e+00   9.6065e-04   2.9647e+02
20210118_23:00:00   2.1978e-01   5.5689e+01   4.4648e+00   0.0000e+00   1.9522e-05   2.9829e+02
20210119_00:00:00   2.1314e-01   5.4375e+01   4.2779e+00   0.0000e+00   1.3657e-06   2.9680e+02
20210119_01:00:00   2.1442e-01   5.4637e+01   4.2674e+00   0.0000e+00   3.9067e-04   2.9799e+02
20210119_02:00:00   2.1796e-01   5.5265e+01   4.3274e+00   0.0000e+00   4.1387e-03   2.9825e+02
20210119_03:00:00   2.3070e-01   5.7799e+01   4.5500e+00   0.0000e+00   4.2332e-02   2.9627e+02
20210119_04:00:00   2.5560e-01   6.2741e+01   4.9878e+00   4.6460e-04   9.6325e-02   2.9609e+02
20210119_05:00:00   2.9773e-01   7.0910e+01   5.7560e+00   6.4440e-04   1.8327e-01   2.9648e+02
20210119_06:00:00   3.4527e-01   7.9859e+01   6.5582e+00   0.0000e+00   2.7067e-01   2.9668e+02
20210119_07:00:00   3.5956e-01   8.2406e+01   6.8471e+00   0.0000e+00   2.5826e-01   2.9794e+02
20210119_08:00:00   3.5715e-01   8.1793e+01   6.8482e+00   0.0000e+00   2.5884e-01   2.9954e+02
20210119_09:00:00   3.6826e-01   8.3763e+01   7.0205e+00   0.0000e+00   3.1688e-01   3.0126e+02
20210119_10:00:00   3.5938e-01   8.2206e+01   6.9351e+00   0.0000e+00   1.1088e-01   3.0266e+02
20210119_11:00:00   3.6931e-01   8.3868e+01   7.0961e+00   0.0000e+00   2.1717e-01   3.0569e+02
20210119_12:00:00   3.5962e-01   8.2000e+01   6.8289e+00   2.6480e-04   3.6540e-01   3.0745e+02
20210119_13:00:00   3.4157e-01   7.8762e+01   6.2642e+00   6.6226e-03   1.4894e-01   3.0832e+02
20210119_14:00:00   4.2137e-01   9.2773e+01   6.1479e+00   4.6079e-02   9.6249e-02   3.1014e+02
20210119_15:00:00   2.7672e-01   6.6679e+01   5.3230e+00   1.9296e-04   8.6642e-03   3.1427e+02
20210119_16:00:00   2.5238e-01   6.1938e+01   4.7883e+00   1.4682e-03   3.2409e-02   3.1647e+02
20210119_17:00:00   2.3914e-01   5.9272e+01   4.5499e+00   2.0301e-03   7.1466e-03   3.1347e+02
20210119_18:00:00   2.3281e-01   5.8039e+01   4.4807e+00   8.7210e-04   8.4320e-03   3.1857e+02
20210119_19:00:00   2.0073e-01   5.1241e+01   3.9045e+00   0.0000e+00   3.9120e-02   3.2495e+02
20210119_20:00:00   1.9363e-01   4.9774e+01   3.7345e+00   0.0000e+00   3.7367e-02   3.2737e+02
20210119_21:00:00   1.9193e-01   4.9449e+01   3.6710e+00   0.0000e+00   3.4022e-02   3.2607e+02
20210119_22:00:00   2.2064e-01   5.5459e+01   4.1631e+00   0.0000e+00   9.3582e-03   3.3265e+02
20210119_23:00:00   2.5607e-01   6.2550e+01   4.7854e+00   0.0000e+00   4.9922e-02   3.3746e+02
20210120_00:00:00   2.7975e-01   6.7214e+01   5.1858e+00   0.0000e+00   6.8410e-02   3.3670e+02
20210120_01:00:00   2.7393e-01   6.6270e+01   5.1085e+00   0.0000e+00   1.4551e-02   3.3466e+02
20210120_02:00:00   3.0364e-01   7.2037e+01   5.5698e+00   7.0860e-04   1.1985e-01   3.2889e+02
20210120_03:00:00   3.1743e-01   7.4764e+01   5.7197e+00   3.5620e-03   8.4744e-02   3.2239e+02
20210120_04:00:00   3.1728e-01   7.4925e+01   5.6488e+00   5.5805e-03   2.7606e-02   3.1627e+02
20210120_05:00:00   3.4909e-01   8.0645e+01   6.2235e+00   4.9305e-03   1.7066e-01   3.1387e+02
20210120_06:00:00   3.1432e-01   7.4356e+01   5.6966e+00   6.2510e-03   8.7858e-04   3.1160e+02
20210120_09:00:00   2.7752e-01   6.7000e+01   5.3883e+00   0.0000e+00   3.4566e-02   3.0839e+02
20210120_12:00:00   2.0996e-01   5.3310e+01   4.0967e+00   0.0000e+00   5.9782e-02   2.9856e+02
20210120_15:00:00   1.8685e-01   4.8730e+01   3.6431e+00   0.0000e+00   1.7962e-05   2.9914e+02
20210120_18:00:00   2.0184e-01   5.2074e+01   3.9383e+00   0.0000e+00   1.9391e-04   2.9260e+02
20210120_21:00:00   3.0335e-01   7.2918e+01   5.8500e+00   0.0000e+00   3.1626e-03   2.9386e+02
20210121_00:00:00   3.4091e-01   8.0041e+01   6.6058e+00   0.0000e+00   5.9122e-03   2.9643e+02
20210121_03:00:00   2.1538e-01   5.5204e+01   4.3274e+00   0.0000e+00   1.1452e-05   2.8914e+02
20210121_06:00:00   1.6455e-01   4.4203e+01   3.3069e+00   0.0000e+00   1.3657e-04   2.9100e+02
20210121_09:00:00   3.4092e-01   7.9969e+01   6.1819e+00   1.2154e-02   1.9569e-02   2.9442e+02
20210121_12:00:00   6.4260e-01   1.2846e+02   8.8228e+00   7.4180e-02   5.9739e-01   2.9452e+02
20210121_15:00:00   4.3891e-01   9.6823e+01   8.2275e+00   4.6778e-03   4.0529e-01   2.9292e+02
20210121_18:00:00   4.2111e-01   9.3333e+01   8.2284e+00   0.0000e+00   4.2827e-01   2.9588e+02
20210121_21:00:00   4.7471e-01   1.0252e+02   8.3787e+00   1.4019e-02   6.8625e-01   3.0014e+02
20210122_00:00:00   3.1357e-01   7.3878e+01   6.1641e+00   0.0000e+00   3.9567e-01   3.0588e+02
20210122_03:00:00   2.1806e-01   5.4913e+01   4.3021e+00   2.2620e-04   1.3393e-01   3.3448e+02
20210122_06:00:00   2.8904e-01   6.9335e+01   5.2217e+00   2.2156e-03   4.0041e-02   3.2282e+02
20210122_09:00:00   5.1998e-01   1.0977e+02   5.5415e+00   9.5258e-02   2.1512e-01   3.1225e+02
20210122_12:00:00   4.5997e-01   1.0064e+02   4.6384e+00   9.1370e-02   1.0224e-01   2.8932e+02
20210122_15:00:00   2.2268e-01   5.6836e+01   4.0259e+00   4.4770e-03   4.1318e-03   2.7853e+02
20210122_18:00:00   1.6210e-01   4.3912e+01   3.1263e+00   0.0000e+00   0.0000e+00   2.7915e+02
20210122_21:00:00   1.5091e-01   4.1321e+01   2.8918e+00   1.8120e-03   4.5200e-06   2.7780e+02
20210123_00:00:00   1.1816e-01   3.3866e+01   2.3155e+00   0.0000e+00   0.0000e+00   2.8253e+02
20210123_03:00:00   1.0350e-01   3.0479e+01   1.9862e+00   0.0000e+00   0.0000e+00   2.7371e+02
20210123_06:00:00   1.1311e-01   3.2852e+01   2.1375e+00   0.0000e+00   0.0000e+00   2.7019e+02
20210123_09:00:00   8.3176e-02   2.5791e+01   1.4556e+00   0.0000e+00   0.0000e+00   2.6707e+02
20210123_12:00:00   8.0131e-02   2.4963e+01   1.4146e+00   0.0000e+00   0.0000e+00   2.6482e+02
20210123_15:00:00   7.8581e-02   2.4566e+01   1.3770e+00   0.0000e+00   0.0000e+00   2.6503e+02
20210123_18:00:00   9.4336e-02   2.8259e+01   1.7526e+00   0.0000e+00   1.3658e-05   2.6523e+02
20210123_21:00:00   1.2391e-01   3.5333e+01   2.3122e+00   0.0000e+00   2.9017e-05   2.6406e+02
20210124_00:00:00   2.2241e-01   5.7193e+01   3.3545e+00   1.7268e-02   4.4514e-04   2.6209e+02
20210124_03:00:00   1.4742e-01   4.0551e+01   2.8038e+00   0.0000e+00   0.0000e+00   2.6540e+02
20210124_06:00:00   1.6095e-01   4.3711e+01   2.6912e+00   6.5290e-03   1.0330e-04   2.6832e+02
20210124_09:00:00   1.4735e-01   4.0373e+01   2.7126e+00   8.7020e-05   1.9508e-05   2.7025e+02
20210124_12:00:00   1.8467e-01   4.8664e+01   2.4815e+00   1.8719e-02   9.9003e-04   2.6801e+02
20210124_15:00:00   3.0134e-01   7.2098e+01   3.1743e+00   5.2520e-02   1.3884e-01   2.7400e+02
20210124_18:00:00   1.9508e-01   5.0379e+01   3.3067e+00   1.9086e-03   3.4032e-02   2.8103e+02
20210124_21:00:00   1.8225e-01   4.7647e+01   2.7051e+00   1.0242e-02   1.5464e-02   2.8567e+02
20210125_00:00:00   1.3644e-01   3.7344e+01   2.1694e+00   1.6970e-03   1.7368e-02   2.8592e+02
20210125_03:00:00   9.9150e-02   2.8888e+01   1.5660e+00   0.0000e+00   4.6760e-04   2.8168e+02
20210125_06:00:00   8.1197e-02   2.4973e+01   1.3185e+00   0.0000e+00   0.0000e+00   2.7143e+02
20210125_09:00:00   6.4030e-02   2.0783e+01   1.0314e+00   0.0000e+00   0.0000e+00   2.6646e+02
20210125_12:00:00   6.6380e-02   2.1264e+01   1.1466e+00   0.0000e+00   0.0000e+00   2.6165e+02
20210125_15:00:00   7.7994e-02   2.4148e+01   1.4105e+00   0.0000e+00   0.0000e+00   2.5971e+02
20210125_18:00:00   8.3134e-02   2.5468e+01   1.5185e+00   0.0000e+00   0.0000e+00   2.5384e+02
20210125_21:00:00   9.5537e-02   2.8521e+01   1.7817e+00   0.0000e+00   0.0000e+00   2.5564e+02
20210126_00:00:00   1.0448e-01   3.0655e+01   1.9832e+00   0.0000e+00   0.0000e+00   2.5368e+02
20210126_03:00:00   1.2068e-01   3.4352e+01   2.3471e+00   0.0000e+00   9.6780e-05   2.5151e+02
20210126_06:00:00   1.4166e-01   3.8973e+01   2.8308e+00   0.0000e+00   5.5139e-03   2.5602e+02
20210126_09:00:00   1.6841e-01   4.4643e+01   3.4440e+00   0.0000e+00   8.2688e-03   2.5561e+02
20210126_12:00:00   1.3796e-01   3.7732e+01   2.8105e+00   0.0000e+00   4.0749e-03   2.4932e+02
20210126_15:00:00   1.3380e-01   3.6632e+01   2.7224e+00   0.0000e+00   6.1258e-03   2.4794e+02
20210126_18:00:00   9.0598e-02   2.6978e+01   1.6769e+00   0.0000e+00   0.0000e+00   2.5170e+02
20210126_21:00:00   1.4149e-01   3.8736e+01   2.5131e+00   0.0000e+00   1.8096e-05   2.6578e+02
20210127_00:00:00   9.5180e-02   2.8344e+01   1.5697e+00   0.0000e+00   8.7370e-05   2.6237e+02
20210127_03:00:00   7.9281e-02   2.4585e+01   1.3125e+00   0.0000e+00   1.0180e-05   2.6126e+02
20210127_06:00:00   5.1900e-02   1.7890e+01   7.7561e-01   0.0000e+00   0.0000e+00   2.5669e+02
20210127_09:00:00   4.7296e-02   1.6634e+01   7.2962e-01   0.0000e+00   0.0000e+00   2.5696e+02
20210127_12:00:00   8.2899e-02   2.5386e+01   1.5710e+00   0.0000e+00   0.0000e+00   2.5882e+02
20210127_15:00:00   9.8047e-02   2.9183e+01   1.8874e+00   0.0000e+00   0.0000e+00   2.5711e+02
20210127_18:00:00   1.0305e-01   3.0528e+01   1.9703e+00   0.0000e+00   0.0000e+00   2.5863e+02
20210127_21:00:00   1.0695e-01   3.1372e+01   2.0873e+00   0.0000e+00   1.8819e-03   2.5653e+02
20210128_00:00:00   1.1693e-01   3.3667e+01   2.3274e+00   0.0000e+00   7.0109e-04   2.5517e+02
20210128_03:00:00   1.2867e-01   3.6253e+01   2.6100e+00   0.0000e+00   7.6441e-03   2.5369e+02
20210128_06:00:00   1.4299e-01   3.9365e+01   2.9342e+00   0.0000e+00   3.8665e-02   2.5483e+02
20210128_09:00:00   1.7855e-01   4.6892e+01   3.7809e+00   0.0000e+00   3.1262e-02   2.5386e+02
20210128_12:00:00   1.3198e-01   3.6760e+01   2.6967e+00   0.0000e+00   6.8280e-07   2.5475e+02
20210128_15:00:00   1.7736e-01   4.6735e+01   3.7225e+00   0.0000e+00   1.9863e-03   2.5472e+02
20210128_18:00:00   1.6309e-01   4.3440e+01   3.4371e+00   0.0000e+00   8.4501e-03   2.5624e+02
20210128_21:00:00   1.7508e-01   4.5895e+01   3.7278e+00   0.0000e+00   1.0693e-02   2.5714e+02
20210129_00:00:00   2.2277e-01   5.6160e+01   4.6635e+00   0.0000e+00   5.7195e-02   2.5955e+02
20210129_03:00:00   1.7539e-01   4.6580e+01   3.5893e+00   0.0000e+00   0.0000e+00   2.5720e+02
20210129_06:00:00   1.5161e-01   4.1653e+01   3.0320e+00   0.0000e+00   0.0000e+00   2.5865e+02
20210129_09:00:00   1.3652e-01   3.8426e+01   2.6759e+00   0.0000e+00   0.0000e+00   2.6106e+02
20210129_12:00:00   1.1797e-01   3.4314e+01   2.2506e+00   0.0000e+00   0.0000e+00   2.5904e+02
20210129_15:00:00   1.0238e-01   3.0654e+01   1.9097e+00   0.0000e+00   0.0000e+00   2.5788e+02
20210129_18:00:00   8.6785e-02   2.6857e+01   1.5815e+00   0.0000e+00   0.0000e+00   2.5949e+02
20210129_21:00:00   7.7691e-02   2.4611e+01   1.3931e+00   0.0000e+00   0.0000e+00   2.5813e+02
20210130_00:00:00   7.7674e-02   2.4637e+01   1.3873e+00   0.0000e+00   0.0000e+00   2.5895e+02
20210130_03:00:00   8.4332e-02   2.6359e+01   1.5211e+00   0.0000e+00   0.0000e+00   2.5663e+02
20210130_06:00:00   8.0264e-02   2.5158e+01   1.4812e+00   0.0000e+00   5.0292e-03   2.5659e+02
20210130_09:00:00   9.4067e-02   2.8543e+01   1.7991e+00   0.0000e+00   0.0000e+00   2.5903e+02
20210130_12:00:00   1.1596e-01   3.3862e+01   2.2557e+00   0.0000e+00   0.0000e+00   2.5836e+02
20210130_15:00:00   1.2963e-01   3.7112e+01   2.5565e+00   0.0000e+00   0.0000e+00   2.5591e+02
20210130_18:00:00   1.4764e-01   4.0972e+01   3.0705e+00   0.0000e+00   0.0000e+00   2.5264e+02
20210130_21:00:00   2.2451e-01   5.7777e+01   4.7823e+00   0.0000e+00   2.7587e-04   2.5219e+02
20210131_00:00:00   2.3278e-01   5.9894e+01   4.8258e+00   0.0000e+00   0.0000e+00   2.4960e+02
20210131_03:00:00   2.5669e-01   6.4963e+01   5.2530e+00   0.0000e+00   9.3191e-04   2.4693e+02
20210131_06:00:00   2.6178e-01   6.6052e+01   5.2760e+00   0.0000e+00   1.3161e-04   2.5019e+02
