#            date       tau255        Tb[K]      pwv[mm] lwp[kg*m^-2] iwp[kg*m^-2]       o3[DU]
20210619_00:00:00   3.5311e-01   8.6445e+01   7.6774e+00   0.0000e+00   0.0000e+00   3.0544e+02
20210619_01:00:00   3.8276e-01   9.1812e+01   8.3992e+00   0.0000e+00   7.1840e-06   3.0246e+02
20210619_02:00:00   3.8220e-01   9.1759e+01   8.4094e+00   0.0000e+00   1.5448e-04   3.0135e+02
20210619_03:00:00   4.2195e-01   9.8766e+01   9.2973e+00   0.0000e+00   1.3588e-04   2.9882e+02
20210619_04:00:00   4.7648e-01   1.0797e+02   1.0392e+01   0.0000e+00   1.1512e-03   2.9658e+02
20210619_05:00:00   4.7081e-01   1.0701e+02   1.0206e+01   0.0000e+00   5.2960e-04   2.9813e+02
20210619_06:00:00   4.5427e-01   1.0415e+02   9.9244e+00   0.0000e+00   1.8588e-05   2.9840e+02
20210619_07:00:00   4.6395e-01   1.0568e+02   1.0128e+01   0.0000e+00   1.3476e-04   3.0055e+02
20210619_08:00:00   4.7555e-01   1.0733e+02   1.0255e+01   1.6668e-03   1.1124e-03   2.9916e+02
20210619_09:00:00   4.6874e-01   1.0601e+02   1.0193e+01   1.0692e-04   2.7620e-04   3.0051e+02
20210619_10:00:00   4.8064e-01   1.0788e+02   1.0452e+01   0.0000e+00   4.6049e-03   2.9789e+02
20210619_11:00:00   4.6813e-01   1.0580e+02   1.0200e+01   0.0000e+00   8.1940e-06   2.9623e+02
20210619_12:00:00   4.6764e-01   1.0589e+02   1.0154e+01   0.0000e+00   6.8280e-07   2.9711e+02
20210619_13:00:00   4.6339e-01   1.0532e+02   1.0020e+01   0.0000e+00   0.0000e+00   2.9738e+02
20210619_14:00:00   4.6258e-01   1.0538e+02   9.9707e+00   0.0000e+00   0.0000e+00   2.9848e+02
20210619_15:00:00   4.5744e-01   1.0471e+02   9.8510e+00   0.0000e+00   0.0000e+00   2.9848e+02
20210619_16:00:00   4.5198e-01   1.0405e+02   9.7164e+00   0.0000e+00   0.0000e+00   2.9765e+02
20210619_17:00:00   4.5687e-01   1.0510e+02   9.7758e+00   0.0000e+00   0.0000e+00   2.9566e+02
20210619_18:00:00   4.7327e-01   1.0806e+02   1.0063e+01   0.0000e+00   0.0000e+00   2.9198e+02
20210619_19:00:00   4.8981e-01   1.1086e+02   1.0414e+01   0.0000e+00   0.0000e+00   2.9112e+02
20210619_20:00:00   4.9303e-01   1.1141e+02   1.0537e+01   0.0000e+00   0.0000e+00   2.9079e+02
20210619_21:00:00   4.9511e-01   1.1185e+02   1.0641e+01   0.0000e+00   0.0000e+00   2.9245e+02
20210619_22:00:00   5.2059e-01   1.1607e+02   1.1218e+01   0.0000e+00   7.9160e-05   2.9314e+02
20210619_23:00:00   5.7416e-01   1.2432e+02   1.2375e+01   1.8446e-04   5.8336e-03   2.9301e+02
20210620_00:00:00   8.9120e-01   1.6427e+02   1.3999e+01   1.0482e-01   2.8561e-01   2.9168e+02
20210620_01:00:00   8.8897e-01   1.6485e+02   1.6265e+01   4.1584e-02   2.5283e-01   2.8918e+02
20210620_02:00:00   7.3760e-01   1.4729e+02   1.5416e+01   4.2895e-04   2.6133e-02   2.9211e+02
20210620_03:00:00   7.2750e-01   1.4578e+02   1.5411e+01   0.0000e+00   7.5316e-02   2.9476e+02
20210620_04:00:00   6.6185e-01   1.3669e+02   1.4333e+01   0.0000e+00   1.0848e-01   2.9453e+02
20210620_05:00:00   6.5002e-01   1.3498e+02   1.4071e+01   0.0000e+00   2.6177e-02   2.9634e+02
20210620_06:00:00   6.5861e-01   1.3626e+02   1.4088e+01   2.8880e-04   2.2423e-03   2.9609e+02
20210620_07:00:00   6.3408e-01   1.3290e+02   1.3513e+01   1.1950e-05   3.1949e-03   2.9442e+02
20210620_08:00:00   5.9556e-01   1.2733e+02   1.2670e+01   1.7072e-06   5.1538e-04   2.9043e+02
20210620_09:00:00   5.7599e-01   1.2450e+02   1.2204e+01   0.0000e+00   1.5140e-05   2.9084e+02
20210620_10:00:00   5.7846e-01   1.2486e+02   1.2230e+01   0.0000e+00   0.0000e+00   2.9310e+02
20210620_11:00:00   6.1419e-01   1.3039e+02   1.2763e+01   0.0000e+00   2.6280e-05   2.9343e+02
20210620_12:00:00   5.8381e-01   1.2605e+02   1.2035e+01   0.0000e+00   0.0000e+00   2.9636e+02
20210620_13:00:00   5.5366e-01   1.2154e+02   1.1403e+01   0.0000e+00   0.0000e+00   2.9952e+02
20210620_14:00:00   5.2813e-01   1.1756e+02   1.0892e+01   0.0000e+00   0.0000e+00   2.9756e+02
20210620_15:00:00   4.9467e-01   1.1218e+02   1.0215e+01   0.0000e+00   0.0000e+00   2.9392e+02
20210620_16:00:00   4.9171e-01   1.1169e+02   1.0145e+01   0.0000e+00   0.0000e+00   2.9261e+02
20210620_17:00:00   4.8268e-01   1.1023e+02   9.9520e+00   0.0000e+00   0.0000e+00   2.9279e+02
20210620_18:00:00   5.0989e-01   1.1474e+02   1.0471e+01   0.0000e+00   0.0000e+00   2.9319e+02
20210620_19:00:00   5.3989e-01   1.1952e+02   1.1110e+01   0.0000e+00   2.0536e-04   2.9166e+02
20210620_20:00:00   5.3307e-01   1.1854e+02   1.1027e+01   0.0000e+00   3.6557e-04   2.8984e+02
20210620_21:00:00   5.1719e-01   1.1607e+02   1.0798e+01   1.7072e-06   1.1728e-05   2.8961e+02
20210620_22:00:00   5.3100e-01   1.1838e+02   1.1066e+01   0.0000e+00   6.0360e-05   2.8908e+02
20210620_23:00:00   5.4820e-01   1.2078e+02   1.1475e+01   1.7520e-04   1.0114e-03   2.8707e+02
20210621_00:00:00   5.4143e-01   1.1957e+02   1.1390e+01   0.0000e+00   7.2200e-04   2.8667e+02
20210621_01:00:00   5.6991e-01   1.2391e+02   1.1979e+01   0.0000e+00   5.8880e-05   2.8787e+02
20210621_02:00:00   5.8836e-01   1.2667e+02   1.2363e+01   0.0000e+00   0.0000e+00   2.8994e+02
20210621_03:00:00   5.8902e-01   1.2700e+02   1.2367e+01   0.0000e+00   5.3000e-06   2.8986e+02
20210621_04:00:00   5.6650e-01   1.2335e+02   1.2012e+01   0.0000e+00   3.0440e-05   2.9037e+02
20210621_05:00:00   5.3647e-01   1.1827e+02   1.1468e+01   0.0000e+00   5.4100e-04   2.9038e+02
20210621_06:00:00   5.0435e-01   1.1278e+02   1.0840e+01   2.5600e-06   2.1898e-04   2.9125e+02
20210621_07:00:00   4.9211e-01   1.1062e+02   1.0595e+01   0.0000e+00   3.4346e-03   2.9017e+02
20210621_08:00:00   4.9180e-01   1.1050e+02   1.0596e+01   0.0000e+00   1.3967e-02   2.9016e+02
20210621_09:00:00   4.9690e-01   1.1131e+02   1.0665e+01   0.0000e+00   1.1610e-02   2.8897e+02
20210621_10:00:00   5.0322e-01   1.1227e+02   1.0761e+01   0.0000e+00   7.1819e-03   2.9005e+02
20210621_11:00:00   4.8078e-01   1.0876e+02   1.0293e+01   0.0000e+00   1.9606e-04   2.9019e+02
20210621_12:00:00   4.5516e-01   1.0463e+02   9.7154e+00   0.0000e+00   0.0000e+00   2.9132e+02
20210621_13:00:00   4.3390e-01   1.0106e+02   9.2276e+00   0.0000e+00   0.0000e+00   2.9164e+02
20210621_14:00:00   4.2561e-01   9.9719e+01   9.0395e+00   0.0000e+00   0.0000e+00   2.8913e+02
20210621_15:00:00   4.1970e-01   9.8751e+01   8.9205e+00   0.0000e+00   0.0000e+00   2.8978e+02
20210621_16:00:00   4.0808e-01   9.6662e+01   8.6814e+00   0.0000e+00   0.0000e+00   2.9037e+02
20210621_17:00:00   4.0582e-01   9.6208e+01   8.6372e+00   0.0000e+00   0.0000e+00   2.9161e+02
20210621_18:00:00   4.1420e-01   9.7667e+01   8.8116e+00   0.0000e+00   0.0000e+00   2.8892e+02
20210621_19:00:00   4.2266e-01   9.9198e+01   8.9812e+00   0.0000e+00   0.0000e+00   2.8835e+02
20210621_20:00:00   4.4278e-01   1.0289e+02   9.3777e+00   0.0000e+00   0.0000e+00   2.8849e+02
20210621_21:00:00   4.5334e-01   1.0491e+02   9.5898e+00   0.0000e+00   0.0000e+00   2.8940e+02
20210621_22:00:00   4.4623e-01   1.0386e+02   9.4352e+00   0.0000e+00   0.0000e+00   2.8881e+02
20210621_23:00:00   4.2010e-01   9.9471e+01   8.8664e+00   0.0000e+00   0.0000e+00   2.8794e+02
20210622_00:00:00   4.0593e-01   9.6941e+01   8.5915e+00   0.0000e+00   0.0000e+00   2.8975e+02
20210622_01:00:00   4.5135e-01   1.0471e+02   9.5591e+00   0.0000e+00   0.0000e+00   2.9149e+02
20210622_02:00:00   4.7814e-01   1.0910e+02   1.0101e+01   0.0000e+00   0.0000e+00   2.9139e+02
20210622_03:00:00   4.5088e-01   1.0456e+02   9.5786e+00   0.0000e+00   0.0000e+00   2.9180e+02
20210622_04:00:00   4.4945e-01   1.0420e+02   9.6395e+00   0.0000e+00   4.4458e-06   2.9469e+02
20210622_05:00:00   4.7208e-01   1.0797e+02   1.0142e+01   0.0000e+00   9.3047e-05   2.9406e+02
20210622_06:00:00   5.1475e-01   1.1493e+02   1.0956e+01   0.0000e+00   5.7480e-06   2.9292e+02
20210622_07:00:00   5.3632e-01   1.1825e+02   1.1351e+01   0.0000e+00   1.1191e-04   2.9038e+02
20210622_08:00:00   5.4880e-01   1.2005e+02   1.1619e+01   0.0000e+00   1.5727e-04   2.8856e+02
20210622_09:00:00   5.7953e-01   1.2454e+02   1.2219e+01   0.0000e+00   4.3962e-03   2.8990e+02
20210622_10:00:00   5.6441e-01   1.2242e+02   1.1792e+01   0.0000e+00   4.5160e-04   2.9048e+02
20210622_11:00:00   5.5020e-01   1.2039e+02   1.1456e+01   0.0000e+00   0.0000e+00   2.9066e+02
20210622_12:00:00   5.6986e-01   1.2327e+02   1.1880e+01   0.0000e+00   0.0000e+00   2.9042e+02
20210622_13:00:00   5.7640e-01   1.2420e+02   1.2034e+01   0.0000e+00   0.0000e+00   2.8992e+02
20210622_14:00:00   5.7931e-01   1.2453e+02   1.2190e+01   0.0000e+00   0.0000e+00   2.9044e+02
20210622_15:00:00   5.7716e-01   1.2425e+02   1.2194e+01   0.0000e+00   0.0000e+00   2.8910e+02
20210622_16:00:00   5.8702e-01   1.2571e+02   1.2404e+01   0.0000e+00   0.0000e+00   2.8742e+02
20210622_17:00:00   6.0688e-01   1.2863e+02   1.2798e+01   0.0000e+00   0.0000e+00   2.8796e+02
20210622_18:00:00   6.3253e-01   1.3236e+02   1.3284e+01   0.0000e+00   0.0000e+00   2.8503e+02
20210622_19:00:00   6.6889e-01   1.3758e+02   1.3966e+01   0.0000e+00   1.3978e-05   2.8260e+02
20210622_20:00:00   6.9789e-01   1.4165e+02   1.4462e+01   4.5341e-04   2.9919e-04   2.8242e+02
20210622_21:00:00   9.3441e-01   1.6972e+02   1.4937e+01   9.0270e-02   1.3614e-02   2.8268e+02
20210622_22:00:00   1.3279e+00   2.0372e+02   1.5560e+01   2.4380e-01   8.5133e-02   2.8222e+02
20210622_23:00:00   8.3325e-01   1.5870e+02   1.5427e+01   3.6767e-02   7.8953e-03   2.8121e+02
20210623_00:00:00   6.9667e-01   1.4178e+02   1.4641e+01   1.7518e-05   4.2800e-05   2.8147e+02
20210623_01:00:00   6.8839e-01   1.4052e+02   1.4544e+01   1.7268e-05   1.2828e-04   2.8431e+02
20210623_02:00:00   7.0204e-01   1.4211e+02   1.4846e+01   5.7064e-04   2.0696e-04   2.8608e+02
20210623_03:00:00   6.9635e-01   1.4122e+02   1.4722e+01   2.4820e-03   4.4442e-03   2.8539e+02
20210623_04:00:00   7.1373e-01   1.4342e+02   1.5156e+01   9.2940e-05   2.3305e-02   2.8584e+02
20210623_05:00:00   7.2398e-01   1.4454e+02   1.5293e+01   6.7800e-04   5.7464e-02   2.8428e+02
20210623_06:00:00   7.1247e-01   1.4294e+02   1.5118e+01   0.0000e+00   4.5910e-03   2.8410e+02
20210623_07:00:00   7.2508e-01   1.4461e+02   1.4661e+01   1.4906e-02   4.6800e-04   2.8423e+02
20210623_08:00:00   7.2681e-01   1.4468e+02   1.4725e+01   1.5114e-02   1.0832e-03   2.8254e+02
20210623_09:00:00   6.8521e-01   1.3905e+02   1.4583e+01   5.2170e-04   4.3019e-04   2.8351e+02
20210623_10:00:00   6.8814e-01   1.3945e+02   1.4607e+01   1.3270e-03   2.1727e-03   2.8446e+02
20210623_11:00:00   7.2143e-01   1.4380e+02   1.4743e+01   1.2061e-02   2.5704e-02   2.8509e+02
20210623_12:00:00   7.0416e-01   1.4153e+02   1.4688e+01   5.9114e-03   2.8641e-02   2.8521e+02
20210623_13:00:00   6.8150e-01   1.3863e+02   1.4488e+01   5.9778e-04   9.1196e-03   2.8564e+02
20210623_14:00:00   6.7045e-01   1.3723e+02   1.4308e+01   0.0000e+00   6.3317e-02   2.8547e+02
20210623_15:00:00   6.6235e-01   1.3612e+02   1.4167e+01   0.0000e+00   3.1512e-02   2.8543e+02
20210623_16:00:00   6.5088e-01   1.3460e+02   1.3908e+01   0.0000e+00   6.0696e-03   2.8393e+02
20210623_17:00:00   6.5091e-01   1.3473e+02   1.3852e+01   0.0000e+00   1.5390e-03   2.8203e+02
20210623_18:00:00   6.6883e-01   1.3741e+02   1.4094e+01   0.0000e+00   4.8383e-05   2.8042e+02
20210623_19:00:00   6.8837e-01   1.4033e+02   1.4384e+01   0.0000e+00   2.6319e-04   2.8153e+02
20210623_20:00:00   7.0598e-01   1.4290e+02   1.4697e+01   4.5260e-04   3.3331e-04   2.8261e+02
20210623_21:00:00   8.0198e-01   1.5527e+02   1.5467e+01   2.3560e-02   5.6061e-04   2.8102e+02
20210623_22:00:00   1.0121e+00   1.7823e+02   1.5987e+01   9.9080e-02   3.3140e-03   2.8136e+02
20210623_23:00:00   9.9629e-01   1.7671e+02   1.6020e+01   8.9900e-02   8.7659e-03   2.8296e+02
20210624_00:00:00   8.1794e-01   1.5755e+02   1.5710e+01   2.0958e-02   3.2853e-04   2.8296e+02
20210624_03:00:00   7.7077e-01   1.5189e+02   1.5742e+01   9.8340e-04   1.2976e-05   2.8231e+02
20210624_06:00:00   8.7088e-01   1.6341e+02   1.6341e+01   2.7097e-02   6.2690e-03   2.8267e+02
20210624_09:00:00   8.2217e-01   1.5780e+02   1.6243e+01   9.0780e-03   7.6780e-04   2.8505e+02
20210624_12:00:00   7.8978e-01   1.5422e+02   1.5571e+01   2.7680e-03   6.7140e-05   2.8651e+02
20210624_15:00:00   7.4578e-01   1.4893e+02   1.4736e+01   0.0000e+00   0.0000e+00   2.8681e+02
20210624_18:00:00   7.5468e-01   1.5037e+02   1.4439e+01   3.7220e-03   0.0000e+00   2.8637e+02
20210624_21:00:00   9.1009e-01   1.6917e+02   1.4945e+01   5.6797e-02   1.1892e-04   2.8289e+02
20210625_00:00:00   9.9182e-01   1.7782e+02   1.4780e+01   9.5990e-02   4.9384e-05   2.8443e+02
20210625_03:00:00   6.3224e-01   1.3452e+02   1.2541e+01   4.2680e-05   0.0000e+00   2.8713e+02
20210625_06:00:00   7.2173e-01   1.4671e+02   1.3997e+01   3.4116e-03   6.8280e-07   2.8693e+02
20210625_09:00:00   5.4540e-01   1.2106e+02   1.1120e+01   0.0000e+00   0.0000e+00   2.8626e+02
20210625_12:00:00   7.0193e-01   1.4364e+02   1.4056e+01   0.0000e+00   1.1496e-05   2.8545e+02
20210625_15:00:00   7.4695e-01   1.4956e+02   1.4816e+01   0.0000e+00   5.7480e-06   2.8399e+02
20210625_18:00:00   7.5359e-01   1.5063e+02   1.4913e+01   0.0000e+00   0.0000e+00   2.8229e+02
20210625_21:00:00   7.8730e-01   1.5491e+02   1.4286e+01   3.7322e-02   4.4091e-03   2.8124e+02
20210626_00:00:00   8.7581e-01   1.6520e+02   1.6576e+01   3.0563e-02   1.3390e-02   2.8263e+02
20210626_03:00:00   8.8503e-01   1.6519e+02   1.8552e+01   1.5195e-04   1.5628e-01   2.8454e+02
20210626_06:00:00   8.4655e-01   1.6116e+02   1.7656e+01   0.0000e+00   5.6896e-02   2.8338e+02
20210626_09:00:00   7.0235e-01   1.4368e+02   1.4109e+01   4.3100e-05   1.0672e-04   2.8413e+02
20210626_12:00:00   5.5100e-01   1.2184e+02   1.1314e+01   0.0000e+00   7.2920e-04   2.8580e+02
20210626_15:00:00   6.2286e-01   1.3269e+02   1.2840e+01   0.0000e+00   0.0000e+00   2.8574e+02
20210626_18:00:00   4.8541e-01   1.1143e+02   9.8552e+00   0.0000e+00   0.0000e+00   2.8731e+02
20210626_21:00:00   5.1099e-01   1.1584e+02   1.0345e+01   0.0000e+00   0.0000e+00   2.8732e+02
20210627_00:00:00   5.9691e-01   1.2911e+02   1.2298e+01   0.0000e+00   0.0000e+00   2.8823e+02
20210627_03:00:00   6.1674e-01   1.3145e+02   1.2802e+01   3.9720e-04   1.1450e-04   2.8445e+02
20210627_06:00:00   6.3051e-01   1.3320e+02   1.3264e+01   0.0000e+00   3.7180e-05   2.8182e+02
20210627_09:00:00   5.8128e-01   1.2599e+02   1.2133e+01   0.0000e+00   1.7573e-05   2.8163e+02
20210627_12:00:00   5.6705e-01   1.2370e+02   1.2044e+01   0.0000e+00   2.2501e-03   2.8554e+02
20210627_15:00:00   5.5916e-01   1.2231e+02   1.1872e+01   0.0000e+00   1.9650e-04   2.9030e+02
20210627_18:00:00   6.0005e-01   1.2865e+02   1.2588e+01   0.0000e+00   0.0000e+00   2.9382e+02
20210627_21:00:00   4.7170e-01   1.0896e+02   9.8690e+00   0.0000e+00   0.0000e+00   3.0065e+02
20210628_00:00:00   6.6809e-01   1.3870e+02   1.3812e+01   3.4266e-03   7.0821e-03   2.9409e+02
20210628_03:00:00   7.0444e-01   1.4362e+02   1.4497e+01   4.3114e-03   8.1998e-03   2.9502e+02
20210628_06:00:00   6.6758e-01   1.3857e+02   1.4034e+01   0.0000e+00   1.3946e-03   2.9083e+02
20210628_09:00:00   5.7547e-01   1.2555e+02   1.1884e+01   0.0000e+00   0.0000e+00   2.9082e+02
20210628_12:00:00   6.7384e-01   1.3913e+02   1.4067e+01   8.5360e-06   7.3300e-05   2.8666e+02
20210628_15:00:00   7.5042e-01   1.4878e+02   1.5738e+01   0.0000e+00   9.1144e-04   2.9504e+02
20210628_18:00:00   7.5018e-01   1.4898e+02   1.5673e+01   0.0000e+00   1.5555e-02   2.9089e+02
20210628_21:00:00   1.0580e+00   1.8308e+02   1.5352e+01   1.3614e-01   4.3690e-02   2.9257e+02
20210629_00:00:00   1.1852e+00   1.9506e+02   1.6285e+01   1.5911e-01   3.9480e-02   2.8995e+02
20210629_03:00:00   7.4604e-01   1.5010e+02   1.5030e+01   0.0000e+00   5.5592e-04   2.9252e+02
20210629_06:00:00   8.6097e-01   1.6348e+02   1.7220e+01   2.8307e-03   1.9615e-03   2.9259e+02
20210629_09:00:00   9.3112e-01   1.7083e+02   1.6437e+01   4.6679e-02   1.1378e-02   2.8998e+02
20210629_12:00:00   7.8258e-01   1.5380e+02   1.5553e+01   4.6040e-03   3.2635e-03   2.9240e+02
20210629_15:00:00   6.8407e-01   1.4123e+02   1.3841e+01   0.0000e+00   0.0000e+00   2.9346e+02
20210629_18:00:00   5.7559e-01   1.2563e+02   1.1742e+01   0.0000e+00   0.0000e+00   2.9256e+02
20210629_21:00:00   1.0235e+00   1.8077e+02   1.4297e+01   1.2750e-01   1.4656e-03   2.9045e+02
20210630_00:00:00   7.7043e-01   1.5370e+02   1.4656e+01   8.9532e-03   5.7789e-03   2.9045e+02
20210630_03:00:00   8.9500e-01   1.6825e+02   1.5464e+01   4.3035e-02   1.5961e-03   2.9488e+02
20210630_06:00:00   7.9426e-01   1.5630e+02   1.5341e+01   8.9880e-04   2.8412e-06   2.9666e+02
20210630_09:00:00   6.7171e-01   1.4008e+02   1.3445e+01   0.0000e+00   0.0000e+00   2.9200e+02
20210630_12:00:00   6.1062e-01   1.3099e+02   1.2324e+01   0.0000e+00   0.0000e+00   2.9213e+02
20210630_15:00:00   5.9648e-01   1.2884e+02   1.2100e+01   0.0000e+00   0.0000e+00   2.9163e+02
20210630_18:00:00   5.4923e-01   1.2188e+02   1.1209e+01   0.0000e+00   0.0000e+00   2.8866e+02
20210630_21:00:00   4.9280e-01   1.1333e+02   9.8966e+00   0.0000e+00   0.0000e+00   2.9127e+02
20210701_00:00:00   1.2959e+00   2.0285e+02   1.7813e+01   1.8039e-01   2.0562e-01   2.8825e+02
20210701_03:00:00   6.6995e-01   1.3853e+02   1.4282e+01   0.0000e+00   2.1739e-01   2.9021e+02
20210701_06:00:00   6.3926e-01   1.3471e+02   1.3356e+01   0.0000e+00   5.5823e-05   2.9189e+02
20210701_09:00:00   6.6594e-01   1.3845e+02   1.3875e+01   0.0000e+00   6.2000e-03   2.9280e+02
20210701_12:00:00   7.6668e-01   1.5175e+02   1.5465e+01   0.0000e+00   0.0000e+00   2.9201e+02
20210701_15:00:00   6.0467e-01   1.3005e+02   1.2391e+01   0.0000e+00   0.0000e+00   2.9154e+02
20210701_18:00:00   5.6573e-01   1.2432e+02   1.1598e+01   0.0000e+00   0.0000e+00   2.9349e+02
20210701_21:00:00   6.2063e-01   1.3306e+02   1.2476e+01   0.0000e+00   0.0000e+00   2.9215e+02
20210702_00:00:00   7.8852e-01   1.5555e+02   1.3455e+01   4.8779e-02   1.1496e-05   2.9029e+02
20210702_03:00:00   5.8436e-01   1.2712e+02   1.2226e+01   0.0000e+00   0.0000e+00   2.9364e+02
20210702_06:00:00   6.7925e-01   1.4011e+02   1.4323e+01   0.0000e+00   2.0372e-02   2.9186e+02
20210702_09:00:00   7.5026e-01   1.4862e+02   1.5908e+01   0.0000e+00   1.1723e-01   2.9200e+02
20210702_12:00:00   7.2736e-01   1.4522e+02   1.5662e+01   0.0000e+00   9.2134e-02   2.8990e+02
20210702_15:00:00   7.0539e-01   1.4229e+02   1.5239e+01   0.0000e+00   2.1086e-02   2.9282e+02
20210702_18:00:00   7.3271e-01   1.4644e+02   1.5443e+01   0.0000e+00   9.2940e-06   2.9244e+02
20210702_21:00:00   8.5751e-01   1.6266e+02   1.5139e+01   4.7381e-02   1.5116e-03   2.9078e+02
20210703_00:00:00   2.2969e+00   2.4896e+02   1.7073e+01   6.1938e-01   1.7691e-01   2.8849e+02
20210703_03:00:00   9.1770e-01   1.6881e+02   1.6160e+01   5.5175e-02   9.5784e-03   2.9063e+02
20210703_06:00:00   1.1779e+00   1.9198e+02   1.8602e+01   1.1732e-01   3.3219e-01   2.9080e+02
20210703_09:00:00   8.2172e-01   1.5658e+02   1.7260e+01   0.0000e+00   1.9173e-01   2.9050e+02
20210703_12:00:00   1.0207e+00   1.7835e+02   1.7457e+01   7.3780e-02   5.1964e-02   2.8925e+02
20210703_15:00:00   8.3663e-01   1.5870e+02   1.7280e+01   0.0000e+00   7.3163e-02   2.9428e+02
20210703_18:00:00   8.0653e-01   1.5606e+02   1.6071e+01   0.0000e+00   0.0000e+00   2.9646e+02
20210703_21:00:00   1.3404e+00   2.0652e+02   1.8778e+01   1.6472e-01   9.4440e-04   2.9422e+02
20210704_00:00:00   3.6111e+00   2.6986e+02   2.1344e+01   1.0855e+00   2.4059e-01   2.9061e+02
20210704_03:00:00   1.6018e+00   2.2087e+02   2.1829e+01   2.0632e-01   1.4541e+00   2.9070e+02
20210704_06:00:00   9.8886e-01   1.7537e+02   1.9693e+01   8.3424e-03   2.2850e-01   2.9282e+02
20210704_09:00:00   1.0277e+00   1.7841e+02   2.0056e+01   1.5604e-02   7.4101e-01   2.8970e+02
20210704_12:00:00   8.9440e-01   1.6549e+02   1.8199e+01   0.0000e+00   4.0701e-02   2.8914e+02
20210704_15:00:00   9.6103e-01   1.7306e+02   1.8660e+01   1.9356e-03   8.8340e-07   2.8732e+02
20210704_18:00:00   8.4865e-01   1.6146e+02   1.6079e+01   6.6630e-04   0.0000e+00   2.8779e+02
20210704_21:00:00   2.4972e+00   2.5758e+02   1.7304e+01   6.2366e-01   7.4360e-06   2.8581e+02
20210705_00:00:00   2.0992e+00   2.4570e+02   1.7773e+01   4.6596e-01   8.6320e-04   2.8428e+02
