#            date       tau255        Tb[K]      pwv[mm] lwp[kg*m^-2] iwp[kg*m^-2]       o3[DU]
20230806_00:00:00   6.2899e-01   1.3399e+02   1.2097e+01   5.9315e-03   2.9419e-04   2.7893e+02
20230806_01:00:00   5.8582e-01   1.2772e+02   1.1531e+01   2.9201e-04   8.8780e-06   2.8045e+02
20230806_02:00:00   5.3210e-01   1.1945e+02   1.0573e+01   1.7072e-06   0.0000e+00   2.8094e+02
20230806_03:00:00   5.1624e-01   1.1691e+02   1.0325e+01   0.0000e+00   0.0000e+00   2.7965e+02
20230806_04:00:00   5.2342e-01   1.1807e+02   1.0475e+01   0.0000e+00   0.0000e+00   2.7875e+02
20230806_05:00:00   5.1022e-01   1.1600e+02   1.0265e+01   0.0000e+00   0.0000e+00   2.7703e+02
20230806_06:00:00   5.2043e-01   1.1763e+02   1.0480e+01   0.0000e+00   0.0000e+00   2.7687e+02
20230806_07:00:00   5.1030e-01   1.1591e+02   1.0346e+01   0.0000e+00   0.0000e+00   2.7726e+02
20230806_08:00:00   4.8884e-01   1.1232e+02   9.9496e+00   0.0000e+00   0.0000e+00   2.7813e+02
20230806_09:00:00   5.0447e-01   1.1486e+02   1.0205e+01   0.0000e+00   0.0000e+00   2.7781e+02
20230806_10:00:00   5.2568e-01   1.1823e+02   1.0533e+01   0.0000e+00   0.0000e+00   2.7549e+02
20230806_11:00:00   5.3078e-01   1.1902e+02   1.0577e+01   0.0000e+00   0.0000e+00   2.7397e+02
20230806_12:00:00   5.4696e-01   1.2152e+02   1.0806e+01   0.0000e+00   0.0000e+00   2.7529e+02
20230806_13:00:00   5.4916e-01   1.2180e+02   1.0782e+01   0.0000e+00   0.0000e+00   2.7517e+02
20230806_14:00:00   5.4394e-01   1.2096e+02   1.0679e+01   0.0000e+00   0.0000e+00   2.7452e+02
20230806_15:00:00   5.5436e-01   1.2262e+02   1.0870e+01   0.0000e+00   0.0000e+00   2.7644e+02
20230806_16:00:00   5.4738e-01   1.2157e+02   1.0759e+01   0.0000e+00   0.0000e+00   2.7669e+02
20230806_17:00:00   5.4042e-01   1.2045e+02   1.0631e+01   0.0000e+00   0.0000e+00   2.7768e+02
20230806_18:00:00   5.3602e-01   1.1971e+02   1.0560e+01   0.0000e+00   0.0000e+00   2.7824e+02
20230806_19:00:00   5.1785e-01   1.1690e+02   1.0231e+01   0.0000e+00   0.0000e+00   2.7718e+02
20230806_20:00:00   5.5039e-01   1.2223e+02   1.0737e+01   0.0000e+00   0.0000e+00   2.7827e+02
20230806_21:00:00   6.0727e-01   1.3104e+02   1.1684e+01   0.0000e+00   0.0000e+00   2.7847e+02
20230806_22:00:00   6.6073e-01   1.3883e+02   1.2481e+01   1.9682e-03   4.4041e-05   2.7795e+02
20230806_23:00:00   7.3252e-01   1.4854e+02   1.2488e+01   3.0337e-02   4.6360e-05   2.7669e+02
20230807_00:00:00   6.9854e-01   1.4407e+02   1.2286e+01   2.1122e-02   9.5600e-06   2.7415e+02
20230807_01:00:00   6.0020e-01   1.3015e+02   1.1511e+01   6.8280e-05   0.0000e+00   2.7101e+02
20230807_02:00:00   5.6886e-01   1.2533e+02   1.1086e+01   0.0000e+00   0.0000e+00   2.7137e+02
20230807_03:00:00   5.8327e-01   1.2738e+02   1.1422e+01   0.0000e+00   0.0000e+00   2.6855e+02
20230807_04:00:00   5.8571e-01   1.2770e+02   1.1485e+01   0.0000e+00   0.0000e+00   2.6916e+02
20230807_05:00:00   5.6951e-01   1.2522e+02   1.1261e+01   0.0000e+00   0.0000e+00   2.7188e+02
20230807_06:00:00   5.1560e-01   1.1666e+02   1.0351e+01   0.0000e+00   0.0000e+00   2.7253e+02
20230807_07:00:00   5.0063e-01   1.1378e+02   1.0266e+01   0.0000e+00   0.0000e+00   2.7294e+02
20230807_08:00:00   5.0850e-01   1.1462e+02   1.0538e+01   0.0000e+00   0.0000e+00   2.7147e+02
20230807_09:00:00   5.3291e-01   1.1823e+02   1.1089e+01   0.0000e+00   0.0000e+00   2.7209e+02
20230807_10:00:00   6.0454e-01   1.2929e+02   1.2431e+01   0.0000e+00   3.3121e-06   2.7240e+02
20230807_11:00:00   6.7284e-01   1.3883e+02   1.3874e+01   0.0000e+00   3.9220e-03   2.7214e+02
20230807_12:00:00   7.6271e-01   1.5032e+02   1.5653e+01   0.0000e+00   7.1481e-02   2.7252e+02
20230807_13:00:00   7.7708e-01   1.5224e+02   1.5835e+01   0.0000e+00   7.1703e-02   2.7400e+02
20230807_14:00:00   8.0467e-01   1.5571e+02   1.6265e+01   0.0000e+00   1.4490e-02   2.7701e+02
20230807_15:00:00   8.4555e-01   1.6041e+02   1.7020e+01   0.0000e+00   4.3434e-02   2.7886e+02
20230807_16:00:00   8.9302e-01   1.6572e+02   1.7798e+01   2.6720e-04   1.3610e-01   2.7978e+02
20230807_17:00:00   9.6765e-01   1.7371e+02   1.7929e+01   2.5102e-02   1.6234e-01   2.8056e+02
20230807_18:00:00   9.5357e-01   1.7262e+02   1.7233e+01   3.0694e-02   1.4620e-02   2.8150e+02
20230807_19:00:00   9.1995e-01   1.6942e+02   1.7368e+01   1.0530e-02   6.5009e-03   2.7999e+02
20230807_20:00:00   1.0578e+00   1.8373e+02   1.9309e+01   1.2802e-02   5.0380e-02   2.7688e+02
20230807_21:00:00   1.2121e+00   1.9762e+02   1.9400e+01   7.4057e-02   7.2368e-02   2.7654e+02
20230807_22:00:00   9.7046e-01   1.7587e+02   1.7527e+01   1.5663e-02   6.3236e-04   2.7407e+02
20230807_23:00:00   9.6160e-01   1.7519e+02   1.7227e+01   1.5209e-02   1.1975e-03   2.7433e+02
20230808_00:00:00   8.0473e-01   1.5742e+02   1.5203e+01   6.7020e-03   9.7136e-05   2.7375e+02
20230808_01:00:00   9.7661e-01   1.7601e+02   1.7871e+01   1.3310e-02   1.5344e-02   2.7421e+02
20230808_02:00:00   8.7923e-01   1.6550e+02   1.6724e+01   4.3884e-04   2.6090e-04   2.7506e+02
20230808_03:00:00   8.5553e-01   1.6286e+02   1.6169e+01   1.0243e-05   9.4780e-05   2.7517e+02
20230808_04:00:00   7.5282e-01   1.5032e+02   1.4432e+01   1.7072e-06   3.3297e-04   2.7825e+02
20230808_05:00:00   6.2721e-01   1.3312e+02   1.2287e+01   0.0000e+00   1.5024e-05   2.7956e+02
20230808_06:00:00   6.2231e-01   1.3195e+02   1.2529e+01   0.0000e+00   0.0000e+00   2.7889e+02
20230808_07:00:00   6.5009e-01   1.3568e+02   1.3211e+01   0.0000e+00   9.2940e-06   2.7870e+02
20230808_08:00:00   7.2484e-01   1.4578e+02   1.4567e+01   0.0000e+00   0.0000e+00   2.7682e+02
20230808_09:00:00   7.3799e-01   1.4740e+02   1.4829e+01   0.0000e+00   0.0000e+00   2.7682e+02
20230808_10:00:00   7.4646e-01   1.4848e+02   1.4921e+01   0.0000e+00   0.0000e+00   2.7744e+02
20230808_11:00:00   7.7770e-01   1.5239e+02   1.5414e+01   0.0000e+00   0.0000e+00   2.7619e+02
20230808_12:00:00   8.1479e-01   1.5679e+02   1.6152e+01   0.0000e+00   1.5046e-05   2.7479e+02
20230808_13:00:00   8.4984e-01   1.6082e+02   1.6831e+01   0.0000e+00   1.4364e-05   2.7254e+02
20230808_14:00:00   8.3052e-01   1.5853e+02   1.6607e+01   0.0000e+00   7.8056e-05   2.7442e+02
20230808_15:00:00   7.9483e-01   1.5430e+02   1.5952e+01   0.0000e+00   0.0000e+00   2.7505e+02
20230808_16:00:00   7.3407e-01   1.4680e+02   1.4800e+01   0.0000e+00   0.0000e+00   2.7563e+02
20230808_17:00:00   6.9321e-01   1.4150e+02   1.4016e+01   0.0000e+00   0.0000e+00   2.7605e+02
20230808_18:00:00   6.6331e-01   1.3761e+02   1.3323e+01   0.0000e+00   5.1220e-06   2.7626e+02
20230808_19:00:00   6.7298e-01   1.3945e+02   1.3109e+01   0.0000e+00   1.3156e-04   2.7490e+02
20230808_20:00:00   7.5691e-01   1.5098e+02   1.4201e+01   0.0000e+00   1.3595e-03   2.7390e+02
20230808_21:00:00   8.2165e-01   1.5915e+02   1.4972e+01   7.6818e-03   9.0486e-03   2.7428e+02
20230808_22:00:00   1.6081e+00   2.2372e+02   1.5613e+01   3.2448e-01   7.6258e-02   2.7496e+02
20230808_23:00:00   7.2367e-01   1.4590e+02   1.3395e+01   1.7364e-02   2.3817e-01   2.7466e+02
20230809_00:00:00   7.6243e-01   1.5163e+02   1.3734e+01   1.3392e-02   1.9679e-02   2.7556e+02
20230809_01:00:00   5.6354e-01   1.2341e+02   1.1089e+01   5.2824e-05   4.9680e-03   2.7775e+02
20230809_02:00:00   4.9648e-01   1.1240e+02   1.0020e+01   0.0000e+00   1.4100e-04   2.7742e+02
20230809_03:00:00   4.2234e-01   9.9339e+01   8.7575e+00   0.0000e+00   5.3500e-04   2.7601e+02
20230809_04:00:00   4.5413e-01   1.0495e+02   9.2439e+00   0.0000e+00   1.9016e-05   2.7465e+02
20230809_05:00:00   4.8798e-01   1.1083e+02   9.7248e+00   0.0000e+00   1.3851e-04   2.7398e+02
20230809_06:00:00   4.9793e-01   1.1248e+02   9.8678e+00   0.0000e+00   4.4460e-06   2.7243e+02
20230809_07:00:00   4.1760e-01   9.8400e+01   8.5743e+00   0.0000e+00   1.7072e-06   2.7230e+02
20230809_08:00:00   3.5225e-01   8.5963e+01   7.5509e+00   0.0000e+00   1.7072e-06   2.7429e+02
20230809_09:00:00   3.3104e-01   8.1653e+01   7.2339e+00   0.0000e+00   3.4997e-05   2.7608e+02
20230809_10:00:00   3.4654e-01   8.4654e+01   7.5226e+00   0.0000e+00   0.0000e+00   2.7574e+02
20230809_11:00:00   3.6114e-01   8.7490e+01   7.7604e+00   0.0000e+00   3.4142e-06   2.7501e+02
20230809_12:00:00   3.5930e-01   8.7109e+01   7.7353e+00   0.0000e+00   2.3697e-04   2.7698e+02
20230809_13:00:00   3.7852e-01   9.0624e+01   8.1444e+00   0.0000e+00   1.3849e-03   2.7637e+02
20230809_14:00:00   4.2162e-01   9.8300e+01   9.0494e+00   0.0000e+00   9.7633e-03   2.7630e+02
20230809_15:00:00   4.6154e-01   1.0516e+02   9.8817e+00   0.0000e+00   1.8195e-02   2.7864e+02
20230809_16:00:00   4.7163e-01   1.0687e+02   1.0128e+01   0.0000e+00   9.4423e-04   2.7838e+02
20230809_17:00:00   4.7320e-01   1.0718e+02   1.0178e+01   0.0000e+00   1.7776e-04   2.7686e+02
20230809_18:00:00   5.1040e-01   1.1368e+02   1.0729e+01   0.0000e+00   2.3815e-03   2.7629e+02
20230809_19:00:00   6.1843e-01   1.3086e+02   1.2412e+01   0.0000e+00   3.6348e-03   2.7458e+02
20230809_20:00:00   7.4177e-01   1.4811e+02   1.4509e+01   8.5360e-06   6.4033e-03   2.7217e+02
20230809_21:00:00   1.3812e+00   2.0932e+02   1.6981e+01   2.0588e-01   1.4883e-02   2.7190e+02
20230809_22:00:00   2.4077e+00   2.5135e+02   1.9263e+01   6.2451e-01   4.6202e-01   2.7127e+02
20230809_23:00:00   1.1156e+00   1.8744e+02   1.6691e+01   1.1793e-01   1.6087e-01   2.7205e+02
20230810_00:00:00   1.0223e+00   1.7828e+02   1.6085e+01   9.9483e-02   1.7526e-01   2.7313e+02
20230810_01:00:00   7.3015e-01   1.4582e+02   1.5034e+01   2.7527e-03   4.0497e-02   2.7258e+02
20230810_02:00:00   7.1758e-01   1.4368e+02   1.5150e+01   0.0000e+00   1.8683e-01   2.7256e+02
20230810_03:00:00   8.0671e-01   1.5506e+02   1.6516e+01   7.2160e-05   3.2360e-01   2.7337e+02
20230810_04:00:00   9.2672e-01   1.6852e+02   1.7635e+01   2.2816e-02   3.6294e-01   2.7521e+02
20230810_05:00:00   1.1405e+00   1.8897e+02   1.9106e+01   7.4670e-02   2.5767e-01   2.7439e+02
20230810_06:00:00   1.0569e+00   1.8164e+02   1.9860e+01   1.3896e-02   3.5891e-01   2.7394e+02
20230810_07:00:00   9.8702e-01   1.7468e+02   1.9273e+01   1.7090e-04   3.0947e-01   2.7368e+02
20230810_08:00:00   9.2954e-01   1.6849e+02   1.8355e+01   1.8798e-03   2.3662e-01   2.7402e+02
20230810_09:00:00   9.5359e-01   1.7123e+02   1.8336e+01   9.6450e-03   1.2230e-01   2.7535e+02
20230810_10:00:00   1.1439e+00   1.8948e+02   1.8114e+01   9.1938e-02   4.7036e-02   2.7525e+02
20230810_11:00:00   1.0568e+00   1.8148e+02   1.7762e+01   6.7263e-02   2.5957e-02   2.7598e+02
20230810_12:00:00   9.0030e-01   1.6586e+02   1.7391e+01   9.4262e-03   2.5164e-03   2.7371e+02
20230810_13:00:00   8.6311e-01   1.6193e+02   1.6977e+01   8.0378e-06   4.0423e-04   2.7430e+02
20230810_14:00:00   8.4368e-01   1.5983e+02   1.6545e+01   0.0000e+00   2.6172e-03   2.7459e+02
20230810_15:00:00   8.2916e-01   1.5813e+02   1.6357e+01   0.0000e+00   7.5895e-03   2.7566e+02
20230810_16:00:00   8.1997e-01   1.5702e+02   1.6300e+01   0.0000e+00   1.2124e-02   2.7679e+02
20230810_17:00:00   7.9954e-01   1.5462e+02   1.5951e+01   0.0000e+00   7.7579e-03   2.7585e+02
20230810_18:00:00   8.3707e-01   1.5927e+02   1.6466e+01   0.0000e+00   1.1072e-02   2.7617e+02
20230810_19:00:00   9.3611e-01   1.7071e+02   1.7354e+01   1.4346e-02   6.9830e-04   2.7386e+02
20230810_20:00:00   1.2964e+00   2.0373e+02   1.8595e+01   1.2586e-01   1.3028e-04   2.7193e+02
20230810_21:00:00   2.4067e+00   2.5372e+02   1.9772e+01   5.5888e-01   4.6813e-03   2.7261e+02
20230810_22:00:00   2.1772e+00   2.4563e+02   2.0087e+01   4.8813e-01   4.0598e-01   2.7454e+02
20230810_23:00:00   1.3896e+00   2.1018e+02   1.8311e+01   1.7551e-01   6.0188e-02   2.7299e+02
20230811_00:00:00   8.5719e-01   1.6276e+02   1.6274e+01   5.0448e-03   8.6220e-05   2.7278e+02
20230811_03:00:00   8.0931e-01   1.5637e+02   1.5923e+01   2.5600e-05   6.8280e-07   2.7300e+02
20230811_06:00:00   9.1249e-01   1.6789e+02   1.7767e+01   7.3960e-04   3.3694e-02   2.7319e+02
20230811_09:00:00   9.2727e-01   1.6913e+02   1.8221e+01   0.0000e+00   4.8052e-04   2.7559e+02
20230811_12:00:00   9.1993e-01   1.6816e+02   1.8142e+01   0.0000e+00   2.5678e-02   2.7597e+02
20230811_15:00:00   9.6359e-01   1.7274e+02   1.8943e+01   8.0244e-05   4.0048e-02   2.7567e+02
20230811_18:00:00   1.2215e+00   1.9648e+02   1.9500e+01   8.7800e-02   6.9149e-04   2.7510e+02
20230811_21:00:00   1.3334e+00   2.0635e+02   1.9583e+01   1.1637e-01   0.0000e+00   2.7590e+02
20230812_00:00:00   2.0725e+00   2.4448e+02   1.9483e+01   4.1465e-01   7.4360e-06   2.7574e+02
20230812_03:00:00   1.1867e+00   1.9463e+02   1.9376e+01   6.3857e-02   1.2614e-04   2.7597e+02
20230812_06:00:00   1.2165e+00   1.9665e+02   1.9537e+01   7.6226e-02   1.2938e-02   2.7471e+02
20230812_09:00:00   1.2501e+00   1.9936e+02   1.8084e+01   1.2038e-01   5.7658e-03   2.7309e+02
20230812_12:00:00   8.3457e-01   1.5933e+02   1.6400e+01   0.0000e+00   1.4270e-02   2.7472e+02
20230812_15:00:00   7.5629e-01   1.4989e+02   1.4668e+01   0.0000e+00   0.0000e+00   2.7703e+02
20230812_18:00:00   6.8779e-01   1.4110e+02   1.3266e+01   1.4870e-04   0.0000e+00   2.7778e+02
20230812_21:00:00   1.1230e+00   1.9014e+02   1.6759e+01   9.4556e-02   1.8598e-05   2.7737e+02
20230813_00:00:00   1.5797e+00   2.2287e+02   1.7228e+01   2.6619e-01   0.0000e+00   2.7837e+02
20230813_03:00:00   7.1145e-01   1.4504e+02   1.3925e+01   0.0000e+00   0.0000e+00   2.7916e+02
20230813_06:00:00   6.8613e-01   1.4146e+02   1.3564e+01   0.0000e+00   1.2738e-04   2.7841e+02
20230813_09:00:00   6.4475e-01   1.3528e+02   1.2942e+01   0.0000e+00   8.8985e-03   2.7752e+02
20230813_12:00:00   5.8058e-01   1.2556e+02   1.1946e+01   0.0000e+00   4.7825e-03   2.7687e+02
20230813_15:00:00   5.2167e-01   1.1632e+02   1.0919e+01   0.0000e+00   3.4440e-03   2.7536e+02
20230813_18:00:00   5.7927e-01   1.2570e+02   1.1856e+01   0.0000e+00   4.6460e-06   2.7624e+02
20230813_21:00:00   8.1475e-01   1.5851e+02   1.5500e+01   7.5760e-03   2.9740e-05   2.7271e+02
20230814_00:00:00   1.4051e+00   2.1239e+02   1.6559e+01   2.1833e-01   5.3660e-05   2.7180e+02
20230814_03:00:00   7.2561e-01   1.4773e+02   1.4184e+01   0.0000e+00   0.0000e+00   2.7556e+02
20230814_06:00:00   6.8846e-01   1.4246e+02   1.3727e+01   0.0000e+00   0.0000e+00   2.7744e+02
20230814_09:00:00   6.5836e-01   1.3814e+02   1.3158e+01   0.0000e+00   1.7072e-06   2.7561e+02
20230814_12:00:00   6.2931e-01   1.3386e+02   1.2657e+01   0.0000e+00   0.0000e+00   2.7716e+02
20230814_15:00:00   6.4855e-01   1.3661e+02   1.2969e+01   0.0000e+00   4.2780e-05   2.7652e+02
20230814_18:00:00   6.4365e-01   1.3598e+02   1.2910e+01   0.0000e+00   0.0000e+00   2.7595e+02
20230814_21:00:00   6.8386e-01   1.4184e+02   1.3834e+01   3.5140e-04   2.9196e-05   2.7531e+02
20230815_00:00:00   7.3564e-01   1.4878e+02   1.4934e+01   3.3399e-04   4.8806e-05   2.7545e+02
20230815_03:00:00   8.3423e-01   1.6056e+02   1.6174e+01   1.2592e-02   4.5419e-03   2.7828e+02
20230815_06:00:00   7.6200e-01   1.5182e+02   1.5391e+01   0.0000e+00   0.0000e+00   2.7908e+02
20230815_09:00:00   6.9575e-01   1.4322e+02   1.4147e+01   0.0000e+00   0.0000e+00   2.7876e+02
20230815_12:00:00   6.0770e-01   1.3069e+02   1.2449e+01   0.0000e+00   0.0000e+00   2.8220e+02
20230815_15:00:00   5.7140e-01   1.2504e+02   1.1850e+01   0.0000e+00   0.0000e+00   2.8141e+02
20230815_18:00:00   5.6078e-01   1.2331e+02   1.1701e+01   0.0000e+00   0.0000e+00   2.8056e+02
20230815_21:00:00   6.7691e-01   1.3988e+02   1.4026e+01   2.2700e-03   8.6126e-03   2.8063e+02
20230816_00:00:00   6.5113e-01   1.3648e+02   1.3718e+01   5.0256e-04   3.6845e-02   2.8155e+02
20230816_03:00:00   6.3546e-01   1.3470e+02   1.3231e+01   3.3460e-04   7.1940e-04   2.8289e+02
20230816_06:00:00   5.8142e-01   1.2622e+02   1.2195e+01   3.4140e-06   2.6339e-04   2.8623e+02
20230816_09:00:00   5.9386e-01   1.2759e+02   1.2409e+01   0.0000e+00   9.3885e-03   2.8457e+02
20230816_12:00:00   4.7366e-01   1.0876e+02   1.0052e+01   0.0000e+00   0.0000e+00   2.8461e+02
20230816_15:00:00   5.0312e-01   1.1318e+02   1.0854e+01   0.0000e+00   0.0000e+00   2.8497e+02
20230816_18:00:00   4.7032e-01   1.0800e+02   1.0093e+01   0.0000e+00   0.0000e+00   2.8677e+02
20230816_21:00:00   5.2766e-01   1.1808e+02   1.1004e+01   0.0000e+00   0.0000e+00   2.8821e+02
20230817_00:00:00   1.0253e+00   1.8046e+02   1.8373e+01   3.9378e-02   2.5943e-01   2.8723e+02
20230817_03:00:00   7.9729e-01   1.5556e+02   1.6125e+01   0.0000e+00   2.8572e-02   2.8726e+02
20230817_06:00:00   8.1565e-01   1.5750e+02   1.5592e+01   1.8304e-02   4.2048e-03   2.8802e+02
20230817_09:00:00   7.4181e-01   1.4867e+02   1.4859e+01   0.0000e+00   8.3862e-04   2.8825e+02
20230817_12:00:00   7.2918e-01   1.4680e+02   1.4564e+01   0.0000e+00   4.7950e-04   2.8816e+02
20230817_15:00:00   7.2186e-01   1.4618e+02   1.3879e+01   0.0000e+00   0.0000e+00   2.9065e+02
20230817_18:00:00   8.0910e-01   1.5671e+02   1.5391e+01   0.0000e+00   1.9572e-04   2.9153e+02
20230817_21:00:00   8.4784e-01   1.6151e+02   1.5645e+01   6.4665e-04   1.4642e-02   2.9342e+02
20230818_00:00:00   8.6351e-01   1.6264e+02   1.6688e+01   4.5951e-03   8.4291e-03   2.9184e+02
20230818_03:00:00   7.7491e-01   1.5173e+02   1.5744e+01   0.0000e+00   3.4947e-02   2.9114e+02
20230818_06:00:00   6.9200e-01   1.4060e+02   1.4275e+01   0.0000e+00   4.4103e-03   2.9355e+02
20230818_09:00:00   6.4598e-01   1.3359e+02   1.3588e+01   1.2900e-06   1.9280e-04   2.8935e+02
20230818_12:00:00   5.9474e-01   1.2642e+02   1.2586e+01   0.0000e+00   0.0000e+00   2.8964e+02
20230818_15:00:00   6.2486e-01   1.3087e+02   1.2992e+01   1.0520e-04   5.7463e-04   2.9149e+02
20230818_18:00:00   6.9451e-01   1.4066e+02   1.3970e+01   5.3740e-03   2.0122e-03   2.8892e+02
20230818_21:00:00   6.9280e-01   1.4063e+02   1.3920e+01   9.2410e-05   6.0042e-03   2.8611e+02
20230819_00:00:00   6.5700e-01   1.3568e+02   1.3537e+01   0.0000e+00   6.5136e-03   2.8536e+02
20230819_03:00:00   6.1087e-01   1.2906e+02   1.2728e+01   0.0000e+00   2.8103e-02   2.8863e+02
20230819_06:00:00   6.6766e-01   1.3709e+02   1.3536e+01   0.0000e+00   1.8650e-02   2.8901e+02
20230819_09:00:00   7.4968e-01   1.4801e+02   1.4890e+01   0.0000e+00   1.6689e-03   2.8703e+02
20230819_12:00:00   9.2139e-01   1.6784e+02   1.7893e+01   8.7067e-05   3.1632e-02   2.8405e+02
20230819_15:00:00   1.2243e+00   1.9560e+02   2.0708e+01   5.3643e-02   2.9495e-01   2.8041e+02
20230819_18:00:00   1.7014e+00   2.2621e+02   2.1206e+01   2.4071e-01   4.0665e-01   2.7976e+02
20230819_21:00:00   3.6345e+00   2.6947e+02   2.2730e+01   1.0027e+00   8.7671e-01   2.7939e+02
20230820_00:00:00   2.6749e+00   2.5829e+02   2.2090e+01   6.0559e-01   2.7287e-01   2.7892e+02
20230820_03:00:00   2.1114e+00   2.4392e+02   2.1592e+01   3.9008e-01   9.1616e-02   2.7848e+02
20230820_06:00:00   1.4260e+00   2.1137e+02   2.1050e+01   1.2439e-01   1.0856e-03   2.7922e+02
20230820_09:00:00   1.1025e+00   1.8632e+02   2.0487e+01   2.3463e-03   4.1140e-03   2.7686e+02
20230820_12:00:00   1.2584e+00   1.9927e+02   2.0181e+01   7.3240e-02   5.0451e-04   2.7771e+02
20230820_15:00:00   1.0130e+00   1.7838e+02   1.8413e+01   6.3400e-03   2.4252e-04   2.7956e+02
20230820_18:00:00   9.5545e-01   1.7291e+02   1.7445e+01   1.3490e-03   0.0000e+00   2.7873e+02
20230820_21:00:00   1.4162e+00   2.1293e+02   1.8524e+01   1.5964e-01   0.0000e+00   2.7836e+02
20230821_00:00:00   1.9618e+00   2.4147e+02   1.9597e+01   3.5732e-01   8.5360e-07   2.7925e+02
20230821_03:00:00   1.2878e+00   2.0325e+02   1.9648e+01   9.4460e-02   3.4543e-02   2.8074e+02
20230821_06:00:00   1.0344e+00   1.8136e+02   1.8408e+01   1.7358e-02   6.7460e-05   2.7966e+02
20230821_09:00:00   1.0214e+00   1.7969e+02   1.9231e+01   0.0000e+00   1.3892e-04   2.7755e+02
20230821_12:00:00   1.0818e+00   1.8532e+02   2.0151e+01   0.0000e+00   1.0940e-03   2.7650e+02
20230821_15:00:00   1.1011e+00   1.8726e+02   2.0224e+01   0.0000e+00   8.6672e-04   2.7754e+02
20230821_18:00:00   1.1219e+00   1.8982e+02   1.9742e+01   1.9070e-02   0.0000e+00   2.7658e+02
20230821_21:00:00   1.8216e+00   2.3670e+02   2.0354e+01   2.7564e-01   1.6076e-05   2.7577e+02
20230822_00:00:00   1.1802e+00   1.9564e+02   1.9480e+01   4.6985e-02   0.0000e+00   2.7351e+02
