#            date       tau255        Tb[K]      pwv[mm] lwp[kg*m^-2] iwp[kg*m^-2]       o3[DU]
20240703_12:00:00   8.5501e-01   1.6176e+02   1.6482e+01   0.0000e+00   9.6295e-03   2.9038e+02
20240703_13:00:00   8.4584e-01   1.6063e+02   1.6313e+01   0.0000e+00   1.4962e-03   2.9114e+02
20240703_14:00:00   8.2668e-01   1.5840e+02   1.5890e+01   0.0000e+00   7.1522e-04   2.9148e+02
20240703_15:00:00   8.0146e-01   1.5540e+02   1.5364e+01   0.0000e+00   9.1670e-04   2.9083e+02
20240703_16:00:00   7.8558e-01   1.5350e+02   1.4972e+01   0.0000e+00   1.7449e-03   2.8860e+02
20240703_17:00:00   7.4103e-01   1.4793e+02   1.4184e+01   0.0000e+00   1.1716e-04   2.8876e+02
20240703_18:00:00   7.3199e-01   1.4686e+02   1.3928e+01   3.2920e-04   3.0358e-04   2.8708e+02
20240703_19:00:00   7.4588e-01   1.4886e+02   1.4012e+01   8.5840e-06   1.1366e-04   2.8781e+02
20240703_20:00:00   7.6346e-01   1.5133e+02   1.4001e+01   5.1973e-03   2.6128e-04   2.8708e+02
20240703_21:00:00   8.6752e-01   1.6396e+02   1.3502e+01   5.9723e-02   2.5830e-04   2.8652e+02
20240703_22:00:00   9.9313e-01   1.7702e+02   1.2889e+01   1.3274e-01   1.2123e-03   2.8797e+02
20240703_23:00:00   6.6111e-01   1.3790e+02   1.2187e+01   1.3609e-02   1.0478e-02   2.8771e+02
20240704_00:00:00   6.0036e-01   1.2933e+02   1.1490e+01   2.8603e-03   1.1176e-03   2.8823e+02
20240704_01:00:00   6.5958e-01   1.3794e+02   1.2436e+01   1.6525e-03   1.5909e-03   2.8768e+02
20240704_02:00:00   1.6492e+00   2.2458e+02   1.4793e+01   3.5698e-01   2.5542e-02   2.8670e+02
20240704_03:00:00   2.0274e+00   2.4089e+02   1.5457e+01   4.9698e-01   5.1481e-02   2.8753e+02
20240704_04:00:00   7.7034e-01   1.5200e+02   1.3386e+01   2.8530e-02   2.1431e-02   2.8791e+02
20240704_05:00:00   6.5311e-01   1.3640e+02   1.2757e+01   2.5504e-05   6.9315e-03   2.8758e+02
20240704_06:00:00   6.1584e-01   1.3075e+02   1.2380e+01   0.0000e+00   1.4248e-02   2.8802e+02
20240704_07:00:00   6.0486e-01   1.2902e+02   1.2195e+01   0.0000e+00   4.8610e-03   2.8748e+02
20240704_08:00:00   5.4177e-01   1.1938e+02   1.1069e+01   0.0000e+00   2.5478e-03   2.8938e+02
20240704_09:00:00   4.9659e-01   1.1207e+02   1.0219e+01   0.0000e+00   9.5310e-04   2.9067e+02
20240704_10:00:00   4.4596e-01   1.0335e+02   9.3525e+00   0.0000e+00   3.9570e-04   2.9166e+02
20240704_11:00:00   4.3345e-01   1.0104e+02   9.1565e+00   0.0000e+00   4.3569e-04   2.9113e+02
20240704_12:00:00   3.9666e-01   9.4290e+01   8.4607e+00   0.0000e+00   1.7452e-03   2.9080e+02
20240704_13:00:00   3.6652e-01   8.8575e+01   7.8406e+00   0.0000e+00   3.0720e-04   2.9193e+02
20240704_14:00:00   3.4379e-01   8.4259e+01   7.3499e+00   0.0000e+00   4.0284e-04   2.9226e+02
20240704_15:00:00   3.1836e-01   7.9297e+01   6.8193e+00   0.0000e+00   1.2256e-04   2.9279e+02
20240704_16:00:00   2.9861e-01   7.5436e+01   6.4211e+00   0.0000e+00   7.5719e-05   2.9237e+02
20240704_17:00:00   2.8152e-01   7.2147e+01   6.0491e+00   0.0000e+00   1.0303e-04   2.9146e+02
20240704_18:00:00   2.8435e-01   7.2936e+01   6.0582e+00   0.0000e+00   2.6360e-05   2.9185e+02
20240704_19:00:00   2.9151e-01   7.4546e+01   6.1722e+00   0.0000e+00   3.9156e-06   2.9346e+02
20240704_20:00:00   3.2218e-01   8.0856e+01   6.7592e+00   0.0000e+00   3.3120e-06   2.9288e+02
20240704_21:00:00   4.3043e-01   1.0110e+02   8.8926e+00   0.0000e+00   2.9120e-05   2.9112e+02
20240704_22:00:00   5.1552e-01   1.1555e+02   1.0514e+01   0.0000e+00   5.1000e-05   2.8935e+02
20240704_23:00:00   5.5026e-01   1.2111e+02   1.1198e+01   0.0000e+00   1.1232e-04   2.8898e+02
20240705_00:00:00   5.3316e-01   1.1861e+02   1.0918e+01   0.0000e+00   1.3409e-04   2.9023e+02
20240705_01:00:00   4.6017e-01   1.0642e+02   9.6578e+00   0.0000e+00   9.5200e-05   2.8916e+02
20240705_02:00:00   4.2931e-01   1.0088e+02   9.0907e+00   0.0000e+00   2.7120e-05   2.9014e+02
20240705_03:00:00   3.9731e-01   9.4806e+01   8.5104e+00   0.0000e+00   3.0387e-05   2.8916e+02
20240705_04:00:00   3.7104e-01   8.9763e+01   7.9984e+00   0.0000e+00   3.3240e-05   2.8905e+02
20240705_05:00:00   3.1716e-01   7.9177e+01   6.9203e+00   0.0000e+00   1.7072e-06   2.9068e+02
20240705_06:00:00   2.9783e-01   7.5284e+01   6.5000e+00   0.0000e+00   1.2634e-05   2.9009e+02
20240705_07:00:00   2.8055e-01   7.1915e+01   6.1076e+00   0.0000e+00   8.5360e-07   2.9173e+02
20240705_08:00:00   2.5259e-01   6.6142e+01   5.5099e+00   0.0000e+00   0.0000e+00   2.9219e+02
20240705_09:00:00   2.3130e-01   6.1621e+01   5.0444e+00   0.0000e+00   0.0000e+00   2.9327e+02
20240705_10:00:00   2.3490e-01   6.2407e+01   5.1097e+00   0.0000e+00   0.0000e+00   2.9307e+02
20240705_11:00:00   2.3644e-01   6.2723e+01   5.1263e+00   0.0000e+00   0.0000e+00   2.9359e+02
20240705_12:00:00   2.3220e-01   6.1679e+01   5.0489e+00   0.0000e+00   0.0000e+00   2.9358e+02
20240705_13:00:00   2.2614e-01   6.0315e+01   4.9114e+00   0.0000e+00   0.0000e+00   2.9106e+02
20240705_14:00:00   2.3055e-01   6.1436e+01   4.9571e+00   0.0000e+00   0.0000e+00   2.9162e+02
20240705_15:00:00   2.2777e-01   6.0942e+01   4.8574e+00   0.0000e+00   0.0000e+00   2.9505e+02
20240705_16:00:00   2.1046e-01   5.7160e+01   4.4867e+00   0.0000e+00   0.0000e+00   2.9612e+02
20240705_17:00:00   1.9866e-01   5.4541e+01   4.2396e+00   0.0000e+00   0.0000e+00   2.9818e+02
20240705_18:00:00   2.0268e-01   5.5509e+01   4.3089e+00   0.0000e+00   0.0000e+00   2.9600e+02
20240705_19:00:00   2.4005e-01   6.3752e+01   5.0876e+00   0.0000e+00   0.0000e+00   2.9343e+02
20240705_20:00:00   2.7229e-01   7.0502e+01   5.7902e+00   0.0000e+00   0.0000e+00   2.9323e+02
20240705_21:00:00   3.3107e-01   8.2276e+01   7.0275e+00   0.0000e+00   1.7668e-06   2.9255e+02
20240705_22:00:00   3.4889e-01   8.5639e+01   7.4301e+00   0.0000e+00   4.0640e-05   2.9160e+02
20240705_23:00:00   3.5401e-01   8.6545e+01   7.5857e+00   0.0000e+00   8.8340e-07   2.9264e+02
20240706_00:00:00   3.5566e-01   8.6795e+01   7.6913e+00   0.0000e+00   0.0000e+00   2.9291e+02
20240706_01:00:00   3.3445e-01   8.2705e+01   7.3139e+00   0.0000e+00   0.0000e+00   2.9423e+02
20240706_02:00:00   3.1373e-01   7.8740e+01   6.8792e+00   0.0000e+00   0.0000e+00   2.9628e+02
20240706_03:00:00   3.5516e-01   8.6905e+01   7.6710e+00   0.0000e+00   0.0000e+00   2.9435e+02
20240706_04:00:00   3.9295e-01   9.4069e+01   8.3435e+00   0.0000e+00   0.0000e+00   2.9478e+02
20240706_05:00:00   3.6917e-01   8.9556e+01   7.8749e+00   0.0000e+00   0.0000e+00   2.9471e+02
20240706_06:00:00   2.8819e-01   7.3378e+01   6.3163e+00   0.0000e+00   0.0000e+00   2.9600e+02
20240706_07:00:00   2.5394e-01   6.6341e+01   5.5772e+00   0.0000e+00   0.0000e+00   2.9516e+02
20240706_08:00:00   2.4308e-01   6.4250e+01   5.2875e+00   0.0000e+00   0.0000e+00   2.9312e+02
20240706_09:00:00   2.4118e-01   6.4063e+01   5.1632e+00   0.0000e+00   0.0000e+00   2.9228e+02
20240706_10:00:00   2.3103e-01   6.1954e+01   4.8908e+00   0.0000e+00   0.0000e+00   2.9125e+02
20240706_11:00:00   2.3542e-01   6.2934e+01   4.9392e+00   0.0000e+00   0.0000e+00   2.9151e+02
20240706_12:00:00   2.3444e-01   6.2713e+01   4.9059e+00   0.0000e+00   0.0000e+00   2.9303e+02
20240706_13:00:00   2.5116e-01   6.6343e+01   5.2033e+00   0.0000e+00   0.0000e+00   2.9242e+02
20240706_14:00:00   2.3744e-01   6.3334e+01   4.9402e+00   0.0000e+00   0.0000e+00   2.9303e+02
20240706_15:00:00   2.3383e-01   6.2510e+01   4.8650e+00   0.0000e+00   0.0000e+00   2.9405e+02
20240706_16:00:00   2.4586e-01   6.5077e+01   5.1114e+00   0.0000e+00   0.0000e+00   2.9416e+02
20240706_17:00:00   2.5545e-01   6.7136e+01   5.2845e+00   0.0000e+00   0.0000e+00   2.9316e+02
20240706_18:00:00   2.5861e-01   6.7872e+01   5.3320e+00   0.0000e+00   0.0000e+00   2.9336e+02
20240706_19:00:00   3.0283e-01   7.7166e+01   6.1655e+00   0.0000e+00   0.0000e+00   2.9319e+02
20240706_20:00:00   3.9326e-01   9.4715e+01   7.8797e+00   0.0000e+00   0.0000e+00   2.9254e+02
20240706_21:00:00   4.2952e-01   1.0122e+02   8.6517e+00   0.0000e+00   0.0000e+00   2.9336e+02
20240706_22:00:00   4.2891e-01   1.0104e+02   8.7364e+00   0.0000e+00   4.7302e-05   2.9420e+02
20240706_23:00:00   4.2509e-01   1.0031e+02   8.7446e+00   0.0000e+00   3.0042e-05   2.9287e+02
20240707_00:00:00   4.7086e-01   1.0815e+02   9.6362e+00   1.5466e-03   1.3824e-04   2.9271e+02
20240707_01:00:00   4.6188e-01   1.0653e+02   9.6423e+00   0.0000e+00   0.0000e+00   2.9218e+02
20240707_02:00:00   4.4054e-01   1.0283e+02   9.2329e+00   0.0000e+00   0.0000e+00   2.9183e+02
20240707_03:00:00   4.3002e-01   1.0099e+02   8.9814e+00   0.0000e+00   0.0000e+00   2.9178e+02
20240707_04:00:00   4.4834e-01   1.0429e+02   9.2504e+00   0.0000e+00   0.0000e+00   2.9438e+02
20240707_05:00:00   3.8225e-01   9.2628e+01   7.9045e+00   0.0000e+00   0.0000e+00   2.9534e+02
20240707_06:00:00   3.4462e-01   8.5426e+01   7.1695e+00   0.0000e+00   0.0000e+00   2.9718e+02
20240707_07:00:00   2.9947e-01   7.6317e+01   6.3511e+00   0.0000e+00   0.0000e+00   2.9701e+02
20240707_08:00:00   2.7777e-01   7.1707e+01   5.9487e+00   0.0000e+00   0.0000e+00   2.9665e+02
20240707_09:00:00   2.6743e-01   6.9617e+01   5.6990e+00   0.0000e+00   0.0000e+00   2.9498e+02
20240707_10:00:00   2.7385e-01   7.0868e+01   5.8320e+00   0.0000e+00   0.0000e+00   2.9342e+02
20240707_11:00:00   2.5522e-01   6.6978e+01   5.4367e+00   0.0000e+00   0.0000e+00   2.9640e+02
20240707_12:00:00   2.2401e-01   6.0188e+01   4.8087e+00   0.0000e+00   0.0000e+00   2.9575e+02
20240707_13:00:00   2.2978e-01   6.1483e+01   4.9128e+00   0.0000e+00   0.0000e+00   2.9669e+02
20240707_14:00:00   2.2343e-01   6.0025e+01   4.8123e+00   0.0000e+00   0.0000e+00   2.9657e+02
20240707_15:00:00   2.1837e-01   5.8877e+01   4.7262e+00   0.0000e+00   0.0000e+00   2.9767e+02
20240707_16:00:00   2.0104e-01   5.4963e+01   4.3896e+00   0.0000e+00   0.0000e+00   2.9757e+02
20240707_17:00:00   1.8443e-01   5.1199e+01   4.0379e+00   0.0000e+00   0.0000e+00   2.9685e+02
20240707_18:00:00   1.7138e-01   4.8298e+01   3.7259e+00   0.0000e+00   0.0000e+00   2.9535e+02
20240707_19:00:00   2.0026e-01   5.5158e+01   4.2517e+00   0.0000e+00   0.0000e+00   2.9617e+02
20240707_20:00:00   2.5490e-01   6.7148e+01   5.4366e+00   0.0000e+00   0.0000e+00   2.9742e+02
20240707_21:00:00   3.3482e-01   8.3675e+01   7.0499e+00   0.0000e+00   0.0000e+00   2.9496e+02
20240707_22:00:00   3.9740e-01   9.5763e+01   8.2909e+00   0.0000e+00   0.0000e+00   2.9507e+02
20240707_23:00:00   4.3868e-01   1.0326e+02   9.1117e+00   0.0000e+00   0.0000e+00   2.9738e+02
20240708_00:00:00   4.6654e-01   1.0807e+02   9.6856e+00   0.0000e+00   0.0000e+00   2.9832e+02
20240708_01:00:00   4.8123e-01   1.1050e+02   1.0045e+01   0.0000e+00   0.0000e+00   2.9825e+02
20240708_02:00:00   4.1428e-01   9.8707e+01   8.8506e+00   0.0000e+00   0.0000e+00   2.9829e+02
20240708_03:00:00   2.9842e-01   7.6183e+01   6.6014e+00   0.0000e+00   0.0000e+00   2.9954e+02
20240708_04:00:00   2.8031e-01   7.1923e+01   6.3416e+00   0.0000e+00   0.0000e+00   3.0074e+02
20240708_05:00:00   2.8103e-01   7.2048e+01   6.3570e+00   0.0000e+00   0.0000e+00   3.0046e+02
20240708_06:00:00   2.9975e-01   7.5966e+01   6.7096e+00   0.0000e+00   0.0000e+00   3.0198e+02
20240708_07:00:00   3.2028e-01   7.9886e+01   7.1749e+00   0.0000e+00   0.0000e+00   3.0187e+02
20240708_08:00:00   3.4250e-01   8.4266e+01   7.6176e+00   0.0000e+00   0.0000e+00   3.0089e+02
20240708_09:00:00   3.4726e-01   8.5539e+01   7.6396e+00   0.0000e+00   0.0000e+00   3.0017e+02
20240708_10:00:00   3.1219e-01   7.8629e+01   6.9236e+00   0.0000e+00   0.0000e+00   3.0045e+02
20240708_11:00:00   2.5661e-01   6.6837e+01   5.7990e+00   0.0000e+00   0.0000e+00   3.0146e+02
20240708_12:00:00   1.9831e-01   5.3495e+01   4.5425e+00   0.0000e+00   0.0000e+00   3.0070e+02
20240708_15:00:00   2.0236e-01   5.4810e+01   4.5796e+00   0.0000e+00   0.0000e+00   3.0500e+02
20240708_18:00:00   2.7372e-01   7.0026e+01   6.2082e+00   0.0000e+00   0.0000e+00   3.0453e+02
20240708_21:00:00   3.4642e-01   8.4564e+01   7.7744e+00   0.0000e+00   4.8140e-04   3.0399e+02
20240709_00:00:00   4.7173e-01   1.0752e+02   9.7121e+00   1.3916e-02   2.0184e-02   3.0347e+02
20240709_03:00:00   5.8858e-01   1.2660e+02   1.2202e+01   0.0000e+00   3.3849e-02   3.0488e+02
20240709_06:00:00   4.7103e-01   1.0800e+02   9.9103e+00   0.0000e+00   0.0000e+00   3.0918e+02
20240709_09:00:00   4.2747e-01   9.9889e+01   9.1665e+00   0.0000e+00   2.0255e-04   3.0806e+02
20240709_12:00:00   3.9388e-01   9.3446e+01   8.4900e+00   0.0000e+00   0.0000e+00   3.1250e+02
20240709_15:00:00   4.0874e-01   9.6452e+01   8.5771e+00   0.0000e+00   3.1140e-05   3.1738e+02
20240709_18:00:00   4.0991e-01   9.6714e+01   8.5290e+00   0.0000e+00   5.7480e-06   3.1233e+02
20240709_21:00:00   6.2782e-01   1.3267e+02   1.2107e+01   1.9222e-03   2.2722e-03   3.1228e+02
20240710_00:00:00   5.9421e-01   1.2602e+02   1.2530e+01   0.0000e+00   2.4465e-01   3.0824e+02
20240710_03:00:00   6.9486e-01   1.4043e+02   1.4395e+01   0.0000e+00   4.0165e-02   3.0796e+02
20240710_06:00:00   5.7525e-01   1.2378e+02   1.2002e+01   0.0000e+00   1.2451e-02   3.0908e+02
20240710_09:00:00   4.2021e-01   9.8299e+01   9.0137e+00   0.0000e+00   1.6518e-03   3.0370e+02
20240710_12:00:00   4.6024e-01   1.0514e+02   9.8384e+00   0.0000e+00   0.0000e+00   3.0492e+02
20240710_15:00:00   5.5069e-01   1.1974e+02   1.1509e+01   0.0000e+00   0.0000e+00   3.0572e+02
20240710_18:00:00   6.2491e-01   1.3111e+02   1.2640e+01   0.0000e+00   0.0000e+00   3.0172e+02
20240710_21:00:00   7.1390e-01   1.4425e+02   1.3801e+01   3.5920e-05   0.0000e+00   3.0468e+02
20240711_00:00:00   9.8497e-01   1.7551e+02   1.5613e+01   7.3364e-02   4.3829e-03   3.0421e+02
20240711_03:00:00   1.0216e+00   1.7848e+02   1.6927e+01   6.0009e-02   2.2063e-01   3.0282e+02
20240711_06:00:00   6.7182e-01   1.3792e+02   1.3567e+01   0.0000e+00   2.8073e-02   3.0510e+02
20240711_09:00:00   4.9898e-01   1.1204e+02   1.0283e+01   0.0000e+00   1.1636e-03   3.0529e+02
20240711_12:00:00   4.4542e-01   1.0303e+02   9.2109e+00   0.0000e+00   6.5120e-05   3.0312e+02
20240711_15:00:00   4.3788e-01   1.0219e+02   8.6065e+00   0.0000e+00   0.0000e+00   3.0750e+02
20240711_18:00:00   4.3132e-01   1.0112e+02   8.2424e+00   0.0000e+00   0.0000e+00   3.0627e+02
20240711_21:00:00   4.0954e-01   9.7524e+01   7.7460e+00   0.0000e+00   0.0000e+00   3.0674e+02
20240712_00:00:00   4.0953e-01   9.7534e+01   7.9998e+00   0.0000e+00   0.0000e+00   3.0652e+02
20240712_03:00:00   4.0834e-01   9.7347e+01   7.9665e+00   0.0000e+00   0.0000e+00   3.0665e+02
20240712_06:00:00   4.2387e-01   1.0009e+02   8.1190e+00   0.0000e+00   0.0000e+00   3.0876e+02
20240712_09:00:00   2.7437e-01   7.0909e+01   5.5519e+00   0.0000e+00   0.0000e+00   3.0662e+02
20240712_12:00:00   2.4008e-01   6.3546e+01   4.8895e+00   0.0000e+00   0.0000e+00   3.0255e+02
20240712_15:00:00   2.3389e-01   6.2199e+01   4.7962e+00   0.0000e+00   0.0000e+00   3.0495e+02
20240712_18:00:00   2.0749e-01   5.6357e+01   4.2204e+00   0.0000e+00   0.0000e+00   3.0201e+02
20240712_21:00:00   5.2708e-01   1.1787e+02   9.7440e+00   0.0000e+00   0.0000e+00   3.0019e+02
20240713_00:00:00   6.3200e-01   1.3428e+02   1.1693e+01   0.0000e+00   0.0000e+00   2.9702e+02
20240713_03:00:00   7.0464e-01   1.4425e+02   1.2872e+01   7.9040e-05   0.0000e+00   2.9780e+02
20240713_06:00:00   5.9193e-01   1.2807e+02   1.1051e+01   0.0000e+00   0.0000e+00   2.9891e+02
20240713_09:00:00   5.9350e-01   1.2775e+02   1.1236e+01   0.0000e+00   0.0000e+00   2.9843e+02
20240713_12:00:00   7.2882e-01   1.4649e+02   1.3759e+01   0.0000e+00   2.2080e-06   2.9534e+02
20240713_15:00:00   6.8164e-01   1.4000e+02   1.3248e+01   0.0000e+00   0.0000e+00   2.9652e+02
20240713_18:00:00   6.9524e-01   1.4194e+02   1.3427e+01   0.0000e+00   0.0000e+00   2.9597e+02
20240713_21:00:00   6.9829e-01   1.4314e+02   1.3053e+01   1.6730e-04   0.0000e+00   2.9560e+02
20240714_00:00:00   7.4491e-01   1.4966e+02   1.3990e+01   0.0000e+00   0.0000e+00   2.9191e+02
20240714_03:00:00   1.5808e+00   2.2233e+02   1.6624e+01   2.7604e-01   6.5054e-04   2.9021e+02
20240714_06:00:00   1.1845e+00   1.9520e+02   1.6176e+01   1.2420e-01   2.4248e-04   2.9240e+02
20240714_09:00:00   7.3082e-01   1.4736e+02   1.3845e+01   0.0000e+00   0.0000e+00   2.9066e+02
20240714_12:00:00   8.5546e-01   1.6201e+02   1.6541e+01   0.0000e+00   5.3845e-04   2.8887e+02
20240714_15:00:00   9.2298e-01   1.6951e+02   1.7542e+01   0.0000e+00   0.0000e+00   2.8972e+02
20240714_18:00:00   8.8521e-01   1.6549e+02   1.6902e+01   3.7640e-04   0.0000e+00   2.9100e+02
20240714_21:00:00   2.4963e+00   2.5727e+02   1.9375e+01   5.8623e-01   2.7417e-02   2.9015e+02
20240715_00:00:00   1.2141e+00   1.9587e+02   2.0174e+01   7.2119e-02   6.8142e-01   2.9052e+02
20240715_03:00:00   9.1886e-01   1.6882e+02   1.8461e+01   0.0000e+00   1.9762e-01   2.9138e+02
20240715_06:00:00   9.1298e-01   1.6813e+02   1.7935e+01   7.4800e-03   4.1056e-03   2.9198e+02
20240715_09:00:00   9.0976e-01   1.6769e+02   1.7801e+01   0.0000e+00   7.3051e-02   2.8996e+02
20240715_12:00:00   7.8887e-01   1.5374e+02   1.5729e+01   0.0000e+00   3.1765e-03   2.9314e+02
20240715_15:00:00   6.9528e-01   1.4199e+02   1.3763e+01   0.0000e+00   8.6883e-03   2.9540e+02
20240715_18:00:00   5.9249e-01   1.2794e+02   1.1144e+01   0.0000e+00   2.2700e-03   2.9453e+02
20240715_21:00:00   9.3903e-01   1.7288e+02   1.3829e+01   6.4302e-02   1.0630e-03   2.9265e+02
20240716_00:00:00   1.0818e+00   1.8689e+02   1.5077e+01   9.5243e-02   1.3272e-02   2.9244e+02
20240716_03:00:00   1.6155e+00   2.2597e+02   1.6276e+01   2.7345e-01   5.3967e-04   2.9298e+02
20240716_06:00:00   6.3536e-01   1.3473e+02   1.1958e+01   0.0000e+00   6.6131e-03   2.9393e+02
20240716_09:00:00   6.9636e-01   1.4292e+02   1.3325e+01   0.0000e+00   7.4690e-03   2.9208e+02
20240716_12:00:00   6.9464e-01   1.4259e+02   1.3236e+01   0.0000e+00   5.9364e-05   2.9219e+02
20240716_15:00:00   7.2937e-01   1.4706e+02   1.4048e+01   0.0000e+00   3.9380e-05   2.9710e+02
20240716_18:00:00   7.5933e-01   1.5103e+02   1.4473e+01   2.9473e-04   7.6260e-04   2.9830e+02
20240716_21:00:00   1.4641e+00   2.1705e+02   1.8062e+01   1.7763e-01   3.2389e-02   2.9702e+02
20240717_00:00:00   1.0350e+00   1.8133e+02   1.8969e+01   1.9789e-02   2.1209e-01   2.9770e+02
20240717_03:00:00   2.1404e+00   2.4842e+02   2.1569e+01   3.8442e-01   1.0817e-01   2.9769e+02
20240717_06:00:00   1.0190e+00   1.7939e+02   1.9585e+01   3.7177e-05   1.0985e-02   2.9713e+02
20240717_09:00:00   8.9825e-01   1.6656e+02   1.7508e+01   0.0000e+00   7.5477e-02   2.9896e+02
20240717_12:00:00   8.2724e-01   1.5856e+02   1.6387e+01   0.0000e+00   5.2186e-04   2.9811e+02
20240717_15:00:00   9.0519e-01   1.6744e+02   1.7402e+01   0.0000e+00   7.0036e-04   2.9898e+02
20240717_18:00:00   1.0033e+00   1.7763e+02   1.8946e+01   3.4518e-03   2.9007e-03   2.9780e+02
20240717_21:00:00   9.8500e-01   1.7696e+02   1.7263e+01   3.3508e-02   6.1383e-05   2.9909e+02
20240718_00:00:00   1.0094e+00   1.7852e+02   1.8852e+01   6.7661e-03   2.2357e-01   2.9455e+02
20240718_03:00:00   1.9518e+00   2.3853e+02   2.3104e+01   2.9297e-01   7.8471e-01   2.9336e+02
20240718_06:00:00   1.1454e+00   1.9002e+02   2.1111e+01   1.9572e-02   2.2296e-01   2.9416e+02
20240718_09:00:00   1.2023e+00   1.9457e+02   2.0744e+01   4.5586e-02   3.4659e-02   2.9488e+02
20240718_12:00:00   1.3052e+00   2.0299e+02   2.0185e+01   1.0240e-01   2.3896e-02   2.9664e+02
20240718_15:00:00   1.0042e+00   1.7735e+02   1.9140e+01   2.0522e-03   1.2737e-03   2.9667e+02
20240718_18:00:00   1.0769e+00   1.8423e+02   1.9890e+01   1.5003e-02   1.2076e-03   2.9543e+02
20240718_21:00:00   1.1368e+00   1.8974e+02   2.0981e+01   1.2825e-02   7.0865e-03   2.9409e+02
20240719_00:00:00   1.8299e+00   2.3558e+02   2.2176e+01   2.5246e-01   7.1894e-02   2.9258e+02
20240719_03:00:00   2.0085e+00   2.4235e+02   2.2259e+01   3.2279e-01   3.2383e-01   2.9337e+02
20240719_06:00:00   1.0568e+00   1.8201e+02   2.0435e+01   1.7360e-03   1.6267e-01   2.9612e+02
20240719_09:00:00   1.0984e+00   1.8576e+02   2.0975e+01   1.4494e-04   9.3277e-03   2.9508e+02
20240719_12:00:00   1.0698e+00   1.8346e+02   2.0639e+01   1.0426e-03   7.7901e-03   2.9784e+02
