#            date       tau255        Tb[K]      pwv[mm] lwp[kg*m^-2] iwp[kg*m^-2]       o3[DU]
20241128_00:00:00   4.2254e-01   9.4970e+01   8.4016e+00   0.0000e+00   7.2270e-02   2.7476e+02
20241128_01:00:00   4.1413e-01   9.3764e+01   8.1802e+00   5.9760e-05   5.4738e-02   2.7341e+02
20241128_02:00:00   3.5441e-01   8.3158e+01   7.0937e+00   0.0000e+00   3.9668e-02   2.7266e+02
20241128_03:00:00   2.8319e-01   6.9465e+01   5.7882e+00   0.0000e+00   1.1008e-01   2.6945e+02
20241128_04:00:00   2.5767e-01   6.4218e+01   5.3327e+00   0.0000e+00   6.5460e-02   2.6840e+02
20241128_05:00:00   2.5419e-01   6.3411e+01   5.2765e+00   0.0000e+00   8.7691e-02   2.6617e+02
20241128_06:00:00   2.5429e-01   6.3406e+01   5.2812e+00   0.0000e+00   8.4176e-02   2.6248e+02
20241128_07:00:00   2.5297e-01   6.3113e+01   5.2786e+00   0.0000e+00   8.1060e-02   2.6026e+02
20241128_08:00:00   2.5460e-01   6.3446e+01   5.2942e+00   0.0000e+00   8.6478e-02   2.5906e+02
20241128_09:00:00   2.6594e-01   6.5696e+01   5.5290e+00   0.0000e+00   4.7850e-02   2.5707e+02
20241128_10:00:00   2.8008e-01   6.8461e+01   5.8171e+00   0.0000e+00   2.3569e-02   2.5732e+02
20241128_11:00:00   2.9833e-01   7.2035e+01   6.1401e+00   0.0000e+00   2.6857e-02   2.5641e+02
20241128_12:00:00   3.0976e-01   7.4354e+01   6.3052e+00   0.0000e+00   7.3627e-03   2.5727e+02
20241128_13:00:00   3.1304e-01   7.5092e+01   6.2701e+00   0.0000e+00   2.5714e-03   2.5837e+02
20241128_14:00:00   2.8642e-01   7.0055e+01   5.7432e+00   0.0000e+00   2.2506e-03   2.5844e+02
20241128_15:00:00   2.7084e-01   6.6978e+01   5.4391e+00   0.0000e+00   3.1720e-03   2.5865e+02
20241128_16:00:00   2.6602e-01   6.5991e+01   5.3456e+00   0.0000e+00   3.5563e-03   2.6101e+02
20241128_17:00:00   2.6786e-01   6.6349e+01   5.3813e+00   0.0000e+00   2.6964e-03   2.6214e+02
20241128_18:00:00   2.5854e-01   6.4498e+01   5.1927e+00   0.0000e+00   1.9392e-03   2.6355e+02
20241128_19:00:00   2.4003e-01   6.0710e+01   4.8360e+00   0.0000e+00   9.2616e-04   2.6503e+02
20241128_20:00:00   2.3549e-01   5.9698e+01   4.7409e+00   0.0000e+00   4.8522e-03   2.6570e+02
20241128_21:00:00   2.2416e-01   5.7405e+01   4.4699e+00   0.0000e+00   4.4862e-04   2.6606e+02
20241128_22:00:00   2.0834e-01   5.4157e+01   4.1119e+00   0.0000e+00   1.0774e-03   2.6434e+02
20241128_23:00:00   1.8911e-01   5.0061e+01   3.7040e+00   0.0000e+00   5.8400e-04   2.6415e+02
20241129_00:00:00   1.6862e-01   4.5577e+01   3.2861e+00   0.0000e+00   1.1588e-03   2.6492e+02
20241129_01:00:00   1.4224e-01   3.9632e+01   2.7662e+00   0.0000e+00   2.6020e-03   2.6824e+02
20241129_02:00:00   1.2257e-01   3.5045e+01   2.3841e+00   0.0000e+00   4.0700e-03   2.6764e+02
20241129_03:00:00   1.0931e-01   3.1910e+01   2.1132e+00   0.0000e+00   4.4252e-03   2.6617e+02
20241129_04:00:00   1.0100e-01   2.9843e+01   1.9574e+00   0.0000e+00   4.6756e-03   2.6576e+02
20241129_05:00:00   8.6895e-02   2.6325e+01   1.7033e+00   0.0000e+00   4.6360e-03   2.6695e+02
20241129_06:00:00   8.6704e-02   2.6212e+01   1.7276e+00   0.0000e+00   4.3356e-03   2.6676e+02
20241129_07:00:00   8.2146e-02   2.5058e+01   1.6451e+00   0.0000e+00   4.2970e-03   2.6629e+02
20241129_08:00:00   8.5004e-02   2.5670e+01   1.7351e+00   0.0000e+00   5.9233e-03   2.6364e+02
20241129_09:00:00   8.9460e-02   2.6659e+01   1.8627e+00   0.0000e+00   7.6233e-03   2.6404e+02
20241129_10:00:00   9.5560e-02   2.8085e+01   2.0125e+00   0.0000e+00   7.5720e-03   2.6437e+02
20241129_11:00:00   1.0184e-01   2.9491e+01   2.1828e+00   0.0000e+00   1.0384e-02   2.6637e+02
20241129_12:00:00   1.0653e-01   3.0561e+01   2.3124e+00   0.0000e+00   1.2512e-02   2.6706e+02
20241129_13:00:00   1.1098e-01   3.1543e+01   2.4328e+00   0.0000e+00   1.0712e-02   2.6681e+02
20241129_14:00:00   1.1989e-01   3.3563e+01   2.6509e+00   0.0000e+00   8.9260e-03   2.6779e+02
20241129_15:00:00   1.2742e-01   3.5254e+01   2.8329e+00   0.0000e+00   9.1555e-03   2.6774e+02
20241129_16:00:00   1.4094e-01   3.8236e+01   3.1599e+00   0.0000e+00   1.9728e-02   2.6883e+02
20241129_17:00:00   1.5783e-01   4.1905e+01   3.5619e+00   0.0000e+00   2.6676e-02   2.6971e+02
20241129_18:00:00   1.7156e-01   4.4899e+01   3.8820e+00   0.0000e+00   1.8460e-02   2.7140e+02
20241129_19:00:00   1.8836e-01   4.8548e+01   4.2474e+00   0.0000e+00   3.6416e-02   2.7057e+02
20241129_20:00:00   2.0909e-01   5.2983e+01   4.6910e+00   0.0000e+00   6.1715e-02   2.7059e+02
20241129_21:00:00   2.2857e-01   5.7091e+01   5.1093e+00   0.0000e+00   5.2605e-02   2.7048e+02
20241129_22:00:00   2.4914e-01   6.1330e+01   5.5216e+00   0.0000e+00   8.1976e-02   2.7081e+02
20241129_23:00:00   2.7094e-01   6.5768e+01   5.9661e+00   0.0000e+00   9.8991e-02   2.6922e+02
20241130_00:00:00   2.9457e-01   7.0425e+01   6.4107e+00   0.0000e+00   1.4934e-01   2.6812e+02
20241130_01:00:00   3.1788e-01   7.4922e+01   6.8409e+00   0.0000e+00   1.7626e-01   2.6930e+02
20241130_02:00:00   3.4923e-01   8.0835e+01   7.3726e+00   0.0000e+00   2.6795e-01   2.7073e+02
20241130_03:00:00   3.6443e-01   8.3716e+01   7.6677e+00   0.0000e+00   2.5108e-01   2.7116e+02
20241130_04:00:00   3.6977e-01   8.4740e+01   7.7856e+00   0.0000e+00   2.0217e-01   2.7191e+02
20241130_05:00:00   3.7269e-01   8.5345e+01   7.8502e+00   0.0000e+00   1.6841e-01   2.7242e+02
20241130_06:00:00   3.9565e-01   8.9511e+01   8.2479e+00   0.0000e+00   2.0258e-01   2.7451e+02
20241130_07:00:00   4.2542e-01   9.4913e+01   8.7700e+00   2.2080e-06   1.4040e-01   2.7250e+02
20241130_08:00:00   4.4453e-01   9.8391e+01   9.0366e+00   0.0000e+00   9.0596e-02   2.7011e+02
20241130_09:00:00   4.4710e-01   9.8943e+01   9.1019e+00   0.0000e+00   4.6297e-02   2.7151e+02
20241130_10:00:00   4.2068e-01   9.4664e+01   8.5538e+00   0.0000e+00   2.6313e-02   2.7064e+02
20241130_11:00:00   3.8163e-01   8.8089e+01   7.7321e+00   0.0000e+00   8.5619e-03   2.7023e+02
20241130_12:00:00   3.5251e-01   8.2821e+01   7.1890e+00   0.0000e+00   1.1749e-02   2.7060e+02
20241130_13:00:00   3.2941e-01   7.8484e+01   6.7413e+00   0.0000e+00   9.3029e-03   2.6971e+02
20241130_14:00:00   3.2722e-01   7.8112e+01   6.6854e+00   0.0000e+00   1.4849e-02   2.7076e+02
20241130_15:00:00   3.3743e-01   8.0044e+01   6.8653e+00   0.0000e+00   1.5032e-02   2.7268e+02
20241130_16:00:00   3.3834e-01   8.0343e+01   6.8546e+00   0.0000e+00   1.0770e-02   2.7275e+02
20241130_17:00:00   3.3603e-01   8.0041e+01   6.7852e+00   0.0000e+00   7.6680e-03   2.7237e+02
20241130_18:00:00   3.3602e-01   8.0114e+01   6.7781e+00   0.0000e+00   1.1836e-02   2.7055e+02
20241130_19:00:00   3.2951e-01   7.8940e+01   6.6415e+00   0.0000e+00   1.2631e-02   2.7144e+02
20241130_20:00:00   3.2839e-01   7.8753e+01   6.5809e+00   0.0000e+00   1.3229e-02   2.7261e+02
20241130_21:00:00   3.2778e-01   7.8638e+01   6.5653e+00   0.0000e+00   8.7550e-03   2.7099e+02
20241130_22:00:00   3.2549e-01   7.8225e+01   6.5078e+00   0.0000e+00   6.2690e-03   2.7035e+02
20241130_23:00:00   3.1580e-01   7.6411e+01   6.3082e+00   0.0000e+00   3.0983e-03   2.7149e+02
20241201_00:00:00   3.0973e-01   7.5286e+01   6.1765e+00   0.0000e+00   1.6726e-03   2.7084e+02
20241201_01:00:00   3.0176e-01   7.3802e+01   6.0052e+00   0.0000e+00   5.9526e-04   2.7027e+02
20241201_02:00:00   2.9317e-01   7.2190e+01   5.8110e+00   0.0000e+00   1.0202e-04   2.7094e+02
20241201_03:00:00   2.8874e-01   7.1343e+01   5.7162e+00   0.0000e+00   0.0000e+00   2.7175e+02
20241201_04:00:00   2.9013e-01   7.1590e+01   5.7458e+00   0.0000e+00   8.5360e-07   2.7116e+02
20241201_05:00:00   2.8496e-01   7.0589e+01   5.6594e+00   0.0000e+00   0.0000e+00   2.7134e+02
20241201_06:00:00   2.8632e-01   7.0832e+01   5.6848e+00   0.0000e+00   0.0000e+00   2.7204e+02
20241201_07:00:00   2.9223e-01   7.1987e+01   5.7965e+00   0.0000e+00   0.0000e+00   2.7259e+02
20241201_08:00:00   3.0046e-01   7.3567e+01   5.9511e+00   0.0000e+00   0.0000e+00   2.7289e+02
20241201_09:00:00   3.0982e-01   7.5366e+01   6.1278e+00   0.0000e+00   0.0000e+00   2.7517e+02
20241201_10:00:00   3.1915e-01   7.7109e+01   6.3095e+00   0.0000e+00   0.0000e+00   2.7601e+02
20241201_11:00:00   3.3226e-01   7.9486e+01   6.5731e+00   0.0000e+00   0.0000e+00   2.7651e+02
20241201_12:00:00   3.5353e-01   8.3290e+01   6.9816e+00   0.0000e+00   0.0000e+00   2.7715e+02
20241201_13:00:00   3.7166e-01   8.6470e+01   7.3188e+00   0.0000e+00   1.9262e-04   2.7827e+02
20241201_14:00:00   3.8505e-01   8.8744e+01   7.5788e+00   0.0000e+00   5.0186e-04   2.7974e+02
20241201_15:00:00   3.8883e-01   8.9325e+01   7.6368e+00   0.0000e+00   3.9440e-03   2.8161e+02
20241201_16:00:00   3.6923e-01   8.5894e+01   7.2305e+00   0.0000e+00   1.1948e-03   2.8291e+02
20241201_17:00:00   3.5537e-01   8.3465e+01   6.9396e+00   0.0000e+00   1.0250e-03   2.8384e+02
20241201_18:00:00   3.5530e-01   8.3426e+01   6.9311e+00   0.0000e+00   3.9999e-03   2.8343e+02
20241201_19:00:00   3.5236e-01   8.2824e+01   6.8801e+00   0.0000e+00   2.9334e-03   2.8369e+02
20241201_20:00:00   3.4448e-01   8.1343e+01   6.7287e+00   0.0000e+00   2.0301e-03   2.8418e+02
20241201_21:00:00   3.3904e-01   8.0304e+01   6.6179e+00   0.0000e+00   4.2749e-03   2.8365e+02
20241201_22:00:00   3.3143e-01   7.8935e+01   6.4438e+00   0.0000e+00   2.0784e-03   2.8230e+02
20241201_23:00:00   3.1771e-01   7.6400e+01   6.1825e+00   0.0000e+00   0.0000e+00   2.8230e+02
20241202_00:00:00   3.1784e-01   7.6403e+01   6.1910e+00   0.0000e+00   0.0000e+00   2.8195e+02
20241202_01:00:00   3.2381e-01   7.7475e+01   6.3108e+00   0.0000e+00   2.7380e-05   2.8241e+02
20241202_02:00:00   3.2616e-01   7.7850e+01   6.3681e+00   0.0000e+00   4.1260e-04   2.8162e+02
20241202_03:00:00   3.2060e-01   7.6820e+01   6.2586e+00   0.0000e+00   1.9814e-04   2.8141e+02
20241202_04:00:00   3.1265e-01   7.5304e+01   6.1011e+00   0.0000e+00   7.8800e-05   2.8375e+02
20241202_05:00:00   3.0004e-01   7.2906e+01   5.8564e+00   0.0000e+00   0.0000e+00   2.8496e+02
20241202_06:00:00   2.9221e-01   7.1395e+01   5.7012e+00   0.0000e+00   0.0000e+00   2.8477e+02
20241202_07:00:00   2.9223e-01   7.1451e+01   5.6688e+00   0.0000e+00   0.0000e+00   2.8604e+02
20241202_08:00:00   3.0204e-01   7.3398e+01   5.8164e+00   0.0000e+00   0.0000e+00   2.8610e+02
20241202_09:00:00   3.0847e-01   7.4614e+01   5.9280e+00   0.0000e+00   0.0000e+00   2.8528e+02
20241202_10:00:00   3.0590e-01   7.4120e+01   5.8700e+00   0.0000e+00   0.0000e+00   2.8471e+02
20241202_11:00:00   2.9982e-01   7.2949e+01   5.7507e+00   0.0000e+00   0.0000e+00   2.8597e+02
20241202_12:00:00   2.8718e-01   7.0474e+01   5.5222e+00   0.0000e+00   0.0000e+00   2.8726e+02
20241202_13:00:00   2.8191e-01   6.9446e+01   5.4181e+00   0.0000e+00   0.0000e+00   2.8913e+02
20241202_14:00:00   2.8044e-01   6.9175e+01   5.3787e+00   0.0000e+00   0.0000e+00   2.8941e+02
20241202_15:00:00   2.7372e-01   6.7858e+01   5.2442e+00   0.0000e+00   0.0000e+00   2.8828e+02
20241202_16:00:00   2.6414e-01   6.5980e+01   5.0590e+00   0.0000e+00   0.0000e+00   2.8840e+02
20241202_17:00:00   2.5904e-01   6.4969e+01   4.9651e+00   0.0000e+00   0.0000e+00   2.8824e+02
20241202_18:00:00   2.5387e-01   6.3913e+01   4.8827e+00   0.0000e+00   0.0000e+00   2.8819e+02
20241202_19:00:00   2.4072e-01   6.1178e+01   4.6650e+00   0.0000e+00   1.4558e-05   2.8786e+02
20241202_20:00:00   2.2797e-01   5.8491e+01   4.4578e+00   0.0000e+00   3.1542e-04   2.8740e+02
20241202_21:00:00   2.2043e-01   5.6807e+01   4.3610e+00   0.0000e+00   1.4354e-04   2.8838e+02
20241202_22:00:00   2.1636e-01   5.5894e+01   4.3087e+00   0.0000e+00   5.9844e-04   2.8874e+02
20241202_23:00:00   2.1037e-01   5.4662e+01   4.1894e+00   0.0000e+00   1.0880e-03   2.8988e+02
20241203_00:00:00   2.0510e-01   5.3531e+01   4.0930e+00   0.0000e+00   2.3579e-03   2.8931e+02
20241203_03:00:00   1.9546e-01   5.1498e+01   3.8941e+00   0.0000e+00   4.7985e-03   2.8961e+02
20241203_06:00:00   1.9387e-01   5.1024e+01   3.8990e+00   0.0000e+00   1.3818e-02   2.9212e+02
20241203_09:00:00   1.8571e-01   4.9294e+01   3.7022e+00   0.0000e+00   1.1104e-02   2.9744e+02
20241203_12:00:00   1.8518e-01   4.9290e+01   3.6147e+00   0.0000e+00   2.0657e-03   2.9669e+02
20241203_15:00:00   1.9136e-01   5.0643e+01   3.7026e+00   0.0000e+00   0.0000e+00   3.0176e+02
20241203_18:00:00   1.7914e-01   4.8029e+01   3.4343e+00   0.0000e+00   0.0000e+00   3.0044e+02
20241203_21:00:00   1.5704e-01   4.3079e+01   2.9812e+00   0.0000e+00   0.0000e+00   2.9781e+02
20241204_00:00:00   1.5316e-01   4.2103e+01   2.9029e+00   0.0000e+00   0.0000e+00   3.0071e+02
20241204_03:00:00   2.3871e-01   6.0649e+01   4.4213e+00   0.0000e+00   0.0000e+00   3.0365e+02
20241204_06:00:00   2.6927e-01   6.6745e+01   4.9335e+00   0.0000e+00   4.7610e-05   3.0623e+02
20241204_09:00:00   2.4496e-01   6.1673e+01   4.5665e+00   0.0000e+00   0.0000e+00   3.0612e+02
20241204_12:00:00   1.8640e-01   4.9327e+01   3.5301e+00   0.0000e+00   0.0000e+00   3.0391e+02
20241204_15:00:00   1.6260e-01   4.4194e+01   3.0564e+00   0.0000e+00   0.0000e+00   3.0202e+02
20241204_18:00:00   1.3793e-01   3.8572e+01   2.6297e+00   0.0000e+00   0.0000e+00   3.0035e+02
20241204_21:00:00   1.2986e-01   3.6849e+01   2.4268e+00   0.0000e+00   0.0000e+00   3.0060e+02
20241205_00:00:00   1.2243e-01   3.4992e+01   2.3303e+00   0.0000e+00   2.0097e-03   2.9871e+02
20241205_03:00:00   1.4359e-01   3.9558e+01   2.8601e+00   0.0000e+00   1.9236e-02   2.9746e+02
20241205_06:00:00   1.4561e-01   4.0327e+01   2.8097e+00   0.0000e+00   3.3271e-03   2.9652e+02
20241205_09:00:00   1.4076e-01   3.9240e+01   2.6938e+00   0.0000e+00   1.1074e-03   2.9322e+02
20241205_12:00:00   1.4167e-01   3.9078e+01   2.8207e+00   0.0000e+00   7.4245e-03   2.9200e+02
20241205_15:00:00   1.3127e-01   3.6790e+01   2.5941e+00   0.0000e+00   8.2400e-06   2.9565e+02
20241205_18:00:00   1.4317e-01   3.9558e+01   2.8248e+00   0.0000e+00   1.0638e-04   2.9238e+02
20241205_21:00:00   1.5020e-01   4.1195e+01   2.9409e+00   0.0000e+00   1.6120e-03   2.9264e+02
20241206_00:00:00   1.7405e-01   4.6409e+01   3.4170e+00   0.0000e+00   1.0584e-02   2.9565e+02
20241206_03:00:00   1.9172e-01   5.0395e+01   3.6969e+00   0.0000e+00   2.6792e-04   2.9788e+02
20241206_06:00:00   1.9490e-01   5.1110e+01   3.7204e+00   0.0000e+00   4.3184e-04   3.0061e+02
20241206_09:00:00   1.7981e-01   4.8068e+01   3.3220e+00   0.0000e+00   0.0000e+00   3.0322e+02
20241206_12:00:00   1.4025e-01   3.9211e+01   2.5591e+00   0.0000e+00   0.0000e+00   3.0566e+02
20241206_15:00:00   1.0782e-01   3.1637e+01   1.9409e+00   0.0000e+00   0.0000e+00   3.0476e+02
20241206_18:00:00   8.5121e-02   2.6222e+01   1.4859e+00   0.0000e+00   0.0000e+00   3.0831e+02
20241206_21:00:00   1.4261e-01   3.9905e+01   2.5031e+00   0.0000e+00   0.0000e+00   3.0586e+02
20241207_00:00:00   8.1311e-02   2.5401e+01   1.3947e+00   0.0000e+00   0.0000e+00   3.0210e+02
20241207_03:00:00   6.3672e-02   2.0890e+01   1.1028e+00   0.0000e+00   0.0000e+00   3.0318e+02
20241207_06:00:00   7.7659e-02   2.4255e+01   1.4773e+00   0.0000e+00   0.0000e+00   2.9214e+02
20241207_09:00:00   6.8080e-02   2.2038e+01   1.2373e+00   0.0000e+00   0.0000e+00   2.8001e+02
20241207_12:00:00   7.4914e-02   2.3837e+01   1.3445e+00   0.0000e+00   0.0000e+00   2.8098e+02
20241207_15:00:00   7.7876e-02   2.4533e+01   1.3652e+00   0.0000e+00   0.0000e+00   2.8026e+02
20241207_18:00:00   6.2716e-02   2.0592e+01   1.1206e+00   0.0000e+00   0.0000e+00   2.7784e+02
20241207_21:00:00   7.1618e-02   2.2709e+01   1.3552e+00   0.0000e+00   0.0000e+00   2.7572e+02
20241208_00:00:00   8.3756e-02   2.5645e+01   1.6737e+00   0.0000e+00   0.0000e+00   2.7559e+02
20241208_03:00:00   7.8005e-02   2.4369e+01   1.5224e+00   0.0000e+00   0.0000e+00   2.7980e+02
20241208_06:00:00   6.3062e-02   2.0836e+01   1.1363e+00   0.0000e+00   0.0000e+00   2.7632e+02
20241208_09:00:00   5.7999e-02   1.9516e+01   1.0427e+00   0.0000e+00   0.0000e+00   2.7331e+02
20241208_12:00:00   7.0811e-02   2.2601e+01   1.3944e+00   0.0000e+00   0.0000e+00   2.6865e+02
20241208_15:00:00   9.2523e-02   2.7781e+01   1.9480e+00   0.0000e+00   0.0000e+00   2.6484e+02
20241208_18:00:00   1.1267e-01   3.2677e+01   2.4172e+00   0.0000e+00   0.0000e+00   2.6102e+02
20241208_21:00:00   1.3155e-01   3.7229e+01   2.8340e+00   0.0000e+00   0.0000e+00   2.5791e+02
20241209_00:00:00   1.3692e-01   3.8683e+01   2.9141e+00   0.0000e+00   0.0000e+00   2.5614e+02
20241209_03:00:00   1.3421e-01   3.8221e+01   2.8237e+00   0.0000e+00   0.0000e+00   2.5378e+02
20241209_06:00:00   1.3376e-01   3.8164e+01   2.8058e+00   0.0000e+00   0.0000e+00   2.5164e+02
20241209_09:00:00   1.2546e-01   3.6245e+01   2.6117e+00   0.0000e+00   0.0000e+00   2.5418e+02
20241209_12:00:00   1.2284e-01   3.5634e+01   2.5579e+00   0.0000e+00   0.0000e+00   2.5155e+02
20241209_15:00:00   1.2026e-01   3.4999e+01   2.5238e+00   0.0000e+00   0.0000e+00   2.4887e+02
20241209_18:00:00   1.2072e-01   3.5166e+01   2.5193e+00   0.0000e+00   0.0000e+00   2.4959e+02
20241209_21:00:00   1.2252e-01   3.5568e+01   2.5496e+00   0.0000e+00   0.0000e+00   2.5043e+02
20241210_00:00:00   1.1278e-01   3.3312e+01   2.2892e+00   0.0000e+00   0.0000e+00   2.5001e+02
20241210_03:00:00   1.1514e-01   3.3854e+01   2.3371e+00   0.0000e+00   0.0000e+00   2.4992e+02
20241210_06:00:00   1.1176e-01   3.2804e+01   2.3068e+00   0.0000e+00   0.0000e+00   2.5230e+02
20241210_09:00:00   9.5495e-02   2.9051e+01   1.8585e+00   0.0000e+00   0.0000e+00   2.5417e+02
20241210_12:00:00   8.8011e-02   2.7232e+01   1.6740e+00   0.0000e+00   0.0000e+00   2.5710e+02
20241210_15:00:00   7.3627e-02   2.3544e+01   1.3583e+00   0.0000e+00   0.0000e+00   2.6534e+02
20241210_18:00:00   9.5489e-02   2.8917e+01   1.7987e+00   0.0000e+00   0.0000e+00   2.6750e+02
20241210_21:00:00   1.2385e-01   3.5936e+01   2.2579e+00   0.0000e+00   0.0000e+00   2.6770e+02
20241211_00:00:00   1.2054e-01   3.5136e+01   2.1716e+00   0.0000e+00   0.0000e+00   2.6877e+02
20241211_03:00:00   8.1968e-02   2.5542e+01   1.5136e+00   0.0000e+00   0.0000e+00   2.6525e+02
20241211_06:00:00   8.0463e-02   2.5035e+01   1.5205e+00   0.0000e+00   0.0000e+00   2.6374e+02
20241211_09:00:00   6.2531e-02   2.0719e+01   1.0692e+00   0.0000e+00   6.2258e-04   2.6671e+02
20241211_12:00:00   5.7419e-02   1.9425e+01   9.5923e-01   0.0000e+00   2.1995e-05   2.7513e+02
20241211_15:00:00   6.7811e-02   2.2039e+01   1.1821e+00   0.0000e+00   0.0000e+00   2.7163e+02
20241211_18:00:00   6.7689e-02   2.2046e+01   1.1675e+00   0.0000e+00   0.0000e+00   2.6852e+02
20241211_21:00:00   1.0657e-01   3.1595e+01   1.9492e+00   0.0000e+00   1.0219e-02   2.6614e+02
20241212_00:00:00   1.7630e-01   4.7291e+01   3.4069e+00   0.0000e+00   1.8519e-02   2.6483e+02
20241212_03:00:00   1.6451e-01   4.4221e+01   3.3791e+00   0.0000e+00   1.2363e-02   2.6602e+02
20241212_06:00:00   1.4616e-01   3.9670e+01   3.1330e+00   0.0000e+00   2.8690e-02   2.6861e+02
20241212_09:00:00   1.4327e-01   3.8872e+01   3.0814e+00   0.0000e+00   6.8486e-02   2.7396e+02
20241212_12:00:00   1.1042e-01   3.1575e+01   2.2768e+00   0.0000e+00   6.1736e-02   2.7826e+02
20241212_15:00:00   9.0254e-02   2.7078e+01   1.7722e+00   0.0000e+00   9.5072e-03   2.7697e+02
20241212_18:00:00   1.2768e-01   3.5646e+01   2.6651e+00   0.0000e+00   3.5770e-02   2.7307e+02
20241212_21:00:00   1.9754e-01   5.1452e+01   3.9939e+00   0.0000e+00   2.8776e-02   2.7011e+02
20241213_00:00:00   2.3084e-01   5.8267e+01   4.6096e+00   0.0000e+00   5.1285e-02   2.7103e+02
20241213_03:00:00   1.3363e-01   3.7187e+01   2.6836e+00   0.0000e+00   2.7535e-02   2.7141e+02
20241213_06:00:00   1.0647e-01   3.0852e+01   2.1136e+00   0.0000e+00   2.7455e-02   2.7334e+02
20241213_09:00:00   1.0160e-01   2.9878e+01   1.9480e+00   0.0000e+00   3.7214e-03   2.7747e+02
20241213_12:00:00   9.6831e-02   2.9004e+01   1.7473e+00   0.0000e+00   0.0000e+00   2.8563e+02
20241213_15:00:00   1.0517e-01   3.1022e+01   1.8741e+00   6.0230e-05   0.0000e+00   2.8611e+02
20241213_18:00:00   1.9109e-01   5.0701e+01   2.7540e+00   1.5419e-02   7.1072e-05   2.8457e+02
20241213_21:00:00   3.0686e-01   7.4347e+01   4.7138e+00   2.2472e-02   4.9489e-03   2.8502e+02
20241214_00:00:00   9.3387e-01   1.6546e+02   5.3745e+00   2.6888e-01   2.4787e-03   2.9764e+02
