#            date       tau255        Tb[K]      pwv[mm] lwp[kg*m^-2] iwp[kg*m^-2]       o3[DU]
20240714_18:00:00   4.4535e-01   1.0405e+02   8.5003e+00   0.0000e+00   2.6200e-04   2.9869e+02
20240714_19:00:00   5.4271e-01   1.2045e+02   1.0089e+01   0.0000e+00   3.6600e-04   2.9709e+02
20240714_20:00:00   6.3826e-01   1.3496e+02   1.0997e+01   1.9204e-02   3.6530e-04   2.9502e+02
20240714_21:00:00   8.0701e-01   1.5734e+02   1.1571e+01   7.4664e-02   4.3148e-04   2.9494e+02
20240714_22:00:00   5.4238e-01   1.2073e+02   1.0237e+01   0.0000e+00   1.0016e-04   2.9527e+02
20240714_23:00:00   5.0838e-01   1.1538e+02   9.6903e+00   3.3000e-04   1.4550e-03   2.9201e+02
20240715_00:00:00   7.9439e-01   1.5572e+02   1.2793e+01   4.8180e-02   8.6075e-02   2.8911e+02
20240715_01:00:00   6.7393e-01   1.3961e+02   1.2980e+01   7.7040e-04   8.7575e-02   2.8819e+02
20240715_02:00:00   6.8411e-01   1.4106e+02   1.2594e+01   1.0758e-02   1.0909e-01   2.8959e+02
20240715_03:00:00   6.5700e-01   1.3737e+02   1.2549e+01   8.2400e-04   2.5727e-02   2.9111e+02
20240715_04:00:00   6.6523e-01   1.3850e+02   1.2759e+01   2.7300e-04   1.7866e-02   2.9146e+02
20240715_05:00:00   7.3478e-01   1.4790e+02   1.3816e+01   2.3900e-05   2.6905e-02   2.9397e+02
20240715_06:00:00   7.0166e-01   1.4347e+02   1.3345e+01   0.0000e+00   1.3767e-02   2.9524e+02
20240715_07:00:00   6.7149e-01   1.3930e+02   1.2853e+01   0.0000e+00   7.3882e-03   2.9365e+02
20240715_08:00:00   6.7948e-01   1.4022e+02   1.3084e+01   0.0000e+00   1.0360e-02   2.9338e+02
20240715_09:00:00   6.5365e-01   1.3656e+02   1.2630e+01   0.0000e+00   3.4773e-02   2.9220e+02
20240715_10:00:00   6.1597e-01   1.3112e+02   1.1914e+01   0.0000e+00   3.1716e-02   2.9271e+02
20240715_11:00:00   5.9907e-01   1.2866e+02   1.1511e+01   0.0000e+00   1.2570e-02   2.9293e+02
20240715_12:00:00   5.7918e-01   1.2569e+02   1.1106e+01   0.0000e+00   2.1957e-03   2.9246e+02
20240715_13:00:00   5.4959e-01   1.2113e+02   1.0581e+01   0.0000e+00   2.4042e-03   2.9321e+02
20240715_14:00:00   5.3585e-01   1.1897e+02   1.0333e+01   0.0000e+00   4.0060e-03   2.9543e+02
20240715_15:00:00   5.1994e-01   1.1643e+02   1.0048e+01   0.0000e+00   2.7501e-03   2.9810e+02
20240715_16:00:00   5.2328e-01   1.1702e+02   1.0068e+01   0.0000e+00   1.5080e-03   2.9651e+02
20240715_17:00:00   5.0691e-01   1.1437e+02   9.7551e+00   0.0000e+00   5.4560e-04   2.9634e+02
20240715_18:00:00   4.9207e-01   1.1193e+02   9.5138e+00   0.0000e+00   2.2700e-04   2.9786e+02
20240715_19:00:00   5.2591e-01   1.1759e+02   1.0014e+01   0.0000e+00   1.0988e-04   2.9752e+02
20240715_20:00:00   5.8896e-01   1.2762e+02   1.0913e+01   0.0000e+00   3.5920e-05   2.9559e+02
20240715_21:00:00   6.0512e-01   1.2999e+02   1.1015e+01   8.8900e-03   8.3300e-05   2.9558e+02
20240715_22:00:00   8.4586e-01   1.6194e+02   1.2950e+01   6.1029e-02   3.3340e-05   2.9469e+02
20240715_23:00:00   9.0697e-01   1.6910e+02   1.4643e+01   3.8079e-02   5.2179e-05   2.9174e+02
20240716_00:00:00   9.7233e-01   1.7644e+02   1.5152e+01   4.7175e-02   1.4484e-05   2.8982e+02
20240716_01:00:00   8.8374e-01   1.6650e+02   1.4619e+01   2.8292e-02   3.2683e-03   2.8913e+02
20240716_02:00:00   2.0652e+00   2.4417e+02   1.7374e+01   4.4683e-01   3.4189e-02   2.8827e+02
20240716_03:00:00   1.5315e+00   2.1848e+02   1.7220e+01   2.5637e-01   3.6361e-02   2.8948e+02
20240716_04:00:00   7.1421e-01   1.4522e+02   1.3874e+01   2.4300e-05   4.4372e-03   2.9056e+02
20240716_05:00:00   6.7359e-01   1.3963e+02   1.3191e+01   0.0000e+00   2.6997e-03   2.9248e+02
20240716_06:00:00   6.9977e-01   1.4308e+02   1.3563e+01   8.3194e-05   1.2989e-03   2.9108e+02
20240716_07:00:00   6.9414e-01   1.4236e+02   1.3381e+01   0.0000e+00   1.0016e-04   2.8872e+02
20240716_08:00:00   6.7039e-01   1.3910e+02   1.2879e+01   0.0000e+00   1.6688e-03   2.8763e+02
20240716_09:00:00   6.4933e-01   1.3611e+02   1.2397e+01   0.0000e+00   7.0249e-03   2.8806e+02
20240716_10:00:00   6.2372e-01   1.3238e+02   1.1968e+01   0.0000e+00   1.6163e-02   2.8804e+02
20240716_11:00:00   5.8518e-01   1.2672e+02   1.1296e+01   0.0000e+00   1.6088e-02   2.8796e+02
20240716_12:00:00   5.6778e-01   1.2408e+02   1.0971e+01   0.0000e+00   6.9492e-04   2.8714e+02
20240716_13:00:00   5.6863e-01   1.2424e+02   1.0952e+01   0.0000e+00   1.0058e-04   2.8817e+02
20240716_14:00:00   5.5140e-01   1.2165e+02   1.0607e+01   0.0000e+00   1.4370e-05   2.9050e+02
20240716_15:00:00   5.5674e-01   1.2244e+02   1.0684e+01   0.0000e+00   6.6260e-06   2.9131e+02
20240716_16:00:00   5.5944e-01   1.2289e+02   1.0739e+01   0.0000e+00   2.4300e-05   2.8864e+02
20240716_17:00:00   5.3027e-01   1.1835e+02   1.0235e+01   0.0000e+00   2.2080e-06   2.8762e+02
20240716_18:00:00   5.1596e-01   1.1611e+02   9.9610e+00   0.0000e+00   0.0000e+00   2.8850e+02
20240716_19:00:00   5.4671e-01   1.2131e+02   1.0271e+01   0.0000e+00   0.0000e+00   2.8794e+02
20240716_20:00:00   6.6351e-01   1.3886e+02   1.2037e+01   2.6380e-03   0.0000e+00   2.8630e+02
20240716_21:00:00   1.1621e+00   1.9398e+02   1.3846e+01   1.6060e-01   2.4420e-04   2.8670e+02
20240716_22:00:00   1.9799e+00   2.4124e+02   1.5930e+01   4.5607e-01   1.2541e-03   2.8591e+02
20240716_23:00:00   7.0875e-01   1.4529e+02   1.3034e+01   5.3575e-03   8.3124e-05   2.8631e+02
20240717_00:00:00   7.5869e-01   1.5170e+02   1.3989e+01   2.3762e-03   1.9876e-06   2.8702e+02
20240717_01:00:00   7.8712e-01   1.5526e+02   1.4471e+01   2.4724e-04   5.7480e-06   2.9005e+02
20240717_02:00:00   2.4150e+00   2.5326e+02   1.7980e+01   5.9956e-01   1.3018e-02   2.8948e+02
20240717_03:00:00   2.6904e+00   2.5871e+02   2.1133e+01   6.6559e-01   5.4389e-01   2.8833e+02
20240717_04:00:00   9.4270e-01   1.7090e+02   1.8161e+01   3.3952e-03   7.1379e-01   2.9028e+02
20240717_05:00:00   7.6362e-01   1.5072e+02   1.5522e+01   0.0000e+00   2.9734e-01   2.8883e+02
20240717_06:00:00   6.6264e-01   1.3765e+02   1.3552e+01   0.0000e+00   1.0585e-01   2.8881e+02
20240717_07:00:00   6.3204e-01   1.3357e+02   1.2661e+01   0.0000e+00   3.2270e-03   2.8838e+02
20240717_08:00:00   6.4720e-01   1.3585e+02   1.2747e+01   0.0000e+00   1.0274e-03   2.8913e+02
20240717_09:00:00   6.3637e-01   1.3428e+02   1.2520e+01   0.0000e+00   2.0496e-03   2.8905e+02
20240717_10:00:00   6.0904e-01   1.3028e+02   1.2067e+01   0.0000e+00   1.8288e-03   2.8812e+02
20240717_11:00:00   5.7507e-01   1.2518e+02   1.1467e+01   0.0000e+00   6.4900e-04   2.8589e+02
20240717_12:00:00   5.4450e-01   1.2049e+02   1.0890e+01   0.0000e+00   6.1240e-06   2.8642e+02
20240717_13:00:00   5.5676e-01   1.2241e+02   1.1073e+01   0.0000e+00   1.6082e-04   2.8715e+02
20240717_14:00:00   5.5613e-01   1.2231e+02   1.1040e+01   0.0000e+00   8.0700e-04   2.8956e+02
20240717_15:00:00   5.5560e-01   1.2230e+02   1.1030e+01   0.0000e+00   1.0856e-03   2.8893e+02
20240717_16:00:00   5.5679e-01   1.2251e+02   1.1064e+01   0.0000e+00   7.3844e-04   2.8939e+02
20240717_17:00:00   5.4966e-01   1.2144e+02   1.0968e+01   0.0000e+00   1.3012e-04   2.8953e+02
20240717_18:00:00   5.4653e-01   1.2099e+02   1.0920e+01   0.0000e+00   0.0000e+00   2.8947e+02
20240717_19:00:00   5.9374e-01   1.2844e+02   1.1646e+01   0.0000e+00   0.0000e+00   2.8926e+02
20240717_20:00:00   6.6767e-01   1.3933e+02   1.2806e+01   0.0000e+00   0.0000e+00   2.9035e+02
20240717_21:00:00   6.9657e-01   1.4350e+02   1.3243e+01   9.8520e-04   5.2040e-05   2.8950e+02
20240717_22:00:00   7.8653e-01   1.5529e+02   1.3639e+01   2.8902e-02   7.8060e-05   2.8985e+02
20240717_23:00:00   2.1659e+00   2.4671e+02   1.6190e+01   5.5057e-01   5.7077e-03   2.9030e+02
20240718_00:00:00   2.7157e+00   2.5900e+02   1.9493e+01   7.4033e-01   3.9074e-01   2.9020e+02
20240718_01:00:00   1.7705e+00   2.3085e+02   1.9042e+01   3.3106e-01   6.5583e-01   2.9157e+02
20240718_02:00:00   1.4105e+00   2.1148e+02   1.8681e+01   1.7044e-01   7.8304e-01   2.8950e+02
20240718_03:00:00   7.8768e-01   1.5365e+02   1.5666e+01   0.0000e+00   5.8979e-01   2.9021e+02
20240718_04:00:00   7.5213e-01   1.4925e+02   1.5310e+01   0.0000e+00   3.4321e-01   2.8929e+02
20240718_05:00:00   7.9540e-01   1.5464e+02   1.6157e+01   3.7480e-04   1.5563e-01   2.8993e+02
20240718_06:00:00   8.6166e-01   1.6237e+02   1.6946e+01   7.7082e-03   9.1005e-02   2.8786e+02
20240718_07:00:00   9.2925e-01   1.6964e+02   1.7071e+01   3.1856e-02   1.8252e-01   2.8958e+02
20240718_08:00:00   8.8228e-01   1.6457e+02   1.7062e+01   1.2326e-02   5.3379e-02   2.8956e+02
20240718_09:00:00   9.2851e-01   1.6948e+02   1.7495e+01   1.9808e-02   3.6525e-02   2.8964e+02
20240718_10:00:00   9.7163e-01   1.7378e+02   1.7680e+01   2.9696e-02   7.1056e-02   2.8997e+02
20240718_11:00:00   8.7841e-01   1.6407e+02   1.7066e+01   1.3044e-03   7.5369e-02   2.9197e+02
20240718_12:00:00   7.9497e-01   1.5462e+02   1.5636e+01   0.0000e+00   4.4864e-02   2.9311e+02
20240718_13:00:00   7.2359e-01   1.4574e+02   1.4434e+01   0.0000e+00   5.6301e-03   2.9068e+02
20240718_14:00:00   6.7955e-01   1.3989e+02   1.3616e+01   0.0000e+00   7.0538e-04   2.9030e+02
20240718_15:00:00   6.4613e-01   1.3531e+02   1.2934e+01   0.0000e+00   2.6833e-04   2.9118e+02
20240718_16:00:00   5.8777e-01   1.2683e+02   1.1814e+01   0.0000e+00   2.3733e-04   2.9176e+02
20240718_17:00:00   5.0271e-01   1.1354e+02   1.0198e+01   0.0000e+00   5.5680e-04   2.9089e+02
20240718_18:00:00   4.7793e-01   1.0939e+02   9.7054e+00   0.0000e+00   1.8984e-03   2.8993e+02
20240718_19:00:00   5.5061e-01   1.2130e+02   1.0936e+01   0.0000e+00   1.0212e-03   2.8840e+02
20240718_20:00:00   6.3833e-01   1.3461e+02   1.2320e+01   0.0000e+00   7.1840e-06   2.8734e+02
20240718_21:00:00   6.7661e-01   1.4011e+02   1.3035e+01   0.0000e+00   0.0000e+00   2.8628e+02
20240718_22:00:00   7.0741e-01   1.4450e+02   1.3580e+01   7.1840e-06   0.0000e+00   2.8576e+02
20240718_23:00:00   9.7448e-01   1.7563e+02   1.5917e+01   5.2962e-02   1.9372e-03   2.8501e+02
20240719_00:00:00   1.0238e+00   1.8059e+02   1.6186e+01   7.1630e-02   1.0967e-02   2.8520e+02
20240719_01:00:00   8.7319e-01   1.6402e+02   1.7131e+01   8.6448e-03   1.3988e-02   2.8501e+02
20240719_02:00:00   9.4987e-01   1.7241e+02   1.8152e+01   7.7279e-03   2.6832e-02   2.8503e+02
20240719_03:00:00   1.0198e+00   1.7908e+02   1.8893e+01   2.0388e-02   2.7019e-01   2.8360e+02
20240719_04:00:00   9.9341e-01   1.7674e+02   1.8264e+01   2.6742e-02   3.1364e-02   2.8375e+02
20240719_05:00:00   1.3318e+00   2.0513e+02   1.9148e+01   1.4054e-01   1.2427e-02   2.8317e+02
20240719_06:00:00   1.0307e+00   1.8011e+02   1.8908e+01   2.6330e-02   5.1720e-02   2.8412e+02
20240719_07:00:00   1.0995e+00   1.8619e+02   1.9165e+01   5.2080e-02   1.2339e-01   2.8409e+02
20240719_08:00:00   1.6339e+00   2.2319e+02   1.9906e+01   2.5106e-01   3.3476e-01   2.8413e+02
20240719_09:00:00   1.1275e+00   1.8858e+02   1.9025e+01   5.8430e-02   3.8676e-02   2.8423e+02
20240719_10:00:00   1.3349e+00   2.0509e+02   1.9003e+01   1.4252e-01   1.6165e-02   2.8313e+02
20240719_11:00:00   1.3209e+00   2.0456e+02   1.8646e+01   1.3868e-01   1.6404e-02   2.8322e+02
20240719_12:00:00   8.6841e-01   1.6320e+02   1.6481e+01   1.1226e-02   2.0034e-02   2.8396e+02
20240719_13:00:00   7.0529e-01   1.4318e+02   1.4307e+01   0.0000e+00   9.0611e-03   2.8543e+02
20240719_14:00:00   6.7938e-01   1.3980e+02   1.3866e+01   0.0000e+00   2.9731e-03   2.8704e+02
20240719_15:00:00   7.0594e-01   1.4341e+02   1.4365e+01   0.0000e+00   2.1385e-03   2.8609e+02
20240719_16:00:00   6.8516e-01   1.4061e+02   1.4033e+01   0.0000e+00   6.2615e-03   2.8540e+02
20240719_17:00:00   6.6514e-01   1.3784e+02   1.3667e+01   0.0000e+00   7.8227e-03   2.8532e+02
20240719_18:00:00   6.6658e-01   1.3818e+02   1.3566e+01   0.0000e+00   3.9726e-03   2.8564e+02
20240719_21:00:00   6.8130e-01   1.4077e+02   1.3523e+01   8.1720e-05   7.6840e-03   2.8423e+02
20240720_00:00:00   1.1008e+00   1.8724e+02   1.8123e+01   7.4414e-02   6.4953e-02   2.8213e+02
20240720_03:00:00   1.3869e+00   2.0827e+02   1.9430e+01   1.7491e-01   5.4296e-01   2.8605e+02
20240720_06:00:00   9.3288e-01   1.7053e+02   1.8445e+01   1.2214e-04   2.4362e-01   2.8811e+02
20240720_09:00:00   1.1832e+00   1.9401e+02   1.8348e+01   1.0018e-01   3.1708e-02   2.8905e+02
20240720_12:00:00   8.3316e-01   1.5941e+02   1.6244e+01   1.8226e-03   1.5106e-04   2.8707e+02
20240720_15:00:00   7.5450e-01   1.4990e+02   1.5152e+01   0.0000e+00   7.0519e-04   2.9074e+02
20240720_18:00:00   7.1066e-01   1.4408e+02   1.4462e+01   0.0000e+00   2.9380e-04   2.8844e+02
20240720_21:00:00   7.2637e-01   1.4714e+02   1.4231e+01   0.0000e+00   0.0000e+00   2.8945e+02
20240721_00:00:00   2.9986e+00   2.6498e+02   2.0374e+01   7.9828e-01   1.0894e-01   2.8854e+02
20240721_03:00:00   9.1629e-01   1.6837e+02   1.8349e+01   3.6552e-04   4.2779e-02   2.8993e+02
20240721_06:00:00   8.0335e-01   1.5515e+02   1.6324e+01   4.4620e-04   2.7186e-04   2.9342e+02
20240721_09:00:00   7.7742e-01   1.5224e+02   1.5619e+01   0.0000e+00   1.7228e-04   2.9480e+02
20240721_12:00:00   7.7961e-01   1.5276e+02   1.5042e+01   1.0224e-03   2.4860e-04   2.9571e+02
20240721_15:00:00   8.1778e-01   1.5719e+02   1.5658e+01   0.0000e+00   0.0000e+00   2.9713e+02
20240721_18:00:00   8.5931e-01   1.6210e+02   1.6223e+01   0.0000e+00   0.0000e+00   2.9787e+02
20240721_21:00:00   1.6933e+00   2.2704e+02   1.8705e+01   2.9057e-01   6.2047e-02   2.9740e+02
20240722_00:00:00   8.1335e-01   1.5605e+02   1.6487e+01   0.0000e+00   1.1270e-02   2.9367e+02
20240722_03:00:00   6.6453e-01   1.3748e+02   1.3734e+01   0.0000e+00   1.3419e-02   2.9671e+02
20240722_06:00:00   6.2442e-01   1.3189e+02   1.2078e+01   0.0000e+00   2.6061e-04   2.9564e+02
20240722_09:00:00   4.9973e-01   1.1234e+02   9.9675e+00   0.0000e+00   1.7750e-04   2.9367e+02
20240722_12:00:00   4.9592e-01   1.1134e+02   1.0221e+01   0.0000e+00   0.0000e+00   2.9277e+02
20240722_15:00:00   5.5662e-01   1.2119e+02   1.1152e+01   0.0000e+00   0.0000e+00   2.9762e+02
20240722_18:00:00   6.2858e-01   1.3193e+02   1.2384e+01   0.0000e+00   0.0000e+00   3.0164e+02
20240722_21:00:00   8.1605e-01   1.5697e+02   1.4861e+01   1.3894e-02   2.4290e-02   3.0230e+02
20240723_00:00:00   8.6059e-01   1.6129e+02   1.6871e+01   7.2103e-03   4.4232e-03   3.0030e+02
20240723_03:00:00   8.0222e-01   1.5508e+02   1.5655e+01   0.0000e+00   2.2530e-03   3.0226e+02
20240723_06:00:00   7.7361e-01   1.5143e+02   1.5152e+01   0.0000e+00   3.1640e-03   3.0120e+02
20240723_09:00:00   7.7106e-01   1.5093e+02   1.4828e+01   0.0000e+00   1.2934e-04   3.0117e+02
20240723_12:00:00   6.6475e-01   1.3705e+02   1.2930e+01   0.0000e+00   1.0875e-03   3.0474e+02
20240723_15:00:00   7.0106e-01   1.4192e+02   1.3506e+01   0.0000e+00   0.0000e+00   3.0644e+02
20240723_18:00:00   6.7736e-01   1.3883e+02   1.3017e+01   0.0000e+00   0.0000e+00   3.0405e+02
20240723_21:00:00   9.5746e-01   1.7336e+02   1.4191e+01   7.2641e-02   2.7305e-05   3.0397e+02
20240724_00:00:00   2.5934e+00   2.5671e+02   1.8406e+01   6.7869e-01   4.8884e-02   3.0291e+02
20240724_03:00:00   8.1114e-01   1.5591e+02   1.5944e+01   1.1264e-04   3.9480e-03   3.0161e+02
20240724_06:00:00   6.9856e-01   1.4197e+02   1.3665e+01   4.4160e-06   1.6329e-04   3.0189e+02
20240724_09:00:00   7.2557e-01   1.4542e+02   1.4052e+01   0.0000e+00   4.9781e-03   3.0074e+02
20240724_12:00:00   6.5091e-01   1.3522e+02   1.2621e+01   0.0000e+00   8.4445e-04   3.0056e+02
20240724_15:00:00   5.8063e-01   1.2493e+02   1.1453e+01   0.0000e+00   1.8754e-04   3.0156e+02
20240724_18:00:00   6.2051e-01   1.3064e+02   1.2416e+01   0.0000e+00   1.9818e-03   3.0215e+02
20240724_21:00:00   9.5150e-01   1.7282e+02   1.4537e+01   6.6188e-02   4.2158e-04   3.0129e+02
20240725_00:00:00   2.2561e+00   2.4928e+02   1.7891e+01   5.2833e-01   2.1146e-01   2.9681e+02
20240725_03:00:00   8.4046e-01   1.5963e+02   1.6458e+01   1.3373e-03   1.6324e-01   2.9812e+02
20240725_06:00:00   7.8641e-01   1.5289e+02   1.5867e+01   0.0000e+00   9.0025e-04   3.0099e+02
20240725_09:00:00   8.3204e-01   1.5844e+02   1.6372e+01   0.0000e+00   7.1436e-04   3.0033e+02
20240725_12:00:00   7.7619e-01   1.5196e+02   1.5020e+01   0.0000e+00   1.9883e-03   2.9893e+02
20240725_15:00:00   7.0756e-01   1.4328e+02   1.3841e+01   0.0000e+00   0.0000e+00   3.0051e+02
20240725_18:00:00   6.5707e-01   1.3660e+02   1.2908e+01   0.0000e+00   0.0000e+00   3.0165e+02
20240725_21:00:00   6.8729e-01   1.4162e+02   1.2927e+01   4.8640e-05   0.0000e+00   3.0335e+02
20240726_00:00:00   1.0513e+00   1.8345e+02   1.5393e+01   9.7836e-02   4.4023e-02   3.0017e+02
20240726_03:00:00   9.9371e-01   1.7677e+02   1.8565e+01   1.5359e-02   2.4401e-01   2.9555e+02
20240726_06:00:00   1.0204e+00   1.7889e+02   1.9545e+01   5.8621e-03   5.4513e-02   2.9710e+02
20240726_09:00:00   8.5370e-01   1.6152e+02   1.6817e+01   0.0000e+00   9.7101e-04   2.9607e+02
20240726_12:00:00   6.4956e-01   1.3594e+02   1.2829e+01   0.0000e+00   4.3880e-05   2.9904e+02
20240726_15:00:00   5.6641e-01   1.2402e+02   1.0971e+01   0.0000e+00   0.0000e+00   2.9853e+02
20240726_18:00:00   5.6982e-01   1.2464e+02   1.0971e+01   0.0000e+00   0.0000e+00   2.9448e+02
20240726_21:00:00   5.3942e-01   1.2018e+02   1.0359e+01   0.0000e+00   0.0000e+00   2.9524e+02
20240727_00:00:00   9.7784e-01   1.7607e+02   1.5174e+01   7.4378e-02   1.6076e-01   2.9319e+02
20240727_03:00:00   8.0973e-01   1.5651e+02   1.6046e+01   4.7282e-03   4.5748e-03   2.9469e+02
20240727_06:00:00   8.1422e-01   1.5697e+02   1.6551e+01   0.0000e+00   1.6173e-03   2.9420e+02
20240727_09:00:00   7.5165e-01   1.4948e+02   1.5068e+01   0.0000e+00   3.5155e-03   2.9365e+02
20240727_12:00:00   7.9480e-01   1.5474e+02   1.5830e+01   0.0000e+00   1.4181e-03   2.9052e+02
20240727_15:00:00   6.7131e-01   1.3924e+02   1.3214e+01   0.0000e+00   6.8020e-04   2.9369e+02
20240727_18:00:00   6.6242e-01   1.3791e+02   1.3237e+01   0.0000e+00   9.2940e-05   2.9357e+02
20240727_21:00:00   8.0710e-01   1.5709e+02   1.5636e+01   0.0000e+00   6.2160e-04   2.9289e+02
20240728_00:00:00   3.4292e+00   2.6883e+02   2.2417e+01   1.0202e+00   5.2651e-01   2.8919e+02
20240728_03:00:00   8.4728e-01   1.6062e+02   1.7257e+01   0.0000e+00   5.4612e-02   2.9284e+02
20240728_06:00:00   7.8961e-01   1.5349e+02   1.6455e+01   0.0000e+00   1.2770e-03   2.9520e+02
20240728_09:00:00   8.2296e-01   1.5750e+02   1.6691e+01   0.0000e+00   5.6025e-03   2.9263e+02
20240728_12:00:00   7.4551e-01   1.4814e+02   1.5214e+01   0.0000e+00   8.8834e-03   2.9497e+02
20240728_15:00:00   7.6959e-01   1.5111e+02   1.5525e+01   0.0000e+00   6.5469e-03   2.9208e+02
20240728_18:00:00   7.3495e-01   1.4702e+02   1.4571e+01   0.0000e+00   0.0000e+00   2.9279e+02
20240728_21:00:00   6.9407e-01   1.4238e+02   1.3286e+01   2.0340e-05   0.0000e+00   2.9303e+02
20240729_00:00:00   8.0042e-01   1.5656e+02   1.4608e+01   9.9101e-03   0.0000e+00   2.9132e+02
20240729_03:00:00   7.8446e-01   1.5340e+02   1.5709e+01   4.9941e-03   4.0178e-03   2.9296e+02
20240729_06:00:00   9.0758e-01   1.6753e+02   1.7647e+01   0.0000e+00   9.6807e-04   2.9365e+02
20240729_09:00:00   8.9219e-01   1.6574e+02   1.7389e+01   0.0000e+00   5.4929e-03   2.9282e+02
20240729_12:00:00   9.1695e-01   1.6822e+02   1.7856e+01   0.0000e+00   4.4701e-03   2.9314e+02
20240729_15:00:00   8.3952e-01   1.5957e+02   1.6397e+01   0.0000e+00   3.0040e-03   2.9188e+02
20240729_18:00:00   1.1250e+00   1.8994e+02   1.8088e+01   6.4940e-02   1.8094e-04   2.9208e+02
20240729_21:00:00   2.1231e+00   2.4784e+02   2.1436e+01   3.7417e-01   5.1900e-03   2.9097e+02
20240730_00:00:00   1.0091e+00   1.7939e+02   1.8467e+01   1.2152e-02   4.4860e-05   2.9124e+02
20240730_03:00:00   1.5133e+00   2.1766e+02   2.0817e+01   1.5836e-01   3.4702e-02   2.9110e+02
20240730_06:00:00   1.1072e+00   1.8738e+02   2.0097e+01   2.0803e-02   1.2162e-03   2.9327e+02
20240730_09:00:00   9.4038e-01   1.7096e+02   1.8267e+01   1.3316e-04   2.1632e-02   2.9187e+02
20240730_12:00:00   9.3867e-01   1.7083e+02   1.7975e+01   0.0000e+00   1.9906e-03   2.9198e+02
20240730_15:00:00   9.6206e-01   1.7303e+02   1.8402e+01   0.0000e+00   1.6874e-04   2.9296e+02
20240730_18:00:00   9.9147e-01   1.7626e+02   1.8722e+01   1.7566e-03   1.8586e-04   2.8930e+02
