#            date       tau255        Tb[K]      pwv[mm] lwp[kg*m^-2] iwp[kg*m^-2]       o3[DU]
20240725_18:00:00   7.3964e-01   1.4828e+02   1.4280e+01   0.0000e+00   0.0000e+00   2.9065e+02
20240725_19:00:00   7.6775e-01   1.5204e+02   1.4696e+01   0.0000e+00   0.0000e+00   2.9190e+02
20240725_20:00:00   7.3822e-01   1.4851e+02   1.4258e+01   0.0000e+00   1.4370e-05   2.9278e+02
20240725_21:00:00   9.2964e-01   1.7102e+02   1.5613e+01   4.8602e-02   7.1026e-02   2.9236e+02
20240725_22:00:00   2.7317e+00   2.5986e+02   1.8978e+01   7.3790e-01   1.4161e-01   2.9311e+02
20240725_23:00:00   1.1510e+00   1.9069e+02   1.8745e+01   8.0754e-02   1.1113e+00   2.9372e+02
20240726_00:00:00   8.2898e-01   1.5786e+02   1.6850e+01   2.1584e-03   4.7476e-01   2.9538e+02
20240726_01:00:00   7.7461e-01   1.5171e+02   1.6013e+01   0.0000e+00   3.2511e-01   2.9360e+02
20240726_02:00:00   8.1333e-01   1.5647e+02   1.6482e+01   3.5920e-05   4.7017e-01   2.9616e+02
20240726_03:00:00   9.0443e-01   1.6677e+02   1.7887e+01   4.6073e-03   1.1899e-01   2.9366e+02
20240726_04:00:00   8.8557e-01   1.6476e+02   1.7856e+01   1.0596e-03   4.0839e-02   2.9385e+02
20240726_05:00:00   8.7948e-01   1.6398e+02   1.7774e+01   0.0000e+00   2.1863e-01   2.9355e+02
20240726_06:00:00   8.6829e-01   1.6282e+02   1.7600e+01   0.0000e+00   4.3317e-02   2.9275e+02
20240726_07:00:00   8.5192e-01   1.6089e+02   1.7297e+01   0.0000e+00   2.0533e-02   2.9187e+02
20240726_08:00:00   8.5340e-01   1.6108e+02   1.7152e+01   0.0000e+00   1.7423e-02   2.9129e+02
20240726_09:00:00   8.4281e-01   1.5986e+02   1.6890e+01   0.0000e+00   1.6637e-02   2.9156e+02
20240726_10:00:00   7.9740e-01   1.5447e+02   1.6152e+01   0.0000e+00   1.5704e-02   2.9197e+02
20240726_11:00:00   7.7718e-01   1.5203e+02   1.5803e+01   0.0000e+00   2.8141e-03   2.9227e+02
20240726_12:00:00   7.7045e-01   1.5116e+02   1.5717e+01   0.0000e+00   7.8560e-03   2.9244e+02
20240726_13:00:00   7.6243e-01   1.5018e+02   1.5537e+01   0.0000e+00   2.3945e-03   2.9234e+02
20240726_14:00:00   7.6601e-01   1.5064e+02   1.5566e+01   0.0000e+00   8.6216e-05   2.8962e+02
20240726_15:00:00   7.8425e-01   1.5301e+02   1.5771e+01   0.0000e+00   0.0000e+00   2.8756e+02
20240726_16:00:00   8.0133e-01   1.5521e+02   1.5967e+01   0.0000e+00   4.6460e-06   2.8894e+02
20240726_17:00:00   7.9209e-01   1.5416e+02   1.5751e+01   0.0000e+00   3.8320e-05   2.9082e+02
20240726_18:00:00   8.1199e-01   1.5665e+02   1.5991e+01   0.0000e+00   5.3120e-05   2.9116e+02
20240726_19:00:00   8.7009e-01   1.6363e+02   1.6725e+01   1.6750e-03   0.0000e+00   2.8952e+02
20240726_20:00:00   9.5485e-01   1.7324e+02   1.7374e+01   1.7906e-02   0.0000e+00   2.8880e+02
20240726_21:00:00   1.0330e+00   1.8159e+02   1.7578e+01   3.9037e-02   0.0000e+00   2.8756e+02
20240726_22:00:00   1.9509e+00   2.4020e+02   1.8828e+01   3.7608e-01   3.5945e-04   2.8533e+02
20240726_23:00:00   1.6908e+00   2.2830e+02   1.8554e+01   2.7980e-01   2.6861e-03   2.8575e+02
20240727_00:00:00   1.1812e+00   1.9525e+02   1.7409e+01   9.7851e-02   9.9465e-03   2.8661e+02
20240727_01:00:00   2.8905e+00   2.6329e+02   2.0505e+01   7.3427e-01   2.3063e-01   2.8735e+02
20240727_02:00:00   2.6508e+00   2.5790e+02   2.1949e+01   6.2000e-01   8.4820e-01   2.8675e+02
20240727_03:00:00   1.2727e+00   2.0008e+02   1.8680e+01   1.3339e-01   7.4712e-01   2.8625e+02
20240727_04:00:00   9.5751e-01   1.7263e+02   1.8640e+01   1.9400e-03   1.9026e-01   2.8504e+02
20240727_05:00:00   1.0842e+00   1.8477e+02   2.0029e+01   2.2206e-02   1.7398e-01   2.8701e+02
20240727_06:00:00   1.1091e+00   1.8709e+02   1.9864e+01   3.1753e-02   2.6499e-01   2.8750e+02
20240727_07:00:00   1.0424e+00   1.8106e+02   1.8923e+01   2.2831e-02   2.2848e-02   2.8783e+02
20240727_08:00:00   1.3263e+00   2.0432e+02   1.9186e+01   1.3484e-01   3.5577e-02   2.8678e+02
20240727_09:00:00   2.0687e+00   2.4185e+02   2.0138e+01   4.1981e-01   1.7460e-01   2.8589e+02
20240727_10:00:00   1.0969e+00   1.8553e+02   1.8808e+01   5.3716e-02   6.7361e-02   2.8602e+02
20240727_11:00:00   9.6147e-01   1.7259e+02   1.8672e+01   7.1119e-04   1.7450e-02   2.8650e+02
20240727_12:00:00   9.3732e-01   1.6999e+02   1.8276e+01   3.6515e-03   7.8529e-03   2.8501e+02
20240727_13:00:00   9.0656e-01   1.6669e+02   1.7676e+01   7.7460e-03   5.6799e-03   2.8515e+02
20240727_14:00:00   8.5260e-01   1.6090e+02   1.6989e+01   2.7880e-05   5.1282e-03   2.8617e+02
20240727_15:00:00   8.2694e-01   1.5813e+02   1.6401e+01   0.0000e+00   5.5939e-03   2.8590e+02
20240727_16:00:00   8.0660e-01   1.5583e+02   1.5953e+01   0.0000e+00   6.8800e-04   2.8607e+02
20240727_17:00:00   7.8345e-01   1.5317e+02   1.5421e+01   0.0000e+00   2.2200e-05   2.8475e+02
20240727_18:00:00   7.7468e-01   1.5222e+02   1.5128e+01   0.0000e+00   2.2080e-06   2.8449e+02
20240727_19:00:00   7.9589e-01   1.5508e+02   1.5230e+01   0.0000e+00   4.1100e-05   2.8609e+02
20240727_20:00:00   8.0636e-01   1.5664e+02   1.5228e+01   2.2540e-04   0.0000e+00   2.8450e+02
20240727_21:00:00   8.5063e-01   1.6228e+02   1.5490e+01   5.0757e-03   0.0000e+00   2.8411e+02
20240727_22:00:00   1.3288e+00   2.0733e+02   1.6260e+01   1.7136e-01   9.5600e-06   2.8432e+02
20240727_23:00:00   1.3224e+00   2.0670e+02   1.5710e+01   1.8465e-01   1.5662e-06   2.8304e+02
20240728_00:00:00   1.6956e+00   2.2926e+02   1.6834e+01   3.0408e-01   6.6478e-05   2.8343e+02
20240728_01:00:00   3.5757e+00   2.7239e+02   1.9648e+01   1.0179e+00   5.0890e-02   2.8271e+02
20240728_02:00:00   2.5310e+00   2.5675e+02   1.8596e+01   6.2733e-01   5.4862e-01   2.8223e+02
20240728_03:00:00   1.1435e+00   1.9129e+02   1.7557e+01   8.0137e-02   2.8709e-01   2.8222e+02
20240728_04:00:00   8.2492e-01   1.5881e+02   1.5888e+01   7.1840e-06   1.4111e-01   2.8244e+02
20240728_05:00:00   9.5973e-01   1.7336e+02   1.8517e+01   1.0782e-03   8.3947e-02   2.8504e+02
20240728_06:00:00   1.2140e+00   1.9696e+02   2.0047e+01   5.8320e-02   7.2922e-02   2.8339e+02
20240728_07:00:00   1.0046e+00   1.7759e+02   1.9440e+01   0.0000e+00   2.3657e-01   2.8517e+02
20240728_08:00:00   1.0501e+00   1.8185e+02   2.0028e+01   2.3234e-05   3.5434e-01   2.8545e+02
20240728_09:00:00   1.0498e+00   1.8185e+02   1.9821e+01   6.3099e-03   1.7177e-01   2.8656e+02
20240728_10:00:00   1.0747e+00   1.8403e+02   1.9644e+01   2.2736e-02   4.8261e-02   2.8623e+02
20240728_11:00:00   1.0249e+00   1.7946e+02   1.9468e+01   2.6701e-03   2.5179e-02   2.8333e+02
20240728_12:00:00   9.8473e-01   1.7544e+02   1.8959e+01   3.4880e-04   1.5162e-02   2.8426e+02
20240728_13:00:00   9.8093e-01   1.7496e+02   1.8914e+01   0.0000e+00   2.0472e-02   2.8572e+02
20240728_14:00:00   9.6610e-01   1.7341e+02   1.8723e+01   0.0000e+00   4.2118e-02   2.8531e+02
20240728_15:00:00   9.5214e-01   1.7196e+02   1.8556e+01   5.7480e-05   2.0523e-02   2.8361e+02
20240728_16:00:00   9.4338e-01   1.7102e+02   1.8499e+01   0.0000e+00   1.0058e-02   2.8174e+02
20240728_17:00:00   9.3669e-01   1.7034e+02   1.8403e+01   0.0000e+00   8.3782e-03   2.8196e+02
20240728_18:00:00   9.3355e-01   1.7008e+02   1.8276e+01   0.0000e+00   9.3155e-03   2.8098e+02
20240728_19:00:00   9.2034e-01   1.6879e+02   1.7996e+01   3.1780e-05   4.5094e-03   2.8181e+02
20240728_20:00:00   9.5227e-01   1.7242e+02   1.8158e+01   5.5658e-03   4.7336e-03   2.8247e+02
20240728_21:00:00   1.0102e+00   1.7881e+02   1.8339e+01   1.7766e-02   2.9577e-03   2.8413e+02
20240728_22:00:00   1.5215e+00   2.2002e+02   1.8876e+01   2.0098e-01   6.2270e-03   2.8382e+02
20240728_23:00:00   2.0830e+00   2.4644e+02   1.9762e+01   4.0036e-01   1.2156e-02   2.8364e+02
20240729_00:00:00   1.8972e+00   2.3947e+02   1.9061e+01   3.4192e-01   3.3288e-03   2.8394e+02
20240729_01:00:00   2.0268e+00   2.4443e+02   1.9384e+01   3.8620e-01   8.4910e-04   2.8511e+02
20240729_02:00:00   2.0520e+00   2.4490e+02   1.9927e+01   3.8753e-01   3.6130e-03   2.8516e+02
20240729_03:00:00   1.0554e+00   1.8363e+02   1.8055e+01   4.2558e-02   8.6736e-02   2.8308e+02
20240729_04:00:00   1.5271e+00   2.1947e+02   1.9293e+01   2.0117e-01   1.9321e-01   2.8405e+02
20240729_05:00:00   1.4261e+00   2.1306e+02   1.9646e+01   1.5281e-01   1.3167e-01   2.8411e+02
20240729_06:00:00   1.0730e+00   1.8459e+02   1.9460e+01   2.0417e-02   5.2636e-02   2.8589e+02
20240729_07:00:00   1.0389e+00   1.8127e+02   1.9229e+01   1.2639e-02   2.4570e-02   2.8538e+02
20240729_08:00:00   9.7888e-01   1.7536e+02   1.8680e+01   2.3257e-04   1.1773e-02   2.8312e+02
20240729_09:00:00   9.4473e-01   1.7193e+02   1.8219e+01   0.0000e+00   1.2424e-02   2.8237e+02
20240729_10:00:00   9.2846e-01   1.7020e+02   1.8083e+01   0.0000e+00   2.0003e-02   2.8295e+02
20240729_11:00:00   9.2452e-01   1.6975e+02   1.7986e+01   0.0000e+00   2.8135e-02   2.8172e+02
20240729_12:00:00   9.1707e-01   1.6886e+02   1.7912e+01   1.3940e-04   2.6660e-02   2.8151e+02
20240729_13:00:00   9.4288e-01   1.7156e+02   1.8277e+01   6.5060e-05   2.0124e-02   2.8170e+02
20240729_14:00:00   9.4516e-01   1.7179e+02   1.8253e+01   0.0000e+00   4.0501e-03   2.8231e+02
20240729_15:00:00   9.5665e-01   1.7297e+02   1.8391e+01   0.0000e+00   7.3278e-03   2.8387e+02
20240729_16:00:00   9.4447e-01   1.7171e+02   1.8265e+01   0.0000e+00   6.2787e-04   2.8393e+02
20240729_17:00:00   9.3314e-01   1.7053e+02   1.8103e+01   0.0000e+00   1.6720e-05   2.8455e+02
20240729_18:00:00   9.1503e-01   1.6867e+02   1.7771e+01   0.0000e+00   2.5920e-04   2.8438e+02
20240729_19:00:00   9.0207e-01   1.6738e+02   1.7481e+01   0.0000e+00   2.4100e-04   2.8548e+02
20240729_20:00:00   9.1313e-01   1.6888e+02   1.7418e+01   9.4540e-04   3.2960e-05   2.8526e+02
20240729_21:00:00   1.1240e+00   1.9036e+02   1.7553e+01   7.5702e-02   2.2100e-04   2.8404e+02
20240729_22:00:00   1.1529e+00   1.9315e+02   1.7410e+01   8.9080e-02   4.6460e-05   2.8439e+02
20240729_23:00:00   1.3733e+00   2.1009e+02   1.8427e+01   1.5582e-01   9.4406e-03   2.8384e+02
20240730_00:00:00   1.5718e+00   2.2269e+02   1.8407e+01   2.3568e-01   7.6043e-02   2.8202e+02
20240730_01:00:00   1.2686e+00   2.0280e+02   1.7415e+01   1.3417e-01   3.5800e-02   2.8186e+02
20240730_02:00:00   1.9688e+00   2.4149e+02   1.8278e+01   3.9336e-01   2.5723e-03   2.8301e+02
20240730_03:00:00   8.5124e-01   1.6246e+02   1.5706e+01   1.0447e-02   2.2185e-02   2.8411e+02
20240730_04:00:00   9.0057e-01   1.6805e+02   1.6224e+01   1.3624e-02   7.3178e-02   2.8444e+02
20240730_05:00:00   8.1614e-01   1.5838e+02   1.5086e+01   8.7880e-04   1.4961e-01   2.8564e+02
20240730_06:00:00   7.2143e-01   1.4645e+02   1.3714e+01   0.0000e+00   1.8266e-01   2.8565e+02
20240730_07:00:00   7.2937e-01   1.4734e+02   1.4116e+01   0.0000e+00   1.3204e-01   2.8639e+02
20240730_08:00:00   7.5184e-01   1.5013e+02   1.4652e+01   0.0000e+00   1.6172e-01   2.8780e+02
20240730_09:00:00   8.0998e-01   1.5706e+02   1.5957e+01   0.0000e+00   1.4939e-01   2.8622e+02
20240730_10:00:00   8.6854e-01   1.6362e+02   1.7280e+01   0.0000e+00   2.8617e-02   2.8666e+02
20240730_11:00:00   8.7964e-01   1.6480e+02   1.7520e+01   2.7920e-05   1.2202e-02   2.8772e+02
20240730_12:00:00   8.5818e-01   1.6251e+02   1.6945e+01   0.0000e+00   5.8854e-03   2.9054e+02
20240730_13:00:00   8.4917e-01   1.6139e+02   1.6887e+01   0.0000e+00   1.3270e-02   2.9039e+02
20240730_14:00:00   9.0702e-01   1.6784e+02   1.7849e+01   0.0000e+00   8.1970e-03   2.8909e+02
20240730_15:00:00   9.3247e-01   1.7059e+02   1.8215e+01   0.0000e+00   2.4145e-04   2.8767e+02
20240730_16:00:00   9.5624e-01   1.7290e+02   1.8714e+01   1.4276e-03   9.8978e-04   2.8823e+02
20240730_17:00:00   9.3034e-01   1.7022e+02   1.8350e+01   0.0000e+00   2.6785e-04   2.8832e+02
20240730_18:00:00   8.7743e-01   1.6455e+02   1.7364e+01   0.0000e+00   8.1699e-04   2.8862e+02
20240730_21:00:00   9.1016e-01   1.6857e+02   1.7732e+01   4.6040e-04   2.2915e-04   2.8702e+02
20240731_00:00:00   1.9280e+00   2.3935e+02   1.8895e+01   3.7650e-01   1.1314e-03   2.8609e+02
20240731_03:00:00   8.2599e-01   1.5935e+02   1.6492e+01   1.3658e-05   1.0149e-04   2.8634e+02
20240731_06:00:00   8.7607e-01   1.6502e+02   1.7061e+01   1.7072e-06   2.0762e-03   2.8800e+02
20240731_09:00:00   8.3660e-01   1.6021e+02   1.6628e+01   0.0000e+00   1.3268e-03   2.8504e+02
20240731_12:00:00   8.1651e-01   1.5768e+02   1.6262e+01   0.0000e+00   1.4966e-03   2.8653e+02
20240731_15:00:00   9.3068e-01   1.7049e+02   1.7101e+01   2.6338e-02   7.2946e-03   2.8735e+02
20240731_18:00:00   9.7659e-01   1.7530e+02   1.7090e+01   4.4617e-02   2.5991e-03   2.8443e+02
20240731_21:00:00   9.7083e-01   1.7477e+02   1.8081e+01   2.4692e-02   2.5903e-03   2.8439e+02
20240801_00:00:00   8.0383e-01   1.5693e+02   1.6032e+01   0.0000e+00   6.3703e-04   2.8475e+02
20240801_03:00:00   7.8861e-01   1.5506e+02   1.5565e+01   4.6460e-05   1.8729e-03   2.8791e+02
20240801_06:00:00   7.1757e-01   1.4584e+02   1.4420e+01   0.0000e+00   3.0094e-02   2.8762e+02
20240801_09:00:00   6.4644e-01   1.3565e+02   1.3529e+01   0.0000e+00   5.4164e-03   2.8600e+02
20240801_12:00:00   7.2363e-01   1.4618e+02   1.4760e+01   0.0000e+00   1.8784e-04   2.8282e+02
20240801_15:00:00   7.2739e-01   1.4672e+02   1.4779e+01   0.0000e+00   4.6408e-04   2.8502e+02
20240801_18:00:00   6.9843e-01   1.4288e+02   1.4387e+01   0.0000e+00   9.8344e-04   2.8252e+02
20240801_21:00:00   7.1985e-01   1.4601e+02   1.4770e+01   0.0000e+00   6.9057e-04   2.8262e+02
20240802_00:00:00   6.5296e-01   1.3742e+02   1.3398e+01   8.5360e-07   0.0000e+00   2.8286e+02
20240802_03:00:00   6.9265e-01   1.4306e+02   1.3966e+01   0.0000e+00   5.4520e-05   2.8310e+02
20240802_06:00:00   7.2704e-01   1.4737e+02   1.4814e+01   0.0000e+00   5.4703e-05   2.8575e+02
20240802_09:00:00   7.8562e-01   1.5447e+02   1.5757e+01   3.9100e-03   8.1134e-04   2.8188e+02
20240802_12:00:00   7.6482e-01   1.5187e+02   1.5520e+01   0.0000e+00   0.0000e+00   2.8442e+02
20240802_15:00:00   7.5925e-01   1.5128e+02   1.5333e+01   0.0000e+00   0.0000e+00   2.8773e+02
20240802_18:00:00   7.4319e-01   1.4926e+02   1.5042e+01   0.0000e+00   0.0000e+00   2.8496e+02
20240802_21:00:00   7.0686e-01   1.4501e+02   1.4334e+01   0.0000e+00   0.0000e+00   2.8123e+02
20240803_00:00:00   2.0690e+00   2.4237e+02   2.1054e+01   4.3051e-01   5.4525e-01   2.8172e+02
20240803_03:00:00   8.0683e-01   1.5713e+02   1.6631e+01   0.0000e+00   2.0114e-02   2.8324e+02
20240803_06:00:00   8.7702e-01   1.6448e+02   1.7666e+01   4.5668e-04   1.4962e-02   2.8301e+02
20240803_09:00:00   9.3979e-01   1.7113e+02   1.8484e+01   7.8556e-03   2.6100e-02   2.8371e+02
20240803_12:00:00   8.4037e-01   1.6056e+02   1.6509e+01   0.0000e+00   5.9840e-06   2.8518e+02
20240803_15:00:00   7.6125e-01   1.5091e+02   1.5077e+01   0.0000e+00   0.0000e+00   2.8567e+02
20240803_18:00:00   7.5558e-01   1.5007e+02   1.4967e+01   0.0000e+00   0.0000e+00   2.8587e+02
20240803_21:00:00   7.4198e-01   1.4850e+02   1.4707e+01   0.0000e+00   0.0000e+00   2.8719e+02
20240804_00:00:00   7.9487e-01   1.5480e+02   1.5940e+01   8.9089e-04   9.9752e-02   2.8637e+02
20240804_03:00:00   8.1206e-01   1.5628e+02   1.6459e+01   2.3600e-03   7.9356e-02   2.8920e+02
20240804_06:00:00   8.2147e-01   1.5687e+02   1.6772e+01   0.0000e+00   3.6532e-02   2.9083e+02
20240804_09:00:00   8.4685e-01   1.5958e+02   1.6850e+01   2.9956e-03   7.7585e-02   2.8844e+02
20240804_12:00:00   8.2833e-01   1.5757e+02   1.6330e+01   1.3011e-03   2.7516e-02   2.8919e+02
20240804_15:00:00   9.3965e-01   1.7005e+02   1.6624e+01   3.6679e-02   3.9277e-02   2.9048e+02
20240804_18:00:00   8.6917e-01   1.6235e+02   1.6948e+01   1.0320e-03   3.4718e-03   2.9164e+02
20240804_21:00:00   1.0510e+00   1.8217e+02   1.7897e+01   4.3535e-02   7.1720e-05   2.9029e+02
20240805_00:00:00   1.9055e+00   2.3598e+02   1.9871e+01   3.5462e-01   3.1138e-01   2.8470e+02
20240805_03:00:00   8.4337e-01   1.6035e+02   1.6537e+01   0.0000e+00   5.8185e-02   2.8830e+02
20240805_06:00:00   1.4364e+00   2.1146e+02   1.8979e+01   1.8959e-01   2.2090e-02   2.9069e+02
20240805_09:00:00   7.6819e-01   1.5034e+02   1.5333e+01   0.0000e+00   1.3450e-02   2.9159e+02
20240805_12:00:00   7.1850e-01   1.4421e+02   1.4251e+01   0.0000e+00   1.3658e-05   2.9343e+02
20240805_15:00:00   7.6687e-01   1.5073e+02   1.4654e+01   0.0000e+00   0.0000e+00   2.9118e+02
20240805_18:00:00   7.4007e-01   1.4738e+02   1.4172e+01   0.0000e+00   0.0000e+00   2.9312e+02
20240805_21:00:00   1.2906e+00   2.0260e+02   1.5979e+01   1.7263e-01   3.6185e-04   2.9500e+02
20240806_00:00:00   1.5600e+00   2.1994e+02   1.5630e+01   3.0027e-01   4.5752e-02   2.9297e+02
20240806_03:00:00   1.5599e+00   2.1908e+02   1.6273e+01   2.8623e-01   3.3500e-02   2.9440e+02
20240806_06:00:00   9.1772e-01   1.6774e+02   1.7772e+01   9.0482e-05   9.4994e-02   2.9202e+02
20240806_09:00:00   9.2536e-01   1.6830e+02   1.7841e+01   2.8340e-03   2.0904e-01   2.9278e+02
20240806_12:00:00   8.6784e-01   1.6188e+02   1.7050e+01   0.0000e+00   9.8984e-03   2.9326e+02
20240806_15:00:00   8.6679e-01   1.6178e+02   1.7030e+01   0.0000e+00   8.8581e-03   2.9194e+02
20240806_18:00:00   9.0325e-01   1.6599e+02   1.7546e+01   0.0000e+00   1.9368e-02   2.8946e+02
20240806_21:00:00   9.4107e-01   1.7069e+02   1.7779e+01   6.8740e-03   6.4760e-06   2.9176e+02
20240807_00:00:00   1.0552e+00   1.8279e+02   1.7090e+01   6.6660e-02   6.4458e-05   2.9240e+02
20240807_03:00:00   9.1262e-01   1.6807e+02   1.6865e+01   1.5789e-02   2.3571e-03   2.9061e+02
20240807_06:00:00   9.7895e-01   1.7452e+02   1.8375e+01   8.3156e-03   3.3543e-01   2.8944e+02
20240807_09:00:00   1.1308e+00   1.8794e+02   1.8602e+01   7.0599e-02   4.3608e-01   2.8877e+02
20240807_12:00:00   8.3948e-01   1.5859e+02   1.6907e+01   0.0000e+00   1.0960e-01   2.9232e+02
20240807_15:00:00   8.3805e-01   1.5869e+02   1.6682e+01   3.2740e-04   7.6058e-04   2.9084e+02
20240807_18:00:00   7.5694e-01   1.4945e+02   1.4896e+01   0.0000e+00   3.2016e-04   2.9086e+02
20240807_21:00:00   7.7053e-01   1.5169e+02   1.4189e+01   1.7398e-02   2.3110e-04   2.9125e+02
20240808_00:00:00   6.3057e-01   1.3295e+02   1.2612e+01   7.2900e-05   4.0845e-04   2.9048e+02
20240808_03:00:00   6.1084e-01   1.3015e+02   1.2335e+01   1.9633e-05   3.1725e-03   2.9097e+02
20240808_06:00:00   7.3753e-01   1.4778e+02   1.3840e+01   7.8400e-03   1.0619e-04   2.8752e+02
20240808_09:00:00   6.9061e-01   1.4141e+02   1.3481e+01   8.3640e-05   4.8320e-05   2.8731e+02
20240808_12:00:00   5.9043e-01   1.2681e+02   1.1991e+01   0.0000e+00   0.0000e+00   2.8714e+02
20240808_15:00:00   6.2629e-01   1.3194e+02   1.2613e+01   0.0000e+00   0.0000e+00   2.8991e+02
20240808_18:00:00   6.0051e-01   1.2833e+02   1.2102e+01   0.0000e+00   0.0000e+00   2.8884e+02
20240808_21:00:00   2.2115e+00   2.4633e+02   1.6701e+01   5.8450e-01   1.4262e-01   2.8547e+02
20240809_00:00:00   7.3579e-01   1.4708e+02   1.3847e+01   2.2926e-02   1.1255e-01   2.8742e+02
20240809_03:00:00   8.1326e-01   1.5626e+02   1.6477e+01   1.7072e-06   5.8425e-02   2.8578e+02
20240809_06:00:00   8.0709e-01   1.5556e+02   1.6174e+01   1.6500e-03   9.0701e-02   2.8579e+02
20240809_09:00:00   7.7000e-01   1.5125e+02   1.5236e+01   0.0000e+00   3.6994e-04   2.8398e+02
20240809_12:00:00   7.5139e-01   1.4880e+02   1.4774e+01   0.0000e+00   4.7673e-04   2.8701e+02
20240809_15:00:00   7.2462e-01   1.4557e+02   1.4248e+01   0.0000e+00   1.4852e-03   2.8606e+02
20240809_18:00:00   7.2435e-01   1.4555e+02   1.4260e+01   0.0000e+00   1.9458e-03   2.8770e+02
20240809_21:00:00   7.4391e-01   1.4849e+02   1.4529e+01   1.7072e-06   2.5376e-03   2.8786e+02
20240810_00:00:00   1.2302e+00   1.9928e+02   1.7231e+01   1.2983e-01   1.0756e-04   2.8550e+02
20240810_03:00:00   2.2973e+00   2.4777e+02   2.0018e+01   5.4398e-01   4.6820e-01   2.8477e+02
20240810_06:00:00   9.2643e-01   1.6889e+02   1.8160e+01   2.2282e-03   5.8603e-02   2.8414e+02
20240810_09:00:00   1.2143e+00   1.9503e+02   2.0115e+01   7.1311e-02   2.8599e-01   2.8298e+02
20240810_12:00:00   1.6512e+00   2.2385e+02   2.0295e+01   2.4413e-01   2.8477e-01   2.8408e+02
20240810_15:00:00   1.7384e+00   2.2832e+02   2.0133e+01   2.8209e-01   3.3757e-02   2.8248e+02
20240810_18:00:00   1.6206e+00   2.2240e+02   2.0595e+01   2.1860e-01   2.1571e-02   2.8296e+02
