#            date       tau255        Tb[K]      pwv[mm] lwp[kg*m^-2] iwp[kg*m^-2]       o3[DU]
20250603_12:00:00   3.9166e-01   9.2719e+01   7.4086e+00   0.0000e+00   1.1587e-04   3.1029e+02
20250603_13:00:00   4.0142e-01   9.4580e+01   7.4803e+00   0.0000e+00   5.7320e-05   3.0955e+02
20250603_14:00:00   4.0241e-01   9.4836e+01   7.4465e+00   0.0000e+00   9.3820e-05   3.1208e+02
20250603_15:00:00   3.9774e-01   9.3997e+01   7.3752e+00   0.0000e+00   1.0882e-04   3.1342e+02
20250603_16:00:00   3.8583e-01   9.1809e+01   7.1894e+00   0.0000e+00   0.0000e+00   3.1284e+02
20250603_17:00:00   3.7341e-01   8.9554e+01   6.8902e+00   2.3950e-03   0.0000e+00   3.1258e+02
20250603_18:00:00   3.6713e-01   8.8365e+01   6.8252e+00   2.1090e-03   0.0000e+00   3.1062e+02
20250603_19:00:00   4.4830e-01   1.0297e+02   7.5729e+00   1.3722e-02   0.0000e+00   3.0856e+02
20250603_20:00:00   8.0833e-01   1.5592e+02   8.5474e+00   1.3115e-01   0.0000e+00   3.0697e+02
20250603_21:00:00   1.6571e+00   2.2485e+02   9.9275e+00   4.4177e-01   2.8740e-06   3.0471e+02
20250603_22:00:00   1.3081e+00   2.0334e+02   9.5730e+00   3.0914e-01   0.0000e+00   3.0424e+02
20250603_23:00:00   5.1436e-01   1.1442e+02   8.3807e+00   2.0301e-02   0.0000e+00   3.0391e+02
20250604_00:00:00   4.0078e-01   9.4830e+01   7.4659e+00   0.0000e+00   0.0000e+00   3.0347e+02
20250604_01:00:00   3.6858e-01   8.8818e+01   6.9899e+00   0.0000e+00   5.3620e-04   3.0447e+02
20250604_02:00:00   3.9018e-01   9.2807e+01   7.3187e+00   0.0000e+00   5.3486e-03   3.0529e+02
20250604_03:00:00   4.4499e-01   1.0257e+02   8.1342e+00   1.8006e-04   1.4974e-04   3.0603e+02
20250604_04:00:00   4.6469e-01   1.0598e+02   8.2271e+00   3.9772e-03   9.2188e-06   3.0909e+02
20250604_05:00:00   4.4950e-01   1.0331e+02   8.0353e+00   1.7392e-03   6.0420e-05   3.0885e+02
20250604_06:00:00   4.5202e-01   1.0359e+02   7.9536e+00   2.9755e-03   4.2236e-03   3.0845e+02
20250604_07:00:00   4.4252e-01   1.0184e+02   7.7496e+00   3.3692e-03   2.0960e-03   3.0735e+02
20250604_08:00:00   4.5938e-01   1.0461e+02   7.7464e+00   1.0236e-02   2.4480e-03   3.0566e+02
20250604_09:00:00   4.3949e-01   1.0116e+02   7.3257e+00   1.2649e-02   2.7932e-03   3.0485e+02
20250604_10:00:00   4.5478e-01   1.0381e+02   7.1441e+00   2.2591e-02   5.1739e-04   3.0758e+02
20250604_11:00:00   4.2569e-01   9.8690e+01   6.8438e+00   1.8177e-02   9.5730e-06   3.0951e+02
20250604_12:00:00   3.4233e-01   8.3272e+01   6.2084e+00   3.7063e-04   0.0000e+00   3.0766e+02
20250604_13:00:00   3.4443e-01   8.3571e+01   6.2241e+00   5.4400e-04   0.0000e+00   3.0762e+02
20250604_14:00:00   3.4167e-01   8.2972e+01   6.0643e+00   4.0010e-03   0.0000e+00   3.1032e+02
20250604_15:00:00   3.3225e-01   8.1149e+01   5.8477e+00   5.3140e-03   0.0000e+00   3.1443e+02
20250604_16:00:00   3.2826e-01   8.0355e+01   5.9530e+00   1.0998e-03   0.0000e+00   3.1300e+02
20250604_17:00:00   3.6879e-01   8.8008e+01   6.4904e+00   6.3563e-03   1.4026e-05   3.1120e+02
20250604_18:00:00   3.8094e-01   9.0280e+01   6.7242e+00   7.3309e-03   5.0359e-05   3.1182e+02
20250604_19:00:00   4.0054e-01   9.3829e+01   7.1851e+00   5.8113e-03   9.5320e-05   3.1178e+02
20250604_20:00:00   4.0362e-01   9.4364e+01   7.6023e+00   3.9959e-04   4.6284e-04   3.0975e+02
20250604_21:00:00   4.0884e-01   9.5246e+01   7.8124e+00   9.0802e-04   7.7568e-04   3.0850e+02
20250604_22:00:00   3.7574e-01   8.9374e+01   7.2625e+00   1.4374e-03   1.2526e-04   3.0749e+02
20250604_23:00:00   3.5268e-01   8.5178e+01   6.9149e+00   7.1840e-06   2.8740e-06   3.0779e+02
20250605_00:00:00   3.6259e-01   8.7130e+01   7.0502e+00   0.0000e+00   0.0000e+00   3.0565e+02
20250605_01:00:00   3.4341e-01   8.3585e+01   6.6667e+00   0.0000e+00   0.0000e+00   3.0471e+02
20250605_02:00:00   3.1877e-01   7.8782e+01   6.2036e+00   0.0000e+00   0.0000e+00   3.0476e+02
20250605_03:00:00   2.9104e-01   7.3265e+01   5.6695e+00   0.0000e+00   0.0000e+00   3.0698e+02
20250605_04:00:00   2.6811e-01   6.8588e+01   5.2119e+00   0.0000e+00   0.0000e+00   3.0578e+02
20250605_05:00:00   2.4649e-01   6.4061e+01   4.8013e+00   0.0000e+00   0.0000e+00   3.0661e+02
20250605_06:00:00   2.1855e-01   5.8056e+01   4.2847e+00   0.0000e+00   0.0000e+00   3.0401e+02
20250605_07:00:00   1.9308e-01   5.2422e+01   3.8067e+00   0.0000e+00   0.0000e+00   3.0273e+02
20250605_08:00:00   1.7588e-01   4.8528e+01   3.4762e+00   0.0000e+00   0.0000e+00   3.0327e+02
20250605_09:00:00   1.6688e-01   4.6443e+01   3.3007e+00   0.0000e+00   0.0000e+00   3.0361e+02
20250605_10:00:00   1.6042e-01   4.4946e+01   3.1669e+00   0.0000e+00   0.0000e+00   3.0501e+02
20250605_11:00:00   1.5758e-01   4.4306e+01   3.0872e+00   0.0000e+00   0.0000e+00   3.0596e+02
20250605_12:00:00   1.4183e-01   4.0626e+01   2.7822e+00   0.0000e+00   0.0000e+00   3.0446e+02
20250605_13:00:00   1.2516e-01   3.6647e+01   2.4695e+00   0.0000e+00   0.0000e+00   3.0382e+02
20250605_14:00:00   1.1579e-01   3.4372e+01   2.2908e+00   0.0000e+00   0.0000e+00   3.0398e+02
20250605_15:00:00   1.1257e-01   3.3584e+01   2.2300e+00   0.0000e+00   0.0000e+00   3.0513e+02
20250605_16:00:00   1.2027e-01   3.5469e+01   2.3812e+00   0.0000e+00   0.0000e+00   3.0406e+02
20250605_17:00:00   1.5410e-01   4.3558e+01   3.0410e+00   0.0000e+00   0.0000e+00   3.0211e+02
20250605_18:00:00   1.8043e-01   4.9686e+01   3.5366e+00   0.0000e+00   0.0000e+00   3.0158e+02
20250605_19:00:00   1.9648e-01   5.3357e+01   3.8735e+00   0.0000e+00   0.0000e+00   3.0063e+02
20250605_20:00:00   2.0490e-01   5.5262e+01   4.0890e+00   0.0000e+00   0.0000e+00   3.0095e+02
20250605_21:00:00   2.2021e-01   5.8644e+01   4.4201e+00   0.0000e+00   0.0000e+00   3.0009e+02
20250605_22:00:00   2.2751e-01   6.0274e+01   4.5790e+00   0.0000e+00   0.0000e+00   2.9841e+02
20250605_23:00:00   2.3405e-01   6.1695e+01   4.7195e+00   0.0000e+00   0.0000e+00   2.9530e+02
20250606_00:00:00   2.2693e-01   6.0197e+01   4.5881e+00   0.0000e+00   0.0000e+00   2.9346e+02
20250606_01:00:00   2.0238e-01   5.4839e+01   4.0932e+00   0.0000e+00   0.0000e+00   2.9311e+02
20250606_02:00:00   1.7319e-01   4.8250e+01   3.5105e+00   0.0000e+00   0.0000e+00   2.9228e+02
20250606_03:00:00   1.4577e-01   4.1852e+01   2.9525e+00   0.0000e+00   0.0000e+00   2.9035e+02
20250606_04:00:00   1.2374e-01   3.6559e+01   2.5005e+00   0.0000e+00   0.0000e+00   2.8971e+02
20250606_05:00:00   1.1265e-01   3.3845e+01   2.2667e+00   0.0000e+00   0.0000e+00   2.9186e+02
20250606_06:00:00   1.0342e-01   3.1515e+01   2.0866e+00   0.0000e+00   0.0000e+00   2.9335e+02
20250606_07:00:00   1.0672e-01   3.2215e+01   2.1897e+00   0.0000e+00   0.0000e+00   2.9148e+02
20250606_08:00:00   1.0619e-01   3.2050e+01   2.1794e+00   0.0000e+00   0.0000e+00   2.9182e+02
20250606_09:00:00   1.0426e-01   3.1547e+01   2.1369e+00   0.0000e+00   0.0000e+00   2.9017e+02
20250606_10:00:00   1.0362e-01   3.1385e+01   2.1132e+00   0.0000e+00   0.0000e+00   2.8728e+02
20250606_11:00:00   1.0003e-01   3.0462e+01   2.0404e+00   0.0000e+00   0.0000e+00   2.8607e+02
20250606_12:00:00   9.7601e-02   2.9855e+01   1.9859e+00   0.0000e+00   0.0000e+00   2.8460e+02
20250606_13:00:00   9.3037e-02   2.8722e+01   1.8842e+00   0.0000e+00   0.0000e+00   2.8581e+02
20250606_14:00:00   8.5829e-02   2.6897e+01   1.7312e+00   0.0000e+00   0.0000e+00   2.8612e+02
20250606_15:00:00   7.8790e-02   2.5103e+01   1.5795e+00   0.0000e+00   0.0000e+00   2.8705e+02
20250606_16:00:00   7.9378e-02   2.5263e+01   1.5911e+00   0.0000e+00   0.0000e+00   2.8672e+02
20250606_17:00:00   9.1020e-02   2.8276e+01   1.8279e+00   0.0000e+00   0.0000e+00   2.8783e+02
20250606_18:00:00   1.1419e-01   3.4104e+01   2.3065e+00   0.0000e+00   0.0000e+00   2.8538e+02
20250606_19:00:00   1.3281e-01   3.8707e+01   2.6758e+00   0.0000e+00   0.0000e+00   2.8276e+02
20250606_20:00:00   1.4576e-01   4.1832e+01   2.9673e+00   0.0000e+00   0.0000e+00   2.8073e+02
20250606_21:00:00   1.5576e-01   4.4214e+01   3.1966e+00   0.0000e+00   0.0000e+00   2.8150e+02
20250606_22:00:00   1.6110e-01   4.5502e+01   3.3197e+00   0.0000e+00   0.0000e+00   2.8228e+02
20250606_23:00:00   1.7043e-01   4.7687e+01   3.5210e+00   0.0000e+00   0.0000e+00   2.8261e+02
20250607_00:00:00   1.7548e-01   4.8871e+01   3.6254e+00   0.0000e+00   0.0000e+00   2.8079e+02
20250607_01:00:00   1.7269e-01   4.8244e+01   3.5592e+00   0.0000e+00   0.0000e+00   2.8119e+02
20250607_02:00:00   1.5924e-01   4.5170e+01   3.2695e+00   0.0000e+00   0.0000e+00   2.8081e+02
20250607_03:00:00   1.4291e-01   4.1349e+01   2.9145e+00   0.0000e+00   0.0000e+00   2.7941e+02
20250607_04:00:00   1.2808e-01   3.7804e+01   2.5930e+00   0.0000e+00   0.0000e+00   2.8039e+02
20250607_05:00:00   1.1743e-01   3.5200e+01   2.3632e+00   0.0000e+00   0.0000e+00   2.8094e+02
20250607_06:00:00   1.0863e-01   3.2997e+01   2.1780e+00   0.0000e+00   0.0000e+00   2.8074e+02
20250607_07:00:00   9.7540e-02   3.0221e+01   1.9386e+00   0.0000e+00   0.0000e+00   2.7981e+02
20250607_08:00:00   9.1165e-02   2.8602e+01   1.7974e+00   0.0000e+00   0.0000e+00   2.8000e+02
20250607_09:00:00   8.4888e-02   2.6996e+01   1.6592e+00   0.0000e+00   0.0000e+00   2.8213e+02
20250607_10:00:00   7.9541e-02   2.5598e+01   1.5434e+00   0.0000e+00   0.0000e+00   2.8381e+02
20250607_11:00:00   7.5785e-02   2.4611e+01   1.4620e+00   0.0000e+00   0.0000e+00   2.8377e+02
20250607_12:00:00   7.2092e-02   2.3628e+01   1.3852e+00   0.0000e+00   0.0000e+00   2.8109e+02
20250607_13:00:00   7.0861e-02   2.3292e+01   1.3613e+00   0.0000e+00   0.0000e+00   2.8120e+02
20250607_14:00:00   6.8548e-02   2.2673e+01   1.3146e+00   0.0000e+00   0.0000e+00   2.8257e+02
20250607_15:00:00   6.6595e-02   2.2143e+01   1.2773e+00   0.0000e+00   0.0000e+00   2.8349e+02
20250607_16:00:00   6.5542e-02   2.1852e+01   1.2589e+00   0.0000e+00   0.0000e+00   2.8398e+02
20250607_17:00:00   7.6323e-02   2.4672e+01   1.4946e+00   0.0000e+00   0.0000e+00   2.8304e+02
20250607_18:00:00   1.0089e-01   3.0961e+01   2.0216e+00   0.0000e+00   0.0000e+00   2.8199e+02
20250607_19:00:00   1.2736e-01   3.7536e+01   2.5798e+00   0.0000e+00   0.0000e+00   2.8063e+02
20250607_20:00:00   1.5391e-01   4.3888e+01   3.1774e+00   0.0000e+00   0.0000e+00   2.7993e+02
20250607_21:00:00   1.6600e-01   4.6710e+01   3.4628e+00   0.0000e+00   0.0000e+00   2.8038e+02
20250607_22:00:00   1.6523e-01   4.6540e+01   3.4745e+00   0.0000e+00   0.0000e+00   2.8163e+02
20250607_23:00:00   1.6201e-01   4.5802e+01   3.4257e+00   0.0000e+00   0.0000e+00   2.8193e+02
20250608_00:00:00   1.4956e-01   4.2923e+01   3.1521e+00   0.0000e+00   0.0000e+00   2.8076e+02
20250608_01:00:00   1.3927e-01   4.0494e+01   2.9203e+00   0.0000e+00   0.0000e+00   2.7995e+02
20250608_02:00:00   1.2420e-01   3.6847e+01   2.5936e+00   0.0000e+00   0.0000e+00   2.8012e+02
20250608_03:00:00   1.0794e-01   3.2869e+01   2.2269e+00   0.0000e+00   0.0000e+00   2.8021e+02
20250608_04:00:00   1.0398e-01   3.1869e+01   2.1386e+00   0.0000e+00   0.0000e+00   2.8037e+02
20250608_05:00:00   9.8317e-02   3.0426e+01   2.0173e+00   0.0000e+00   0.0000e+00   2.8175e+02
20250608_06:00:00   9.3277e-02   2.9112e+01   1.9163e+00   0.0000e+00   0.0000e+00   2.8335e+02
20250608_07:00:00   9.3864e-02   2.9161e+01   1.9558e+00   0.0000e+00   0.0000e+00   2.8405e+02
20250608_08:00:00   9.1862e-02   2.8601e+01   1.9236e+00   0.0000e+00   0.0000e+00   2.8385e+02
20250608_09:00:00   9.0001e-02   2.8092e+01   1.8895e+00   0.0000e+00   0.0000e+00   2.8370e+02
20250608_10:00:00   9.0748e-02   2.8280e+01   1.9007e+00   0.0000e+00   0.0000e+00   2.8289e+02
20250608_11:00:00   8.9178e-02   2.7878e+01   1.8619e+00   0.0000e+00   0.0000e+00   2.8290e+02
20250608_12:00:00   8.6301e-02   2.7134e+01   1.7937e+00   0.0000e+00   0.0000e+00   2.8291e+02
20250608_15:00:00   7.9270e-02   2.5287e+01   1.6368e+00   0.0000e+00   0.0000e+00   2.8144e+02
20250608_18:00:00   8.7483e-02   2.7439e+01   1.8172e+00   0.0000e+00   0.0000e+00   2.8417e+02
20250608_21:00:00   1.1556e-01   3.4656e+01   2.4399e+00   0.0000e+00   0.0000e+00   2.8570e+02
20250609_00:00:00   1.0882e-01   3.3112e+01   2.2645e+00   0.0000e+00   0.0000e+00   2.8422e+02
20250609_03:00:00   8.8702e-02   2.8164e+01   1.7764e+00   0.0000e+00   0.0000e+00   2.8614e+02
20250609_06:00:00   7.3828e-02   2.4287e+01   1.4200e+00   0.0000e+00   0.0000e+00   2.9325e+02
20250609_09:00:00   6.4280e-02   2.1758e+01   1.1821e+00   0.0000e+00   0.0000e+00   2.9616e+02
20250609_12:00:00   6.6687e-02   2.2283e+01   1.2339e+00   0.0000e+00   0.0000e+00   3.0399e+02
20250609_15:00:00   6.8721e-02   2.2773e+01   1.2840e+00   0.0000e+00   0.0000e+00   3.0910e+02
20250609_18:00:00   1.1608e-01   3.4748e+01   2.3103e+00   0.0000e+00   0.0000e+00   3.1182e+02
20250609_21:00:00   1.6658e-01   4.6717e+01   3.4714e+00   0.0000e+00   0.0000e+00   3.1314e+02
20250610_00:00:00   1.8571e-01   5.1089e+01   3.8859e+00   0.0000e+00   0.0000e+00   3.1821e+02
20250610_03:00:00   1.5679e-01   4.4444e+01   3.2367e+00   0.0000e+00   0.0000e+00   3.2109e+02
20250610_06:00:00   2.7306e-01   6.9805e+01   5.5891e+00   0.0000e+00   0.0000e+00   3.2452e+02
20250610_09:00:00   2.6824e-01   6.8908e+01   5.5003e+00   0.0000e+00   0.0000e+00   3.2080e+02
20250610_12:00:00   3.1635e-01   7.8302e+01   6.5033e+00   0.0000e+00   0.0000e+00   3.1900e+02
20250610_15:00:00   3.1961e-01   7.8875e+01   6.5902e+00   0.0000e+00   0.0000e+00   3.1251e+02
20250610_18:00:00   3.3954e-01   8.2997e+01   6.9150e+00   0.0000e+00   0.0000e+00   3.0800e+02
20250610_21:00:00   3.8431e-01   9.1808e+01   7.6701e+00   0.0000e+00   0.0000e+00   3.0565e+02
20250611_00:00:00   3.6883e-01   8.9029e+01   7.3819e+00   0.0000e+00   0.0000e+00   3.0045e+02
20250611_03:00:00   2.9257e-01   7.4285e+01   5.9232e+00   0.0000e+00   0.0000e+00   3.0461e+02
20250611_06:00:00   2.6758e-01   6.9102e+01   5.4809e+00   0.0000e+00   0.0000e+00   3.1089e+02
20250611_09:00:00   2.5994e-01   6.7467e+01   5.2847e+00   0.0000e+00   0.0000e+00   3.1240e+02
20250611_12:00:00   2.2332e-01   5.9508e+01   4.5579e+00   0.0000e+00   0.0000e+00   3.0852e+02
20250611_15:00:00   1.8627e-01   5.1188e+01   3.8566e+00   0.0000e+00   0.0000e+00   3.1224e+02
20250611_18:00:00   1.7593e-01   4.8903e+01   3.6078e+00   0.0000e+00   0.0000e+00   3.0920e+02
20250611_21:00:00   2.6683e-01   6.8995e+01   5.4303e+00   0.0000e+00   0.0000e+00   3.0988e+02
20250612_00:00:00   2.7031e-01   6.9820e+01   5.5614e+00   0.0000e+00   0.0000e+00   3.0954e+02
20250612_03:00:00   1.6765e-01   4.7158e+01   3.5441e+00   0.0000e+00   0.0000e+00   3.0642e+02
20250612_06:00:00   1.5797e-01   4.4936e+01   3.3437e+00   0.0000e+00   0.0000e+00   3.0763e+02
20250612_09:00:00   1.4793e-01   4.2279e+01   3.1873e+00   0.0000e+00   0.0000e+00   3.0672e+02
20250612_12:00:00   1.5734e-01   4.4460e+01   3.3970e+00   0.0000e+00   0.0000e+00   2.9920e+02
20250612_15:00:00   1.5819e-01   4.4693e+01   3.4228e+00   0.0000e+00   0.0000e+00   2.9464e+02
20250612_18:00:00   1.7756e-01   4.9264e+01   3.8107e+00   0.0000e+00   0.0000e+00   2.9106e+02
20250612_21:00:00   2.3527e-01   6.2340e+01   4.9537e+00   0.0000e+00   0.0000e+00   2.8823e+02
20250613_00:00:00   2.2522e-01   6.0102e+01   4.7964e+00   0.0000e+00   0.0000e+00   2.8468e+02
20250613_03:00:00   1.5919e-01   4.5135e+01   3.4335e+00   0.0000e+00   0.0000e+00   2.8458e+02
20250613_06:00:00   1.2694e-01   3.7465e+01   2.7070e+00   0.0000e+00   0.0000e+00   2.8428e+02
20250613_09:00:00   1.4412e-01   4.1393e+01   3.1569e+00   0.0000e+00   0.0000e+00   2.8118e+02
20250613_12:00:00   1.4235e-01   4.0859e+01   3.1654e+00   0.0000e+00   0.0000e+00   2.8291e+02
20250613_15:00:00   1.3590e-01   3.9308e+01   3.0241e+00   0.0000e+00   0.0000e+00   2.8045e+02
20250613_18:00:00   1.4613e-01   4.1798e+01   3.2352e+00   0.0000e+00   0.0000e+00   2.8296e+02
20250613_21:00:00   1.8465e-01   5.1006e+01   4.0317e+00   0.0000e+00   0.0000e+00   2.8292e+02
20250614_00:00:00   1.9380e-01   5.3236e+01   4.2429e+00   0.0000e+00   0.0000e+00   2.8195e+02
20250614_03:00:00   1.6409e-01   4.6433e+01   3.6117e+00   0.0000e+00   0.0000e+00   2.8372e+02
20250614_06:00:00   1.7430e-01   4.8869e+01   3.8135e+00   0.0000e+00   0.0000e+00   2.8497e+02
20250614_09:00:00   2.9145e-01   7.4075e+01   6.2058e+00   0.0000e+00   0.0000e+00   2.8512e+02
20250614_12:00:00   2.7108e-01   6.9908e+01   5.7368e+00   0.0000e+00   0.0000e+00   2.8455e+02
20250614_15:00:00   3.0342e-01   7.7001e+01   6.2927e+00   0.0000e+00   0.0000e+00   2.8632e+02
20250614_18:00:00   3.0118e-01   7.6476e+01   6.3128e+00   0.0000e+00   0.0000e+00   2.8729e+02
20250614_21:00:00   3.5058e-01   8.5940e+01   7.5280e+00   0.0000e+00   0.0000e+00   2.8835e+02
20250615_00:00:00   4.0542e-01   9.6081e+01   8.7802e+00   0.0000e+00   5.1000e-06   2.8776e+02
20250615_03:00:00   5.7658e-01   1.2430e+02   1.1911e+01   6.3666e-03   1.1265e-02   2.8785e+02
20250615_06:00:00   7.8664e-01   1.5360e+02   1.4067e+01   2.7176e-02   1.7862e-02   2.8808e+02
20250615_09:00:00   6.1675e-01   1.3125e+02   1.2154e+01   0.0000e+00   0.0000e+00   2.8629e+02
20250615_12:00:00   6.3809e-01   1.3422e+02   1.2893e+01   0.0000e+00   0.0000e+00   2.8631e+02
20250615_15:00:00   5.7901e-01   1.2553e+02   1.1759e+01   0.0000e+00   0.0000e+00   2.8797e+02
20250615_18:00:00   5.9459e-01   1.2796e+02   1.2069e+01   0.0000e+00   0.0000e+00   2.8912e+02
20250615_21:00:00   8.2782e-01   1.5874e+02   1.4748e+01   3.6902e-02   1.4488e-02   2.8782e+02
20250616_00:00:00   1.9013e+00   2.3465e+02   1.7479e+01   4.4611e-01   3.4025e-01   2.8860e+02
20250616_03:00:00   9.3980e-01   1.7060e+02   1.5266e+01   7.6764e-02   1.0537e-01   2.8684e+02
20250616_06:00:00   7.5836e-01   1.4977e+02   1.2280e+01   6.0713e-02   1.5984e-02   2.8692e+02
20250616_09:00:00   5.5958e-01   1.2247e+02   1.1137e+01   0.0000e+00   0.0000e+00   2.9041e+02
20250616_12:00:00   5.4256e-01   1.2007e+02   1.0750e+01   0.0000e+00   0.0000e+00   2.8988e+02
20250616_15:00:00   4.8563e-01   1.1085e+02   9.8277e+00   0.0000e+00   0.0000e+00   2.9254e+02
20250616_18:00:00   5.0649e-01   1.1443e+02   1.0114e+01   0.0000e+00   0.0000e+00   2.9469e+02
20250616_21:00:00   6.1936e-01   1.3165e+02   1.2433e+01   7.7960e-04   1.1878e-03   2.9164e+02
20250617_00:00:00   1.2161e+00   1.9486e+02   1.4703e+01   2.1725e-01   2.7551e-01   2.9068e+02
20250617_03:00:00   5.6411e-01   1.2258e+02   1.1676e+01   3.6318e-04   1.2253e-02   2.9150e+02
20250617_06:00:00   6.0753e-01   1.2847e+02   1.2761e+01   0.0000e+00   1.9592e-03   2.8685e+02
20250617_09:00:00   5.8444e-01   1.2588e+02   1.1924e+01   0.0000e+00   8.2400e-06   2.8771e+02
20250617_12:00:00   4.9608e-01   1.1237e+02   9.9370e+00   0.0000e+00   0.0000e+00   2.8884e+02
20250617_15:00:00   5.1637e-01   1.1586e+02   1.0294e+01   0.0000e+00   0.0000e+00   2.8679e+02
20250617_18:00:00   4.9239e-01   1.1193e+02   9.9208e+00   0.0000e+00   0.0000e+00   2.8760e+02
20250617_21:00:00   5.0313e-01   1.1323e+02   1.0429e+01   0.0000e+00   5.0200e-05   2.8722e+02
20250618_00:00:00   5.1164e-01   1.1451e+02   1.0757e+01   1.4370e-05   2.7780e-03   2.8549e+02
20250618_03:00:00   4.7103e-01   1.0785e+02   9.8045e+00   0.0000e+00   5.1580e-04   2.8500e+02
20250618_06:00:00   5.4491e-01   1.1991e+02   1.1122e+01   0.0000e+00   3.7561e-05   2.8672e+02
20250618_09:00:00   5.0898e-01   1.1421e+02   1.0252e+01   0.0000e+00   0.0000e+00   2.8599e+02
20250618_12:00:00   4.6427e-01   1.0690e+02   9.3809e+00   0.0000e+00   0.0000e+00   2.8867e+02
20250618_15:00:00   4.3300e-01   1.0169e+02   8.7232e+00   0.0000e+00   0.0000e+00   2.9165e+02
20250618_18:00:00   4.2666e-01   1.0051e+02   8.6653e+00   0.0000e+00   0.0000e+00   2.9389e+02
20250618_21:00:00   3.5294e-01   8.6784e+01   7.5335e+00   0.0000e+00   0.0000e+00   2.9400e+02
20250619_00:00:00   3.2548e-01   8.1283e+01   7.0905e+00   0.0000e+00   0.0000e+00   2.9175e+02
20250619_03:00:00   3.1878e-01   8.0227e+01   6.8781e+00   0.0000e+00   0.0000e+00   2.9193e+02
20250619_06:00:00   3.1167e-01   7.8813e+01   6.6442e+00   0.0000e+00   0.0000e+00   2.9333e+02
20250619_09:00:00   3.6313e-01   8.8805e+01   7.5356e+00   0.0000e+00   0.0000e+00   2.9073e+02
20250619_12:00:00   3.3956e-01   8.4205e+01   7.1036e+00   0.0000e+00   0.0000e+00   2.9496e+02
