#            date       tau255        Tb[K]      pwv[mm] lwp[kg*m^-2] iwp[kg*m^-2]       o3[DU]
20260703_18:00:00   4.3984e-01   1.0213e+02   8.7089e+00   3.5920e-05   4.0063e-03   2.9143e+02
20260703_19:00:00   3.7683e-01   9.0661e+01   7.5968e+00   0.0000e+00   3.9044e-03   2.9108e+02
20260703_20:00:00   3.5595e-01   8.6674e+01   7.2985e+00   0.0000e+00   3.7675e-03   2.9092e+02
20260703_21:00:00   3.6918e-01   8.9240e+01   7.6335e+00   0.0000e+00   5.8917e-03   2.9302e+02
20260703_22:00:00   4.0473e-01   9.5647e+01   8.3894e+00   0.0000e+00   3.5620e-02   2.9396e+02
20260703_23:00:00   4.1753e-01   9.7817e+01   8.7024e+00   0.0000e+00   5.8477e-02   2.9283e+02
20260704_00:00:00   4.1124e-01   9.6569e+01   8.6294e+00   0.0000e+00   3.3810e-02   2.9352e+02
20260704_01:00:00   3.8628e-01   9.1969e+01   8.1800e+00   0.0000e+00   4.7118e-02   2.9291e+02
20260704_02:00:00   3.6339e-01   8.7717e+01   7.7637e+00   0.0000e+00   8.7886e-02   2.9407e+02
20260704_03:00:00   4.0032e-01   9.4417e+01   8.5409e+00   0.0000e+00   9.4894e-02   2.9276e+02
20260704_04:00:00   4.3468e-01   1.0050e+02   9.2781e+00   0.0000e+00   3.3642e-02   2.8874e+02
20260704_05:00:00   4.4794e-01   1.0306e+02   9.4739e+00   0.0000e+00   9.2664e-03   2.8921e+02
20260704_06:00:00   4.4654e-01   1.0292e+02   9.4735e+00   0.0000e+00   4.7733e-03   2.9089e+02
20260704_07:00:00   4.7370e-01   1.0726e+02   1.0130e+01   0.0000e+00   8.5417e-03   2.8746e+02
20260704_08:00:00   5.2059e-01   1.1443e+02   1.1226e+01   0.0000e+00   5.0733e-03   2.8691e+02
20260704_09:00:00   5.6961e-01   1.2153e+02   1.2214e+01   0.0000e+00   1.3616e-01   2.8736e+02
20260704_10:00:00   6.1899e-01   1.2852e+02   1.3032e+01   0.0000e+00   3.4547e-01   2.8696e+02
20260704_11:00:00   6.1404e-01   1.2791e+02   1.3008e+01   0.0000e+00   2.2275e-01   2.8701e+02
20260704_12:00:00   6.1867e-01   1.2873e+02   1.3114e+01   0.0000e+00   7.5468e-02   2.8585e+02
20260704_13:00:00   6.0553e-01   1.2666e+02   1.2951e+01   0.0000e+00   1.2521e-02   2.8754e+02
20260704_14:00:00   6.0117e-01   1.2576e+02   1.2855e+01   0.0000e+00   9.8093e-02   2.8785e+02
20260704_15:00:00   6.1229e-01   1.2724e+02   1.3012e+01   0.0000e+00   1.6737e-01   2.8729e+02
20260704_16:00:00   6.0914e-01   1.2673e+02   1.2907e+01   0.0000e+00   2.1475e-01   2.8415e+02
20260704_17:00:00   6.4776e-01   1.3224e+02   1.3552e+01   0.0000e+00   2.5902e-01   2.8227e+02
20260704_18:00:00   6.8979e-01   1.3813e+02   1.4275e+01   0.0000e+00   2.5747e-01   2.8219e+02
20260704_19:00:00   7.0634e-01   1.4044e+02   1.4520e+01   0.0000e+00   3.3010e-01   2.8427e+02
20260704_20:00:00   6.9898e-01   1.3945e+02   1.4517e+01   0.0000e+00   2.2494e-01   2.8651e+02
20260704_21:00:00   6.7393e-01   1.3604e+02   1.4069e+01   0.0000e+00   3.3185e-01   2.8686e+02
20260704_22:00:00   6.7432e-01   1.3618e+02   1.4177e+01   0.0000e+00   1.4108e-01   2.8644e+02
20260704_23:00:00   6.7033e-01   1.3570e+02   1.4156e+01   0.0000e+00   1.7219e-01   2.8542e+02
20260705_00:00:00   6.9302e-01   1.3883e+02   1.4534e+01   0.0000e+00   1.8215e-01   2.8433e+02
20260705_01:00:00   7.2392e-01   1.4300e+02   1.4961e+01   0.0000e+00   2.4490e-01   2.8479e+02
20260705_02:00:00   7.1847e-01   1.4248e+02   1.4985e+01   0.0000e+00   1.0841e-01   2.8460e+02
20260705_03:00:00   7.0951e-01   1.4123e+02   1.4576e+01   7.7725e-03   6.4902e-02   2.8552e+02
20260705_04:00:00   6.6536e-01   1.3533e+02   1.4175e+01   0.0000e+00   5.2338e-02   2.8567e+02
20260705_05:00:00   6.6654e-01   1.3540e+02   1.4174e+01   3.0480e-04   7.8137e-02   2.8532e+02
20260705_06:00:00   6.6230e-01   1.3471e+02   1.4112e+01   0.0000e+00   1.0461e-01   2.8395e+02
20260705_07:00:00   6.6130e-01   1.3453e+02   1.4076e+01   9.2940e-06   1.1820e-01   2.8523e+02
20260705_08:00:00   6.7282e-01   1.3609e+02   1.4285e+01   0.0000e+00   7.0210e-02   2.8591e+02
20260705_09:00:00   6.7990e-01   1.3703e+02   1.4378e+01   0.0000e+00   1.0014e-01   2.8532e+02
20260705_10:00:00   6.7936e-01   1.3696e+02   1.4298e+01   3.6060e-04   6.7742e-02   2.8221e+02
20260705_11:00:00   6.7289e-01   1.3621e+02   1.4174e+01   0.0000e+00   1.9123e-02   2.8294e+02
20260705_12:00:00   6.7391e-01   1.3645e+02   1.4105e+01   1.0224e-04   1.9587e-02   2.8467e+02
20260705_13:00:00   6.8199e-01   1.3755e+02   1.4215e+01   0.0000e+00   1.9935e-02   2.8742e+02
20260705_14:00:00   6.9136e-01   1.3883e+02   1.4369e+01   0.0000e+00   1.8821e-02   2.8731e+02
20260705_15:00:00   6.9380e-01   1.3934e+02   1.4375e+01   0.0000e+00   7.5921e-03   2.8609e+02
20260705_16:00:00   6.9985e-01   1.4024e+02   1.4451e+01   0.0000e+00   6.7039e-03   2.8612e+02
20260705_17:00:00   7.1352e-01   1.4207e+02   1.4747e+01   0.0000e+00   1.7917e-02   2.8686e+02
20260705_18:00:00   7.3452e-01   1.4483e+02   1.5105e+01   5.2900e-05   1.0613e-01   2.8619e+02
20260705_19:00:00   7.7482e-01   1.5008e+02   1.5571e+01   4.7522e-03   1.3980e-01   2.8206e+02
20260705_20:00:00   8.3113e-01   1.5704e+02   1.5874e+01   1.9573e-02   1.5209e-01   2.8009e+02
20260705_21:00:00   8.4645e-01   1.5903e+02   1.5890e+01   2.4180e-02   1.2369e-01   2.7937e+02
20260705_22:00:00   8.2753e-01   1.5691e+02   1.6061e+01   1.2120e-02   1.4408e-01   2.7965e+02
20260705_23:00:00   7.8906e-01   1.5245e+02   1.5856e+01   2.1721e-03   5.5227e-02   2.8013e+02
20260706_00:00:00   7.5625e-01   1.4863e+02   1.5233e+01   3.5520e-03   3.0436e-02   2.8076e+02
20260706_01:00:00   7.2175e-01   1.4436e+02   1.4747e+01   2.2080e-06   2.3633e-03   2.7960e+02
20260706_02:00:00   6.8307e-01   1.3930e+02   1.4037e+01   0.0000e+00   3.4003e-05   2.7880e+02
20260706_03:00:00   6.4972e-01   1.3477e+02   1.3417e+01   0.0000e+00   0.0000e+00   2.7804e+02
20260706_04:00:00   6.4348e-01   1.3396e+02   1.3269e+01   0.0000e+00   0.0000e+00   2.7717e+02
20260706_05:00:00   6.3941e-01   1.3352e+02   1.3119e+01   0.0000e+00   0.0000e+00   2.7550e+02
20260706_06:00:00   6.3245e-01   1.3262e+02   1.2907e+01   0.0000e+00   0.0000e+00   2.7743e+02
20260706_07:00:00   6.3205e-01   1.3255e+02   1.2811e+01   0.0000e+00   0.0000e+00   2.7874e+02
20260706_08:00:00   6.3585e-01   1.3296e+02   1.2856e+01   0.0000e+00   3.7180e-06   2.7782e+02
20260706_09:00:00   6.4217e-01   1.3370e+02   1.3003e+01   0.0000e+00   5.3698e-04   2.7701e+02
20260706_10:00:00   6.3452e-01   1.3267e+02   1.2806e+01   0.0000e+00   3.9657e-04   2.7690e+02
20260706_11:00:00   6.2797e-01   1.3183e+02   1.2645e+01   0.0000e+00   6.7560e-05   2.7765e+02
20260706_12:00:00   6.2950e-01   1.3203e+02   1.2634e+01   0.0000e+00   6.7568e-04   2.7789e+02
20260706_13:00:00   6.2323e-01   1.3118e+02   1.2486e+01   0.0000e+00   1.4960e-04   2.7955e+02
20260706_14:00:00   6.2869e-01   1.3206e+02   1.2500e+01   0.0000e+00   0.0000e+00   2.8178e+02
20260706_15:00:00   6.2708e-01   1.3196e+02   1.2435e+01   0.0000e+00   0.0000e+00   2.8034e+02
20260706_16:00:00   6.1149e-01   1.2979e+02   1.2196e+01   0.0000e+00   0.0000e+00   2.7768e+02
20260706_17:00:00   6.0155e-01   1.2826e+02   1.2098e+01   0.0000e+00   0.0000e+00   2.7814e+02
20260706_18:00:00   6.0214e-01   1.2832e+02   1.2148e+01   0.0000e+00   0.0000e+00   2.7950e+02
20260706_19:00:00   6.1543e-01   1.3035e+02   1.2426e+01   0.0000e+00   0.0000e+00   2.8134e+02
20260706_20:00:00   6.4862e-01   1.3527e+02   1.3044e+01   0.0000e+00   5.9480e-05   2.8091e+02
20260706_21:00:00   6.8634e-01   1.4065e+02   1.3578e+01   3.1819e-03   1.1464e-03   2.8154e+02
20260706_22:00:00   8.3709e-01   1.5946e+02   1.3816e+01   6.1479e-02   2.7443e-02   2.8201e+02
20260706_23:00:00   8.6937e-01   1.6321e+02   1.4100e+01   6.7984e-02   4.5120e-02   2.8288e+02
20260707_00:00:00   7.8537e-01   1.5352e+02   1.4159e+01   3.1036e-02   2.5217e-02   2.8376e+02
20260707_01:00:00   1.3930e+00   2.0776e+02   1.4871e+01   2.8371e-01   1.0278e-01   2.8353e+02
20260707_02:00:00   1.0132e+00   1.7804e+02   1.5691e+01   8.4361e-02   1.4021e-01   2.8325e+02
20260707_03:00:00   6.9093e-01   1.4145e+02   1.3632e+01   9.0112e-04   5.6582e-04   2.8188e+02
20260707_04:00:00   6.6467e-01   1.3796e+02   1.3178e+01   1.9428e-03   1.7130e-03   2.8386e+02
20260707_05:00:00   6.7192e-01   1.3889e+02   1.3384e+01   1.3316e-04   2.9703e-04   2.8302e+02
20260707_06:00:00   6.6621e-01   1.3805e+02   1.3241e+01   9.5600e-05   6.7461e-05   2.8275e+02
20260707_07:00:00   6.4257e-01   1.3471e+02   1.2802e+01   5.8900e-04   1.0106e-04   2.8295e+02
20260707_08:00:00   6.3242e-01   1.3318e+02   1.2630e+01   8.5360e-06   4.5026e-04   2.8139e+02
20260707_09:00:00   6.1652e-01   1.3087e+02   1.2313e+01   0.0000e+00   0.0000e+00   2.8003e+02
20260707_10:00:00   6.0266e-01   1.2884e+02   1.2043e+01   0.0000e+00   0.0000e+00   2.7907e+02
20260707_11:00:00   6.1328e-01   1.3041e+02   1.2186e+01   0.0000e+00   0.0000e+00   2.7845e+02
20260707_12:00:00   6.2718e-01   1.3249e+02   1.2370e+01   0.0000e+00   0.0000e+00   2.7781e+02
20260707_13:00:00   6.4474e-01   1.3503e+02   1.2703e+01   0.0000e+00   0.0000e+00   2.7762e+02
20260707_14:00:00   6.3559e-01   1.3371e+02   1.2675e+01   0.0000e+00   0.0000e+00   2.7836e+02
20260707_15:00:00   6.4947e-01   1.3568e+02   1.2944e+01   0.0000e+00   0.0000e+00   2.7894e+02
20260707_16:00:00   6.7177e-01   1.3879e+02   1.3350e+01   0.0000e+00   6.8280e-07   2.7915e+02
20260707_17:00:00   6.9642e-01   1.4214e+02   1.3812e+01   0.0000e+00   0.0000e+00   2.7754e+02
20260707_18:00:00   7.3856e-01   1.4774e+02   1.4533e+01   0.0000e+00   0.0000e+00   2.7943e+02
20260707_19:00:00   8.3441e-01   1.5962e+02   1.5554e+01   1.4380e-02   3.7180e-05   2.8096e+02
20260707_20:00:00   1.1585e+00   1.9199e+02   1.6418e+01   1.3078e-01   6.9720e-03   2.8062e+02
20260707_21:00:00   1.4405e+00   2.1275e+02   1.6556e+01   2.4841e-01   5.1800e-02   2.7990e+02
20260707_22:00:00   8.4849e-01   1.6177e+02   1.6096e+01   9.7629e-03   4.4772e-03   2.8014e+02
20260707_23:00:00   8.5232e-01   1.6220e+02   1.6267e+01   8.1362e-03   7.8371e-03   2.7718e+02
20260708_00:00:00   1.7269e+00   2.2892e+02   1.7198e+01   3.5092e-01   3.2307e-02   2.7599e+02
20260708_01:00:00   1.2407e+00   1.9912e+02   1.7385e+01   1.4614e-01   1.8817e-02   2.7586e+02
20260708_02:00:00   9.0151e-01   1.6733e+02   1.6286e+01   3.9694e-02   2.2740e-02   2.7779e+02
20260708_03:00:00   8.5471e-01   1.6188e+02   1.6927e+01   4.4643e-03   9.0721e-03   2.7941e+02
20260708_04:00:00   8.9525e-01   1.6645e+02   1.7723e+01   3.4316e-04   5.3724e-03   2.8003e+02
20260708_05:00:00   1.0399e+00   1.8115e+02   1.7660e+01   5.9055e-02   9.6689e-03   2.8001e+02
20260708_06:00:00   1.2967e+00   2.0239e+02   1.7891e+01   1.5698e-01   1.1131e-01   2.7930e+02
20260708_07:00:00   1.6439e+00   2.2427e+02   1.8567e+01   2.7773e-01   1.2152e-01   2.7948e+02
20260708_08:00:00   1.3806e+00   2.0849e+02   1.8633e+01   1.6750e-01   1.2508e-01   2.7918e+02
20260708_09:00:00   9.0604e-01   1.6721e+02   1.7550e+01   1.9834e-03   1.3517e-02   2.7967e+02
20260708_10:00:00   8.6059e-01   1.6233e+02   1.6739e+01   0.0000e+00   4.4160e-06   2.7868e+02
20260708_11:00:00   8.2506e-01   1.5828e+02   1.6106e+01   0.0000e+00   0.0000e+00   2.7820e+02
20260708_12:00:00   7.9082e-01   1.5412e+02   1.5624e+01   0.0000e+00   0.0000e+00   2.7810e+02
20260708_13:00:00   7.6494e-01   1.5090e+02   1.5326e+01   0.0000e+00   0.0000e+00   2.7925e+02
20260708_14:00:00   7.4992e-01   1.4910e+02   1.5021e+01   0.0000e+00   0.0000e+00   2.8018e+02
20260708_15:00:00   7.1537e-01   1.4478e+02   1.4354e+01   0.0000e+00   0.0000e+00   2.8200e+02
20260708_16:00:00   6.8828e-01   1.4128e+02   1.3804e+01   0.0000e+00   0.0000e+00   2.8447e+02
20260708_17:00:00   6.7413e-01   1.3938e+02   1.3564e+01   0.0000e+00   0.0000e+00   2.8265e+02
20260708_18:00:00   6.7586e-01   1.3974e+02   1.3513e+01   0.0000e+00   0.0000e+00   2.8273e+02
20260708_21:00:00   7.0662e-01   1.4454e+02   1.3194e+01   1.5469e-02   4.5741e-04   2.8164e+02
20260709_00:00:00   9.0782e-01   1.6744e+02   1.7106e+01   2.6247e-02   1.7477e-01   2.8126e+02
20260709_03:00:00   7.5317e-01   1.4937e+02   1.5700e+01   0.0000e+00   5.3361e-02   2.8106e+02
20260709_06:00:00   7.9673e-01   1.5520e+02   1.5863e+01   6.6180e-04   2.8433e-03   2.8012e+02
20260709_09:00:00   6.8370e-01   1.4094e+02   1.3756e+01   0.0000e+00   6.7917e-05   2.8107e+02
20260709_12:00:00   7.1658e-01   1.4528e+02   1.4097e+01   0.0000e+00   0.0000e+00   2.8057e+02
20260709_15:00:00   6.4043e-01   1.3474e+02   1.2916e+01   0.0000e+00   0.0000e+00   2.8259e+02
20260709_18:00:00   5.8814e-01   1.2726e+02   1.2017e+01   0.0000e+00   0.0000e+00   2.8316e+02
20260709_21:00:00   5.8134e-01   1.2701e+02   1.1686e+01   0.0000e+00   0.0000e+00   2.8213e+02
20260710_00:00:00   8.4226e-01   1.6102e+02   1.6480e+01   1.1581e-02   9.0310e-02   2.8117e+02
20260710_03:00:00   8.2490e-01   1.5753e+02   1.7103e+01   2.4123e-03   2.2507e-01   2.8254e+02
20260710_06:00:00   9.2000e-01   1.6892e+02   1.8397e+01   3.5679e-04   3.6854e-02   2.8086e+02
20260710_09:00:00   9.4817e-01   1.7206e+02   1.8735e+01   1.1756e-03   5.6601e-02   2.8092e+02
20260710_12:00:00   8.0640e-01   1.5636e+02   1.6314e+01   0.0000e+00   2.9997e-02   2.8146e+02
20260710_15:00:00   7.1299e-01   1.4470e+02   1.4531e+01   0.0000e+00   7.8725e-03   2.8505e+02
20260710_18:00:00   6.7463e-01   1.3930e+02   1.4045e+01   0.0000e+00   4.7875e-03   2.8388e+02
20260710_21:00:00   6.0494e-01   1.2987e+02   1.2700e+01   0.0000e+00   1.7668e-05   2.8052e+02
20260711_00:00:00   8.6152e-01   1.6315e+02   1.7152e+01   6.7380e-04   2.1976e-01   2.8181e+02
20260711_03:00:00   8.1211e-01   1.5648e+02   1.6946e+01   8.5360e-07   1.6074e-01   2.8556e+02
20260711_06:00:00   8.1448e-01   1.5692e+02   1.6765e+01   0.0000e+00   1.8297e-01   2.8839e+02
20260711_09:00:00   8.1364e-01   1.5698e+02   1.6627e+01   0.0000e+00   6.6100e-03   2.8663e+02
20260711_12:00:00   7.7240e-01   1.5209e+02   1.5867e+01   0.0000e+00   1.3920e-03   2.8420e+02
20260711_15:00:00   6.6288e-01   1.3750e+02   1.4137e+01   0.0000e+00   1.7628e-04   2.8597e+02
20260711_18:00:00   6.6921e-01   1.3837e+02   1.4186e+01   0.0000e+00   0.0000e+00   2.8581e+02
20260711_21:00:00   7.7501e-01   1.5322e+02   1.5713e+01   0.0000e+00   0.0000e+00   2.8325e+02
20260712_00:00:00   1.6338e+00   2.2469e+02   1.9589e+01   2.6301e-01   1.5833e-01   2.8067e+02
20260712_03:00:00   7.3976e-01   1.4912e+02   1.4697e+01   0.0000e+00   1.4535e-01   2.8352e+02
20260712_06:00:00   8.4025e-01   1.6081e+02   1.6562e+01   4.3040e-04   7.5707e-03   2.8690e+02
20260712_09:00:00   6.9772e-01   1.4247e+02   1.4188e+01   0.0000e+00   6.6884e-02   2.8470e+02
20260712_12:00:00   5.3589e-01   1.1964e+02   1.0389e+01   0.0000e+00   1.2588e-03   2.8573e+02
20260712_15:00:00   2.1211e-01   5.7436e+01   4.6537e+00   0.0000e+00   1.8684e-04   2.8493e+02
20260712_18:00:00   4.4283e-01   1.0338e+02   8.8466e+00   0.0000e+00   2.0543e-05   2.8285e+02
20260712_21:00:00   6.4345e-01   1.3573e+02   1.2661e+01   0.0000e+00   0.0000e+00   2.8058e+02
20260713_00:00:00   6.8886e-01   1.4228e+02   1.3694e+01   0.0000e+00   0.0000e+00   2.8022e+02
20260713_03:00:00   8.5275e-01   1.6255e+02   1.4733e+01   4.2301e-02   2.1638e-04   2.8070e+02
20260713_06:00:00   6.5911e-01   1.3761e+02   1.2849e+01   5.0620e-03   1.8432e-05   2.8272e+02
20260713_09:00:00   5.3190e-01   1.1849e+02   1.0564e+01   0.0000e+00   0.0000e+00   2.8002e+02
20260713_12:00:00   4.7301e-01   1.0885e+02   9.3531e+00   0.0000e+00   0.0000e+00   2.7901e+02
20260713_15:00:00   4.1151e-01   9.7966e+01   8.2557e+00   0.0000e+00   0.0000e+00   2.7819e+02
20260713_18:00:00   4.5778e-01   1.0635e+02   8.8810e+00   0.0000e+00   0.0000e+00   2.8027e+02
20260713_21:00:00   5.1753e-01   1.1654e+02   1.0274e+01   0.0000e+00   0.0000e+00   2.7662e+02
20260714_00:00:00   5.4177e-01   1.2028e+02   1.1110e+01   0.0000e+00   0.0000e+00   2.7844e+02
20260714_03:00:00   4.7771e-01   1.0974e+02   1.0000e+01   0.0000e+00   0.0000e+00   2.8046e+02
20260714_06:00:00   4.1386e-01   9.8590e+01   8.6177e+00   0.0000e+00   0.0000e+00   2.8191e+02
20260714_09:00:00   4.5652e-01   1.0591e+02   9.3561e+00   0.0000e+00   0.0000e+00   2.8176e+02
20260714_12:00:00   4.6143e-01   1.0665e+02   9.4308e+00   0.0000e+00   0.0000e+00   2.8062e+02
20260714_15:00:00   4.1292e-01   9.7833e+01   8.8006e+00   0.0000e+00   0.0000e+00   2.8130e+02
20260714_18:00:00   4.3384e-01   1.0178e+02   9.1305e+00   0.0000e+00   0.0000e+00   2.8383e+02
20260714_21:00:00   5.0135e-01   1.1356e+02   1.0554e+01   0.0000e+00   0.0000e+00   2.8182e+02
20260715_00:00:00   5.3779e-01   1.1968e+02   1.1377e+01   0.0000e+00   0.0000e+00   2.8030e+02
20260715_03:00:00   6.6059e-01   1.3804e+02   1.3514e+01   0.0000e+00   4.4576e-05   2.8450e+02
20260715_06:00:00   5.8926e-01   1.2814e+02   1.1973e+01   0.0000e+00   0.0000e+00   2.8430e+02
20260715_09:00:00   6.8727e-01   1.4181e+02   1.3798e+01   0.0000e+00   0.0000e+00   2.8497e+02
20260715_12:00:00   6.9027e-01   1.4220e+02   1.3736e+01   0.0000e+00   0.0000e+00   2.8509e+02
20260715_15:00:00   6.1624e-01   1.3152e+02   1.2534e+01   0.0000e+00   0.0000e+00   2.8689e+02
20260715_18:00:00   6.2182e-01   1.3245e+02   1.2502e+01   0.0000e+00   0.0000e+00   2.9084e+02
20260715_21:00:00   7.3075e-01   1.4854e+02   1.3766e+01   3.4291e-03   6.5657e-05   2.9093e+02
20260716_00:00:00   7.7008e-01   1.5373e+02   1.4612e+01   4.2940e-03   1.2233e-01   2.9030e+02
20260716_03:00:00   1.4056e+00   2.1146e+02   1.6854e+01   2.1685e-01   8.6336e-02   2.9038e+02
20260716_06:00:00   7.5444e-01   1.5149e+02   1.4426e+01   1.2540e-04   1.3476e-04   2.9437e+02
20260716_09:00:00   6.9310e-01   1.4317e+02   1.3398e+01   0.0000e+00   0.0000e+00   2.9616e+02
20260716_12:00:00   6.5153e-01   1.3720e+02   1.2743e+01   0.0000e+00   0.0000e+00   2.9313e+02
20260716_15:00:00   6.4357e-01   1.3584e+02   1.2792e+01   0.0000e+00   0.0000e+00   2.9231e+02
20260716_18:00:00   7.0666e-01   1.4485e+02   1.3743e+01   0.0000e+00   0.0000e+00   2.9203e+02
20260716_21:00:00   2.6345e+00   2.5827e+02   1.8693e+01   7.1621e-01   1.5617e-01   2.9231e+02
20260717_00:00:00   7.1513e-01   1.4633e+02   1.4348e+01   1.1496e-04   9.0398e-03   2.9304e+02
20260717_03:00:00   7.6314e-01   1.5245e+02   1.4983e+01   0.0000e+00   2.3958e-04   2.9103e+02
20260717_06:00:00   7.3306e-01   1.4846e+02   1.4490e+01   0.0000e+00   2.9174e-05   2.9078e+02
20260717_09:00:00   7.2153e-01   1.4676e+02   1.4293e+01   0.0000e+00   0.0000e+00   2.9301e+02
20260717_12:00:00   7.2218e-01   1.4669e+02   1.4364e+01   0.0000e+00   0.0000e+00   2.9375e+02
20260717_15:00:00   7.0490e-01   1.4429e+02   1.4259e+01   0.0000e+00   0.0000e+00   2.9457e+02
20260717_18:00:00   7.0070e-01   1.4361e+02   1.4313e+01   0.0000e+00   0.0000e+00   2.9523e+02
20260717_21:00:00   7.2004e-01   1.4650e+02   1.4501e+01   4.7383e-03   1.7259e-04   2.9473e+02
20260718_00:00:00   9.4196e-01   1.7239e+02   1.6299e+01   6.0003e-02   6.4906e-03   2.8875e+02
20260718_03:00:00   7.2816e-01   1.4751e+02   1.4764e+01   1.2358e-03   3.1295e-03   2.8962e+02
20260718_06:00:00   7.2892e-01   1.4711e+02   1.4760e+01   0.0000e+00   8.1400e-04   2.9124e+02
20260718_09:00:00   6.8848e-01   1.4140e+02   1.3812e+01   0.0000e+00   8.3700e-05   2.8983e+02
20260718_12:00:00   6.6706e-01   1.3834e+02   1.3403e+01   0.0000e+00   8.8340e-07   2.8871e+02
20260718_15:00:00   5.8649e-01   1.2702e+02   1.1910e+01   0.0000e+00   0.0000e+00   2.9030e+02
20260718_18:00:00   6.1816e-01   1.3170e+02   1.2300e+01   0.0000e+00   0.0000e+00   2.9201e+02
20260718_21:00:00   6.2755e-01   1.3310e+02   1.2519e+01   2.9740e-04   5.9476e-05   2.9402e+02
20260719_00:00:00   7.1842e-01   1.4525e+02   1.4212e+01   8.1018e-03   3.3924e-02   2.9292e+02
20260719_03:00:00   8.0868e-01   1.5665e+02   1.4680e+01   2.8844e-02   2.8724e-02   2.9460e+02
20260719_06:00:00   7.5002e-01   1.4975e+02   1.4432e+01   1.7244e-04   3.6638e-03   2.9353e+02
20260719_09:00:00   6.9575e-01   1.4243e+02   1.3457e+01   0.0000e+00   0.0000e+00   2.9348e+02
20260719_12:00:00   6.7732e-01   1.3978e+02   1.3112e+01   0.0000e+00   0.0000e+00   2.9440e+02
20260719_15:00:00   5.7626e-01   1.2503e+02   1.1603e+01   0.0000e+00   0.0000e+00   2.9560e+02
20260719_18:00:00   5.3004e-01   1.1794e+02   1.0739e+01   0.0000e+00   0.0000e+00   2.9772e+02
