#            date       tau255        Tb[K]      pwv[mm] lwp[kg*m^-2] iwp[kg*m^-2]       o3[DU]
20221022_06:00:00   1.4899e-01   4.0999e+01   3.3069e+00   0.0000e+00   1.8265e-02   2.7079e+02
20221022_07:00:00   1.4648e-01   4.0306e+01   3.2687e+00   0.0000e+00   2.0959e-02   2.7090e+02
20221022_08:00:00   1.4627e-01   4.0293e+01   3.2505e+00   0.0000e+00   1.7605e-02   2.7187e+02
20221022_09:00:00   1.4116e-01   3.9258e+01   3.1097e+00   0.0000e+00   5.3875e-03   2.7297e+02
20221022_10:00:00   1.5488e-01   4.2310e+01   3.4367e+00   0.0000e+00   6.1382e-03   2.7243e+02
20221022_11:00:00   1.6294e-01   4.4044e+01   3.6264e+00   0.0000e+00   8.9358e-03   2.7357e+02
20221022_12:00:00   1.7016e-01   4.5600e+01   3.7860e+00   0.0000e+00   1.6679e-02   2.7401e+02
20221022_13:00:00   1.7466e-01   4.6636e+01   3.8852e+00   0.0000e+00   5.0178e-03   2.7564e+02
20221022_14:00:00   1.6370e-01   4.4414e+01   3.5928e+00   0.0000e+00   7.0102e-04   2.7692e+02
20221022_15:00:00   1.4637e-01   4.0740e+01   3.1380e+00   0.0000e+00   1.4684e-06   2.7580e+02
20221022_16:00:00   1.2616e-01   3.6309e+01   2.6080e+00   0.0000e+00   0.0000e+00   2.7525e+02
20221022_17:00:00   1.1688e-01   3.4234e+01   2.3509e+00   0.0000e+00   0.0000e+00   2.7520e+02
20221022_18:00:00   1.1282e-01   3.3335e+01   2.2387e+00   0.0000e+00   0.0000e+00   2.7703e+02
20221022_19:00:00   1.1860e-01   3.4766e+01   2.3521e+00   0.0000e+00   0.0000e+00   2.7663e+02
20221022_20:00:00   1.3134e-01   3.7876e+01   2.6157e+00   0.0000e+00   0.0000e+00   2.7670e+02
20221022_21:00:00   1.3750e-01   3.9456e+01   2.7005e+00   0.0000e+00   0.0000e+00   2.7663e+02
20221022_22:00:00   1.2460e-01   3.6496e+01   2.3925e+00   0.0000e+00   0.0000e+00   2.7543e+02
20221022_23:00:00   1.1458e-01   3.4095e+01   2.1743e+00   0.0000e+00   0.0000e+00   2.7498e+02
20221023_00:00:00   1.0843e-01   3.2593e+01   2.0508e+00   0.0000e+00   0.0000e+00   2.7641e+02
20221023_01:00:00   1.0416e-01   3.1563e+01   1.9543e+00   0.0000e+00   0.0000e+00   2.7620e+02
20221023_02:00:00   9.8208e-02   3.0067e+01   1.8356e+00   0.0000e+00   0.0000e+00   2.7585e+02
20221023_03:00:00   9.7100e-02   2.9741e+01   1.8287e+00   0.0000e+00   1.7310e-04   2.7683e+02
20221023_04:00:00   9.8882e-02   3.0132e+01   1.8820e+00   0.0000e+00   1.8846e-03   2.7822e+02
20221023_05:00:00   1.0147e-01   3.0756e+01   1.9369e+00   0.0000e+00   2.1781e-03   2.7805e+02
20221023_06:00:00   1.0233e-01   3.0994e+01   1.9387e+00   0.0000e+00   1.1790e-03   2.7798e+02
20221023_07:00:00   9.9811e-02   3.0375e+01   1.8778e+00   0.0000e+00   2.5300e-04   2.7737e+02
20221023_08:00:00   9.9362e-02   3.0191e+01   1.8775e+00   0.0000e+00   2.8752e-03   2.7611e+02
20221023_09:00:00   1.0272e-01   3.0955e+01   1.9545e+00   0.0000e+00   7.1880e-03   2.7578e+02
20221023_10:00:00   1.0524e-01   3.1578e+01   1.9888e+00   0.0000e+00   3.3857e-03   2.7643e+02
20221023_11:00:00   1.0231e-01   3.0849e+01   1.9207e+00   0.0000e+00   2.7554e-03   2.7798e+02
20221023_12:00:00   9.8926e-02   3.0039e+01   1.8324e+00   0.0000e+00   5.2120e-04   2.7976e+02
20221023_13:00:00   9.0201e-02   2.7941e+01   1.6344e+00   0.0000e+00   6.4489e-04   2.8213e+02
20221023_14:00:00   8.9321e-02   2.7736e+01   1.6098e+00   0.0000e+00   1.6280e-04   2.8451e+02
20221023_15:00:00   9.8601e-02   3.0033e+01   1.7991e+00   0.0000e+00   0.0000e+00   2.8515e+02
20221023_16:00:00   1.1184e-01   3.3168e+01   2.1304e+00   0.0000e+00   0.0000e+00   2.8523e+02
20221023_17:00:00   1.3349e-01   3.8315e+01   2.6075e+00   0.0000e+00   0.0000e+00   2.8330e+02
20221023_18:00:00   1.7337e-01   4.7600e+01   3.3901e+00   0.0000e+00   0.0000e+00   2.8405e+02
20221023_19:00:00   2.2600e-01   5.9225e+01   4.4062e+00   0.0000e+00   0.0000e+00   2.8419e+02
20221023_20:00:00   2.4112e-01   6.2269e+01   4.7418e+00   0.0000e+00   0.0000e+00   2.8724e+02
20221023_21:00:00   2.3981e-01   6.1841e+01   4.5655e+00   2.8900e-03   0.0000e+00   2.8979e+02
20221023_22:00:00   2.0009e-01   5.3161e+01   3.9401e+00   5.4830e-05   0.0000e+00   2.9163e+02
20221023_23:00:00   1.6575e-01   4.5438e+01   3.2745e+00   0.0000e+00   0.0000e+00   2.8916e+02
20221024_00:00:00   1.3473e-01   3.8314e+01   2.6036e+00   8.3730e-04   0.0000e+00   2.8369e+02
20221024_01:00:00   1.3443e-01   3.8386e+01   2.2876e+00   6.4460e-03   0.0000e+00   2.8149e+02
20221024_02:00:00   1.4790e-01   4.1692e+01   2.1866e+00   1.3233e-02   0.0000e+00   2.8195e+02
20221024_03:00:00   1.1502e-01   3.3821e+01   2.0954e+00   1.9574e-03   0.0000e+00   2.8386e+02
20221024_04:00:00   1.3713e-01   3.9190e+01   2.1873e+00   8.7490e-03   0.0000e+00   2.8437e+02
20221024_05:00:00   2.2207e-01   5.8547e+01   2.6256e+00   3.3133e-02   0.0000e+00   2.8382e+02
20221024_06:00:00   3.2468e-01   7.9826e+01   2.6351e+00   7.3067e-02   0.0000e+00   2.8391e+02
20221024_07:00:00   2.0908e-01   5.5769e+01   2.3011e+00   3.3241e-02   0.0000e+00   2.8396e+02
20221024_08:00:00   1.0937e-01   3.2617e+01   1.9503e+00   3.3221e-04   0.0000e+00   2.8450e+02
20221024_09:00:00   9.4230e-02   2.8885e+01   1.6964e+00   0.0000e+00   0.0000e+00   2.8234e+02
20221024_10:00:00   8.8922e-02   2.7542e+01   1.6154e+00   0.0000e+00   0.0000e+00   2.8193e+02
20221024_11:00:00   9.0204e-02   2.7857e+01   1.6631e+00   0.0000e+00   0.0000e+00   2.8225e+02
20221024_12:00:00   9.3986e-02   2.8744e+01   1.7882e+00   0.0000e+00   0.0000e+00   2.8467e+02
20221024_13:00:00   9.8079e-02   2.9746e+01   1.8934e+00   0.0000e+00   0.0000e+00   2.8349e+02
20221024_14:00:00   9.7760e-02   2.9632e+01   1.9064e+00   0.0000e+00   0.0000e+00   2.8159e+02
20221024_15:00:00   9.4182e-02   2.8683e+01   1.8522e+00   0.0000e+00   0.0000e+00   2.8048e+02
20221024_16:00:00   9.3886e-02   2.8549e+01   1.8623e+00   0.0000e+00   0.0000e+00   2.8137e+02
20221024_17:00:00   9.3204e-02   2.8434e+01   1.8397e+00   0.0000e+00   0.0000e+00   2.8047e+02
20221024_18:00:00   9.2673e-02   2.8369e+01   1.8118e+00   0.0000e+00   0.0000e+00   2.7992e+02
20221024_19:00:00   9.5731e-02   2.9161e+01   1.8737e+00   0.0000e+00   0.0000e+00   2.7844e+02
20221024_20:00:00   1.0183e-01   3.0656e+01   2.0114e+00   0.0000e+00   0.0000e+00   2.7655e+02
20221024_21:00:00   1.0994e-01   3.2630e+01   2.1986e+00   0.0000e+00   0.0000e+00   2.7425e+02
20221024_22:00:00   1.1786e-01   3.4541e+01   2.3776e+00   0.0000e+00   0.0000e+00   2.7280e+02
20221024_23:00:00   1.2258e-01   3.5709e+01   2.4858e+00   0.0000e+00   0.0000e+00   2.7199e+02
20221025_00:00:00   1.2682e-01   3.6742e+01   2.5921e+00   0.0000e+00   0.0000e+00   2.7249e+02
20221025_01:00:00   1.2997e-01   3.7505e+01   2.6671e+00   0.0000e+00   0.0000e+00   2.7413e+02
20221025_02:00:00   1.3223e-01   3.8028e+01   2.7221e+00   0.0000e+00   0.0000e+00   2.7420e+02
20221025_03:00:00   1.3760e-01   3.9257e+01   2.8502e+00   0.0000e+00   0.0000e+00   2.7399e+02
20221025_04:00:00   1.4283e-01   4.0449e+01   2.9717e+00   0.0000e+00   0.0000e+00   2.7418e+02
20221025_05:00:00   1.4670e-01   4.1335e+01   3.0606e+00   0.0000e+00   0.0000e+00   2.7452e+02
20221025_06:00:00   1.4656e-01   4.1325e+01   3.0480e+00   0.0000e+00   0.0000e+00   2.7447e+02
20221025_07:00:00   1.4579e-01   4.1160e+01   3.0215e+00   0.0000e+00   0.0000e+00   2.7363e+02
20221025_08:00:00   1.4475e-01   4.0905e+01   2.9912e+00   0.0000e+00   0.0000e+00   2.7372e+02
20221025_09:00:00   1.4469e-01   4.0895e+01   2.9874e+00   0.0000e+00   0.0000e+00   2.7363e+02
20221025_10:00:00   1.4346e-01   4.0594e+01   2.9638e+00   0.0000e+00   0.0000e+00   2.7333e+02
20221025_11:00:00   1.4124e-01   4.0065e+01   2.9134e+00   0.0000e+00   0.0000e+00   2.7271e+02
20221025_12:00:00   1.4462e-01   4.0851e+01   2.9919e+00   0.0000e+00   0.0000e+00   2.7203e+02
20221025_13:00:00   1.5236e-01   4.2623e+01   3.1711e+00   0.0000e+00   0.0000e+00   2.7108e+02
20221025_14:00:00   1.5705e-01   4.3678e+01   3.2754e+00   0.0000e+00   0.0000e+00   2.7127e+02
20221025_15:00:00   1.6225e-01   4.4857e+01   3.3955e+00   0.0000e+00   0.0000e+00   2.7128e+02
20221025_16:00:00   1.6632e-01   4.5783e+01   3.4855e+00   0.0000e+00   0.0000e+00   2.7182e+02
20221025_17:00:00   1.6534e-01   4.5629e+01   3.4416e+00   0.0000e+00   0.0000e+00   2.7129e+02
20221025_18:00:00   1.6469e-01   4.5554e+01   3.4061e+00   0.0000e+00   0.0000e+00   2.7035e+02
20221025_19:00:00   1.6728e-01   4.6169e+01   3.4512e+00   0.0000e+00   0.0000e+00   2.6971e+02
20221025_20:00:00   1.6934e-01   4.6721e+01   3.4736e+00   0.0000e+00   0.0000e+00   2.6960e+02
20221025_21:00:00   1.7008e-01   4.6965e+01   3.4640e+00   0.0000e+00   0.0000e+00   2.6844e+02
20221025_22:00:00   1.7044e-01   4.7115e+01   3.4539e+00   0.0000e+00   0.0000e+00   2.6762e+02
20221025_23:00:00   1.7031e-01   4.7125e+01   3.4421e+00   0.0000e+00   0.0000e+00   2.6623e+02
20221026_00:00:00   1.6751e-01   4.6508e+01   3.3774e+00   0.0000e+00   0.0000e+00   2.6762e+02
20221026_01:00:00   1.6554e-01   4.6052e+01   3.3309e+00   0.0000e+00   0.0000e+00   2.6928e+02
20221026_02:00:00   1.6173e-01   4.5194e+01   3.2372e+00   0.0000e+00   0.0000e+00   2.6982e+02
20221026_03:00:00   1.6085e-01   4.4978e+01   3.2080e+00   0.0000e+00   0.0000e+00   2.6946e+02
20221026_04:00:00   1.6256e-01   4.5365e+01   3.2349e+00   0.0000e+00   0.0000e+00   2.7106e+02
20221026_05:00:00   1.6234e-01   4.5318e+01   3.2180e+00   0.0000e+00   0.0000e+00   2.7158e+02
20221026_06:00:00   1.5893e-01   4.4543e+01   3.1323e+00   0.0000e+00   0.0000e+00   2.7121e+02
20221026_07:00:00   1.5678e-01   4.4014e+01   3.0813e+00   0.0000e+00   0.0000e+00   2.7109e+02
20221026_08:00:00   1.5402e-01   4.3334e+01   3.0220e+00   0.0000e+00   0.0000e+00   2.7094e+02
20221026_09:00:00   1.5354e-01   4.3200e+01   3.0089e+00   0.0000e+00   0.0000e+00   2.7040e+02
20221026_10:00:00   1.5594e-01   4.3757e+01   3.0544e+00   0.0000e+00   0.0000e+00   2.6884e+02
20221026_11:00:00   1.6212e-01   4.5179e+01   3.1755e+00   0.0000e+00   0.0000e+00   2.6885e+02
20221026_12:00:00   1.6967e-01   4.6875e+01   3.3279e+00   0.0000e+00   0.0000e+00   2.6844e+02
20221026_13:00:00   1.7938e-01   4.9042e+01   3.5220e+00   0.0000e+00   0.0000e+00   2.6942e+02
20221026_14:00:00   1.8541e-01   5.0375e+01   3.6449e+00   0.0000e+00   0.0000e+00   2.6902e+02
20221026_15:00:00   1.9106e-01   5.1631e+01   3.7540e+00   0.0000e+00   0.0000e+00   2.6861e+02
20221026_16:00:00   2.0260e-01   5.4144e+01   3.9818e+00   0.0000e+00   0.0000e+00   2.6965e+02
20221026_17:00:00   2.1007e-01   5.5753e+01   4.1352e+00   0.0000e+00   0.0000e+00   2.6937e+02
20221026_18:00:00   2.1655e-01   5.7171e+01   4.2528e+00   0.0000e+00   0.0000e+00   2.6939e+02
20221026_19:00:00   2.2659e-01   5.9288e+01   4.4631e+00   0.0000e+00   1.6076e-04   2.6903e+02
20221026_20:00:00   2.3434e-01   6.0886e+01   4.6242e+00   0.0000e+00   6.6544e-04   2.6850e+02
20221026_21:00:00   2.4222e-01   6.2455e+01   4.8118e+00   0.0000e+00   2.2702e-03   2.6856e+02
20221026_22:00:00   2.5007e-01   6.3980e+01   5.0032e+00   0.0000e+00   8.0199e-03   2.6911e+02
20221026_23:00:00   2.5347e-01   6.4624e+01   5.0945e+00   0.0000e+00   3.3722e-03   2.6967e+02
20221027_00:00:00   2.4835e-01   6.3600e+01   4.9786e+00   0.0000e+00   1.8808e-04   2.6922e+02
20221027_01:00:00   2.4558e-01   6.3016e+01   4.9363e+00   0.0000e+00   0.0000e+00   2.6794e+02
20221027_02:00:00   2.4766e-01   6.3435e+01   4.9915e+00   0.0000e+00   0.0000e+00   2.6758e+02
20221027_03:00:00   2.5493e-01   6.4864e+01   5.1417e+00   0.0000e+00   7.1920e-06   2.6945e+02
20221027_04:00:00   2.5261e-01   6.4297e+01   5.1193e+00   0.0000e+00   1.9064e-04   2.7042e+02
20221027_05:00:00   2.6087e-01   6.5961e+01   5.2887e+00   0.0000e+00   1.3725e-03   2.7113e+02
20221027_06:00:00   2.8488e-01   7.0868e+01   5.7325e+00   0.0000e+00   1.3648e-03   2.7191e+02
20221027_09:00:00   8.2247e-02   2.5496e+01   1.5478e+00   0.0000e+00   1.4752e-04   2.7534e+02
20221027_12:00:00   7.9428e-02   2.4966e+01   1.4317e+00   0.0000e+00   0.0000e+00   2.7497e+02
20221027_15:00:00   8.1664e-02   2.5724e+01   1.4572e+00   0.0000e+00   0.0000e+00   2.7215e+02
20221027_18:00:00   8.0117e-02   2.5243e+01   1.4810e+00   0.0000e+00   0.0000e+00   2.7048e+02
20221027_21:00:00   9.5466e-02   2.9140e+01   1.8076e+00   0.0000e+00   0.0000e+00   2.6871e+02
20221028_00:00:00   9.7076e-02   2.9601e+01   1.8547e+00   0.0000e+00   0.0000e+00   2.6644e+02
20221028_03:00:00   9.1087e-02   2.8024e+01   1.7558e+00   0.0000e+00   1.4386e-05   2.6759e+02
20221028_06:00:00   8.8641e-02   2.7329e+01   1.7198e+00   0.0000e+00   0.0000e+00   2.6988e+02
20221028_09:00:00   9.2238e-02   2.8052e+01   1.8346e+00   0.0000e+00   0.0000e+00   2.6542e+02
20221028_12:00:00   1.1680e-01   3.3493e+01   2.4982e+00   0.0000e+00   7.1920e-06   2.6555e+02
20221028_15:00:00   1.1607e-01   3.3505e+01   2.4291e+00   0.0000e+00   4.8727e-04   2.6775e+02
20221028_18:00:00   2.0878e-01   5.3327e+01   4.7698e+00   0.0000e+00   2.8719e-02   2.6594e+02
20221028_21:00:00   2.0032e-01   5.2617e+01   4.3328e+00   0.0000e+00   3.8112e-03   2.6868e+02
20221029_00:00:00   1.6136e-01   4.4202e+01   3.4350e+00   0.0000e+00   5.0880e-03   2.6898e+02
20221029_03:00:00   1.2493e-01   3.5954e+01   2.5873e+00   0.0000e+00   2.4763e-03   2.6930e+02
20221029_06:00:00   1.2071e-01   3.4732e+01   2.5172e+00   0.0000e+00   7.6351e-02   2.7310e+02
20221029_09:00:00   1.2596e-01   3.6083e+01   2.6404e+00   0.0000e+00   7.0140e-03   2.7135e+02
20221029_12:00:00   1.5456e-01   4.2587e+01   3.3167e+00   0.0000e+00   1.9254e-02   2.7171e+02
20221029_15:00:00   1.4464e-01   4.0386e+01   3.0463e+00   0.0000e+00   2.5950e-02   2.7096e+02
20221029_18:00:00   2.1722e-01   5.6120e+01   4.7698e+00   0.0000e+00   1.4654e-02   2.7067e+02
20221029_21:00:00   2.4943e-01   6.3446e+01   5.2651e+00   0.0000e+00   1.1078e-03   2.7066e+02
20221030_00:00:00   2.3970e-01   6.1209e+01   5.0815e+00   0.0000e+00   1.1344e-02   2.6958e+02
20221030_03:00:00   2.6431e-01   6.5416e+01   5.8885e+00   0.0000e+00   1.8717e-02   2.7508e+02
20221030_06:00:00   3.1662e-01   7.5299e+01   6.9909e+00   0.0000e+00   3.8286e-02   2.7897e+02
20221030_09:00:00   3.3422e-01   7.8457e+01   7.2463e+00   0.0000e+00   1.5448e-01   2.8592e+02
20221030_12:00:00   3.0231e-01   7.2318e+01   6.5161e+00   0.0000e+00   4.9073e-02   2.9205e+02
20221030_15:00:00   2.2940e-01   5.8115e+01   4.7894e+00   0.0000e+00   1.2462e-01   2.9664e+02
20221030_18:00:00   3.0911e-01   7.4893e+01   6.0873e+00   0.0000e+00   9.1342e-02   2.9038e+02
20221030_21:00:00   3.0045e-01   7.3073e+01   5.8160e+00   0.0000e+00   4.7262e-04   3.0364e+02
20221031_00:00:00   2.8792e-01   7.0459e+01   5.4743e+00   0.0000e+00   1.2212e-04   3.0572e+02
20221031_03:00:00   2.9414e-01   7.2005e+01   5.2337e+00   5.4118e-04   2.1902e-05   3.1606e+02
20221031_06:00:00   3.2322e-01   7.7251e+01   5.7813e+00   7.3813e-05   1.5145e-05   3.1669e+02
20221031_09:00:00   3.4499e-01   8.1090e+01   6.2278e+00   0.0000e+00   1.3961e-03   3.1456e+02
20221031_12:00:00   2.8598e-01   7.0122e+01   5.1502e+00   0.0000e+00   8.9840e-06   3.1179e+02
20221031_15:00:00   2.9322e-01   7.1505e+01   5.4553e+00   0.0000e+00   0.0000e+00   3.0178e+02
20221031_18:00:00   2.8023e-01   6.9356e+01   5.1649e+00   0.0000e+00   0.0000e+00   2.9793e+02
20221031_21:00:00   2.8124e-01   6.9676e+01   5.2032e+00   0.0000e+00   0.0000e+00   2.9209e+02
20221101_00:00:00   2.3390e-01   6.0228e+01   4.3641e+00   0.0000e+00   0.0000e+00   2.9141e+02
20221101_03:00:00   1.8588e-01   4.9878e+01   3.5287e+00   0.0000e+00   0.0000e+00   2.9178e+02
20221101_06:00:00   2.2517e-01   5.8537e+01   4.2479e+00   0.0000e+00   0.0000e+00   2.9229e+02
20221101_09:00:00   2.1146e-01   5.5755e+01   3.9103e+00   0.0000e+00   0.0000e+00   2.8940e+02
20221101_12:00:00   2.2815e-01   5.9455e+01   4.1917e+00   0.0000e+00   0.0000e+00   2.8629e+02
20221101_15:00:00   2.2770e-01   5.9327e+01   4.2276e+00   0.0000e+00   0.0000e+00   2.8749e+02
20221101_18:00:00   2.5753e-01   6.5476e+01   4.8039e+00   0.0000e+00   0.0000e+00   2.8253e+02
20221101_21:00:00   2.7096e-01   6.8252e+01   5.0581e+00   0.0000e+00   0.0000e+00   2.7855e+02
20221102_00:00:00   2.0026e-01   5.3454e+01   3.7786e+00   0.0000e+00   0.0000e+00   2.7685e+02
20221102_03:00:00   1.5735e-01   4.3837e+01   3.0007e+00   0.0000e+00   0.0000e+00   2.7344e+02
20221102_06:00:00   1.4301e-01   4.0451e+01   2.7718e+00   0.0000e+00   0.0000e+00   2.7259e+02
20221102_09:00:00   1.3609e-01   3.8837e+01   2.6349e+00   0.0000e+00   0.0000e+00   2.6983e+02
20221102_12:00:00   1.2339e-01   3.5806e+01   2.3819e+00   0.0000e+00   0.0000e+00   2.6632e+02
20221102_15:00:00   1.1834e-01   3.4704e+01   2.2398e+00   0.0000e+00   0.0000e+00   2.6779e+02
20221102_18:00:00   1.9426e-01   5.1576e+01   4.0482e+00   0.0000e+00   0.0000e+00   2.7126e+02
20221102_21:00:00   2.7650e-01   6.8993e+01   5.7089e+00   0.0000e+00   0.0000e+00   2.7019e+02
20221103_00:00:00   2.8443e-01   7.0782e+01   5.8270e+00   0.0000e+00   1.4935e-03   2.6641e+02
20221103_03:00:00   2.4848e-01   6.3154e+01   5.2500e+00   0.0000e+00   6.1660e-05   2.6507e+02
20221103_06:00:00   2.3341e-01   5.9826e+01   4.9699e+00   0.0000e+00   1.4306e-03   2.6308e+02
20221103_09:00:00   1.8085e-01   4.8656e+01   3.7391e+00   0.0000e+00   1.1366e-02   2.6077e+02
20221103_12:00:00   1.5640e-01   4.3420e+01   3.1133e+00   0.0000e+00   2.3511e-03   2.6454e+02
20221103_15:00:00   1.4126e-01   4.0077e+01   2.7290e+00   0.0000e+00   0.0000e+00   2.6547e+02
20221103_18:00:00   2.2524e-01   5.8170e+01   4.6735e+00   0.0000e+00   0.0000e+00   2.5950e+02
20221103_21:00:00   2.5338e-01   6.4503e+01   5.1122e+00   0.0000e+00   0.0000e+00   2.5876e+02
20221104_00:00:00   2.5203e-01   6.4255e+01   5.0985e+00   0.0000e+00   0.0000e+00   2.5924e+02
20221104_03:00:00   2.4797e-01   6.3294e+01   5.0958e+00   0.0000e+00   0.0000e+00   2.6036e+02
20221104_06:00:00   2.7059e-01   6.7803e+01   5.6046e+00   0.0000e+00   8.0837e-04   2.6079e+02
20221104_09:00:00   2.6536e-01   6.6798e+01   5.4541e+00   0.0000e+00   3.2790e-03   2.6123e+02
20221104_12:00:00   2.6478e-01   6.6665e+01   5.4104e+00   0.0000e+00   1.4126e-03   2.6057e+02
20221104_15:00:00   2.2445e-01   5.8510e+01   4.4842e+00   0.0000e+00   0.0000e+00   2.6233e+02
20221104_18:00:00   2.3238e-01   6.0181e+01   4.6422e+00   0.0000e+00   0.0000e+00   2.6290e+02
20221104_21:00:00   1.9480e-01   5.1877e+01   3.9241e+00   0.0000e+00   0.0000e+00   2.6419e+02
20221105_00:00:00   2.1003e-01   5.5495e+01   4.1827e+00   0.0000e+00   0.0000e+00   2.6519e+02
20221105_03:00:00   1.8520e-01   5.0069e+01   3.6775e+00   0.0000e+00   0.0000e+00   2.6894e+02
20221105_06:00:00   6.2996e-02   2.0866e+01   1.0613e+00   0.0000e+00   0.0000e+00   2.6702e+02
20221105_09:00:00   9.3671e-02   2.8536e+01   1.7498e+00   0.0000e+00   0.0000e+00   2.7027e+02
20221105_12:00:00   6.8363e-02   2.2325e+01   1.1502e+00   0.0000e+00   2.8422e-06   2.7335e+02
20221105_15:00:00   6.8633e-02   2.2230e+01   1.1909e+00   0.0000e+00   2.8322e-04   2.7958e+02
20221105_18:00:00   5.7341e-02   1.9472e+01   9.1220e-01   0.0000e+00   0.0000e+00   2.8321e+02
20221105_21:00:00   7.2452e-02   2.3468e+01   1.1960e+00   0.0000e+00   0.0000e+00   2.8509e+02
20221106_00:00:00   7.1637e-02   2.3331e+01   1.1680e+00   0.0000e+00   0.0000e+00   2.7778e+02
20221106_03:00:00   5.6342e-02   1.9343e+01   8.6506e-01   0.0000e+00   0.0000e+00   2.7487e+02
20221106_06:00:00   5.7329e-02   1.9539e+01   8.9077e-01   0.0000e+00   0.0000e+00   2.7831e+02
20221106_09:00:00   5.3606e-02   1.8524e+01   8.1584e-01   0.0000e+00   0.0000e+00   2.7868e+02
20221106_12:00:00   5.1053e-02   1.7840e+01   7.6600e-01   0.0000e+00   0.0000e+00   2.7833e+02
20221106_15:00:00   5.3647e-02   1.8488e+01   8.3029e-01   0.0000e+00   0.0000e+00   2.8131e+02
20221106_18:00:00   5.9339e-02   1.9983e+01   9.5469e-01   0.0000e+00   0.0000e+00   2.7777e+02
20221106_21:00:00   6.0654e-02   2.0362e+01   9.7368e-01   0.0000e+00   0.0000e+00   2.7580e+02
20221107_00:00:00   5.8725e-02   1.9884e+01   9.3385e-01   0.0000e+00   0.0000e+00   2.7658e+02
20221107_03:00:00   5.3932e-02   1.8619e+01   8.3636e-01   0.0000e+00   0.0000e+00   2.7518e+02
20221107_06:00:00   5.1522e-02   1.7986e+01   7.8347e-01   0.0000e+00   0.0000e+00   2.7412e+02
