#            date       tau255        Tb[K]      pwv[mm] lwp[kg*m^-2] iwp[kg*m^-2]       o3[DU]
20240902_06:00:00   4.1443e-01   9.8396e+01   8.0797e+00   0.0000e+00   0.0000e+00   2.7615e+02
20240902_07:00:00   4.3403e-01   1.0182e+02   8.4963e+00   0.0000e+00   0.0000e+00   2.7524e+02
20240902_08:00:00   4.7669e-01   1.0920e+02   9.1951e+00   0.0000e+00   0.0000e+00   2.7523e+02
20240902_09:00:00   5.0764e-01   1.1441e+02   9.6767e+00   0.0000e+00   0.0000e+00   2.7661e+02
20240902_10:00:00   5.4059e-01   1.1980e+02   1.0178e+01   0.0000e+00   0.0000e+00   2.7697e+02
20240902_11:00:00   5.4479e-01   1.2048e+02   1.0264e+01   0.0000e+00   0.0000e+00   2.7672e+02
20240902_12:00:00   5.4231e-01   1.2008e+02   1.0181e+01   0.0000e+00   0.0000e+00   2.7772e+02
20240902_13:00:00   5.3030e-01   1.1823e+02   9.9645e+00   0.0000e+00   0.0000e+00   2.7884e+02
20240902_14:00:00   5.1825e-01   1.1627e+02   9.7759e+00   0.0000e+00   0.0000e+00   2.7769e+02
20240902_15:00:00   5.2020e-01   1.1660e+02   9.8036e+00   0.0000e+00   0.0000e+00   2.7799e+02
20240902_16:00:00   5.0995e-01   1.1496e+02   9.6537e+00   0.0000e+00   0.0000e+00   2.7740e+02
20240902_17:00:00   5.2547e-01   1.1755e+02   9.8793e+00   0.0000e+00   0.0000e+00   2.7709e+02
20240902_18:00:00   5.4272e-01   1.2036e+02   1.0181e+01   0.0000e+00   0.0000e+00   2.7595e+02
20240902_19:00:00   5.8057e-01   1.2626e+02   1.0825e+01   0.0000e+00   0.0000e+00   2.7702e+02
20240902_20:00:00   6.3773e-01   1.3480e+02   1.1638e+01   3.9580e-03   4.0220e-05   2.7579e+02
20240902_21:00:00   7.5377e-01   1.5060e+02   1.2355e+01   3.2734e-02   7.4714e-05   2.7688e+02
20240902_22:00:00   9.1528e-01   1.6968e+02   1.2745e+01   8.6780e-02   4.7197e-05   2.7677e+02
20240902_23:00:00   9.6792e-01   1.7545e+02   1.2683e+01   1.0542e-01   6.9720e-06   2.7604e+02
20240903_00:00:00   9.1042e-01   1.6943e+02   1.2381e+01   8.7240e-02   0.0000e+00   2.7777e+02
20240903_01:00:00   6.4043e-01   1.3562e+02   1.1366e+01   3.0817e-03   0.0000e+00   2.7673e+02
20240903_02:00:00   5.6059e-01   1.2370e+02   1.0209e+01   0.0000e+00   0.0000e+00   2.7798e+02
20240903_03:00:00   4.8923e-01   1.1206e+02   9.0635e+00   0.0000e+00   0.0000e+00   2.7959e+02
20240903_04:00:00   4.2661e-01   1.0110e+02   8.0758e+00   0.0000e+00   0.0000e+00   2.7947e+02
20240903_05:00:00   3.8765e-01   9.3918e+01   7.4403e+00   0.0000e+00   0.0000e+00   2.7999e+02
20240903_06:00:00   3.7261e-01   9.1049e+01   7.1764e+00   0.0000e+00   0.0000e+00   2.8122e+02
20240903_07:00:00   3.6688e-01   8.9930e+01   7.0717e+00   0.0000e+00   0.0000e+00   2.8220e+02
20240903_08:00:00   3.6867e-01   9.0255e+01   7.0931e+00   0.0000e+00   0.0000e+00   2.8188e+02
20240903_09:00:00   3.7739e-01   9.1895e+01   7.2304e+00   0.0000e+00   0.0000e+00   2.8074e+02
20240903_10:00:00   4.0653e-01   9.7344e+01   7.6847e+00   0.0000e+00   0.0000e+00   2.8063e+02
20240903_11:00:00   4.2271e-01   1.0029e+02   7.9330e+00   0.0000e+00   0.0000e+00   2.7924e+02
20240903_12:00:00   4.2050e-01   9.9882e+01   7.9167e+00   0.0000e+00   0.0000e+00   2.8031e+02
20240903_13:00:00   4.0816e-01   9.7612e+01   7.7528e+00   0.0000e+00   0.0000e+00   2.8174e+02
20240903_14:00:00   3.9360e-01   9.4873e+01   7.5362e+00   0.0000e+00   0.0000e+00   2.8129e+02
20240903_15:00:00   3.9951e-01   9.5974e+01   7.6140e+00   0.0000e+00   0.0000e+00   2.8078e+02
20240903_16:00:00   4.2940e-01   1.0144e+02   8.0720e+00   0.0000e+00   0.0000e+00   2.8079e+02
20240903_17:00:00   4.8718e-01   1.1154e+02   8.9535e+00   0.0000e+00   0.0000e+00   2.7962e+02
20240903_18:00:00   5.4244e-01   1.2064e+02   9.8474e+00   0.0000e+00   0.0000e+00   2.7758e+02
20240903_19:00:00   5.7625e-01   1.2603e+02   1.0434e+01   0.0000e+00   0.0000e+00   2.7393e+02
20240903_20:00:00   6.7551e-01   1.4051e+02   1.1213e+01   2.1480e-02   0.0000e+00   2.7358e+02
20240903_21:00:00   7.2957e-01   1.4794e+02   1.1721e+01   3.0040e-02   2.2980e-05   2.7513e+02
20240903_22:00:00   9.0162e-01   1.6879e+02   1.2037e+01   9.0197e-02   0.0000e+00   2.7475e+02
20240903_23:00:00   9.5982e-01   1.7515e+02   1.2235e+01   1.0656e-01   0.0000e+00   2.7640e+02
20240904_00:00:00   7.7073e-01   1.5353e+02   1.1616e+01   4.4158e-02   0.0000e+00   2.7963e+02
20240904_01:00:00   6.2400e-01   1.3368e+02   1.0383e+01   1.3620e-02   0.0000e+00   2.7974e+02
20240904_02:00:00   5.2450e-01   1.1822e+02   9.2456e+00   3.7940e-03   0.0000e+00   2.8227e+02
20240904_03:00:00   4.3009e-01   1.0198e+02   7.9844e+00   0.0000e+00   0.0000e+00   2.8231e+02
20240904_04:00:00   3.5801e-01   8.8394e+01   6.8816e+00   0.0000e+00   0.0000e+00   2.8130e+02
20240904_05:00:00   3.5530e-01   8.7829e+01   6.8749e+00   0.0000e+00   0.0000e+00   2.8290e+02
20240904_06:00:00   4.3390e-01   1.0259e+02   8.0663e+00   0.0000e+00   0.0000e+00   2.8125e+02
20240904_07:00:00   4.4705e-01   1.0497e+02   8.2109e+00   0.0000e+00   0.0000e+00   2.8078e+02
20240904_08:00:00   4.1872e-01   9.9870e+01   7.7459e+00   0.0000e+00   0.0000e+00   2.7940e+02
20240904_09:00:00   3.9260e-01   9.5036e+01   7.3207e+00   0.0000e+00   0.0000e+00   2.7803e+02
20240904_10:00:00   3.7652e-01   9.1963e+01   7.0667e+00   0.0000e+00   0.0000e+00   2.7835e+02
20240904_11:00:00   3.6949e-01   9.0573e+01   6.9629e+00   0.0000e+00   0.0000e+00   2.7898e+02
20240904_12:00:00   3.8208e-01   9.2939e+01   7.1604e+00   0.0000e+00   0.0000e+00   2.7896e+02
20240904_13:00:00   4.0617e-01   9.7445e+01   7.5022e+00   0.0000e+00   0.0000e+00   2.7810e+02
20240904_14:00:00   4.3561e-01   1.0277e+02   7.9488e+00   0.0000e+00   0.0000e+00   2.7673e+02
20240904_15:00:00   4.4989e-01   1.0530e+02   8.1667e+00   0.0000e+00   0.0000e+00   2.7653e+02
20240904_16:00:00   4.7234e-01   1.0924e+02   8.5082e+00   0.0000e+00   0.0000e+00   2.7703e+02
20240904_17:00:00   5.0880e-01   1.1542e+02   9.1291e+00   0.0000e+00   0.0000e+00   2.7717e+02
20240904_18:00:00   5.6846e-01   1.2499e+02   1.0187e+01   0.0000e+00   0.0000e+00   2.7771e+02
20240904_19:00:00   6.2691e-01   1.3379e+02   1.1065e+01   4.3600e-03   0.0000e+00   2.7713e+02
20240904_20:00:00   7.1786e-01   1.4650e+02   1.1941e+01   2.1140e-02   5.7480e-06   2.7636e+02
20240904_21:00:00   8.7555e-01   1.6594e+02   1.2568e+01   6.9640e-02   1.1494e-05   2.7761e+02
20240904_22:00:00   1.0141e+00   1.8066e+02   1.3007e+01   1.1336e-01   5.7480e-06   2.7741e+02
20240904_23:00:00   9.3942e-01   1.7316e+02   1.2840e+01   8.5140e-02   0.0000e+00   2.7790e+02
20240905_00:00:00   9.4485e-01   1.7374e+02   1.2051e+01   1.0654e-01   0.0000e+00   2.7795e+02
20240905_01:00:00   5.9956e-01   1.3002e+02   1.0635e+01   3.6360e-03   0.0000e+00   2.7797e+02
20240905_02:00:00   4.4234e-01   1.0423e+02   8.2536e+00   0.0000e+00   0.0000e+00   2.7807e+02
20240905_03:00:00   3.6750e-01   9.0360e+01   7.0393e+00   0.0000e+00   0.0000e+00   2.7814e+02
20240905_04:00:00   4.3051e-01   1.0218e+02   8.0743e+00   0.0000e+00   0.0000e+00   2.7836e+02
20240905_05:00:00   4.6836e-01   1.0887e+02   8.6772e+00   0.0000e+00   0.0000e+00   2.7811e+02
20240905_06:00:00   4.8071e-01   1.1096e+02   8.8802e+00   0.0000e+00   0.0000e+00   2.7848e+02
20240905_07:00:00   4.3236e-01   1.0250e+02   8.0807e+00   0.0000e+00   0.0000e+00   2.7841e+02
20240905_08:00:00   3.8205e-01   9.3190e+01   7.2590e+00   0.0000e+00   0.0000e+00   2.7682e+02
20240905_09:00:00   3.5309e-01   8.7576e+01   6.7683e+00   0.0000e+00   0.0000e+00   2.7638e+02
20240905_10:00:00   3.3334e-01   8.3658e+01   6.4070e+00   0.0000e+00   0.0000e+00   2.7590e+02
20240905_11:00:00   3.0640e-01   7.8190e+01   5.9332e+00   0.0000e+00   0.0000e+00   2.7389e+02
20240905_12:00:00   2.7717e-01   7.2089e+01   5.4260e+00   0.0000e+00   0.0000e+00   2.7344e+02
20240905_13:00:00   3.0116e-01   7.7002e+01   5.8881e+00   0.0000e+00   0.0000e+00   2.7422e+02
20240905_14:00:00   3.2077e-01   8.0994e+01   6.2149e+00   0.0000e+00   0.0000e+00   2.7624e+02
20240905_15:00:00   3.5279e-01   8.7348e+01   6.7727e+00   0.0000e+00   0.0000e+00   2.7637e+02
20240905_16:00:00   4.1579e-01   9.9234e+01   7.8542e+00   0.0000e+00   0.0000e+00   2.7480e+02
20240905_17:00:00   4.5709e-01   1.0666e+02   8.5684e+00   0.0000e+00   0.0000e+00   2.7419e+02
20240905_18:00:00   4.8154e-01   1.1090e+02   9.0497e+00   0.0000e+00   0.0000e+00   2.7484e+02
20240905_19:00:00   5.1583e-01   1.1656e+02   9.7638e+00   0.0000e+00   0.0000e+00   2.7507e+02
20240905_20:00:00   5.3973e-01   1.2043e+02   1.0257e+01   0.0000e+00   0.0000e+00   2.7419e+02
20240905_21:00:00   5.7853e-01   1.2641e+02   1.1048e+01   7.7700e-05   0.0000e+00   2.7343e+02
20240905_22:00:00   6.2194e-01   1.3290e+02   1.1741e+01   2.4560e-03   1.7156e-04   2.7203e+02
20240905_23:00:00   6.2751e-01   1.3377e+02   1.1697e+01   4.7840e-03   1.8966e-04   2.7323e+02
20240906_00:00:00   5.9884e-01   1.2961e+02   1.1129e+01   5.4880e-03   1.1494e-04   2.7300e+02
20240906_01:00:00   5.0384e-01   1.1479e+02   9.6375e+00   0.0000e+00   0.0000e+00   2.7324e+02
20240906_02:00:00   4.1779e-01   9.9925e+01   8.0573e+00   0.0000e+00   0.0000e+00   2.7181e+02
20240906_03:00:00   3.4117e-01   8.5458e+01   6.6621e+00   0.0000e+00   0.0000e+00   2.7198e+02
20240906_04:00:00   2.8424e-01   7.3803e+01   5.6790e+00   0.0000e+00   0.0000e+00   2.7348e+02
20240906_05:00:00   3.3893e-01   8.4507e+01   6.8608e+00   0.0000e+00   0.0000e+00   2.7331e+02
20240906_06:00:00   4.5918e-01   1.0678e+02   8.9753e+00   0.0000e+00   0.0000e+00   2.7266e+02
20240906_07:00:00   5.0937e-01   1.1559e+02   9.8089e+00   0.0000e+00   0.0000e+00   2.7195e+02
20240906_08:00:00   5.2191e-01   1.1771e+02   1.0043e+01   0.0000e+00   0.0000e+00   2.7131e+02
20240906_09:00:00   5.3710e-01   1.1999e+02   1.0356e+01   0.0000e+00   0.0000e+00   2.7123e+02
20240906_10:00:00   5.4794e-01   1.2152e+02   1.0567e+01   4.1580e-05   9.7820e-07   2.7175e+02
20240906_11:00:00   6.3562e-01   1.3434e+02   1.1533e+01   1.5324e-02   2.4196e-04   2.7142e+02
20240906_12:00:00   8.0350e-01   1.5609e+02   1.2194e+01   6.9826e-02   2.7467e-03   2.7329e+02
20240906_13:00:00   6.0910e-01   1.3056e+02   1.1586e+01   1.7045e-03   3.9840e-05   2.7482e+02
20240906_14:00:00   6.3428e-01   1.3418e+02   1.1914e+01   3.3853e-03   1.7656e-04   2.7581e+02
20240906_15:00:00   6.4748e-01   1.3605e+02   1.2142e+01   2.7293e-03   3.3638e-04   2.7527e+02
20240906_16:00:00   6.7161e-01   1.3933e+02   1.2406e+01   8.0176e-03   1.8876e-03   2.7560e+02
20240906_17:00:00   7.5065e-01   1.4978e+02   1.3011e+01   2.6035e-02   1.6095e-03   2.7550e+02
20240906_18:00:00   6.7807e-01   1.4046e+02   1.2810e+01   5.2040e-04   3.9539e-04   2.7583e+02
20240906_19:00:00   7.9026e-01   1.5469e+02   1.3477e+01   3.4726e-02   1.8366e-03   2.7623e+02
20240906_20:00:00   9.8566e-01   1.7607e+02   1.4124e+01   1.0302e-01   4.3585e-02   2.7689e+02
20240906_21:00:00   6.8375e-01   1.4154e+02   1.2969e+01   0.0000e+00   0.0000e+00   2.7758e+02
20240906_22:00:00   7.0080e-01   1.4398e+02   1.3121e+01   2.4420e-03   1.3218e-04   2.7784e+02
20240906_23:00:00   7.3085e-01   1.4804e+02   1.3259e+01   1.1422e-02   2.7017e-04   2.7817e+02
20240907_00:00:00   6.6717e-01   1.3963e+02   1.2615e+01   0.0000e+00   0.0000e+00   2.7939e+02
20240907_01:00:00   6.0798e-01   1.3110e+02   1.1584e+01   0.0000e+00   0.0000e+00   2.8047e+02
20240907_02:00:00   5.8291e-01   1.2727e+02   1.1124e+01   0.0000e+00   0.0000e+00   2.7975e+02
20240907_03:00:00   5.9839e-01   1.2965e+02   1.1299e+01   0.0000e+00   0.0000e+00   2.7878e+02
20240907_04:00:00   6.0945e-01   1.3139e+02   1.1430e+01   0.0000e+00   0.0000e+00   2.8019e+02
20240907_05:00:00   6.4079e-01   1.3586e+02   1.1907e+01   0.0000e+00   0.0000e+00   2.8106e+02
20240907_06:00:00   6.9010e-01   1.4267e+02   1.2601e+01   0.0000e+00   0.0000e+00   2.8063e+02
20240907_09:00:00   6.1299e-01   1.3160e+02   1.1352e+01   0.0000e+00   0.0000e+00   2.8114e+02
20240907_12:00:00   5.4585e-01   1.2138e+02   1.0094e+01   0.0000e+00   0.0000e+00   2.7988e+02
20240907_15:00:00   4.5136e-01   1.0539e+02   8.6169e+00   0.0000e+00   0.0000e+00   2.8178e+02
20240907_18:00:00   4.7388e-01   1.0910e+02   9.0522e+00   0.0000e+00   0.0000e+00   2.8202e+02
20240907_21:00:00   5.8234e-01   1.2669e+02   1.0983e+01   0.0000e+00   0.0000e+00   2.8134e+02
20240908_00:00:00   4.6559e-01   1.0788e+02   8.9804e+00   0.0000e+00   0.0000e+00   2.8015e+02
20240908_03:00:00   3.2220e-01   8.1171e+01   6.3700e+00   0.0000e+00   0.0000e+00   2.8272e+02
20240908_06:00:00   4.2775e-01   1.0120e+02   8.1750e+00   0.0000e+00   0.0000e+00   2.8142e+02
20240908_09:00:00   4.6082e-01   1.0681e+02   8.8222e+00   0.0000e+00   0.0000e+00   2.8011e+02
20240908_12:00:00   5.3393e-01   1.1882e+02   1.0046e+01   0.0000e+00   0.0000e+00   2.8299e+02
20240908_15:00:00   5.1446e-01   1.1581e+02   9.6339e+00   0.0000e+00   0.0000e+00   2.8441e+02
20240908_18:00:00   5.3962e-01   1.1977e+02   1.0180e+01   0.0000e+00   0.0000e+00   2.8492e+02
20240908_21:00:00   5.9635e-01   1.2840e+02   1.1307e+01   1.2644e-03   1.9540e-04   2.8360e+02
20240909_00:00:00   7.0253e-01   1.4380e+02   1.1846e+01   2.7378e-02   2.1961e-04   2.8121e+02
20240909_03:00:00   3.6107e-01   8.8789e+01   6.9950e+00   0.0000e+00   0.0000e+00   2.8327e+02
20240909_06:00:00   3.0556e-01   7.7380e+01   6.2055e+00   0.0000e+00   0.0000e+00   2.8421e+02
20240909_09:00:00   4.6338e-01   1.0681e+02   9.1109e+00   0.0000e+00   0.0000e+00   2.8342e+02
20240909_12:00:00   6.9474e-01   1.4172e+02   1.2802e+01   8.6426e-03   2.2440e-04   2.8599e+02
20240909_15:00:00   9.8328e-01   1.7487e+02   1.6049e+01   5.8649e-02   5.8145e-02   2.8919e+02
20240909_18:00:00   9.8686e-01   1.7583e+02   1.6794e+01   3.7637e-02   4.4011e-04   2.8731e+02
20240909_21:00:00   1.4696e+00   2.1443e+02   1.6082e+01   2.5280e-01   3.8054e-03   2.8567e+02
20240910_00:00:00   6.7611e-01   1.3959e+02   1.2755e+01   2.3800e-03   0.0000e+00   2.8381e+02
20240910_03:00:00   5.9797e-01   1.2829e+02   1.1597e+01   0.0000e+00   0.0000e+00   2.8757e+02
20240910_06:00:00   7.5634e-01   1.4996e+02   1.3044e+01   2.6001e-02   3.3138e-05   2.8658e+02
20240910_09:00:00   8.2049e-01   1.5831e+02   1.4870e+01   1.2182e-04   3.9320e-06   2.8246e+02
20240910_12:00:00   7.9357e-01   1.5494e+02   1.4493e+01   3.3221e-04   2.2662e-06   2.7938e+02
20240910_15:00:00   6.9160e-01   1.4172e+02   1.2871e+01   0.0000e+00   0.0000e+00   2.8107e+02
20240910_18:00:00   7.3316e-01   1.4771e+02   1.3231e+01   1.1494e-04   0.0000e+00   2.7974e+02
20240910_21:00:00   2.6222e+00   2.5885e+02   1.6349e+01   6.8809e-01   1.2504e-03   2.7704e+02
20240911_00:00:00   8.4323e-01   1.6173e+02   1.3722e+01   2.5059e-02   9.6902e-04   2.7554e+02
20240911_03:00:00   5.6941e-01   1.2492e+02   1.0397e+01   0.0000e+00   0.0000e+00   2.7899e+02
20240911_06:00:00   5.0156e-01   1.1377e+02   9.4102e+00   0.0000e+00   0.0000e+00   2.8057e+02
20240911_09:00:00   3.9942e-01   9.5542e+01   7.9182e+00   0.0000e+00   0.0000e+00   2.7773e+02
20240911_12:00:00   3.8229e-01   9.2341e+01   7.4878e+00   0.0000e+00   0.0000e+00   2.7725e+02
20240911_15:00:00   4.1029e-01   9.7557e+01   7.8099e+00   0.0000e+00   0.0000e+00   2.7571e+02
20240911_18:00:00   5.0271e-01   1.1362e+02   9.3049e+00   0.0000e+00   0.0000e+00   2.7586e+02
20240911_21:00:00   1.2850e+00   2.0281e+02   1.2772e+01   2.3142e-01   7.0560e-05   2.7436e+02
20240912_00:00:00   1.0909e+00   1.8707e+02   1.2377e+01   1.5425e-01   0.0000e+00   2.7361e+02
20240912_03:00:00   5.6733e-01   1.2437e+02   9.8506e+00   7.6060e-03   0.0000e+00   2.7309e+02
20240912_06:00:00   4.8572e-01   1.1117e+02   8.3966e+00   1.0354e-02   0.0000e+00   2.7520e+02
20240912_09:00:00   4.5697e-01   1.0608e+02   8.0408e+00   6.6480e-03   0.0000e+00   2.7255e+02
20240912_12:00:00   3.0267e-01   7.6819e+01   5.8649e+00   0.0000e+00   0.0000e+00   2.7225e+02
20240912_15:00:00   2.8246e-01   7.2632e+01   5.4999e+00   0.0000e+00   0.0000e+00   2.7590e+02
20240912_18:00:00   3.6109e-01   8.8362e+01   6.9201e+00   0.0000e+00   0.0000e+00   2.7862e+02
20240912_21:00:00   4.3118e-01   1.0155e+02   8.2415e+00   0.0000e+00   0.0000e+00   2.7644e+02
20240913_00:00:00   5.1666e-01   1.1641e+02   9.3699e+00   4.2915e-03   0.0000e+00   2.7727e+02
20240913_03:00:00   3.6305e-01   8.9167e+01   6.9732e+00   0.0000e+00   0.0000e+00   2.7878e+02
20240913_06:00:00   1.8501e-01   5.1432e+01   3.8836e+00   0.0000e+00   0.0000e+00   2.8068e+02
20240913_09:00:00   1.7439e-01   4.8994e+01   3.6262e+00   0.0000e+00   0.0000e+00   2.8010e+02
20240913_12:00:00   1.4466e-01   4.1968e+01   2.9796e+00   0.0000e+00   0.0000e+00   2.7933e+02
20240913_15:00:00   1.6221e-01   4.6212e+01   3.2826e+00   0.0000e+00   0.0000e+00   2.7948e+02
20240913_18:00:00   1.9916e-01   5.4864e+01   3.9371e+00   0.0000e+00   0.0000e+00   2.8090e+02
20240913_21:00:00   2.8650e-01   7.3959e+01   5.6452e+00   0.0000e+00   0.0000e+00   2.8039e+02
20240914_00:00:00   3.4365e-01   8.5667e+01   6.6131e+00   0.0000e+00   0.0000e+00   2.8227e+02
20240914_03:00:00   2.7134e-01   7.1020e+01   5.3516e+00   0.0000e+00   0.0000e+00   2.7958e+02
20240914_06:00:00   1.8728e-01   5.2247e+01   3.8074e+00   0.0000e+00   0.0000e+00   2.8275e+02
20240914_09:00:00   1.6009e-01   4.5802e+01   3.3312e+00   0.0000e+00   0.0000e+00   2.8101e+02
20240914_12:00:00   2.3489e-01   6.2934e+01   4.7717e+00   0.0000e+00   0.0000e+00   2.8298e+02
20240914_15:00:00   2.4181e-01   6.4390e+01   4.8883e+00   0.0000e+00   0.0000e+00   2.8287e+02
20240914_18:00:00   2.4699e-01   6.5505e+01   5.0084e+00   0.0000e+00   0.0000e+00   2.8224e+02
20240914_21:00:00   3.0220e-01   7.7254e+01   6.0762e+00   0.0000e+00   0.0000e+00   2.7914e+02
20240915_00:00:00   3.2324e-01   8.1747e+01   6.4200e+00   0.0000e+00   0.0000e+00   2.8067e+02
20240915_03:00:00   2.7819e-01   7.2510e+01   5.5680e+00   0.0000e+00   0.0000e+00   2.8131e+02
20240915_06:00:00   2.6919e-01   7.0532e+01   5.4320e+00   0.0000e+00   0.0000e+00   2.8036e+02
20240915_09:00:00   3.4482e-01   8.5958e+01   6.8312e+00   0.0000e+00   0.0000e+00   2.7836e+02
20240915_12:00:00   3.6691e-01   8.9936e+01   7.3308e+00   0.0000e+00   0.0000e+00   2.7976e+02
20240915_15:00:00   4.1261e-01   9.8351e+01   8.0869e+00   0.0000e+00   0.0000e+00   2.7849e+02
20240915_18:00:00   4.1226e-01   9.8293e+01   8.0744e+00   0.0000e+00   0.0000e+00   2.7742e+02
20240915_21:00:00   4.5476e-01   1.0583e+02   9.0360e+00   0.0000e+00   0.0000e+00   2.7698e+02
20240916_00:00:00   4.7493e-01   1.0948e+02   9.3088e+00   0.0000e+00   0.0000e+00   2.7539e+02
20240916_03:00:00   3.6793e-01   9.0236e+01   7.3007e+00   0.0000e+00   0.0000e+00   2.7560e+02
20240916_06:00:00   3.0933e-01   7.8701e+01   6.1974e+00   0.0000e+00   0.0000e+00   2.7573e+02
20240916_09:00:00   2.5796e-01   6.7596e+01   5.4001e+00   0.0000e+00   0.0000e+00   2.7318e+02
20240916_12:00:00   3.9592e-01   9.4681e+01   8.1301e+00   0.0000e+00   0.0000e+00   2.7545e+02
20240916_15:00:00   4.1474e-01   9.8071e+01   8.4371e+00   0.0000e+00   2.3482e-03   2.7766e+02
20240916_18:00:00   4.3889e-01   1.0268e+02   8.7638e+00   0.0000e+00   6.1140e-06   2.7809e+02
20240916_21:00:00   5.1914e-01   1.1644e+02   1.0278e+01   0.0000e+00   0.0000e+00   2.8022e+02
20240917_00:00:00   5.1209e-01   1.1557e+02   1.0019e+01   0.0000e+00   0.0000e+00   2.7793e+02
20240917_03:00:00   4.1022e-01   9.8073e+01   8.1818e+00   0.0000e+00   0.0000e+00   2.7918e+02
20240917_06:00:00   3.8923e-01   9.4128e+01   7.8243e+00   0.0000e+00   0.0000e+00   2.7835e+02
20240917_09:00:00   3.5193e-01   8.6921e+01   7.2752e+00   0.0000e+00   0.0000e+00   2.7856e+02
20240917_12:00:00   5.0832e-01   1.1494e+02   9.9387e+00   0.0000e+00   0.0000e+00   2.7811e+02
20240917_15:00:00   5.3904e-01   1.1993e+02   1.0444e+01   0.0000e+00   0.0000e+00   2.7945e+02
20240917_18:00:00   5.7716e-01   1.2582e+02   1.1116e+01   0.0000e+00   0.0000e+00   2.7955e+02
20240917_21:00:00   5.8833e-01   1.2754e+02   1.1470e+01   0.0000e+00   0.0000e+00   2.7982e+02
20240918_00:00:00   5.7906e-01   1.2633e+02   1.1255e+01   0.0000e+00   0.0000e+00   2.8314e+02
20240918_03:00:00   4.8622e-01   1.1167e+02   9.4553e+00   0.0000e+00   0.0000e+00   2.8532e+02
20240918_06:00:00   3.5836e-01   8.8361e+01   7.2632e+00   0.0000e+00   0.0000e+00   2.8646e+02
