#            date       tau255        Tb[K]      pwv[mm] lwp[kg*m^-2] iwp[kg*m^-2]       o3[DU]
20240418_00:00:00   1.0599e-01   3.2016e+01   2.0769e+00   0.0000e+00   1.3534e-03   3.0928e+02
20240418_01:00:00   9.8498e-02   3.0122e+01   1.9370e+00   0.0000e+00   4.2077e-03   3.0930e+02
20240418_02:00:00   8.1504e-02   2.5768e+01   1.5926e+00   0.0000e+00   5.0584e-03   3.0830e+02
20240418_03:00:00   7.5843e-02   2.4270e+01   1.4820e+00   0.0000e+00   6.7593e-05   3.0970e+02
20240418_04:00:00   7.2436e-02   2.3394e+01   1.4012e+00   0.0000e+00   2.6040e-07   3.1110e+02
20240418_05:00:00   7.2306e-02   2.3206e+01   1.4297e+00   0.0000e+00   7.1573e-03   3.0990e+02
20240418_06:00:00   7.2963e-02   2.3247e+01   1.4641e+00   0.0000e+00   1.8825e-02   3.0988e+02
20240418_07:00:00   7.2467e-02   2.3148e+01   1.4538e+00   0.0000e+00   2.1736e-03   3.1012e+02
20240418_08:00:00   7.1498e-02   2.2988e+01   1.4088e+00   0.0000e+00   7.7700e-06   3.0859e+02
20240418_09:00:00   7.4058e-02   2.3570e+01   1.4797e+00   0.0000e+00   2.8738e-05   3.0779e+02
20240418_10:00:00   7.7495e-02   2.4238e+01   1.5681e+00   0.0000e+00   5.7943e-02   3.0718e+02
20240418_11:00:00   7.0950e-02   2.2788e+01   1.3995e+00   0.0000e+00   5.0259e-03   3.0728e+02
20240418_12:00:00   6.8033e-02   2.2058e+01   1.3259e+00   0.0000e+00   1.2124e-03   3.0848e+02
20240418_13:00:00   7.7667e-02   2.4232e+01   1.5961e+00   0.0000e+00   1.2510e-02   3.0680e+02
20240418_14:00:00   7.8916e-02   2.4474e+01   1.6362e+00   0.0000e+00   1.8406e-02   3.0845e+02
20240418_15:00:00   8.4231e-02   2.5613e+01   1.7884e+00   0.0000e+00   2.9035e-02   3.0963e+02
20240418_16:00:00   1.2929e-01   3.5768e+01   2.8836e+00   0.0000e+00   1.3180e-01   3.0979e+02
20240418_17:00:00   8.3380e-02   2.5446e+01   1.7809e+00   0.0000e+00   1.2437e-03   3.1011e+02
20240418_18:00:00   9.3342e-02   2.7752e+01   2.0373e+00   0.0000e+00   3.2326e-03   3.0886e+02
20240418_19:00:00   1.0526e-01   3.0690e+01   2.3138e+00   0.0000e+00   7.4769e-03   3.0812e+02
20240418_20:00:00   1.3856e-01   3.8329e+01   3.1065e+00   0.0000e+00   3.0191e-02   3.0759e+02
20240418_21:00:00   1.1908e-01   3.4205e+01   2.6031e+00   0.0000e+00   3.3560e-03   3.0771e+02
20240418_22:00:00   1.7181e-01   4.6054e+01   3.8574e+00   0.0000e+00   4.7598e-03   3.0937e+02
20240418_23:00:00   1.7088e-01   4.6181e+01   3.7772e+00   3.6200e-05   6.8368e-03   3.1007e+02
20240419_00:00:00   2.0458e-01   5.3155e+01   4.5271e+00   3.9810e-04   5.4638e-02   3.1371e+02
20240419_01:00:00   2.3274e-01   5.9282e+01   5.2030e+00   5.3240e-04   5.1011e-02   3.1691e+02
20240419_02:00:00   1.7950e-01   4.7798e+01   4.0309e+00   0.0000e+00   4.2978e-02   3.2016e+02
20240419_03:00:00   1.9039e-01   5.0482e+01   4.1433e+00   0.0000e+00   1.0915e-02   3.2245e+02
20240419_04:00:00   2.5118e-01   6.3699e+01   5.3398e+00   0.0000e+00   1.0502e-02   3.2092e+02
20240419_05:00:00   2.7914e-01   6.9772e+01   5.8144e+00   0.0000e+00   1.2228e-05   3.2167e+02
20240419_06:00:00   2.8537e-01   7.1211e+01   5.9192e+00   0.0000e+00   0.0000e+00   3.2355e+02
20240419_07:00:00   2.6954e-01   6.8032e+01   5.5998e+00   0.0000e+00   0.0000e+00   3.2304e+02
20240419_08:00:00   2.3176e-01   6.0115e+01   4.8539e+00   0.0000e+00   0.0000e+00   3.2615e+02
20240419_09:00:00   2.1675e-01   5.6938e+01   4.5346e+00   0.0000e+00   0.0000e+00   3.2706e+02
20240419_10:00:00   2.1111e-01   5.5801e+01   4.4047e+00   0.0000e+00   0.0000e+00   3.3083e+02
20240419_11:00:00   1.9524e-01   5.2387e+01   4.0560e+00   0.0000e+00   0.0000e+00   3.3220e+02
20240419_12:00:00   1.8599e-01   5.0231e+01   3.8707e+00   0.0000e+00   0.0000e+00   3.3120e+02
20240419_13:00:00   1.8134e-01   4.9116e+01   3.7736e+00   0.0000e+00   0.0000e+00   3.2939e+02
20240419_14:00:00   1.8778e-01   5.0622e+01   3.8735e+00   0.0000e+00   0.0000e+00   3.2923e+02
20240419_15:00:00   1.9311e-01   5.1772e+01   3.9733e+00   0.0000e+00   0.0000e+00   3.2826e+02
20240419_16:00:00   1.8184e-01   4.9192e+01   3.7365e+00   0.0000e+00   0.0000e+00   3.2881e+02
20240419_17:00:00   1.4366e-01   4.0434e+01   2.9204e+00   0.0000e+00   0.0000e+00   3.3003e+02
20240419_18:00:00   1.4710e-01   4.1264e+01   2.9559e+00   0.0000e+00   0.0000e+00   3.3140e+02
20240419_19:00:00   1.6513e-01   4.5448e+01   3.3065e+00   0.0000e+00   0.0000e+00   3.3383e+02
20240419_20:00:00   1.7779e-01   4.8362e+01   3.5450e+00   0.0000e+00   0.0000e+00   3.3260e+02
20240419_21:00:00   1.8502e-01   5.0061e+01   3.6652e+00   0.0000e+00   0.0000e+00   3.2878e+02
20240419_22:00:00   1.8648e-01   5.0456e+01   3.6631e+00   0.0000e+00   0.0000e+00   3.2679e+02
20240419_23:00:00   1.8260e-01   4.9663e+01   3.5583e+00   0.0000e+00   0.0000e+00   3.2776e+02
20240420_00:00:00   1.7643e-01   4.8307e+01   3.4238e+00   0.0000e+00   0.0000e+00   3.3283e+02
20240420_01:00:00   1.6258e-01   4.5104e+01   3.1719e+00   0.0000e+00   0.0000e+00   3.3410e+02
20240420_02:00:00   1.5030e-01   4.2136e+01   2.9633e+00   0.0000e+00   0.0000e+00   3.3429e+02
20240420_03:00:00   1.3992e-01   3.9599e+01   2.7798e+00   0.0000e+00   0.0000e+00   3.3267e+02
20240420_04:00:00   1.4049e-01   3.9610e+01   2.8141e+00   0.0000e+00   0.0000e+00   3.3462e+02
20240420_05:00:00   1.5581e-01   4.3225e+01   3.1094e+00   0.0000e+00   0.0000e+00   3.3260e+02
20240420_06:00:00   1.7855e-01   4.8625e+01   3.5080e+00   0.0000e+00   0.0000e+00   3.3174e+02
20240420_07:00:00   1.8326e-01   4.9783e+01   3.5676e+00   0.0000e+00   0.0000e+00   3.3146e+02
20240420_08:00:00   1.8377e-01   4.9947e+01   3.5573e+00   0.0000e+00   0.0000e+00   3.3077e+02
20240420_09:00:00   1.8376e-01   4.9982e+01   3.5388e+00   0.0000e+00   0.0000e+00   3.2547e+02
20240420_10:00:00   1.7939e-01   4.9015e+01   3.4465e+00   0.0000e+00   0.0000e+00   3.1960e+02
20240420_11:00:00   1.7023e-01   4.6983e+01   3.2539e+00   0.0000e+00   0.0000e+00   3.1624e+02
20240420_12:00:00   1.6261e-01   4.5260e+01   3.1015e+00   0.0000e+00   0.0000e+00   3.1583e+02
20240420_13:00:00   1.5541e-01   4.3612e+01   2.9597e+00   0.0000e+00   0.0000e+00   3.1754e+02
20240420_14:00:00   1.5032e-01   4.2452e+01   2.8671e+00   0.0000e+00   0.0000e+00   3.1650e+02
20240420_15:00:00   1.4712e-01   4.1707e+01   2.8136e+00   0.0000e+00   0.0000e+00   3.1523e+02
20240420_16:00:00   1.4372e-01   4.0901e+01   2.7635e+00   0.0000e+00   0.0000e+00   3.1467e+02
20240420_17:00:00   1.3999e-01   4.0017e+01   2.7038e+00   0.0000e+00   0.0000e+00   3.1538e+02
20240420_18:00:00   1.3860e-01   3.9665e+01   2.7001e+00   0.0000e+00   0.0000e+00   3.1557e+02
20240420_19:00:00   1.5076e-01   4.2467e+01   2.9700e+00   0.0000e+00   0.0000e+00   3.1609e+02
20240420_20:00:00   1.6987e-01   4.6796e+01   3.3963e+00   0.0000e+00   0.0000e+00   3.1682e+02
20240420_21:00:00   1.9555e-01   5.2580e+01   3.9025e+00   0.0000e+00   0.0000e+00   3.1772e+02
20240420_22:00:00   2.0638e-01   5.5080e+01   4.0815e+00   0.0000e+00   0.0000e+00   3.1793e+02
20240420_23:00:00   2.0491e-01   5.4874e+01   4.0140e+00   0.0000e+00   1.2594e-04   3.1614e+02
20240421_00:00:00   2.0184e-01   5.4269e+01   3.9259e+00   0.0000e+00   2.2067e-03   3.1638e+02
20240421_01:00:00   1.9020e-01   5.1688e+01   3.7099e+00   0.0000e+00   4.4040e-03   3.1708e+02
20240421_02:00:00   1.7027e-01   4.7159e+01   3.3488e+00   0.0000e+00   6.7276e-03   3.1888e+02
20240421_03:00:00   1.7724e-01   4.8649e+01   3.5215e+00   0.0000e+00   1.7598e-02   3.1868e+02
20240421_04:00:00   1.7515e-01   4.8082e+01   3.5208e+00   0.0000e+00   6.3841e-03   3.1874e+02
20240421_05:00:00   1.6472e-01   4.5712e+01   3.3252e+00   0.0000e+00   2.0005e-03   3.1690e+02
20240421_06:00:00   1.6918e-01   4.6704e+01   3.4114e+00   0.0000e+00   3.4619e-03   3.1657e+02
20240421_07:00:00   1.6875e-01   4.6452e+01   3.4414e+00   0.0000e+00   3.5425e-03   3.1641e+02
20240421_08:00:00   1.7118e-01   4.6962e+01   3.4810e+00   0.0000e+00   6.3246e-03   3.1589e+02
20240421_09:00:00   1.5365e-01   4.3001e+01   3.0888e+00   0.0000e+00   1.2874e-02   3.1585e+02
20240421_10:00:00   1.4767e-01   4.1488e+01   2.9798e+00   0.0000e+00   3.5226e-02   3.1855e+02
20240421_11:00:00   1.4681e-01   4.1275e+01   2.9569e+00   0.0000e+00   2.3526e-02   3.1782e+02
20240421_12:00:00   1.3805e-01   3.9367e+01   2.7261e+00   0.0000e+00   2.3632e-02   3.1888e+02
20240421_13:00:00   1.3371e-01   3.8300e+01   2.6480e+00   0.0000e+00   1.5558e-02   3.2055e+02
20240421_14:00:00   1.3605e-01   3.8718e+01   2.7331e+00   0.0000e+00   1.3829e-02   3.2087e+02
20240421_15:00:00   1.4086e-01   3.9621e+01   2.9005e+00   0.0000e+00   6.9707e-03   3.2165e+02
20240421_16:00:00   1.4515e-01   4.0578e+01   2.9987e+00   0.0000e+00   4.6302e-03   3.1927e+02
20240421_17:00:00   1.5774e-01   4.3452e+01   3.2604e+00   0.0000e+00   4.6294e-03   3.1539e+02
20240421_18:00:00   1.8598e-01   4.9867e+01   3.8298e+00   0.0000e+00   4.0912e-03   3.1280e+02
20240421_19:00:00   2.2191e-01   5.7698e+01   4.5601e+00   0.0000e+00   7.7425e-03   3.1213e+02
20240421_20:00:00   2.4681e-01   6.3072e+01   5.0268e+00   0.0000e+00   1.3325e-02   3.1333e+02
20240421_21:00:00   2.7860e-01   6.9706e+01   5.6177e+00   0.0000e+00   1.8740e-02   3.1613e+02
20240421_22:00:00   2.9458e-01   7.3008e+01   5.8938e+00   0.0000e+00   1.7701e-02   3.1839e+02
20240421_23:00:00   2.9158e-01   7.2478e+01   5.8079e+00   0.0000e+00   1.0841e-02   3.1990e+02
20240422_00:00:00   2.8080e-01   7.0313e+01   5.6016e+00   0.0000e+00   9.4921e-03   3.1706e+02
20240422_01:00:00   2.6605e-01   6.7325e+01   5.3134e+00   0.0000e+00   1.1330e-02   3.1487e+02
20240422_02:00:00   2.3146e-01   6.0133e+01   4.6464e+00   0.0000e+00   4.3337e-03   3.1802e+02
20240422_03:00:00   1.9955e-01   5.3408e+01   3.9635e+00   0.0000e+00   2.3056e-03   3.2232e+02
20240422_04:00:00   1.7501e-01   4.7975e+01   3.4672e+00   0.0000e+00   1.2606e-03   3.2169e+02
20240422_05:00:00   1.5948e-01   4.4478e+01   3.1467e+00   0.0000e+00   1.1494e-04   3.1857e+02
20240422_06:00:00   1.5069e-01   4.2471e+01   2.9535e+00   0.0000e+00   0.0000e+00   3.1548e+02
20240422_07:00:00   1.4533e-01   4.1240e+01   2.8289e+00   0.0000e+00   0.0000e+00   3.1687e+02
20240422_08:00:00   1.3910e-01   3.9754e+01   2.7070e+00   0.0000e+00   0.0000e+00   3.1629e+02
20240422_09:00:00   1.3442e-01   3.8591e+01   2.6275e+00   0.0000e+00   0.0000e+00   3.1396e+02
20240422_10:00:00   1.2894e-01   3.7241e+01   2.5323e+00   0.0000e+00   0.0000e+00   3.1297e+02
20240422_11:00:00   1.2500e-01   3.6288e+01   2.4574e+00   0.0000e+00   0.0000e+00   3.1156e+02
20240422_12:00:00   1.1836e-01   3.4712e+01   2.3221e+00   0.0000e+00   0.0000e+00   3.1129e+02
20240422_13:00:00   1.1781e-01   3.4577e+01   2.3134e+00   0.0000e+00   0.0000e+00   3.1036e+02
20240422_14:00:00   1.1499e-01   3.3903e+01   2.2562e+00   0.0000e+00   0.0000e+00   3.1282e+02
20240422_15:00:00   1.1151e-01   3.3066e+01   2.1817e+00   0.0000e+00   0.0000e+00   3.1197e+02
20240422_16:00:00   1.1282e-01   3.3415e+01   2.1934e+00   0.0000e+00   0.0000e+00   3.1340e+02
20240422_17:00:00   1.2568e-01   3.6609e+01   2.4069e+00   0.0000e+00   0.0000e+00   3.1719e+02
20240422_18:00:00   1.5010e-01   4.2488e+01   2.8449e+00   0.0000e+00   0.0000e+00   3.1974e+02
20240422_19:00:00   1.9005e-01   5.1702e+01   3.5674e+00   0.0000e+00   1.6662e-04   3.1757e+02
20240422_20:00:00   2.1824e-01   5.8039e+01   4.0622e+00   0.0000e+00   2.6400e-04   3.1884e+02
20240422_21:00:00   2.4025e-01   6.2850e+01   4.4506e+00   0.0000e+00   1.1892e-04   3.1813e+02
20240422_22:00:00   2.5297e-01   6.5587e+01   4.6912e+00   0.0000e+00   5.2080e-07   3.1791e+02
20240422_23:00:00   2.6225e-01   6.7555e+01   4.8451e+00   0.0000e+00   1.5964e-05   3.1704e+02
20240423_00:00:00   2.5817e-01   6.6676e+01   4.7766e+00   0.0000e+00   1.2076e-05   3.1361e+02
20240423_03:00:00   1.1539e-01   3.4273e+01   2.2274e+00   0.0000e+00   0.0000e+00   3.1304e+02
20240423_06:00:00   7.4120e-02   2.3965e+01   1.3546e+00   0.0000e+00   0.0000e+00   3.0979e+02
20240423_09:00:00   6.9886e-02   2.2785e+01   1.2756e+00   0.0000e+00   0.0000e+00   3.0061e+02
20240423_12:00:00   7.5312e-02   2.4035e+01   1.4181e+00   0.0000e+00   0.0000e+00   2.9837e+02
20240423_15:00:00   8.7747e-02   2.7121e+01   1.7050e+00   0.0000e+00   0.0000e+00   2.9825e+02
20240423_18:00:00   1.3126e-01   3.7719e+01   2.5772e+00   0.0000e+00   0.0000e+00   2.9913e+02
20240423_21:00:00   1.5734e-01   4.3829e+01   3.0678e+00   0.0000e+00   0.0000e+00   2.9854e+02
20240424_00:00:00   1.4578e-01   4.1149e+01   2.8337e+00   0.0000e+00   0.0000e+00   2.9792e+02
20240424_03:00:00   9.9965e-02   3.0212e+01   1.8929e+00   0.0000e+00   0.0000e+00   3.0379e+02
20240424_06:00:00   8.8593e-02   2.7422e+01   1.6171e+00   0.0000e+00   0.0000e+00   3.0549e+02
20240424_09:00:00   9.4409e-02   2.8766e+01   1.7478e+00   0.0000e+00   0.0000e+00   3.1486e+02
20240424_12:00:00   1.1103e-01   3.2728e+01   2.1104e+00   0.0000e+00   0.0000e+00   3.3297e+02
20240424_15:00:00   1.1899e-01   3.4656e+01   2.2700e+00   0.0000e+00   0.0000e+00   3.3812e+02
20240424_18:00:00   1.1988e-01   3.4923e+01   2.2988e+00   0.0000e+00   0.0000e+00   3.2050e+02
20240424_21:00:00   1.5196e-01   4.2591e+01   2.9329e+00   0.0000e+00   0.0000e+00   3.1413e+02
20240425_00:00:00   1.6844e-01   4.6364e+01   3.3112e+00   0.0000e+00   0.0000e+00   3.1141e+02
20240425_03:00:00   1.5140e-01   4.2093e+01   3.1373e+00   0.0000e+00   0.0000e+00   3.1054e+02
20240425_06:00:00   2.0854e-01   5.4370e+01   4.4221e+00   0.0000e+00   0.0000e+00   3.1461e+02
20240425_09:00:00   2.1383e-01   5.5468e+01   4.4451e+00   0.0000e+00   0.0000e+00   3.2262e+02
20240425_12:00:00   1.5559e-01   4.3023e+01   3.0965e+00   0.0000e+00   0.0000e+00   3.4043e+02
20240425_15:00:00   1.5637e-01   4.3247e+01   3.1704e+00   0.0000e+00   0.0000e+00   3.3385e+02
20240425_18:00:00   1.7035e-01   4.6418e+01   3.4965e+00   0.0000e+00   0.0000e+00   3.3085e+02
20240425_21:00:00   1.9365e-01   5.1649e+01   3.9774e+00   0.0000e+00   4.1020e-06   3.2058e+02
20240426_00:00:00   2.1619e-01   5.6481e+01   4.5208e+00   0.0000e+00   2.2884e-04   3.2080e+02
20240426_03:00:00   2.1442e-01   5.5803e+01   4.6906e+00   0.0000e+00   7.2360e-06   3.1763e+02
20240426_06:00:00   2.1103e-01   5.4741e+01   4.6856e+00   0.0000e+00   0.0000e+00   3.1991e+02
20240426_09:00:00   2.2443e-01   5.7572e+01   4.9669e+00   0.0000e+00   0.0000e+00   3.2214e+02
20240426_12:00:00   1.8766e-01   4.9517e+01   4.1679e+00   0.0000e+00   0.0000e+00   3.2003e+02
20240426_15:00:00   1.6856e-01   4.5323e+01   3.7006e+00   0.0000e+00   1.2564e-04   3.2087e+02
20240426_18:00:00   2.1436e-01   5.5496e+01   4.6799e+00   0.0000e+00   0.0000e+00   3.2201e+02
20240426_21:00:00   3.3941e-01   8.0951e+01   7.1269e+00   0.0000e+00   1.9925e-05   3.2260e+02
20240427_00:00:00   4.0969e-01   9.3951e+01   8.3930e+00   0.0000e+00   2.2370e-04   3.2468e+02
20240427_03:00:00   4.0329e-01   9.3042e+01   8.1709e+00   0.0000e+00   1.7049e-03   3.2725e+02
20240427_06:00:00   3.1105e-01   7.6561e+01   5.9459e+00   0.0000e+00   0.0000e+00   3.3071e+02
20240427_09:00:00   2.5851e-01   6.5833e+01   4.9065e+00   0.0000e+00   0.0000e+00   3.3255e+02
20240427_12:00:00   1.2045e-01   3.5064e+01   2.2294e+00   0.0000e+00   0.0000e+00   3.3488e+02
20240427_15:00:00   6.5752e-02   2.1428e+01   1.1428e+00   0.0000e+00   0.0000e+00   3.4179e+02
20240427_18:00:00   1.0562e-01   3.1162e+01   1.9598e+00   0.0000e+00   0.0000e+00   3.4090e+02
20240427_21:00:00   9.1524e-02   2.7879e+01   1.5995e+00   1.3315e-06   0.0000e+00   3.5177e+02
20240428_00:00:00   8.9691e-02   2.7394e+01   1.6273e+00   0.0000e+00   0.0000e+00   3.5678e+02
20240428_03:00:00   8.2943e-02   2.5745e+01   1.5491e+00   0.0000e+00   0.0000e+00   3.5419e+02
20240428_06:00:00   9.5118e-02   2.8547e+01   1.8918e+00   0.0000e+00   0.0000e+00   3.5422e+02
20240428_09:00:00   1.0997e-01   3.1898e+01   2.2910e+00   0.0000e+00   0.0000e+00   3.4303e+02
20240428_12:00:00   1.2156e-01   3.4667e+01   2.5566e+00   0.0000e+00   0.0000e+00   3.2314e+02
20240428_15:00:00   1.2533e-01   3.5664e+01   2.6339e+00   0.0000e+00   0.0000e+00   3.1503e+02
20240428_18:00:00   1.2678e-01   3.6027e+01   2.6421e+00   0.0000e+00   0.0000e+00   3.1041e+02
20240428_21:00:00   1.5423e-01   4.2665e+01   3.0708e+00   0.0000e+00   0.0000e+00   3.1063e+02
20240429_00:00:00   1.3689e-01   3.8856e+01   2.6817e+00   0.0000e+00   0.0000e+00   3.0762e+02
20240429_03:00:00   1.0496e-01   3.1207e+01   2.0787e+00   0.0000e+00   0.0000e+00   3.1104e+02
20240429_06:00:00   9.3411e-02   2.8419e+01   1.8015e+00   0.0000e+00   0.0000e+00   3.0859e+02
20240429_09:00:00   9.7299e-02   2.9299e+01   1.8974e+00   0.0000e+00   0.0000e+00   3.1031e+02
20240429_12:00:00   9.6846e-02   2.9217e+01   1.8628e+00   0.0000e+00   0.0000e+00   3.1365e+02
20240429_15:00:00   1.0036e-01   3.0037e+01   1.9432e+00   0.0000e+00   0.0000e+00   3.1664e+02
20240429_18:00:00   1.2237e-01   3.5340e+01   2.3517e+00   0.0000e+00   0.0000e+00   3.1869e+02
20240429_21:00:00   1.4395e-01   4.0531e+01   2.7246e+00   0.0000e+00   0.0000e+00   3.1918e+02
20240430_00:00:00   1.2589e-01   3.6360e+01   2.4039e+00   0.0000e+00   0.0000e+00   3.1698e+02
20240430_03:00:00   8.1341e-02   2.5353e+01   1.5831e+00   0.0000e+00   0.0000e+00   3.1892e+02
20240430_06:00:00   8.3613e-02   2.5846e+01   1.6403e+00   0.0000e+00   0.0000e+00   3.2322e+02
20240430_09:00:00   8.3745e-02   2.5871e+01   1.6343e+00   0.0000e+00   0.0000e+00   3.3120e+02
20240430_12:00:00   6.1770e-02   2.0465e+01   1.0868e+00   0.0000e+00   0.0000e+00   3.2866e+02
20240430_15:00:00   4.9854e-02   1.7485e+01   7.8686e-01   0.0000e+00   0.0000e+00   3.2117e+02
20240430_18:00:00   4.4818e-02   1.6132e+01   6.8259e-01   0.0000e+00   0.0000e+00   3.2591e+02
20240430_21:00:00   4.7134e-02   1.6632e+01   7.7098e-01   0.0000e+00   0.0000e+00   3.2666e+02
20240501_00:00:00   5.7791e-02   1.9219e+01   1.0615e+00   0.0000e+00   0.0000e+00   3.2913e+02
20240501_03:00:00   6.4062e-02   2.0799e+01   1.2117e+00   0.0000e+00   0.0000e+00   3.3278e+02
20240501_06:00:00   8.4135e-02   2.5714e+01   1.6941e+00   0.0000e+00   0.0000e+00   3.3325e+02
20240501_09:00:00   9.6407e-02   2.8673e+01   1.9690e+00   0.0000e+00   0.0000e+00   3.3362e+02
20240501_12:00:00   8.3129e-02   2.5537e+01   1.6328e+00   0.0000e+00   0.0000e+00   3.3392e+02
20240501_15:00:00   8.1933e-02   2.5252e+01   1.5942e+00   0.0000e+00   0.0000e+00   3.3355e+02
20240501_18:00:00   1.1323e-01   3.2659e+01   2.3168e+00   0.0000e+00   0.0000e+00   3.3319e+02
20240501_21:00:00   1.4627e-01   4.0630e+01   2.9624e+00   0.0000e+00   0.0000e+00   3.3437e+02
20240502_00:00:00   1.3163e-01   3.7328e+01   2.6420e+00   0.0000e+00   0.0000e+00   3.3758e+02
20240502_03:00:00   1.0138e-01   3.0124e+01   2.0018e+00   0.0000e+00   0.0000e+00   3.4582e+02
20240502_06:00:00   8.1652e-02   2.5453e+01   1.5144e+00   0.0000e+00   0.0000e+00   3.4687e+02
20240502_09:00:00   6.6352e-02   2.1710e+01   1.1518e+00   0.0000e+00   0.0000e+00   3.3929e+02
20240502_12:00:00   7.0808e-02   2.2892e+01   1.2302e+00   0.0000e+00   0.0000e+00   3.4091e+02
20240502_15:00:00   8.6566e-02   2.6883e+01   1.5568e+00   0.0000e+00   0.0000e+00   3.4662e+02
20240502_18:00:00   9.5359e-02   2.9070e+01   1.7241e+00   0.0000e+00   0.0000e+00   3.4842e+02
20240502_21:00:00   1.4266e-01   4.0504e+01   2.6363e+00   0.0000e+00   0.0000e+00   3.4818e+02
20240503_00:00:00   1.3773e-01   3.9343e+01   2.5661e+00   0.0000e+00   0.0000e+00   3.4544e+02
20240503_03:00:00   5.1039e-02   1.7731e+01   8.3201e-01   0.0000e+00   2.9736e-03   3.4510e+02
20240503_06:00:00   3.9610e-02   1.4678e+01   5.7573e-01   0.0000e+00   3.3063e-03   3.4004e+02
20240503_09:00:00   4.8838e-02   1.7035e+01   7.9829e-01   0.0000e+00   1.2579e-02   3.4630e+02
20240503_12:00:00   5.5156e-02   1.8659e+01   9.4711e-01   0.0000e+00   2.7654e-03   3.4793e+02
20240503_15:00:00   6.4622e-02   2.1235e+01   1.1333e+00   0.0000e+00   0.0000e+00   3.5339e+02
20240503_18:00:00   7.6446e-02   2.4290e+01   1.3964e+00   0.0000e+00   0.0000e+00   3.5441e+02
20240503_21:00:00   1.1686e-01   3.4386e+01   2.2327e+00   0.0000e+00   0.0000e+00   3.4688e+02
20240504_00:00:00   1.3364e-01   3.8493e+01   2.5897e+00   0.0000e+00   0.0000e+00   3.4289e+02
