#            date       tau255        Tb[K]      pwv[mm] lwp[kg*m^-2] iwp[kg*m^-2]       o3[DU]
20250805_06:00:00   6.6620e-01   1.3885e+02   1.3435e+01   0.0000e+00   0.0000e+00   2.8932e+02
20250805_07:00:00   6.6760e-01   1.3916e+02   1.3261e+01   0.0000e+00   0.0000e+00   2.8744e+02
20250805_08:00:00   6.2020e-01   1.3245e+02   1.2365e+01   0.0000e+00   0.0000e+00   2.8840e+02
20250805_09:00:00   5.7587e-01   1.2573e+02   1.1533e+01   0.0000e+00   0.0000e+00   2.8710e+02
20250805_10:00:00   5.2384e-01   1.1759e+02   1.0475e+01   0.0000e+00   0.0000e+00   2.8461e+02
20250805_11:00:00   5.1121e-01   1.1547e+02   1.0228e+01   0.0000e+00   0.0000e+00   2.8490e+02
20250805_12:00:00   5.2024e-01   1.1675e+02   1.0485e+01   0.0000e+00   0.0000e+00   2.8777e+02
20250805_13:00:00   4.4356e-01   1.0400e+02   8.8975e+00   0.0000e+00   0.0000e+00   2.8785e+02
20250805_14:00:00   4.2212e-01   1.0016e+02   8.4845e+00   0.0000e+00   0.0000e+00   2.8867e+02
20250805_15:00:00   4.6979e-01   1.0816e+02   9.6005e+00   0.0000e+00   1.2228e-05   2.8868e+02
20250805_16:00:00   5.4590e-01   1.2072e+02   1.0950e+01   0.0000e+00   4.3340e-04   2.8648e+02
20250805_17:00:00   5.3730e-01   1.1939e+02   1.0810e+01   0.0000e+00   7.3960e-04   2.8619e+02
20250805_18:00:00   5.6103e-01   1.2326e+02   1.1137e+01   0.0000e+00   5.7800e-04   2.8741e+02
20250805_19:00:00   5.7332e-01   1.2492e+02   1.1581e+01   0.0000e+00   7.8430e-03   2.8990e+02
20250805_20:00:00   5.7111e-01   1.2425e+02   1.1789e+01   0.0000e+00   3.1271e-03   2.8907e+02
20250805_21:00:00   5.7945e-01   1.2530e+02   1.2102e+01   0.0000e+00   1.1606e-03   2.8861e+02
20250805_22:00:00   5.9922e-01   1.2805e+02   1.2624e+01   0.0000e+00   2.3273e-03   2.9022e+02
20250805_23:00:00   6.0744e-01   1.2943e+02   1.2712e+01   0.0000e+00   4.4201e-03   2.9153e+02
20250806_00:00:00   6.1788e-01   1.3109e+02   1.2868e+01   0.0000e+00   2.0834e-03   2.9334e+02
20250806_01:00:00   6.1026e-01   1.3022e+02   1.2617e+01   0.0000e+00   3.3531e-04   2.9490e+02
20250806_02:00:00   5.8235e-01   1.2624e+02   1.1980e+01   0.0000e+00   1.8154e-05   2.9318e+02
20250806_03:00:00   5.2725e-01   1.1777e+02   1.0858e+01   0.0000e+00   0.0000e+00   2.8817e+02
20250806_04:00:00   4.8288e-01   1.1048e+02   9.9879e+00   0.0000e+00   0.0000e+00   2.8674e+02
20250806_05:00:00   5.2992e-01   1.1827e+02   1.0737e+01   0.0000e+00   0.0000e+00   2.8770e+02
20250806_06:00:00   5.6639e-01   1.2412e+02   1.1335e+01   0.0000e+00   0.0000e+00   2.9038e+02
20250806_07:00:00   5.3839e-01   1.1996e+02   1.0728e+01   0.0000e+00   0.0000e+00   2.8959e+02
20250806_08:00:00   4.6538e-01   1.0796e+02   9.3706e+00   0.0000e+00   0.0000e+00   2.8887e+02
20250806_09:00:00   4.4422e-01   1.0431e+02   8.9386e+00   0.0000e+00   0.0000e+00   2.8745e+02
20250806_10:00:00   4.3972e-01   1.0351e+02   8.8510e+00   0.0000e+00   0.0000e+00   2.8704e+02
20250806_11:00:00   4.4959e-01   1.0510e+02   9.0697e+00   0.0000e+00   0.0000e+00   2.8561e+02
20250806_12:00:00   4.5202e-01   1.0552e+02   9.0610e+00   0.0000e+00   0.0000e+00   2.8666e+02
20250806_13:00:00   4.4486e-01   1.0430e+02   8.8947e+00   0.0000e+00   0.0000e+00   2.8439e+02
20250806_14:00:00   4.5080e-01   1.0519e+02   9.0845e+00   0.0000e+00   0.0000e+00   2.8541e+02
20250806_15:00:00   4.8549e-01   1.1087e+02   9.7924e+00   0.0000e+00   0.0000e+00   2.8576e+02
20250806_16:00:00   5.3793e-01   1.1945e+02   1.0718e+01   0.0000e+00   0.0000e+00   2.8398e+02
20250806_17:00:00   5.8795e-01   1.2735e+02   1.1572e+01   0.0000e+00   0.0000e+00   2.8361e+02
20250806_18:00:00   6.3845e-01   1.3475e+02   1.2569e+01   0.0000e+00   0.0000e+00   2.8511e+02
20250806_19:00:00   6.6049e-01   1.3789e+02   1.3035e+01   1.5804e-04   2.8740e-05   2.8398e+02
20250806_20:00:00   7.1984e-01   1.4590e+02   1.3908e+01   5.9860e-03   3.2955e-04   2.8276e+02
20250806_21:00:00   8.7243e-01   1.6416e+02   1.5609e+01   3.4103e-02   2.8920e-02   2.8271e+02
20250806_22:00:00   9.3008e-01   1.7050e+02   1.7041e+01   2.4294e-02   1.2040e-01   2.8279e+02
20250806_23:00:00   8.6870e-01   1.6392e+02   1.7085e+01   3.2810e-04   2.4845e-02   2.8391e+02
20250807_00:00:00   8.4202e-01   1.6122e+02   1.6108e+01   1.0452e-02   1.5358e-03   2.8295e+02
20250807_01:00:00   8.0482e-01   1.5707e+02   1.5588e+01   4.7120e-03   2.4437e-04   2.8256e+02
20250807_02:00:00   7.2015e-01   1.4672e+02   1.4065e+01   0.0000e+00   0.0000e+00   2.8298e+02
20250807_03:00:00   6.2788e-01   1.3421e+02   1.2293e+01   0.0000e+00   0.0000e+00   2.8488e+02
20250807_04:00:00   5.4946e-01   1.2241e+02   1.0840e+01   0.0000e+00   0.0000e+00   2.8512e+02
20250807_05:00:00   4.7417e-01   1.1008e+02   9.4262e+00   0.0000e+00   0.0000e+00   2.8652e+02
20250807_06:00:00   3.7633e-01   9.2267e+01   7.6996e+00   0.0000e+00   0.0000e+00   2.8847e+02
20250807_07:00:00   4.5420e-01   1.0551e+02   9.4865e+00   0.0000e+00   0.0000e+00   2.8779e+02
20250807_08:00:00   5.6511e-01   1.2360e+02   1.1527e+01   0.0000e+00   0.0000e+00   2.8558e+02
20250807_09:00:00   5.9846e-01   1.2875e+02   1.2072e+01   0.0000e+00   2.0840e-07   2.8558e+02
20250807_10:00:00   6.5518e-01   1.3694e+02   1.3061e+01   0.0000e+00   0.0000e+00   2.8318e+02
20250807_11:00:00   6.8213e-01   1.4069e+02   1.3487e+01   9.7820e-05   1.1594e-05   2.8376e+02
20250807_12:00:00   7.1677e-01   1.4514e+02   1.3646e+01   1.0742e-02   6.9640e-04   2.8610e+02
20250807_13:00:00   8.9348e-01   1.6567e+02   1.5399e+01   4.7246e-02   7.4190e-02   2.8683e+02
20250807_14:00:00   7.9299e-01   1.5470e+02   1.5439e+01   8.5103e-04   9.7601e-03   2.8638e+02
20250807_15:00:00   8.5430e-01   1.6186e+02   1.6333e+01   5.7800e-03   6.7569e-02   2.8448e+02
20250807_16:00:00   9.5099e-01   1.7229e+02   1.7388e+01   1.7950e-02   1.4183e-01   2.8685e+02
20250807_17:00:00   9.2646e-01   1.6973e+02   1.7929e+01   2.8737e-04   1.1606e-01   2.8774e+02
20250807_18:00:00   8.8224e-01   1.6518e+02   1.7297e+01   4.0220e-04   1.9275e-02   2.9077e+02
20250807_19:00:00   9.2695e-01   1.7028e+02   1.6897e+01   2.8327e-02   2.4818e-03   2.9073e+02
20250807_20:00:00   1.2909e+00   2.0238e+02   1.6743e+01   1.8840e-01   6.7361e-02   2.8927e+02
20250807_21:00:00   1.2291e+00   1.9798e+02   1.6191e+01   1.6830e-01   1.3978e-01   2.8849e+02
20250807_22:00:00   1.0203e+00   1.8026e+02   1.5690e+01   8.5408e-02   7.6328e-02   2.8981e+02
20250807_23:00:00   1.2363e+00   1.9903e+02   1.5938e+01   1.6866e-01   8.2038e-02   2.8890e+02
20250808_00:00:00   1.1070e+00   1.8838e+02   1.5680e+01   1.1965e-01   5.1469e-02   2.8487e+02
20250808_01:00:00   9.0863e-01   1.6905e+02   1.5224e+01   4.6735e-02   1.4639e-02   2.8489e+02
20250808_02:00:00   7.8698e-01   1.5506e+02   1.4707e+01   8.7396e-03   6.3584e-04   2.8611e+02
20250808_03:00:00   7.2737e-01   1.4749e+02   1.4054e+01   0.0000e+00   0.0000e+00   2.8574e+02
20250808_04:00:00   6.3289e-01   1.3460e+02   1.2375e+01   0.0000e+00   0.0000e+00   2.8637e+02
20250808_05:00:00   5.2188e-01   1.1751e+02   1.0467e+01   0.0000e+00   0.0000e+00   2.8693e+02
20250808_06:00:00   4.1978e-01   9.9433e+01   8.8991e+00   0.0000e+00   0.0000e+00   2.8930e+02
20250808_07:00:00   5.2396e-01   1.1670e+02   1.1042e+01   0.0000e+00   0.0000e+00   2.8851e+02
20250808_08:00:00   6.1350e-01   1.3049e+02   1.2650e+01   0.0000e+00   0.0000e+00   2.8639e+02
20250808_09:00:00   6.6544e-01   1.3790e+02   1.3493e+01   0.0000e+00   0.0000e+00   2.8438e+02
20250808_10:00:00   6.5414e-01   1.3641e+02   1.3217e+01   0.0000e+00   0.0000e+00   2.8551e+02
20250808_11:00:00   6.5574e-01   1.3673e+02   1.3133e+01   0.0000e+00   0.0000e+00   2.8482e+02
20250808_12:00:00   6.5584e-01   1.3681e+02   1.3122e+01   0.0000e+00   4.5980e-05   2.8289e+02
20250808_13:00:00   6.5778e-01   1.3708e+02   1.3180e+01   0.0000e+00   0.0000e+00   2.8375e+02
20250808_14:00:00   6.6623e-01   1.3825e+02   1.3304e+01   0.0000e+00   5.1720e-05   2.8364e+02
20250808_15:00:00   6.5968e-01   1.3742e+02   1.3154e+01   0.0000e+00   0.0000e+00   2.8280e+02
20250808_16:00:00   6.5736e-01   1.3711e+02   1.3115e+01   0.0000e+00   0.0000e+00   2.8106e+02
20250808_17:00:00   6.3560e-01   1.3402e+02   1.2715e+01   0.0000e+00   0.0000e+00   2.7837e+02
20250808_18:00:00   6.1297e-01   1.3073e+02   1.2339e+01   0.0000e+00   0.0000e+00   2.7835e+02
20250808_19:00:00   6.2130e-01   1.3195e+02   1.2526e+01   0.0000e+00   0.0000e+00   2.8063e+02
20250808_20:00:00   6.6853e-01   1.3890e+02   1.3301e+01   0.0000e+00   3.4480e-05   2.7949e+02
20250808_21:00:00   7.7809e-01   1.5368e+02   1.4400e+01   1.5086e-02   2.4301e-04   2.7928e+02
20250808_22:00:00   9.7186e-01   1.7587e+02   1.5651e+01   5.9116e-02   1.3390e-03   2.7885e+02
20250808_23:00:00   1.1472e+00   1.9282e+02   1.6374e+01   1.0593e-01   7.5960e-04   2.7889e+02
20250809_00:00:00   1.1183e+00   1.9066e+02   1.6562e+01   8.2716e-02   6.6460e-05   2.7786e+02
20250809_01:00:00   9.0088e-01   1.6923e+02   1.5751e+01   1.2022e-02   0.0000e+00   2.7705e+02
20250809_02:00:00   7.9189e-01   1.5656e+02   1.4475e+01   0.0000e+00   4.5820e-04   2.7779e+02
20250809_03:00:00   7.2415e-01   1.4786e+02   1.3416e+01   0.0000e+00   1.6224e-04   2.7985e+02
20250809_04:00:00   6.7867e-01   1.4155e+02   1.2808e+01   0.0000e+00   1.6042e-04   2.7883e+02
20250809_05:00:00   6.7215e-01   1.4050e+02   1.2801e+01   0.0000e+00   1.4468e-03   2.7968e+02
20250809_06:00:00   7.0861e-01   1.4529e+02   1.3484e+01   0.0000e+00   2.9440e-03   2.7917e+02
20250809_07:00:00   7.4174e-01   1.4949e+02   1.4056e+01   0.0000e+00   2.0779e-03   2.7837e+02
20250809_08:00:00   7.4675e-01   1.4993e+02   1.4221e+01   0.0000e+00   6.3040e-04   2.7731e+02
20250809_09:00:00   7.7565e-01   1.5335e+02   1.4751e+01   0.0000e+00   1.6062e-03   2.7586e+02
20250809_10:00:00   7.4801e-01   1.4972e+02   1.4358e+01   0.0000e+00   2.6919e-03   2.7533e+02
20250809_11:00:00   7.3531e-01   1.4786e+02   1.4220e+01   0.0000e+00   7.3271e-04   2.7589e+02
20250809_12:00:00   7.0683e-01   1.4407e+02   1.3720e+01   0.0000e+00   3.3700e-05   2.7598e+02
20250809_13:00:00   6.6227e-01   1.3811e+02   1.2901e+01   0.0000e+00   0.0000e+00   2.7841e+02
20250809_14:00:00   6.4139e-01   1.3519e+02   1.2518e+01   0.0000e+00   0.0000e+00   2.7855e+02
20250809_15:00:00   6.4502e-01   1.3571e+02   1.2592e+01   0.0000e+00   0.0000e+00   2.7880e+02
20250809_16:00:00   6.5834e-01   1.3748e+02   1.2927e+01   0.0000e+00   0.0000e+00   2.8104e+02
20250809_17:00:00   6.9381e-01   1.4226e+02   1.3600e+01   0.0000e+00   9.5800e-06   2.8200e+02
20250809_18:00:00   7.1401e-01   1.4504e+02   1.3901e+01   0.0000e+00   0.0000e+00   2.8139e+02
20250809_19:00:00   7.4398e-01   1.4904e+02   1.4240e+01   2.6580e-03   1.1494e-04   2.8193e+02
20250809_20:00:00   7.7116e-01   1.5274e+02   1.4679e+01   1.9252e-03   5.7480e-06   2.8289e+02
20250809_21:00:00   1.0484e+00   1.8313e+02   1.5882e+01   8.4020e-02   7.7627e-04   2.8129e+02
20250809_22:00:00   1.3769e+00   2.0990e+02   1.6851e+01   1.8998e-01   6.9116e-04   2.8019e+02
20250809_23:00:00   1.6013e+00   2.2396e+02   1.7258e+01   2.6568e-01   3.1960e-04   2.8158e+02
20250810_00:00:00   1.0199e+00   1.8109e+02   1.6448e+01   4.6278e-02   7.8648e-06   2.8304e+02
20250810_01:00:00   7.8052e-01   1.5481e+02   1.4495e+01   0.0000e+00   0.0000e+00   2.8349e+02
20250810_02:00:00   7.1706e-01   1.4661e+02   1.3547e+01   0.0000e+00   0.0000e+00   2.8357e+02
20250810_03:00:00   7.1834e-01   1.4661e+02   1.3772e+01   0.0000e+00   7.6880e-05   2.8403e+02
20250810_04:00:00   7.2679e-01   1.4754e+02   1.4001e+01   0.0000e+00   9.3340e-06   2.8441e+02
20250810_05:00:00   7.4311e-01   1.4960e+02   1.4287e+01   0.0000e+00   0.0000e+00   2.8496e+02
20250810_06:00:00   7.7446e-01   1.5349e+02   1.4818e+01   0.0000e+00   0.0000e+00   2.8590e+02
20250810_09:00:00   8.0718e-01   1.5701e+02   1.5448e+01   0.0000e+00   0.0000e+00   2.8384e+02
20250810_12:00:00   8.0881e-01   1.5697e+02   1.5349e+01   0.0000e+00   4.2521e-05   2.8667e+02
20250810_15:00:00   8.0680e-01   1.5671e+02   1.5311e+01   0.0000e+00   1.1192e-04   2.9056e+02
20250810_18:00:00   8.3750e-01   1.6039e+02   1.5851e+01   0.0000e+00   0.0000e+00   2.9202e+02
20250810_21:00:00   9.0206e-01   1.6802e+02   1.6348e+01   1.4180e-02   0.0000e+00   2.9135e+02
20250811_00:00:00   1.0106e+00   1.7989e+02   1.7210e+01   3.2880e-02   0.0000e+00   2.9126e+02
20250811_03:00:00   8.7039e-01   1.6497e+02   1.6377e+01   0.0000e+00   0.0000e+00   2.9226e+02
20250811_06:00:00   7.9690e-01   1.5598e+02   1.5254e+01   0.0000e+00   0.0000e+00   2.9345e+02
20250811_09:00:00   6.9577e-01   1.4271e+02   1.3551e+01   0.0000e+00   0.0000e+00   2.9479e+02
20250811_12:00:00   6.2097e-01   1.3220e+02   1.2055e+01   0.0000e+00   0.0000e+00   2.9431e+02
20250811_15:00:00   5.8280e-01   1.2649e+02   1.1337e+01   0.0000e+00   0.0000e+00   2.9846e+02
20250811_18:00:00   6.5303e-01   1.3695e+02   1.2456e+01   0.0000e+00   0.0000e+00   2.9584e+02
20250811_21:00:00   1.2591e+00   2.0105e+02   1.4890e+01   1.9008e-01   4.0056e-03   2.9314e+02
20250812_00:00:00   7.7712e-01   1.5403e+02   1.4481e+01   1.4942e-03   0.0000e+00   2.9470e+02
20250812_03:00:00   5.8981e-01   1.2842e+02   1.1227e+01   0.0000e+00   0.0000e+00   2.9715e+02
20250812_06:00:00   5.4451e-01   1.2091e+02   1.0621e+01   0.0000e+00   0.0000e+00   2.9221e+02
20250812_09:00:00   5.4819e-01   1.2124e+02   1.0639e+01   0.0000e+00   0.0000e+00   2.9050e+02
20250812_12:00:00   4.4806e-01   1.0424e+02   9.0581e+00   0.0000e+00   0.0000e+00   2.9041e+02
20250812_15:00:00   4.8729e-01   1.1063e+02   9.8831e+00   0.0000e+00   0.0000e+00   2.8887e+02
20250812_18:00:00   6.2035e-01   1.3155e+02   1.2280e+01   0.0000e+00   0.0000e+00   2.9082e+02
20250812_21:00:00   1.6038e+00   2.2263e+02   1.5696e+01   3.2312e-01   3.6198e-02   2.8961e+02
20250813_00:00:00   8.2154e-01   1.5931e+02   1.5031e+01   7.9460e-03   0.0000e+00   2.9151e+02
20250813_03:00:00   8.0300e-01   1.5680e+02   1.5322e+01   0.0000e+00   0.0000e+00   2.8817e+02
20250813_06:00:00   7.9134e-01   1.5510e+02   1.5122e+01   0.0000e+00   0.0000e+00   2.8700e+02
20250813_09:00:00   8.7194e-01   1.6441e+02   1.6305e+01   1.9476e-05   2.6344e-06   2.8255e+02
20250813_12:00:00   8.8354e-01   1.6568e+02   1.6670e+01   0.0000e+00   0.0000e+00   2.8109e+02
20250813_15:00:00   9.0576e-01   1.6824e+02   1.6827e+01   0.0000e+00   0.0000e+00   2.8233e+02
20250813_18:00:00   1.2043e+00   1.9680e+02   1.7309e+01   1.0517e-01   1.3792e-04   2.8027e+02
20250813_21:00:00   1.2456e+00   2.0030e+02   1.7886e+01   1.0505e-01   3.1241e-04   2.8066e+02
20250814_00:00:00   1.0809e+00   1.8653e+02   1.7784e+01   4.2223e-02   2.1141e-04   2.8304e+02
20250814_03:00:00   8.1118e-01   1.5785e+02   1.5473e+01   0.0000e+00   4.4248e-04   2.8257e+02
20250814_06:00:00   8.2543e-01   1.5922e+02   1.5689e+01   0.0000e+00   0.0000e+00   2.8155e+02
20250814_09:00:00   7.8986e-01   1.5479e+02   1.5056e+01   0.0000e+00   0.0000e+00   2.7959e+02
20250814_12:00:00   7.5876e-01   1.5095e+02   1.4279e+01   0.0000e+00   0.0000e+00   2.7919e+02
20250814_15:00:00   7.0679e-01   1.4398e+02   1.3736e+01   0.0000e+00   0.0000e+00   2.7873e+02
20250814_18:00:00   8.4163e-01   1.6131e+02   1.5705e+01   3.3040e-04   0.0000e+00   2.7783e+02
20250814_21:00:00   3.1376e+00   2.6799e+02   2.0193e+01   8.2044e-01   2.2647e-03   2.7939e+02
20250815_00:00:00   1.2270e+00   1.9975e+02   1.8980e+01   7.1713e-02   5.6355e-02   2.7731e+02
20250815_03:00:00   7.5037e-01   1.5051e+02   1.4556e+01   0.0000e+00   0.0000e+00   2.8020e+02
20250815_06:00:00   7.3106e-01   1.4750e+02   1.4347e+01   0.0000e+00   0.0000e+00   2.8131e+02
20250815_09:00:00   7.4168e-01   1.4881e+02   1.4376e+01   0.0000e+00   0.0000e+00   2.8163e+02
20250815_12:00:00   7.4317e-01   1.4901e+02   1.4295e+01   0.0000e+00   4.3940e-05   2.8259e+02
20250815_15:00:00   7.9344e-01   1.5543e+02   1.4980e+01   0.0000e+00   1.3174e-02   2.8255e+02
20250815_18:00:00   9.1273e-01   1.6957e+02   1.6687e+01   1.1710e-03   9.2196e-03   2.8091e+02
20250815_21:00:00   2.3268e+00   2.5414e+02   2.0079e+01   4.7758e-01   4.5562e-04   2.8029e+02
20250816_00:00:00   1.2306e+00   2.0059e+02   1.8547e+01   8.2347e-02   6.1200e-06   2.7961e+02
20250816_03:00:00   8.7825e-01   1.6611e+02   1.6742e+01   0.0000e+00   0.0000e+00   2.8091e+02
20250816_06:00:00   9.3586e-01   1.7183e+02   1.7885e+01   0.0000e+00   0.0000e+00   2.8291e+02
20250816_09:00:00   8.6950e-01   1.6435e+02   1.6780e+01   0.0000e+00   2.2244e-02   2.8250e+02
20250816_12:00:00   7.8536e-01   1.5424e+02   1.5499e+01   0.0000e+00   2.1666e-02   2.8375e+02
20250816_15:00:00   9.0467e-01   1.6814e+02   1.7288e+01   0.0000e+00   9.0496e-03   2.8067e+02
20250816_18:00:00   1.0276e+00   1.8108e+02   1.9256e+01   2.8740e-05   1.3107e-03   2.7935e+02
20250816_21:00:00   1.9755e+00   2.4222e+02   2.1668e+01   3.1506e-01   3.1129e-04   2.7998e+02
20250817_00:00:00   1.1950e+00   1.9683e+02   2.1031e+01   2.9800e-02   0.0000e+00   2.8080e+02
20250817_03:00:00   9.6625e-01   1.7551e+02   1.8664e+01   0.0000e+00   0.0000e+00   2.8124e+02
20250817_06:00:00   8.8677e-01   1.6716e+02   1.6776e+01   0.0000e+00   5.4673e-05   2.8198e+02
20250817_09:00:00   8.2688e-01   1.6011e+02   1.5690e+01   0.0000e+00   1.6194e-02   2.8373e+02
20250817_12:00:00   7.9769e-01   1.5660e+02   1.5114e+01   0.0000e+00   1.3464e-02   2.8292e+02
20250817_15:00:00   7.5065e-01   1.5087e+02   1.4220e+01   0.0000e+00   2.1560e-04   2.8246e+02
20250817_18:00:00   8.0515e-01   1.5784e+02   1.5029e+01   0.0000e+00   0.0000e+00   2.8075e+02
20250817_21:00:00   1.5137e+00   2.2020e+02   2.0038e+01   1.6753e-01   0.0000e+00   2.8234e+02
20250818_00:00:00   1.0652e+00   1.8558e+02   2.0016e+01   2.9158e-03   0.0000e+00   2.8078e+02
20250818_03:00:00   8.9163e-01   1.6788e+02   1.7357e+01   0.0000e+00   1.9768e-05   2.7864e+02
20250818_06:00:00   8.7065e-01   1.6526e+02   1.6857e+01   0.0000e+00   1.7256e-05   2.8230e+02
20250818_09:00:00   8.2123e-01   1.5961e+02   1.5936e+01   0.0000e+00   5.6960e-03   2.8377e+02
20250818_12:00:00   8.3885e-01   1.6179e+02   1.6084e+01   0.0000e+00   4.6156e-03   2.8563e+02
20250818_15:00:00   8.4559e-01   1.6217e+02   1.6542e+01   0.0000e+00   4.2701e-02   2.8685e+02
20250818_18:00:00   9.7636e-01   1.7673e+02   1.8622e+01   0.0000e+00   4.9252e-03   2.8626e+02
20250818_21:00:00   1.6747e+00   2.2939e+02   2.0896e+01   2.1366e-01   2.5276e-02   2.8486e+02
20250819_00:00:00   1.3395e+00   2.0951e+02   2.0018e+01   9.7180e-02   1.2140e-03   2.8388e+02
20250819_03:00:00   9.3122e-01   1.7302e+02   1.7606e+01   0.0000e+00   4.2856e-03   2.8419e+02
20250819_06:00:00   8.8275e-01   1.6708e+02   1.7102e+01   0.0000e+00   8.0135e-04   2.8424e+02
20250819_09:00:00   8.9905e-01   1.6861e+02   1.7236e+01   0.0000e+00   4.5953e-02   2.8283e+02
20250819_12:00:00   8.2366e-01   1.5965e+02   1.6284e+01   0.0000e+00   2.2648e-02   2.8506e+02
20250819_15:00:00   9.4530e-01   1.7355e+02   1.7926e+01   0.0000e+00   2.3653e-03   2.8501e+02
20250819_18:00:00   1.5905e+00   2.2466e+02   2.1143e+01   1.6572e-01   2.0915e-04   2.8338e+02
20250819_21:00:00   1.8645e+00   2.3822e+02   2.1783e+01   2.6364e-01   5.0484e-04   2.7975e+02
20250820_00:00:00   1.2048e+00   1.9891e+02   2.0599e+01   2.5201e-02   2.3037e-04   2.8040e+02
20250820_03:00:00   8.9618e-01   1.6856e+02   1.7316e+01   0.0000e+00   2.3549e-03   2.7939e+02
20250820_06:00:00   9.4319e-01   1.7342e+02   1.7950e+01   0.0000e+00   1.0672e-05   2.8067e+02
20250820_09:00:00   8.4971e-01   1.6309e+02   1.6111e+01   0.0000e+00   5.9737e-03   2.7972e+02
20250820_12:00:00   8.7488e-01   1.6562e+02   1.6901e+01   0.0000e+00   1.6930e-02   2.7878e+02
20250820_15:00:00   1.1008e+00   1.8816e+02   2.0825e+01   0.0000e+00   3.9983e-02   2.8088e+02
20250820_18:00:00   1.2947e+00   2.0422e+02   2.3640e+01   6.9060e-03   2.3176e-02   2.7842e+02
20250820_21:00:00   1.5077e+00   2.1915e+02   2.5383e+01   4.1839e-02   3.3353e-02   2.7830e+02
20250821_00:00:00   1.2772e+00   2.0315e+02   2.3516e+01   1.8059e-03   9.6231e-02   2.7929e+02
20250821_03:00:00   9.8544e-01   1.7737e+02   1.9045e+01   0.0000e+00   1.1138e-03   2.8032e+02
20250821_06:00:00   9.8415e-01   1.7713e+02   1.8796e+01   0.0000e+00   5.3720e-06   2.8102e+02
