#            date       tau255        Tb[K]      pwv[mm] lwp[kg*m^-2] iwp[kg*m^-2]       o3[DU]
20210927_06:00:00   3.6553e-01   8.5337e+01   8.2938e+00   0.0000e+00   1.1188e-04   2.7801e+02
20210927_07:00:00   3.6090e-01   8.4467e+01   8.2118e+00   0.0000e+00   1.0113e-04   2.7626e+02
20210927_08:00:00   3.5263e-01   8.2920e+01   8.0559e+00   0.0000e+00   5.7389e-05   2.7652e+02
20210927_09:00:00   3.4739e-01   8.1934e+01   7.9496e+00   0.0000e+00   8.0439e-05   2.8123e+02
20210927_10:00:00   3.3914e-01   8.0417e+01   7.7639e+00   0.0000e+00   9.2631e-05   2.8131e+02
20210927_11:00:00   3.3049e-01   7.8822e+01   7.5751e+00   0.0000e+00   1.6528e-04   2.8065e+02
20210927_12:00:00   3.2388e-01   7.7627e+01   7.4180e+00   0.0000e+00   1.2690e-04   2.8026e+02
20210927_13:00:00   3.2654e-01   7.8168e+01   7.4475e+00   0.0000e+00   4.9180e-05   2.8202e+02
20210927_14:00:00   3.3093e-01   7.9074e+01   7.5138e+00   0.0000e+00   2.0400e-05   2.8561e+02
20210927_15:00:00   3.3836e-01   8.0540e+01   7.6276e+00   0.0000e+00   8.5821e-06   2.8567e+02
20210927_16:00:00   3.5060e-01   8.2862e+01   7.8565e+00   0.0000e+00   8.1580e-06   2.8471e+02
20210927_17:00:00   3.6253e-01   8.5132e+01   7.9926e+00   1.9820e-03   7.1240e-06   2.8355e+02
20210927_18:00:00   4.1370e-01   9.4473e+01   8.1720e+00   1.9540e-02   6.1560e-06   2.8395e+02
20210927_19:00:00   6.0957e-01   1.2604e+02   8.4708e+00   9.5150e-02   2.8814e-04   2.8353e+02
20210927_20:00:00   8.4280e-01   1.5635e+02   8.5587e+00   1.9079e-01   9.4075e-04   2.8176e+02
20210927_21:00:00   1.1794e+00   1.8926e+02   8.6054e+00   3.3191e-01   5.1211e-03   2.7979e+02
20210927_22:00:00   9.5919e-01   1.6847e+02   8.7724e+00   2.3919e-01   2.8406e-02   2.8052e+02
20210927_23:00:00   7.0786e-01   1.3904e+02   8.7394e+00   1.3499e-01   4.2178e-02   2.8033e+02
20210928_00:00:00   5.2596e-01   1.1287e+02   8.4662e+00   6.4020e-02   1.4522e-02   2.8033e+02
20210928_01:00:00   3.9360e-01   9.0500e+01   8.4848e+00   8.5127e-03   1.2334e-02   2.7988e+02
20210928_02:00:00   3.6351e-01   8.5023e+01   8.2541e+00   7.9420e-04   6.4594e-05   2.8063e+02
20210928_03:00:00   3.4469e-01   8.1550e+01   7.9002e+00   3.3900e-04   7.9728e-05   2.8138e+02
20210928_04:00:00   3.2769e-01   7.8275e+01   7.6004e+00   0.0000e+00   2.6746e-05   2.8075e+02
20210928_05:00:00   3.1353e-01   7.5542e+01   7.2946e+00   0.0000e+00   1.4512e-05   2.8085e+02
20210928_06:00:00   3.0234e-01   7.3354e+01   7.0390e+00   0.0000e+00   4.4590e-05   2.8001e+02
20210928_07:00:00   2.9672e-01   7.2203e+01   6.9170e+00   0.0000e+00   1.3118e-04   2.7881e+02
20210928_08:00:00   2.8900e-01   7.0671e+01   6.7537e+00   0.0000e+00   4.3884e-04   2.7815e+02
20210928_09:00:00   2.8241e-01   6.9358e+01   6.6358e+00   0.0000e+00   1.2296e-04   2.7779e+02
20210928_10:00:00   2.7592e-01   6.8042e+01   6.5073e+00   0.0000e+00   4.3183e-05   2.7812e+02
20210928_11:00:00   2.7072e-01   6.6997e+01   6.3993e+00   0.0000e+00   4.5456e-04   2.7783e+02
20210928_12:00:00   2.6852e-01   6.6577e+01   6.3405e+00   0.0000e+00   1.2856e-03   2.7740e+02
20210928_13:00:00   2.6666e-01   6.6183e+01   6.3061e+00   0.0000e+00   1.7891e-03   2.7814e+02
20210928_14:00:00   2.6773e-01   6.6360e+01   6.3410e+00   0.0000e+00   3.3100e-05   2.7807e+02
20210928_15:00:00   2.6942e-01   6.6671e+01   6.3863e+00   0.0000e+00   0.0000e+00   2.7886e+02
20210928_16:00:00   2.6948e-01   6.6693e+01   6.3902e+00   0.0000e+00   0.0000e+00   2.8016e+02
20210928_17:00:00   2.7615e-01   6.8118e+01   6.5017e+00   3.3250e-05   0.0000e+00   2.8157e+02
20210928_18:00:00   3.6123e-01   8.4834e+01   6.9736e+00   2.5097e-02   6.3480e-05   2.8227e+02
20210928_19:00:00   8.6784e-01   1.5950e+02   7.8019e+00   2.1707e-01   3.1162e-04   2.8155e+02
20210928_20:00:00   1.3538e+00   2.0256e+02   8.9160e+00   4.0054e-01   2.7613e-03   2.8117e+02
20210928_21:00:00   1.7951e+00   2.2745e+02   9.4003e+00   5.7600e-01   8.7240e-03   2.8066e+02
20210928_22:00:00   1.5957e+00   2.1775e+02   9.7946e+00   4.8355e-01   1.0172e-02   2.7858e+02
20210928_23:00:00   1.4825e+00   2.1080e+02   1.0041e+01   4.3428e-01   6.6259e-02   2.7658e+02
20210929_00:00:00   1.3898e+00   2.0457e+02   1.0115e+01   3.9592e-01   1.3711e-01   2.7596e+02
20210929_01:00:00   7.6461e-01   1.4580e+02   1.0103e+01   1.3562e-01   2.0377e-01   2.7896e+02
20210929_02:00:00   4.2896e-01   9.6145e+01   9.7723e+00   0.0000e+00   2.5856e-01   2.8132e+02
20210929_03:00:00   3.7537e-01   8.6661e+01   8.7638e+00   0.0000e+00   1.9125e-01   2.8193e+02
20210929_04:00:00   3.5195e-01   8.2321e+01   8.2793e+00   5.1540e-06   1.8797e-01   2.8073e+02
20210929_05:00:00   3.4174e-01   8.0433e+01   8.1032e+00   0.0000e+00   9.2975e-02   2.7932e+02
20210929_06:00:00   3.3413e-01   7.9013e+01   7.9554e+00   0.0000e+00   2.8028e-02   2.7917e+02
20210929_07:00:00   3.3483e-01   7.9195e+01   7.9564e+00   1.9022e-04   4.8387e-03   2.7730e+02
20210929_08:00:00   3.4264e-01   8.0652e+01   8.1311e+00   0.0000e+00   4.5913e-03   2.7493e+02
20210929_09:00:00   3.5563e-01   8.3161e+01   8.3736e+00   0.0000e+00   1.7032e-03   2.7479e+02
20210929_10:00:00   3.7836e-01   8.7329e+01   8.8062e+00   0.0000e+00   5.2878e-03   2.7494e+02
20210929_11:00:00   4.1520e-01   9.3872e+01   9.2337e+00   6.2620e-03   7.1955e-03   2.7490e+02
20210929_12:00:00   4.1410e-01   9.3730e+01   9.4244e+00   1.1824e-03   4.5382e-03   2.7452e+02
20210929_13:00:00   4.0410e-01   9.2092e+01   9.3019e+00   0.0000e+00   7.0051e-04   2.7345e+02
20210929_14:00:00   3.9761e-01   9.0988e+01   9.1911e+00   0.0000e+00   6.2866e-04   2.7208e+02
20210929_15:00:00   3.9929e-01   9.1303e+01   9.2087e+00   0.0000e+00   1.5783e-04   2.7116e+02
20210929_16:00:00   4.0304e-01   9.1979e+01   9.2637e+00   0.0000e+00   7.0304e-05   2.7315e+02
20210929_17:00:00   4.2548e-01   9.5968e+01   9.4573e+00   4.5790e-03   7.1510e-04   2.7212e+02
20210929_18:00:00   5.1942e-01   1.1177e+02   9.8886e+00   3.4296e-02   2.5021e-03   2.7228e+02
20210929_19:00:00   1.4065e+00   2.0561e+02   1.0548e+01   3.9588e-01   2.4004e-02   2.7308e+02
20210929_20:00:00   2.4538e+00   2.4862e+02   1.1058e+01   8.3372e-01   2.0807e-01   2.7391e+02
20210929_21:00:00   1.3642e+00   2.0155e+02   1.1169e+01   3.7058e-01   1.0126e+00   2.7291e+02
20210929_22:00:00   7.4211e-01   1.4291e+02   1.1035e+01   9.4198e-02   1.3835e+00   2.7253e+02
20210929_23:00:00   6.0357e-01   1.2404e+02   1.0886e+01   4.5710e-02   8.0888e-01   2.7313e+02
20210930_00:00:00   5.1377e-01   1.1031e+02   1.0816e+01   1.1092e-02   6.1425e-01   2.7233e+02
20210930_01:00:00   5.1287e-01   1.1023e+02   1.0968e+01   9.9480e-03   2.0926e-01   2.7167e+02
20210930_02:00:00   5.2909e-01   1.1280e+02   1.0768e+01   2.2968e-02   1.9426e-01   2.7264e+02
20210930_03:00:00   5.5498e-01   1.1706e+02   1.0487e+01   3.7167e-02   1.5347e-01   2.7384e+02
20210930_04:00:00   5.2273e-01   1.1189e+02   1.0437e+01   2.6700e-02   1.1207e-01   2.7412e+02
20210930_05:00:00   4.5365e-01   1.0049e+02   9.9701e+00   8.3280e-03   8.6654e-02   2.7484e+02
20210930_06:00:00   4.3145e-01   9.6723e+01   9.7794e+00   2.8810e-03   4.6777e-02   2.7707e+02
20210930_07:00:00   4.4194e-01   9.8512e+01   9.9634e+00   3.2230e-03   1.3897e-02   2.7683e+02
20210930_08:00:00   4.5618e-01   1.0087e+02   1.0217e+01   3.2890e-03   2.1126e-02   2.7689e+02
20210930_09:00:00   4.6965e-01   1.0321e+02   1.0161e+01   9.5340e-03   1.6293e-02   2.7542e+02
20210930_10:00:00   4.8370e-01   1.0557e+02   1.0083e+01   1.6189e-02   1.8679e-02   2.7486e+02
20210930_11:00:00   4.6188e-01   1.0189e+02   1.0087e+01   6.8450e-03   3.7703e-02   2.7585e+02
20210930_12:00:00   4.9636e-01   1.0768e+02   1.0057e+01   2.2023e-02   9.5332e-03   2.7527e+02
20210930_13:00:00   4.4870e-01   9.9758e+01   9.7974e+00   8.1420e-03   1.0102e-02   2.7398e+02
20210930_14:00:00   4.2128e-01   9.5002e+01   9.7026e+00   0.0000e+00   9.2108e-03   2.7568e+02
20210930_15:00:00   4.1291e-01   9.3623e+01   9.5377e+00   0.0000e+00   2.0924e-03   2.7646e+02
20210930_16:00:00   4.0974e-01   9.3084e+01   9.4561e+00   0.0000e+00   1.0388e-03   2.7727e+02
20210930_17:00:00   4.0640e-01   9.2554e+01   9.3038e+00   1.2910e-03   5.3825e-04   2.7863e+02
20210930_18:00:00   4.4569e-01   9.9538e+01   9.4317e+00   1.4850e-02   7.3557e-04   2.7891e+02
20210930_19:00:00   5.1916e-01   1.1179e+02   9.5709e+00   4.2400e-02   2.1836e-03   2.7727e+02
20210930_20:00:00   4.2672e-01   9.6129e+01   9.7080e+00   1.9707e-03   2.0956e-03   2.7619e+02
20210930_21:00:00   4.3442e-01   9.7452e+01   9.9369e+00   8.8100e-04   2.4394e-03   2.7420e+02
20210930_22:00:00   4.4269e-01   9.8874e+01   1.0127e+01   4.4091e-04   2.8728e-03   2.7341e+02
20210930_23:00:00   4.6831e-01   1.0315e+02   1.0369e+01   5.9486e-03   8.7578e-03   2.7341e+02
20211001_00:00:00   4.4960e-01   9.9988e+01   1.0238e+01   1.3670e-03   5.7877e-03   2.7451e+02
20211001_01:00:00   4.3578e-01   9.7679e+01   9.9533e+00   1.9220e-03   4.5879e-03   2.7696e+02
20211001_02:00:00   4.2204e-01   9.5286e+01   9.7030e+00   8.8870e-04   6.3082e-03   2.7680e+02
20211001_03:00:00   4.5144e-01   1.0031e+02   9.9080e+00   7.5770e-03   1.0471e-02   2.7720e+02
20211001_04:00:00   7.9118e-01   1.4964e+02   1.0519e+01   1.3687e-01   1.9690e-02   2.7877e+02
20211001_05:00:00   1.5543e+00   2.1513e+02   1.1191e+01   4.4039e-01   1.9538e-02   2.7951e+02
20211001_06:00:00   1.3692e+00   2.0363e+02   1.1422e+01   3.5595e-01   1.0588e-01   2.7784e+02
20211001_07:00:00   9.3990e-01   1.6631e+02   1.1480e+01   1.7643e-01   2.3376e-01   2.7808e+02
20211001_08:00:00   4.8609e-01   1.0592e+02   1.0799e+01   4.5906e-03   1.3222e-02   2.7862e+02
20211001_09:00:00   4.7459e-01   1.0404e+02   1.0432e+01   7.1779e-03   2.0964e-02   2.7816e+02
20211001_10:00:00   4.6049e-01   1.0175e+02   1.0029e+01   9.4140e-03   3.9418e-02   2.7732e+02
20211001_11:00:00   4.1598e-01   9.4064e+01   9.5973e+00   6.1550e-04   3.4456e-02   2.7533e+02
20211001_12:00:00   4.0413e-01   9.1954e+01   9.3936e+00   0.0000e+00   4.8804e-02   2.7294e+02
20211001_13:00:00   3.9849e-01   9.0982e+01   9.2597e+00   0.0000e+00   4.9256e-02   2.7251e+02
20211001_14:00:00   4.0149e-01   9.1602e+01   9.2675e+00   0.0000e+00   1.7763e-02   2.7277e+02
20211001_15:00:00   4.0912e-01   9.3079e+01   9.3591e+00   0.0000e+00   8.8394e-03   2.7402e+02
20211001_16:00:00   4.0550e-01   9.2571e+01   9.2521e+00   0.0000e+00   8.4509e-03   2.7560e+02
20211001_17:00:00   4.2100e-01   9.5418e+01   9.2496e+00   5.7720e-03   5.3782e-03   2.7678e+02
20211001_18:00:00   4.3652e-01   9.8139e+01   9.3960e+00   9.5330e-03   6.0199e-03   2.7553e+02
20211001_19:00:00   4.1612e-01   9.4488e+01   9.5083e+00   0.0000e+00   7.4399e-03   2.7465e+02
20211001_20:00:00   4.2201e-01   9.5512e+01   9.6684e+00   0.0000e+00   5.3848e-03   2.7302e+02
20211001_21:00:00   4.2585e-01   9.6131e+01   9.7685e+00   0.0000e+00   4.3744e-03   2.7154e+02
20211001_22:00:00   4.2415e-01   9.5825e+01   9.7359e+00   0.0000e+00   3.2756e-03   2.7033e+02
20211001_23:00:00   4.1656e-01   9.4486e+01   9.6146e+00   0.0000e+00   2.9833e-03   2.7030e+02
20211002_00:00:00   4.0925e-01   9.3244e+01   9.4603e+00   0.0000e+00   2.4377e-03   2.7108e+02
20211002_01:00:00   3.9219e-01   9.0215e+01   9.1632e+00   0.0000e+00   2.1341e-03   2.7302e+02
20211002_02:00:00   3.8421e-01   8.8681e+01   8.9348e+00   1.4372e-04   6.4597e-04   2.7378e+02
20211002_03:00:00   3.4059e-01   8.0590e+01   8.0465e+00   0.0000e+00   3.0979e-03   2.7420e+02
20211002_04:00:00   2.9553e-01   7.1988e+01   7.0526e+00   0.0000e+00   6.2048e-03   2.7456e+02
20211002_05:00:00   2.6583e-01   6.6017e+01   6.4192e+00   0.0000e+00   1.5589e-02   2.7350e+02
20211002_06:00:00   2.5246e-01   6.3206e+01   6.1443e+00   0.0000e+00   2.9412e-02   2.7399e+02
20211002_09:00:00   2.3179e-01   5.9088e+01   5.5825e+00   0.0000e+00   5.5587e-03   2.7325e+02
20211002_12:00:00   2.1514e-01   5.5595e+01   5.1950e+00   0.0000e+00   2.2160e-03   2.7296e+02
20211002_15:00:00   2.4368e-01   6.1713e+01   5.7772e+00   0.0000e+00   2.5905e-03   2.7377e+02
20211002_18:00:00   2.7886e-01   6.9013e+01   6.5022e+00   5.4740e-06   9.1960e-05   2.7144e+02
20211002_21:00:00   5.4952e-01   1.1758e+02   6.2342e+00   1.1445e-01   2.6173e-05   2.7080e+02
20211003_00:00:00   4.2565e-01   9.6729e+01   7.5614e+00   3.8660e-02   6.0060e-05   2.6899e+02
20211003_03:00:00   3.3389e-01   7.9784e+01   7.2129e+00   9.4270e-03   1.9252e-05   2.7115e+02
20211003_06:00:00   2.6757e-01   6.6816e+01   5.8278e+00   8.6080e-03   6.4160e-05   2.6941e+02
20211003_09:00:00   2.2633e-01   5.8154e+01   5.3205e+00   8.1660e-04   7.4620e-04   2.7138e+02
20211003_12:00:00   2.1610e-01   5.6041e+01   5.1209e+00   3.8760e-05   1.9982e-03   2.7200e+02
20211003_15:00:00   2.4357e-01   6.1829e+01   5.7432e+00   0.0000e+00   1.2154e-03   2.7184e+02
20211003_18:00:00   2.6804e-01   6.6882e+01   6.2695e+00   5.3620e-06   4.6324e-04   2.7058e+02
20211003_21:00:00   4.7518e-01   1.0527e+02   7.6487e+00   5.8270e-02   1.6911e-03   2.6707e+02
20211004_00:00:00   7.0632e-01   1.3989e+02   8.5926e+00   1.3394e-01   1.5971e-03   2.6703e+02
20211004_03:00:00   6.5694e-01   1.3295e+02   8.5878e+00   1.1434e-01   1.3216e-04   2.6940e+02
20211004_06:00:00   6.0556e-01   1.2549e+02   8.2737e+00   1.0032e-01   1.2481e-03   2.7147e+02
20211004_09:00:00   3.3744e-01   8.0365e+01   7.6694e+00   1.4761e-03   3.9166e-04   2.6918e+02
20211004_12:00:00   3.3784e-01   8.0585e+01   7.2605e+00   8.6750e-03   2.6040e-04   2.6958e+02
20211004_15:00:00   3.1272e-01   7.5768e+01   7.2391e+00   0.0000e+00   1.7468e-05   2.7081e+02
20211004_18:00:00   4.4341e-01   1.0020e+02   7.2184e+00   5.2640e-02   3.5220e-05   2.6987e+02
20211004_21:00:00   8.6287e-01   1.5964e+02   7.5451e+00   2.1692e-01   1.8103e-04   2.6832e+02
20211005_00:00:00   5.1329e-01   1.1176e+02   7.8485e+00   6.7070e-02   5.9271e-04   2.6893e+02
20211005_03:00:00   8.1003e-01   1.5306e+02   8.5374e+00   1.7685e-01   4.5028e-04   2.7220e+02
20211005_06:00:00   3.4450e-01   8.1772e+01   7.7841e+00   1.7081e-03   9.0718e-05   2.7419e+02
20211005_09:00:00   3.6930e-01   8.6511e+01   7.3285e+00   2.0491e-02   8.2471e-05   2.7485e+02
20211005_12:00:00   3.1248e-01   7.5691e+01   7.0622e+00   2.2540e-03   1.1658e-04   2.7420e+02
20211005_15:00:00   2.9682e-01   7.2673e+01   6.8727e+00   0.0000e+00   1.8050e-04   2.7364e+02
20211005_18:00:00   4.4080e-01   9.9716e+01   7.2546e+00   5.1660e-02   1.3737e-03   2.7175e+02
20211005_21:00:00   3.6975e-01   8.6773e+01   7.6722e+00   1.4355e-02   1.3077e-03   2.6989e+02
20211006_00:00:00   3.3815e-01   8.0701e+01   7.6990e+00   2.7010e-03   4.4051e-04   2.6830e+02
20211006_03:00:00   3.4768e-01   8.2467e+01   7.9287e+00   8.9340e-04   1.5490e-04   2.7260e+02
20211006_06:00:00   3.3273e-01   7.9658e+01   7.5605e+00   8.9880e-04   1.5692e-04   2.7387e+02
20211006_09:00:00   3.1711e-01   7.6675e+01   7.2710e+00   0.0000e+00   2.3312e-04   2.7202e+02
20211006_12:00:00   3.0377e-01   7.4079e+01   6.9792e+00   0.0000e+00   9.8680e-05   2.7183e+02
20211006_15:00:00   3.0618e-01   7.4584e+01   7.0746e+00   0.0000e+00   4.3600e-04   2.7211e+02
20211006_18:00:00   3.2206e-01   7.7629e+01   7.3326e+00   2.1010e-03   2.2485e-03   2.7387e+02
20211006_21:00:00   3.9110e-01   9.0637e+01   7.8490e+00   1.9658e-02   2.7744e-03   2.7137e+02
20211007_00:00:00   4.1222e-01   9.4381e+01   8.0554e+00   2.5660e-02   1.5460e-03   2.6944e+02
20211007_03:00:00   3.5174e-01   8.3113e+01   7.8644e+00   4.5540e-03   3.6540e-07   2.6887e+02
20211007_06:00:00   3.4448e-01   8.1701e+01   7.8868e+00   0.0000e+00   2.8960e-05   2.6822e+02
20211007_09:00:00   3.3250e-01   7.9398e+01   7.5812e+00   0.0000e+00   4.3617e-05   2.6858e+02
20211007_12:00:00   3.1529e-01   7.6150e+01   7.1799e+00   0.0000e+00   1.1420e-06   2.7092e+02
20211007_15:00:00   2.9955e-01   7.3114e+01   6.8712e+00   0.0000e+00   0.0000e+00   2.6964e+02
20211007_18:00:00   3.7686e-01   8.8202e+01   6.9363e+00   2.8440e-02   5.4090e-07   2.6869e+02
20211007_21:00:00   3.6692e-01   8.6075e+01   7.6280e+00   1.2674e-02   7.9234e-05   2.6771e+02
20211008_00:00:00   3.5091e-01   8.2866e+01   7.9971e+00   0.0000e+00   8.5204e-06   2.6881e+02
20211008_03:00:00   3.7728e-01   8.7595e+01   8.5562e+00   0.0000e+00   0.0000e+00   2.6937e+02
20211008_06:00:00   3.6992e-01   8.6214e+01   8.4139e+00   0.0000e+00   0.0000e+00   2.6814e+02
20211008_09:00:00   3.5002e-01   8.2529e+01   7.9698e+00   0.0000e+00   0.0000e+00   2.6717e+02
20211008_12:00:00   3.4542e-01   8.1677e+01   7.8609e+00   0.0000e+00   0.0000e+00   2.6990e+02
20211008_15:00:00   3.2972e-01   7.8827e+01   7.5450e+00   0.0000e+00   0.0000e+00   2.7117e+02
20211008_18:00:00   3.7300e-01   8.7237e+01   7.4445e+00   1.9000e-02   0.0000e+00   2.6819e+02
20211008_21:00:00   3.2837e-01   7.8821e+01   7.3124e+00   3.6871e-03   1.5092e-05   2.6604e+02
20211009_00:00:00   2.7909e-01   6.9242e+01   6.4168e+00   1.2490e-04   7.1240e-06   2.6414e+02
20211009_03:00:00   2.2308e-01   5.7733e+01   5.1468e+00   0.0000e+00   0.0000e+00   2.6546e+02
20211009_06:00:00   1.6890e-01   4.6000e+01   3.9009e+00   0.0000e+00   0.0000e+00   2.6728e+02
20211009_09:00:00   1.5585e-01   4.3025e+01   3.6161e+00   0.0000e+00   0.0000e+00   2.6769e+02
20211009_12:00:00   1.5663e-01   4.3174e+01   3.6488e+00   0.0000e+00   0.0000e+00   2.6585e+02
20211009_15:00:00   1.5809e-01   4.3619e+01   3.6472e+00   0.0000e+00   0.0000e+00   2.6914e+02
20211009_18:00:00   1.6624e-01   4.5540e+01   3.7994e+00   0.0000e+00   0.0000e+00   2.6749e+02
20211009_21:00:00   2.7646e-01   6.9137e+01   5.1658e+00   1.7820e-02   8.9010e-06   2.6505e+02
20211010_00:00:00   2.1062e-01   5.5436e+01   4.6761e+00   7.6340e-06   0.0000e+00   2.6363e+02
20211010_03:00:00   1.7238e-01   4.6934e+01   3.8575e+00   0.0000e+00   0.0000e+00   2.6402e+02
20211010_06:00:00   1.6875e-01   4.6032e+01   3.8136e+00   0.0000e+00   0.0000e+00   2.6447e+02
20211010_09:00:00   1.7907e-01   4.8267e+01   4.0683e+00   0.0000e+00   0.0000e+00   2.6449e+02
20211010_12:00:00   1.7221e-01   4.6693e+01   3.9527e+00   0.0000e+00   0.0000e+00   2.6668e+02
20211010_15:00:00   1.6901e-01   4.6058e+01   3.8808e+00   0.0000e+00   0.0000e+00   2.6724e+02
20211010_18:00:00   1.9197e-01   5.1320e+01   3.7047e+00   1.1490e-02   0.0000e+00   2.6683e+02
20211010_21:00:00   3.3153e-01   8.0136e+01   5.2001e+00   3.7554e-02   6.3381e-05   2.6518e+02
20211011_00:00:00   2.8222e-01   7.0442e+01   4.9153e+00   2.2904e-02   3.7920e-06   2.6635e+02
20211011_03:00:00   2.0315e-01   5.3707e+01   4.4708e+00   1.9520e-05   9.3660e-06   2.6481e+02
20211011_06:00:00   1.9528e-01   5.1992e+01   4.3113e+00   0.0000e+00   1.5668e-03   2.6305e+02
20211011_09:00:00   1.7455e-01   4.7356e+01   3.8788e+00   0.0000e+00   1.6856e-03   2.6129e+02
20211011_12:00:00   1.5638e-01   4.3350e+01   3.4214e+00   0.0000e+00   2.8358e-03   2.6030e+02
20211011_15:00:00   1.4420e-01   4.0561e+01   3.1874e+00   0.0000e+00   1.5002e-04   2.6388e+02
20211011_18:00:00   1.6520e-01   4.5443e+01   3.3115e+00   5.7200e-03   4.5525e-05   2.6334e+02
20211011_21:00:00   6.2039e-01   1.2835e+02   4.7734e+00   1.6386e-01   4.9659e-04   2.6303e+02
20211012_00:00:00   3.1826e-01   7.7674e+01   4.6693e+00   4.0561e-02   3.9794e-03   2.6136e+02
20211012_03:00:00   1.6636e-01   4.5655e+01   3.5420e+00   6.3539e-04   3.5182e-03   2.6314e+02
20211012_06:00:00   1.3908e-01   3.9378e+01   3.0550e+00   0.0000e+00   3.8420e-03   2.6559e+02
20211012_09:00:00   1.2633e-01   3.6389e+01   2.7666e+00   0.0000e+00   3.6884e-03   2.6448e+02
20211012_12:00:00   1.3102e-01   3.7486e+01   2.8672e+00   0.0000e+00   2.6520e-06   2.6546e+02
20211012_15:00:00   1.5515e-01   4.3014e+01   3.4339e+00   0.0000e+00   4.6640e-05   2.6400e+02
20211012_18:00:00   1.7718e-01   4.7968e+01   3.9274e+00   3.7490e-05   1.5648e-05   2.6349e+02
20211012_21:00:00   3.9422e-01   9.1655e+01   5.0702e+00   6.6530e-02   1.6586e-04   2.6034e+02
20211013_00:00:00   3.0947e-01   7.5569e+01   5.9201e+00   1.6104e-02   1.5800e-03   2.6017e+02
20211013_03:00:00   3.2192e-01   7.7985e+01   5.6857e+00   2.5600e-02   7.3325e-04   2.6191e+02
20211013_06:00:00   2.3298e-01   6.0022e+01   5.1196e+00   1.1240e-04   1.1604e-03   2.6433e+02
