#            date       tau255        Tb[K]      pwv[mm] lwp[kg*m^-2] iwp[kg*m^-2]       o3[DU]
20210904_00:00:00   3.4557e-01   8.2002e+01   7.0550e+00   1.8309e-02   3.1806e-04   2.7573e+02
20210904_01:00:00   2.8732e-01   7.0563e+01   6.6878e+00   2.0165e-03   2.9760e-04   2.7788e+02
20210904_02:00:00   2.8948e-01   7.1078e+01   6.3137e+00   1.0211e-02   1.7515e-04   2.7932e+02
20210904_03:00:00   2.5738e-01   6.4539e+01   6.0704e+00   1.4946e-03   1.3880e-04   2.8115e+02
20210904_04:00:00   2.5545e-01   6.4137e+01   6.0906e+00   0.0000e+00   1.6224e-04   2.8008e+02
20210904_05:00:00   2.4578e-01   6.2221e+01   5.8342e+00   0.0000e+00   1.5062e-04   2.7928e+02
20210904_06:00:00   2.2963e-01   5.8847e+01   5.4541e+00   0.0000e+00   1.7095e-04   2.8069e+02
20210904_07:00:00   2.0118e-01   5.2732e+01   4.8160e+00   0.0000e+00   5.3090e-04   2.7851e+02
20210904_08:00:00   1.7653e-01   4.7311e+01   4.2611e+00   0.0000e+00   1.2499e-03   2.7376e+02
20210904_09:00:00   1.7001e-01   4.5831e+01   4.1046e+00   0.0000e+00   1.0228e-03   2.7565e+02
20210904_10:00:00   1.7632e-01   4.7264e+01   4.2183e+00   0.0000e+00   2.5992e-04   2.7789e+02
20210904_11:00:00   1.8260e-01   4.8670e+01   4.3581e+00   0.0000e+00   1.6576e-04   2.7904e+02
20210904_12:00:00   1.9116e-01   5.0571e+01   4.5495e+00   0.0000e+00   1.8626e-04   2.7958e+02
20210904_13:00:00   2.0177e-01   5.2910e+01   4.7773e+00   0.0000e+00   8.1720e-04   2.8084e+02
20210904_14:00:00   2.0977e-01   5.4645e+01   4.9656e+00   0.0000e+00   8.8560e-04   2.7827e+02
20210904_15:00:00   2.2180e-01   5.7144e+01   5.2683e+00   0.0000e+00   2.1328e-03   2.7716e+02
20210904_16:00:00   2.3450e-01   5.9771e+01   5.5820e+00   0.0000e+00   4.2956e-03   2.7940e+02
20210904_17:00:00   2.4783e-01   6.2527e+01   5.8850e+00   0.0000e+00   4.7455e-03   2.7914e+02
20210904_18:00:00   2.5994e-01   6.4992e+01   6.1263e+00   3.5780e-04   2.5870e-03   2.7837e+02
20210904_19:00:00   2.9559e-01   7.2225e+01   6.3655e+00   1.0490e-02   5.0209e-03   2.7654e+02
20210904_20:00:00   5.4752e-01   1.1689e+02   6.6252e+00   1.0922e-01   4.2238e-03   2.7784e+02
20210904_21:00:00   6.0288e-01   1.2534e+02   6.7265e+00   1.2960e-01   7.5306e-04   2.7580e+02
20210904_22:00:00   6.7098e-01   1.3511e+02   6.7451e+00   1.5625e-01   8.2492e-05   2.7495e+02
20210904_23:00:00   4.1269e-01   9.4490e+01   6.7747e+00   4.9270e-02   2.4908e-04   2.7608e+02
20210905_00:00:00   3.4994e-01   8.2952e+01   6.8272e+00   2.2709e-02   1.4785e-04   2.7671e+02
20210905_01:00:00   3.1528e-01   7.6184e+01   6.8659e+00   8.3690e-03   5.0313e-04   2.7463e+02
20210905_02:00:00   3.1856e-01   7.6782e+01   7.0990e+00   5.6160e-03   1.2105e-04   2.7627e+02
20210905_03:00:00   3.4223e-01   8.1247e+01   7.5492e+00   6.8250e-03   7.6629e-05   2.7693e+02
20210905_04:00:00   3.4162e-01   8.1039e+01   7.9018e+00   0.0000e+00   4.2154e-05   2.7619e+02
20210905_05:00:00   3.4519e-01   8.1724e+01   7.9794e+00   0.0000e+00   1.9743e-04   2.7602e+02
20210905_06:00:00   3.4680e-01   8.2036e+01   8.0121e+00   0.0000e+00   3.1881e-04   2.8014e+02
20210905_07:00:00   3.4592e-01   8.1819e+01   8.0164e+00   0.0000e+00   2.0357e-03   2.7811e+02
20210905_08:00:00   3.4145e-01   8.0964e+01   7.9172e+00   0.0000e+00   3.8019e-03   2.7709e+02
20210905_09:00:00   3.3334e-01   7.9444e+01   7.7432e+00   0.0000e+00   2.7258e-03   2.7714e+02
20210905_10:00:00   3.3363e-01   7.9419e+01   7.7420e+00   0.0000e+00   3.7004e-03   2.7870e+02
20210905_11:00:00   3.3799e-01   8.0198e+01   7.8060e+00   0.0000e+00   3.1019e-03   2.7640e+02
20210905_12:00:00   3.3701e-01   7.9995e+01   7.7615e+00   0.0000e+00   1.0205e-03   2.7713e+02
20210905_13:00:00   3.3599e-01   7.9782e+01   7.7311e+00   0.0000e+00   2.7403e-03   2.7558e+02
20210905_14:00:00   3.3154e-01   7.8972e+01   7.6219e+00   0.0000e+00   1.4314e-03   2.7457e+02
20210905_15:00:00   3.2918e-01   7.8550e+01   7.5754e+00   0.0000e+00   3.7400e-04   2.7514e+02
20210905_16:00:00   3.2682e-01   7.8072e+01   7.5325e+00   0.0000e+00   1.7392e-04   2.7593e+02
20210905_17:00:00   3.5437e-01   8.3363e+01   7.7281e+00   8.0210e-03   3.6325e-04   2.7528e+02
20210905_18:00:00   5.6230e-01   1.1882e+02   8.2112e+00   8.4320e-02   6.8212e-04   2.7563e+02
20210905_19:00:00   7.5952e-01   1.4651e+02   8.5486e+00   1.5869e-01   1.5211e-03   2.7899e+02
20210905_20:00:00   7.6710e-01   1.4735e+02   8.9205e+00   1.5497e-01   2.6358e-03   2.7697e+02
20210905_21:00:00   6.1634e-01   1.2686e+02   9.2005e+00   8.7130e-02   2.3612e-03   2.7631e+02
20210905_22:00:00   7.0258e-01   1.3886e+02   9.5940e+00   1.1449e-01   2.3600e-03   2.7615e+02
20210905_23:00:00   6.1404e-01   1.2632e+02   9.9903e+00   7.0531e-02   2.6508e-03   2.7667e+02
20210906_00:00:00   9.0789e-01   1.6324e+02   1.0415e+01   1.8548e-01   3.7270e-03   2.7723e+02
20210906_01:00:00   1.6918e+00   2.2261e+02   1.0834e+01   5.0390e-01   1.1150e-02   2.7788e+02
20210906_02:00:00   2.6832e+00   2.5396e+02   1.1288e+01   9.1714e-01   1.2286e-01   2.7879e+02
20210906_03:00:00   2.3373e+00   2.4544e+02   1.1659e+01   7.7390e-01   5.3598e-01   2.7844e+02
20210906_04:00:00   1.1651e+00   1.8731e+02   1.1497e+01   2.6585e-01   8.8534e-01   2.7897e+02
20210906_05:00:00   6.8409e-01   1.3553e+02   1.1179e+01   7.3054e-02   4.8310e-01   2.8064e+02
20210906_06:00:00   5.1724e-01   1.1097e+02   1.0884e+01   1.1632e-02   2.1152e-01   2.7864e+02
20210906_07:00:00   4.7707e-01   1.0446e+02   1.0625e+01   1.8240e-03   6.4156e-02   2.7794e+02
20210906_08:00:00   4.6954e-01   1.0326e+02   1.0353e+01   4.3977e-03   8.2103e-03   2.7687e+02
20210906_09:00:00   4.6899e-01   1.0320e+02   1.0163e+01   7.7540e-03   5.0892e-03   2.7708e+02
20210906_10:00:00   4.8615e-01   1.0614e+02   1.0020e+01   1.7203e-02   9.9645e-04   2.7621e+02
20210906_11:00:00   5.5357e-01   1.1694e+02   1.0027e+01   4.4905e-02   5.1851e-04   2.7538e+02
20210906_12:00:00   6.4514e-01   1.3047e+02   1.0009e+01   8.2710e-02   9.2870e-04   2.7974e+02
20210906_13:00:00   6.2549e-01   1.2766e+02   9.9643e+00   7.4586e-02   4.7634e-03   2.8299e+02
20210906_14:00:00   5.3142e-01   1.1363e+02   9.9548e+00   3.4817e-02   8.1394e-03   2.8377e+02
20210906_15:00:00   5.2680e-01   1.1286e+02   1.0038e+01   3.0868e-02   3.1555e-02   2.8334e+02
20210906_16:00:00   7.0057e-01   1.3799e+02   1.0496e+01   9.3777e-02   1.2885e-01   2.8273e+02
20210906_17:00:00   9.4618e-01   1.6671e+02   1.1054e+01   1.8697e-01   2.7293e-01   2.8299e+02
20210906_18:00:00   1.1133e+00   1.8291e+02   1.1318e+01   2.5002e-01   4.8678e-01   2.8364e+02
20210906_19:00:00   9.2916e-01   1.6524e+02   1.1265e+01   1.7343e-01   4.7206e-01   2.8340e+02
20210906_20:00:00   7.1814e-01   1.4020e+02   1.1203e+01   8.8504e-02   3.1919e-01   2.8057e+02
20210906_21:00:00   6.6193e-01   1.3265e+02   1.1077e+01   6.9654e-02   1.6024e-01   2.7852e+02
20210906_22:00:00   6.6553e-01   1.3324e+02   1.0797e+01   7.7530e-02   8.9045e-02   2.7782e+02
20210906_23:00:00   6.3501e-01   1.2892e+02   1.0746e+01   6.5108e-02   7.2670e-02   2.7744e+02
20210907_00:00:00   8.1909e-01   1.5302e+02   1.0810e+01   1.3923e-01   9.8184e-02   2.7694e+02
20210907_01:00:00   7.8338e-01   1.4866e+02   1.0806e+01   1.2405e-01   1.3491e-01   2.7856e+02
20210907_02:00:00   6.5555e-01   1.3198e+02   1.0962e+01   6.7415e-02   1.7312e-01   2.8057e+02
20210907_03:00:00   5.4748e-01   1.1603e+02   1.0815e+01   2.6084e-02   1.4671e-01   2.8047e+02
20210907_04:00:00   4.7405e-01   1.0423e+02   1.0575e+01   2.7276e-03   1.5529e-02   2.8102e+02
20210907_05:00:00   7.3441e-01   1.4260e+02   1.0693e+01   1.0648e-01   6.1173e-03   2.8234e+02
20210907_06:00:00   1.3712e+00   2.0337e+02   1.0992e+01   3.6740e-01   1.0477e-01   2.8367e+02
20210907_07:00:00   8.1444e-01   1.5259e+02   1.0756e+01   1.4029e-01   3.5058e-02   2.8312e+02
20210907_08:00:00   6.6750e-01   1.3355e+02   1.0512e+01   8.4158e-02   3.5578e-02   2.7942e+02
20210907_09:00:00   7.9884e-01   1.5036e+02   1.0362e+01   1.4174e-01   1.3333e-02   2.7923e+02
20210907_10:00:00   1.0136e+00   1.7303e+02   1.0191e+01   2.3953e-01   3.1119e-02   2.7939e+02
20210907_11:00:00   8.6531e-01   1.5738e+02   1.0064e+01   1.7982e-01   1.8733e-02   2.7858e+02
20210907_12:00:00   6.0308e-01   1.2394e+02   9.9563e+00   6.9466e-02   5.3360e-03   2.7673e+02
20210907_13:00:00   4.4919e-01   9.9932e+01   9.7132e+00   7.9500e-03   1.4543e-03   2.7637e+02
20210907_14:00:00   4.3180e-01   9.6967e+01   9.6688e+00   1.0542e-03   6.9690e-04   2.7855e+02
20210907_15:00:00   4.4181e-01   9.8601e+01   9.8797e+00   1.4968e-03   1.0672e-02   2.7997e+02
20210907_16:00:00   4.7728e-01   1.0456e+02   1.0130e+01   1.1412e-02   5.7995e-02   2.7994e+02
20210907_17:00:00   6.6730e-01   1.3348e+02   1.0541e+01   8.1720e-02   1.9940e-01   2.8002e+02
20210907_18:00:00   7.6916e-01   1.4674e+02   1.0919e+01   1.1662e-01   3.0451e-01   2.8046e+02
20210907_19:00:00   6.2473e-01   1.2737e+02   1.0978e+01   5.6800e-02   1.2904e-01   2.7960e+02
20210907_20:00:00   8.2304e-01   1.5339e+02   1.1075e+01   1.3724e-01   1.5766e-02   2.7722e+02
20210907_21:00:00   1.4384e+00   2.0809e+02   1.1398e+01   3.8639e-01   8.3215e-02   2.7891e+02
20210907_22:00:00   1.9005e+00   2.3165e+02   1.1632e+01   5.7788e-01   2.6153e-01   2.7930e+02
20210907_23:00:00   9.1934e-01   1.6356e+02   1.1264e+01   1.7591e-01   4.5729e-01   2.8108e+02
20210908_00:00:00   5.8657e-01   1.2149e+02   1.1540e+01   2.7796e-02   4.2609e-01   2.8248e+02
20210908_01:00:00   7.3411e-01   1.4218e+02   1.1554e+01   8.7425e-02   3.8636e-01   2.8393e+02
20210908_02:00:00   6.5270e-01   1.3142e+02   1.1339e+01   5.8789e-02   1.8502e-01   2.8389e+02
20210908_03:00:00   5.0602e-01   1.0932e+02   1.1039e+01   6.1280e-03   1.3263e-02   2.8159e+02
20210908_04:00:00   5.2283e-01   1.1202e+02   1.0945e+01   1.4605e-02   5.5905e-03   2.8142e+02
20210908_05:00:00   5.0809e-01   1.0964e+02   1.0907e+01   7.7737e-03   3.9007e-02   2.7982e+02
20210908_06:00:00   5.2665e-01   1.1271e+02   1.0638e+01   2.0429e-02   1.7084e-02   2.7742e+02
20210908_07:00:00   5.1037e-01   1.1011e+02   1.0441e+01   1.8065e-02   3.6368e-03   2.7469e+02
20210908_08:00:00   4.8685e-01   1.0636e+02   1.0095e+01   1.5504e-02   4.7597e-04   2.7298e+02
20210908_09:00:00   5.2767e-01   1.1289e+02   1.0062e+01   3.2646e-02   9.5788e-04   2.7348e+02
20210908_10:00:00   6.2271e-01   1.2721e+02   1.0163e+01   7.0221e-02   5.2435e-03   2.7386e+02
20210908_11:00:00   8.8978e-01   1.6084e+02   1.0141e+01   1.8240e-01   2.8127e-02   2.7430e+02
20210908_12:00:00   1.0663e+00   1.7882e+02   1.0087e+01   2.5744e-01   3.5073e-02   2.7548e+02
20210908_13:00:00   1.1949e+00   1.9000e+02   1.0202e+01   3.0947e-01   4.1665e-02   2.7696e+02
20210908_14:00:00   1.3435e+00   2.0128e+02   1.0258e+01   3.6968e-01   6.2216e-02   2.7698e+02
20210908_15:00:00   1.3498e+00   2.0162e+02   1.0226e+01   3.7382e-01   6.7089e-02   2.7874e+02
20210908_16:00:00   1.1987e+00   1.9027e+02   1.0236e+01   3.1092e-01   4.1038e-02   2.7940e+02
20210908_17:00:00   7.2495e-01   1.4108e+02   1.0315e+01   1.1209e-01   1.7267e-02   2.7913e+02
20210908_18:00:00   4.6014e-01   1.0184e+02   1.0169e+01   4.3890e-03   2.0678e-03   2.7830e+02
20210908_19:00:00   4.7725e-01   1.0475e+02   1.0243e+01   1.0233e-02   6.3808e-03   2.7883e+02
20210908_20:00:00   6.4533e-01   1.3066e+02   1.0768e+01   6.8749e-02   1.0291e-02   2.7710e+02
20210908_21:00:00   1.4145e+00   2.0708e+02   1.1301e+01   3.7605e-01   3.7151e-02   2.7624e+02
20210908_22:00:00   2.6277e+00   2.5345e+02   1.1688e+01   8.7593e-01   2.3192e-01   2.7522e+02
20210908_23:00:00   2.9833e+00   2.5898e+02   1.2058e+01   1.0269e+00   5.7040e-01   2.7491e+02
20210909_00:00:00   2.1706e+00   2.4085e+02   1.2378e+01   6.8380e-01   1.0950e+00   2.7503e+02
20210909_03:00:00   7.9526e-01   1.4981e+02   1.1731e+01   1.0672e-01   7.2749e-01   2.7580e+02
20210909_06:00:00   5.7787e-01   1.2035e+02   1.1324e+01   2.7460e-02   3.3256e-01   2.7782e+02
20210909_09:00:00   5.8726e-01   1.2203e+02   1.0496e+01   4.8294e-02   5.1362e-02   2.7676e+02
20210909_12:00:00   8.6821e-01   1.5871e+02   9.7209e+00   1.8174e-01   5.2761e-02   2.7818e+02
20210909_15:00:00   8.0786e-01   1.5215e+02   9.0319e+00   1.6921e-01   3.2950e-02   2.8149e+02
20210909_18:00:00   3.5053e-01   8.2382e+01   8.2175e+00   0.0000e+00   4.8755e-03   2.7898e+02
20210909_21:00:00   4.6437e-01   1.0271e+02   9.2782e+00   2.4627e-02   2.9260e-03   2.7685e+02
20210910_00:00:00   4.6461e-01   1.0284e+02   9.2805e+00   2.4597e-02   1.2791e-03   2.7284e+02
20210910_03:00:00   3.8083e-01   8.8309e+01   8.6196e+00   0.0000e+00   3.1325e-04   2.7355e+02
20210910_06:00:00   3.6413e-01   8.5390e+01   8.1517e+00   7.4570e-04   2.5485e-04   2.7222e+02
20210910_09:00:00   3.7016e-01   8.6427e+01   8.1642e+00   1.4474e-03   1.8058e-04   2.7056e+02
20210910_12:00:00   5.7204e-01   1.2032e+02   8.1586e+00   8.4970e-02   6.8686e-04   2.7170e+02
20210910_15:00:00   5.2919e-01   1.1357e+02   8.1509e+00   6.8610e-02   2.6533e-04   2.8008e+02
20210910_18:00:00   3.8659e-01   8.9249e+01   8.4246e+00   4.3204e-03   1.5082e-03   2.8065e+02
20210910_21:00:00   9.2995e-01   1.6567e+02   9.4645e+00   2.1060e-01   1.1736e-02   2.7856e+02
20210911_00:00:00   4.3204e-01   9.6987e+01   9.1510e+00   1.2331e-02   3.6781e-03   2.7792e+02
20210911_03:00:00   3.7019e-01   8.6046e+01   8.5167e+00   0.0000e+00   1.1031e-03   2.8000e+02
20210911_06:00:00   4.0324e-01   9.1760e+01   9.1658e+00   0.0000e+00   1.4969e-03   2.7968e+02
20210911_09:00:00   3.9231e-01   8.9812e+01   8.9376e+00   0.0000e+00   1.4835e-03   2.7602e+02
20210911_12:00:00   3.8824e-01   8.9234e+01   8.7796e+00   0.0000e+00   5.0620e-06   2.7320e+02
20210911_15:00:00   3.8154e-01   8.8093e+01   8.6339e+00   2.3310e-04   6.1206e-06   2.7484e+02
20210911_18:00:00   5.0871e-01   1.0996e+02   9.3150e+00   3.8172e-02   5.4706e-04   2.7408e+02
20210911_21:00:00   9.6688e-01   1.6927e+02   9.6669e+00   2.2160e-01   3.0194e-02   2.7180e+02
20210912_00:00:00   4.2421e-01   9.5891e+01   9.1802e+00   5.9446e-03   3.1387e-03   2.7370e+02
20210912_03:00:00   4.1477e-01   9.4233e+01   9.3187e+00   0.0000e+00   2.3482e-04   2.7347e+02
20210912_06:00:00   3.8133e-01   8.8351e+01   8.6617e+00   0.0000e+00   5.2635e-05   2.7415e+02
20210912_09:00:00   3.7991e-01   8.8015e+01   8.6992e+00   2.0010e-04   1.0530e-04   2.7434e+02
20210912_12:00:00   4.8445e-01   1.0646e+02   9.3366e+00   2.7489e-02   6.5559e-05   2.7456e+02
20210912_15:00:00   1.3482e+00   2.0245e+02   1.0771e+01   3.5983e-01   4.4502e-02   2.7614e+02
20210912_18:00:00   1.7062e+00   2.2160e+02   1.2446e+01   4.9274e-01   7.4593e-01   2.7626e+02
20210912_21:00:00   1.8337e+00   2.2841e+02   1.2157e+01   5.3816e-01   7.7705e-01   2.7236e+02
20210913_00:00:00   8.8058e-01   1.6015e+02   1.2439e+01   1.3169e-01   4.8989e-01   2.7221e+02
20210913_03:00:00   4.6938e-01   1.0342e+02   1.0676e+01   5.5863e-04   1.0937e-02   2.7370e+02
20210913_06:00:00   4.7606e-01   1.0463e+02   1.0636e+01   2.1412e-03   2.9002e-02   2.7350e+02
20210913_09:00:00   4.9653e-01   1.0764e+02   1.1191e+01   1.4484e-03   3.1999e-02   2.7335e+02
20210913_12:00:00   4.5757e-01   1.0141e+02   1.0486e+01   0.0000e+00   4.1797e-03   2.7363e+02
20210913_15:00:00   5.4637e-01   1.1584e+02   1.1179e+01   2.0259e-02   3.5379e-02   2.7264e+02
20210913_18:00:00   2.2077e+00   2.4347e+02   1.1458e+01   7.0208e-01   7.0151e-03   2.7156e+02
20210913_21:00:00   5.5799e-01   1.1794e+02   1.0839e+01   3.2046e-02   1.0729e-02   2.6984e+02
20210914_00:00:00   5.6567e-01   1.1926e+02   1.0293e+01   4.5487e-02   3.2366e-02   2.6948e+02
20210914_03:00:00   8.2719e-01   1.5450e+02   1.1057e+01   1.3845e-01   6.5135e-02   2.7132e+02
20210914_06:00:00   1.2465e+00   1.9481e+02   1.1183e+01   3.1010e-01   5.6754e-02   2.7155e+02
20210914_09:00:00   9.9000e-01   1.7192e+02   1.0885e+01   2.0946e-01   2.7327e-02   2.7174e+02
20210914_12:00:00   1.0286e+00   1.7591e+02   1.0596e+01   2.3104e-01   6.2876e-03   2.7112e+02
20210914_15:00:00   1.4099e+00   2.0684e+02   1.0580e+01   3.8704e-01   1.2121e-03   2.7374e+02
20210914_18:00:00   1.1931e+00   1.9079e+02   1.0952e+01   2.8999e-01   2.6329e-02   2.7345e+02
20210914_21:00:00   1.0509e+00   1.7827e+02   1.0977e+01   2.3270e-01   3.1864e-02   2.7131e+02
20210915_00:00:00   4.8390e-01   1.0581e+02   1.0949e+01   1.9450e-03   1.3171e-02   2.7121e+02
20210915_03:00:00   4.9740e-01   1.0798e+02   1.0945e+01   4.7081e-03   1.7029e-02   2.7251e+02
20210915_06:00:00   9.4034e-01   1.6702e+02   1.0529e+01   1.9591e-01   3.7050e-03   2.7427e+02
20210915_09:00:00   5.3226e-01   1.1373e+02   1.0171e+01   3.6040e-02   1.4239e-02   2.7294e+02
20210915_12:00:00   4.3598e-01   9.7783e+01   9.9316e+00   1.5400e-03   6.9047e-03   2.7446e+02
20210915_15:00:00   9.8984e-01   1.7220e+02   1.0177e+01   2.2218e-01   7.4344e-04   2.7610e+02
20210915_18:00:00   7.8620e-01   1.4917e+02   1.0350e+01   1.3527e-01   1.2146e-03   2.7691e+02
20210915_21:00:00   4.7310e-01   1.0432e+02   1.0109e+01   9.2924e-03   1.5674e-04   2.7513e+02
20210916_00:00:00   8.9042e-01   1.6203e+02   1.0226e+01   1.7681e-01   1.0990e-03   2.7730e+02
20210916_03:00:00   5.5657e-01   1.1785e+02   9.9604e+00   4.6360e-02   3.6318e-04   2.7657e+02
20210916_06:00:00   6.4793e-01   1.3131e+02   9.7912e+00   8.7220e-02   4.1180e-03   2.7544e+02
20210916_09:00:00   4.1433e-01   9.4274e+01   9.1754e+00   5.0530e-03   4.6085e-03   2.7578e+02
20210916_12:00:00   3.7565e-01   8.7352e+01   8.7392e+00   0.0000e+00   1.3230e-02   2.7869e+02
20210916_15:00:00   3.7845e-01   8.7865e+01   8.8146e+00   0.0000e+00   3.2099e-03   2.7887e+02
20210916_18:00:00   4.9026e-01   1.0739e+02   9.4686e+00   3.0320e-02   4.2091e-04   2.7941e+02
20210916_21:00:00   1.0490e+00   1.7849e+02   9.8554e+00   2.5110e-01   2.4721e-03   2.7462e+02
20210917_00:00:00   7.3530e-01   1.4339e+02   9.5849e+00   1.2860e-01   1.0062e-03   2.7536e+02
20210917_03:00:00   5.0476e-01   1.0971e+02   9.2872e+00   3.8528e-02   5.5046e-05   2.7746e+02
20210917_06:00:00   6.3816e-01   1.2988e+02   9.4997e+00   8.9460e-02   1.1562e-03   2.7468e+02
20210917_09:00:00   4.0233e-01   9.1953e+01   9.1653e+00   9.4710e-04   3.3941e-03   2.7364e+02
20210917_12:00:00   3.7519e-01   8.7075e+01   8.7073e+00   0.0000e+00   1.3550e-02   2.7592e+02
20210917_15:00:00   3.7178e-01   8.6348e+01   8.6809e+00   0.0000e+00   2.6228e-02   2.7798e+02
20210917_18:00:00   3.8427e-01   8.8306e+01   8.9554e+00   0.0000e+00   2.5683e-01   2.7651e+02
20210917_21:00:00   4.8436e-01   1.0615e+02   9.0129e+00   3.9670e-02   1.3423e-01   2.7320e+02
20210918_00:00:00   3.7711e-01   8.7484e+01   8.6981e+00   1.1040e-03   7.1960e-07   2.7171e+02
20210918_03:00:00   3.7178e-01   8.6585e+01   8.5731e+00   0.0000e+00   7.0740e-04   2.7524e+02
20210918_06:00:00   3.7497e-01   8.7062e+01   8.5964e+00   0.0000e+00   2.4142e-03   2.7555e+02
20210918_09:00:00   3.6645e-01   8.5421e+01   8.4639e+00   0.0000e+00   6.5395e-03   2.7410e+02
20210918_12:00:00   3.3892e-01   8.0412e+01   7.8947e+00   0.0000e+00   3.6914e-04   2.7319e+02
20210918_15:00:00   3.1985e-01   7.6773e+01   7.5211e+00   0.0000e+00   2.2600e-03   2.7560e+02
20210918_18:00:00   3.2255e-01   7.7267e+01   7.5057e+00   1.4870e-03   2.1835e-03   2.7416e+02
20210918_21:00:00   4.8067e-01   1.0605e+02   7.8951e+00   5.6830e-02   2.7346e-03   2.7353e+02
20210919_00:00:00   3.8777e-01   8.9833e+01   7.6157e+00   2.6120e-02   2.4725e-02   2.7183e+02
20210919_03:00:00   3.4959e-01   8.2513e+01   8.1377e+00   0.0000e+00   6.1472e-03   2.7248e+02
20210919_06:00:00   3.6917e-01   8.6090e+01   8.4643e+00   0.0000e+00   2.0447e-04   2.7237e+02
20210919_09:00:00   3.7551e-01   8.7175e+01   8.6090e+00   0.0000e+00   1.2255e-03   2.7121e+02
20210919_12:00:00   3.6403e-01   8.5117e+01   8.3910e+00   0.0000e+00   9.1185e-05   2.6936e+02
20210919_15:00:00   3.5633e-01   8.3749e+01   8.2002e+00   0.0000e+00   0.0000e+00   2.7189e+02
20210919_18:00:00   2.9670e-01   7.2499e+01   6.8871e+00   0.0000e+00   0.0000e+00   2.7108e+02
20210919_21:00:00   5.7241e-01   1.2089e+02   6.4964e+00   1.1965e-01   6.9510e-05   2.7010e+02
20210920_00:00:00   3.0880e-01   7.5473e+01   6.1664e+00   1.5380e-02   0.0000e+00   2.6997e+02
