#            date       tau255        Tb[K]      pwv[mm] lwp[kg*m^-2] iwp[kg*m^-2]       o3[DU]
20220616_00:00:00   3.0263e-01   7.3609e+01   6.6821e+00   8.0690e-03   1.3843e-04   2.7648e+02
20220616_01:00:00   3.2428e-01   7.7859e+01   6.4348e+00   2.1465e-02   8.7439e-05   2.7541e+02
20220616_02:00:00   2.5595e-01   6.4239e+01   5.9842e+00   1.3370e-03   1.5498e-05   2.7614e+02
20220616_03:00:00   2.3112e-01   5.9191e+01   5.3956e+00   1.4820e-03   6.6210e-06   2.7860e+02
20220616_04:00:00   2.1571e-01   5.5930e+01   5.0999e+00   0.0000e+00   4.3139e-05   2.8131e+02
20220616_05:00:00   2.3391e-01   5.9895e+01   5.4178e+00   0.0000e+00   1.8912e-04   2.8292e+02
20220616_06:00:00   2.8182e-01   6.9627e+01   6.3691e+00   2.8190e-04   2.2171e-04   2.8286e+02
20220616_07:00:00   3.0578e-01   7.4221e+01   6.8747e+00   4.1710e-04   3.7470e-04   2.8321e+02
20220616_08:00:00   3.1255e-01   7.5519e+01   6.9890e+00   1.6450e-03   8.6106e-04   2.8319e+02
20220616_09:00:00   2.9588e-01   7.2259e+01   6.7571e+00   0.0000e+00   1.0356e-03   2.8048e+02
20220616_10:00:00   3.0137e-01   7.3337e+01   6.8442e+00   0.0000e+00   2.8514e-04   2.8024e+02
20220616_11:00:00   2.9616e-01   7.2272e+01   6.7289e+00   0.0000e+00   1.3135e-04   2.7690e+02
20220616_12:00:00   2.6423e-01   6.5823e+01   6.0722e+00   0.0000e+00   8.9002e-05   2.7566e+02
20220616_13:00:00   2.3582e-01   5.9940e+01   5.5043e+00   0.0000e+00   1.9240e-04   2.7580e+02
20220616_14:00:00   2.1703e-01   5.5974e+01   5.1163e+00   0.0000e+00   2.3353e-04   2.7779e+02
20220616_15:00:00   1.9877e-01   5.2117e+01   4.6832e+00   0.0000e+00   3.4481e-04   2.7838e+02
20220616_16:00:00   1.7404e-01   4.6786e+01   4.0742e+00   0.0000e+00   8.1402e-04   2.7982e+02
20220616_17:00:00   1.5381e-01   4.2342e+01   3.5351e+00   0.0000e+00   1.0786e-03   2.8198e+02
20220616_18:00:00   1.4488e-01   4.0398e+01   3.2675e+00   0.0000e+00   5.8690e-04   2.8255e+02
20220616_19:00:00   1.5890e-01   4.3638e+01   3.5072e+00   2.2470e-05   5.3968e-04   2.8302e+02
20220616_20:00:00   1.7756e-01   4.7838e+01   3.8981e+00   7.8900e-05   7.1264e-04   2.8072e+02
20220616_21:00:00   1.6614e-01   4.5273e+01   3.6931e+00   0.0000e+00   1.8731e-04   2.8189e+02
20220616_22:00:00   1.9027e-01   5.0606e+01   4.0416e+00   3.9460e-03   1.3843e-04   2.8363e+02
20220616_23:00:00   2.1210e-01   5.5235e+01   4.5861e+00   4.0610e-03   2.2750e-05   2.8529e+02
20220617_00:00:00   2.2331e-01   5.7478e+01   4.9781e+00   2.6770e-03   2.3010e-05   2.8493e+02
20220617_01:00:00   2.1457e-01   5.5561e+01   4.9454e+00   0.0000e+00   2.4861e-06   2.8458e+02
20220617_02:00:00   2.2386e-01   5.7531e+01   5.1323e+00   0.0000e+00   3.8380e-05   2.8518e+02
20220617_03:00:00   2.2133e-01   5.6976e+01   5.0629e+00   0.0000e+00   9.3900e-05   2.8531e+02
20220617_04:00:00   2.1754e-01   5.6066e+01   5.0144e+00   0.0000e+00   4.6670e-05   2.8183e+02
20220617_05:00:00   2.1573e-01   5.5615e+01   5.0269e+00   0.0000e+00   6.3680e-05   2.8384e+02
20220617_06:00:00   2.0412e-01   5.3115e+01   4.7813e+00   0.0000e+00   2.8450e-05   2.8676e+02
20220617_07:00:00   1.9393e-01   5.0916e+01   4.5487e+00   0.0000e+00   2.4690e-05   2.8658e+02
20220617_08:00:00   1.9468e-01   5.1074e+01   4.5612e+00   0.0000e+00   4.0450e-06   2.8631e+02
20220617_09:00:00   1.8417e-01   4.8877e+01   4.3179e+00   0.0000e+00   0.0000e+00   2.8592e+02
20220617_10:00:00   1.9298e-01   5.0835e+01   4.5015e+00   0.0000e+00   0.0000e+00   2.8632e+02
20220617_11:00:00   2.0992e-01   5.4429e+01   4.9098e+00   0.0000e+00   0.0000e+00   2.8736e+02
20220617_12:00:00   2.2249e-01   5.7107e+01   5.1817e+00   0.0000e+00   0.0000e+00   2.8852e+02
20220617_13:00:00   2.1870e-01   5.6300e+01   5.0978e+00   0.0000e+00   0.0000e+00   2.9033e+02
20220617_14:00:00   2.1147e-01   5.4690e+01   4.9660e+00   0.0000e+00   0.0000e+00   2.9195e+02
20220617_15:00:00   2.1367e-01   5.5131e+01   5.0015e+00   0.0000e+00   0.0000e+00   2.9283e+02
20220617_16:00:00   2.3612e-01   5.9808e+01   5.4270e+00   8.6160e-04   0.0000e+00   2.9163e+02
20220617_17:00:00   2.8514e-01   6.9757e+01   6.2285e+00   4.5840e-03   2.4738e-04   2.8814e+02
20220617_18:00:00   4.4044e-01   9.8532e+01   6.7290e+00   5.9840e-02   4.1865e-03   2.9047e+02
20220617_19:00:00   5.0895e-01   1.0987e+02   7.1353e+00   8.0810e-02   2.7111e-03   2.9178e+02
20220617_20:00:00   7.5237e-01   1.4461e+02   7.5235e+00   1.7563e-01   1.5443e-03   2.9225e+02
20220617_21:00:00   7.5519e-01   1.4487e+02   7.9228e+00   1.6962e-01   1.0858e-03   2.8995e+02
20220617_22:00:00   6.0482e-01   1.2451e+02   8.3292e+00   9.7718e-02   1.1974e-03   2.8933e+02
20220617_23:00:00   8.9621e-01   1.6141e+02   8.7202e+00   2.1226e-01   7.3980e-03   2.8692e+02
20220618_00:00:00   1.1509e+00   1.8566e+02   8.9212e+00   3.1885e-01   3.8309e-02   2.8973e+02
20220618_01:00:00   1.0646e+00   1.7759e+02   9.3019e+00   2.7712e-01   7.1047e-02   2.9228e+02
20220618_02:00:00   6.8854e-01   1.3569e+02   9.6379e+00   1.0748e-01   1.4879e-01   2.8983e+02
20220618_03:00:00   6.6417e-01   1.3240e+02   9.7530e+00   9.5470e-02   1.3211e-01   2.8425e+02
20220618_04:00:00   8.6925e-01   1.5819e+02   9.7985e+00   1.7990e-01   1.4032e-01   2.8157e+02
20220618_05:00:00   7.7107e-01   1.4673e+02   9.7511e+00   1.3931e-01   8.3988e-02   2.7933e+02
20220618_06:00:00   4.8623e-01   1.0588e+02   9.2484e+00   3.1280e-02   1.5603e-02   2.8028e+02
20220618_07:00:00   4.1767e-01   9.4220e+01   8.9245e+00   1.0162e-02   3.9884e-03   2.8233e+02
20220618_08:00:00   3.9664e-01   9.0577e+01   8.6102e+00   7.1357e-03   2.2149e-03   2.8368e+02
20220618_09:00:00   4.8648e-01   1.0598e+02   8.6510e+00   4.4077e-02   4.9437e-03   2.8265e+02
20220618_10:00:00   6.4161e-01   1.2954e+02   8.8310e+00   1.0477e-01   1.2811e-02   2.8011e+02
20220618_11:00:00   4.4611e-01   9.9227e+01   8.7664e+00   2.3862e-02   2.3454e-02   2.8001e+02
20220618_12:00:00   4.0453e-01   9.1891e+01   8.8188e+00   5.7643e-03   2.9008e-02   2.8299e+02
20220618_13:00:00   4.0699e-01   9.2164e+01   9.1419e+00   4.8641e-04   1.0767e-01   2.8316e+02
20220618_14:00:00   4.2168e-01   9.4683e+01   9.5179e+00   0.0000e+00   8.8635e-02   2.8296e+02
20220618_15:00:00   4.3468e-01   9.6885e+01   9.7960e+00   8.0470e-06   1.5412e-01   2.8378e+02
20220618_16:00:00   4.5467e-01   1.0027e+02   1.0098e+01   2.8160e-03   1.0090e-01   2.8618e+02
20220618_17:00:00   4.8983e-01   1.0614e+02   1.0310e+01   1.0369e-02   3.0724e-01   2.8397e+02
20220618_18:00:00   6.3030e-01   1.2790e+02   1.0475e+01   6.5436e-02   2.8615e-01   2.8158e+02
20220618_19:00:00   9.4663e-01   1.6686e+02   1.0625e+01   1.9489e-01   2.0604e-01   2.7882e+02
20220618_20:00:00   1.4685e+00   2.0942e+02   1.0946e+01   4.0460e-01   4.7330e-01   2.7708e+02
20220618_21:00:00   1.8422e+00   2.2851e+02   1.1199e+01   5.5631e-01   9.1356e-01   2.7729e+02
20220618_22:00:00   1.1218e+00   1.8363e+02   1.0908e+01   2.6113e-01   4.7388e-01   2.7798e+02
20220618_23:00:00   1.4178e+00   2.0587e+02   1.1134e+01   3.8586e-01   2.8788e-01   2.8013e+02
20220619_00:00:00   1.8493e+00   2.2928e+02   1.1149e+01   5.6375e-01   2.0197e-01   2.8116e+02
20220619_01:00:00   2.1526e+00   2.4104e+02   1.1024e+01   6.8859e-01   1.5592e-01   2.8052e+02
20220619_02:00:00   1.2869e+00   1.9724e+02   1.0571e+01   3.3875e-01   8.8605e-02   2.8172e+02
20220619_03:00:00   1.1776e+00   1.8864e+02   1.0418e+01   2.9579e-01   6.5610e-02   2.8391e+02
20220619_04:00:00   1.3241e+00   2.0037e+02   1.0318e+01   3.5551e-01   7.5672e-02   2.8280e+02
20220619_05:00:00   1.5343e+00   2.1410e+02   1.0071e+01   4.4713e-01   6.5317e-02   2.8245e+02
20220619_06:00:00   2.0215e+00   2.3647e+02   9.7006e+00   6.6006e-01   6.2263e-02   2.8008e+02
20220619_07:00:00   1.9341e+00   2.3324e+02   9.5016e+00   6.2675e-01   3.4055e-02   2.7963e+02
20220619_08:00:00   1.3784e+00   2.0395e+02   9.2643e+00   4.0107e-01   1.3052e-02   2.7809e+02
20220619_09:00:00   1.0135e+00   1.7397e+02   9.5716e+00   2.4264e-01   1.8610e-02   2.7520e+02
20220619_10:00:00   7.1052e-01   1.3966e+02   9.2807e+00   1.2220e-01   2.8951e-03   2.7491e+02
20220619_11:00:00   6.9163e-01   1.3699e+02   9.4349e+00   1.1227e-01   3.2176e-03   2.7147e+02
20220619_12:00:00   7.3333e-01   1.4240e+02   9.5903e+00   1.2698e-01   9.0713e-03   2.7355e+02
20220619_13:00:00   4.6472e-01   1.0253e+02   9.7781e+00   1.2588e-02   5.3265e-03   2.7658e+02
20220619_14:00:00   4.1740e-01   9.4521e+01   9.4051e+00   1.3546e-03   6.9187e-04   2.7725e+02
20220619_15:00:00   3.9397e-01   9.0427e+01   9.0101e+00   0.0000e+00   6.0279e-03   2.7803e+02
20220619_16:00:00   3.6659e-01   8.5526e+01   8.4465e+00   0.0000e+00   2.4452e-03   2.7516e+02
20220619_17:00:00   3.3812e-01   8.0237e+01   7.8586e+00   1.8590e-06   9.1080e-03   2.7737e+02
20220619_18:00:00   3.0889e-01   7.4597e+01   7.2512e+00   2.2940e-04   2.1694e-02   2.7698e+02
20220619_19:00:00   2.6196e-01   6.5298e+01   6.1520e+00   1.1234e-03   3.5045e-02   2.7560e+02
20220619_20:00:00   2.1887e-01   5.6422e+01   5.1641e+00   1.0587e-03   3.2926e-02   2.7522e+02
20220619_21:00:00   2.1857e-01   5.6357e+01   5.1679e+00   8.0050e-05   1.0862e-01   2.7692e+02
20220619_22:00:00   2.3736e-01   6.0459e+01   5.5640e+00   0.0000e+00   6.4874e-02   2.7917e+02
20220619_23:00:00   2.5222e-01   6.3674e+01   5.8753e+00   0.0000e+00   9.0101e-03   2.8119e+02
20220620_00:00:00   3.1683e-01   7.6539e+01   7.2389e+00   0.0000e+00   4.3861e-03   2.7871e+02
20220620_01:00:00   3.5647e-01   8.4144e+01   7.8381e+00   2.3266e-03   3.5500e-03   2.7724e+02
20220620_02:00:00   3.4731e-01   8.2487e+01   7.7374e+00   1.7445e-04   2.3418e-03   2.7635e+02
20220620_03:00:00   3.9158e-01   9.0682e+01   7.7476e+00   1.8355e-02   3.6746e-03   2.7546e+02
20220620_04:00:00   8.8245e-01   1.6127e+02   7.9428e+00   2.1743e-01   3.9532e-03   2.7592e+02
20220620_05:00:00   1.5824e+00   2.1729e+02   8.6158e+00   4.9502e-01   4.8887e-03   2.7728e+02
20220620_06:00:00   1.6205e+00   2.1930e+02   9.2850e+00   4.9864e-01   6.3228e-03   2.7827e+02
20220620_07:00:00   1.6383e+00   2.2012e+02   9.9567e+00   4.9453e-01   3.3077e-02   2.7536e+02
20220620_08:00:00   1.9402e+00   2.3421e+02   9.9436e+00   6.1816e-01   4.4415e-03   2.7400e+02
20220620_09:00:00   1.5098e+00   2.1295e+02   1.0149e+01   4.3852e-01   1.8040e-02   2.7270e+02
20220620_10:00:00   1.8613e+00   2.3057e+02   1.0980e+01   5.6962e-01   4.4508e-02   2.6968e+02
20220620_11:00:00   1.9843e+00   2.3527e+02   1.0999e+01   6.2145e-01   1.2368e-01   2.7168e+02
20220620_12:00:00   1.6937e+00   2.2283e+02   1.0843e+01   4.9987e-01   2.8593e-01   2.7586e+02
20220620_13:00:00   1.3066e+00   1.9886e+02   1.1877e+01   3.1810e-01   6.7393e-01   2.7505e+02
20220620_14:00:00   1.7639e+00   2.2595e+02   1.1422e+01   5.1899e-01   5.0464e-01   2.7589e+02
20220620_15:00:00   1.1528e+00   1.8610e+02   1.1999e+01   2.4940e-01   1.2879e+00   2.7606e+02
20220620_16:00:00   5.4370e-01   1.1461e+02   1.1763e+01   4.7413e-03   9.4444e-01   2.7591e+02
20220620_17:00:00   1.2862e+00   1.9680e+02   1.2212e+01   3.0152e-01   1.2981e+00   2.7610e+02
20220620_18:00:00   6.3079e-01   1.2809e+02   1.1348e+01   5.2058e-02   6.3511e-01   2.7662e+02
20220620_19:00:00   1.3056e+00   1.9924e+02   1.1344e+01   3.2856e-01   6.0983e-01   2.7402e+02
20220620_20:00:00   8.5477e-01   1.5727e+02   1.1132e+01   1.4770e-01   4.2988e-01   2.7328e+02
20220620_21:00:00   8.5911e-01   1.5759e+02   1.1352e+01   1.4573e-01   5.0862e-01   2.7082e+02
20220620_22:00:00   7.4745e-01   1.4393e+02   1.2101e+01   8.1964e-02   8.6894e-01   2.7202e+02
20220620_23:00:00   5.9794e-01   1.2341e+02   1.1653e+01   3.2393e-02   5.7426e-01   2.7160e+02
20220621_00:00:00   5.0030e-01   1.0842e+02   1.1174e+01   5.0104e-03   2.5486e-01   2.6992e+02
20220621_03:00:00   1.5517e+00   2.1562e+02   1.0655e+01   4.4658e-01   3.8055e-03   2.7161e+02
20220621_06:00:00   1.2529e+00   1.9556e+02   1.0227e+01   3.3083e-01   1.1818e-02   2.7028e+02
20220621_09:00:00   1.6488e+00   2.2072e+02   1.0496e+01   4.8841e-01   7.3565e-02   2.7059e+02
20220621_12:00:00   1.8513e+00   2.3006e+02   1.0665e+01   5.7238e-01   3.1308e-02   2.7313e+02
20220621_15:00:00   2.5050e+00   2.5022e+02   1.1665e+01   8.3117e-01   2.7424e-01   2.7363e+02
20220621_18:00:00   4.3577e-01   9.7884e+01   9.9497e+00   9.3270e-05   3.8642e-03   2.7322e+02
20220621_21:00:00   4.5079e-01   1.0044e+02   1.0029e+01   6.3599e-03   2.0228e-04   2.7251e+02
20220622_00:00:00   1.0940e+00   1.8238e+02   1.0195e+01   2.6493e-01   9.5286e-05   2.7373e+02
20220622_03:00:00   1.5268e+00   2.1412e+02   1.0218e+01   4.4341e-01   8.8788e-04   2.7571e+02
20220622_06:00:00   1.0207e+00   1.7469e+02   1.1553e+01   2.0906e-01   3.5464e-01   2.7386e+02
20220622_09:00:00   1.8950e+00   2.3130e+02   1.1768e+01   5.7032e-01   5.9074e-01   2.7771e+02
20220622_12:00:00   1.4324e+00   2.0771e+02   1.0995e+01   3.9120e-01   1.4088e-01   2.7954e+02
20220622_15:00:00   1.2818e+00   1.9740e+02   1.0131e+01   3.4611e-01   9.9525e-04   2.8203e+02
20220622_18:00:00   2.0994e+00   2.3941e+02   9.8889e+00   6.8973e-01   5.1268e-03   2.7960e+02
20220622_21:00:00   9.6249e-01   1.6899e+02   9.2776e+00   2.3228e-01   4.9694e-03   2.7878e+02
20220623_00:00:00   6.6507e-01   1.3359e+02   8.4725e+00   1.2320e-01   2.4144e-03   2.8306e+02
20220623_03:00:00   1.5466e+00   2.1425e+02   8.3390e+00   4.9207e-01   1.1468e-03   2.8791e+02
20220623_06:00:00   6.7681e-01   1.3491e+02   9.0162e+00   1.1647e-01   1.6886e-02   2.8407e+02
20220623_09:00:00   1.8600e+00   2.3001e+02   9.5789e+00   5.9507e-01   4.7477e-02   2.8708e+02
20220623_12:00:00   1.1517e+00   1.8620e+02   1.0047e+01   2.9338e-01   2.3237e-01   2.8706e+02
20220623_15:00:00   1.5070e+00   2.1124e+02   1.0185e+01   4.4380e-01   3.0371e-01   2.8792e+02
20220623_18:00:00   5.5471e-01   1.1725e+02   9.0793e+00   6.3987e-02   8.3651e-03   2.8764e+02
20220623_21:00:00   4.2064e-01   9.4949e+01   9.0911e+00   9.6600e-03   2.2658e-02   2.8573e+02
20220624_00:00:00   4.7317e-01   1.0380e+02   9.5524e+00   2.1713e-02   1.4169e-02   2.8640e+02
20220624_03:00:00   4.2755e-01   9.5855e+01   9.6848e+00   5.1030e-04   3.2333e-02   2.8449e+02
20220624_06:00:00   5.4625e-01   1.1546e+02   9.8550e+00   4.6477e-02   5.6166e-03   2.8623e+02
20220624_09:00:00   4.1766e-01   9.4414e+01   9.2164e+00   5.5870e-03   2.0459e-03   2.8662e+02
20220624_12:00:00   4.4493e-01   9.9254e+01   9.2129e+00   1.4295e-02   6.0043e-04   2.8754e+02
20220624_15:00:00   4.0036e-01   9.1486e+01   9.0449e+00   3.0200e-04   3.6229e-03   2.8777e+02
20220624_18:00:00   5.0047e-01   1.0870e+02   9.5099e+00   3.1431e-02   7.4921e-04   2.8641e+02
20220624_21:00:00   5.3818e-01   1.1494e+02   9.4609e+00   4.8610e-02   4.1551e-03   2.8045e+02
20220625_00:00:00   4.2794e-01   9.6307e+01   9.7067e+00   1.7784e-04   1.8455e-03   2.8170e+02
20220625_03:00:00   4.2227e-01   9.5381e+01   9.5297e+00   3.5680e-04   2.9506e-03   2.8044e+02
20220625_06:00:00   4.5836e-01   1.0162e+02   9.8265e+00   1.0060e-02   3.2480e-04   2.8296e+02
20220625_09:00:00   4.4156e-01   9.8662e+01   9.8451e+00   1.7551e-03   5.4374e-03   2.8306e+02
20220625_12:00:00   5.1429e-01   1.1050e+02   1.0538e+01   1.6592e-02   1.0908e-01   2.8376e+02
20220625_15:00:00   4.6500e-01   1.0250e+02   1.0359e+01   1.1535e-04   3.6982e-02   2.8645e+02
20220625_18:00:00   1.3890e+00   2.0501e+02   1.1107e+01   3.6691e-01   1.4206e-01   2.8450e+02
20220625_21:00:00   1.1180e+00   1.8412e+02   1.1058e+01   2.5699e-01   5.5454e-02   2.8267e+02
20220626_00:00:00   1.6436e+00   2.2018e+02   1.0914e+01   4.7897e-01   8.1060e-02   2.8545e+02
20220626_03:00:00   1.2064e+00   1.9088e+02   1.0929e+01   2.9871e-01   1.9617e-01   2.8771e+02
20220626_06:00:00   6.9630e-01   1.3761e+02   1.0357e+01   9.8331e-02   1.9254e-02   2.8634e+02
20220626_09:00:00   4.4761e-01   9.9739e+01   9.5353e+00   1.1763e-02   1.6077e-02   2.8791e+02
20220626_12:00:00   4.0518e-01   9.2239e+01   9.0330e+00   5.4940e-03   2.8883e-02   2.8810e+02
20220626_15:00:00   3.9524e-01   9.0702e+01   8.9136e+00   2.3873e-04   1.1401e-02   2.9002e+02
20220626_18:00:00   5.1432e-01   1.1156e+02   8.8415e+00   4.8765e-02   1.0721e-02   2.8744e+02
20220626_21:00:00   2.6892e+00   2.5409e+02   1.0923e+01   9.2575e-01   2.8681e-01   2.8724e+02
20220627_00:00:00   1.1891e+00   1.8963e+02   1.0903e+01   2.9122e-01   2.7729e-01   2.8761e+02
20220627_03:00:00   4.3015e-01   9.6970e+01   9.7850e+00   1.7706e-04   2.5703e-03   2.8816e+02
20220627_06:00:00   5.0805e-01   1.1019e+02   9.5182e+00   3.3187e-02   2.0327e-03   2.8906e+02
20220627_09:00:00   3.8728e-01   8.9605e+01   8.7561e+00   0.0000e+00   9.9037e-04   2.8751e+02
20220627_12:00:00   3.6666e-01   8.5964e+01   8.2613e+00   4.5107e-04   2.9340e-05   2.8377e+02
20220627_15:00:00   1.4834e+00   2.1156e+02   9.4222e+00   4.3808e-01   6.4024e-03   2.8596e+02
20220627_18:00:00   7.0404e-01   1.3826e+02   1.0890e+01   9.0880e-02   2.4995e-01   2.8159e+02
20220627_21:00:00   1.3660e+00   2.0374e+02   1.0754e+01   3.6651e-01   2.0243e-02   2.7970e+02
20220628_00:00:00   1.5766e+00   2.1672e+02   1.0535e+01   4.5720e-01   7.3288e-02   2.7968e+02
20220628_03:00:00   1.5802e+00   2.1714e+02   1.0389e+01   4.6023e-01   1.5911e-02   2.8066e+02
20220628_06:00:00   4.4838e-01   1.0029e+02   1.0084e+01   1.7085e-03   1.7502e-04   2.7830e+02
20220628_09:00:00   4.9716e-01   1.0867e+02   9.7619e+00   2.7566e-02   3.4681e-04   2.7374e+02
20220628_12:00:00   4.5420e-01   1.0139e+02   9.7930e+00   9.3610e-03   2.1197e-04   2.7646e+02
20220628_15:00:00   1.2958e+00   1.9903e+02   1.0134e+01   3.4818e-01   8.8351e-03   2.7842e+02
20220628_18:00:00   4.9577e-01   1.0889e+02   8.5069e+00   4.8931e-02   1.3533e-04   2.7582e+02
20220628_21:00:00   5.2709e-01   1.1392e+02   8.9043e+00   5.2106e-02   1.8218e-04   2.7454e+02
20220629_00:00:00   3.9415e-01   9.1172e+01   8.9609e+00   7.5590e-04   1.8100e-03   2.7421e+02
20220629_03:00:00   3.9648e-01   9.1730e+01   8.6868e+00   5.1215e-03   5.8820e-03   2.7467e+02
20220629_06:00:00   1.2829e+00   1.9825e+02   9.3989e+00   3.5388e-01   1.4054e-02   2.7242e+02
20220629_09:00:00   1.3818e+00   2.0564e+02   9.4838e+00   3.8957e-01   1.0455e-03   2.6885e+02
20220629_12:00:00   9.6971e-01   1.6998e+02   1.0528e+01   2.0367e-01   5.1858e-02   2.6919e+02
20220629_15:00:00   9.4780e-01   1.6759e+02   1.0914e+01   1.8899e-01   8.5589e-02   2.7229e+02
20220629_18:00:00   1.4494e+00   2.0834e+02   1.2315e+01   3.6995e-01   8.2063e-01   2.7038e+02
20220629_21:00:00   9.0289e-01   1.6268e+02   1.2134e+01   1.4619e-01   3.8521e-01   2.6939e+02
20220630_00:00:00   9.2078e-01   1.6459e+02   1.1978e+01   1.5587e-01   3.9113e-01   2.6956e+02
20220630_03:00:00   1.1035e+00   1.8206e+02   1.1790e+01   2.4017e-01   2.6623e-01   2.7181e+02
20220630_06:00:00   6.0417e-01   1.2447e+02   1.1427e+01   3.9541e-02   5.3380e-02   2.6995e+02
20220630_09:00:00   7.2337e-01   1.4096e+02   1.1461e+01   8.7276e-02   9.0133e-02   2.6942e+02
20220630_12:00:00   6.1543e-01   1.2600e+02   1.1218e+01   4.6391e-02   1.3122e-01   2.7443e+02
20220630_15:00:00   1.2156e+00   1.9196e+02   1.0615e+01   3.0644e-01   1.1379e-01   2.7710e+02
20220630_18:00:00   1.1096e+00   1.8264e+02   1.0586e+01   2.6674e-01   1.5352e-02   2.7572e+02
20220630_21:00:00   9.1823e-01   1.6420e+02   1.0674e+01   1.8315e-01   7.9204e-02   2.7357e+02
20220701_00:00:00   1.7304e+00   2.2430e+02   1.1264e+01   5.1118e-01   1.1621e-01   2.7408e+02
20220701_03:00:00   2.0262e+00   2.3654e+02   1.1035e+01   6.4079e-01   2.3983e-01   2.7596e+02
20220701_06:00:00   1.5154e+00   2.1210e+02   1.1873e+01   4.0607e-01   1.0527e+00   2.7253e+02
20220701_09:00:00   1.5140e+00   2.1246e+02   1.1586e+01   4.1191e-01   5.3256e-01   2.7491e+02
20220701_12:00:00   1.1853e+00   1.8948e+02   1.0832e+01   2.9207e-01   5.8686e-02   2.7517e+02
20220701_15:00:00   4.4902e-01   1.0004e+02   1.0162e+01   1.0527e-03   1.1755e-03   2.7360e+02
20220701_18:00:00   1.8484e+00   2.3043e+02   1.0863e+01   5.6550e-01   9.4743e-04   2.7273e+02
20220701_21:00:00   2.1095e+00   2.3989e+02   1.1266e+01   6.7184e-01   2.2617e-01   2.7336e+02
20220702_00:00:00   7.3598e-01   1.4284e+02   1.1286e+01   9.7844e-02   1.7817e-01   2.7335e+02
