#            date       tau255        Tb[K]      pwv[mm] lwp[kg*m^-2] iwp[kg*m^-2]       o3[DU]
20230523_18:00:00   3.4464e-01   8.2274e+01   6.8286e+00   9.9315e-03   6.3020e-06   2.6603e+02
20230523_19:00:00   7.6724e-01   1.4789e+02   7.4631e+00   1.7059e-01   2.4130e-04   2.6439e+02
20230523_20:00:00   1.4058e+00   2.0674e+02   7.6061e+00   4.3155e-01   2.1541e-03   2.6334e+02
20230523_21:00:00   8.1427e-01   1.5336e+02   7.4875e+00   1.8904e-01   2.6905e-03   2.6241e+02
20230523_22:00:00   6.9509e-01   1.3804e+02   8.3026e+00   1.2398e-01   1.1012e-02   2.6254e+02
20230523_23:00:00   8.5481e-01   1.5805e+02   8.3520e+00   1.8894e-01   2.5105e-02   2.6260e+02
20230524_00:00:00   7.4123e-01   1.4406e+02   8.2258e+00   1.4650e-01   1.1850e-02   2.6250e+02
20230524_01:00:00   1.1350e+00   1.8497e+02   9.4187e+00   2.9189e-01   2.8450e-02   2.6376e+02
20230524_02:00:00   8.1911e-01   1.5185e+02   1.0772e+01   1.3288e-01   5.6120e-01   2.6699e+02
20230524_03:00:00   6.1341e-01   1.2514e+02   1.1203e+01   3.3422e-02   7.7470e-01   2.6848e+02
20230524_04:00:00   5.7142e-01   1.1891e+02   1.1368e+01   1.0856e-02   7.5833e-01   2.6554e+02
20230524_05:00:00   6.1282e-01   1.2527e+02   1.1167e+01   3.3219e-02   4.2922e-01   2.6340e+02
20230524_06:00:00   6.4971e-01   1.3071e+02   1.0921e+01   5.4300e-02   2.7055e-01   2.6428e+02
20230524_07:00:00   5.6136e-01   1.1828e+02   1.0115e+01   3.0704e-02   1.5770e-01   2.6375e+02
20230524_08:00:00   4.9600e-01   1.0821e+02   9.3671e+00   1.8704e-02   7.4334e-02   2.6362e+02
20230524_09:00:00   5.4709e-01   1.1642e+02   8.6950e+00   5.3559e-02   7.2562e-02   2.6323e+02
20230524_10:00:00   3.9688e-01   9.1393e+01   8.0677e+00   7.4109e-03   4.0144e-03   2.6382e+02
20230524_11:00:00   3.7197e-01   8.6792e+01   7.9866e+00   2.5640e-04   4.2662e-04   2.6550e+02
20230524_12:00:00   3.6274e-01   8.5061e+01   7.7868e+00   1.1440e-03   3.9324e-04   2.6809e+02
20230524_13:00:00   3.3043e-01   7.9164e+01   7.1403e+00   0.0000e+00   1.9643e-04   2.6775e+02
20230524_14:00:00   3.1191e-01   7.5640e+01   6.7922e+00   0.0000e+00   1.5715e-04   2.6692e+02
20230524_15:00:00   3.1318e-01   7.5910e+01   6.8100e+00   0.0000e+00   9.3901e-04   2.6557e+02
20230524_16:00:00   3.0711e-01   7.4814e+01   6.6487e+00   0.0000e+00   8.0387e-04   2.6501e+02
20230524_17:00:00   3.9422e-01   9.1197e+01   6.9815e+00   2.8220e-02   3.6450e-04   2.6486e+02
20230524_18:00:00   8.7203e-01   1.5996e+02   7.3864e+00   2.1669e-01   2.5884e-03   2.6272e+02
20230524_19:00:00   9.5343e-01   1.6848e+02   7.7488e+00   2.4484e-01   3.5672e-03   2.6022e+02
20230524_20:00:00   8.5309e-01   1.5720e+02   7.7114e+00   2.0715e-01   2.3751e-02   2.5962e+02
20230524_21:00:00   1.0599e+00   1.7850e+02   9.6198e+00   2.5053e-01   1.1860e-01   2.5990e+02
20230524_22:00:00   1.1426e+00   1.8598e+02   9.9198e+00   2.7733e-01   2.4886e-01   2.5943e+02
20230524_23:00:00   8.4898e-01   1.5687e+02   9.6837e+00   1.6169e-01   1.1072e-01   2.6176e+02
20230525_00:00:00   4.4178e-01   9.9342e+01   8.7362e+00   1.4589e-02   2.0686e-02   2.6416e+02
20230525_01:00:00   3.6828e-01   8.6189e+01   7.8484e+00   3.7290e-03   9.2051e-03   2.6394e+02
20230525_02:00:00   4.5201e-01   9.9993e+01   9.1247e+00   1.5847e-02   2.2314e-01   2.6548e+02
20230525_03:00:00   3.6335e-01   8.4818e+01   8.0773e+00   2.7230e-04   5.7028e-02   2.6434e+02
20230525_04:00:00   3.0128e-01   7.3205e+01   6.8726e+00   0.0000e+00   4.4748e-03   2.6509e+02
20230525_05:00:00   2.6841e-01   6.6561e+01   6.1687e+00   0.0000e+00   4.0031e-04   2.6766e+02
20230525_06:00:00   2.4566e-01   6.1955e+01   5.6721e+00   0.0000e+00   1.2310e-03   2.6916e+02
20230525_07:00:00   2.5419e-01   6.3831e+01   5.8311e+00   0.0000e+00   1.4164e-04   2.6943e+02
20230525_08:00:00   2.4545e-01   6.2091e+01   5.6535e+00   0.0000e+00   1.8734e-04   2.6987e+02
20230525_09:00:00   2.6449e-01   6.5991e+01   6.0179e+00   0.0000e+00   7.3083e-05   2.6950e+02
20230525_10:00:00   2.7373e-01   6.7889e+01   6.1632e+00   0.0000e+00   5.6437e-05   2.6746e+02
20230525_11:00:00   2.8301e-01   6.9812e+01   6.3084e+00   0.0000e+00   4.3513e-05   2.6952e+02
20230525_12:00:00   2.5103e-01   6.3401e+01   5.6495e+00   0.0000e+00   7.1520e-04   2.7135e+02
20230525_13:00:00   2.2745e-01   5.8456e+01   5.2066e+00   0.0000e+00   2.2779e-03   2.7049e+02
20230525_14:00:00   2.1622e-01   5.6100e+01   4.9749e+00   0.0000e+00   2.5892e-04   2.7091e+02
20230525_15:00:00   2.1764e-01   5.6369e+01   5.0228e+00   0.0000e+00   7.8143e-05   2.7191e+02
20230525_16:00:00   2.2771e-01   5.8458e+01   5.2508e+00   0.0000e+00   8.5580e-05   2.7195e+02
20230525_17:00:00   2.5983e-01   6.5109e+01   5.8768e+00   9.4570e-04   1.7740e-04   2.7221e+02
20230525_18:00:00   3.2965e-01   7.9037e+01   6.4172e+00   1.6780e-02   1.7087e-03   2.7205e+02
20230525_19:00:00   3.5471e-01   8.3788e+01   6.7723e+00   1.6815e-02   2.2760e-03   2.7376e+02
20230525_20:00:00   4.6742e-01   1.0368e+02   7.2858e+00   5.2571e-02   3.7175e-03   2.7352e+02
20230525_21:00:00   6.0681e-01   1.2529e+02   7.5764e+00   1.0563e-01   2.2392e-02   2.7063e+02
20230525_22:00:00   4.2202e-01   9.5945e+01   7.6181e+00   2.8975e-02   3.5949e-03   2.6793e+02
20230525_23:00:00   7.7717e-01   1.4804e+02   7.7080e+00   1.7997e-01   1.9747e-02   2.6683e+02
20230526_00:00:00   3.1814e-01   7.6740e+01   6.3766e+00   1.6320e-02   2.2135e-02   2.6622e+02
20230526_01:00:00   2.3291e-01   5.9476e+01   5.3661e+00   1.5783e-03   2.8197e-02   2.6826e+02
20230526_02:00:00   2.3023e-01   5.8703e+01   5.4224e+00   0.0000e+00   5.6156e-02   2.6924e+02
20230526_03:00:00   2.2091e-01   5.6677e+01   5.2435e+00   0.0000e+00   6.8689e-02   2.6904e+02
20230526_04:00:00   1.9602e-01   5.1464e+01   4.7003e+00   0.0000e+00   3.2114e-02   2.6856e+02
20230526_05:00:00   1.9194e-01   5.0394e+01   4.6417e+00   0.0000e+00   8.8378e-02   2.6975e+02
20230526_06:00:00   1.8669e-01   4.9214e+01   4.5682e+00   0.0000e+00   1.6748e-02   2.6915e+02
20230526_07:00:00   1.8456e-01   4.8700e+01   4.5398e+00   0.0000e+00   2.1764e-02   2.6858e+02
20230526_08:00:00   1.9585e-01   5.1116e+01   4.8063e+00   0.0000e+00   3.3795e-02   2.6828e+02
20230526_09:00:00   2.1155e-01   5.4472e+01   5.1444e+00   0.0000e+00   5.7863e-02   2.6830e+02
20230526_10:00:00   2.2213e-01   5.6824e+01   5.3697e+00   0.0000e+00   5.0556e-03   2.6800e+02
20230526_11:00:00   2.3208e-01   5.8907e+01   5.5862e+00   0.0000e+00   2.0195e-04   2.6804e+02
20230526_12:00:00   2.2462e-01   5.7442e+01   5.3848e+00   0.0000e+00   0.0000e+00   2.6870e+02
20230526_13:00:00   2.2858e-01   5.8264e+01   5.4631e+00   0.0000e+00   2.8500e-05   2.6847e+02
20230526_14:00:00   2.4099e-01   6.0901e+01   5.7025e+00   0.0000e+00   0.0000e+00   2.6806e+02
20230526_15:00:00   2.4935e-01   6.2705e+01   5.8588e+00   0.0000e+00   0.0000e+00   2.6828e+02
20230526_16:00:00   2.6200e-01   6.5362e+01   6.0833e+00   0.0000e+00   0.0000e+00   2.6794e+02
20230526_17:00:00   2.8718e-01   7.0459e+01   6.5346e+00   5.4979e-04   0.0000e+00   2.6837e+02
20230526_18:00:00   3.2033e-01   7.6948e+01   7.0789e+00   1.0646e-03   2.3033e-04   2.6693e+02
20230526_19:00:00   3.2479e-01   7.7891e+01   7.0152e+00   3.4360e-03   4.4668e-04   2.6632e+02
20230526_20:00:00   3.2439e-01   7.7788e+01   7.0599e+00   2.9330e-03   5.9697e-04   2.6642e+02
20230526_21:00:00   3.6513e-01   8.5554e+01   7.2040e+00   1.5777e-02   3.8347e-03   2.6707e+02
20230526_22:00:00   5.0776e-01   1.1025e+02   7.6931e+00   6.4578e-02   7.5892e-03   2.6630e+02
20230526_23:00:00   4.4198e-01   9.9053e+01   8.3777e+00   2.7120e-02   5.7405e-03   2.6710e+02
20230527_00:00:00   3.7846e-01   8.7903e+01   7.5929e+00   1.8960e-02   3.3497e-03   2.6613e+02
20230527_01:00:00   3.7934e-01   8.7770e+01   7.7292e+00   1.6783e-02   1.7565e-01   2.6668e+02
20230527_02:00:00   3.7406e-01   8.6367e+01   8.2451e+00   8.0622e-04   5.1216e-01   2.6709e+02
20230527_03:00:00   3.3191e-01   7.8748e+01   7.3614e+00   0.0000e+00   4.3091e-01   2.6549e+02
20230527_04:00:00   2.7061e-01   6.7137e+01   6.1886e+00   0.0000e+00   2.2672e-01   2.6562e+02
20230527_05:00:00   2.8571e-01   7.0069e+01   6.4642e+00   0.0000e+00   1.6799e-01   2.6687e+02
20230527_06:00:00   2.9542e-01   7.1918e+01   6.6574e+00   0.0000e+00   1.1060e-01   2.6732e+02
20230527_07:00:00   2.8954e-01   7.0773e+01   6.6042e+00   0.0000e+00   4.6081e-02   2.6888e+02
20230527_08:00:00   2.8066e-01   6.9083e+01   6.4152e+00   0.0000e+00   9.6877e-03   2.6976e+02
20230527_09:00:00   2.8233e-01   6.9409e+01   6.4417e+00   0.0000e+00   1.9302e-03   2.6882e+02
20230527_10:00:00   2.8807e-01   7.0530e+01   6.5433e+00   0.0000e+00   1.2976e-03   2.6756e+02
20230527_11:00:00   2.8130e-01   6.9158e+01   6.4691e+00   0.0000e+00   3.7483e-03   2.6982e+02
20230527_12:00:00   2.8295e-01   6.9348e+01   6.5599e+00   0.0000e+00   6.6341e-03   2.7089e+02
20230527_13:00:00   2.8707e-01   7.0126e+01   6.6749e+00   0.0000e+00   1.6548e-03   2.7185e+02
20230527_14:00:00   2.8828e-01   7.0518e+01   6.6207e+00   0.0000e+00   1.4430e-04   2.7246e+02
20230527_15:00:00   2.8007e-01   6.8975e+01   6.4765e+00   0.0000e+00   3.6140e-04   2.7187e+02
20230527_16:00:00   2.8033e-01   6.9145e+01   6.4070e+00   4.0210e-04   3.9740e-06   2.7357e+02
20230527_17:00:00   3.3336e-01   7.9727e+01   6.9332e+00   8.9571e-03   0.0000e+00   2.7376e+02
20230527_18:00:00   3.5770e-01   8.4487e+01   7.0530e+00   1.5677e-02   5.5500e-04   2.7297e+02
20230527_19:00:00   3.8071e-01   8.8772e+01   7.2555e+00   2.0476e-02   6.4719e-04   2.7067e+02
20230527_20:00:00   4.7530e-01   1.0529e+02   7.9178e+00   4.6048e-02   9.4015e-04   2.6896e+02
20230527_21:00:00   5.9195e-01   1.2348e+02   8.7218e+00   7.7790e-02   5.4533e-04   2.6878e+02
20230527_22:00:00   1.1662e+00   1.8849e+02   9.6968e+00   2.9484e-01   2.2425e-03   2.6822e+02
20230527_23:00:00   1.8607e+00   2.3041e+02   1.0519e+01   5.7010e-01   1.1580e-02   2.6802e+02
20230528_00:00:00   2.0724e+00   2.3900e+02   1.0902e+01   6.4550e-01   7.3774e-02   2.6787e+02
20230528_01:00:00   1.9698e+00   2.3510e+02   1.0143e+01   6.1956e-01   4.7601e-02   2.6782e+02
20230528_02:00:00   1.4321e+00   2.0817e+02   9.7264e+00   4.0095e-01   6.4189e-02   2.6792e+02
20230528_03:00:00   1.4862e+00   2.1125e+02   9.6872e+00   4.2730e-01   5.5426e-02   2.6675e+02
20230528_04:00:00   8.5634e-01   1.5783e+02   9.3176e+00   1.7292e-01   2.4730e-02   2.6641e+02
20230528_05:00:00   5.9467e-01   1.2381e+02   9.1364e+00   6.8520e-02   2.2669e-03   2.6609e+02
20230528_06:00:00   5.7937e-01   1.2134e+02   9.3783e+00   5.7810e-02   5.9694e-03   2.6792e+02
20230528_07:00:00   4.5499e-01   1.0135e+02   9.0706e+00   1.3457e-02   5.8648e-02   2.6752e+02
20230528_08:00:00   4.4078e-01   9.8624e+01   9.0889e+00   9.5200e-03   9.2526e-02   2.6797e+02
20230528_09:00:00   3.5227e-01   8.2701e+01   7.9267e+00   1.2690e-06   1.9120e-01   2.6829e+02
20230528_10:00:00   3.2588e-01   7.7759e+01   7.4520e+00   0.0000e+00   1.5967e-01   2.6803e+02
20230528_11:00:00   3.2478e-01   7.7553e+01   7.4693e+00   0.0000e+00   1.0764e-01   2.6830e+02
20230528_12:00:00   3.5212e-01   8.2681e+01   8.0276e+00   0.0000e+00   4.6945e-02   2.6852e+02
20230528_13:00:00   3.7361e-01   8.6738e+01   8.4170e+00   0.0000e+00   2.0095e-02   2.6817e+02
20230528_14:00:00   3.9278e-01   9.0205e+01   8.7603e+00   0.0000e+00   9.0131e-03   2.6818e+02
20230528_15:00:00   4.0234e-01   9.1900e+01   8.9239e+00   0.0000e+00   6.0585e-03   2.6771e+02
20230528_16:00:00   4.1552e-01   9.4158e+01   9.1863e+00   3.8600e-06   5.4268e-03   2.6820e+02
20230528_17:00:00   4.4029e-01   9.8415e+01   9.6015e+00   6.9830e-04   7.1955e-03   2.6756e+02
20230528_18:00:00   5.0515e-01   1.0928e+02   1.0167e+01   1.5391e-02   1.9778e-02   2.6674e+02
20230528_21:00:00   1.2904e+00   1.9761e+02   1.1700e+01   3.0507e-01   4.8624e-01   2.6337e+02
20230529_00:00:00   2.5990e+00   2.5222e+02   1.2201e+01   8.4846e-01   7.5507e-01   2.6445e+02
20230529_03:00:00   7.1654e-01   1.3923e+02   1.1676e+01   6.2215e-02   1.2017e+00   2.6714e+02
20230529_06:00:00   5.2533e-01   1.1164e+02   1.0876e+01   3.1571e-03   8.2418e-01   2.6527e+02
20230529_09:00:00   3.9938e-01   9.0876e+01   8.9049e+00   6.5740e-05   1.9904e-01   2.6223e+02
20230529_12:00:00   3.2249e-01   7.7128e+01   7.3357e+00   0.0000e+00   6.7313e-04   2.6637e+02
20230529_15:00:00   3.0782e-01   7.4513e+01   6.9242e+00   0.0000e+00   0.0000e+00   2.6882e+02
20230529_18:00:00   3.5679e-01   8.4497e+01   6.6507e+00   2.0480e-02   5.7160e-05   2.7032e+02
20230529_21:00:00   4.1388e-01   9.4513e+01   8.1220e+00   1.8697e-02   2.3299e-04   2.6634e+02
20230530_00:00:00   4.6917e-01   1.0323e+02   1.0079e+01   3.2808e-03   5.5981e-02   2.6549e+02
20230530_03:00:00   5.9598e-01   1.2330e+02   9.9723e+00   5.4748e-02   4.5545e-02   2.6891e+02
20230530_06:00:00   5.3610e-01   1.1409e+02   8.9550e+00   4.7195e-02   2.3674e-01   2.6815e+02
20230530_09:00:00   3.2573e-01   7.8221e+01   7.0191e+00   0.0000e+00   1.5415e-03   2.6913e+02
20230530_12:00:00   2.2575e-01   5.8312e+01   4.9608e+00   0.0000e+00   1.1604e-05   2.6927e+02
20230530_15:00:00   2.1030e-01   5.5183e+01   4.6053e+00   0.0000e+00   0.0000e+00   2.6992e+02
20230530_18:00:00   3.9060e-01   9.0601e+01   6.5696e+00   3.6870e-02   1.7963e-04   2.7136e+02
20230530_21:00:00   4.3006e-01   9.7587e+01   7.3205e+00   3.7195e-02   1.1596e-03   2.7149e+02
20230531_00:00:00   1.4149e+00   2.0665e+02   1.0784e+01   3.7001e-01   7.2367e-01   2.7157e+02
20230531_03:00:00   5.0442e-01   1.0938e+02   9.1559e+00   3.1655e-02   5.0797e-03   2.6966e+02
20230531_06:00:00   1.3404e+00   2.0097e+02   9.4262e+00   3.7158e-01   2.1921e-01   2.6998e+02
20230531_09:00:00   2.9664e-01   7.2570e+01   6.3552e+00   3.5640e-04   2.9807e-03   2.7287e+02
20230531_12:00:00   2.2196e-01   5.7551e+01   4.8347e+00   0.0000e+00   0.0000e+00   2.7189e+02
20230531_15:00:00   1.8468e-01   4.9584e+01   4.0264e+00   0.0000e+00   0.0000e+00   2.7236e+02
20230531_18:00:00   2.7081e-01   6.7631e+01   5.7122e+00   2.6211e-03   2.5470e-05   2.7262e+02
20230531_21:00:00   3.4349e-01   8.2034e+01   5.9051e+00   2.6965e-02   1.9833e-04   2.7256e+02
20230601_00:00:00   2.1109e+00   2.3772e+02   1.0477e+01   7.0531e-01   7.8903e-01   2.7268e+02
20230601_03:00:00   6.9164e-01   1.3674e+02   8.9413e+00   1.1398e-01   1.3456e-02   2.7408e+02
20230601_06:00:00   6.7193e-01   1.3457e+02   7.1869e+00   1.3555e-01   4.8033e-02   2.7468e+02
20230601_09:00:00   2.6960e-01   6.7484e+01   5.1120e+00   1.0439e-02   3.1563e-04   2.7746e+02
20230601_12:00:00   2.0050e-01   5.2967e+01   4.3173e+00   0.0000e+00   4.0560e-06   2.7445e+02
20230601_15:00:00   1.8691e-01   5.0068e+01   4.0503e+00   0.0000e+00   0.0000e+00   2.7372e+02
20230601_18:00:00   3.0823e-01   7.5033e+01   5.7158e+00   1.9664e-02   3.7940e-05   2.7549e+02
20230601_21:00:00   9.2518e-01   1.6530e+02   7.2659e+00   2.4257e-01   1.3098e-02   2.7151e+02
20230602_00:00:00   5.6596e-01   1.1969e+02   7.1728e+00   9.8186e-02   3.2207e-03   2.7216e+02
20230602_03:00:00   3.8023e-01   8.8533e+01   7.5810e+00   1.0515e-02   5.8953e-04   2.7474e+02
20230602_06:00:00   5.5612e-01   1.1818e+02   7.2706e+00   8.6090e-02   1.2058e-03   2.7605e+02
20230602_09:00:00   3.4038e-01   8.1018e+01   7.0673e+00   1.9139e-03   6.5481e-03   2.7558e+02
20230602_12:00:00   2.7412e-01   6.8167e+01   5.9532e+00   0.0000e+00   1.3066e-06   2.7113e+02
20230602_15:00:00   2.8942e-01   7.1140e+01   6.3957e+00   0.0000e+00   0.0000e+00   2.7450e+02
20230602_18:00:00   3.8157e-01   8.8566e+01   7.7266e+00   7.3146e-03   4.0116e-04   2.7358e+02
20230602_21:00:00   5.3342e-01   1.1469e+02   7.0423e+00   8.3206e-02   1.4260e-02   2.7246e+02
20230603_00:00:00   6.5866e-01   1.3284e+02   8.2953e+00   1.1322e-01   1.7415e-02   2.7136e+02
20230603_03:00:00   8.7112e-01   1.5911e+02   8.2142e+00   2.0000e-01   7.6335e-02   2.7293e+02
20230603_06:00:00   1.1384e+00   1.8510e+02   8.0936e+00   3.1361e-01   1.1188e-01   2.7464e+02
20230603_09:00:00   4.0146e-01   9.1862e+01   8.0756e+00   7.2408e-03   1.0188e-02   2.7559e+02
20230603_12:00:00   2.9846e-01   7.3151e+01   6.1000e+00   0.0000e+00   7.7859e-04   2.7816e+02
20230603_15:00:00   2.0336e-01   5.3745e+01   4.2966e+00   0.0000e+00   0.0000e+00   2.7760e+02
20230603_18:00:00   2.3922e-01   6.1113e+01   5.0398e+00   1.9045e-03   2.2798e-04   2.7563e+02
20230603_21:00:00   1.0251e+00   1.7532e+02   6.4091e+00   3.0047e-01   5.5940e-03   2.7337e+02
20230604_00:00:00   2.6996e-01   6.7672e+01   5.0762e+00   1.2280e-02   4.7890e-05   2.7526e+02
20230604_03:00:00   1.8717e-01   5.0161e+01   3.9790e+00   0.0000e+00   0.0000e+00   2.7732e+02
20230604_06:00:00   1.7205e-01   4.6733e+01   3.7589e+00   0.0000e+00   7.1240e-06   2.7633e+02
20230604_09:00:00   1.6163e-01   4.4399e+01   3.4960e+00   0.0000e+00   0.0000e+00   2.7463e+02
20230604_12:00:00   1.5538e-01   4.2941e+01   3.3794e+00   0.0000e+00   0.0000e+00   2.7374e+02
20230604_15:00:00   1.2360e-01   3.5676e+01   2.6916e+00   0.0000e+00   0.0000e+00   2.7743e+02
20230604_18:00:00   1.4508e-01   4.0694e+01   3.1055e+00   1.1860e-04   0.0000e+00   2.7691e+02
20230604_21:00:00   3.0851e-01   7.5428e+01   4.2162e+00   4.3227e-02   9.6500e-05   2.7352e+02
20230605_00:00:00   1.6987e-01   4.6440e+01   3.0139e+00   1.1141e-02   3.2460e-05   2.7272e+02
20230605_03:00:00   1.2406e-01   3.5885e+01   2.6128e+00   0.0000e+00   0.0000e+00   2.7527e+02
20230605_06:00:00   1.3657e-01   3.8818e+01   2.8639e+00   0.0000e+00   0.0000e+00   2.7778e+02
20230605_09:00:00   1.1753e-01   3.4319e+01   2.4538e+00   0.0000e+00   0.0000e+00   2.7683e+02
20230605_12:00:00   8.9358e-02   2.7480e+01   1.9045e+00   0.0000e+00   0.0000e+00   2.7671e+02
20230605_15:00:00   8.6722e-02   2.6794e+01   1.8802e+00   0.0000e+00   0.0000e+00   2.7542e+02
20230605_18:00:00   2.3079e-01   5.9671e+01   3.1489e+00   3.4470e-02   1.1249e-04   2.7496e+02
20230605_21:00:00   3.6988e-01   8.7238e+01   4.3536e+00   6.6250e-02   9.3170e-04   2.7582e+02
20230606_00:00:00   1.7863e-01   4.8456e+01   3.7192e+00   0.0000e+00   0.0000e+00   2.7545e+02
20230606_03:00:00   1.6090e-01   4.4509e+01   3.3545e+00   5.5800e-06   0.0000e+00   2.7899e+02
20230606_06:00:00   1.8600e-01   5.0108e+01   3.8608e+00   0.0000e+00   0.0000e+00   2.7649e+02
20230606_09:00:00   1.9500e-01   5.2118e+01   3.9994e+00   0.0000e+00   0.0000e+00   2.7579e+02
20230606_12:00:00   2.0010e-01   5.3201e+01   4.1077e+00   0.0000e+00   0.0000e+00   2.7614e+02
20230606_15:00:00   2.0179e-01   5.3550e+01   4.1536e+00   0.0000e+00   0.0000e+00   2.7463e+02
20230606_18:00:00   6.5802e-01   1.3344e+02   5.8865e+00   1.5704e-01   1.1196e-03   2.7389e+02
20230606_21:00:00   1.4468e+00   2.0860e+02   8.2264e+00   4.4059e-01   1.4386e-01   2.7142e+02
20230607_00:00:00   6.0196e-01   1.2512e+02   7.0245e+00   1.0801e-01   2.3819e-02   2.7285e+02
20230607_03:00:00   8.6824e-01   1.5954e+02   6.3629e+00   2.3327e-01   3.3150e-03   2.7519e+02
20230607_06:00:00   3.6292e-01   8.5378e+01   6.4304e+00   2.4293e-02   4.8560e-03   2.7589e+02
20230607_09:00:00   2.6561e-01   6.6705e+01   5.5156e+00   2.7450e-04   1.4210e-04   2.7462e+02
20230607_12:00:00   1.8020e-01   4.8548e+01   3.9172e+00   0.0000e+00   0.0000e+00   2.7354e+02
20230607_15:00:00   1.2728e-01   3.6488e+01   2.8327e+00   0.0000e+00   0.0000e+00   2.7460e+02
20230607_18:00:00   2.6509e-01   6.6538e+01   5.1018e+00   1.3686e-02   1.6022e-04   2.7318e+02
20230607_21:00:00   3.3826e-01   8.0827e+01   6.8548e+00   8.3136e-03   4.3764e-04   2.7079e+02
20230608_00:00:00   7.0718e-01   1.3777e+02   8.7017e+00   1.3705e-01   5.1013e-01   2.7343e+02
20230608_03:00:00   4.4898e-01   9.9928e+01   8.6457e+00   2.5226e-02   8.8833e-02   2.7441e+02
20230608_06:00:00   3.6324e-01   8.4846e+01   8.0226e+00   0.0000e+00   1.1957e-03   2.7548e+02
20230608_09:00:00   3.5038e-01   8.2599e+01   7.5573e+00   7.3460e-06   1.2894e-05   2.7341e+02
20230608_12:00:00   2.6528e-01   6.6104e+01   5.9869e+00   0.0000e+00   9.1300e-05   2.7103e+02
20230608_15:00:00   2.1732e-01   5.6227e+01   5.0437e+00   0.0000e+00   1.6696e-03   2.7218e+02
20230608_18:00:00   2.8700e-01   7.0663e+01   6.2540e+00   4.3890e-03   2.5682e-03   2.7289e+02
