#            date       tau255        Tb[K]      pwv[mm] lwp[kg*m^-2] iwp[kg*m^-2]       o3[DU]
20230225_12:00:00   2.9129e-02   1.1969e+01   4.7093e-01   0.0000e+00   0.0000e+00   2.3723e+02
20230225_13:00:00   2.9067e-02   1.1932e+01   4.7235e-01   0.0000e+00   0.0000e+00   2.3963e+02
20230225_14:00:00   2.8627e-02   1.1804e+01   4.6079e-01   0.0000e+00   1.2311e-06   2.3957e+02
20230225_15:00:00   3.3480e-02   1.3116e+01   5.8424e-01   0.0000e+00   0.0000e+00   2.3896e+02
20230225_16:00:00   5.2894e-02   1.8247e+01   1.0466e+00   0.0000e+00   0.0000e+00   2.3993e+02
20230225_17:00:00   8.0592e-02   2.5227e+01   1.6711e+00   0.0000e+00   0.0000e+00   2.3989e+02
20230225_18:00:00   1.0862e-01   3.2010e+01   2.2770e+00   0.0000e+00   0.0000e+00   2.4033e+02
20230225_19:00:00   1.2743e-01   3.6440e+01   2.6802e+00   0.0000e+00   0.0000e+00   2.4109e+02
20230225_20:00:00   1.3682e-01   3.8630e+01   2.8807e+00   0.0000e+00   0.0000e+00   2.4090e+02
20230225_21:00:00   1.4099e-01   3.9609e+01   2.9782e+00   0.0000e+00   0.0000e+00   2.4066e+02
20230225_22:00:00   1.3950e-01   3.9243e+01   2.9922e+00   0.0000e+00   0.0000e+00   2.4116e+02
20230225_23:00:00   1.5257e-01   4.2216e+01   3.2789e+00   0.0000e+00   0.0000e+00   2.4018e+02
20230226_00:00:00   1.6128e-01   4.4173e+01   3.4576e+00   0.0000e+00   0.0000e+00   2.3961e+02
20230226_01:00:00   1.7443e-01   4.7099e+01   3.7052e+00   0.0000e+00   0.0000e+00   2.4183e+02
20230226_02:00:00   1.7580e-01   4.7434e+01   3.7010e+00   0.0000e+00   0.0000e+00   2.4254e+02
20230226_03:00:00   1.7978e-01   4.8300e+01   3.7743e+00   0.0000e+00   0.0000e+00   2.4244e+02
20230226_04:00:00   1.7341e-01   4.6884e+01   3.6515e+00   0.0000e+00   0.0000e+00   2.4216e+02
20230226_05:00:00   1.6378e-01   4.4753e+01   3.4470e+00   0.0000e+00   0.0000e+00   2.4133e+02
20230226_06:00:00   1.5964e-01   4.3807e+01   3.3635e+00   0.0000e+00   0.0000e+00   2.4188e+02
20230226_07:00:00   1.5462e-01   4.2630e+01   3.2762e+00   0.0000e+00   0.0000e+00   2.4452e+02
20230226_08:00:00   1.4491e-01   4.0392e+01   3.0966e+00   0.0000e+00   0.0000e+00   2.4520e+02
20230226_09:00:00   1.3466e-01   3.8027e+01   2.8911e+00   0.0000e+00   0.0000e+00   2.4214e+02
20230226_10:00:00   1.2859e-01   3.6601e+01   2.7687e+00   0.0000e+00   0.0000e+00   2.4052e+02
20230226_11:00:00   1.2570e-01   3.5910e+01   2.7040e+00   0.0000e+00   0.0000e+00   2.4058e+02
20230226_12:00:00   1.2491e-01   3.5726e+01   2.6821e+00   0.0000e+00   0.0000e+00   2.4186e+02
20230226_13:00:00   1.1990e-01   3.4563e+01   2.5700e+00   0.0000e+00   0.0000e+00   2.4499e+02
20230226_14:00:00   1.1304e-01   3.2952e+01   2.4258e+00   0.0000e+00   0.0000e+00   2.4656e+02
20230226_15:00:00   1.0630e-01   3.1358e+01   2.2907e+00   0.0000e+00   0.0000e+00   2.4754e+02
20230226_16:00:00   1.0659e-01   3.1422e+01   2.3037e+00   0.0000e+00   0.0000e+00   2.4775e+02
20230226_17:00:00   1.2361e-01   3.5473e+01   2.6459e+00   0.0000e+00   0.0000e+00   2.4727e+02
20230226_18:00:00   1.4696e-01   4.0914e+01   3.1130e+00   0.0000e+00   0.0000e+00   2.4548e+02
20230226_19:00:00   1.6213e-01   4.4356e+01   3.4408e+00   0.0000e+00   0.0000e+00   2.4379e+02
20230226_20:00:00   1.8026e-01   4.8367e+01   3.8178e+00   1.9752e-04   5.3880e-05   2.4454e+02
20230226_21:00:00   2.1885e-01   5.6553e+01   4.7076e+00   1.9598e-05   6.1000e-04   2.4507e+02
20230226_22:00:00   2.5514e-01   6.4086e+01   5.0080e+00   9.5232e-03   7.4299e-03   2.4440e+02
20230226_23:00:00   3.2946e-01   7.8883e+01   5.1496e+00   3.7378e-02   3.2458e-02   2.4442e+02
20230227_00:00:00   2.9640e-01   7.2444e+01   5.1497e+00   2.2971e-02   2.1951e-02   2.4506e+02
20230227_01:00:00   2.5331e-01   6.3834e+01   5.1092e+00   3.6410e-03   6.1851e-04   2.4470e+02
20230227_02:00:00   2.3581e-01   6.0238e+01   4.9325e+00   1.8888e-04   3.7368e-04   2.4704e+02
20230227_03:00:00   2.3712e-01   6.0533e+01   4.8401e+00   7.2114e-04   4.5929e-03   2.4814e+02
20230227_04:00:00   2.0439e-01   5.3705e+01   4.2091e+00   2.1660e-05   1.8179e-04   2.4870e+02
20230227_05:00:00   1.6351e-01   4.4760e+01   3.4365e+00   0.0000e+00   2.1570e-06   2.4702e+02
20230227_06:00:00   1.4260e-01   4.0014e+01   3.0489e+00   0.0000e+00   0.0000e+00   2.4689e+02
20230227_07:00:00   1.4045e-01   3.9531e+01   3.0119e+00   0.0000e+00   0.0000e+00   2.4648e+02
20230227_08:00:00   1.3842e-01   3.9102e+01   2.9549e+00   0.0000e+00   0.0000e+00   2.4576e+02
20230227_09:00:00   1.4125e-01   3.9737e+01   3.0217e+00   0.0000e+00   0.0000e+00   2.4481e+02
20230227_10:00:00   1.4236e-01   3.9969e+01   3.0441e+00   0.0000e+00   0.0000e+00   2.4532e+02
20230227_11:00:00   1.3973e-01   3.9366e+01   2.9774e+00   0.0000e+00   0.0000e+00   2.4601e+02
20230227_12:00:00   1.3412e-01   3.8096e+01   2.8462e+00   0.0000e+00   0.0000e+00   2.4561e+02
20230227_13:00:00   1.3329e-01   3.7913e+01   2.8270e+00   0.0000e+00   0.0000e+00   2.4588e+02
20230227_14:00:00   1.3110e-01   3.7418e+01   2.7875e+00   0.0000e+00   0.0000e+00   2.4798e+02
20230227_15:00:00   1.2972e-01   3.7100e+01   2.7706e+00   0.0000e+00   0.0000e+00   2.4788e+02
20230227_16:00:00   1.2536e-01   3.6080e+01   2.6828e+00   0.0000e+00   0.0000e+00   2.4883e+02
20230227_17:00:00   1.3365e-01   3.8016e+01   2.8427e+00   0.0000e+00   0.0000e+00   2.5059e+02
20230227_18:00:00   1.7960e-01   4.8440e+01   3.7228e+00   0.0000e+00   7.6300e-05   2.5041e+02
20230227_19:00:00   2.8319e-01   7.0057e+01   4.8157e+00   2.1303e-02   1.8789e-03   2.5191e+02
20230227_20:00:00   4.9739e-01   1.0835e+02   5.6985e+00   9.1600e-02   1.0659e-01   2.5198e+02
20230227_21:00:00   3.9982e-01   9.2128e+01   5.9417e+00   4.3266e-02   5.2840e-02   2.5114e+02
20230227_22:00:00   3.6106e-01   8.5069e+01   6.0447e+00   2.4935e-02   3.7826e-02   2.5202e+02
20230227_23:00:00   2.9471e-01   7.2490e+01   5.9132e+00   2.5156e-03   7.6580e-03   2.5265e+02
20230228_00:00:00   2.8721e-01   7.1012e+01   5.7851e+00   1.6089e-03   1.2484e-03   2.5119e+02
20230228_01:00:00   3.4098e-01   8.1529e+01   5.7512e+00   2.4248e-02   2.8423e-03   2.5120e+02
20230228_02:00:00   5.4323e-01   1.1633e+02   5.3377e+00   1.1719e-01   4.0764e-03   2.5170e+02
20230228_03:00:00   6.0594e-01   1.2586e+02   4.8966e+00   1.5226e-01   2.4124e-03   2.5126e+02
20230228_04:00:00   4.0347e-01   9.3190e+01   4.4452e+00   7.7480e-02   4.6750e-04   2.5310e+02
20230228_05:00:00   4.5763e-01   1.0269e+02   4.1758e+00   1.0593e-01   2.5870e-04   2.5388e+02
20230228_06:00:00   7.1436e-01   1.4089e+02   4.2286e+00   2.1213e-01   3.6170e-04   2.5525e+02
20230228_07:00:00   1.9571e-01   5.2157e+01   3.5623e+00   1.1675e-02   0.0000e+00   2.5534e+02
20230228_08:00:00   1.6683e-01   4.5730e+01   3.2915e+00   5.0800e-03   9.8580e-05   2.5471e+02
20230228_09:00:00   1.4258e-01   4.0165e+01   3.0695e+00   7.6150e-05   4.2020e-06   2.5333e+02
20230228_10:00:00   1.4120e-01   3.9847e+01   3.0462e+00   1.8290e-04   2.0900e-06   2.5168e+02
20230228_11:00:00   1.3277e-01   3.7917e+01   2.8838e+00   1.5680e-05   0.0000e+00   2.4991e+02
20230228_12:00:00   1.1409e-01   3.3510e+01   2.5064e+00   0.0000e+00   0.0000e+00   2.4875e+02
20230228_13:00:00   1.0484e-01   3.1279e+01   2.3181e+00   0.0000e+00   0.0000e+00   2.4905e+02
20230228_14:00:00   1.0454e-01   3.1192e+01   2.3152e+00   0.0000e+00   0.0000e+00   2.5050e+02
20230228_15:00:00   9.5905e-02   2.9086e+01   2.1404e+00   0.0000e+00   0.0000e+00   2.5195e+02
20230228_16:00:00   9.4974e-02   2.8817e+01   2.1295e+00   0.0000e+00   0.0000e+00   2.5235e+02
20230228_17:00:00   9.4210e-02   2.8590e+01   2.1197e+00   0.0000e+00   0.0000e+00   2.5203e+02
20230228_18:00:00   1.0498e-01   3.1185e+01   2.3614e+00   0.0000e+00   1.4246e-05   2.5039e+02
20230228_19:00:00   1.2562e-01   3.6149e+01   2.7884e+00   0.0000e+00   0.0000e+00   2.4913e+02
20230228_20:00:00   1.8084e-01   4.8816e+01   3.8990e+00   0.0000e+00   1.3703e-04   2.4851e+02
20230228_21:00:00   2.3013e-01   5.9538e+01   4.6866e+00   3.5354e-03   1.0215e-03   2.4881e+02
20230228_22:00:00   2.3048e-01   5.9658e+01   4.7676e+00   1.5369e-03   2.5183e-04   2.4939e+02
20230228_23:00:00   2.0465e-01   5.4154e+01   4.3606e+00   0.0000e+00   1.0498e-04   2.5116e+02
20230301_00:00:00   2.0055e-01   5.3283e+01   4.2804e+00   0.0000e+00   1.6902e-06   2.5136e+02
20230301_01:00:00   1.8715e-01   5.0336e+01   4.0542e+00   0.0000e+00   0.0000e+00   2.5153e+02
20230301_02:00:00   2.0155e-01   5.3406e+01   4.3441e+00   0.0000e+00   0.0000e+00   2.5277e+02
20230301_03:00:00   1.8754e-01   5.0365e+01   4.0579e+00   0.0000e+00   0.0000e+00   2.5420e+02
20230301_04:00:00   1.8236e-01   4.9214e+01   3.9547e+00   0.0000e+00   0.0000e+00   2.5417e+02
20230301_05:00:00   1.7054e-01   4.6568e+01   3.7304e+00   0.0000e+00   0.0000e+00   2.5312e+02
20230301_06:00:00   1.6203e-01   4.4692e+01   3.5311e+00   0.0000e+00   0.0000e+00   2.5218e+02
20230301_07:00:00   1.5768e-01   4.3756e+01   3.4210e+00   0.0000e+00   0.0000e+00   2.5056e+02
20230301_08:00:00   1.4107e-01   3.9920e+01   3.0937e+00   0.0000e+00   0.0000e+00   2.4688e+02
20230301_09:00:00   1.3757e-01   3.9124e+01   3.0012e+00   0.0000e+00   0.0000e+00   2.4629e+02
20230301_10:00:00   1.3184e-01   3.7782e+01   2.8707e+00   0.0000e+00   0.0000e+00   2.4488e+02
20230301_11:00:00   1.2113e-01   3.5250e+01   2.6403e+00   0.0000e+00   0.0000e+00   2.4425e+02
20230301_12:00:00   1.1195e-01   3.3053e+01   2.4549e+00   0.0000e+00   0.0000e+00   2.4559e+02
20230301_13:00:00   1.0189e-01   3.0601e+01   2.2488e+00   0.0000e+00   8.4520e-07   2.4693e+02
20230301_14:00:00   8.5629e-02   2.6569e+01   1.9107e+00   0.0000e+00   2.3400e-05   2.4747e+02
20230301_15:00:00   8.4698e-02   2.6305e+01   1.8955e+00   0.0000e+00   2.0819e-04   2.4791e+02
20230301_16:00:00   9.4167e-02   2.8619e+01   2.1072e+00   0.0000e+00   2.0121e-04   2.4941e+02
20230301_17:00:00   9.5871e-02   2.9029e+01   2.1415e+00   0.0000e+00   1.3230e-04   2.4936e+02
20230301_18:00:00   1.2472e-01   3.6009e+01   2.7336e+00   1.9640e-05   1.3198e-04   2.4800e+02
20230301_19:00:00   1.7939e-01   4.8646e+01   3.5555e+00   4.7270e-03   1.3111e-04   2.4663e+02
20230301_20:00:00   4.7427e-01   1.0567e+02   4.6423e+00   1.0423e-01   2.3227e-03   2.4581e+02
20230301_21:00:00   1.0231e+00   1.7530e+02   5.6156e+00   3.1614e-01   1.8530e-02   2.4560e+02
20230301_22:00:00   7.9701e-01   1.5122e+02   5.7476e+00   2.1618e-01   1.7303e-02   2.4665e+02
20230301_23:00:00   5.4915e-01   1.1782e+02   5.4616e+00   1.1629e-01   4.9606e-03   2.4848e+02
20230302_00:00:00   2.5648e-01   6.5422e+01   4.6493e+00   1.3473e-02   1.3491e-03   2.4892e+02
20230302_01:00:00   2.2018e-01   5.7705e+01   4.6104e+00   0.0000e+00   4.2740e-05   2.4909e+02
20230302_02:00:00   2.2075e-01   5.7825e+01   4.6170e+00   0.0000e+00   0.0000e+00   2.4958e+02
20230302_03:00:00   1.9682e-01   5.2675e+01   4.1525e+00   0.0000e+00   0.0000e+00   2.4934e+02
20230302_04:00:00   1.7618e-01   4.8096e+01   3.7243e+00   0.0000e+00   0.0000e+00   2.4859e+02
20230302_05:00:00   1.6432e-01   4.5402e+01   3.4620e+00   0.0000e+00   0.0000e+00   2.4731e+02
20230302_06:00:00   1.4425e-01   4.0792e+01   3.0476e+00   0.0000e+00   0.0000e+00   2.4602e+02
20230302_07:00:00   1.2173e-01   3.5504e+01   2.5921e+00   0.0000e+00   0.0000e+00   2.4577e+02
20230302_08:00:00   9.9269e-02   3.0086e+01   2.1383e+00   0.0000e+00   0.0000e+00   2.4530e+02
20230302_09:00:00   8.4129e-02   2.6339e+01   1.8136e+00   0.0000e+00   0.0000e+00   2.4561e+02
20230302_10:00:00   7.8715e-02   2.4995e+01   1.6890e+00   0.0000e+00   0.0000e+00   2.4545e+02
20230302_11:00:00   7.5112e-02   2.4095e+01   1.5987e+00   0.0000e+00   0.0000e+00   2.4457e+02
20230302_12:00:00   7.3712e-02   2.3738e+01   1.5653e+00   0.0000e+00   0.0000e+00   2.4474e+02
20230302_15:00:00   4.7608e-02   1.6951e+01   9.7377e-01   0.0000e+00   0.0000e+00   2.4710e+02
20230302_18:00:00   9.1065e-02   2.8052e+01   1.9610e+00   0.0000e+00   0.0000e+00   2.4955e+02
20230302_21:00:00   1.8100e-01   4.9238e+01   3.7789e+00   0.0000e+00   1.2872e-05   2.4567e+02
20230303_00:00:00   1.3662e-01   3.9126e+01   2.8817e+00   0.0000e+00   0.0000e+00   2.4578e+02
20230303_03:00:00   6.3627e-02   2.1177e+01   1.3577e+00   0.0000e+00   0.0000e+00   2.4507e+02
20230303_06:00:00   1.1741e-01   3.4545e+01   2.5298e+00   0.0000e+00   0.0000e+00   2.4759e+02
20230303_09:00:00   1.1979e-01   3.5044e+01   2.5708e+00   0.0000e+00   0.0000e+00   2.4860e+02
20230303_12:00:00   1.3617e-01   3.8915e+01   2.8712e+00   0.0000e+00   0.0000e+00   2.4936e+02
20230303_15:00:00   8.8390e-02   2.7421e+01   1.9000e+00   0.0000e+00   0.0000e+00   2.4915e+02
20230303_18:00:00   1.1767e-01   3.4431e+01   2.5305e+00   0.0000e+00   0.0000e+00   2.4621e+02
20230303_21:00:00   1.5047e-01   4.2131e+01   3.2162e+00   0.0000e+00   5.0463e-04   2.4265e+02
20230304_00:00:00   1.2845e-01   3.6931e+01   2.8338e+00   0.0000e+00   0.0000e+00   2.4628e+02
20230304_03:00:00   1.4361e-01   4.0505e+01   3.1341e+00   5.9770e-05   3.8250e-07   2.4669e+02
20230304_06:00:00   1.5429e-01   4.2909e+01   3.3978e+00   3.5380e-05   0.0000e+00   2.4556e+02
20230304_09:00:00   1.7632e-01   4.7836e+01   3.8309e+00   0.0000e+00   0.0000e+00   2.4219e+02
20230304_12:00:00   1.7285e-01   4.7090e+01   3.7005e+00   0.0000e+00   0.0000e+00   2.4305e+02
20230304_15:00:00   1.6667e-01   4.5797e+01   3.5330e+00   0.0000e+00   0.0000e+00   2.4322e+02
20230304_18:00:00   3.6271e-01   8.6262e+01   4.0471e+00   6.8960e-02   4.4710e-05   2.4391e+02
20230304_21:00:00   3.1786e-01   7.7314e+01   4.8585e+00   3.7638e-02   2.5030e-04   2.4100e+02
20230305_00:00:00   2.8091e-01   6.9706e+01   5.9106e+00   1.8792e-03   1.6112e-03   2.3972e+02
20230305_03:00:00   4.0963e-01   9.3752e+01   6.7623e+00   3.3360e-02   3.1640e-02   2.4460e+02
20230305_06:00:00   2.5533e-01   6.4586e+01   5.2252e+00   8.2861e-04   5.0167e-04   2.4618e+02
20230305_09:00:00   2.1555e-01   5.6367e+01   4.4162e+00   0.0000e+00   0.0000e+00   2.4327e+02
20230305_12:00:00   1.5861e-01   4.3813e+01   3.3714e+00   0.0000e+00   0.0000e+00   2.4315e+02
20230305_15:00:00   1.1800e-01   3.4365e+01   2.5979e+00   0.0000e+00   0.0000e+00   2.4273e+02
20230305_18:00:00   1.3713e-01   3.8885e+01   2.9798e+00   0.0000e+00   0.0000e+00   2.4458e+02
20230305_21:00:00   2.5426e-01   6.4598e+01   4.7153e+00   9.3816e-03   1.3456e-02   2.4381e+02
20230306_00:00:00   2.1613e-01   5.6606e+01   4.4334e+00   7.1120e-04   1.5342e-04   2.4060e+02
20230306_03:00:00   1.8059e-01   4.8889e+01   3.7428e+00   0.0000e+00   0.0000e+00   2.3959e+02
20230306_06:00:00   9.9384e-02   2.9977e+01   2.1405e+00   0.0000e+00   0.0000e+00   2.4156e+02
20230306_09:00:00   9.0419e-02   2.7751e+01   1.9420e+00   0.0000e+00   0.0000e+00   2.4232e+02
20230306_12:00:00   7.5654e-02   2.4005e+01   1.6504e+00   0.0000e+00   0.0000e+00   2.4486e+02
20230306_15:00:00   7.7386e-02   2.4445e+01   1.6962e+00   0.0000e+00   0.0000e+00   2.4833e+02
20230306_18:00:00   1.1191e-01   3.2901e+01   2.4466e+00   0.0000e+00   0.0000e+00   2.4929e+02
20230306_21:00:00   1.6992e-01   4.6339e+01   3.6849e+00   0.0000e+00   4.2173e-04   2.4798e+02
20230307_00:00:00   1.8080e-01   4.8876e+01   3.8376e+00   0.0000e+00   4.7670e-05   2.4688e+02
20230307_03:00:00   1.4317e-01   4.0354e+01   3.0253e+00   0.0000e+00   0.0000e+00   2.4470e+02
20230307_06:00:00   8.3300e-02   2.5990e+01   1.7767e+00   0.0000e+00   0.0000e+00   2.4582e+02
20230307_09:00:00   6.6367e-02   2.1719e+01   1.4100e+00   0.0000e+00   0.0000e+00   2.4580e+02
20230307_12:00:00   5.2193e-02   1.8000e+01   1.0986e+00   0.0000e+00   0.0000e+00   2.4710e+02
20230307_15:00:00   4.7719e-02   1.6798e+01   9.8740e-01   0.0000e+00   0.0000e+00   2.5022e+02
20230307_18:00:00   7.5245e-02   2.3861e+01   1.6203e+00   0.0000e+00   0.0000e+00   2.5170e+02
20230307_21:00:00   1.1874e-01   3.4333e+01   2.6349e+00   0.0000e+00   3.2760e-04   2.4932e+02
20230308_00:00:00   8.6743e-02   2.6765e+01   1.8590e+00   0.0000e+00   5.9380e-07   2.4727e+02
20230308_03:00:00   5.9411e-02   1.9897e+01   1.2269e+00   0.0000e+00   0.0000e+00   2.4766e+02
20230308_06:00:00   4.5136e-02   1.6123e+01   9.1268e-01   0.0000e+00   0.0000e+00   2.4863e+02
20230308_09:00:00   4.7738e-02   1.6782e+01   9.8415e-01   0.0000e+00   0.0000e+00   2.4837e+02
20230308_12:00:00   5.7725e-02   1.9382e+01   1.2238e+00   0.0000e+00   0.0000e+00   2.4744e+02
20230308_15:00:00   7.3337e-02   2.3251e+01   1.6173e+00   0.0000e+00   0.0000e+00   2.4942e+02
20230308_18:00:00   1.7212e-01   4.6473e+01   3.6832e+00   0.0000e+00   0.0000e+00   2.4875e+02
20230308_21:00:00   3.5564e-01   8.3484e+01   5.8221e+00   3.1853e-02   6.9954e-02   2.4789e+02
20230309_00:00:00   2.1343e-01   5.5260e+01   4.6426e+00   0.0000e+00   7.5690e-06   2.5247e+02
20230309_03:00:00   1.6490e-01   4.4760e+01   3.5773e+00   0.0000e+00   0.0000e+00   2.5545e+02
20230309_06:00:00   1.6956e-01   4.5750e+01   3.7121e+00   0.0000e+00   0.0000e+00   2.5459e+02
20230309_09:00:00   1.3983e-01   3.8885e+01   3.1650e+00   0.0000e+00   0.0000e+00   2.5648e+02
20230309_12:00:00   1.5087e-01   4.1484e+01   3.3677e+00   0.0000e+00   0.0000e+00   2.5883e+02
20230309_15:00:00   1.3026e-01   3.6741e+01   2.9393e+00   0.0000e+00   0.0000e+00   2.5708e+02
20230309_18:00:00   1.5388e-01   4.2158e+01   3.4059e+00   0.0000e+00   0.0000e+00   2.5842e+02
20230309_21:00:00   1.9626e-01   5.1474e+01   4.2644e+00   3.0160e-04   1.1290e-04   2.5625e+02
20230310_00:00:00   1.5021e-01   4.1433e+01   3.2792e+00   0.0000e+00   0.0000e+00   2.5587e+02
20230310_03:00:00   1.0302e-01   3.0505e+01   2.2887e+00   0.0000e+00   0.0000e+00   2.5599e+02
20230310_06:00:00   9.4603e-02   2.8479e+01   2.1047e+00   0.0000e+00   0.0000e+00   2.5572e+02
20230310_09:00:00   9.6432e-02   2.8889e+01   2.1462e+00   0.0000e+00   0.0000e+00   2.5508e+02
20230310_12:00:00   1.0818e-01   3.1695e+01   2.3878e+00   0.0000e+00   0.0000e+00   2.5907e+02
20230310_15:00:00   1.1029e-01   3.2252e+01   2.4183e+00   0.0000e+00   0.0000e+00   2.6173e+02
20230310_18:00:00   1.5392e-01   4.2322e+01   3.3363e+00   0.0000e+00   0.0000e+00   2.6249e+02
20230310_21:00:00   1.8304e-01   4.8774e+01   3.9288e+00   0.0000e+00   5.7030e-04   2.6224e+02
20230311_00:00:00   1.5917e-01   4.3583e+01   3.3871e+00   0.0000e+00   0.0000e+00   2.6070e+02
20230311_03:00:00   1.2475e-01   3.5650e+01   2.7058e+00   0.0000e+00   0.0000e+00   2.6117e+02
20230311_06:00:00   1.4479e-01   4.0302e+01   3.1035e+00   0.0000e+00   2.0020e-06   2.6157e+02
20230311_09:00:00   1.2969e-01   3.6909e+01   2.7681e+00   0.0000e+00   0.0000e+00   2.5947e+02
20230311_12:00:00   1.3251e-01   3.7400e+01   2.8653e+00   0.0000e+00   0.0000e+00   2.6017e+02
20230311_15:00:00   9.7479e-02   2.9144e+01   2.1599e+00   0.0000e+00   0.0000e+00   2.6129e+02
20230311_18:00:00   1.2995e-01   3.6784e+01   2.8917e+00   0.0000e+00   0.0000e+00   2.6125e+02
20230311_21:00:00   1.7645e-01   4.7289e+01   3.8567e+00   0.0000e+00   4.8216e-05   2.5916e+02
20230312_00:00:00   1.6649e-01   4.5149e+01   3.6183e+00   0.0000e+00   2.3660e-06   2.6006e+02
20230312_03:00:00   1.1971e-01   3.4460e+01   2.6486e+00   0.0000e+00   0.0000e+00   2.6166e+02
20230312_06:00:00   1.3310e-01   3.7561e+01   2.9173e+00   0.0000e+00   0.0000e+00   2.6190e+02
20230312_09:00:00   1.1408e-01   3.2983e+01   2.5817e+00   0.0000e+00   0.0000e+00   2.5984e+02
20230312_12:00:00   1.1972e-01   3.4256e+01   2.7143e+00   0.0000e+00   2.1920e-04   2.6055e+02
20230312_15:00:00   1.0077e-01   2.9731e+01   2.3207e+00   0.0000e+00   1.2358e-03   2.6232e+02
20230312_18:00:00   1.6436e-01   4.4500e+01   3.6510e+00   0.0000e+00   1.9153e-03   2.6082e+02
20230312_21:00:00   3.3554e-01   7.9396e+01   5.9946e+00   2.2368e-02   8.5382e-02   2.5998e+02
20230313_00:00:00   2.5435e-01   6.3855e+01   5.4216e+00   0.0000e+00   3.1232e-03   2.5901e+02
20230313_03:00:00   2.5998e-01   6.5026e+01   4.9524e+00   1.0383e-02   2.4655e-03   2.6217e+02
20230313_06:00:00   2.1645e-01   5.5761e+01   4.8012e+00   0.0000e+00   5.9840e-04   2.6022e+02
20230313_09:00:00   1.9142e-01   5.0330e+01   4.2918e+00   0.0000e+00   4.7822e-04   2.6024e+02
20230313_12:00:00   1.7146e-01   4.6034e+01   3.8407e+00   0.0000e+00   4.9817e-04   2.6081e+02
