#            date       tau255        Tb[K]      pwv[mm] lwp[kg*m^-2] iwp[kg*m^-2]       o3[DU]
20230630_00:00:00   5.6248e-01   1.1828e+02   1.1926e+01   5.6191e-03   4.7140e-02   2.7052e+02
20230630_01:00:00   5.9806e-01   1.2360e+02   1.2171e+01   1.2819e-02   3.1243e-02   2.7319e+02
20230630_02:00:00   5.9592e-01   1.2337e+02   1.2021e+01   1.3994e-02   3.6470e-02   2.7497e+02
20230630_03:00:00   6.5156e-01   1.3142e+02   1.2012e+01   3.6246e-02   5.7974e-02   2.7571e+02
20230630_04:00:00   6.3147e-01   1.2877e+02   1.1518e+01   3.8514e-02   2.2001e-02   2.7279e+02
20230630_05:00:00   6.2491e-01   1.2815e+02   1.0696e+01   5.1273e-02   1.1032e-02   2.7062e+02
20230630_06:00:00   6.2920e-01   1.2903e+02   9.7295e+00   7.1314e-02   2.7623e-03   2.7106e+02
20230630_07:00:00   5.0308e-01   1.0973e+02   9.3256e+00   2.7644e-02   6.3086e-04   2.7325e+02
20230630_08:00:00   4.6251e-01   1.0291e+02   9.2891e+00   1.2428e-02   7.5213e-04   2.7555e+02
20230630_09:00:00   4.0376e-01   9.2801e+01   8.5304e+00   3.1320e-03   9.6038e-04   2.7539e+02
20230630_10:00:00   3.7950e-01   8.8432e+01   8.2052e+00   2.1130e-04   6.1440e-04   2.7492e+02
20230630_11:00:00   4.1494e-01   9.4590e+01   9.0310e+00   0.0000e+00   6.1828e-04   2.7422e+02
20230630_12:00:00   4.5253e-01   1.0089e+02   9.7573e+00   2.4560e-04   1.0822e-03   2.7211e+02
20230630_13:00:00   4.6575e-01   1.0308e+02   9.7436e+00   5.3310e-03   1.6530e-03   2.7308e+02
20230630_14:00:00   4.4267e-01   9.9370e+01   9.1526e+00   6.8570e-03   1.2584e-03   2.7540e+02
20230630_15:00:00   4.5141e-01   1.0097e+02   8.7782e+00   1.8761e-02   1.2048e-03   2.7703e+02
20230630_16:00:00   4.6624e-01   1.0338e+02   9.0087e+00   2.3193e-02   3.5421e-03   2.7694e+02
20230630_17:00:00   7.8180e-01   1.4861e+02   9.4814e+00   1.4443e-01   2.1931e-02   2.7514e+02
20230630_18:00:00   5.0697e-01   1.1029e+02   9.2430e+00   3.1286e-02   1.2262e-02   2.7281e+02
20230630_19:00:00   6.0767e-01   1.2609e+02   8.7903e+00   8.2608e-02   5.7073e-03   2.7280e+02
20230630_20:00:00   9.1620e-01   1.6465e+02   8.6423e+00   2.1835e-01   9.7205e-03   2.7104e+02
20230630_21:00:00   9.0024e-01   1.6187e+02   9.7039e+00   1.9890e-01   9.1063e-02   2.7112e+02
20230630_22:00:00   4.7690e-01   1.0490e+02   1.0045e+01   8.4523e-03   7.7071e-02   2.7163e+02
20230630_23:00:00   4.1757e-01   9.4907e+01   9.2670e+00   5.7000e-07   3.4535e-02   2.7114e+02
20230701_00:00:00   3.4167e-01   8.1276e+01   7.7856e+00   5.6920e-08   2.6276e-03   2.7176e+02
20230701_01:00:00   2.9790e-01   7.2918e+01   6.8877e+00   0.0000e+00   6.8848e-05   2.7032e+02
20230701_02:00:00   3.0157e-01   7.3631e+01   6.9609e+00   0.0000e+00   0.0000e+00   2.7193e+02
20230701_03:00:00   3.1496e-01   7.6121e+01   7.1936e+00   0.0000e+00   1.8961e-04   2.7275e+02
20230701_04:00:00   3.1591e-01   7.6347e+01   7.1310e+00   0.0000e+00   7.7824e-05   2.7449e+02
20230701_05:00:00   3.0712e-01   7.4748e+01   6.9261e+00   0.0000e+00   4.5828e-04   2.7650e+02
20230701_06:00:00   2.9162e-01   7.1716e+01   6.6334e+00   0.0000e+00   1.0593e-04   2.7422e+02
20230701_07:00:00   2.4919e-01   6.3245e+01   5.7104e+00   0.0000e+00   7.1240e-06   2.7432e+02
20230701_08:00:00   2.2792e-01   5.8782e+01   5.2507e+00   0.0000e+00   4.7293e-04   2.7668e+02
20230701_09:00:00   2.0797e-01   5.4570e+01   4.7783e+00   0.0000e+00   0.0000e+00   2.7778e+02
20230701_10:00:00   1.9209e-01   5.1146e+01   4.4001e+00   0.0000e+00   4.5590e-07   2.7989e+02
20230701_11:00:00   1.7004e-01   4.6265e+01   3.9027e+00   0.0000e+00   5.0060e-06   2.8100e+02
20230701_12:00:00   1.5240e-01   4.2172e+01   3.5748e+00   0.0000e+00   1.0156e-04   2.8104e+02
20230701_13:00:00   1.5306e-01   4.2161e+01   3.6992e+00   0.0000e+00   3.5803e-04   2.7904e+02
20230701_14:00:00   1.5497e-01   4.2635e+01   3.7286e+00   0.0000e+00   2.2380e-05   2.8065e+02
20230701_15:00:00   1.5723e-01   4.3256e+01   3.7288e+00   0.0000e+00   5.3020e-06   2.8159e+02
20230701_16:00:00   1.6801e-01   4.5709e+01   3.9674e+00   0.0000e+00   0.0000e+00   2.8126e+02
20230701_17:00:00   1.8733e-01   5.0075e+01   4.3426e+00   3.8020e-04   0.0000e+00   2.8227e+02
20230701_18:00:00   2.9101e-01   7.1940e+01   5.3365e+00   2.2455e-02   9.0850e-05   2.8522e+02
20230701_19:00:00   8.0429e-01   1.5253e+02   6.7225e+00   2.0580e-01   3.4020e-04   2.8241e+02
20230701_20:00:00   9.4544e-01   1.6797e+02   7.5588e+00   2.4957e-01   2.5340e-03   2.8072e+02
20230701_21:00:00   1.0600e+00   1.7927e+02   7.7237e+00   2.9317e-01   1.2575e-02   2.7937e+02
20230701_22:00:00   1.1169e+00   1.8397e+02   7.8710e+00   3.1577e-01   4.1612e-02   2.7968e+02
20230701_23:00:00   9.6739e-01   1.6956e+02   7.8579e+00   2.5437e-01   6.4545e-02   2.7937e+02
20230702_00:00:00   6.4216e-01   1.3052e+02   7.4498e+00   1.2680e-01   1.8147e-02   2.8043e+02
20230702_01:00:00   4.7030e-01   1.0432e+02   6.9875e+00   6.5651e-02   4.2498e-03   2.8054e+02
20230702_02:00:00   2.9514e-01   7.2611e+01   6.5838e+00   1.7573e-04   1.7093e-05   2.7966e+02
20230702_03:00:00   2.6079e-01   6.5862e+01   5.8541e+00   0.0000e+00   0.0000e+00   2.7771e+02
20230702_04:00:00   2.4864e-01   6.3370e+01   5.5518e+00   0.0000e+00   0.0000e+00   2.7783e+02
20230702_05:00:00   2.4333e-01   6.2238e+01   5.3808e+00   0.0000e+00   0.0000e+00   2.7758e+02
20230702_06:00:00   2.2909e-01   5.9219e+01   5.0643e+00   0.0000e+00   0.0000e+00   2.7727e+02
20230702_07:00:00   2.0817e-01   5.4739e+01   4.6466e+00   0.0000e+00   0.0000e+00   2.7738e+02
20230702_08:00:00   1.8981e-01   5.0748e+01   4.2632e+00   0.0000e+00   0.0000e+00   2.7576e+02
20230702_09:00:00   1.7988e-01   4.8523e+01   4.0549e+00   0.0000e+00   0.0000e+00   2.7506e+02
20230702_10:00:00   1.7907e-01   4.8307e+01   4.0270e+00   0.0000e+00   0.0000e+00   2.7696e+02
20230702_11:00:00   1.7773e-01   4.7985e+01   3.9987e+00   0.0000e+00   0.0000e+00   2.7773e+02
20230702_12:00:00   1.6502e-01   4.5125e+01   3.7765e+00   0.0000e+00   0.0000e+00   2.7867e+02
20230702_13:00:00   1.6599e-01   4.5254e+01   3.8651e+00   0.0000e+00   0.0000e+00   2.7955e+02
20230702_14:00:00   1.7973e-01   4.8225e+01   4.2182e+00   0.0000e+00   0.0000e+00   2.7641e+02
20230702_15:00:00   1.8745e-01   4.9925e+01   4.3890e+00   0.0000e+00   2.3560e-04   2.7961e+02
20230702_16:00:00   1.9245e-01   5.1150e+01   4.4299e+00   0.0000e+00   2.6220e-05   2.7990e+02
20230702_17:00:00   2.0735e-01   5.4496e+01   4.6408e+00   5.4750e-04   0.0000e+00   2.7973e+02
20230702_18:00:00   3.6244e-01   8.5715e+01   5.6647e+00   4.4010e-02   8.8750e-05   2.7910e+02
20230702_19:00:00   8.6357e-01   1.5902e+02   6.5920e+00   2.3311e-01   9.7340e-04   2.8057e+02
20230702_20:00:00   9.9405e-01   1.7315e+02   7.1053e+00   2.7413e-01   3.0028e-03   2.8087e+02
20230702_21:00:00   1.3571e+00   2.0285e+02   8.0454e+00   4.0987e-01   3.0770e-02   2.7699e+02
20230702_22:00:00   1.2892e+00   1.9779e+02   8.5629e+00   3.6946e-01   8.1777e-02   2.7469e+02
20230702_23:00:00   1.2114e+00   1.9204e+02   8.5350e+00   3.3433e-01   7.0127e-02   2.7405e+02
20230703_00:00:00   9.9186e-01   1.7285e+02   7.7476e+00   2.5628e-01   1.7079e-02   2.7499e+02
20230703_01:00:00   4.5278e-01   1.0207e+02   6.8591e+00   5.1012e-02   9.6732e-05   2.7337e+02
20230703_02:00:00   2.6885e-01   6.7840e+01   5.4878e+00   4.1960e-03   3.5210e-06   2.7033e+02
20230703_03:00:00   2.6136e-01   6.6211e+01   5.3302e+00   3.6950e-03   1.6789e-05   2.7014e+02
20230703_04:00:00   2.3934e-01   6.1599e+01   5.0734e+00   1.9078e-04   1.5038e-06   2.7243e+02
20230703_05:00:00   2.2023e-01   5.7563e+01   4.6897e+00   0.0000e+00   0.0000e+00   2.7290e+02
20230703_06:00:00   1.8979e-01   5.0938e+01   4.1025e+00   0.0000e+00   0.0000e+00   2.7371e+02
20230703_07:00:00   1.5962e-01   4.4152e+01   3.4976e+00   0.0000e+00   0.0000e+00   2.7327e+02
20230703_08:00:00   1.4232e-01   4.0139e+01   3.1432e+00   0.0000e+00   0.0000e+00   2.7360e+02
20230703_09:00:00   1.3330e-01   3.8016e+01   2.9562e+00   0.0000e+00   0.0000e+00   2.7229e+02
20230703_10:00:00   1.3106e-01   3.7437e+01   2.9413e+00   0.0000e+00   0.0000e+00   2.7363e+02
20230703_11:00:00   1.4037e-01   3.9510e+01   3.1956e+00   5.2660e-05   0.0000e+00   2.7198e+02
20230703_12:00:00   1.4249e-01   3.9886e+01   3.3499e+00   0.0000e+00   0.0000e+00   2.7283e+02
20230703_13:00:00   1.4957e-01   4.1389e+01   3.5778e+00   0.0000e+00   0.0000e+00   2.7374e+02
20230703_14:00:00   1.6252e-01   4.4187e+01   3.9283e+00   0.0000e+00   0.0000e+00   2.7213e+02
20230703_15:00:00   1.7722e-01   4.7358e+01   4.3164e+00   0.0000e+00   0.0000e+00   2.7412e+02
20230703_16:00:00   1.9042e-01   5.0260e+01   4.6314e+00   0.0000e+00   0.0000e+00   2.7558e+02
20230703_17:00:00   2.0339e-01   5.3086e+01   4.8818e+00   6.6320e-04   0.0000e+00   2.7584e+02
20230703_18:00:00   2.5965e-01   6.5085e+01   5.6561e+00   7.3639e-03   6.9670e-05   2.7528e+02
20230703_19:00:00   5.7459e-01   1.2110e+02   6.4960e+00   1.1917e-01   7.2690e-04   2.7508e+02
20230703_20:00:00   1.3345e+00   2.0124e+02   7.8466e+00   4.0807e-01   1.8423e-02   2.7401e+02
20230703_21:00:00   1.2633e+00   1.9580e+02   8.7827e+00   3.5828e-01   4.0840e-02   2.7353e+02
20230703_22:00:00   1.2844e+00   1.9725e+02   9.1844e+00   3.5858e-01   5.4480e-02   2.7447e+02
20230703_23:00:00   1.2192e+00   1.9254e+02   9.4355e+00   3.2427e-01   2.3097e-02   2.7553e+02
20230704_00:00:00   9.6175e-01   1.6947e+02   9.2311e+00   2.1886e-01   3.3147e-03   2.7562e+02
20230704_01:00:00   1.1471e+00   1.8669e+02   9.0827e+00   3.0012e-01   2.9833e-03   2.7339e+02
20230704_02:00:00   1.1553e+00   1.8750e+02   8.8671e+00   3.0792e-01   4.6207e-03   2.7302e+02
20230704_03:00:00   8.1712e-01   1.5360e+02   8.4858e+00   1.7525e-01   1.5601e-03   2.7193e+02
20230704_04:00:00   5.6213e-01   1.1925e+02   7.8973e+00   8.3508e-02   5.1391e-04   2.7290e+02
20230704_05:00:00   4.2743e-01   9.7233e+01   7.5247e+00   3.7780e-02   3.6360e-05   2.7380e+02
20230704_06:00:00   3.9087e-01   9.0578e+01   7.6692e+00   2.2099e-02   8.9200e-06   2.7253e+02
20230704_07:00:00   4.0717e-01   9.3401e+01   7.7509e+00   2.8660e-02   2.7010e-05   2.7051e+02
20230704_08:00:00   4.2150e-01   9.5859e+01   7.7938e+00   3.3960e-02   2.3800e-06   2.7133e+02
20230704_09:00:00   3.3419e-01   7.9666e+01   7.6599e+00   1.3617e-03   0.0000e+00   2.7272e+02
20230704_10:00:00   3.3341e-01   7.9431e+01   7.6563e+00   1.3913e-03   0.0000e+00   2.7262e+02
20230704_11:00:00   3.3453e-01   7.9655e+01   7.6266e+00   2.1946e-03   1.0142e-06   2.7536e+02
20230704_12:00:00   3.2989e-01   7.8762e+01   7.5941e+00   9.5680e-04   1.8610e-05   2.7636e+02
20230704_13:00:00   3.3753e-01   8.0207e+01   7.7648e+00   5.7470e-08   1.8153e-04   2.7625e+02
20230704_14:00:00   3.5042e-01   8.2677e+01   7.9749e+00   0.0000e+00   1.3799e-04   2.7574e+02
20230704_15:00:00   3.6045e-01   8.4595e+01   8.1487e+00   0.0000e+00   2.1787e-04   2.7523e+02
20230704_16:00:00   3.6546e-01   8.5587e+01   8.2477e+00   0.0000e+00   2.4688e-04   2.7488e+02
20230704_17:00:00   3.7297e-01   8.7006e+01   8.3745e+00   2.8710e-04   2.3800e-04   2.7378e+02
20230704_18:00:00   4.0202e-01   9.2359e+01   8.4208e+00   1.1430e-02   4.4220e-05   2.7294e+02
20230704_19:00:00   7.0803e-01   1.4009e+02   8.8463e+00   1.2759e-01   1.1250e-04   2.7325e+02
20230704_20:00:00   8.4028e-01   1.5671e+02   9.3879e+00   1.6902e-01   1.4806e-04   2.7371e+02
20230704_21:00:00   8.9841e-01   1.6333e+02   1.0036e+01   1.7705e-01   1.7487e-04   2.7362e+02
20230704_22:00:00   1.0850e+00   1.8195e+02   1.0542e+01   2.4144e-01   3.7855e-04   2.7174e+02
20230704_23:00:00   1.1331e+00   1.8612e+02   1.0795e+01   2.5583e-01   5.8732e-04   2.7107e+02
20230705_00:00:00   1.1679e+00   1.8905e+02   1.0711e+01   2.7212e-01   5.2789e-04   2.7124e+02
20230705_03:00:00   5.2526e-01   1.1314e+02   1.0447e+01   1.4773e-02   3.0464e-04   2.7341e+02
20230705_06:00:00   4.2401e-01   9.6335e+01   9.3484e+00   0.0000e+00   1.3318e-03   2.7096e+02
20230705_09:00:00   3.8468e-01   8.9368e+01   8.6212e+00   2.4840e-05   4.0316e-03   2.7495e+02
20230705_12:00:00   4.2381e-01   9.6182e+01   9.3507e+00   5.7830e-06   8.8409e-03   2.7456e+02
20230705_15:00:00   4.5987e-01   1.0240e+02   9.9523e+00   0.0000e+00   1.1234e-02   2.7922e+02
20230705_18:00:00   5.9668e-01   1.2443e+02   1.0349e+01   4.4660e-02   6.8319e-03   2.8109e+02
20230705_21:00:00   2.2013e+00   2.4349e+02   1.1508e+01   6.8510e-01   6.3179e-02   2.7650e+02
20230706_00:00:00   1.5486e+00   2.1466e+02   1.1667e+01   4.2031e-01   2.0137e-01   2.7557e+02
20230706_03:00:00   1.2108e+00   1.9178e+02   1.2851e+01   2.5067e-01   2.0684e-01   2.7461e+02
20230706_06:00:00   5.9561e-01   1.2371e+02   1.1795e+01   1.9649e-02   6.7292e-04   2.7533e+02
20230706_09:00:00   5.6888e-01   1.1969e+02   1.1542e+01   1.1721e-02   8.1914e-04   2.7477e+02
20230706_12:00:00   5.4216e-01   1.1547e+02   1.1512e+01   2.0679e-03   5.3862e-04   2.7456e+02
20230706_15:00:00   6.3509e-01   1.2979e+02   1.1143e+01   4.5091e-02   4.7114e-04   2.7384e+02
20230706_18:00:00   1.1949e+00   1.9166e+02   1.1725e+01   2.6091e-01   8.5569e-04   2.7451e+02
20230706_21:00:00   1.4182e+00   2.0707e+02   1.2403e+01   3.4516e-01   1.9295e-01   2.7206e+02
20230707_00:00:00   1.2420e+00   1.9553e+02   1.2446e+01   2.6986e-01   2.4497e-01   2.6943e+02
20230707_03:00:00   1.3950e+00   2.0624e+02   1.2248e+01   3.3675e-01   8.9757e-02   2.6959e+02
20230707_06:00:00   3.4998e+00   2.6531e+02   1.3126e+01   1.2013e+00   5.3678e-01   2.7031e+02
20230707_09:00:00   7.5222e-01   1.4505e+02   1.2032e+01   7.9760e-02   1.7198e-01   2.6871e+02
20230707_12:00:00   1.5934e+00   2.1796e+02   1.2605e+01   4.1149e-01   1.7132e-01   2.7092e+02
20230707_15:00:00   1.1737e+00   1.8873e+02   1.2583e+01   2.4247e-01   4.2840e-02   2.7384e+02
20230707_18:00:00   1.4854e+00   2.1184e+02   1.2615e+01   3.6619e-01   7.5028e-02   2.7289e+02
20230707_21:00:00   6.0038e-01   1.2377e+02   1.2799e+01   7.1240e-05   3.8117e-01   2.6907e+02
20230708_00:00:00   1.5899e+00   2.1787e+02   1.3399e+01   3.9366e-01   2.6711e-01   2.6967e+02
20230708_03:00:00   1.1483e+00   1.8704e+02   1.2935e+01   2.2319e-01   3.4843e-02   2.7163e+02
20230708_06:00:00   5.9242e-01   1.2285e+02   1.2481e+01   5.5050e-03   2.9635e-02   2.7113e+02
20230708_09:00:00   4.5805e-01   1.0163e+02   1.0348e+01   0.0000e+00   5.2292e-03   2.7219e+02
20230708_12:00:00   4.0365e-01   9.2311e+01   9.3181e+00   0.0000e+00   1.3310e-03   2.7028e+02
20230708_15:00:00   4.6519e-01   1.0303e+02   1.0402e+01   0.0000e+00   3.9440e-04   2.6885e+02
20230708_18:00:00   5.6957e-01   1.1963e+02   1.2008e+01   4.9739e-03   1.7392e-03   2.7098e+02
20230708_21:00:00   6.0016e-01   1.2420e+02   1.2536e+01   7.1050e-03   4.9697e-03   2.6766e+02
20230709_00:00:00   6.4612e-01   1.3071e+02   1.3072e+01   1.5517e-02   6.1232e-02   2.6942e+02
20230709_03:00:00   5.8900e-01   1.2247e+02   1.2759e+01   3.5640e-06   2.8199e-03   2.7188e+02
20230709_06:00:00   4.9986e-01   1.0892e+02   1.1025e+01   1.9858e-06   1.1411e-04   2.7633e+02
20230709_09:00:00   5.3530e-01   1.1432e+02   1.1570e+01   1.4252e-03   8.5956e-03   2.7373e+02
20230709_12:00:00   1.7495e+00   2.2540e+02   1.2698e+01   4.8058e-01   2.1624e-01   2.7807e+02
20230709_15:00:00   2.5953e+00   2.5319e+02   1.3256e+01   8.1374e-01   2.6472e-01   2.7778e+02
20230709_18:00:00   5.6734e-01   1.1918e+02   1.2409e+01   0.0000e+00   1.2655e-02   2.7813e+02
20230709_21:00:00   5.3610e-01   1.1442e+02   1.1788e+01   0.0000e+00   6.2664e-02   2.7546e+02
20230710_00:00:00   5.2065e-01   1.1192e+02   1.1689e+01   0.0000e+00   1.8487e-02   2.7362e+02
20230710_03:00:00   5.7282e-01   1.2009e+02   1.2385e+01   8.9410e-05   3.6147e-03   2.7459e+02
20230710_06:00:00   5.4990e-01   1.1633e+02   1.2025e+01   1.1630e-04   5.4266e-03   2.7421e+02
20230710_09:00:00   5.0746e-01   1.0953e+02   1.1262e+01   0.0000e+00   2.5728e-02   2.7474e+02
20230710_12:00:00   4.9451e-01   1.0748e+02   1.1009e+01   0.0000e+00   1.0903e-01   2.7403e+02
20230710_15:00:00   5.4364e-01   1.1553e+02   1.1240e+01   1.1977e-02   1.7557e-03   2.7356e+02
20230710_18:00:00   6.5357e-01   1.3170e+02   1.1716e+01   4.5878e-02   3.7169e-03   2.7412e+02
20230710_21:00:00   6.7821e-01   1.3495e+02   1.2532e+01   3.7580e-02   1.1827e-01   2.7240e+02
20230711_00:00:00   5.7719e-01   1.2037e+02   1.2241e+01   6.8867e-03   2.8181e-02   2.7308e+02
20230711_03:00:00   5.7112e-01   1.1946e+02   1.2233e+01   1.4737e-03   2.3033e-02   2.7540e+02
20230711_06:00:00   5.2893e-01   1.1314e+02   1.1336e+01   1.9157e-03   2.9248e-02   2.7606e+02
20230711_09:00:00   4.9406e-01   1.0732e+02   1.0908e+01   0.0000e+00   7.7450e-03   2.7552e+02
20230711_12:00:00   4.9472e-01   1.0741e+02   1.0914e+01   0.0000e+00   2.9729e-02   2.7794e+02
20230711_15:00:00   4.2712e-01   9.6070e+01   9.7691e+00   0.0000e+00   9.0950e-03   2.8031e+02
20230711_18:00:00   3.8271e-01   8.8374e+01   8.6993e+00   3.0860e-03   6.7159e-03   2.7874e+02
20230711_21:00:00   4.4752e-01   1.0018e+02   9.0837e+00   1.6697e-02   5.2553e-03   2.7945e+02
20230712_00:00:00   8.4843e-01   1.5718e+02   9.9287e+00   1.6219e-01   4.5540e-03   2.7891e+02
20230712_03:00:00   4.8146e-01   1.0573e+02   1.0526e+01   8.4820e-06   1.1980e-03   2.7891e+02
20230712_06:00:00   5.0533e-01   1.0963e+02   1.0908e+01   2.7402e-05   1.4007e-03   2.7418e+02
20230712_09:00:00   1.7218e+00   2.2441e+02   1.1506e+01   4.9056e-01   2.4271e-02   2.7756e+02
20230712_12:00:00   2.0492e+00   2.3718e+02   1.2942e+01   5.9560e-01   1.0626e+00   2.7774e+02
20230712_15:00:00   2.6120e+00   2.5320e+02   1.1929e+01   8.5116e-01   7.2012e-02   2.8207e+02
20230712_18:00:00   1.3513e+00   2.0308e+02   1.2066e+01   3.2263e-01   2.2140e-02   2.7902e+02
20230712_21:00:00   1.1793e+00   1.8928e+02   1.2267e+01   2.5107e-01   1.4847e-01   2.7644e+02
20230713_00:00:00   7.8086e-01   1.4825e+02   1.2185e+01   8.9950e-02   2.2002e-01   2.7455e+02
20230713_03:00:00   6.5693e-01   1.3215e+02   1.2252e+01   3.4639e-02   3.6215e-02   2.7409e+02
20230713_06:00:00   1.2526e+00   1.9543e+02   1.1948e+01   2.8358e-01   7.5446e-02   2.7664e+02
20230713_09:00:00   6.7272e-01   1.3445e+02   1.1414e+01   5.6308e-02   2.3549e-02   2.7667e+02
20230713_12:00:00   5.0830e-01   1.0998e+02   1.0971e+01   0.0000e+00   2.0788e-04   2.7645e+02
20230713_15:00:00   4.6985e-01   1.0377e+02   1.0309e+01   0.0000e+00   3.8769e-03   2.7950e+02
20230713_18:00:00   5.0508e-01   1.0965e+02   1.0863e+01   1.7090e-03   4.3984e-03   2.7646e+02
20230713_21:00:00   4.8624e-01   1.0668e+02   1.0435e+01   4.6740e-03   7.5016e-04   2.7482e+02
20230714_00:00:00   4.5687e-01   1.0177e+02   1.0028e+01   1.6530e-03   2.6232e-05   2.7596e+02
20230714_03:00:00   4.5714e-01   1.0202e+02   9.8071e+00   1.8429e-03   2.0366e-04   2.7578e+02
20230714_06:00:00   4.1096e-01   9.4332e+01   8.7518e+00   1.4026e-03   1.9780e-04   2.7684e+02
20230714_09:00:00   3.2582e-01   7.8609e+01   7.2659e+00   2.0720e-05   1.6120e-03   2.7955e+02
20230714_12:00:00   3.5391e-01   8.3220e+01   8.2260e+00   0.0000e+00   1.1821e-02   2.7856e+02
20230714_15:00:00   4.4700e-01   9.9575e+01   1.0046e+01   0.0000e+00   1.9353e-02   2.7976e+02
20230714_18:00:00   5.0779e-01   1.0954e+02   1.0515e+01   1.2740e-02   2.2073e-01   2.7634e+02
20230714_21:00:00   4.1730e-01   9.4596e+01   9.3892e+00   2.5810e-03   1.1770e-02   2.7532e+02
20230715_00:00:00   4.1908e-01   9.4918e+01   9.4179e+00   1.7340e-03   6.2200e-03   2.7502e+02
20230715_03:00:00   3.6348e-01   8.5046e+01   8.2951e+00   0.0000e+00   6.6531e-03   2.7985e+02
20230715_06:00:00   4.2445e-01   9.5936e+01   9.3896e+00   0.0000e+00   2.2336e-02   2.8158e+02
20230715_09:00:00   4.2309e-01   9.5738e+01   9.3556e+00   0.0000e+00   1.0112e-04   2.8221e+02
20230715_12:00:00   5.3382e-01   1.1385e+02   1.1071e+01   8.0339e-03   7.5903e-03   2.8048e+02
20230715_15:00:00   1.0528e+00   1.7782e+02   1.2262e+01   1.9484e-01   4.9554e-01   2.7972e+02
20230715_18:00:00   2.7395e+00   2.5510e+02   1.2389e+01   8.9747e-01   3.9416e-01   2.7675e+02
20230715_21:00:00   2.1280e+00   2.4006e+02   1.2622e+01   6.3592e-01   4.4316e-01   2.7126e+02
20230716_00:00:00   9.1384e-01   1.6410e+02   1.2753e+01   1.2477e-01   3.5623e-01   2.7144e+02
