#            date       tau255        Tb[K]      pwv[mm] lwp[kg*m^-2] iwp[kg*m^-2]       o3[DU]
20230205_18:00:00   7.4382e-02   2.3493e+01   1.6253e+00   0.0000e+00   0.0000e+00   2.5147e+02
20230205_19:00:00   8.2278e-02   2.5462e+01   1.8006e+00   0.0000e+00   0.0000e+00   2.5077e+02
20230205_20:00:00   9.2608e-02   2.7948e+01   2.0454e+00   0.0000e+00   0.0000e+00   2.4998e+02
20230205_21:00:00   1.0034e-01   2.9802e+01   2.2205e+00   0.0000e+00   0.0000e+00   2.5012e+02
20230205_22:00:00   9.2724e-02   2.7955e+01   2.0589e+00   0.0000e+00   0.0000e+00   2.4999e+02
20230205_23:00:00   8.5097e-02   2.6083e+01   1.8858e+00   0.0000e+00   0.0000e+00   2.4994e+02
20230206_00:00:00   7.2990e-02   2.3073e+01   1.6139e+00   0.0000e+00   0.0000e+00   2.4929e+02
20230206_01:00:00   6.8202e-02   2.1875e+01   1.4980e+00   0.0000e+00   0.0000e+00   2.4797e+02
20230206_02:00:00   6.6202e-02   2.1389e+01   1.4448e+00   0.0000e+00   0.0000e+00   2.4654e+02
20230206_03:00:00   6.5535e-02   2.1229e+01   1.4261e+00   0.0000e+00   0.0000e+00   2.4661e+02
20230206_04:00:00   6.5696e-02   2.1262e+01   1.4324e+00   0.0000e+00   0.0000e+00   2.4701e+02
20230206_05:00:00   6.5464e-02   2.1204e+01   1.4292e+00   0.0000e+00   0.0000e+00   2.4719e+02
20230206_06:00:00   6.4487e-02   2.0968e+01   1.4044e+00   0.0000e+00   0.0000e+00   2.4722e+02
20230206_07:00:00   6.3362e-02   2.0700e+01   1.3756e+00   0.0000e+00   0.0000e+00   2.4655e+02
20230206_08:00:00   6.3677e-02   2.0772e+01   1.3868e+00   0.0000e+00   0.0000e+00   2.4559e+02
20230206_09:00:00   6.3534e-02   2.0749e+01   1.3778e+00   0.0000e+00   0.0000e+00   2.4645e+02
20230206_10:00:00   6.3017e-02   2.0633e+01   1.3609e+00   0.0000e+00   0.0000e+00   2.4838e+02
20230206_11:00:00   5.8802e-02   1.9616e+01   1.2456e+00   0.0000e+00   0.0000e+00   2.4967e+02
20230206_12:00:00   5.6344e-02   1.9023e+01   1.1743e+00   0.0000e+00   0.0000e+00   2.5140e+02
20230206_13:00:00   5.4437e-02   1.8553e+01   1.1254e+00   0.0000e+00   0.0000e+00   2.5239e+02
20230206_14:00:00   5.3738e-02   1.8382e+01   1.1058e+00   0.0000e+00   0.0000e+00   2.5368e+02
20230206_15:00:00   5.3857e-02   1.8413e+01   1.1063e+00   0.0000e+00   0.0000e+00   2.5442e+02
20230206_16:00:00   5.1671e-02   1.7869e+01   1.0487e+00   0.0000e+00   0.0000e+00   2.5351e+02
20230206_17:00:00   5.2207e-02   1.8008e+01   1.0595e+00   0.0000e+00   0.0000e+00   2.5276e+02
20230206_18:00:00   5.3395e-02   1.8312e+01   1.0862e+00   0.0000e+00   0.0000e+00   2.5181e+02
20230206_19:00:00   5.8619e-02   1.9655e+01   1.2052e+00   0.0000e+00   0.0000e+00   2.5003e+02
20230206_20:00:00   7.9111e-02   2.4802e+01   1.6542e+00   0.0000e+00   0.0000e+00   2.4858e+02
20230206_21:00:00   1.3160e-01   3.7373e+01   2.2917e+00   9.4410e-03   3.4630e-04   2.4938e+02
20230206_22:00:00   1.2506e-01   3.5836e+01   2.5812e+00   0.0000e+00   1.6561e-04   2.5037e+02
20230206_23:00:00   1.3917e-01   3.9107e+01   2.8661e+00   0.0000e+00   1.6040e-04   2.5121e+02
20230207_00:00:00   1.2660e-01   3.6166e+01   2.6676e+00   0.0000e+00   6.5240e-05   2.5260e+02
20230207_01:00:00   1.2634e-01   3.6070e+01   2.6809e+00   0.0000e+00   0.0000e+00   2.5326e+02
20230207_02:00:00   1.1317e-01   3.2927e+01   2.4413e+00   0.0000e+00   0.0000e+00   2.5267e+02
20230207_03:00:00   9.2800e-02   2.8050e+01   2.0155e+00   0.0000e+00   0.0000e+00   2.5146e+02
20230207_04:00:00   8.5641e-02   2.6321e+01   1.8442e+00   0.0000e+00   0.0000e+00   2.5313e+02
20230207_05:00:00   8.1594e-02   2.5322e+01   1.7587e+00   0.0000e+00   0.0000e+00   2.5411e+02
20230207_06:00:00   7.6995e-02   2.4193e+01   1.6524e+00   0.0000e+00   0.0000e+00   2.5336e+02
20230207_07:00:00   7.2051e-02   2.2978e+01   1.5384e+00   0.0000e+00   0.0000e+00   2.5270e+02
20230207_08:00:00   7.1986e-02   2.2955e+01   1.5377e+00   0.0000e+00   0.0000e+00   2.5094e+02
20230207_09:00:00   6.8838e-02   2.2152e+01   1.4760e+00   0.0000e+00   0.0000e+00   2.5015e+02
20230207_10:00:00   6.7722e-02   2.1845e+01   1.4639e+00   0.0000e+00   0.0000e+00   2.4934e+02
20230207_11:00:00   6.7663e-02   2.1817e+01   1.4768e+00   0.0000e+00   0.0000e+00   2.4877e+02
20230207_12:00:00   6.9266e-02   2.2196e+01   1.5270e+00   0.0000e+00   0.0000e+00   2.4884e+02
20230207_13:00:00   6.9153e-02   2.2162e+01   1.5263e+00   0.0000e+00   0.0000e+00   2.4853e+02
20230207_14:00:00   6.9934e-02   2.2322e+01   1.5535e+00   0.0000e+00   0.0000e+00   2.4982e+02
20230207_15:00:00   7.2047e-02   2.2808e+01   1.6155e+00   0.0000e+00   0.0000e+00   2.4960e+02
20230207_16:00:00   7.5690e-02   2.3703e+01   1.7003e+00   0.0000e+00   0.0000e+00   2.4984e+02
20230207_17:00:00   8.7754e-02   2.6683e+01   1.9713e+00   0.0000e+00   0.0000e+00   2.4945e+02
20230207_18:00:00   1.0930e-01   3.1875e+01   2.4278e+00   0.0000e+00   0.0000e+00   2.4871e+02
20230207_19:00:00   1.2530e-01   3.5654e+01   2.7644e+00   0.0000e+00   1.9458e-05   2.4970e+02
20230207_20:00:00   1.5846e-01   4.3252e+01   3.4352e+00   3.2590e-05   7.8200e-05   2.4813e+02
20230207_21:00:00   1.8905e-01   5.0004e+01   4.0288e+00   4.0840e-04   3.0490e-03   2.4620e+02
20230207_22:00:00   1.8846e-01   4.9894e+01   4.0417e+00   0.0000e+00   1.2696e-04   2.4511e+02
20230207_23:00:00   1.9000e-01   5.0255e+01   4.0527e+00   1.9391e-06   9.3660e-05   2.4428e+02
20230208_00:00:00   1.8538e-01   4.9254e+01   3.9726e+00   0.0000e+00   0.0000e+00   2.4455e+02
20230208_01:00:00   1.8082e-01   4.8223e+01   3.9032e+00   0.0000e+00   0.0000e+00   2.4455e+02
20230208_02:00:00   1.8783e-01   4.9740e+01   4.0264e+00   0.0000e+00   1.5975e-04   2.4425e+02
20230208_03:00:00   2.8990e-01   7.1047e+01   3.9988e+00   4.4200e-02   1.5744e-03   2.4452e+02
20230208_04:00:00   2.2596e-01   5.7936e+01   3.8492e+00   2.0729e-02   3.1130e-03   2.4360e+02
20230208_05:00:00   1.6824e-01   4.5319e+01   3.7033e+00   0.0000e+00   4.1350e-06   2.4411e+02
20230208_06:00:00   1.6070e-01   4.3617e+01   3.5724e+00   0.0000e+00   0.0000e+00   2.4424e+02
20230208_07:00:00   1.5324e-01   4.1965e+01   3.4037e+00   0.0000e+00   0.0000e+00   2.4615e+02
20230208_08:00:00   1.3611e-01   3.8116e+01   3.0401e+00   0.0000e+00   0.0000e+00   2.4603e+02
20230208_09:00:00   1.3047e-01   3.6823e+01   2.9141e+00   0.0000e+00   0.0000e+00   2.4704e+02
20230208_10:00:00   1.2848e-01   3.6313e+01   2.8895e+00   0.0000e+00   0.0000e+00   2.4739e+02
20230208_11:00:00   1.2241e-01   3.4842e+01   2.7922e+00   0.0000e+00   0.0000e+00   2.4693e+02
20230208_12:00:00   1.2041e-01   3.4352e+01   2.7626e+00   0.0000e+00   0.0000e+00   2.4607e+02
20230208_13:00:00   1.1843e-01   3.3910e+01   2.7140e+00   0.0000e+00   0.0000e+00   2.4501e+02
20230208_14:00:00   1.1793e-01   3.3848e+01   2.6872e+00   0.0000e+00   0.0000e+00   2.4372e+02
20230208_15:00:00   1.1999e-01   3.4356e+01   2.7185e+00   0.0000e+00   0.0000e+00   2.4344e+02
20230208_16:00:00   1.1937e-01   3.4242e+01   2.6874e+00   0.0000e+00   0.0000e+00   2.4316e+02
20230208_17:00:00   1.2577e-01   3.5794e+01   2.7858e+00   0.0000e+00   0.0000e+00   2.4370e+02
20230208_18:00:00   1.7853e-01   4.7819e+01   3.4903e+00   6.1300e-03   3.7540e-04   2.4478e+02
20230208_19:00:00   4.6934e-01   1.0375e+02   4.0641e+00   1.1660e-01   4.9317e-03   2.4569e+02
20230208_20:00:00   6.2869e-01   1.2792e+02   4.9760e+00   1.6561e-01   5.8259e-02   2.4643e+02
20230208_21:00:00   4.1608e-01   9.4306e+01   5.2372e+00   6.9820e-02   4.0855e-02   2.4632e+02
20230208_22:00:00   2.6647e-01   6.6430e+01   4.9417e+00   1.0850e-02   8.4745e-03   2.4650e+02
20230208_23:00:00   2.4690e-01   6.2401e+01   4.8033e+00   6.4350e-03   3.6021e-03   2.4649e+02
20230209_00:00:00   2.7852e-01   6.8898e+01   4.6111e+00   2.3826e-02   5.4217e-03   2.4711e+02
20230209_01:00:00   2.8376e-01   6.9926e+01   4.5637e+00   2.6859e-02   4.0650e-03   2.4735e+02
20230209_02:00:00   5.2893e-01   1.1327e+02   4.4447e+00   1.3349e-01   1.8234e-03   2.4667e+02
20230209_03:00:00   5.1137e-01   1.1022e+02   4.4761e+00   1.2791e-01   3.9352e-02   2.4663e+02
20230209_04:00:00   4.7273e-01   1.0452e+02   4.0889e+00   1.1617e-01   6.1580e-03   2.4575e+02
20230209_05:00:00   8.9693e-01   1.6164e+02   4.3299e+00   2.9075e-01   2.4676e-03   2.4439e+02
20230209_06:00:00   6.1792e-01   1.2664e+02   4.1512e+00   1.7713e-01   7.7982e-03   2.4329e+02
20230209_07:00:00   2.3719e-01   6.0503e+01   3.6632e+00   2.6639e-02   1.8691e-03   2.4258e+02
20230209_08:00:00   2.2405e-01   5.7848e+01   3.2176e+00   3.0740e-02   4.6080e-05   2.4344e+02
20230209_09:00:00   2.6597e-01   6.6516e+01   3.1783e+00   4.9080e-02   1.8440e-04   2.4275e+02
20230209_10:00:00   2.4426e-01   6.2039e+01   3.1682e+00   3.9950e-02   3.0720e-04   2.4303e+02
20230209_11:00:00   2.0961e-01   5.4738e+01   3.0333e+00   2.8390e-02   7.8860e-05   2.4337e+02
20230209_12:00:00   1.3440e-01   3.7928e+01   2.8225e+00   1.4137e-03   8.1860e-06   2.4339e+02
20230209_13:00:00   1.2057e-01   3.4705e+01   2.6222e+00   2.0990e-05   8.5900e-08   2.4375e+02
20230209_14:00:00   1.1258e-01   3.2798e+01   2.4715e+00   0.0000e+00   0.0000e+00   2.4399e+02
20230209_15:00:00   1.0953e-01   3.2074e+01   2.4120e+00   0.0000e+00   0.0000e+00   2.4474e+02
20230209_16:00:00   1.1430e-01   3.3203e+01   2.5072e+00   0.0000e+00   0.0000e+00   2.4576e+02
20230209_17:00:00   1.2221e-01   3.5091e+01   2.5163e+00   3.0840e-03   0.0000e+00   2.4569e+02
20230209_18:00:00   1.7128e-01   4.6390e+01   2.9149e+00   1.5430e-02   1.4770e-05   2.4527e+02
20230209_19:00:00   4.9769e-01   1.0872e+02   3.6499e+00   1.3713e-01   5.2540e-04   2.4529e+02
20230209_20:00:00   4.8694e-01   1.0689e+02   3.8097e+00   1.2929e-01   6.0860e-04   2.4535e+02
20230209_21:00:00   5.6817e-01   1.1958e+02   4.0020e+00   1.5933e-01   3.4520e-04   2.4532e+02
20230209_22:00:00   4.3969e-01   9.8875e+01   4.1417e+00   1.0246e-01   9.9440e-04   2.4492e+02
20230209_23:00:00   2.2399e-01   5.7684e+01   4.1406e+00   1.1386e-02   2.7140e-04   2.4593e+02
20230210_00:00:00   1.8088e-01   4.8376e+01   3.7941e+00   1.6330e-03   2.5820e-05   2.4702e+02
20230210_01:00:00   1.8961e-01   5.0303e+01   3.8992e+00   2.0785e-03   1.9632e-05   2.4731e+02
20230210_02:00:00   3.0870e-01   7.4860e+01   4.1938e+00   4.5750e-02   1.1172e-03   2.4843e+02
20230210_03:00:00   5.7472e-01   1.2019e+02   4.4122e+00   1.5388e-01   5.8807e-03   2.4714e+02
20230210_04:00:00   5.4140e-01   1.1531e+02   4.3956e+00   1.3904e-01   1.3279e-02   2.4747e+02
20230210_05:00:00   1.2142e+00   1.9080e+02   4.6340e+00   4.2064e-01   4.3581e-02   2.4571e+02
20230210_06:00:00   1.3601e+00   2.0143e+02   4.7955e+00   4.7994e-01   7.1103e-02   2.4473e+02
20230210_07:00:00   1.0488e+00   1.7669e+02   4.6193e+00   3.4896e-01   5.6297e-02   2.4502e+02
20230210_08:00:00   1.2435e+00   1.9308e+02   4.7857e+00   4.2844e-01   7.6075e-02   2.4491e+02
20230210_09:00:00   1.0397e+00   1.7537e+02   4.9682e+00   3.4003e-01   1.1687e-01   2.4565e+02
20230210_10:00:00   7.0184e-01   1.3777e+02   4.9470e+00   1.9519e-01   1.1389e-01   2.4688e+02
20230210_11:00:00   6.7783e-01   1.3463e+02   4.8492e+00   1.8699e-01   9.3815e-02   2.4701e+02
20230210_12:00:00   5.7094e-01   1.1946e+02   4.6809e+00   1.4590e-01   4.2440e-02   2.4608e+02
20230210_13:00:00   6.2602e-01   1.2752e+02   4.4289e+00   1.7460e-01   2.7226e-02   2.4590e+02
20230210_14:00:00   7.6336e-01   1.4574e+02   4.1968e+00   2.3791e-01   2.2513e-02   2.4534e+02
20230210_15:00:00   8.1129e-01   1.5150e+02   4.1920e+00   2.5960e-01   2.0362e-02   2.4583e+02
20230210_16:00:00   2.2114e-01   5.6911e+01   3.6455e+00   2.0617e-02   2.7897e-04   2.4741e+02
20230210_17:00:00   2.5542e-01   6.4139e+01   3.3013e+00   4.3071e-02   7.2500e-05   2.4942e+02
20230210_18:00:00   6.3887e-01   1.2967e+02   3.2947e+00   2.0585e-01   1.0430e-03   2.5222e+02
20230210_21:00:00   3.5336e-01   8.3562e+01   2.7979e+00   9.4947e-02   6.7339e-05   2.5022e+02
20230211_00:00:00   1.2670e-01   3.5853e+01   2.5393e+00   5.6640e-03   2.1780e-06   2.4728e+02
20230211_03:00:00   1.1791e-01   3.3766e+01   2.6257e+00   0.0000e+00   0.0000e+00   2.4645e+02
20230211_06:00:00   1.2003e-01   3.4175e+01   2.6802e+00   0.0000e+00   0.0000e+00   2.4561e+02
20230211_09:00:00   1.2976e-01   3.6479e+01   2.6171e+00   4.8270e-03   2.0160e-05   2.4455e+02
20230211_12:00:00   1.1140e-01   3.2271e+01   2.3864e+00   7.7230e-04   2.0060e-06   2.4719e+02
20230211_15:00:00   1.0317e-01   3.0369e+01   2.2417e+00   2.8270e-05   0.0000e+00   2.4595e+02
20230211_18:00:00   1.0465e-01   3.0665e+01   2.3293e+00   0.0000e+00   0.0000e+00   2.4794e+02
20230211_21:00:00   1.5699e-01   4.2819e+01   2.8106e+00   1.2373e-02   1.4962e-04   2.4608e+02
20230212_00:00:00   1.1166e-01   3.2236e+01   2.5198e+00   0.0000e+00   0.0000e+00   2.4501e+02
20230212_03:00:00   1.1073e-01   3.2074e+01   2.4764e+00   0.0000e+00   0.0000e+00   2.4403e+02
20230212_06:00:00   1.0578e-01   3.0965e+01   2.3539e+00   0.0000e+00   0.0000e+00   2.4449e+02
20230212_09:00:00   8.4056e-02   2.5824e+01   1.8611e+00   0.0000e+00   0.0000e+00   2.4287e+02
20230212_12:00:00   7.5758e-02   2.3736e+01   1.6938e+00   0.0000e+00   0.0000e+00   2.4489e+02
20230212_15:00:00   7.9952e-02   2.4673e+01   1.8220e+00   0.0000e+00   0.0000e+00   2.4323e+02
20230212_18:00:00   8.9486e-02   2.6964e+01   2.0681e+00   0.0000e+00   0.0000e+00   2.4319e+02
20230212_21:00:00   1.0307e-01   3.0327e+01   2.3567e+00   0.0000e+00   0.0000e+00   2.4528e+02
20230213_00:00:00   8.5914e-02   2.6176e+01   1.9929e+00   0.0000e+00   0.0000e+00   2.4696e+02
20230213_03:00:00   8.0847e-02   2.4881e+01   1.8912e+00   0.0000e+00   0.0000e+00   2.4418e+02
20230213_06:00:00   7.7732e-02   2.4207e+01   1.8056e+00   0.0000e+00   0.0000e+00   2.4153e+02
20230213_09:00:00   7.2708e-02   2.2994e+01   1.6759e+00   0.0000e+00   0.0000e+00   2.3854e+02
20230213_12:00:00   6.3938e-02   2.0920e+01   1.4191e+00   0.0000e+00   0.0000e+00   2.4284e+02
20230213_15:00:00   6.0496e-02   2.0058e+01   1.3245e+00   0.0000e+00   0.0000e+00   2.4672e+02
20230213_18:00:00   5.9744e-02   1.9864e+01   1.3125e+00   0.0000e+00   0.0000e+00   2.4546e+02
20230213_21:00:00   6.0928e-02   2.0223e+01   1.3223e+00   0.0000e+00   0.0000e+00   2.4130e+02
20230214_00:00:00   5.3438e-02   1.8296e+01   1.1454e+00   0.0000e+00   0.0000e+00   2.3804e+02
20230214_03:00:00   5.3191e-02   1.8188e+01   1.1491e+00   0.0000e+00   0.0000e+00   2.3735e+02
20230214_06:00:00   5.1596e-02   1.7798e+01   1.1058e+00   0.0000e+00   8.0360e-04   2.3592e+02
20230214_09:00:00   5.3477e-02   1.8270e+01   1.1495e+00   0.0000e+00   2.1100e-03   2.3640e+02
20230214_12:00:00   5.7171e-02   1.9234e+01   1.2359e+00   0.0000e+00   0.0000e+00   2.3620e+02
20230214_15:00:00   5.3734e-02   1.8412e+01   1.1455e+00   0.0000e+00   0.0000e+00   2.4084e+02
20230214_18:00:00   6.0944e-02   2.0233e+01   1.3211e+00   0.0000e+00   0.0000e+00   2.4323e+02
20230214_21:00:00   8.2170e-02   2.5482e+01   1.8286e+00   0.0000e+00   8.5666e-04   2.3995e+02
20230215_00:00:00   8.8697e-02   2.7148e+01   1.9737e+00   0.0000e+00   3.1543e-04   2.3828e+02
20230215_03:00:00   9.4452e-02   2.8552e+01   2.1209e+00   0.0000e+00   3.6684e-03   2.3895e+02
20230215_06:00:00   9.9109e-02   2.9583e+01   2.2927e+00   0.0000e+00   3.3200e-03   2.3989e+02
20230215_09:00:00   9.8752e-02   2.9556e+01   2.2569e+00   0.0000e+00   3.8300e-04   2.4115e+02
20230215_12:00:00   1.0212e-01   3.0471e+01   2.3104e+00   0.0000e+00   0.0000e+00   2.3972e+02
20230215_15:00:00   9.6218e-02   2.9086e+01   2.1991e+00   0.0000e+00   4.3580e-05   2.3785e+02
20230215_18:00:00   9.6975e-02   2.9250e+01   2.2036e+00   0.0000e+00   0.0000e+00   2.3887e+02
20230215_21:00:00   9.5836e-02   2.8998e+01   2.1208e+00   0.0000e+00   1.4980e-03   2.3985e+02
20230216_00:00:00   8.1009e-02   2.5322e+01   1.8042e+00   0.0000e+00   5.0060e-06   2.3986e+02
20230216_03:00:00   8.2078e-02   2.5537e+01   1.8437e+00   0.0000e+00   1.1318e-03   2.3950e+02
20230216_06:00:00   7.4705e-02   2.3687e+01   1.6732e+00   0.0000e+00   9.8490e-04   2.3819e+02
20230216_09:00:00   6.6765e-02   2.1730e+01   1.4679e+00   0.0000e+00   0.0000e+00   2.3810e+02
20230216_12:00:00   6.1436e-02   2.0407e+01   1.3269e+00   0.0000e+00   0.0000e+00   2.3781e+02
20230216_15:00:00   6.0668e-02   2.0183e+01   1.3094e+00   0.0000e+00   0.0000e+00   2.4283e+02
20230216_18:00:00   6.0991e-02   2.0314e+01   1.3027e+00   0.0000e+00   0.0000e+00   2.4159e+02
20230216_21:00:00   1.0322e-01   3.0845e+01   2.2099e+00   0.0000e+00   0.0000e+00   2.4287e+02
20230217_00:00:00   7.4567e-02   2.3820e+01   1.5852e+00   0.0000e+00   0.0000e+00   2.4316e+02
20230217_03:00:00   6.3186e-02   2.0946e+01   1.3123e+00   0.0000e+00   0.0000e+00   2.4315e+02
20230217_06:00:00   4.6603e-02   1.6689e+01   9.0643e-01   0.0000e+00   0.0000e+00   2.4202e+02
20230217_09:00:00   4.7243e-02   1.6867e+01   9.1478e-01   0.0000e+00   1.9158e-04   2.4019e+02
20230217_12:00:00   3.5912e-02   1.3832e+01   6.5142e-01   0.0000e+00   5.6400e-04   2.4026e+02
20230217_15:00:00   4.3853e-02   1.5940e+01   8.3773e-01   0.0000e+00   2.0700e-05   2.4187e+02
20230217_18:00:00   7.1222e-02   2.2995e+01   1.4464e+00   0.0000e+00   0.0000e+00   2.4063e+02
20230217_21:00:00   1.8473e-01   4.9756e+01   3.0711e+00   1.3734e-02   2.4833e-03   2.4445e+02
20230218_00:00:00   1.4122e-01   3.9934e+01   2.8544e+00   0.0000e+00   0.0000e+00   2.4358e+02
20230218_03:00:00   1.2623e-01   3.6345e+01   2.5279e+00   0.0000e+00   0.0000e+00   2.4585e+02
20230218_06:00:00   6.1857e-02   2.0479e+01   1.2798e+00   2.4130e-05   8.8350e-08   2.4663e+02
20230218_09:00:00   7.0925e-02   2.2847e+01   1.4645e+00   0.0000e+00   0.0000e+00   2.4788e+02
20230218_12:00:00   1.8286e-01   4.8762e+01   3.9840e+00   0.0000e+00   0.0000e+00   2.4658e+02
20230218_15:00:00   2.5784e-01   6.4254e+01   5.6879e+00   4.7720e-07   0.0000e+00   2.4637e+02
20230218_18:00:00   3.5279e-01   8.2911e+01   5.9277e+00   3.2453e-02   2.1374e-04   2.5141e+02
20230218_21:00:00   5.2886e-01   1.1332e+02   5.3467e+00   1.1574e-01   1.0785e-03   2.5092e+02
20230219_00:00:00   3.0865e-01   7.4786e+01   4.9072e+00   3.1800e-02   1.0903e-03   2.4961e+02
20230219_03:00:00   2.0935e-01   5.4377e+01   4.5150e+00   0.0000e+00   5.1400e-05   2.5468e+02
20230219_06:00:00   1.8948e-01   4.9856e+01   4.2489e+00   0.0000e+00   0.0000e+00   2.5457e+02
20230219_09:00:00   1.8361e-01   4.8565e+01   4.1474e+00   0.0000e+00   0.0000e+00   2.5185e+02
20230219_12:00:00   2.1072e-01   5.4417e+01   4.7028e+00   0.0000e+00   0.0000e+00   2.4998e+02
20230219_15:00:00   3.4656e-01   8.1673e+01   5.7581e+00   3.3213e-02   1.2525e-04   2.5185e+02
20230219_18:00:00   3.8994e-01   8.9518e+01   6.7102e+00   2.9935e-02   1.0606e-03   2.5183e+02
20230219_21:00:00   7.7138e-01   1.4635e+02   7.4797e+00   1.7788e-01   2.5081e-02   2.4833e+02
20230220_00:00:00   3.6788e-01   8.5116e+01   7.6249e+00   4.3930e-03   3.6651e-03   2.4790e+02
20230220_03:00:00   3.5984e-01   8.3781e+01   7.4302e+00   5.2931e-03   2.6423e-04   2.4892e+02
20230220_06:00:00   3.8958e-01   8.9454e+01   6.6368e+00   3.3430e-02   1.7865e-04   2.4937e+02
20230220_09:00:00   3.1845e-01   7.6064e+01   6.8915e+00   2.6310e-04   7.5340e-05   2.4791e+02
20230220_12:00:00   3.1054e-01   7.4565e+01   6.7504e+00   0.0000e+00   0.0000e+00   2.4647e+02
20230220_15:00:00   2.7532e-01   6.7758e+01   6.0001e+00   0.0000e+00   0.0000e+00   2.4763e+02
20230220_18:00:00   3.3046e-01   7.8463e+01   6.1081e+00   2.2930e-02   8.1963e-05   2.4795e+02
20230220_21:00:00   4.4364e-01   9.8708e+01   6.7845e+00   5.7220e-02   4.9283e-03   2.4620e+02
20230221_00:00:00   4.5180e-01   9.9970e+01   6.9135e+00   5.6488e-02   2.6953e-03   2.4613e+02
20230221_03:00:00   3.1351e-01   7.4971e+01   6.5971e+00   4.0109e-03   2.0383e-04   2.4766e+02
20230221_06:00:00   2.5341e-01   6.3128e+01   5.5989e+00   1.4760e-04   2.3200e-05   2.4674e+02
20230221_09:00:00   3.4345e-01   8.1097e+01   4.9698e+00   4.9530e-02   3.5790e-04   2.4923e+02
20230221_12:00:00   2.3803e-01   6.0223e+01   5.0934e+00   0.0000e+00   8.5480e-06   2.4666e+02
20230221_15:00:00   2.2836e-01   5.8339e+01   4.9119e+00   0.0000e+00   0.0000e+00   2.4790e+02
20230221_18:00:00   3.8387e-01   8.8661e+01   6.0184e+00   4.2530e-02   4.6535e-04   2.5001e+02
