#            date       tau255        Tb[K]      pwv[mm] lwp[kg*m^-2] iwp[kg*m^-2]       o3[DU]
20251113_12:00:00   2.0604e-01   5.3721e+01   4.7237e+00   0.0000e+00   6.7620e-07   2.5033e+02
20251113_13:00:00   1.9077e-01   5.0375e+01   4.4534e+00   0.0000e+00   3.5460e-05   2.4938e+02
20251113_14:00:00   1.8271e-01   4.8542e+01   4.3202e+00   0.0000e+00   8.1761e-04   2.4935e+02
20251113_15:00:00   1.7718e-01   4.7280e+01   4.2208e+00   0.0000e+00   1.3937e-03   2.4951e+02
20251113_16:00:00   1.7246e-01   4.6214e+01   4.1283e+00   0.0000e+00   2.4921e-03   2.5037e+02
20251113_17:00:00   1.7167e-01   4.6015e+01   4.1167e+00   0.0000e+00   3.2801e-03   2.4887e+02
20251113_18:00:00   1.7386e-01   4.6496e+01   4.1658e+00   0.0000e+00   3.6014e-03   2.4822e+02
20251113_19:00:00   1.7454e-01   4.6678e+01   4.1727e+00   0.0000e+00   4.6240e-05   2.4756e+02
20251113_20:00:00   1.7521e-01   4.6866e+01   4.1796e+00   0.0000e+00   5.8740e-06   2.4643e+02
20251113_21:00:00   1.7213e-01   4.6224e+01   4.1113e+00   0.0000e+00   1.6323e-04   2.4400e+02
20251113_22:00:00   1.6929e-01   4.5634e+01   4.0491e+00   0.0000e+00   1.2494e-03   2.4235e+02
20251113_23:00:00   1.6301e-01   4.4238e+01   3.9238e+00   0.0000e+00   3.4473e-04   2.4191e+02
20251114_00:00:00   1.5552e-01   4.2545e+01   3.7596e+00   0.0000e+00   1.8946e-05   2.4243e+02
20251114_01:00:00   1.5152e-01   4.1624e+01   3.6674e+00   0.0000e+00   4.8228e-05   2.4293e+02
20251114_02:00:00   1.4749e-01   4.0679e+01   3.5824e+00   0.0000e+00   1.5287e-04   2.4555e+02
20251114_03:00:00   1.4324e-01   3.9697e+01   3.4907e+00   0.0000e+00   2.0364e-04   2.4700e+02
20251114_04:00:00   1.3982e-01   3.8900e+01   3.4143e+00   0.0000e+00   1.4996e-04   2.4836e+02
20251114_05:00:00   1.3684e-01   3.8203e+01   3.3440e+00   0.0000e+00   4.3907e-05   2.4821e+02
20251114_06:00:00   1.3484e-01   3.7732e+01   3.2922e+00   0.0000e+00   5.8220e-05   2.4776e+02
20251114_07:00:00   1.3203e-01   3.7080e+01   3.2229e+00   0.0000e+00   6.9822e-04   2.4921e+02
20251114_08:00:00   1.3169e-01   3.6995e+01   3.2078e+00   0.0000e+00   1.9333e-04   2.5034e+02
20251114_09:00:00   1.2962e-01   3.6504e+01   3.1641e+00   0.0000e+00   1.5142e-03   2.5045e+02
20251114_10:00:00   1.2773e-01   3.6065e+01   3.1196e+00   0.0000e+00   1.2981e-03   2.5107e+02
20251114_11:00:00   1.2629e-01   3.5737e+01   3.0837e+00   0.0000e+00   1.6173e-03   2.5049e+02
20251114_12:00:00   1.2567e-01   3.5613e+01   3.0637e+00   0.0000e+00   7.9560e-04   2.4930e+02
20251114_13:00:00   1.2530e-01   3.5530e+01   3.0523e+00   0.0000e+00   1.6348e-03   2.4948e+02
20251114_14:00:00   1.2499e-01   3.5463e+01   3.0480e+00   0.0000e+00   1.0128e-03   2.4860e+02
20251114_15:00:00   1.2597e-01   3.5682e+01   3.0806e+00   0.0000e+00   2.2466e-03   2.4525e+02
20251114_16:00:00   1.2696e-01   3.5920e+01   3.1031e+00   0.0000e+00   5.2467e-04   2.4703e+02
20251114_17:00:00   1.2659e-01   3.5828e+01   3.1005e+00   0.0000e+00   7.1442e-04   2.4871e+02
20251114_18:00:00   1.2785e-01   3.6136e+01   3.1264e+00   0.0000e+00   1.7086e-04   2.4800e+02
20251114_19:00:00   1.2791e-01   3.6138e+01   3.1326e+00   0.0000e+00   2.6919e-04   2.4757e+02
20251114_20:00:00   1.2965e-01   3.6569e+01   3.1677e+00   0.0000e+00   7.7672e-04   2.4632e+02
20251114_21:00:00   1.3158e-01   3.7035e+01   3.2055e+00   0.0000e+00   4.0001e-04   2.4640e+02
20251114_22:00:00   1.3021e-01   3.6718e+01   3.1744e+00   0.0000e+00   1.8992e-03   2.4729e+02
20251114_23:00:00   1.2616e-01   3.5766e+01   3.0811e+00   0.0000e+00   3.5305e-04   2.4699e+02
20251115_00:00:00   1.2208e-01   3.4770e+01   2.9982e+00   0.0000e+00   8.5372e-04   2.4645e+02
20251115_01:00:00   1.1700e-01   3.3514e+01   2.8909e+00   0.0000e+00   1.4022e-03   2.4692e+02
20251115_02:00:00   1.1154e-01   3.2223e+01   2.7591e+00   0.0000e+00   4.7734e-03   2.4626e+02
20251115_03:00:00   1.0973e-01   3.1767e+01   2.7189e+00   0.0000e+00   7.6615e-03   2.4537e+02
20251115_04:00:00   1.0758e-01   3.1222e+01   2.6663e+00   0.0000e+00   1.5673e-02   2.4610e+02
20251115_05:00:00   1.0184e-01   2.9836e+01   2.5331e+00   0.0000e+00   7.1677e-03   2.4664e+02
20251115_06:00:00   9.7777e-02   2.8894e+01   2.4247e+00   0.0000e+00   7.2504e-03   2.4628e+02
20251115_07:00:00   9.3702e-02   2.7946e+01   2.3104e+00   0.0000e+00   3.6212e-03   2.4643e+02
20251115_08:00:00   8.8821e-02   2.6788e+01   2.1766e+00   0.0000e+00   2.3356e-03   2.4621e+02
20251115_09:00:00   8.6056e-02   2.6112e+01   2.1053e+00   0.0000e+00   2.2961e-03   2.4748e+02
20251115_10:00:00   8.5366e-02   2.5939e+01   2.0911e+00   0.0000e+00   4.6642e-03   2.4744e+02
20251115_11:00:00   8.3967e-02   2.5586e+01   2.0559e+00   0.0000e+00   9.2540e-03   2.4764e+02
20251115_12:00:00   8.2495e-02   2.5242e+01   2.0101e+00   0.0000e+00   8.7420e-03   2.4496e+02
20251115_13:00:00   8.1255e-02   2.4934e+01   1.9793e+00   0.0000e+00   8.8840e-03   2.4514e+02
20251115_14:00:00   7.9172e-02   2.4457e+01   1.9198e+00   0.0000e+00   1.0138e-03   2.4713e+02
20251115_15:00:00   7.8409e-02   2.4289e+01   1.8911e+00   0.0000e+00   3.2053e-03   2.4974e+02
20251115_16:00:00   7.8125e-02   2.4227e+01   1.8827e+00   0.0000e+00   4.1781e-03   2.5154e+02
20251115_17:00:00   7.7461e-02   2.4074e+01   1.8637e+00   0.0000e+00   2.4440e-03   2.5232e+02
20251115_18:00:00   8.2514e-02   2.5296e+01   1.9990e+00   0.0000e+00   9.5484e-04   2.5245e+02
20251115_19:00:00   8.8358e-02   2.6689e+01   2.1522e+00   0.0000e+00   2.3341e-03   2.5213e+02
20251115_20:00:00   1.0065e-01   2.9683e+01   2.4472e+00   0.0000e+00   2.2811e-03   2.5108e+02
20251115_21:00:00   1.1226e-01   3.2352e+01   2.7542e+00   0.0000e+00   6.3134e-03   2.4953e+02
20251115_22:00:00   1.1774e-01   3.3604e+01   2.9046e+00   0.0000e+00   7.8122e-03   2.4823e+02
20251115_23:00:00   1.1160e-01   3.2303e+01   2.7234e+00   0.0000e+00   1.8644e-03   2.4676e+02
20251116_00:00:00   1.0005e-01   2.9630e+01   2.4215e+00   0.0000e+00   1.0368e-03   2.4534e+02
20251116_01:00:00   9.5650e-02   2.8626e+01   2.2927e+00   0.0000e+00   2.0793e-04   2.4537e+02
20251116_02:00:00   9.5269e-02   2.8534e+01   2.2781e+00   0.0000e+00   4.9924e-04   2.4479e+02
20251116_03:00:00   9.0787e-02   2.7422e+01   2.1747e+00   0.0000e+00   1.9400e-04   2.4367e+02
20251116_04:00:00   9.0298e-02   2.7306e+01   2.1544e+00   0.0000e+00   1.5398e-04   2.4227e+02
20251116_05:00:00   8.8931e-02   2.6963e+01   2.1205e+00   0.0000e+00   3.6380e-05   2.4248e+02
20251116_06:00:00   8.7756e-02   2.6680e+01   2.0878e+00   0.0000e+00   5.8680e-05   2.4464e+02
20251116_07:00:00   8.7172e-02   2.6494e+01   2.0857e+00   0.0000e+00   2.8920e-05   2.4696e+02
20251116_08:00:00   8.6293e-02   2.6260e+01   2.0686e+00   0.0000e+00   7.7580e-05   2.4811e+02
20251116_09:00:00   8.5055e-02   2.5967e+01   2.0336e+00   0.0000e+00   1.4246e-05   2.4815e+02
20251116_10:00:00   8.1499e-02   2.5106e+01   1.9413e+00   0.0000e+00   1.6798e-05   2.4805e+02
20251116_11:00:00   8.0396e-02   2.4842e+01   1.9154e+00   0.0000e+00   2.7526e-04   2.4682e+02
20251116_12:00:00   7.8988e-02   2.4519e+01   1.8750e+00   0.0000e+00   2.3602e-04   2.4645e+02
20251116_13:00:00   7.8053e-02   2.4297e+01   1.8471e+00   0.0000e+00   1.7071e-04   2.4665e+02
20251116_14:00:00   7.7849e-02   2.4259e+01   1.8371e+00   0.0000e+00   1.7558e-05   2.4812e+02
20251116_15:00:00   7.7207e-02   2.4113e+01   1.8183e+00   0.0000e+00   2.9940e-05   2.4860e+02
20251116_16:00:00   7.7231e-02   2.4108e+01   1.8256e+00   0.0000e+00   2.5100e-04   2.4791e+02
20251116_17:00:00   8.4275e-02   2.5842e+01   1.9968e+00   0.0000e+00   3.1240e-04   2.4684e+02
20251116_18:00:00   8.9551e-02   2.7126e+01   2.1267e+00   0.0000e+00   1.1256e-04   2.4713e+02
20251116_19:00:00   1.1847e-01   3.4146e+01   2.7545e+00   0.0000e+00   1.8764e-03   2.4760e+02
20251116_20:00:00   1.3680e-01   3.8485e+01   3.1303e+00   0.0000e+00   3.5563e-03   2.4778e+02
20251116_21:00:00   1.3752e-01   3.8638e+01   3.1591e+00   0.0000e+00   4.3868e-03   2.4674e+02
20251116_22:00:00   1.4357e-01   4.0031e+01   3.2875e+00   0.0000e+00   7.4719e-03   2.4635e+02
20251116_23:00:00   1.4480e-01   4.0329e+01   3.3248e+00   0.0000e+00   6.1223e-03   2.4469e+02
20251117_00:00:00   1.3599e-01   3.8310e+01   3.1400e+00   0.0000e+00   5.6793e-03   2.4532e+02
20251117_01:00:00   1.3480e-01   3.8086e+01   3.0967e+00   0.0000e+00   2.9870e-04   2.4578e+02
20251117_02:00:00   1.2910e-01   3.6744e+01   2.9788e+00   0.0000e+00   9.1360e-05   2.4720e+02
20251117_03:00:00   1.1894e-01   3.4317e+01   2.7670e+00   0.0000e+00   3.5473e-04   2.4827e+02
20251117_04:00:00   1.1176e-01   3.2595e+01   2.6089e+00   0.0000e+00   1.5279e-03   2.4726e+02
20251117_05:00:00   1.0749e-01   3.1553e+01   2.5137e+00   0.0000e+00   1.4234e-03   2.4658e+02
20251117_06:00:00   1.0718e-01   3.1454e+01   2.5137e+00   0.0000e+00   1.3678e-03   2.4663e+02
20251117_07:00:00   1.0919e-01   3.1881e+01   2.5813e+00   0.0000e+00   2.0415e-04   2.4701e+02
20251117_08:00:00   1.1071e-01   3.2181e+01   2.6390e+00   0.0000e+00   9.5441e-05   2.4712e+02
20251117_09:00:00   1.1248e-01   3.2564e+01   2.6951e+00   0.0000e+00   2.7805e-04   2.4718e+02
20251117_10:00:00   1.0971e-01   3.1888e+01   2.6363e+00   0.0000e+00   7.1296e-05   2.4718e+02
20251117_11:00:00   1.0858e-01   3.1564e+01   2.6257e+00   0.0000e+00   8.0516e-04   2.4610e+02
20251117_12:00:00   1.0974e-01   3.1772e+01   2.6725e+00   0.0000e+00   1.1566e-04   2.4622e+02
20251117_13:00:00   1.0727e-01   3.1201e+01   2.6113e+00   0.0000e+00   6.8922e-05   2.4741e+02
20251117_14:00:00   1.0553e-01   3.0771e+01   2.5747e+00   0.0000e+00   2.2060e-03   2.4829e+02
20251117_15:00:00   1.0604e-01   3.0870e+01   2.6008e+00   0.0000e+00   3.7759e-03   2.4882e+02
20251117_16:00:00   1.0729e-01   3.1148e+01   2.6434e+00   0.0000e+00   2.1967e-03   2.4806e+02
20251117_17:00:00   1.1103e-01   3.2018e+01   2.7418e+00   0.0000e+00   1.1468e-03   2.4594e+02
20251117_18:00:00   1.2307e-01   3.4830e+01   3.0266e+00   0.0000e+00   2.0482e-03   2.4669e+02
20251117_19:00:00   1.4145e-01   3.9123e+01   3.4280e+00   0.0000e+00   7.3131e-04   2.4639e+02
20251117_20:00:00   1.7534e-01   4.6803e+01   4.1385e+00   0.0000e+00   9.6651e-06   2.4762e+02
20251117_21:00:00   1.9889e-01   5.1968e+01   4.6255e+00   0.0000e+00   3.3308e-05   2.4610e+02
20251117_22:00:00   2.2138e-01   5.6811e+01   5.0704e+00   0.0000e+00   9.9771e-05   2.4639e+02
20251117_23:00:00   2.3347e-01   5.9379e+01   5.3519e+00   0.0000e+00   1.0858e-03   2.4569e+02
20251118_00:00:00   2.2137e-01   5.6873e+01   5.1170e+00   0.0000e+00   3.7290e-03   2.4502e+02
20251118_01:00:00   2.0356e-01   5.3042e+01   4.7642e+00   0.0000e+00   2.5363e-02   2.4597e+02
20251118_02:00:00   2.0135e-01   5.2549e+01   4.7238e+00   0.0000e+00   1.1071e-02   2.4590e+02
20251118_03:00:00   1.9844e-01   5.1894e+01   4.6594e+00   0.0000e+00   1.3338e-02   2.4806e+02
20251118_04:00:00   1.8318e-01   4.8491e+01   4.3630e+00   0.0000e+00   1.7899e-02   2.4796e+02
20251118_05:00:00   1.7849e-01   4.7416e+01   4.2819e+00   0.0000e+00   6.3390e-03   2.4859e+02
20251118_06:00:00   1.7184e-01   4.5920e+01   4.1515e+00   0.0000e+00   8.7102e-03   2.4900e+02
20251118_07:00:00   1.6992e-01   4.5518e+01   4.1039e+00   0.0000e+00   7.9080e-03   2.4997e+02
20251118_08:00:00   1.6214e-01   4.3810e+01   3.9249e+00   0.0000e+00   2.4638e-03   2.5001e+02
20251118_09:00:00   1.5554e-01   4.2368e+01   3.7673e+00   0.0000e+00   3.3560e-05   2.4944e+02
20251118_10:00:00   1.5019e-01   4.1150e+01   3.6501e+00   0.0000e+00   1.1272e-04   2.4910e+02
20251118_11:00:00   1.4428e-01   3.9856e+01   3.4941e+00   0.0000e+00   0.0000e+00   2.4842e+02
20251118_12:00:00   1.4189e-01   3.9266e+01   3.4506e+00   0.0000e+00   7.1960e-07   2.4899e+02
20251118_15:00:00   1.4328e-01   3.9499e+01   3.5273e+00   0.0000e+00   2.6418e-03   2.4890e+02
20251118_18:00:00   1.6434e-01   4.4268e+01   3.9826e+00   0.0000e+00   2.9280e-04   2.4689e+02
20251118_21:00:00   4.5515e-01   1.0213e+02   4.8623e+00   9.8680e-02   1.2231e-04   2.4432e+02
20251119_00:00:00   1.9715e-01   5.2120e+01   4.4901e+00   0.0000e+00   3.1880e-05   2.4344e+02
20251119_03:00:00   1.7980e-01   4.7933e+01   4.2902e+00   0.0000e+00   6.8211e-05   2.4594e+02
20251119_06:00:00   1.6844e-01   4.5464e+01   4.0240e+00   0.0000e+00   0.0000e+00   2.4299e+02
20251119_09:00:00   1.5442e-01   4.2465e+01   3.6302e+00   0.0000e+00   0.0000e+00   2.4506e+02
20251119_12:00:00   1.4346e-01   4.0115e+01   3.3374e+00   0.0000e+00   0.0000e+00   2.4739e+02
20251119_15:00:00   1.4444e-01   4.0480e+01   3.3100e+00   0.0000e+00   0.0000e+00   2.4704e+02
20251119_18:00:00   1.5723e-01   4.3501e+01   3.5492e+00   0.0000e+00   0.0000e+00   2.4393e+02
20251119_21:00:00   1.6161e-01   4.4532e+01   3.5923e+00   9.8870e-06   0.0000e+00   2.4362e+02
20251120_00:00:00   1.3452e-01   3.8247e+01   3.0649e+00   0.0000e+00   0.0000e+00   2.4411e+02
20251120_03:00:00   1.2674e-01   3.6210e+01   2.9633e+00   0.0000e+00   0.0000e+00   2.4565e+02
20251120_06:00:00   1.3351e-01   3.7810e+01   3.1139e+00   0.0000e+00   0.0000e+00   2.4704e+02
20251120_09:00:00   1.1237e-01   3.2898e+01   2.5807e+00   0.0000e+00   0.0000e+00   2.4450e+02
20251120_12:00:00   9.3660e-02   2.8435e+01   2.1205e+00   0.0000e+00   0.0000e+00   2.4333e+02
20251120_15:00:00   8.8168e-02   2.7064e+01   1.9981e+00   0.0000e+00   0.0000e+00   2.4657e+02
20251120_18:00:00   9.6598e-02   2.9125e+01   2.1965e+00   0.0000e+00   0.0000e+00   2.4616e+02
20251120_21:00:00   2.1114e-01   5.5779e+01   2.7683e+00   3.5070e-02   0.0000e+00   2.4718e+02
20251121_00:00:00   7.9574e-02   2.4963e+01   1.7998e+00   0.0000e+00   0.0000e+00   2.4758e+02
20251121_03:00:00   7.6119e-02   2.4023e+01   1.7352e+00   0.0000e+00   0.0000e+00   2.4740e+02
20251121_06:00:00   7.7478e-02   2.4328e+01   1.7728e+00   0.0000e+00   0.0000e+00   2.4747e+02
20251121_09:00:00   8.3668e-02   2.5863e+01   1.9106e+00   0.0000e+00   0.0000e+00   2.4730e+02
20251121_12:00:00   9.2129e-02   2.7947e+01   2.1101e+00   0.0000e+00   0.0000e+00   2.4897e+02
20251121_15:00:00   9.5242e-02   2.8781e+01   2.1456e+00   0.0000e+00   0.0000e+00   2.5135e+02
20251121_18:00:00   1.2603e-01   3.6148e+01   2.8029e+00   0.0000e+00   0.0000e+00   2.4815e+02
20251121_21:00:00   1.8578e-01   4.9794e+01   4.0174e+00   7.8530e-05   7.1240e-05   2.4655e+02
20251122_00:00:00   1.7251e-01   4.6893e+01   3.6191e+00   2.8935e-03   4.2740e-05   2.4768e+02
20251122_03:00:00   1.3156e-01   3.7348e+01   2.9952e+00   0.0000e+00   1.2436e-04   2.4729e+02
20251122_06:00:00   1.2698e-01   3.6163e+01   2.9315e+00   0.0000e+00   0.0000e+00   2.4485e+02
20251122_09:00:00   1.2001e-01   3.4551e+01   2.7536e+00   0.0000e+00   0.0000e+00   2.4465e+02
20251122_12:00:00   1.2070e-01   3.4718e+01   2.7673e+00   0.0000e+00   0.0000e+00   2.4392e+02
20251122_15:00:00   1.1616e-01   3.3559e+01   2.6864e+00   0.0000e+00   0.0000e+00   2.4398e+02
20251122_18:00:00   1.1861e-01   3.4052e+01   2.7474e+00   0.0000e+00   2.4561e-04   2.4478e+02
20251122_21:00:00   2.1479e-01   5.5642e+01   4.3797e+00   9.2670e-03   2.5718e-03   2.4540e+02
20251123_00:00:00   2.5155e-01   6.2978e+01   5.6366e+00   7.2240e-04   2.0611e-03   2.4294e+02
20251123_03:00:00   2.1812e-01   5.5779e+01   5.1064e+00   0.0000e+00   5.2463e-02   2.4270e+02
20251123_06:00:00   2.0768e-01   5.3675e+01   4.8110e+00   0.0000e+00   3.0322e-03   2.4089e+02
20251123_09:00:00   1.7074e-01   4.5796e+01   3.9446e+00   0.0000e+00   8.5305e-06   2.4429e+02
20251123_12:00:00   1.5419e-01   4.1915e+01   3.6242e+00   0.0000e+00   9.9723e-05   2.4454e+02
20251123_15:00:00   1.4576e-01   3.9963e+01   3.4625e+00   0.0000e+00   1.1313e-04   2.4593e+02
20251123_18:00:00   2.0313e-01   5.2704e+01   4.6866e+00   0.0000e+00   3.6320e-04   2.4547e+02
20251123_21:00:00   3.3189e-01   7.8897e+01   6.5627e+00   1.2585e-02   4.0757e-03   2.4383e+02
20251124_00:00:00   5.8495e-01   1.2172e+02   7.3033e+00   9.8535e-02   8.5685e-02   2.4474e+02
20251124_03:00:00   3.6402e-01   8.4124e+01   7.8780e+00   7.6937e-04   1.2997e-02   2.4719e+02
20251124_06:00:00   3.8686e-01   8.8030e+01   8.1891e+00   0.0000e+00   2.7910e-01   2.4714e+02
20251124_09:00:00   3.4192e-01   8.0025e+01   7.4421e+00   0.0000e+00   3.6641e-02   2.4639e+02
20251124_12:00:00   3.2127e-01   7.6321e+01   6.9905e+00   0.0000e+00   1.5720e-04   2.4916e+02
20251124_15:00:00   2.7693e-01   6.7789e+01   6.1588e+00   0.0000e+00   2.9898e-05   2.4894e+02
20251124_18:00:00   2.8930e-01   7.0316e+01   6.3480e+00   0.0000e+00   1.5455e-03   2.4792e+02
20251124_21:00:00   3.7764e-01   8.7370e+01   6.5349e+00   3.1564e-02   1.7693e-03   2.4750e+02
20251125_00:00:00   4.0813e-01   9.2370e+01   7.3838e+00   2.9333e-02   2.4526e-02   2.4600e+02
20251125_03:00:00   3.4345e-01   8.0389e+01   7.4358e+00   1.0393e-03   4.4503e-02   2.4436e+02
20251125_06:00:00   3.2808e-01   7.7344e+01   7.2024e+00   0.0000e+00   1.0859e-01   2.4632e+02
20251125_09:00:00   3.0516e-01   7.3020e+01   6.7870e+00   0.0000e+00   5.1952e-02   2.4901e+02
20251125_12:00:00   2.9199e-01   7.0502e+01   6.5798e+00   0.0000e+00   4.6147e-03   2.4934e+02
20251125_15:00:00   2.8274e-01   6.8757e+01   6.3869e+00   0.0000e+00   1.4244e-03   2.4901e+02
20251125_18:00:00   2.9621e-01   7.1516e+01   6.5215e+00   1.1370e-03   1.3107e-03   2.4895e+02
20251125_21:00:00   3.0068e-01   7.2637e+01   6.4581e+00   2.8866e-03   3.2364e-05   2.4721e+02
20251126_00:00:00   3.6612e-01   8.4647e+01   7.8019e+00   3.4060e-03   3.5747e-03   2.4783e+02
20251126_03:00:00   3.6045e-01   8.3348e+01   7.4913e+00   9.3800e-03   1.8647e-02   2.4874e+02
20251126_06:00:00   4.1508e-01   9.2817e+01   8.6084e+00   6.4590e-04   4.9842e-01   2.4907e+02
20251126_09:00:00   3.4599e-01   8.0848e+01   7.4734e+00   3.5520e-05   1.0636e-02   2.4862e+02
20251126_12:00:00   3.2116e-01   7.6310e+01   6.9342e+00   0.0000e+00   4.1417e-05   2.5110e+02
20251126_15:00:00   2.9135e-01   7.0772e+01   6.2748e+00   0.0000e+00   7.6650e-05   2.5284e+02
20251126_18:00:00   2.8649e-01   6.9759e+01   6.0029e+00   6.8860e-03   5.9638e-04   2.5163e+02
20251126_21:00:00   2.9447e-01   7.0894e+01   6.6167e+00   1.0560e-05   1.0361e-03   2.5085e+02
20251127_00:00:00   2.8581e-01   6.9279e+01   6.4110e+00   4.4540e-07   2.2900e-04   2.5209e+02
20251127_03:00:00   2.5466e-01   6.3013e+01   5.8541e+00   0.0000e+00   8.8516e-03   2.5204e+02
20251127_06:00:00   2.8979e-01   6.9899e+01   6.5898e+00   0.0000e+00   2.4763e-02   2.5073e+02
20251127_09:00:00   3.3157e-01   7.7998e+01   7.3320e+00   0.0000e+00   3.5031e-02   2.4965e+02
20251127_12:00:00   2.8315e-01   6.8662e+01   6.4156e+00   0.0000e+00   9.6674e-03   2.5211e+02
20251127_15:00:00   2.6762e-01   6.5514e+01   6.0979e+00   0.0000e+00   8.4617e-03   2.5389e+02
20251127_18:00:00   2.5158e-01   6.2315e+01   5.7533e+00   2.6300e-06   6.1921e-03   2.5312e+02
20251127_21:00:00   2.5930e-01   6.3801e+01   5.8808e+00   9.9880e-04   3.6411e-03   2.5070e+02
20251128_00:00:00   2.5172e-01   6.2086e+01   5.8063e+00   0.0000e+00   2.9756e-02   2.5044e+02
20251128_03:00:00   2.7496e-01   6.6756e+01   6.2715e+00   0.0000e+00   1.7422e-02   2.5143e+02
20251128_06:00:00   3.0346e-01   7.2300e+01   6.7901e+00   0.0000e+00   1.4066e-02   2.5269e+02
20251128_09:00:00   3.2622e-01   7.6657e+01   7.1813e+00   0.0000e+00   1.2180e-02   2.4851e+02
20251128_12:00:00   3.1859e-01   7.5394e+01   6.9768e+00   0.0000e+00   1.1061e-02   2.4967e+02
20251128_15:00:00   3.0640e-01   7.3181e+01   6.7490e+00   0.0000e+00   1.0975e-03   2.5106e+02
20251128_18:00:00   2.9378e-01   7.0846e+01   6.4832e+00   0.0000e+00   1.9748e-04   2.5108e+02
20251128_21:00:00   3.5403e-01   8.2458e+01   6.7627e+00   1.9404e-02   3.5481e-04   2.4944e+02
20251129_00:00:00   3.0467e-01   7.3075e+01   6.6395e+00   8.1460e-04   3.9997e-04   2.4982e+02
20251129_03:00:00   3.0855e-01   7.3745e+01   6.7481e+00   9.8541e-04   2.0059e-03   2.5052e+02
20251129_06:00:00   2.8811e-01   6.9767e+01   6.3727e+00   0.0000e+00   8.0320e-05   2.5028e+02
20251129_09:00:00   2.6670e-01   6.5598e+01   5.9339e+00   0.0000e+00   2.6501e-04   2.4926e+02
20251129_12:00:00   2.7231e-01   6.6706e+01   6.0842e+00   0.0000e+00   2.8124e-04   2.4939e+02
