#            date       tau255        Tb[K]      pwv[mm] lwp[kg*m^-2] iwp[kg*m^-2]       o3[DU]
20260307_06:00:00   1.7281e-01   4.6717e+01   2.8779e+00   1.4169e-02   6.1060e-05   2.6230e+02
20260307_07:00:00   1.3366e-01   3.7830e+01   2.6548e+00   2.3834e-03   1.0021e-05   2.6377e+02
20260307_08:00:00   1.0180e-01   3.0350e+01   2.1251e+00   0.0000e+00   0.0000e+00   2.6601e+02
20260307_09:00:00   9.7155e-02   2.9214e+01   2.0258e+00   0.0000e+00   0.0000e+00   2.6511e+02
20260307_10:00:00   8.7717e-02   2.6909e+01   1.8319e+00   0.0000e+00   0.0000e+00   2.6313e+02
20260307_11:00:00   7.6790e-02   2.4201e+01   1.6076e+00   0.0000e+00   0.0000e+00   2.6344e+02
20260307_12:00:00   7.0765e-02   2.2697e+01   1.4786e+00   0.0000e+00   0.0000e+00   2.6227e+02
20260307_13:00:00   6.8074e-02   2.2014e+01   1.4260e+00   0.0000e+00   0.0000e+00   2.6358e+02
20260307_14:00:00   6.4464e-02   2.1096e+01   1.3557e+00   0.0000e+00   0.0000e+00   2.6526e+02
20260307_15:00:00   6.8604e-02   2.2117e+01   1.4579e+00   0.0000e+00   0.0000e+00   2.6515e+02
20260307_16:00:00   7.4078e-02   2.3475e+01   1.5833e+00   0.0000e+00   0.0000e+00   2.6636e+02
20260307_17:00:00   7.7529e-02   2.4351e+01   1.6525e+00   0.0000e+00   0.0000e+00   2.6661e+02
20260307_18:00:00   8.9623e-02   2.7355e+01   1.8993e+00   0.0000e+00   0.0000e+00   2.6583e+02
20260307_19:00:00   1.1884e-01   3.4393e+01   2.4886e+00   6.2630e-07   3.2190e-05   2.6473e+02
20260307_20:00:00   1.6924e-01   4.5946e+01   3.4944e+00   4.1860e-04   2.3105e-04   2.6444e+02
20260307_21:00:00   2.5006e-01   6.3172e+01   4.4661e+00   1.4897e-02   3.3366e-03   2.6462e+02
20260307_22:00:00   2.3669e-01   6.0269e+01   4.8842e+00   2.4320e-03   2.5142e-03   2.6152e+02
20260307_23:00:00   2.2065e-01   5.6939e+01   4.6642e+00   7.0540e-04   1.8171e-03   2.5887e+02
20260308_00:00:00   1.6536e-01   4.4990e+01   3.5708e+00   6.8950e-05   2.0358e-03   2.5665e+02
20260308_01:00:00   1.3262e-01   3.7539e+01   2.9157e+00   0.0000e+00   2.6040e-05   2.5610e+02
20260308_02:00:00   1.3022e-01   3.6932e+01   2.8825e+00   0.0000e+00   1.8786e-04   2.5619e+02
20260308_03:00:00   1.2734e-01   3.6240e+01   2.8152e+00   0.0000e+00   3.1480e-04   2.5496e+02
20260308_04:00:00   1.1477e-01   3.3313e+01   2.5448e+00   0.0000e+00   0.0000e+00   2.5378e+02
20260308_05:00:00   1.2494e-01   3.5711e+01   2.7561e+00   0.0000e+00   0.0000e+00   2.5344e+02
20260308_06:00:00   1.4674e-01   4.0650e+01   3.2500e+00   0.0000e+00   0.0000e+00   2.5299e+02
20260308_07:00:00   1.4712e-01   4.0732e+01   3.2403e+00   0.0000e+00   0.0000e+00   2.5265e+02
20260308_08:00:00   1.2870e-01   3.6525e+01   2.8450e+00   0.0000e+00   0.0000e+00   2.5247e+02
20260308_09:00:00   1.2122e-01   3.4793e+01   2.6939e+00   0.0000e+00   0.0000e+00   2.5291e+02
20260308_10:00:00   1.1585e-01   3.3535e+01   2.5972e+00   0.0000e+00   0.0000e+00   2.5282e+02
20260308_11:00:00   1.2403e-01   3.5429e+01   2.7923e+00   0.0000e+00   0.0000e+00   2.5295e+02
20260308_12:00:00   1.3399e-01   3.7730e+01   3.0215e+00   0.0000e+00   0.0000e+00   2.5370e+02
20260308_13:00:00   1.4961e-01   4.1264e+01   3.3631e+00   0.0000e+00   1.8730e-04   2.5613e+02
20260308_14:00:00   1.6140e-01   4.3886e+01   3.6151e+00   0.0000e+00   2.2040e-04   2.5900e+02
20260308_15:00:00   1.4883e-01   4.1004e+01   3.3927e+00   0.0000e+00   1.4848e-07   2.6309e+02
20260308_16:00:00   1.4187e-01   3.9374e+01   3.2699e+00   0.0000e+00   6.8860e-05   2.6549e+02
20260308_17:00:00   1.4350e-01   3.9740e+01   3.2985e+00   0.0000e+00   1.0090e-03   2.6446e+02
20260308_18:00:00   2.0662e-01   5.3801e+01   3.9617e+00   1.2938e-02   2.6891e-03   2.6082e+02
20260308_19:00:00   5.7405e-01   1.2002e+02   5.1692e+00   1.4473e-01   7.1068e-03   2.5739e+02
20260308_20:00:00   7.8572e-01   1.4868e+02   6.3152e+00   2.0716e-01   6.9824e-02   2.5439e+02
20260308_21:00:00   4.8616e-01   1.0623e+02   6.8108e+00   6.9230e-02   1.1435e-01   2.5364e+02
20260308_22:00:00   3.0796e-01   7.4301e+01   6.5677e+00   1.5056e-03   2.7860e-02   2.5649e+02
20260308_23:00:00   2.6484e-01   6.5863e+01   5.8320e+00   5.7545e-04   1.8186e-03   2.5970e+02
20260309_00:00:00   2.5201e-01   6.3308e+01   5.5860e+00   1.3565e-04   2.2602e-03   2.6137e+02
20260309_01:00:00   2.7295e-01   6.7458e+01   6.0199e+00   0.0000e+00   6.4438e-04   2.6101e+02
20260309_02:00:00   2.8903e-01   7.0652e+01   6.2591e+00   1.0345e-03   7.8780e-04   2.5961e+02
20260309_03:00:00   2.8236e-01   6.9270e+01   6.2114e+00   5.6260e-06   3.6593e-03   2.5865e+02
20260309_04:00:00   3.1501e-01   7.5562e+01   6.6880e+00   2.8730e-03   1.3416e-03   2.5900e+02
20260309_05:00:00   3.5808e-01   8.3776e+01   6.6375e+00   2.2233e-02   7.9236e-04   2.5825e+02
20260309_06:00:00   4.3861e-01   9.8046e+01   6.8848e+00   5.0177e-02   3.2484e-03   2.5745e+02
20260309_07:00:00   6.5564e-01   1.3152e+02   6.9368e+00   1.4158e-01   1.0848e-02   2.5685e+02
20260309_08:00:00   6.3083e-01   1.2814e+02   6.6591e+00   1.3695e-01   1.4821e-02   2.5498e+02
20260309_09:00:00   3.9330e-01   9.0329e+01   5.9417e+00   5.2440e-02   2.1837e-03   2.5519e+02
20260309_10:00:00   2.6924e-01   6.6716e+01   5.0783e+00   1.8864e-02   1.1267e-03   2.5541e+02
20260309_11:00:00   2.2615e-01   5.7948e+01   4.3723e+00   1.4856e-02   6.2341e-04   2.5646e+02
20260309_12:00:00   1.8893e-01   5.0026e+01   3.9257e+00   7.2420e-03   2.2952e-04   2.5743e+02
20260309_13:00:00   1.4764e-01   4.0751e+01   3.4091e+00   0.0000e+00   2.8140e-04   2.5826e+02
20260309_14:00:00   1.3190e-01   3.7145e+01   3.0646e+00   0.0000e+00   3.3500e-05   2.5857e+02
20260309_15:00:00   1.2017e-01   3.4397e+01   2.7994e+00   0.0000e+00   0.0000e+00   2.5768e+02
20260309_16:00:00   1.1511e-01   3.3249e+01   2.5612e+00   2.0970e-03   2.1840e-06   2.5595e+02
20260309_17:00:00   1.2146e-01   3.4808e+01   2.5769e+00   3.9650e-03   8.7570e-06   2.5579e+02
20260309_18:00:00   1.8434e-01   4.9284e+01   2.9599e+00   2.2510e-02   7.1330e-06   2.5631e+02
20260309_19:00:00   4.7881e-01   1.0593e+02   3.4156e+00   1.3653e-01   5.2420e-04   2.5607e+02
20260309_20:00:00   5.2896e-01   1.1409e+02   3.8173e+00   1.4832e-01   5.9670e-04   2.5666e+02
20260309_21:00:00   1.9660e-01   5.2013e+01   3.8749e+00   8.5630e-03   8.5150e-05   2.5645e+02
20260309_22:00:00   1.5305e-01   4.2265e+01   3.4245e+00   2.8290e-04   0.0000e+00   2.5596e+02
20260309_23:00:00   1.5333e-01   4.2367e+01   3.3144e+00   2.5410e-03   0.0000e+00   2.5638e+02
20260310_00:00:00   1.4675e-01   4.0848e+01   3.3104e+00   3.7120e-05   0.0000e+00   2.5601e+02
20260310_01:00:00   1.3474e-01   3.8035e+01   3.0729e+00   0.0000e+00   0.0000e+00   2.5589e+02
20260310_02:00:00   1.4218e-01   3.9751e+01   3.1996e+00   0.0000e+00   0.0000e+00   2.5606e+02
20260310_03:00:00   1.2768e-01   3.6349e+01   2.8922e+00   0.0000e+00   0.0000e+00   2.5607e+02
20260310_04:00:00   1.1335e-01   3.2968e+01   2.5796e+00   0.0000e+00   0.0000e+00   2.5692e+02
20260310_05:00:00   1.0429e-01   3.0786e+01   2.3962e+00   0.0000e+00   0.0000e+00   2.5716e+02
20260310_06:00:00   1.0105e-01   3.0028e+01   2.3193e+00   0.0000e+00   0.0000e+00   2.5601e+02
20260310_07:00:00   9.7201e-02   2.9087e+01   2.2309e+00   0.0000e+00   0.0000e+00   2.5596e+02
20260310_08:00:00   9.3438e-02   2.8166e+01   2.1443e+00   0.0000e+00   0.0000e+00   2.5499e+02
20260310_09:00:00   8.9220e-02   2.7180e+01   2.0357e+00   0.0000e+00   0.0000e+00   2.5482e+02
20260310_10:00:00   8.7973e-02   2.6911e+01   2.0043e+00   0.0000e+00   0.0000e+00   2.5506e+02
20260310_11:00:00   9.0176e-02   2.7452e+01   2.0670e+00   0.0000e+00   0.0000e+00   2.5532e+02
20260310_12:00:00   8.9288e-02   2.7221e+01   2.0608e+00   0.0000e+00   0.0000e+00   2.5618e+02
20260310_13:00:00   8.0802e-02   2.5120e+01   1.8587e+00   0.0000e+00   0.0000e+00   2.5614e+02
20260310_14:00:00   7.8092e-02   2.4417e+01   1.7977e+00   0.0000e+00   0.0000e+00   2.5597e+02
20260310_15:00:00   7.8538e-02   2.4563e+01   1.7973e+00   0.0000e+00   0.0000e+00   2.5451e+02
20260310_16:00:00   7.7794e-02   2.4412e+01   1.7679e+00   0.0000e+00   0.0000e+00   2.5470e+02
20260310_17:00:00   8.6087e-02   2.6500e+01   1.9324e+00   0.0000e+00   0.0000e+00   2.5657e+02
20260310_18:00:00   1.5237e-01   4.2304e+01   2.7872e+00   1.0212e-02   1.0397e-04   2.5552e+02
20260310_19:00:00   7.2693e-01   1.4244e+02   4.0121e+00   2.2298e-01   1.5476e-03   2.5335e+02
20260310_20:00:00   1.3373e+00   2.0137e+02   5.0387e+00   4.5716e-01   2.9845e-02   2.5269e+02
20260310_21:00:00   5.4045e-01   1.1604e+02   4.7199e+00   1.2885e-01   1.5500e-03   2.5230e+02
20260310_22:00:00   2.4465e-01   6.2549e+01   4.3269e+00   1.4497e-02   2.5490e-04   2.5163e+02
20260310_23:00:00   1.8856e-01   5.0495e+01   3.9403e+00   2.7810e-05   1.4629e-05   2.5057e+02
20260311_00:00:00   1.5959e-01   4.4050e+01   3.4218e+00   0.0000e+00   0.0000e+00   2.4949e+02
20260311_01:00:00   1.3480e-01   3.8321e+01   2.9581e+00   0.0000e+00   0.0000e+00   2.4960e+02
20260311_02:00:00   1.2968e-01   3.7104e+01   2.8503e+00   0.0000e+00   0.0000e+00   2.4984e+02
20260311_03:00:00   1.3921e-01   3.9318e+01   3.0187e+00   0.0000e+00   0.0000e+00   2.5122e+02
20260311_04:00:00   1.3429e-01   3.8152e+01   2.9283e+00   0.0000e+00   0.0000e+00   2.5094e+02
20260311_05:00:00   1.2507e-01   3.5988e+01   2.7482e+00   0.0000e+00   0.0000e+00   2.5114e+02
20260311_06:00:00   1.1260e-01   3.3020e+01   2.4968e+00   0.0000e+00   0.0000e+00   2.5199e+02
20260311_07:00:00   1.0551e-01   3.1323e+01   2.3542e+00   0.0000e+00   0.0000e+00   2.5242e+02
20260311_08:00:00   1.1376e-01   3.3289e+01   2.5308e+00   0.0000e+00   0.0000e+00   2.5118e+02
20260311_09:00:00   1.1288e-01   3.3051e+01   2.5306e+00   0.0000e+00   0.0000e+00   2.5131e+02
20260311_10:00:00   1.0714e-01   3.1677e+01   2.4025e+00   0.0000e+00   0.0000e+00   2.5042e+02
20260311_11:00:00   1.1226e-01   3.2928e+01   2.4904e+00   0.0000e+00   0.0000e+00   2.4869e+02
20260311_12:00:00   1.1274e-01   3.3047e+01   2.4885e+00   0.0000e+00   0.0000e+00   2.5011e+02
20260311_13:00:00   1.1691e-01   3.4040e+01   2.5659e+00   0.0000e+00   2.0940e-04   2.5238e+02
20260311_14:00:00   1.1956e-01   3.4662e+01   2.6297e+00   0.0000e+00   1.6056e-03   2.5465e+02
20260311_15:00:00   1.1348e-01   3.3208e+01   2.5069e+00   0.0000e+00   1.2668e-03   2.5604e+02
20260311_16:00:00   1.1244e-01   3.2927e+01   2.4900e+00   0.0000e+00   2.1280e-03   2.5733e+02
20260311_17:00:00   1.2890e-01   3.6807e+01   2.8215e+00   0.0000e+00   3.8700e-03   2.5713e+02
20260311_18:00:00   2.4706e-01   6.2994e+01   3.5082e+00   3.4090e-02   2.5004e-03   2.5525e+02
20260311_19:00:00   5.6506e-01   1.1974e+02   4.0704e+00   1.5374e-01   3.2475e-03   2.5443e+02
20260311_20:00:00   9.2889e-01   1.6501e+02   5.3239e+00   2.8505e-01   1.6178e-02   2.5318e+02
20260311_21:00:00   7.6423e-01   1.4636e+02   5.8113e+00   2.0446e-01   4.8280e-02   2.5420e+02
20260311_22:00:00   6.0114e-01   1.2417e+02   6.2558e+00   1.2643e-01   4.4622e-02   2.5475e+02
20260311_23:00:00   4.1232e-01   9.4071e+01   6.2337e+00   4.5310e-02   4.5636e-02   2.5479e+02
20260312_00:00:00   5.1435e-01   1.1140e+02   5.7002e+00   9.7870e-02   4.0240e-02   2.5424e+02
20260312_01:00:00   4.1266e-01   9.4551e+01   5.3225e+00   6.4968e-02   3.6505e-03   2.5426e+02
20260312_02:00:00   1.9680e-01   5.2196e+01   4.0897e+00   8.9050e-04   2.2260e-06   2.5298e+02
20260312_03:00:00   2.0812e-01   5.4669e+01   4.0003e+00   6.5080e-03   2.8160e-05   2.5173e+02
20260312_04:00:00   2.5733e-01   6.5037e+01   3.9217e+00   2.8850e-02   1.8987e-05   2.5385e+02
20260312_05:00:00   2.3347e-01   6.0038e+01   3.9068e+00   1.8385e-02   2.9010e-05   2.5502e+02
20260312_06:00:00   2.8475e-01   7.0466e+01   4.0664e+00   3.6460e-02   1.5456e-04   2.5271e+02
20260312_09:00:00   6.3865e-01   1.2976e+02   4.2116e+00   1.8487e-01   4.5930e-04   2.5130e+02
20260312_12:00:00   3.3483e-01   7.9740e+01   4.3370e+00   5.5006e-02   4.1117e-04   2.5026e+02
20260312_15:00:00   3.4213e-01   8.1374e+01   4.0528e+00   6.5017e-02   7.2572e-04   2.5429e+02
20260312_18:00:00   5.2620e-01   1.1304e+02   4.4282e+00   1.3472e-01   2.2950e-04   2.5383e+02
20260312_21:00:00   2.0557e-01   5.3590e+01   4.0967e+00   8.9228e-03   6.0720e-06   2.4984e+02
20260313_00:00:00   1.6657e-01   4.4972e+01   3.8040e+00   1.3230e-04   0.0000e+00   2.4856e+02
20260313_03:00:00   2.0027e-01   5.2221e+01   4.5826e+00   0.0000e+00   0.0000e+00   2.4959e+02
20260313_06:00:00   2.3240e-01   5.8964e+01   5.2141e+00   0.0000e+00   0.0000e+00   2.4810e+02
20260313_09:00:00   2.2172e-01   5.6707e+01   4.9986e+00   0.0000e+00   2.5020e-06   2.4736e+02
20260313_12:00:00   2.0344e-01   5.2818e+01   4.6365e+00   0.0000e+00   0.0000e+00   2.5036e+02
20260313_15:00:00   1.9211e-01   5.0361e+01   4.4228e+00   0.0000e+00   0.0000e+00   2.5121e+02
20260313_18:00:00   2.0228e-01   5.2511e+01   4.6470e+00   1.6390e-04   2.1500e-06   2.5387e+02
20260313_21:00:00   3.2781e-01   7.8026e+01   6.1522e+00   1.8211e-02   7.5700e-03   2.5228e+02
20260314_00:00:00   1.1241e+00   1.8309e+02   7.7270e+00   3.2167e-01   1.0855e-01   2.5366e+02
20260314_03:00:00   7.8151e-01   1.4724e+02   8.5288e+00   1.6130e-01   6.5271e-02   2.5239e+02
20260314_06:00:00   7.3369e-01   1.4135e+02   8.3960e+00   1.4054e-01   1.8459e-01   2.5172e+02
20260314_09:00:00   3.4310e-01   8.0156e+01   7.4424e+00   0.0000e+00   4.0731e-03   2.5176e+02
20260314_12:00:00   2.8603e-01   6.9360e+01   6.3850e+00   0.0000e+00   8.4660e-06   2.5349e+02
20260314_15:00:00   2.4952e-01   6.2224e+01   5.6156e+00   0.0000e+00   0.0000e+00   2.5737e+02
20260314_18:00:00   2.7594e-01   6.7660e+01   5.9889e+00   2.0782e-04   1.7008e-04   2.5694e+02
20260314_21:00:00   3.3915e-01   7.9832e+01   6.7393e+00   7.8753e-03   4.9909e-02   2.5446e+02
20260315_00:00:00   2.9830e-01   7.2153e+01   6.2980e+00   1.5421e-03   3.8677e-03   2.5314e+02
20260315_03:00:00   2.7417e-01   6.7398e+01   5.9552e+00   4.3480e-05   2.2164e-05   2.5381e+02
20260315_06:00:00   2.6975e-01   6.6323e+01   5.9568e+00   0.0000e+00   1.3072e-04   2.5400e+02
20260315_09:00:00   2.8027e-01   6.8514e+01   6.0898e+00   0.0000e+00   3.1479e-05   2.5637e+02
20260315_12:00:00   2.5780e-01   6.4224e+01   5.5829e+00   0.0000e+00   0.0000e+00   2.5633e+02
20260315_15:00:00   2.2471e-01   5.7499e+01   4.9444e+00   0.0000e+00   0.0000e+00   2.5673e+02
20260315_18:00:00   2.2909e-01   5.8253e+01   5.0145e+00   0.0000e+00   0.0000e+00   2.5740e+02
20260315_21:00:00   3.2827e-01   7.7794e+01   6.5596e+00   6.7280e-03   9.3637e-02   2.5567e+02
20260316_00:00:00   4.6294e-01   1.0102e+02   8.5364e+00   1.9863e-02   6.5523e-01   2.5804e+02
20260316_03:00:00   3.8814e-01   8.8165e+01   7.9840e+00   2.6302e-03   4.0717e-01   2.5845e+02
20260316_06:00:00   3.4877e-01   8.1155e+01   7.5237e+00   0.0000e+00   2.0181e-01   2.5817e+02
20260316_09:00:00   3.2027e-01   7.5840e+01   6.9430e+00   0.0000e+00   8.5465e-03   2.5806e+02
20260316_12:00:00   3.2176e-01   7.6054e+01   6.8985e+00   0.0000e+00   1.0063e-02   2.5856e+02
20260316_15:00:00   2.8828e-01   6.9584e+01   6.3336e+00   0.0000e+00   3.4709e-02   2.6167e+02
20260316_18:00:00   3.7840e-01   8.6568e+01   6.9737e+00   2.2773e-02   7.4854e-02   2.6377e+02
20260316_21:00:00   3.3258e-01   7.8287e+01   6.9996e+00   2.4568e-03   4.2914e-02   2.6405e+02
20260317_00:00:00   6.1525e-01   1.2483e+02   7.8229e+00   1.0395e-01   2.7513e-01   2.6591e+02
20260317_03:00:00   5.1412e-01   1.0944e+02   7.8939e+00   5.7380e-02   2.0552e-01   2.6624e+02
20260317_06:00:00   8.6960e-01   1.5675e+02   7.5999e+00   2.1720e-01   2.0295e-01   2.6709e+02
20260317_09:00:00   3.5108e-01   8.1285e+01   6.6508e+00   1.5922e-02   6.4177e-02   2.6759e+02
20260317_12:00:00   2.4371e-01   6.0711e+01   5.2404e+00   1.2270e-04   3.8145e-06   2.7394e+02
20260317_15:00:00   2.4093e-01   5.9940e+01   5.2693e+00   0.0000e+00   7.3440e-03   2.8075e+02
20260317_18:00:00   2.3493e-01   5.8881e+01   5.0517e+00   8.5060e-07   3.1227e-04   2.8496e+02
20260317_21:00:00   2.8107e-01   6.8455e+01   4.8873e+00   2.3988e-02   1.3874e-03   2.8373e+02
20260318_00:00:00   4.3484e-01   9.6309e+01   6.3425e+00   5.8369e-02   9.9167e-02   2.8824e+02
20260318_03:00:00   3.3858e-01   7.8472e+01   6.7384e+00   3.3126e-05   9.0241e-01   2.9011e+02
20260318_06:00:00   1.8830e-01   4.9273e+01   3.9867e+00   0.0000e+00   9.5350e-03   2.9548e+02
20260318_09:00:00   1.3872e-01   3.8500e+01   2.9489e+00   0.0000e+00   7.6480e-04   2.8999e+02
20260318_12:00:00   1.6293e-01   4.3938e+01   3.4495e+00   0.0000e+00   0.0000e+00   2.8345e+02
20260318_15:00:00   2.0596e-01   5.3105e+01   4.3764e+00   0.0000e+00   0.0000e+00   2.8304e+02
20260318_18:00:00   2.0079e-01   5.1979e+01   4.3566e+00   1.0240e-05   1.6422e-04   2.8432e+02
20260318_21:00:00   2.9414e-01   7.1105e+01   5.2618e+00   2.0302e-02   2.9685e-03   2.7727e+02
20260319_00:00:00   3.4314e-01   8.0337e+01   6.2174e+00   1.7756e-02   2.5050e-01   2.7582e+02
20260319_03:00:00   2.1581e-01   5.5732e+01   4.4107e+00   3.2290e-05   5.8380e-03   2.7596e+02
20260319_06:00:00   1.6955e-01   4.5565e+01   3.5045e+00   5.8665e-04   9.0659e-04   2.7511e+02
20260319_09:00:00   1.1443e-01   3.2999e+01   2.4711e+00   0.0000e+00   0.0000e+00   2.7517e+02
20260319_12:00:00   1.2119e-01   3.4685e+01   2.5669e+00   0.0000e+00   0.0000e+00   2.7232e+02
20260319_15:00:00   1.4013e-01   3.9111e+01   2.9170e+00   0.0000e+00   0.0000e+00   2.7388e+02
20260319_18:00:00   1.3088e-01   3.6995e+01   2.7188e+00   5.9190e-05   0.0000e+00   2.7414e+02
20260319_21:00:00   2.2802e-01   5.8416e+01   3.4896e+00   2.4832e-02   5.5580e-04   2.7409e+02
20260320_00:00:00   1.2733e-01   3.6182e+01   2.7072e+00   7.3870e-04   2.4880e-05   2.7300e+02
20260320_03:00:00   1.7431e-01   4.6941e+01   3.6021e+00   7.2690e-04   3.9711e-05   2.7382e+02
20260320_06:00:00   1.1272e-01   3.2812e+01   2.4059e+00   6.9780e-05   1.3330e-07   2.7461e+02
20260320_09:00:00   8.6639e-02   2.6502e+01   1.8614e+00   0.0000e+00   0.0000e+00   2.7196e+02
20260320_12:00:00   8.6826e-02   2.6565e+01   1.8492e+00   0.0000e+00   0.0000e+00   2.7411e+02
20260320_15:00:00   9.1823e-02   2.7835e+01   1.9323e+00   0.0000e+00   0.0000e+00   2.7575e+02
20260320_18:00:00   9.0304e-02   2.7469e+01   1.8712e+00   0.0000e+00   0.0000e+00   2.7631e+02
20260320_21:00:00   1.5751e-01   4.3026e+01   3.2547e+00   4.5696e-04   1.9977e-04   2.7555e+02
20260321_00:00:00   3.1559e-01   7.5714e+01   5.1685e+00   2.8303e-02   6.3533e-02   2.7704e+02
20260321_03:00:00   2.5759e-01   6.4198e+01   4.9668e+00   6.1726e-03   3.5617e-02   2.7538e+02
20260321_06:00:00   1.7400e-01   4.6143e+01   3.8324e+00   0.0000e+00   1.4872e-04   2.7671e+02
20260321_09:00:00   1.4188e-01   3.8727e+01   3.2172e+00   0.0000e+00   1.4295e-02   2.7634e+02
20260321_12:00:00   8.0553e-02   2.4369e+01   1.8362e+00   0.0000e+00   5.9620e-03   2.7740e+02
20260321_15:00:00   7.4981e-02   2.3317e+01   1.6303e+00   0.0000e+00   1.6902e-06   2.7636e+02
20260321_18:00:00   1.1243e-01   3.2572e+01   2.2946e+00   0.0000e+00   0.0000e+00   2.7741e+02
20260321_21:00:00   1.6570e-01   4.4715e+01   3.3741e+00   5.2635e-04   2.7434e-04   2.7598e+02
20260322_00:00:00   3.1716e-01   7.6388e+01   3.3129e+00   6.6124e-02   1.9304e-03   2.7319e+02
20260322_03:00:00   2.1973e-01   5.6325e+01   3.9774e+00   1.3571e-02   4.5700e-04   2.7511e+02
20260322_06:00:00   1.9654e-01   5.1359e+01   3.7722e+00   8.0678e-03   3.0150e-03   2.7429e+02
20260322_09:00:00   1.4966e-01   4.0815e+01   3.1785e+00   3.0490e-03   0.0000e+00   2.7143e+02
20260322_12:00:00   9.9937e-02   2.9373e+01   2.2183e+00   2.5080e-06   0.0000e+00   2.7348e+02
20260322_15:00:00   9.5604e-02   2.8317e+01   2.1282e+00   0.0000e+00   0.0000e+00   2.7314e+02
20260322_18:00:00   1.3540e-01   3.7769e+01   2.8691e+00   1.0740e-03   1.4530e-05   2.7238e+02
20260322_21:00:00   1.9176e-01   5.0390e+01   3.9130e+00   1.5482e-03   1.1287e-03   2.7094e+02
20260323_00:00:00   2.2615e-01   5.7879e+01   4.2420e+00   8.4640e-03   1.1882e-02   2.7103e+02
20260323_03:00:00   5.6115e-01   1.1702e+02   6.3792e+00   1.1113e-01   1.0256e-01   2.7122e+02
20260323_06:00:00   6.1354e-01   1.2473e+02   6.6968e+00   1.2531e-01   1.9282e-01   2.6875e+02
