#            date       tau255        Tb[K]      pwv[mm] lwp[kg*m^-2] iwp[kg*m^-2]       o3[DU]
20211114_06:00:00   2.1661e-01   5.8115e+01   3.9395e+00   0.0000e+00   1.0939e-03   2.9234e+02
20211114_07:00:00   1.9577e-01   5.3514e+01   3.5085e+00   0.0000e+00   2.0393e-03   2.8997e+02
20211114_08:00:00   1.9105e-01   5.2461e+01   3.3876e+00   0.0000e+00   1.8128e-05   2.8957e+02
20211114_09:00:00   1.7940e-01   4.9809e+01   3.1647e+00   0.0000e+00   0.0000e+00   2.8943e+02
20211114_10:00:00   1.6843e-01   4.7245e+01   2.9833e+00   0.0000e+00   0.0000e+00   2.8909e+02
20211114_11:00:00   1.6610e-01   4.6684e+01   2.9461e+00   0.0000e+00   0.0000e+00   2.8921e+02
20211114_12:00:00   1.7143e-01   4.7876e+01   3.0519e+00   0.0000e+00   0.0000e+00   2.8677e+02
20211114_13:00:00   1.7781e-01   4.9296e+01   3.1700e+00   0.0000e+00   0.0000e+00   2.8562e+02
20211114_14:00:00   1.6958e-01   4.7419e+01   3.0070e+00   0.0000e+00   6.3640e-06   2.8659e+02
20211114_15:00:00   1.6201e-01   4.5722e+01   2.8518e+00   0.0000e+00   4.8620e-06   2.8658e+02
20211114_16:00:00   1.4723e-01   4.2339e+01   2.5781e+00   0.0000e+00   1.7864e-04   2.8610e+02
20211114_17:00:00   1.4274e-01   4.1351e+01   2.4880e+00   0.0000e+00   1.2834e-04   2.8672e+02
20211114_18:00:00   1.4844e-01   4.2804e+01   2.5998e+00   0.0000e+00   7.0160e-06   2.8728e+02
20211114_19:00:00   1.5959e-01   4.5484e+01   2.8495e+00   0.0000e+00   0.0000e+00   2.8914e+02
20211114_20:00:00   1.6781e-01   4.7451e+01   3.0354e+00   0.0000e+00   0.0000e+00   2.8944e+02
20211114_21:00:00   1.6731e-01   4.7367e+01   3.0529e+00   0.0000e+00   0.0000e+00   2.8709e+02
20211114_22:00:00   1.7430e-01   4.8984e+01   3.2052e+00   0.0000e+00   0.0000e+00   2.8526e+02
20211114_23:00:00   1.6787e-01   4.7516e+01   3.0606e+00   0.0000e+00   0.0000e+00   2.8704e+02
20211115_00:00:00   1.5915e-01   4.5437e+01   2.8717e+00   0.0000e+00   1.5016e-06   2.8614e+02
20211115_01:00:00   1.5531e-01   4.4472e+01   2.7879e+00   0.0000e+00   8.7740e-04   2.8389e+02
20211115_02:00:00   1.5146e-01   4.3510e+01   2.7083e+00   0.0000e+00   3.2722e-03   2.8320e+02
20211115_03:00:00   1.4765e-01   4.2490e+01   2.6573e+00   0.0000e+00   4.6151e-03   2.8446e+02
20211115_04:00:00   1.4959e-01   4.2863e+01   2.7184e+00   0.0000e+00   3.9159e-03   2.8678e+02
20211115_05:00:00   1.5559e-01   4.4205e+01   2.8591e+00   0.0000e+00   3.3992e-03   2.8933e+02
20211115_06:00:00   1.6258e-01   4.5763e+01   3.0207e+00   0.0000e+00   6.3955e-03   2.8945e+02
20211115_07:00:00   1.7357e-01   4.8255e+01   3.2602e+00   0.0000e+00   5.5025e-03   2.8992e+02
20211115_08:00:00   1.8688e-01   5.1182e+01   3.5634e+00   0.0000e+00   1.9972e-03   2.8958e+02
20211115_09:00:00   1.9592e-01   5.3085e+01   3.7853e+00   0.0000e+00   1.2424e-03   2.8919e+02
20211115_10:00:00   2.0033e-01   5.4005e+01   3.8910e+00   0.0000e+00   8.9480e-04   2.9004e+02
20211115_11:00:00   1.9778e-01   5.3469e+01   3.8373e+00   0.0000e+00   3.7040e-06   2.9057e+02
20211115_12:00:00   1.9434e-01   5.2748e+01   3.7549e+00   0.0000e+00   0.0000e+00   2.9123e+02
20211115_13:00:00   1.9569e-01   5.3112e+01   3.7550e+00   0.0000e+00   0.0000e+00   2.9329e+02
20211115_14:00:00   1.9465e-01   5.2894e+01   3.7266e+00   0.0000e+00   0.0000e+00   2.9428e+02
20211115_15:00:00   1.9313e-01   5.2607e+01   3.6978e+00   0.0000e+00   0.0000e+00   2.9423e+02
20211115_16:00:00   1.9660e-01   5.3385e+01   3.8001e+00   0.0000e+00   0.0000e+00   2.9300e+02
20211115_17:00:00   2.0417e-01   5.5069e+01   3.9798e+00   0.0000e+00   0.0000e+00   2.9208e+02
20211115_18:00:00   2.1353e-01   5.7171e+01   4.1984e+00   0.0000e+00   0.0000e+00   2.9068e+02
20211115_19:00:00   2.1981e-01   5.8537e+01   4.3642e+00   0.0000e+00   0.0000e+00   2.9140e+02
20211115_20:00:00   2.2440e-01   5.9594e+01   4.4764e+00   0.0000e+00   0.0000e+00   2.9240e+02
20211115_21:00:00   2.2660e-01   6.0104e+01   4.5425e+00   0.0000e+00   0.0000e+00   2.9160e+02
20211115_22:00:00   2.3019e-01   6.0891e+01   4.6334e+00   0.0000e+00   0.0000e+00   2.8977e+02
20211115_23:00:00   2.3514e-01   6.1962e+01   4.7372e+00   0.0000e+00   0.0000e+00   2.8802e+02
20211116_00:00:00   2.3232e-01   6.1267e+01   4.6811e+00   0.0000e+00   0.0000e+00   2.8859e+02
20211116_01:00:00   2.2238e-01   5.9029e+01   4.4745e+00   0.0000e+00   0.0000e+00   2.8871e+02
20211116_02:00:00   2.2267e-01   5.9035e+01   4.4899e+00   0.0000e+00   0.0000e+00   2.8875e+02
20211116_03:00:00   2.2887e-01   6.0310e+01   4.6299e+00   0.0000e+00   0.0000e+00   2.8653e+02
20211116_04:00:00   2.2199e-01   5.8767e+01   4.4864e+00   0.0000e+00   0.0000e+00   2.8393e+02
20211116_05:00:00   2.1054e-01   5.6248e+01   4.2407e+00   0.0000e+00   0.0000e+00   2.8454e+02
20211116_06:00:00   2.1038e-01   5.6290e+01   4.2013e+00   0.0000e+00   0.0000e+00   2.8460e+02
20211116_07:00:00   1.9915e-01   5.3930e+01   3.9146e+00   0.0000e+00   0.0000e+00   2.8520e+02
20211116_08:00:00   1.9004e-01   5.1958e+01   3.6821e+00   0.0000e+00   0.0000e+00   2.8510e+02
20211116_09:00:00   1.8931e-01   5.1734e+01   3.6596e+00   0.0000e+00   0.0000e+00   2.8279e+02
20211116_10:00:00   1.7938e-01   4.9562e+01   3.4091e+00   0.0000e+00   0.0000e+00   2.8173e+02
20211116_11:00:00   1.6379e-01   4.5992e+01   3.0602e+00   0.0000e+00   5.0960e-05   2.8268e+02
20211116_12:00:00   1.4887e-01   4.2513e+01   2.7223e+00   0.0000e+00   1.4336e-03   2.8348e+02
20211116_13:00:00   1.3987e-01   4.0346e+01   2.5282e+00   0.0000e+00   2.9475e-03   2.8294e+02
20211116_14:00:00   1.3290e-01   3.8606e+01   2.3914e+00   0.0000e+00   3.0279e-03   2.8249e+02
20211116_15:00:00   1.2498e-01   3.6666e+01   2.2422e+00   0.0000e+00   2.8876e-03   2.8289e+02
20211116_16:00:00   1.2180e-01   3.5914e+01   2.1920e+00   0.0000e+00   1.8596e-03   2.8290e+02
20211116_17:00:00   1.2548e-01   3.6861e+01   2.2735e+00   0.0000e+00   2.3717e-03   2.8198e+02
20211116_18:00:00   1.3449e-01   3.9070e+01   2.4665e+00   0.0000e+00   3.2447e-03   2.8080e+02
20211116_19:00:00   1.4436e-01   4.1429e+01   2.6893e+00   0.0000e+00   5.3860e-03   2.8018e+02
20211116_20:00:00   1.5807e-01   4.4642e+01   3.0028e+00   0.0000e+00   8.1080e-03   2.7913e+02
20211116_21:00:00   1.6979e-01   4.7443e+01   3.2360e+00   0.0000e+00   6.9832e-03   2.7660e+02
20211116_22:00:00   1.7152e-01   4.7883e+01   3.2625e+00   0.0000e+00   6.8154e-03   2.7405e+02
20211116_23:00:00   1.7493e-01   4.8627e+01   3.3314e+00   0.0000e+00   2.4345e-03   2.7538e+02
20211117_00:00:00   1.8284e-01   5.0324e+01   3.4801e+00   0.0000e+00   1.3239e-02   2.7829e+02
20211117_01:00:00   1.9035e-01   5.1874e+01   3.5896e+00   0.0000e+00   5.7659e-02   2.7680e+02
20211117_02:00:00   1.8485e-01   5.0563e+01   3.4466e+00   0.0000e+00   4.7615e-02   2.7649e+02
20211117_03:00:00   1.8678e-01   5.1005e+01   3.4419e+00   0.0000e+00   3.2686e-02   2.7844e+02
20211117_04:00:00   1.8500e-01   5.0584e+01   3.3709e+00   0.0000e+00   5.2426e-02   2.8052e+02
20211117_05:00:00   1.7570e-01   4.8448e+01   3.1878e+00   0.0000e+00   4.4345e-02   2.8417e+02
20211117_06:00:00   1.6693e-01   4.6331e+01   3.0407e+00   0.0000e+00   3.1250e-02   2.8701e+02
20211117_07:00:00   1.8079e-01   4.9058e+01   3.4089e+00   0.0000e+00   5.6279e-02   2.8760e+02
20211117_08:00:00   1.8223e-01   4.9295e+01   3.4694e+00   0.0000e+00   2.8429e-02   2.8736e+02
20211117_09:00:00   2.2201e-01   5.7812e+01   4.3060e+00   5.6820e-04   3.8233e-02   2.8805e+02
20211117_10:00:00   3.1529e-01   7.6352e+01   6.3430e+00   1.9000e-04   6.2588e-02   2.9108e+02
20211117_11:00:00   3.5861e-01   8.4624e+01   7.1780e+00   0.0000e+00   1.0343e-02   2.9283e+02
20211117_12:00:00   3.1236e-01   7.6422e+01   6.0210e+00   0.0000e+00   3.3340e-05   2.9588e+02
20211117_13:00:00   2.4804e-01   6.3931e+01   4.5905e+00   0.0000e+00   0.0000e+00   2.9531e+02
20211117_14:00:00   2.1149e-01   5.6287e+01   3.8062e+00   0.0000e+00   0.0000e+00   2.9337e+02
20211117_15:00:00   1.9489e-01   5.2686e+01   3.4356e+00   0.0000e+00   0.0000e+00   2.9253e+02
20211117_16:00:00   1.9417e-01   5.2525e+01   3.4252e+00   0.0000e+00   0.0000e+00   2.9244e+02
20211117_17:00:00   2.0156e-01   5.4267e+01   3.5681e+00   0.0000e+00   0.0000e+00   2.9209e+02
20211117_18:00:00   2.0569e-01   5.5311e+01   3.6458e+00   0.0000e+00   0.0000e+00   2.9185e+02
20211117_19:00:00   2.1326e-01   5.6974e+01   3.8307e+00   0.0000e+00   0.0000e+00   2.9238e+02
20211117_20:00:00   2.3015e-01   6.0567e+01   4.1807e+00   0.0000e+00   0.0000e+00   2.9085e+02
20211117_21:00:00   2.2778e-01   6.0059e+01   4.1636e+00   0.0000e+00   3.0040e-06   2.9216e+02
20211117_22:00:00   2.2707e-01   5.9822e+01   4.1916e+00   0.0000e+00   2.3520e-05   2.9452e+02
20211117_23:00:00   2.2707e-01   5.9743e+01   4.2070e+00   0.0000e+00   0.0000e+00   2.9450e+02
20211118_00:00:00   2.1910e-01   5.7915e+01   4.0685e+00   0.0000e+00   8.6080e-05   2.9450e+02
20211118_01:00:00   2.1235e-01   5.6381e+01   3.9433e+00   0.0000e+00   2.6880e-05   2.9542e+02
20211118_02:00:00   2.1521e-01   5.6953e+01   3.9995e+00   0.0000e+00   0.0000e+00   2.9537e+02
20211118_03:00:00   2.2084e-01   5.8106e+01   4.1232e+00   0.0000e+00   0.0000e+00   2.9362e+02
20211118_04:00:00   2.1974e-01   5.7869e+01   4.0943e+00   0.0000e+00   0.0000e+00   2.9446e+02
20211118_05:00:00   2.1533e-01   5.6875e+01   4.0046e+00   0.0000e+00   2.5344e-04   2.9569e+02
20211118_06:00:00   2.1422e-01   5.6524e+01   4.0043e+00   0.0000e+00   2.0764e-03   2.9612e+02
20211118_07:00:00   2.1816e-01   5.7284e+01   4.1080e+00   0.0000e+00   2.9235e-03   2.9619e+02
20211118_08:00:00   2.3395e-01   6.0634e+01   4.4064e+00   0.0000e+00   3.8869e-03   2.9492e+02
20211118_09:00:00   2.4330e-01   6.2577e+01   4.5771e+00   0.0000e+00   2.3668e-03   2.9281e+02
20211118_10:00:00   2.4914e-01   6.3732e+01   4.7061e+00   0.0000e+00   2.2237e-03   2.9108e+02
20211118_11:00:00   2.5866e-01   6.5579e+01   4.9253e+00   0.0000e+00   4.3150e-03   2.9002e+02
20211118_12:00:00   2.6296e-01   6.6394e+01   5.0337e+00   0.0000e+00   4.1205e-03   2.9202e+02
20211118_13:00:00   2.6658e-01   6.7123e+01   5.0988e+00   0.0000e+00   4.6466e-03   2.9225e+02
20211118_14:00:00   2.5625e-01   6.5123e+01   4.8471e+00   0.0000e+00   3.0351e-03   2.9203e+02
20211118_15:00:00   2.4886e-01   6.3691e+01   4.6583e+00   0.0000e+00   1.8468e-03   2.9203e+02
20211118_16:00:00   2.4537e-01   6.3076e+01   4.5682e+00   0.0000e+00   7.3865e-04   2.9211e+02
20211118_17:00:00   2.4545e-01   6.3268e+01   4.5488e+00   0.0000e+00   1.4044e-04   2.9114e+02
20211118_18:00:00   2.4542e-01   6.3426e+01   4.5624e+00   0.0000e+00   1.5408e-04   2.8943e+02
20211118_19:00:00   2.4989e-01   6.4473e+01   4.6581e+00   0.0000e+00   1.6752e-03   2.8859e+02
20211118_20:00:00   2.4685e-01   6.3972e+01   4.5990e+00   0.0000e+00   3.2580e-04   2.9011e+02
20211118_21:00:00   2.4959e-01   6.4637e+01   4.6453e+00   0.0000e+00   7.4080e-06   2.8915e+02
20211118_22:00:00   2.5253e-01   6.5356e+01   4.6809e+00   0.0000e+00   6.0060e-06   2.8741e+02
20211118_23:00:00   2.6070e-01   6.7038e+01   4.8359e+00   0.0000e+00   3.7105e-04   2.8672e+02
20211119_00:00:00   2.6533e-01   6.7761e+01   4.9545e+00   0.0000e+00   2.0774e-03   2.8618e+02
20211119_01:00:00   2.6018e-01   6.6514e+01   4.8817e+00   0.0000e+00   2.0708e-03   2.8343e+02
20211119_02:00:00   2.4942e-01   6.4183e+01   4.6948e+00   0.0000e+00   9.9382e-05   2.8172e+02
20211119_03:00:00   2.4763e-01   6.3619e+01   4.7125e+00   0.0000e+00   4.7700e-04   2.8056e+02
20211119_04:00:00   2.3585e-01   6.1122e+01   4.4818e+00   0.0000e+00   1.2378e-04   2.8001e+02
20211119_05:00:00   2.2223e-01   5.8224e+01   4.2157e+00   0.0000e+00   1.9598e-04   2.7835e+02
20211119_06:00:00   2.2185e-01   5.8072e+01   4.2418e+00   0.0000e+00   2.5441e-04   2.7598e+02
20211119_09:00:00   2.3661e-01   6.1117e+01   4.6027e+00   0.0000e+00   3.2842e-05   2.7183e+02
20211119_12:00:00   2.9012e-01   7.1926e+01   5.8366e+00   0.0000e+00   2.4997e-03   2.6871e+02
20211119_15:00:00   3.2855e-01   7.9576e+01   6.6966e+00   0.0000e+00   2.9781e-04   2.6707e+02
20211119_18:00:00   3.4062e-01   8.2177e+01   7.0239e+00   0.0000e+00   3.2179e-04   2.6344e+02
20211119_21:00:00   3.3821e-01   8.1940e+01   7.0135e+00   0.0000e+00   1.0037e-02   2.6218e+02
20211120_00:00:00   3.2528e-01   7.9734e+01   6.5970e+00   0.0000e+00   4.7143e-03   2.6646e+02
20211120_03:00:00   2.8451e-01   7.1443e+01   5.7441e+00   0.0000e+00   2.0622e-03   2.6218e+02
20211120_06:00:00   2.5759e-01   6.5766e+01   5.1239e+00   0.0000e+00   3.5157e-04   2.6418e+02
20211120_09:00:00   2.8003e-01   6.9913e+01   5.7082e+00   0.0000e+00   3.7825e-04   2.6526e+02
20211120_12:00:00   3.0122e-01   7.3826e+01   6.2076e+00   0.0000e+00   1.9841e-02   2.6549e+02
20211120_15:00:00   3.4539e-01   8.2139e+01   7.1685e+00   0.0000e+00   1.4662e-02   2.7000e+02
20211120_18:00:00   4.1618e-01   9.4795e+01   8.7189e+00   0.0000e+00   4.8662e-02   2.7213e+02
20211120_21:00:00   4.7419e-01   1.0453e+02   9.8787e+00   0.0000e+00   7.6009e-02   2.7123e+02
20211121_00:00:00   4.4589e-01   9.9862e+01   9.1244e+00   0.0000e+00   3.0750e-01   2.7065e+02
20211121_03:00:00   3.8314e-01   8.9562e+01   7.5668e+00   0.0000e+00   8.4311e-02   2.7820e+02
20211121_06:00:00   2.9261e-01   7.2826e+01   5.4881e+00   0.0000e+00   2.3775e-03   2.8029e+02
20211121_09:00:00   1.8411e-01   5.0204e+01   3.1590e+00   0.0000e+00   1.9422e-05   2.8014e+02
20211121_12:00:00   1.7817e-01   4.8749e+01   3.0930e+00   0.0000e+00   0.0000e+00   2.8868e+02
20211121_15:00:00   1.9163e-01   5.1613e+01   3.4556e+00   0.0000e+00   0.0000e+00   2.8876e+02
20211121_18:00:00   2.1592e-01   5.6907e+01   4.1188e+00   0.0000e+00   0.0000e+00   2.9115e+02
20211121_21:00:00   2.7844e-01   6.9890e+01   5.5429e+00   0.0000e+00   0.0000e+00   2.8952e+02
20211122_00:00:00   3.1802e-01   7.7924e+01   6.2884e+00   0.0000e+00   0.0000e+00   2.8638e+02
20211122_03:00:00   2.8797e-01   7.2435e+01   5.4546e+00   0.0000e+00   0.0000e+00   2.8662e+02
20211122_06:00:00   2.5793e-01   6.6408e+01   4.7509e+00   0.0000e+00   0.0000e+00   2.8539e+02
20211122_09:00:00   2.1150e-01   5.6639e+01   3.8009e+00   0.0000e+00   0.0000e+00   2.8062e+02
20211122_12:00:00   1.9089e-01   5.1973e+01   3.4308e+00   0.0000e+00   0.0000e+00   2.7698e+02
20211122_15:00:00   1.7990e-01   4.9458e+01   3.2249e+00   0.0000e+00   0.0000e+00   2.7433e+02
20211122_18:00:00   1.7522e-01   4.8677e+01   3.1715e+00   0.0000e+00   0.0000e+00   2.7285e+02
20211122_21:00:00   1.7563e-01   4.9088e+01   3.2376e+00   0.0000e+00   0.0000e+00   2.7120e+02
20211123_00:00:00   1.9314e-01   5.3190e+01   3.5860e+00   0.0000e+00   1.6596e-04   2.7056e+02
20211123_03:00:00   2.0578e-01   5.5837e+01   3.8151e+00   0.0000e+00   3.5822e-03   2.7131e+02
20211123_06:00:00   2.2641e-01   6.0157e+01   4.2472e+00   0.0000e+00   2.1458e-03   2.6997e+02
20211123_09:00:00   2.2303e-01   5.9064e+01   4.2538e+00   0.0000e+00   2.0274e-02   2.6387e+02
20211123_12:00:00   2.3661e-01   6.1882e+01   4.5599e+00   0.0000e+00   2.8160e-02   2.6232e+02
20211123_15:00:00   2.2451e-01   5.9362e+01   4.3144e+00   0.0000e+00   1.9216e-03   2.6265e+02
20211123_18:00:00   2.2818e-01   6.0562e+01   4.3951e+00   0.0000e+00   2.4560e-03   2.6497e+02
20211123_21:00:00   2.2859e-01   6.0951e+01   4.3858e+00   0.0000e+00   2.2500e-03   2.6647e+02
20211124_00:00:00   2.2842e-01   6.0767e+01   4.3419e+00   0.0000e+00   2.7780e-03   2.6922e+02
20211124_03:00:00   2.2257e-01   5.9430e+01   4.1987e+00   0.0000e+00   3.5476e-05   2.6908e+02
20211124_06:00:00   2.0909e-01   5.6493e+01   3.9020e+00   0.0000e+00   1.9767e-04   2.6881e+02
20211124_09:00:00   2.0279e-01   5.5067e+01   3.7579e+00   0.0000e+00   6.1760e-04   2.6759e+02
20211124_12:00:00   1.9568e-01   5.3449e+01   3.6079e+00   0.0000e+00   0.0000e+00   2.7514e+02
20211124_15:00:00   1.9644e-01   5.3645e+01   3.6077e+00   0.0000e+00   9.9340e-06   2.7646e+02
20211124_18:00:00   2.0660e-01   5.6030e+01   3.8456e+00   0.0000e+00   1.6116e-04   2.7379e+02
20211124_21:00:00   2.2919e-01   6.1018e+01   4.4248e+00   0.0000e+00   0.0000e+00   2.7262e+02
20211125_00:00:00   2.3063e-01   6.1275e+01   4.4728e+00   0.0000e+00   2.9580e-04   2.7344e+02
20211125_03:00:00   2.5667e-01   6.6410e+01   5.0608e+00   0.0000e+00   2.1507e-03   2.7202e+02
20211125_06:00:00   2.9386e-01   7.3335e+01   6.0593e+00   0.0000e+00   3.6134e-03   2.7106e+02
20211125_09:00:00   3.5606e-01   8.5213e+01   7.3839e+00   0.0000e+00   6.1454e-05   2.6823e+02
20211125_12:00:00   4.3027e-01   9.7936e+01   9.0425e+00   0.0000e+00   1.9929e-02   2.6567e+02
20211125_15:00:00   4.0103e-01   9.2335e+01   8.4257e+00   0.0000e+00   2.6152e-02   2.6645e+02
20211125_18:00:00   3.6364e-01   8.5527e+01   7.5789e+00   0.0000e+00   6.5371e-02   2.6527e+02
20211125_21:00:00   2.5149e-01   6.3602e+01   5.1833e+00   0.0000e+00   6.3951e-02   2.6141e+02
20211126_00:00:00   1.8236e-01   4.9112e+01   3.6120e+00   0.0000e+00   3.0055e-03   2.5843e+02
20211126_03:00:00   1.3084e-01   3.7562e+01   2.4199e+00   0.0000e+00   1.5315e-03   2.6278e+02
20211126_06:00:00   1.1542e-01   3.3949e+01   2.0783e+00   0.0000e+00   1.2848e-03   2.6044e+02
20211126_09:00:00   1.1573e-01   3.3994e+01   2.0835e+00   0.0000e+00   2.6356e-03   2.5899e+02
20211126_12:00:00   1.1817e-01   3.4536e+01   2.1462e+00   0.0000e+00   1.8784e-03   2.5800e+02
20211126_15:00:00   1.1244e-01   3.3117e+01   2.0466e+00   0.0000e+00   6.0100e-04   2.6169e+02
20211126_18:00:00   1.2635e-01   3.6498e+01   2.3632e+00   0.0000e+00   6.1670e-03   2.6751e+02
20211126_21:00:00   1.5342e-01   4.2864e+01   3.0065e+00   0.0000e+00   2.5916e-03   2.6614e+02
20211127_00:00:00   1.7857e-01   4.8547e+01   3.5500e+00   0.0000e+00   1.1760e-02   2.6451e+02
20211127_03:00:00   1.8826e-01   5.0505e+01   3.7973e+00   0.0000e+00   8.8979e-03   2.6248e+02
20211127_06:00:00   1.8627e-01   4.9921e+01   3.8089e+00   0.0000e+00   5.1011e-03   2.6249e+02
20211127_09:00:00   2.1599e-01   5.5704e+01   4.5928e+00   0.0000e+00   3.0134e-02   2.6330e+02
20211127_12:00:00   3.3708e-01   7.9699e+01   7.2255e+00   0.0000e+00   3.4511e-02   2.6497e+02
20211127_15:00:00   3.3695e-01   7.9840e+01   7.2096e+00   0.0000e+00   1.4607e-02   2.6575e+02
20211127_18:00:00   4.3245e-01   9.7600e+01   9.0928e+00   0.0000e+00   2.4844e-02   2.6684e+02
20211127_21:00:00   4.4800e-01   1.0092e+02   9.2695e+00   0.0000e+00   4.5706e-03   2.6740e+02
20211128_00:00:00   4.3665e-01   9.9097e+01   8.9373e+00   0.0000e+00   4.3280e-03   2.7169e+02
20211128_03:00:00   3.6629e-01   8.6734e+01   7.4425e+00   0.0000e+00   1.2644e-03   2.7173e+02
20211128_06:00:00   3.5185e-01   8.4206e+01   7.1131e+00   0.0000e+00   0.0000e+00   2.7409e+02
20211128_09:00:00   3.5223e-01   8.4329e+01   7.0461e+00   0.0000e+00   0.0000e+00   2.7503e+02
20211128_12:00:00   3.4047e-01   8.1820e+01   6.7984e+00   0.0000e+00   5.2520e-04   2.7957e+02
20211128_15:00:00   3.3938e-01   8.1671e+01   6.7141e+00   0.0000e+00   1.2452e-03   2.7969e+02
20211128_18:00:00   3.3732e-01   8.1369e+01   6.6941e+00   0.0000e+00   3.0240e-05   2.8397e+02
20211128_21:00:00   3.5319e-01   8.4436e+01   7.0716e+00   0.0000e+00   0.0000e+00   2.8485e+02
20211129_00:00:00   3.7840e-01   8.9134e+01   7.5670e+00   0.0000e+00   0.0000e+00   2.8499e+02
20211129_03:00:00   3.6256e-01   8.6152e+01   7.1781e+00   0.0000e+00   0.0000e+00   2.8312e+02
20211129_06:00:00   3.6523e-01   8.6483e+01   7.1892e+00   0.0000e+00   0.0000e+00   2.7822e+02
20211129_09:00:00   3.6708e-01   8.7011e+01   7.1848e+00   0.0000e+00   0.0000e+00   2.7442e+02
20211129_12:00:00   3.5006e-01   8.3997e+01   6.8029e+00   0.0000e+00   0.0000e+00   2.7711e+02
20211129_15:00:00   4.1556e-01   9.5729e+01   8.1312e+00   0.0000e+00   2.6500e-06   2.8154e+02
20211129_18:00:00   4.9512e-01   1.0973e+02   9.6458e+00   0.0000e+00   1.2014e-06   2.8053e+02
20211129_21:00:00   5.3753e-01   1.1718e+02   1.0407e+01   0.0000e+00   0.0000e+00   2.7831e+02
20211130_00:00:00   5.4268e-01   1.1831e+02   1.0327e+01   9.9340e-05   1.6728e-03   2.7777e+02
20211130_03:00:00   5.0860e-01   1.1278e+02   9.6464e+00   0.0000e+00   2.6262e-02   2.7572e+02
20211130_06:00:00   4.8076e-01   1.0837e+02   9.0836e+00   0.0000e+00   9.8346e-02   2.7271e+02
