#            date       tau255        Tb[K]      pwv[mm] lwp[kg*m^-2] iwp[kg*m^-2]       o3[DU]
20210927_12:00:00   7.7912e-01   1.5116e+02   1.4785e+01   0.0000e+00   1.0602e-02   3.0297e+02
20210927_13:00:00   8.1133e-01   1.5508e+02   1.5246e+01   0.0000e+00   3.2246e-03   3.0432e+02
20210927_14:00:00   8.0301e-01   1.5410e+02   1.5038e+01   0.0000e+00   6.7051e-03   3.0647e+02
20210927_15:00:00   8.1676e-01   1.5576e+02   1.5300e+01   0.0000e+00   7.7937e-03   3.0819e+02
20210927_16:00:00   8.4315e-01   1.5897e+02   1.5818e+01   0.0000e+00   8.3963e-03   3.0890e+02
20210927_17:00:00   9.0381e-01   1.6612e+02   1.6549e+01   7.4499e-03   6.4565e-03   3.0851e+02
20210927_18:00:00   1.0929e+00   1.8524e+02   1.7787e+01   5.4891e-02   2.1944e-02   3.0752e+02
20210927_19:00:00   1.1385e+00   1.8911e+02   1.8408e+01   5.8709e-02   1.0152e-01   3.0642e+02
20210927_20:00:00   1.1839e+00   1.9308e+02   1.8009e+01   9.1216e-02   2.8558e-02   3.0543e+02
20210927_21:00:00   1.2081e+00   1.9538e+02   1.8383e+01   9.5452e-02   2.6068e-02   3.0510e+02
20210927_22:00:00   1.7686e+00   2.2994e+02   1.9092e+01   3.1466e-01   2.2857e-02   3.0414e+02
20210927_23:00:00   1.9301e+00   2.3688e+02   1.9186e+01   3.7622e-01   8.5649e-02   3.0359e+02
20210928_00:00:00   1.0393e+00   1.8078e+02   1.8246e+01   2.2270e-02   2.0350e-02   3.0382e+02
20210928_01:00:00   9.6458e-01   1.7342e+02   1.7726e+01   2.9040e-03   1.2317e-03   3.0476e+02
20210928_02:00:00   9.4466e-01   1.7132e+02   1.7513e+01   3.3600e-06   7.8061e-04   3.0547e+02
20210928_03:00:00   9.5435e-01   1.7227e+02   1.7686e+01   0.0000e+00   1.0946e-03   3.0670e+02
20210928_04:00:00   9.7463e-01   1.7426e+02   1.8063e+01   0.0000e+00   1.7365e-03   3.0768e+02
20210928_05:00:00   9.9524e-01   1.7621e+02   1.8431e+01   0.0000e+00   1.7314e-03   3.0938e+02
20210928_06:00:00   1.0084e+00   1.7740e+02   1.8649e+01   0.0000e+00   5.1115e-04   3.1052e+02
20210928_07:00:00   1.0148e+00   1.7800e+02   1.8715e+01   6.7200e-06   2.2451e-03   3.1314e+02
20210928_08:00:00   1.0178e+00   1.7829e+02   1.8695e+01   0.0000e+00   5.5622e-03   3.1352e+02
20210928_09:00:00   1.0249e+00   1.7894e+02   1.8739e+01   0.0000e+00   4.3107e-02   3.1207e+02
20210928_10:00:00   1.0149e+00   1.7791e+02   1.8526e+01   7.2180e-04   2.2285e-02   3.0947e+02
20210928_11:00:00   1.0279e+00   1.7921e+02   1.8416e+01   7.3176e-03   1.6046e-03   3.0645e+02
20210928_12:00:00   1.0520e+00   1.8141e+02   1.8522e+01   1.4278e-02   1.2703e-03   3.0502e+02
20210928_13:00:00   1.0831e+00   1.8437e+02   1.8490e+01   2.6310e-02   7.2537e-03   3.0381e+02
20210928_14:00:00   1.2588e+00   1.9943e+02   1.8696e+01   8.9607e-02   1.0333e-02   3.0251e+02
20210928_15:00:00   1.1383e+00   1.8972e+02   1.8423e+01   4.7520e-02   1.0124e-04   3.0150e+02
20210928_16:00:00   1.0509e+00   1.8202e+02   1.8113e+01   2.2200e-02   8.4097e-06   3.0133e+02
20210928_17:00:00   1.0725e+00   1.8433e+02   1.8839e+01   1.5390e-02   1.3438e-06   3.0099e+02
20210928_18:00:00   1.2957e+00   2.0353e+02   1.9018e+01   1.0293e-01   4.0320e-06   3.0073e+02
20210928_19:00:00   1.3448e+00   2.0729e+02   1.9375e+01   1.1857e-01   4.9712e-05   3.0015e+02
20210928_20:00:00   1.7471e+00   2.3019e+02   1.9942e+01   2.7981e-01   3.7089e-03   2.9909e+02
20210928_21:00:00   1.8167e+00   2.3308e+02   2.0750e+01   2.9510e-01   3.2327e-02   2.9956e+02
20210928_22:00:00   1.7414e+00   2.2948e+02   2.1489e+01   2.4777e-01   1.3968e-01   2.9902e+02
20210928_23:00:00   1.5433e+00   2.1952e+02   2.1312e+01   1.6224e-01   7.0069e-02   3.0023e+02
20210929_00:00:00   1.3065e+00   2.0365e+02   2.1389e+01   6.1746e-02   1.3082e-01   3.0178e+02
20210929_01:00:00   1.2297e+00   1.9769e+02   2.1012e+01   3.8354e-02   1.2447e-01   2.9969e+02
20210929_02:00:00   1.0618e+00   1.8333e+02   1.9719e+01   0.0000e+00   7.4182e-02   2.9776e+02
20210929_03:00:00   9.5663e-01   1.7368e+02   1.7311e+01   0.0000e+00   4.3705e-03   2.9804e+02
20210929_04:00:00   8.7004e-01   1.6457e+02   1.5435e+01   0.0000e+00   4.2380e-05   2.9887e+02
20210929_05:00:00   7.4684e-01   1.4957e+02   1.3375e+01   0.0000e+00   0.0000e+00   3.0166e+02
20210929_06:00:00   6.5054e-01   1.3652e+02   1.1589e+01   0.0000e+00   0.0000e+00   3.0461e+02
20210929_07:00:00   6.3172e-01   1.3380e+02   1.1150e+01   0.0000e+00   0.0000e+00   3.0621e+02
20210929_08:00:00   6.1433e-01   1.3123e+02   1.0796e+01   0.0000e+00   0.0000e+00   3.0536e+02
20210929_09:00:00   5.9233e-01   1.2782e+02   1.0464e+01   0.0000e+00   0.0000e+00   3.0556e+02
20210929_10:00:00   6.1031e-01   1.3029e+02   1.0827e+01   0.0000e+00   0.0000e+00   3.0384e+02
20210929_11:00:00   6.4259e-01   1.3483e+02   1.1399e+01   0.0000e+00   0.0000e+00   3.0189e+02
20210929_12:00:00   6.3679e-01   1.3384e+02   1.1360e+01   0.0000e+00   0.0000e+00   3.0070e+02
20210929_13:00:00   6.3857e-01   1.3392e+02   1.1469e+01   0.0000e+00   0.0000e+00   3.0020e+02
20210929_14:00:00   6.3722e-01   1.3365e+02   1.1492e+01   0.0000e+00   0.0000e+00   3.0000e+02
20210929_15:00:00   6.2993e-01   1.3269e+02   1.1398e+01   0.0000e+00   0.0000e+00   2.9989e+02
20210929_16:00:00   6.3192e-01   1.3304e+02   1.1509e+01   0.0000e+00   1.3422e-04   3.0027e+02
20210929_17:00:00   6.3513e-01   1.3353e+02   1.1705e+01   0.0000e+00   9.5650e-04   3.0032e+02
20210929_18:00:00   6.1825e-01   1.3113e+02   1.1553e+01   0.0000e+00   0.0000e+00   3.0024e+02
20210929_19:00:00   6.0764e-01   1.2949e+02   1.1555e+01   0.0000e+00   0.0000e+00   2.9968e+02
20210929_20:00:00   5.9772e-01   1.2806e+02   1.1464e+01   0.0000e+00   0.0000e+00   2.9958e+02
20210929_21:00:00   6.3077e-01   1.3258e+02   1.2299e+01   6.6220e-06   4.9760e-04   2.9951e+02
20210929_22:00:00   7.3474e-01   1.4638e+02   1.3414e+01   2.2400e-02   4.8583e-02   2.9961e+02
20210929_23:00:00   8.7668e-01   1.6356e+02   1.5452e+01   3.0251e-02   1.5915e-01   3.0095e+02
20210930_00:00:00   8.2797e-01   1.5831e+02   1.5712e+01   1.1258e-04   3.8689e-02   3.0124e+02
20210930_01:00:00   8.6881e-01   1.6281e+02   1.6291e+01   4.9700e-04   6.7451e-03   3.0117e+02
20210930_02:00:00   9.0320e-01   1.6630e+02   1.6666e+01   4.9760e-03   1.1952e-02   3.0157e+02
20210930_03:00:00   8.8598e-01   1.6428e+02   1.6470e+01   2.6600e-04   1.4600e-02   3.0207e+02
20210930_04:00:00   8.6477e-01   1.6179e+02   1.6012e+01   2.8340e-03   1.4443e-02   3.0457e+02
20210930_05:00:00   8.2017e-01   1.5665e+02   1.5394e+01   0.0000e+00   1.3506e-02   3.0597e+02
20210930_06:00:00   7.9106e-01   1.5313e+02   1.4955e+01   0.0000e+00   1.5960e-02   3.0597e+02
20210930_07:00:00   7.6069e-01   1.4940e+02   1.4429e+01   0.0000e+00   1.1283e-02   3.0627e+02
20210930_08:00:00   7.5562e-01   1.4869e+02   1.4339e+01   0.0000e+00   7.9375e-03   3.0712e+02
20210930_09:00:00   7.4629e-01   1.4746e+02   1.4165e+01   0.0000e+00   3.8284e-02   3.0859e+02
20210930_10:00:00   7.2929e-01   1.4524e+02   1.3874e+01   0.0000e+00   2.1625e-02   3.0972e+02
20210930_11:00:00   7.3052e-01   1.4532e+02   1.3881e+01   0.0000e+00   6.2111e-02   3.1052e+02
20210930_12:00:00   7.6366e-01   1.4927e+02   1.4426e+01   0.0000e+00   1.9645e-01   3.1167e+02
20210930_13:00:00   7.7879e-01   1.5098e+02   1.4683e+01   0.0000e+00   1.9379e-01   3.1407e+02
20210930_14:00:00   7.9169e-01   1.5260e+02   1.4930e+01   0.0000e+00   8.2109e-02   3.1445e+02
20210930_15:00:00   8.0180e-01   1.5393e+02   1.5063e+01   0.0000e+00   1.0794e-01   3.1368e+02
20210930_16:00:00   8.7752e-01   1.6267e+02   1.6076e+01   4.1900e-03   2.4986e-01   3.1216e+02
20210930_17:00:00   9.2433e-01   1.6778e+02   1.6877e+01   2.7055e-03   1.2458e-01   3.1070e+02
20210930_18:00:00   9.1369e-01   1.6684e+02   1.6825e+01   4.9540e-04   1.2654e-01   3.1096e+02
20210930_19:00:00   9.0516e-01   1.6604e+02   1.6771e+01   2.0620e-04   1.4397e-01   3.1072e+02
20210930_20:00:00   9.7040e-01   1.7293e+02   1.6889e+01   2.5690e-02   1.3250e-01   3.1021e+02
20210930_21:00:00   1.1483e+00   1.8966e+02   1.7303e+01   9.0479e-02   7.7048e-02   3.0978e+02
20210930_22:00:00   1.2246e+00   1.9600e+02   1.7273e+01   1.2043e-01   7.2825e-02   3.0887e+02
20210930_23:00:00   1.0351e+00   1.7962e+02   1.6321e+01   6.4223e-02   1.9345e-02   3.0917e+02
20211001_00:00:00   9.1105e-01   1.6710e+02   1.6348e+01   1.0813e-02   1.8037e-02   3.0838e+02
20211001_01:00:00   9.2926e-01   1.6901e+02   1.6858e+01   4.2940e-03   2.7694e-03   3.0762e+02
20211001_02:00:00   9.7448e-01   1.7350e+02   1.7533e+01   5.1120e-03   8.7054e-03   3.1047e+02
20211001_03:00:00   1.0467e+00   1.8052e+02   1.7586e+01   3.2259e-02   8.3456e-03   3.1200e+02
20211001_04:00:00   1.1128e+00   1.8667e+02   1.7351e+01   6.4860e-02   2.5679e-02   3.1265e+02
20211001_05:00:00   1.2711e+00   1.9946e+02   1.7831e+01   1.1892e-01   2.8205e-02   3.1272e+02
20211001_06:00:00   1.7066e+00   2.2648e+02   1.8285e+01   2.8252e-01   3.1455e-02   3.1394e+02
20211001_07:00:00   2.4282e+00   2.5156e+02   1.8549e+01   5.7694e-01   9.9885e-02   3.1237e+02
20211001_08:00:00   1.8868e+00   2.3410e+02   1.8290e+01   3.5733e-01   6.6544e-02   3.1172e+02
20211001_09:00:00   1.6176e+00   2.2157e+02   1.7918e+01   2.5239e-01   3.0517e-02   3.1433e+02
20211001_10:00:00   1.9080e+00   2.3532e+02   1.7734e+01   3.7249e-01   3.7211e-03   3.1487e+02
20211001_11:00:00   2.2898e+00   2.4811e+02   1.7218e+01   5.4036e-01   1.2760e-03   3.1129e+02
20211001_12:00:00   2.1149e+00   2.4254e+02   1.6838e+01   4.7927e-01   1.5116e-03   3.0791e+02
20211001_13:00:00   1.8565e+00   2.3235e+02   1.6717e+01   3.7868e-01   1.2121e-03   3.0702e+02
20211001_14:00:00   1.5095e+00   2.1466e+02   1.6507e+01   2.4004e-01   6.6260e-04   3.0773e+02
20211001_15:00:00   1.0457e+00   1.7987e+02   1.6176e+01   5.3939e-02   1.5988e-04   3.0681e+02
20211001_16:00:00   1.0531e+00   1.8076e+02   1.6304e+01   5.4503e-02   1.1688e-04   3.0494e+02
20211001_17:00:00   9.6464e-01   1.7213e+02   1.6130e+01   2.3172e-02   8.3140e-05   3.0199e+02
20211001_18:00:00   1.0274e+00   1.7883e+02   1.6107e+01   4.9630e-02   1.6208e-05   2.9845e+02
20211001_19:00:00   1.2767e+00   2.0047e+02   1.6297e+01   1.4718e-01   1.3178e-04   2.9588e+02
20211001_20:00:00   1.2637e+00   1.9941e+02   1.6289e+01   1.4275e-01   1.9698e-04   2.9384e+02
20211001_21:00:00   9.8782e-01   1.7527e+02   1.6068e+01   3.4166e-02   9.6724e-05   2.9366e+02
20211001_22:00:00   9.4330e-01   1.7083e+02   1.5965e+01   1.9608e-02   1.3673e-04   2.9434e+02
20211001_23:00:00   9.0221e-01   1.6654e+02   1.5562e+01   1.3686e-02   7.3676e-05   2.9426e+02
20211002_00:00:00   8.4766e-01   1.6050e+02   1.5103e+01   3.7920e-03   5.8220e-05   2.9394e+02
20211002_01:00:00   8.8254e-01   1.6436e+02   1.4919e+01   2.2240e-02   1.3384e-04   2.9459e+02
20211002_02:00:00   9.0124e-01   1.6633e+02   1.4767e+01   3.3240e-02   2.0658e-04   2.9470e+02
20211002_03:00:00   8.7654e-01   1.6368e+02   1.4465e+01   2.9840e-02   3.2820e-04   2.9424e+02
20211002_04:00:00   7.6955e-01   1.5123e+02   1.3838e+01   8.0760e-04   4.9700e-05   2.9354e+02
20211002_05:00:00   7.4120e-01   1.4769e+02   1.3395e+01   0.0000e+00   0.0000e+00   2.9343e+02
20211002_06:00:00   7.3126e-01   1.4641e+02   1.3202e+01   0.0000e+00   0.0000e+00   2.9330e+02
20211002_07:00:00   7.2244e-01   1.4521e+02   1.3024e+01   0.0000e+00   0.0000e+00   2.9310e+02
20211002_08:00:00   7.0931e-01   1.4344e+02   1.2770e+01   0.0000e+00   0.0000e+00   2.9352e+02
20211002_09:00:00   6.9155e-01   1.4104e+02   1.2433e+01   0.0000e+00   0.0000e+00   2.9317e+02
20211002_10:00:00   6.7319e-01   1.3855e+02   1.2091e+01   0.0000e+00   0.0000e+00   2.9211e+02
20211002_11:00:00   6.5940e-01   1.3662e+02   1.1850e+01   0.0000e+00   0.0000e+00   2.9110e+02
20211002_12:00:00   6.4546e-01   1.3467e+02   1.1591e+01   0.0000e+00   0.0000e+00   2.9004e+02
20211002_15:00:00   6.2105e-01   1.3138e+02   1.1158e+01   0.0000e+00   0.0000e+00   2.8983e+02
20211002_18:00:00   6.0909e-01   1.3033e+02   1.1071e+01   0.0000e+00   0.0000e+00   2.8764e+02
20211002_21:00:00   6.3595e-01   1.3475e+02   1.1675e+01   0.0000e+00   2.1540e-03   2.8549e+02
20211003_00:00:00   6.0772e-01   1.3087e+02   1.1174e+01   0.0000e+00   1.6580e-04   2.8356e+02
20211003_03:00:00   5.5190e-01   1.2204e+02   1.0099e+01   0.0000e+00   8.8400e-03   2.8490e+02
20211003_06:00:00   5.0689e-01   1.1462e+02   9.3314e+00   0.0000e+00   2.2780e-04   2.8715e+02
20211003_09:00:00   5.5062e-01   1.2139e+02   1.0154e+01   0.0000e+00   0.0000e+00   2.8774e+02
20211003_12:00:00   5.9847e-01   1.2856e+02   1.0952e+01   0.0000e+00   0.0000e+00   2.8681e+02
20211003_15:00:00   5.8393e-01   1.2645e+02   1.0658e+01   0.0000e+00   0.0000e+00   2.8595e+02
20211003_18:00:00   5.7970e-01   1.2605e+02   1.0779e+01   0.0000e+00   0.0000e+00   2.8531e+02
20211003_21:00:00   6.1634e-01   1.3165e+02   1.1626e+01   0.0000e+00   2.6880e-06   2.8462e+02
20211004_00:00:00   6.3205e-01   1.3413e+02   1.1902e+01   2.1920e-04   1.1559e-04   2.8327e+02
20211004_03:00:00   6.0789e-01   1.3062e+02   1.1293e+01   0.0000e+00   0.0000e+00   2.7913e+02
20211004_06:00:00   6.1242e-01   1.3099e+02   1.1367e+01   0.0000e+00   0.0000e+00   2.7620e+02
20211004_09:00:00   6.2310e-01   1.3233e+02   1.1508e+01   0.0000e+00   0.0000e+00   2.7541e+02
20211004_12:00:00   6.4219e-01   1.3543e+02   1.1626e+01   0.0000e+00   0.0000e+00   2.7735e+02
20211004_15:00:00   6.4206e-01   1.3551e+02   1.1611e+01   0.0000e+00   0.0000e+00   2.7719e+02
20211004_18:00:00   6.3333e-01   1.3439e+02   1.1710e+01   0.0000e+00   8.8900e-06   2.7482e+02
20211004_21:00:00   6.1686e-01   1.3169e+02   1.1846e+01   2.5860e-04   2.5191e-04   2.7316e+02
20211005_00:00:00   6.3978e-01   1.3478e+02   1.2444e+01   1.3334e-03   2.2563e-02   2.7076e+02
20211005_03:00:00   7.2455e-01   1.4692e+02   1.3615e+01   0.0000e+00   7.4900e-05   2.6647e+02
20211005_06:00:00   6.8844e-01   1.4190e+02   1.2782e+01   0.0000e+00   0.0000e+00   2.6912e+02
20211005_09:00:00   6.5936e-01   1.3767e+02   1.2158e+01   1.2764e-03   2.0420e-05   2.6616e+02
20211005_12:00:00   6.6604e-01   1.3832e+02   1.2410e+01   4.6260e-04   1.1912e-04   2.6741e+02
20211005_15:00:00   6.3373e-01   1.3387e+02   1.1878e+01   0.0000e+00   2.4020e-06   2.7274e+02
20211005_18:00:00   6.3223e-01   1.3407e+02   1.1971e+01   0.0000e+00   0.0000e+00   2.7562e+02
20211005_21:00:00   6.6137e-01   1.3794e+02   1.2937e+01   1.9316e-04   3.2944e-03   2.7375e+02
20211006_00:00:00   8.3266e-01   1.6040e+02   1.5763e+01   3.0040e-03   3.7427e-02   2.7420e+02
20211006_03:00:00   9.5458e-01   1.7371e+02   1.7565e+01   7.9695e-03   5.3809e-03   2.7843e+02
20211006_06:00:00   8.7456e-01   1.6499e+02   1.6460e+01   1.8624e-03   7.5231e-03   2.7960e+02
20211006_09:00:00   9.1869e-01   1.6935e+02   1.7457e+01   1.6518e-04   6.7529e-03   2.8303e+02
20211006_12:00:00   9.6967e-01   1.7453e+02   1.8452e+01   0.0000e+00   1.4632e-01   2.8124e+02
20211006_15:00:00   1.0914e+00   1.8585e+02   2.0505e+01   0.0000e+00   2.7462e-01   2.8317e+02
20211006_18:00:00   1.1437e+00   1.9079e+02   2.1079e+01   1.2004e-02   6.1305e-02   2.8004e+02
20211006_21:00:00   2.2800e+00   2.4969e+02   2.3272e+01   4.1757e-01   4.7768e-01   2.7609e+02
20211007_00:00:00   1.4491e+00   2.1356e+02   2.2290e+01   9.9069e-02   8.5627e-02   2.7513e+02
20211007_03:00:00   1.1299e+00   1.9060e+02   2.0835e+01   4.7680e-05   1.8016e-03   2.7540e+02
20211007_06:00:00   1.1684e+00   1.9377e+02   2.1559e+01   0.0000e+00   5.9279e-03   2.7592e+02
20211007_09:00:00   1.1680e+00   1.9348e+02   2.1733e+01   2.7380e-05   1.2022e-02   2.7314e+02
20211007_12:00:00   1.2405e+00   1.9921e+02   2.2142e+01   1.4939e-02   5.3327e-04   2.7128e+02
20211007_15:00:00   1.4744e+00   2.1551e+02   2.2183e+01   1.1114e-01   3.9773e-03   2.7099e+02
20211007_18:00:00   1.1667e+00   1.9385e+02   2.1535e+01   0.0000e+00   1.3628e-03   2.7213e+02
20211007_21:00:00   1.3283e+00   2.0707e+02   2.1877e+01   6.1902e-02   1.0142e-02   2.7171e+02
20211008_00:00:00   1.3735e+00   2.1037e+02   2.0002e+01   1.2659e-01   1.9438e-02   2.7200e+02
20211008_03:00:00   1.5187e+00   2.1956e+02   2.0454e+01   1.7347e-01   1.7206e-02   2.7333e+02
20211008_06:00:00   9.8227e-01   1.7728e+02   1.8446e+01   0.0000e+00   1.4831e-02   2.7333e+02
20211008_09:00:00   9.1921e-01   1.7006e+02   1.7460e+01   0.0000e+00   6.0083e-02   2.7023e+02
20211008_12:00:00   8.0947e-01   1.5721e+02   1.5461e+01   0.0000e+00   1.1611e-02   2.7146e+02
20211008_15:00:00   7.2777e-01   1.4732e+02   1.3652e+01   0.0000e+00   1.7836e-04   2.7181e+02
20211008_18:00:00   7.2653e-01   1.4730e+02   1.3969e+01   0.0000e+00   2.8882e-03   2.7211e+02
20211008_21:00:00   9.0137e-01   1.6852e+02   1.7358e+01   5.0580e-03   4.8907e-03   2.7126e+02
20211009_00:00:00   9.4962e-01   1.7391e+02   1.7494e+01   2.3819e-02   1.4209e-02   2.7272e+02
20211009_03:00:00   9.1565e-01   1.7043e+02   1.7258e+01   8.7697e-03   9.3636e-03   2.7431e+02
20211009_06:00:00   8.2629e-01   1.6023e+02   1.5838e+01   0.0000e+00   9.2199e-04   2.7489e+02
20211009_09:00:00   8.0701e-01   1.5761e+02   1.5473e+01   0.0000e+00   9.9000e-06   2.7437e+02
20211009_12:00:00   7.3329e-01   1.4840e+02   1.3987e+01   0.0000e+00   0.0000e+00   2.7172e+02
20211009_15:00:00   6.9883e-01   1.4394e+02   1.3325e+01   0.0000e+00   0.0000e+00   2.6953e+02
20211009_18:00:00   6.8676e-01   1.4275e+02   1.3356e+01   0.0000e+00   0.0000e+00   2.6840e+02
20211009_21:00:00   7.9473e-01   1.5715e+02   1.5613e+01   0.0000e+00   0.0000e+00   2.6611e+02
20211010_00:00:00   7.9859e-01   1.5803e+02   1.5224e+01   7.2160e-03   4.6800e-04   2.6688e+02
20211010_03:00:00   8.1280e-01   1.5941e+02   1.5727e+01   0.0000e+00   1.9524e-04   2.6988e+02
20211010_06:00:00   6.9662e-01   1.4420e+02   1.3558e+01   0.0000e+00   0.0000e+00   2.7387e+02
20211010_09:00:00   8.3892e-01   1.6259e+02   1.5962e+01   0.0000e+00   1.3864e-03   2.7450e+02
20211010_12:00:00   9.9417e-01   1.7944e+02   1.8326e+01   0.0000e+00   0.0000e+00   2.7538e+02
20211010_15:00:00   9.9847e-01   1.7991e+02   1.8165e+01   4.0960e-04   5.7521e-04   2.7748e+02
20211010_18:00:00   9.9830e-01   1.8021e+02   1.8574e+01   0.0000e+00   5.1698e-04   2.8066e+02
20211010_21:00:00   7.5950e-01   1.5251e+02   1.4709e+01   0.0000e+00   1.4693e-04   2.8253e+02
20211011_00:00:00   5.2950e-01   1.1939e+02   1.0226e+01   0.0000e+00   0.0000e+00   2.8669e+02
20211011_03:00:00   3.9318e-01   9.5798e+01   7.3355e+00   0.0000e+00   0.0000e+00   2.9422e+02
20211011_06:00:00   3.8788e-01   9.4436e+01   7.2237e+00   0.0000e+00   0.0000e+00   2.9344e+02
20211011_09:00:00   3.1952e-01   8.0833e+01   5.9569e+00   0.0000e+00   0.0000e+00   2.9690e+02
20211011_12:00:00   2.7412e-01   7.0849e+01   5.2157e+00   0.0000e+00   0.0000e+00   2.9861e+02
20211011_15:00:00   2.7300e-01   7.0166e+01   5.2580e+00   0.0000e+00   0.0000e+00   2.9938e+02
20211011_18:00:00   3.7637e-01   8.9665e+01   7.6172e+00   0.0000e+00   1.5838e-04   2.9738e+02
20211011_21:00:00   3.5576e-01   8.6771e+01   6.9872e+00   0.0000e+00   0.0000e+00   2.9521e+02
20211012_00:00:00   3.1922e-01   7.9942e+01   6.1471e+00   0.0000e+00   0.0000e+00   2.9330e+02
20211012_03:00:00   2.4990e-01   6.5593e+01   4.7655e+00   0.0000e+00   0.0000e+00   2.8636e+02
20211012_06:00:00   2.5886e-01   6.7537e+01   4.9340e+00   0.0000e+00   0.0000e+00   2.8753e+02
20211012_09:00:00   2.6879e-01   6.9586e+01   5.1347e+00   0.0000e+00   0.0000e+00   2.8596e+02
20211012_12:00:00   2.5089e-01   6.5826e+01   4.7811e+00   0.0000e+00   0.0000e+00   2.8622e+02
20211012_15:00:00   2.5644e-01   6.6927e+01   4.9249e+00   0.0000e+00   0.0000e+00   2.8339e+02
20211012_18:00:00   2.6729e-01   6.9510e+01   5.2355e+00   0.0000e+00   0.0000e+00   2.8012e+02
20211012_21:00:00   3.0877e-01   7.8364e+01   6.1925e+00   0.0000e+00   0.0000e+00   2.8297e+02
20211013_00:00:00   3.3212e-01   8.3171e+01   6.7051e+00   0.0000e+00   0.0000e+00   2.8185e+02
20211013_03:00:00   3.3107e-01   8.2976e+01   6.5408e+00   0.0000e+00   0.0000e+00   2.8388e+02
20211013_06:00:00   3.1931e-01   8.0488e+01   6.2897e+00   0.0000e+00   0.0000e+00   2.8703e+02
20211013_09:00:00   2.9861e-01   7.6118e+01   5.8503e+00   0.0000e+00   0.0000e+00   2.8996e+02
20211013_12:00:00   2.5922e-01   6.7489e+01   5.0923e+00   0.0000e+00   3.3120e-06   2.8552e+02
