#            date       tau255        Tb[K]      pwv[mm] lwp[kg*m^-2] iwp[kg*m^-2]       o3[DU]
20221215_00:00:00   1.7886e-01   4.7531e+01   2.9023e+00   0.0000e+00   0.0000e+00   3.0825e+02
20221215_01:00:00   1.7524e-01   4.6681e+01   2.8364e+00   0.0000e+00   0.0000e+00   3.0657e+02
20221215_02:00:00   1.7831e-01   4.7335e+01   2.8825e+00   0.0000e+00   6.9260e-07   2.9323e+02
20221215_03:00:00   1.7796e-01   4.7265e+01   2.8697e+00   0.0000e+00   1.4626e-06   2.8840e+02
20221215_04:00:00   1.6892e-01   4.5301e+01   2.6973e+00   0.0000e+00   7.7110e-07   2.8696e+02
20221215_05:00:00   1.6121e-01   4.3624e+01   2.5522e+00   0.0000e+00   0.0000e+00   2.8941e+02
20221215_06:00:00   1.5638e-01   4.2541e+01   2.4756e+00   0.0000e+00   0.0000e+00   2.8876e+02
20221215_07:00:00   1.5316e-01   4.1798e+01   2.4373e+00   0.0000e+00   0.0000e+00   2.8363e+02
20221215_08:00:00   1.5334e-01   4.1788e+01   2.4761e+00   0.0000e+00   0.0000e+00   2.7483e+02
20221215_09:00:00   1.5895e-01   4.2955e+01   2.6294e+00   0.0000e+00   0.0000e+00   2.7154e+02
20221215_10:00:00   1.6346e-01   4.3887e+01   2.7653e+00   0.0000e+00   0.0000e+00   2.6985e+02
20221215_11:00:00   1.7285e-01   4.5887e+01   3.0011e+00   0.0000e+00   0.0000e+00   2.6639e+02
20221215_12:00:00   1.8364e-01   4.8202e+01   3.2592e+00   0.0000e+00   0.0000e+00   2.6231e+02
20221215_13:00:00   1.9675e-01   5.1032e+01   3.5423e+00   0.0000e+00   0.0000e+00   2.5736e+02
20221215_14:00:00   2.0436e-01   5.2665e+01   3.7036e+00   0.0000e+00   0.0000e+00   2.5378e+02
20221215_15:00:00   2.1332e-01   5.4575e+01   3.9050e+00   0.0000e+00   0.0000e+00   2.5355e+02
20221215_16:00:00   2.2498e-01   5.7080e+01   4.1247e+00   0.0000e+00   0.0000e+00   2.5556e+02
20221215_17:00:00   2.3842e-01   6.0023e+01   4.3266e+00   0.0000e+00   0.0000e+00   2.5723e+02
20221215_18:00:00   2.3503e-01   5.9487e+01   4.2090e+00   0.0000e+00   0.0000e+00   2.5756e+02
20221215_19:00:00   2.3246e-01   5.9005e+01   4.1293e+00   0.0000e+00   0.0000e+00   2.5600e+02
20221215_20:00:00   2.3375e-01   5.9282e+01   4.1339e+00   0.0000e+00   0.0000e+00   2.5645e+02
20221215_21:00:00   2.4122e-01   6.0832e+01   4.2745e+00   0.0000e+00   0.0000e+00   2.5626e+02
20221215_22:00:00   2.4206e-01   6.1021e+01   4.2969e+00   0.0000e+00   0.0000e+00   2.5308e+02
20221215_23:00:00   2.4024e-01   6.0605e+01   4.2761e+00   0.0000e+00   9.4300e-05   2.5114e+02
20221216_00:00:00   2.3870e-01   6.0150e+01   4.2826e+00   0.0000e+00   3.2806e-03   2.5155e+02
20221216_01:00:00   2.3383e-01   5.9045e+01   4.2256e+00   0.0000e+00   2.0352e-03   2.5324e+02
20221216_02:00:00   2.3720e-01   5.9613e+01   4.3149e+00   0.0000e+00   6.7305e-04   2.5925e+02
20221216_03:00:00   2.4540e-01   6.1097e+01   4.5103e+00   0.0000e+00   1.8226e-02   2.6062e+02
20221216_04:00:00   2.4629e-01   6.1146e+01   4.5361e+00   0.0000e+00   4.8570e-02   2.6389e+02
20221216_05:00:00   2.4411e-01   6.0627e+01   4.5086e+00   0.0000e+00   6.2819e-02   2.6636e+02
20221216_06:00:00   2.3906e-01   5.9647e+01   4.3872e+00   0.0000e+00   5.4230e-02   2.6841e+02
20221216_07:00:00   2.4339e-01   6.0621e+01   4.4021e+00   0.0000e+00   6.0191e-03   2.6964e+02
20221216_08:00:00   2.4845e-01   6.1672e+01   4.4126e+00   0.0000e+00   5.5300e-03   2.7252e+02
20221216_09:00:00   2.5248e-01   6.2442e+01   4.4538e+00   0.0000e+00   1.8968e-03   2.7440e+02
20221216_10:00:00   2.3719e-01   5.9311e+01   4.1439e+00   0.0000e+00   6.8504e-04   2.7602e+02
20221216_11:00:00   2.2014e-01   5.5736e+01   3.8180e+00   0.0000e+00   1.8694e-04   2.7310e+02
20221216_12:00:00   2.1120e-01   5.3784e+01   3.6769e+00   0.0000e+00   2.5383e-04   2.7301e+02
20221216_13:00:00   1.9716e-01   5.0801e+01   3.3817e+00   0.0000e+00   1.5672e-04   2.7574e+02
20221216_14:00:00   1.8032e-01   4.7158e+01   3.0849e+00   0.0000e+00   2.2560e-04   2.7744e+02
20221216_15:00:00   1.6430e-01   4.3621e+01   2.7986e+00   0.0000e+00   0.0000e+00   2.8218e+02
20221216_16:00:00   1.4448e-01   3.9242e+01   2.4271e+00   0.0000e+00   0.0000e+00   2.8864e+02
20221216_17:00:00   1.2622e-01   3.5186e+01   2.0766e+00   0.0000e+00   0.0000e+00   2.9054e+02
20221216_18:00:00   1.1890e-01   3.3648e+01   1.8890e+00   0.0000e+00   0.0000e+00   2.9309e+02
20221216_19:00:00   1.1272e-01   3.2245e+01   1.7796e+00   0.0000e+00   0.0000e+00   2.9267e+02
20221216_20:00:00   1.1033e-01   3.1713e+01   1.7302e+00   0.0000e+00   0.0000e+00   2.9232e+02
20221216_21:00:00   1.1258e-01   3.2231e+01   1.7740e+00   0.0000e+00   0.0000e+00   2.9150e+02
20221216_22:00:00   1.1434e-01   3.2619e+01   1.8065e+00   0.0000e+00   0.0000e+00   2.9053e+02
20221216_23:00:00   1.2567e-01   3.5162e+01   2.0144e+00   0.0000e+00   0.0000e+00   2.9097e+02
20221217_00:00:00   1.3887e-01   3.8127e+01   2.2219e+00   0.0000e+00   1.4402e-03   2.9109e+02
20221217_01:00:00   1.4655e-01   3.9820e+01   2.3379e+00   0.0000e+00   2.1300e-03   2.9177e+02
20221217_02:00:00   1.4944e-01   4.0485e+01   2.3799e+00   0.0000e+00   8.0878e-04   2.9550e+02
20221217_03:00:00   1.3891e-01   3.8202e+01   2.1918e+00   0.0000e+00   2.9640e-06   2.9260e+02
20221217_04:00:00   1.2527e-01   3.5157e+01   1.9349e+00   0.0000e+00   0.0000e+00   2.9333e+02
20221217_05:00:00   1.1794e-01   3.3499e+01   1.8069e+00   0.0000e+00   0.0000e+00   2.9222e+02
20221217_06:00:00   1.1677e-01   3.3203e+01   1.7960e+00   0.0000e+00   0.0000e+00   2.8875e+02
20221217_07:00:00   1.1387e-01   3.2541e+01   1.7467e+00   0.0000e+00   0.0000e+00   2.8593e+02
20221217_08:00:00   1.0612e-01   3.0824e+01   1.5819e+00   0.0000e+00   0.0000e+00   2.9078e+02
20221217_09:00:00   9.9747e-02   2.9339e+01   1.4616e+00   0.0000e+00   0.0000e+00   2.9458e+02
20221217_10:00:00   9.6159e-02   2.8463e+01   1.4175e+00   0.0000e+00   0.0000e+00   2.9365e+02
20221217_11:00:00   9.4025e-02   2.7953e+01   1.3898e+00   0.0000e+00   0.0000e+00   2.9171e+02
20221217_12:00:00   9.2488e-02   2.7609e+01   1.3701e+00   0.0000e+00   0.0000e+00   2.9013e+02
20221217_13:00:00   9.2781e-02   2.7721e+01   1.3846e+00   0.0000e+00   0.0000e+00   2.8880e+02
20221217_14:00:00   9.7236e-02   2.8822e+01   1.4805e+00   0.0000e+00   0.0000e+00   2.8570e+02
20221217_15:00:00   9.8413e-02   2.9162e+01   1.5109e+00   0.0000e+00   0.0000e+00   2.8242e+02
20221217_16:00:00   9.8262e-02   2.9185e+01   1.5179e+00   0.0000e+00   0.0000e+00   2.8194e+02
20221217_17:00:00   1.0296e-01   3.0346e+01   1.6093e+00   0.0000e+00   0.0000e+00   2.8194e+02
20221217_18:00:00   1.0558e-01   3.1010e+01   1.6666e+00   0.0000e+00   0.0000e+00   2.8229e+02
20221217_19:00:00   1.0852e-01   3.1744e+01   1.7386e+00   0.0000e+00   0.0000e+00   2.8365e+02
20221217_20:00:00   1.0992e-01   3.2126e+01   1.7775e+00   0.0000e+00   0.0000e+00   2.8773e+02
20221217_21:00:00   1.1247e-01   3.2763e+01   1.8424e+00   0.0000e+00   1.8844e-05   2.8929e+02
20221217_22:00:00   1.1639e-01   3.3698e+01   1.9309e+00   0.0000e+00   0.0000e+00   2.8886e+02
20221217_23:00:00   1.1879e-01   3.4278e+01   1.9803e+00   0.0000e+00   7.2380e-05   2.8988e+02
20221218_00:00:00   1.1910e-01   3.4351e+01   1.9923e+00   0.0000e+00   2.0660e-05   2.8997e+02
20221218_01:00:00   1.1964e-01   3.4471e+01   2.0126e+00   0.0000e+00   1.7342e-05   2.8942e+02
20221218_02:00:00   1.2310e-01   3.5214e+01   2.1070e+00   0.0000e+00   6.7060e-04   2.8881e+02
20221218_03:00:00   1.2538e-01   3.5652e+01   2.1852e+00   0.0000e+00   2.7533e-03   2.8765e+02
20221218_04:00:00   1.2901e-01   3.6411e+01   2.2862e+00   0.0000e+00   6.1237e-03   2.8857e+02
20221218_05:00:00   1.3297e-01   3.7256e+01   2.3888e+00   0.0000e+00   2.2150e-03   2.8925e+02
20221218_06:00:00   1.4066e-01   3.8872e+01   2.5856e+00   0.0000e+00   1.6896e-03   2.8990e+02
20221218_07:00:00   1.4694e-01   4.0211e+01   2.7291e+00   0.0000e+00   3.0247e-03   2.8857e+02
20221218_08:00:00   1.5852e-01   4.2730e+01   2.9856e+00   0.0000e+00   5.0558e-03   2.8759e+02
20221218_09:00:00   1.7190e-01   4.5593e+01   3.2837e+00   0.0000e+00   6.2118e-03   2.8710e+02
20221218_10:00:00   1.7757e-01   4.6731e+01   3.4089e+00   0.0000e+00   1.1171e-02   2.8591e+02
20221218_11:00:00   1.8958e-01   4.9211e+01   3.6094e+00   0.0000e+00   1.5173e-01   2.8526e+02
20221218_12:00:00   2.1476e-01   5.4452e+01   4.1997e+00   0.0000e+00   5.0963e-02   2.8366e+02
20221218_13:00:00   2.2032e-01   5.5547e+01   4.2672e+00   0.0000e+00   1.4982e-01   2.8879e+02
20221218_14:00:00   2.2279e-01   5.6078e+01   4.3318e+00   0.0000e+00   6.4751e-02   2.9257e+02
20221218_15:00:00   2.2729e-01   5.6975e+01   4.4275e+00   0.0000e+00   4.7855e-02   2.9541e+02
20221218_16:00:00   2.3467e-01   5.8495e+01   4.5604e+00   0.0000e+00   2.2981e-02   2.9690e+02
20221218_17:00:00   2.6101e-01   6.3916e+01   5.0231e+00   0.0000e+00   7.9556e-02   2.9801e+02
20221218_18:00:00   2.9677e-01   7.1147e+01   5.6820e+00   0.0000e+00   3.8149e-02   2.9561e+02
20221218_19:00:00   3.5619e-01   8.2517e+01   6.7565e+00   0.0000e+00   3.1741e-02   2.9532e+02
20221218_20:00:00   4.0037e-01   9.0735e+01   7.4681e+00   0.0000e+00   9.1407e-03   2.9547e+02
20221218_21:00:00   4.1928e-01   9.4161e+01   7.6655e+00   2.8840e-05   9.8436e-02   2.9783e+02
20221218_22:00:00   4.2414e-01   9.4870e+01   7.7038e+00   1.4424e-05   1.6891e-01   3.0453e+02
20221218_23:00:00   4.5178e-01   9.9330e+01   8.0752e+00   0.0000e+00   3.8035e-01   3.0838e+02
20221219_00:00:00   4.5377e-01   9.9708e+01   8.1421e+00   0.0000e+00   1.2141e-01   3.0928e+02
20221219_01:00:00   4.4967e-01   9.8842e+01   8.0660e+00   0.0000e+00   1.8564e-01   3.1068e+02
20221219_02:00:00   4.4377e-01   9.8014e+01   7.9895e+00   0.0000e+00   1.4159e-02   3.1150e+02
20221219_03:00:00   4.2424e-01   9.4863e+01   7.6266e+00   0.0000e+00   8.3087e-04   3.1032e+02
20221219_04:00:00   4.0429e-01   9.1508e+01   7.2203e+00   0.0000e+00   1.3382e-04   3.0878e+02
20221219_05:00:00   3.8084e-01   8.7422e+01   6.7740e+00   0.0000e+00   2.7032e-05   3.0874e+02
20221219_06:00:00   3.6380e-01   8.4415e+01   6.4553e+00   0.0000e+00   0.0000e+00   3.0909e+02
20221219_07:00:00   3.4595e-01   8.1311e+01   6.0723e+00   0.0000e+00   0.0000e+00   3.0530e+02
20221219_08:00:00   3.2555e-01   7.7637e+01   5.6417e+00   0.0000e+00   3.1910e-06   3.0460e+02
20221219_09:00:00   2.9228e-01   7.1439e+01   4.9600e+00   0.0000e+00   0.0000e+00   3.0398e+02
20221219_10:00:00   2.4530e-01   6.2150e+01   4.0600e+00   0.0000e+00   0.0000e+00   3.0406e+02
20221219_11:00:00   2.2700e-01   5.8346e+01   3.7365e+00   0.0000e+00   0.0000e+00   3.0466e+02
20221219_12:00:00   2.1808e-01   5.6437e+01   3.5861e+00   0.0000e+00   0.0000e+00   3.0371e+02
20221219_13:00:00   2.0997e-01   5.4702e+01   3.4388e+00   0.0000e+00   0.0000e+00   3.0321e+02
20221219_14:00:00   2.0120e-01   5.2796e+01   3.2971e+00   0.0000e+00   0.0000e+00   3.0361e+02
20221219_15:00:00   1.9311e-01   5.1029e+01   3.1784e+00   0.0000e+00   0.0000e+00   3.0457e+02
20221219_16:00:00   1.8551e-01   4.9387e+01   3.0806e+00   0.0000e+00   0.0000e+00   3.0485e+02
20221219_17:00:00   1.8419e-01   4.9129e+01   3.0765e+00   0.0000e+00   0.0000e+00   3.0716e+02
20221219_18:00:00   1.7365e-01   4.6837e+01   2.9235e+00   0.0000e+00   0.0000e+00   3.0900e+02
20221219_19:00:00   1.6886e-01   4.5812e+01   2.8574e+00   0.0000e+00   0.0000e+00   3.1428e+02
20221219_20:00:00   1.7814e-01   4.7920e+01   3.0348e+00   0.0000e+00   0.0000e+00   3.1741e+02
20221219_21:00:00   1.7927e-01   4.8203e+01   3.0613e+00   0.0000e+00   0.0000e+00   3.2140e+02
20221219_22:00:00   1.7247e-01   4.6758e+01   2.9310e+00   0.0000e+00   0.0000e+00   3.1900e+02
20221219_23:00:00   1.6876e-01   4.5951e+01   2.8474e+00   0.0000e+00   0.0000e+00   3.1881e+02
20221220_00:00:00   1.6048e-01   4.4067e+01   2.6850e+00   0.0000e+00   0.0000e+00   3.1738e+02
20221220_03:00:00   1.4103e-01   3.9598e+01   2.3183e+00   0.0000e+00   0.0000e+00   3.1397e+02
20221220_06:00:00   1.2244e-01   3.5276e+01   1.9742e+00   0.0000e+00   0.0000e+00   3.0855e+02
20221220_09:00:00   1.2091e-01   3.4826e+01   1.9977e+00   0.0000e+00   0.0000e+00   2.9686e+02
20221220_12:00:00   1.3096e-01   3.6967e+01   2.3013e+00   0.0000e+00   0.0000e+00   2.9509e+02
20221220_15:00:00   1.4406e-01   3.9888e+01   2.6427e+00   0.0000e+00   0.0000e+00   2.9566e+02
20221220_18:00:00   1.4501e-01   4.0191e+01   2.6671e+00   0.0000e+00   2.3860e-05   2.9477e+02
20221220_21:00:00   1.4969e-01   4.1634e+01   2.6628e+00   0.0000e+00   3.2581e-02   2.9202e+02
20221221_00:00:00   1.6782e-01   4.5942e+01   2.9574e+00   0.0000e+00   1.8614e-02   2.8604e+02
20221221_03:00:00   1.5656e-01   4.3311e+01   2.7028e+00   0.0000e+00   2.8329e-02   2.8837e+02
20221221_06:00:00   1.6624e-01   4.4940e+01   3.0308e+00   0.0000e+00   4.0310e-02   2.9394e+02
20221221_09:00:00   2.2550e-01   5.7155e+01   4.3886e+00   0.0000e+00   1.4302e-02   2.9368e+02
20221221_12:00:00   2.6513e-01   6.5352e+01   5.0934e+00   0.0000e+00   2.7073e-02   3.0382e+02
20221221_15:00:00   2.1113e-01   5.4623e+01   3.9075e+00   0.0000e+00   0.0000e+00   3.0653e+02
20221221_18:00:00   2.3943e-01   6.0813e+01   4.4128e+00   0.0000e+00   0.0000e+00   3.1434e+02
20221221_21:00:00   2.5703e-01   6.4924e+01   4.6880e+00   0.0000e+00   0.0000e+00   3.0785e+02
20221222_00:00:00   2.0667e-01   5.4762e+01   3.6370e+00   0.0000e+00   0.0000e+00   2.9762e+02
20221222_03:00:00   1.6025e-01   4.4338e+01   2.8152e+00   0.0000e+00   1.9238e-04   2.9166e+02
20221222_06:00:00   1.5604e-01   4.3257e+01   2.7851e+00   0.0000e+00   0.0000e+00   2.8928e+02
20221222_09:00:00   1.5023e-01   4.1871e+01   2.7115e+00   0.0000e+00   3.0040e-06   2.8600e+02
20221222_12:00:00   1.8622e-01   5.0032e+01   3.5224e+00   0.0000e+00   0.0000e+00   2.7980e+02
20221222_15:00:00   2.4693e-01   6.3155e+01   4.8405e+00   0.0000e+00   0.0000e+00   2.8266e+02
20221222_18:00:00   2.7683e-01   6.9733e+01   5.3223e+00   0.0000e+00   0.0000e+00   2.8759e+02
20221222_21:00:00   3.2526e-01   7.9684e+01   6.3256e+00   0.0000e+00   6.7006e-04   2.9052e+02
20221223_00:00:00   3.3567e-01   8.1725e+01   6.4711e+00   0.0000e+00   3.2504e-03   2.9063e+02
20221223_03:00:00   3.4077e-01   8.2601e+01   6.5084e+00   0.0000e+00   8.2468e-03   2.9053e+02
20221223_06:00:00   3.2151e-01   7.8873e+01   6.0540e+00   0.0000e+00   2.7958e-03   2.9221e+02
20221223_09:00:00   3.4299e-01   8.2519e+01   6.5661e+00   0.0000e+00   9.6384e-04   2.8789e+02
20221223_12:00:00   3.5240e-01   8.4185e+01   6.7169e+00   0.0000e+00   1.5414e-02   2.8149e+02
20221223_15:00:00   4.0509e-01   9.3289e+01   7.8697e+00   0.0000e+00   2.5621e-02   2.8212e+02
20221223_18:00:00   4.1054e-01   9.4451e+01   7.9483e+00   0.0000e+00   6.8229e-03   2.8673e+02
20221223_21:00:00   4.0225e-01   9.3781e+01   7.5449e+00   0.0000e+00   0.0000e+00   2.8030e+02
20221224_00:00:00   4.0480e-01   9.3806e+01   7.6966e+00   0.0000e+00   6.1880e-05   2.8642e+02
20221224_03:00:00   3.9255e-01   9.1699e+01   7.3387e+00   0.0000e+00   0.0000e+00   2.8086e+02
20221224_06:00:00   3.3979e-01   8.1903e+01   6.1555e+00   0.0000e+00   3.5537e-04   2.7892e+02
20221224_09:00:00   3.0474e-01   7.5124e+01   5.3535e+00   0.0000e+00   2.3957e-03   2.7293e+02
20221224_12:00:00   3.0085e-01   7.3899e+01   5.3854e+00   0.0000e+00   6.5082e-03   2.6578e+02
20221224_15:00:00   3.0723e-01   7.4997e+01   5.5692e+00   0.0000e+00   1.1632e-04   2.6854e+02
20221224_18:00:00   3.2304e-01   7.8095e+01   6.0174e+00   0.0000e+00   7.8748e-04   2.6722e+02
20221224_21:00:00   3.4928e-01   8.3243e+01   6.5054e+00   0.0000e+00   4.4520e-04   2.7558e+02
20221225_00:00:00   2.8555e-01   7.1229e+01   5.0623e+00   0.0000e+00   0.0000e+00   2.8139e+02
20221225_03:00:00   2.2959e-01   5.9411e+01   4.0202e+00   0.0000e+00   0.0000e+00   2.7971e+02
20221225_06:00:00   1.9975e-01   5.2965e+01   3.4988e+00   0.0000e+00   0.0000e+00   2.8365e+02
20221225_09:00:00   1.8964e-01   5.0711e+01   3.3457e+00   0.0000e+00   0.0000e+00   2.8391e+02
20221225_12:00:00   2.0566e-01   5.4186e+01   3.6950e+00   0.0000e+00   0.0000e+00   2.8254e+02
20221225_15:00:00   2.3714e-01   6.0821e+01   4.3303e+00   0.0000e+00   1.9512e-05   2.6929e+02
20221225_18:00:00   2.8094e-01   6.9898e+01   5.2994e+00   0.0000e+00   0.0000e+00   2.7021e+02
20221225_21:00:00   3.4177e-01   8.1580e+01   6.7152e+00   0.0000e+00   6.3318e-03   2.7003e+02
20221226_00:00:00   3.0626e-01   7.5328e+01   5.8702e+00   0.0000e+00   4.0945e-03   2.8026e+02
20221226_03:00:00   3.0241e-01   7.4698e+01   5.7647e+00   0.0000e+00   5.0571e-03   2.8701e+02
20221226_06:00:00   2.9587e-01   7.3503e+01   5.5716e+00   0.0000e+00   5.2251e-03   2.9070e+02
20221226_09:00:00   3.2090e-01   7.8053e+01   6.1414e+00   0.0000e+00   4.5023e-03   2.9586e+02
20221226_12:00:00   3.5267e-01   8.3515e+01   6.8257e+00   0.0000e+00   1.8743e-02   3.0100e+02
20221226_15:00:00   4.2741e-01   9.6424e+01   8.0397e+00   8.7220e-04   8.7719e-03   3.1567e+02
20221226_18:00:00   5.1199e-01   1.1059e+02   9.4050e+00   0.0000e+00   7.7631e-03   3.2605e+02
20221226_21:00:00   4.9030e-01   1.0774e+02   8.7605e+00   6.0260e-04   3.4844e-04   3.1164e+02
20221227_00:00:00   3.7116e-01   8.7777e+01   6.4899e+00   0.0000e+00   0.0000e+00   2.9984e+02
20221227_03:00:00   2.8742e-01   7.1385e+01   5.1069e+00   0.0000e+00   0.0000e+00   2.9438e+02
20221227_06:00:00   2.9593e-01   7.2743e+01   5.4818e+00   0.0000e+00   2.7080e-04   2.9001e+02
20221227_09:00:00   3.0594e-01   7.4557e+01   5.9094e+00   0.0000e+00   4.6213e-04   2.8390e+02
20221227_12:00:00   3.3745e-01   8.0685e+01   6.6272e+00   0.0000e+00   1.2082e-03   2.7813e+02
20221227_15:00:00   4.1290e-01   9.4388e+01   8.2079e+00   0.0000e+00   4.4943e-04   2.7450e+02
20221227_18:00:00   4.5922e-01   1.0267e+02   9.2056e+00   0.0000e+00   5.6934e-04   2.7326e+02
20221227_21:00:00   5.0731e-01   1.1084e+02   1.0014e+01   0.0000e+00   3.7040e-06   2.7126e+02
20221228_00:00:00   5.0950e-01   1.1108e+02   9.9430e+00   0.0000e+00   1.3426e-05   2.7548e+02
20221228_03:00:00   4.8724e-01   1.0726e+02   9.4926e+00   0.0000e+00   0.0000e+00   2.7502e+02
20221228_06:00:00   5.2188e-01   1.1273e+02   9.9642e+00   1.5016e-06   9.8905e-03   2.7567e+02
20221228_09:00:00   5.4982e-01   1.1677e+02   9.9759e+00   6.0420e-04   1.5923e-01   2.7325e+02
20221228_12:00:00   4.3999e-01   9.9338e+01   7.7641e+00   0.0000e+00   2.0242e-03   2.7746e+02
20221228_15:00:00   2.3186e-01   6.0335e+01   3.8640e+00   0.0000e+00   0.0000e+00   2.7962e+02
20221228_18:00:00   1.7427e-01   4.7840e+01   2.9445e+00   0.0000e+00   0.0000e+00   2.7735e+02
20221228_21:00:00   1.7334e-01   4.7659e+01   3.0831e+00   0.0000e+00   9.7220e-06   2.7570e+02
20221229_00:00:00   1.7002e-01   4.6883e+01   3.0788e+00   0.0000e+00   0.0000e+00   2.7371e+02
20221229_03:00:00   1.7056e-01   4.6913e+01   3.1375e+00   0.0000e+00   0.0000e+00   2.7366e+02
20221229_06:00:00   1.7747e-01   4.8521e+01   3.2665e+00   0.0000e+00   0.0000e+00   2.7733e+02
20221229_09:00:00   1.7544e-01   4.7995e+01   3.1549e+00   0.0000e+00   0.0000e+00   2.7869e+02
20221229_12:00:00   1.9412e-01   5.2280e+01   3.4894e+00   0.0000e+00   6.8520e-04   2.8042e+02
20221229_15:00:00   2.8198e-01   7.0694e+01   5.3435e+00   0.0000e+00   2.1440e-05   2.8252e+02
20221229_18:00:00   4.1416e-01   9.5719e+01   8.1242e+00   0.0000e+00   0.0000e+00   2.8636e+02
20221229_21:00:00   4.6589e-01   1.0502e+02   8.9934e+00   0.0000e+00   0.0000e+00   2.8641e+02
20221230_00:00:00   4.7573e-01   1.0677e+02   8.9171e+00   0.0000e+00   0.0000e+00   2.9038e+02
20221230_03:00:00   4.3002e-01   9.8765e+01   7.9592e+00   0.0000e+00   4.6840e-06   2.9632e+02
20221230_06:00:00   4.0577e-01   9.4347e+01   7.4366e+00   0.0000e+00   0.0000e+00   2.9669e+02
20221230_09:00:00   4.1866e-01   9.6486e+01   7.6445e+00   0.0000e+00   0.0000e+00   2.9612e+02
20221230_12:00:00   4.4621e-01   1.0083e+02   8.2442e+00   0.0000e+00   0.0000e+00   2.9965e+02
20221230_15:00:00   4.7425e-01   1.0520e+02   8.7806e+00   0.0000e+00   0.0000e+00   2.9914e+02
20221230_18:00:00   4.6878e-01   1.0438e+02   8.6774e+00   0.0000e+00   0.0000e+00   2.9841e+02
20221230_21:00:00   4.5331e-01   1.0222e+02   8.3915e+00   0.0000e+00   0.0000e+00   2.9764e+02
20221231_00:00:00   4.2037e-01   9.6416e+01   7.7179e+00   0.0000e+00   0.0000e+00   3.0401e+02
