#            date       tau255        Tb[K]      pwv[mm] lwp[kg*m^-2] iwp[kg*m^-2]       o3[DU]
20220926_00:00:00   2.8236e-01   6.7929e+01   5.0363e+00   0.0000e+00   1.2566e-02   3.2017e+02
20220926_01:00:00   3.3451e-01   7.7843e+01   5.9795e+00   2.8850e-07   1.6368e-02   3.2503e+02
20220926_02:00:00   3.7933e-01   8.6094e+01   6.7285e+00   0.0000e+00   5.0340e-03   3.2742e+02
20220926_03:00:00   3.9642e-01   8.9251e+01   6.9692e+00   0.0000e+00   3.5101e-03   3.2693e+02
20220926_04:00:00   3.9901e-01   8.9910e+01   6.9606e+00   0.0000e+00   6.4309e-03   3.2714e+02
20220926_05:00:00   3.9847e-01   9.0001e+01   6.8137e+00   4.1530e-06   4.8237e-02   3.2954e+02
20220926_06:00:00   4.6383e-01   1.0118e+02   6.9972e+00   2.2113e-02   1.2532e-01   3.3137e+02
20220926_07:00:00   5.0863e-01   1.0853e+02   7.5117e+00   2.9601e-02   1.1286e-01   3.3132e+02
20220926_08:00:00   5.7001e-01   1.1784e+02   8.1285e+00   4.0462e-02   2.0768e-01   3.3399e+02
20220926_09:00:00   8.0130e-01   1.4921e+02   6.8490e+00   1.6828e-01   1.0961e-01   3.3341e+02
20220926_10:00:00   6.2477e-01   1.2713e+02   5.3132e+00   1.2500e-01   5.1573e-02   3.3131e+02
20220926_11:00:00   6.9203e-01   1.3658e+02   4.5129e+00   1.7370e-01   1.3249e-02   3.3142e+02
20220926_12:00:00   7.7565e-01   1.4709e+02   4.2137e+00   2.1729e-01   5.3776e-03   3.2971e+02
20220926_13:00:00   1.1198e+00   1.8237e+02   3.9513e+00   3.7336e-01   7.5917e-03   3.2832e+02
20220926_14:00:00   5.5822e-01   1.1706e+02   3.8700e+00   1.3670e-01   5.1663e-03   3.2737e+02
20220926_15:00:00   2.8546e-01   6.9579e+01   3.7406e+00   2.3722e-02   3.4426e-03   3.2458e+02
20220926_16:00:00   2.9706e-01   7.1778e+01   3.6846e+00   3.1000e-02   2.6648e-03   3.2259e+02
20220926_17:00:00   2.5793e-01   6.3955e+01   3.6461e+00   1.5470e-02   1.0939e-03   3.2112e+02
20220926_18:00:00   2.9814e-01   7.1958e+01   3.7319e+00   3.0791e-02   1.4657e-03   3.2649e+02
20220926_19:00:00   2.5664e-01   6.3661e+01   3.8350e+00   1.0161e-02   1.3694e-03   3.3080e+02
20220926_20:00:00   2.3744e-01   5.9788e+01   3.6980e+00   5.2040e-03   4.5780e-04   3.3003e+02
20220926_21:00:00   2.7330e-01   6.7167e+01   3.5672e+00   2.3533e-02   3.0582e-04   3.2783e+02
20220926_22:00:00   2.3927e-01   6.0278e+01   3.4019e+00   1.2911e-02   1.8622e-04   3.2471e+02
20220926_23:00:00   2.2576e-01   5.7448e+01   3.2431e+00   1.1618e-02   8.7140e-05   3.2174e+02
20220927_00:00:00   1.9842e-01   5.1571e+01   3.0633e+00   5.7411e-03   3.6025e-05   3.2130e+02
20220927_01:00:00   1.7679e-01   4.6825e+01   2.8391e+00   3.3700e-03   1.7335e-05   3.2266e+02
20220927_02:00:00   1.6375e-01   4.3919e+01   2.7871e+00   0.0000e+00   1.3544e-04   3.2553e+02
20220927_03:00:00   1.6061e-01   4.3273e+01   2.7302e+00   0.0000e+00   1.3800e-03   3.2989e+02
20220927_04:00:00   1.5324e-01   4.1754e+01   2.5921e+00   0.0000e+00   9.0433e-05   3.2634e+02
20220927_05:00:00   1.6519e-01   4.4419e+01   2.8247e+00   0.0000e+00   0.0000e+00   3.2066e+02
20220927_06:00:00   1.6841e-01   4.5216e+01   2.8737e+00   0.0000e+00   0.0000e+00   3.1714e+02
20220927_07:00:00   1.6133e-01   4.3797e+01   2.7158e+00   0.0000e+00   0.0000e+00   3.1956e+02
20220927_08:00:00   1.6261e-01   4.4126e+01   2.7178e+00   0.0000e+00   0.0000e+00   3.2249e+02
20220927_09:00:00   1.6366e-01   4.4418e+01   2.7377e+00   0.0000e+00   0.0000e+00   3.1786e+02
20220927_10:00:00   1.6607e-01   4.4982e+01   2.7913e+00   0.0000e+00   0.0000e+00   3.1521e+02
20220927_11:00:00   1.6557e-01   4.4908e+01   2.7955e+00   0.0000e+00   0.0000e+00   3.1043e+02
20220927_12:00:00   1.6655e-01   4.5158e+01   2.8180e+00   0.0000e+00   0.0000e+00   3.0769e+02
20220927_13:00:00   1.6656e-01   4.5219e+01   2.8225e+00   0.0000e+00   0.0000e+00   3.0603e+02
20220927_14:00:00   1.6786e-01   4.5560e+01   2.8482e+00   0.0000e+00   0.0000e+00   3.0307e+02
20220927_15:00:00   1.6957e-01   4.5987e+01   2.8771e+00   0.0000e+00   0.0000e+00   3.0208e+02
20220927_16:00:00   1.7182e-01   4.6546e+01   2.9190e+00   0.0000e+00   0.0000e+00   2.9973e+02
20220927_17:00:00   1.7930e-01   4.8262e+01   3.0526e+00   0.0000e+00   0.0000e+00   2.9999e+02
20220927_18:00:00   1.8551e-01   4.9678e+01   3.1592e+00   0.0000e+00   0.0000e+00   2.9993e+02
20220927_19:00:00   1.8165e-01   4.8884e+01   3.0977e+00   0.0000e+00   0.0000e+00   3.0207e+02
20220927_20:00:00   1.7694e-01   4.7880e+01   3.0201e+00   0.0000e+00   0.0000e+00   3.0219e+02
20220927_21:00:00   1.6799e-01   4.5906e+01   2.8632e+00   0.0000e+00   0.0000e+00   3.0370e+02
20220927_22:00:00   1.5931e-01   4.3974e+01   2.7068e+00   0.0000e+00   0.0000e+00   3.0317e+02
20220927_23:00:00   1.5217e-01   4.2369e+01   2.5771e+00   0.0000e+00   0.0000e+00   3.0405e+02
20220928_00:00:00   1.4310e-01   4.0318e+01   2.4088e+00   0.0000e+00   0.0000e+00   3.1059e+02
20220928_01:00:00   1.3497e-01   3.8468e+01   2.2501e+00   0.0000e+00   0.0000e+00   3.1163e+02
20220928_02:00:00   1.2941e-01   3.7180e+01   2.1400e+00   0.0000e+00   0.0000e+00   3.1340e+02
20220928_03:00:00   1.2435e-01   3.5976e+01   2.0431e+00   0.0000e+00   0.0000e+00   3.2177e+02
20220928_04:00:00   1.1937e-01   3.4797e+01   1.9495e+00   0.0000e+00   0.0000e+00   3.2333e+02
20220928_05:00:00   1.1321e-01   3.3324e+01   1.8354e+00   0.0000e+00   0.0000e+00   3.2300e+02
20220928_06:00:00   1.0924e-01   3.2359e+01   1.7631e+00   0.0000e+00   0.0000e+00   3.2271e+02
20220928_07:00:00   1.0491e-01   3.1319e+01   1.6807e+00   0.0000e+00   0.0000e+00   3.2344e+02
20220928_08:00:00   1.0193e-01   3.0611e+01   1.6240e+00   0.0000e+00   0.0000e+00   3.2513e+02
20220928_09:00:00   1.0060e-01   3.0311e+01   1.5966e+00   0.0000e+00   0.0000e+00   3.2525e+02
20220928_10:00:00   9.9636e-02   3.0115e+01   1.5704e+00   0.0000e+00   0.0000e+00   3.2738e+02
20220928_11:00:00   1.0174e-01   3.0658e+01   1.6039e+00   0.0000e+00   0.0000e+00   3.2762e+02
20220928_12:00:00   1.0228e-01   3.0808e+01   1.6109e+00   0.0000e+00   0.0000e+00   3.2825e+02
20220928_13:00:00   1.0145e-01   3.0629e+01   1.5934e+00   0.0000e+00   0.0000e+00   3.2647e+02
20220928_14:00:00   1.0110e-01   3.0565e+01   1.5837e+00   0.0000e+00   0.0000e+00   3.2704e+02
20220928_15:00:00   1.0317e-01   3.1092e+01   1.6180e+00   0.0000e+00   0.0000e+00   3.2632e+02
20220928_16:00:00   1.1047e-01   3.2915e+01   1.7395e+00   0.0000e+00   0.0000e+00   3.2671e+02
20220928_17:00:00   1.1480e-01   3.4006e+01   1.8099e+00   0.0000e+00   0.0000e+00   3.2801e+02
20220928_18:00:00   1.1694e-01   3.4557e+01   1.8443e+00   0.0000e+00   0.0000e+00   3.2544e+02
20220928_19:00:00   1.1909e-01   3.5095e+01   1.8820e+00   0.0000e+00   0.0000e+00   3.2318e+02
20220928_20:00:00   1.2178e-01   3.5752e+01   1.9306e+00   0.0000e+00   0.0000e+00   3.2294e+02
20220928_21:00:00   1.2587e-01   3.6750e+01   2.0019e+00   0.0000e+00   0.0000e+00   3.2134e+02
20220928_22:00:00   1.2951e-01   3.7627e+01   2.0662e+00   0.0000e+00   0.0000e+00   3.2014e+02
20220928_23:00:00   1.3326e-01   3.8525e+01   2.1300e+00   0.0000e+00   0.0000e+00   3.1967e+02
20220929_00:00:00   1.4017e-01   4.0169e+01   2.2516e+00   0.0000e+00   0.0000e+00   3.1798e+02
20220929_01:00:00   1.5647e-01   4.4012e+01   2.5304e+00   0.0000e+00   0.0000e+00   3.1421e+02
20220929_02:00:00   1.7056e-01   4.7273e+01   2.7634e+00   0.0000e+00   0.0000e+00   3.1177e+02
20220929_03:00:00   1.7587e-01   4.8466e+01   2.8503e+00   0.0000e+00   0.0000e+00   3.0933e+02
20220929_04:00:00   1.6773e-01   4.6583e+01   2.7205e+00   0.0000e+00   0.0000e+00   3.0722e+02
20220929_05:00:00   1.6418e-01   4.5762e+01   2.6747e+00   0.0000e+00   0.0000e+00   3.0461e+02
20220929_06:00:00   1.8138e-01   4.9668e+01   2.9825e+00   0.0000e+00   0.0000e+00   3.0321e+02
20220929_07:00:00   2.0606e-01   5.5183e+01   3.3888e+00   0.0000e+00   0.0000e+00   3.0180e+02
20220929_08:00:00   2.0027e-01   5.3935e+01   3.2576e+00   0.0000e+00   0.0000e+00   2.9864e+02
20220929_09:00:00   1.8542e-01   5.0626e+01   3.0081e+00   0.0000e+00   0.0000e+00   2.9713e+02
20220929_10:00:00   1.7267e-01   4.7693e+01   2.8031e+00   0.0000e+00   0.0000e+00   2.9787e+02
20220929_11:00:00   1.7265e-01   4.7647e+01   2.8155e+00   0.0000e+00   0.0000e+00   3.0078e+02
20220929_12:00:00   1.8178e-01   4.9693e+01   2.9746e+00   0.0000e+00   0.0000e+00   3.0324e+02
20220929_13:00:00   1.9630e-01   5.2921e+01   3.2328e+00   0.0000e+00   0.0000e+00   3.0581e+02
20220929_14:00:00   2.1391e-01   5.6756e+01   3.5468e+00   0.0000e+00   0.0000e+00   3.0897e+02
20220929_15:00:00   2.4537e-01   6.3450e+01   4.0871e+00   0.0000e+00   0.0000e+00   3.1109e+02
20220929_16:00:00   2.7070e-01   6.8707e+01   4.5041e+00   0.0000e+00   1.2110e-03   3.1122e+02
20220929_17:00:00   2.9275e-01   7.3099e+01   4.8982e+00   0.0000e+00   3.4939e-03   3.1176e+02
20220929_18:00:00   3.0640e-01   7.5786e+01   5.1339e+00   0.0000e+00   1.4388e-02   3.1214e+02
20220929_19:00:00   3.2578e-01   7.9570e+01   5.4412e+00   0.0000e+00   1.2565e-02   3.1246e+02
20220929_20:00:00   3.1373e-01   7.7108e+01   5.2575e+00   0.0000e+00   1.8668e-02   3.1243e+02
20220929_21:00:00   2.5213e-01   6.4326e+01   4.2681e+00   0.0000e+00   7.1101e-02   3.1153e+02
20220929_22:00:00   2.1456e-01   5.6229e+01   3.6548e+00   0.0000e+00   4.7394e-02   3.1195e+02
20220929_23:00:00   1.7912e-01   4.8473e+01   2.9987e+00   0.0000e+00   3.4680e-02   3.1086e+02
20220930_00:00:00   1.7667e-01   4.7654e+01   3.0173e+00   0.0000e+00   4.8764e-02   3.1089e+02
20220930_01:00:00   1.7344e-01   4.6654e+01   3.0509e+00   0.0000e+00   3.6966e-02   3.1232e+02
20220930_02:00:00   1.6518e-01   4.4746e+01   2.9310e+00   0.0000e+00   8.2271e-03   3.1247e+02
20220930_03:00:00   1.6480e-01   4.4403e+01   2.9928e+00   0.0000e+00   4.1860e-03   3.1234e+02
20220930_04:00:00   1.5382e-01   4.1809e+01   2.8195e+00   0.0000e+00   5.6297e-03   3.1239e+02
20220930_05:00:00   1.6147e-01   4.3307e+01   3.0235e+00   0.0000e+00   5.2660e-03   3.1063e+02
20220930_06:00:00   1.7575e-01   4.6232e+01   3.3449e+00   0.0000e+00   2.6817e-02   3.1051e+02
20220930_07:00:00   1.8926e-01   4.8993e+01   3.6348e+00   0.0000e+00   4.9222e-02   3.1079e+02
20220930_08:00:00   2.1297e-01   5.3940e+01   4.1044e+00   0.0000e+00   8.6862e-02   3.1196e+02
20220930_09:00:00   2.2951e-01   5.7353e+01   4.4383e+00   0.0000e+00   5.9437e-02   3.1289e+02
20220930_10:00:00   2.1312e-01   5.4168e+01   4.0985e+00   0.0000e+00   7.8589e-03   3.1290e+02
20220930_11:00:00   2.0033e-01   5.1526e+01   3.8231e+00   0.0000e+00   2.7643e-03   3.1486e+02
20220930_12:00:00   1.9713e-01   5.0941e+01   3.7297e+00   0.0000e+00   3.4340e-03   3.1482e+02
20220930_13:00:00   2.1802e-01   5.5329e+01   4.1461e+00   0.0000e+00   8.3191e-03   3.1294e+02
20220930_14:00:00   2.4806e-01   6.1665e+01   4.6985e+00   0.0000e+00   1.0742e-02   3.1440e+02
20220930_15:00:00   2.8276e-01   6.8760e+01   5.3243e+00   0.0000e+00   1.3562e-02   3.1614e+02
20220930_16:00:00   3.1773e-01   7.5561e+01   5.9687e+00   0.0000e+00   1.2218e-02   3.1531e+02
20220930_17:00:00   3.7280e-01   8.5918e+01   6.9275e+00   0.0000e+00   1.2466e-02   3.1587e+02
20220930_18:00:00   4.1050e-01   9.2687e+01   7.5691e+00   0.0000e+00   1.3281e-02   3.1455e+02
20220930_19:00:00   4.2176e-01   9.4656e+01   7.7638e+00   0.0000e+00   1.8469e-02   3.1431e+02
20220930_20:00:00   4.0104e-01   9.1039e+01   7.4204e+00   0.0000e+00   1.9010e-02   3.1557e+02
20220930_21:00:00   3.5587e-01   8.2864e+01   6.6257e+00   0.0000e+00   1.0517e-02   3.1796e+02
20220930_22:00:00   3.4057e-01   7.9868e+01   6.3960e+00   0.0000e+00   1.7245e-02   3.1996e+02
20220930_23:00:00   3.4077e-01   7.9760e+01   6.4279e+00   0.0000e+00   4.4415e-02   3.1982e+02
20221001_00:00:00   3.4490e-01   8.0465e+01   6.5155e+00   0.0000e+00   4.8305e-02   3.1823e+02
20221001_03:00:00   3.4358e-01   8.0203e+01   6.4950e+00   0.0000e+00   1.9819e-02   3.2478e+02
20221001_06:00:00   3.7749e-01   8.6550e+01   7.0488e+00   0.0000e+00   2.0051e-02   3.2339e+02
20221001_09:00:00   3.8612e-01   8.8649e+01   6.9786e+00   0.0000e+00   1.5881e-04   3.2390e+02
20221001_12:00:00   2.7941e-01   6.8871e+01   4.9775e+00   0.0000e+00   3.3940e-07   3.2580e+02
20221001_15:00:00   2.9837e-01   7.2309e+01   5.3692e+00   0.0000e+00   5.2597e-06   3.3056e+02
20221001_18:00:00   2.9634e-01   7.2096e+01   5.2929e+00   0.0000e+00   1.9856e-05   3.3977e+02
20221001_21:00:00   3.1302e-01   7.4995e+01   5.6720e+00   0.0000e+00   1.5059e-02   3.3903e+02
20221002_00:00:00   3.2474e-01   7.7404e+01   5.7252e+00   0.0000e+00   2.3976e-02   3.3390e+02
20221002_03:00:00   2.4367e-01   6.0831e+01   4.3361e+00   1.2370e-06   1.7033e-01   3.3046e+02
20221002_06:00:00   3.0503e-01   7.2519e+01   5.4918e+00   0.0000e+00   2.9718e-01   3.3897e+02
20221002_09:00:00   3.2756e-01   7.6646e+01   6.0467e+00   0.0000e+00   1.0069e-02   3.4594e+02
20221002_12:00:00   3.3760e-01   7.8993e+01   6.0976e+00   0.0000e+00   2.9395e-04   3.5091e+02
20221002_15:00:00   4.9130e-01   1.0549e+02   8.2364e+00   1.2838e-02   1.0098e-02   3.5145e+02
20221002_18:00:00   4.9390e-01   1.0577e+02   8.4708e+00   7.8880e-03   6.2108e-02   3.4894e+02
20221002_21:00:00   8.3154e-01   1.5368e+02   6.3783e+00   1.8850e-01   6.3587e-02   3.4217e+02
20221003_00:00:00   2.2069e-01   5.6207e+01   3.4458e+00   0.0000e+00   3.2996e-04   3.4748e+02
20221003_03:00:00   1.5406e-01   4.1824e+01   1.9263e+00   1.0490e-02   9.7039e-05   3.4964e+02
20221003_06:00:00   1.5264e-01   4.1590e+01   1.7180e+00   1.7650e-02   1.7800e-04   3.4843e+02
20221003_09:00:00   1.0672e-01   3.1126e+01   1.6388e+00   2.3920e-04   2.6170e-06   3.4703e+02
20221003_12:00:00   1.2877e-01   3.6293e+01   2.0693e+00   0.0000e+00   0.0000e+00   3.4599e+02
20221003_15:00:00   1.3846e-01   3.8663e+01   2.2314e+00   0.0000e+00   0.0000e+00   3.4366e+02
20221003_18:00:00   1.5007e-01   4.1343e+01   2.4566e+00   0.0000e+00   5.5940e-05   3.3677e+02
20221003_21:00:00   1.6090e-01   4.3686e+01   2.6648e+00   0.0000e+00   2.8117e-04   3.4175e+02
20221004_00:00:00   1.5024e-01   4.0997e+01   2.5335e+00   0.0000e+00   1.4914e-03   3.3519e+02
20221004_03:00:00   1.4870e-01   4.0023e+01   2.6290e+00   0.0000e+00   6.6746e-02   3.3555e+02
20221004_06:00:00   1.4058e-01   3.8241e+01   2.4613e+00   0.0000e+00   6.0129e-03   3.3742e+02
20221004_09:00:00   1.0205e-01   2.9953e+01   1.5645e+00   0.0000e+00   0.0000e+00   3.3421e+02
20221004_12:00:00   9.4712e-02   2.8234e+01   1.4172e+00   0.0000e+00   3.3940e-07   3.3106e+02
20221004_15:00:00   1.2678e-01   3.5843e+01   1.9668e+00   0.0000e+00   7.5440e-06   3.3883e+02
20221004_18:00:00   1.5332e-01   4.2030e+01   2.4500e+00   0.0000e+00   1.4830e-04   3.4187e+02
20221004_21:00:00   1.6191e-01   4.3997e+01   2.5943e+00   0.0000e+00   5.0900e-07   3.3932e+02
20221005_00:00:00   1.0518e-01   3.0848e+01   1.6274e+00   0.0000e+00   0.0000e+00   3.3656e+02
20221005_03:00:00   1.0222e-01   2.9915e+01   1.6764e+00   0.0000e+00   1.8687e-03   3.3002e+02
20221005_06:00:00   2.1069e-01   5.4032e+01   3.7926e+00   0.0000e+00   2.3661e-02   3.3043e+02
20221005_09:00:00   5.2765e-01   1.1259e+02   7.9350e+00   2.9332e-02   2.1053e-02   3.2939e+02
20221005_12:00:00   1.2986e+00   1.9806e+02   8.0685e+00   3.4631e-01   3.6076e-02   3.3001e+02
20221005_15:00:00   1.5395e+00   2.1369e+02   1.0278e+01   3.9301e-01   3.1345e-01   3.3520e+02
20221005_18:00:00   1.8983e+00   2.3110e+02   1.0078e+01   5.4603e-01   3.8579e-01   3.4267e+02
20221005_21:00:00   1.6751e+00   2.2006e+02   8.0310e+00   5.1177e-01   2.2387e-01   3.4268e+02
20221006_00:00:00   6.2540e-01   1.2678e+02   7.4622e+00   7.8949e-02   6.8577e-02   3.4812e+02
20221006_03:00:00   3.3453e-01   7.8362e+01   5.8027e+00   1.5560e-04   2.3877e-02   3.5293e+02
20221006_06:00:00   1.9078e-01   4.9513e+01   3.4103e+00   0.0000e+00   3.2179e-04   3.4972e+02
20221006_09:00:00   1.5673e-01   4.2766e+01   2.5273e+00   0.0000e+00   1.6310e-05   3.5233e+02
20221006_12:00:00   2.0991e-01   5.4356e+01   2.9543e+00   1.2956e-02   1.8492e-04   3.4664e+02
20221006_15:00:00   2.2676e-01   5.7943e+01   3.7661e+00   8.3540e-04   1.2986e-04   3.3366e+02
20221006_18:00:00   2.8089e-01   6.9270e+01   4.7456e+00   6.0130e-04   9.8790e-05   3.2899e+02
20221006_21:00:00   2.8552e-01   7.0475e+01   4.8662e+00   0.0000e+00   2.8880e-06   3.2694e+02
20221007_00:00:00   2.3384e-01   6.0231e+01   4.0871e+00   0.0000e+00   6.5260e-06   3.2725e+02
20221007_03:00:00   1.8861e-01   5.0567e+01   3.3111e+00   0.0000e+00   7.7890e-05   3.2798e+02
20221007_06:00:00   1.8193e-01   4.9195e+01   3.1603e+00   0.0000e+00   0.0000e+00   3.3080e+02
20221007_09:00:00   1.9444e-01   5.1931e+01   3.4331e+00   0.0000e+00   0.0000e+00   3.3041e+02
20221007_12:00:00   1.9915e-01   5.2940e+01   3.5175e+00   0.0000e+00   0.0000e+00   3.2740e+02
20221007_15:00:00   2.6796e-01   6.6969e+01   4.9359e+00   0.0000e+00   0.0000e+00   3.3036e+02
20221007_18:00:00   3.2291e-01   7.7956e+01   5.8875e+00   0.0000e+00   0.0000e+00   3.3763e+02
20221007_21:00:00   3.4109e-01   8.1502e+01   6.1675e+00   0.0000e+00   0.0000e+00   3.3552e+02
20221008_00:00:00   3.2976e-01   7.9039e+01   6.0749e+00   0.0000e+00   0.0000e+00   3.3089e+02
20221008_03:00:00   3.3571e-01   7.9820e+01   6.2803e+00   0.0000e+00   6.5137e-04   3.2949e+02
20221008_06:00:00   3.1253e-01   7.5299e+01   5.8499e+00   0.0000e+00   2.3181e-03   3.2942e+02
20221008_09:00:00   2.4172e-01   6.1715e+01   4.3399e+00   0.0000e+00   3.9440e-05   3.3247e+02
20221008_12:00:00   1.9292e-01   5.1298e+01   3.3896e+00   0.0000e+00   2.1878e-05   3.2654e+02
20221008_15:00:00   1.7004e-01   4.6188e+01   2.9385e+00   0.0000e+00   2.2911e-03   3.2536e+02
20221008_18:00:00   1.9994e-01   5.2533e+01   3.5698e+00   0.0000e+00   5.4842e-03   3.2639e+02
20221008_21:00:00   1.6772e-01   4.5611e+01   2.9144e+00   0.0000e+00   0.0000e+00   3.2888e+02
20221009_00:00:00   1.3785e-01   3.8514e+01   2.4199e+00   0.0000e+00   0.0000e+00   3.2526e+02
20221009_03:00:00   1.4881e-01   4.0838e+01   2.6765e+00   0.0000e+00   0.0000e+00   3.2162e+02
20221009_06:00:00   1.6359e-01   4.4092e+01   2.9555e+00   0.0000e+00   0.0000e+00   3.2441e+02
20221009_09:00:00   1.6850e-01   4.5268e+01   2.9559e+00   0.0000e+00   1.7180e-06   3.2655e+02
20221009_12:00:00   1.9413e-01   5.0753e+01   3.3713e+00   4.4010e-06   3.0975e-05   3.3063e+02
20221009_15:00:00   4.0550e-01   9.1660e+01   5.4497e+00   3.8113e-02   6.5793e-03   3.3346e+02
20221009_18:00:00   4.1249e-01   9.3023e+01   5.0878e+00   4.3800e-02   1.6361e-02   3.3529e+02
20221009_21:00:00   2.5359e-01   6.2847e+01   3.9021e+00   2.7471e-03   2.4227e-03   3.4113e+02
20221010_00:00:00   1.3158e-01   3.6474e+01   1.8444e+00   6.8170e-04   1.7809e-04   3.4195e+02
20221010_03:00:00   1.7041e-01   4.4622e+01   2.3886e+00   3.3130e-03   5.7276e-04   3.4252e+02
20221010_06:00:00   1.9177e-01   4.8863e+01   2.7985e+00   6.3283e-04   5.2936e-02   3.4159e+02
20221010_09:00:00   1.5203e-01   4.0307e+01   2.1902e+00   0.0000e+00   8.1110e-06   3.4132e+02
20221010_12:00:00   1.6071e-01   4.2205e+01   2.3272e+00   3.3327e-04   8.9740e-04   3.5876e+02
20221010_15:00:00   1.9605e-01   4.9824e+01   2.7624e+00   4.4538e-03   8.1686e-03   3.6504e+02
20221010_18:00:00   2.0812e-01   5.2360e+01   3.0943e+00   1.8534e-03   2.5529e-03   3.6681e+02
20221010_21:00:00   1.9421e-01   4.9587e+01   2.9148e+00   2.9780e-04   1.2821e-03   3.6976e+02
20221011_00:00:00   1.3666e-01   3.7300e+01   1.9859e+00   0.0000e+00   1.5070e-06   3.6819e+02
20221011_03:00:00   1.3086e-01   3.6003e+01   1.8926e+00   0.0000e+00   1.0220e-06   3.6350e+02
20221011_06:00:00   1.2742e-01   3.5279e+01   1.8262e+00   0.0000e+00   9.9650e-07   3.5927e+02
20221011_09:00:00   1.0865e-01   3.1132e+01   1.4898e+00   0.0000e+00   9.6840e-07   3.6350e+02
20221011_12:00:00   8.1229e-02   2.4774e+01   1.0197e+00   0.0000e+00   9.8060e-07   3.4446e+02
20221011_15:00:00   1.0789e-01   3.1034e+01   1.5145e+00   0.0000e+00   0.0000e+00   3.4464e+02
20221011_18:00:00   1.4385e-01   3.9450e+01   2.0986e+00   0.0000e+00   2.7990e-06   3.3957e+02
20221011_21:00:00   1.2480e-01   3.5258e+01   1.7950e+00   0.0000e+00   8.3830e-06   3.2776e+02
20221012_00:00:00   8.2053e-02   2.5051e+01   1.1979e+00   0.0000e+00   1.0040e-06   3.2175e+02
