#            date       tau255        Tb[K]      pwv[mm] lwp[kg*m^-2] iwp[kg*m^-2]       o3[DU]
20230311_18:00:00   3.9171e-01   9.2943e+01   7.0129e+00   0.0000e+00   0.0000e+00   2.5949e+02
20230311_19:00:00   4.2562e-01   9.8982e+01   7.5352e+00   0.0000e+00   0.0000e+00   2.5949e+02
20230311_20:00:00   4.5083e-01   1.0298e+02   8.1760e+00   0.0000e+00   4.7063e-04   2.6094e+02
20230311_21:00:00   5.0308e-01   1.1138e+02   9.2266e+00   0.0000e+00   3.3162e-03   2.6048e+02
20230311_22:00:00   5.6861e-01   1.2134e+02   1.0604e+01   0.0000e+00   2.5100e-03   2.5825e+02
20230311_23:00:00   1.6868e+00   2.2508e+02   1.5143e+01   3.3321e-01   3.4923e-03   2.5929e+02
20230312_00:00:00   1.6656e+00   2.2393e+02   1.6098e+01   2.9746e-01   7.5774e-03   2.6231e+02
20230312_01:00:00   2.1924e+00   2.4697e+02   1.4812e+01   5.3402e-01   4.8044e-05   2.6193e+02
20230312_02:00:00   2.5021e+00   2.5456e+02   1.4980e+01   6.5831e-01   1.8518e-04   2.6025e+02
20230312_03:00:00   1.9562e+00   2.3828e+02   1.3065e+01   4.8542e-01   1.8274e-05   2.6323e+02
20230312_04:00:00   1.1187e+00   1.8668e+02   1.2039e+01   1.7897e-01   9.8180e-05   2.6351e+02
20230312_05:00:00   1.0635e+00   1.8134e+02   1.2031e+01   1.6033e-01   0.0000e+00   2.6534e+02
20230312_06:00:00   1.3607e+00   2.0537e+02   1.2583e+01   2.6556e-01   1.7092e-05   2.6489e+02
20230312_07:00:00   1.2717e+00   1.9847e+02   1.3279e+01   2.1365e-01   1.3604e-04   2.6463e+02
20230312_08:00:00   1.4626e+00   2.1206e+02   1.1707e+01   3.2822e-01   1.9698e-03   2.6564e+02
20230312_09:00:00   1.3358e+00   2.0336e+02   1.1062e+01   2.9221e-01   1.4109e-03   2.6692e+02
20230312_10:00:00   1.7422e+00   2.2744e+02   1.0205e+01   4.7480e-01   1.6080e-04   2.6841e+02
20230312_11:00:00   1.6833e+00   2.2484e+02   9.9128e+00   4.5560e-01   3.1908e-03   2.6888e+02
20230312_12:00:00   1.3228e+00   2.0252e+02   1.0105e+01   3.1115e-01   5.2814e-03   2.6964e+02
20230312_13:00:00   1.1103e+00   1.8543e+02   9.5553e+00   2.3649e-01   1.9377e-03   2.7117e+02
20230312_14:00:00   8.5741e-01   1.5935e+02   9.4274e+00   1.3856e-01   5.1344e-03   2.7345e+02
20230312_15:00:00   8.6289e-01   1.5977e+02   1.0523e+01   1.1979e-01   4.1973e-03   2.7282e+02
20230312_16:00:00   6.7848e-01   1.3625e+02   1.0773e+01   4.0960e-02   5.6430e-03   2.7089e+02
20230312_17:00:00   7.9054e-01   1.5055e+02   1.2442e+01   4.6048e-02   1.2300e-02   2.6906e+02
20230312_18:00:00   6.9755e-01   1.3832e+02   1.2639e+01   3.3496e-03   5.1143e-03   2.7049e+02
20230312_19:00:00   8.0310e-01   1.5188e+02   1.3255e+01   2.6630e-02   3.0585e-02   2.6977e+02
20230312_20:00:00   8.9013e-01   1.6191e+02   1.3528e+01   5.2368e-02   4.4538e-02   2.6834e+02
20230312_21:00:00   7.8926e-01   1.4982e+02   1.3752e+01   6.0890e-03   4.9848e-02   2.6504e+02
20230312_22:00:00   7.8919e-01   1.5000e+02   1.3092e+01   1.5269e-02   4.0366e-03   2.6547e+02
20230312_23:00:00   1.1022e+00   1.8339e+02   1.2401e+01   1.5290e-01   5.8505e-03   2.6629e+02
20230313_00:00:00   7.8737e-01   1.4997e+02   1.1903e+01   3.8920e-02   4.3768e-04   2.6855e+02
20230313_01:00:00   6.7923e-01   1.3548e+02   1.1822e+01   4.2429e-03   4.1998e-05   2.6986e+02
20230313_02:00:00   7.0746e-01   1.3928e+02   1.1206e+01   3.1403e-02   1.5808e-04   2.7106e+02
20230313_03:00:00   5.5630e-01   1.1777e+02   9.9396e+00   8.4730e-04   1.8626e-04   2.7149e+02
20230313_04:00:00   4.8232e-01   1.0609e+02   8.2817e+00   9.0660e-03   5.4347e-04   2.7126e+02
20230313_05:00:00   4.2281e-01   9.6298e+01   7.0058e+00   1.1864e-02   3.4291e-04   2.7115e+02
20230313_06:00:00   4.0341e-01   9.3769e+01   4.8542e+00   4.5480e-02   3.2990e-05   2.7253e+02
20230313_07:00:00   2.5629e-01   6.5372e+01   4.0831e+00   4.5460e-03   2.0393e-05   2.7379e+02
20230313_08:00:00   1.9612e-01   5.2503e+01   3.3795e+00   9.4690e-05   0.0000e+00   2.7408e+02
20230313_09:00:00   1.7127e-01   4.6971e+01   2.8686e+00   2.7040e-03   0.0000e+00   2.7483e+02
20230313_10:00:00   1.5940e-01   4.4154e+01   2.6967e+00   2.6430e-03   0.0000e+00   2.7632e+02
20230313_11:00:00   1.5256e-01   4.2426e+01   2.7066e+00   8.2630e-04   0.0000e+00   2.7823e+02
20230313_12:00:00   1.4598e-01   4.0853e+01   2.6575e+00   3.6270e-05   0.0000e+00   2.7852e+02
20230313_13:00:00   1.4120e-01   3.9743e+01   2.5930e+00   0.0000e+00   0.0000e+00   2.7769e+02
20230313_14:00:00   1.5016e-01   4.1822e+01   2.7702e+00   0.0000e+00   0.0000e+00   2.7774e+02
20230313_15:00:00   1.4823e-01   4.1492e+01   2.6950e+00   0.0000e+00   0.0000e+00   2.7720e+02
20230313_16:00:00   1.8722e-01   5.0341e+01   3.4161e+00   0.0000e+00   4.6020e-05   2.7532e+02
20230313_17:00:00   2.1061e-01   5.5518e+01   3.8468e+00   0.0000e+00   2.6300e-05   2.7563e+02
20230313_18:00:00   2.3939e-01   6.1469e+01   4.4970e+00   0.0000e+00   1.1933e-03   2.7398e+02
20230313_19:00:00   2.4007e-01   6.1483e+01   4.5986e+00   0.0000e+00   7.7115e-04   2.7207e+02
20230313_20:00:00   2.4621e-01   6.2554e+01   4.7961e+00   0.0000e+00   7.2940e-06   2.7217e+02
20230313_21:00:00   2.6325e-01   6.5940e+01   5.1810e+00   0.0000e+00   0.0000e+00   2.7264e+02
20230313_22:00:00   2.8665e-01   7.0773e+01   5.6207e+00   0.0000e+00   0.0000e+00   2.7200e+02
20230313_23:00:00   2.8566e-01   7.0566e+01   5.6532e+00   0.0000e+00   0.0000e+00   2.7102e+02
20230314_00:00:00   2.8070e-01   6.9565e+01   5.6063e+00   0.0000e+00   0.0000e+00   2.7182e+02
20230314_01:00:00   2.9104e-01   7.1603e+01   5.8667e+00   0.0000e+00   0.0000e+00   2.7229e+02
20230314_02:00:00   2.7897e-01   6.9294e+01   5.6159e+00   0.0000e+00   8.6960e-04   2.7321e+02
20230314_03:00:00   2.7215e-01   6.7762e+01   5.5196e+00   0.0000e+00   0.0000e+00   2.7228e+02
20230314_04:00:00   2.7781e-01   6.8686e+01   5.7250e+00   0.0000e+00   1.3964e-03   2.7016e+02
20230314_05:00:00   2.9980e-01   7.2824e+01   6.2330e+00   0.0000e+00   3.3701e-05   2.6983e+02
20230314_06:00:00   2.8794e-01   7.0412e+01   6.0479e+00   0.0000e+00   8.5740e-05   2.6833e+02
20230314_07:00:00   2.8903e-01   7.0687e+01   6.1096e+00   0.0000e+00   5.9792e-04   2.6663e+02
20230314_08:00:00   3.0665e-01   7.4167e+01   6.4978e+00   0.0000e+00   4.0071e-04   2.6425e+02
20230314_09:00:00   3.3343e-01   7.9404e+01   7.0478e+00   0.0000e+00   1.3346e-03   2.6405e+02
20230314_10:00:00   3.7276e-01   8.6838e+01   7.8371e+00   0.0000e+00   1.5330e-04   2.6524e+02
20230314_11:00:00   3.8107e-01   8.8511e+01   7.9749e+00   0.0000e+00   6.8604e-05   2.6608e+02
20230314_12:00:00   3.9048e-01   9.0211e+01   8.1572e+00   0.0000e+00   4.8683e-05   2.6737e+02
20230314_13:00:00   3.7030e-01   8.6719e+01   7.6907e+00   0.0000e+00   4.6040e-05   2.6723e+02
20230314_14:00:00   3.5471e-01   8.3890e+01   7.3467e+00   0.0000e+00   1.1922e-03   2.6571e+02
20230314_15:00:00   3.5997e-01   8.5169e+01   7.3314e+00   0.0000e+00   1.8228e-03   2.6347e+02
20230314_16:00:00   3.5856e-01   8.4990e+01   7.3122e+00   0.0000e+00   1.1644e-03   2.6325e+02
20230314_17:00:00   3.5959e-01   8.5264e+01   7.2915e+00   0.0000e+00   1.0590e-04   2.6227e+02
20230314_18:00:00   3.3196e-01   8.0008e+01   6.8113e+00   0.0000e+00   0.0000e+00   2.6170e+02
20230314_19:00:00   3.1467e-01   7.6484e+01   6.5461e+00   0.0000e+00   0.0000e+00   2.6078e+02
20230314_20:00:00   3.1331e-01   7.6100e+01   6.5430e+00   0.0000e+00   0.0000e+00   2.6093e+02
20230314_21:00:00   3.2345e-01   7.8014e+01   6.7302e+00   0.0000e+00   0.0000e+00   2.6132e+02
20230314_22:00:00   3.5121e-01   8.3283e+01   7.2261e+00   0.0000e+00   0.0000e+00   2.6024e+02
20230314_23:00:00   3.5772e-01   8.4517e+01   7.2968e+00   0.0000e+00   0.0000e+00   2.5971e+02
20230315_00:00:00   3.4842e-01   8.2790e+01   7.1043e+00   0.0000e+00   0.0000e+00   2.5827e+02
20230315_01:00:00   3.5891e-01   8.4660e+01   7.3400e+00   0.0000e+00   0.0000e+00   2.5857e+02
20230315_02:00:00   3.8732e-01   8.9838e+01   7.9010e+00   0.0000e+00   0.0000e+00   2.5927e+02
20230315_03:00:00   4.4808e-01   1.0065e+02   8.9550e+00   0.0000e+00   0.0000e+00   2.6018e+02
20230315_04:00:00   6.9566e-01   1.3827e+02   1.1930e+01   2.5160e-02   2.0641e-04   2.6064e+02
20230315_05:00:00   8.4744e-01   1.5743e+02   1.3216e+01   4.8538e-02   4.6020e-05   2.6213e+02
20230315_06:00:00   9.4920e-01   1.6891e+02   1.4060e+01   6.4054e-02   4.6020e-05   2.6246e+02
20230315_07:00:00   1.7475e+00   2.2670e+02   1.3699e+01   3.9249e-01   2.0879e-03   2.6236e+02
20230315_08:00:00   1.4282e+00   2.0973e+02   1.3022e+01   2.7519e-01   5.4849e-04   2.6164e+02
20230315_09:00:00   2.1472e+00   2.4274e+02   1.3226e+01   5.6496e-01   1.8682e-02   2.6178e+02
20230315_10:00:00   2.0478e+00   2.3952e+02   1.2197e+01   5.4121e-01   3.8762e-02   2.6231e+02
20230315_11:00:00   1.3796e+00   2.0687e+02   9.2557e+00   3.3388e-01   5.8686e-04   2.6529e+02
20230315_12:00:00   1.4929e+00   2.1330e+02   9.7505e+00   3.7552e-01   7.7964e-04   2.6648e+02
20230315_13:00:00   1.1399e+00   1.8740e+02   9.6890e+00   2.2755e-01   1.5837e-02   2.6697e+02
20230315_14:00:00   8.9651e-01   1.6360e+02   8.3387e+00   1.6041e-01   6.5392e-03   2.6820e+02
20230315_15:00:00   6.2541e-01   1.2974e+02   7.0396e+00   8.1034e-02   4.1504e-04   2.6878e+02
20230315_16:00:00   7.4186e-01   1.4551e+02   7.5088e+00   1.1511e-01   5.4251e-04   2.6972e+02
20230315_17:00:00   6.1112e-01   1.2749e+02   7.0202e+00   7.3260e-02   1.0734e-04   2.6988e+02
20230315_18:00:00   8.5826e-01   1.5979e+02   5.9273e+00   1.9717e-01   5.7350e-05   2.6907e+02
20230315_19:00:00   2.9322e-01   7.2948e+01   4.2971e+00   1.1944e-02   0.0000e+00   2.7015e+02
20230315_20:00:00   2.0936e-01   5.5309e+01   3.2633e+00   5.1359e-03   0.0000e+00   2.7016e+02
20230315_21:00:00   1.7049e-01   4.6502e+01   2.9249e+00   3.6850e-04   0.0000e+00   2.7108e+02
20230315_22:00:00   1.3834e-01   3.8928e+01   2.4603e+00   4.8616e-04   1.6968e-07   2.7053e+02
20230315_23:00:00   1.2514e-01   3.5645e+01   2.3209e+00   0.0000e+00   0.0000e+00   2.6926e+02
20230316_00:00:00   1.2635e-01   3.5810e+01   2.3476e+00   1.1360e-03   0.0000e+00   2.6820e+02
20230316_01:00:00   1.5303e-01   4.1986e+01   2.4887e+00   9.9240e-03   9.5284e-05   2.6774e+02
20230316_02:00:00   1.6783e-01   4.5345e+01   2.6119e+00   1.3590e-02   1.5035e-04   2.6837e+02
20230316_03:00:00   1.6336e-01   4.4092e+01   2.8764e+00   7.3990e-03   2.7126e-03   2.6884e+02
20230316_04:00:00   1.7598e-01   4.6686e+01   3.2391e+00   6.4160e-03   4.6658e-03   2.6855e+02
20230316_05:00:00   1.7258e-01   4.5839e+01   3.3373e+00   2.8940e-03   3.4327e-03   2.6961e+02
20230316_06:00:00   1.7107e-01   4.5603e+01   3.1346e+00   5.3970e-03   3.1563e-03   2.7006e+02
20230316_07:00:00   1.5452e-01   4.1972e+01   2.7895e+00   4.1730e-03   9.4197e-03   2.7081e+02
20230316_08:00:00   1.6036e-01   4.3428e+01   2.8620e+00   2.1940e-03   1.9542e-02   2.7002e+02
20230316_09:00:00   2.0694e-01   5.3977e+01   3.6650e+00   1.4490e-04   2.4260e-02   2.7310e+02
20230316_10:00:00   3.2949e-01   7.9206e+01   4.4181e+00   2.6860e-02   1.5957e-02   2.7409e+02
20230316_11:00:00   2.7983e-01   6.9433e+01   3.9046e+00   1.7110e-02   2.2427e-02   2.7600e+02
20230316_12:00:00   2.9113e-01   7.1727e+01   3.5075e+00   3.1742e-02   9.9480e-03   2.7654e+02
20230316_13:00:00   2.4689e-01   6.2782e+01   3.1104e+00   2.2934e-02   4.2788e-03   2.7587e+02
20230316_14:00:00   1.7961e-01   4.8310e+01   2.7682e+00   4.3529e-03   2.9930e-03   2.7490e+02
20230316_15:00:00   1.5302e-01   4.2337e+01   2.3487e+00   5.3040e-03   5.3311e-03   2.7385e+02
20230316_16:00:00   1.2967e-01   3.6965e+01   1.8507e+00   8.3460e-03   8.5587e-04   2.7157e+02
20230316_17:00:00   1.1943e-01   3.4554e+01   1.7503e+00   7.0830e-03   3.7897e-05   2.7110e+02
20230316_18:00:00   1.0653e-01   3.1362e+01   1.8501e+00   6.0030e-04   1.1088e-04   2.7149e+02
20230316_21:00:00   1.3446e-01   3.7468e+01   2.6189e+00   0.0000e+00   1.3645e-02   2.7137e+02
20230317_00:00:00   1.7173e-01   4.5309e+01   3.4338e+00   0.0000e+00   1.9392e-01   2.7237e+02
20230317_03:00:00   1.9265e-01   4.9643e+01   3.8034e+00   0.0000e+00   3.2653e-01   2.7459e+02
20230317_06:00:00   1.9743e-01   5.0983e+01   4.0027e+00   0.0000e+00   3.9773e-02   2.7300e+02
20230317_09:00:00   1.6698e-01   4.4661e+01   3.3379e+00   0.0000e+00   6.8138e-03   2.7283e+02
20230317_12:00:00   1.4941e-01   4.0871e+01   2.9627e+00   0.0000e+00   8.8303e-03   2.7475e+02
20230317_15:00:00   1.4490e-01   4.0011e+01   2.7908e+00   0.0000e+00   7.7140e-03   2.7593e+02
20230317_18:00:00   1.7819e-01   4.7901e+01   3.3583e+00   0.0000e+00   0.0000e+00   2.7501e+02
20230317_21:00:00   1.5533e-01   4.2896e+01   2.8461e+00   0.0000e+00   0.0000e+00   2.7205e+02
20230318_00:00:00   9.6230e-02   2.8974e+01   1.6503e+00   0.0000e+00   0.0000e+00   2.7761e+02
20230318_03:00:00   7.8795e-02   2.4674e+01   1.3109e+00   0.0000e+00   1.8916e-05   2.7385e+02
20230318_06:00:00   7.4869e-02   2.3561e+01   1.2743e+00   0.0000e+00   2.5510e-03   2.7489e+02
20230318_09:00:00   1.3304e-01   3.7305e+01   2.5955e+00   0.0000e+00   4.4350e-03   2.7430e+02
20230318_12:00:00   1.4177e-01   3.9376e+01   2.7859e+00   0.0000e+00   2.6380e-04   2.7255e+02
20230318_15:00:00   1.6875e-01   4.5566e+01   3.2919e+00   0.0000e+00   7.2120e-07   2.7099e+02
20230318_18:00:00   2.4629e-01   6.2525e+01   4.6647e+00   0.0000e+00   6.5740e-06   2.7111e+02
20230318_21:00:00   2.7931e-01   6.9170e+01   5.4211e+00   0.0000e+00   1.9018e-03   2.6955e+02
20230319_00:00:00   2.6112e-01   6.5398e+01   5.1322e+00   0.0000e+00   2.2528e-03   2.7237e+02
20230319_03:00:00   3.5898e-01   8.4706e+01   6.7345e+00   0.0000e+00   0.0000e+00   2.7312e+02
20230319_06:00:00   3.4799e-01   8.2769e+01   6.4533e+00   4.3060e-03   2.7619e-05   2.7229e+02
20230319_09:00:00   3.2449e-01   7.8098e+01   6.2935e+00   2.8280e-03   2.6456e-03   2.7008e+02
20230319_12:00:00   3.7316e-01   8.7232e+01   6.4719e+00   2.2600e-02   1.8849e-04   2.7087e+02
20230319_15:00:00   3.2765e-01   7.8334e+01   6.6401e+00   2.8960e-03   3.6945e-03   2.7282e+02
20230319_18:00:00   3.0230e-01   7.3589e+01   6.3385e+00   0.0000e+00   7.1922e-03   2.7224e+02
20230319_21:00:00   4.2071e-01   9.5719e+01   8.5499e+00   0.0000e+00   1.0658e-02   2.7343e+02
20230320_00:00:00   4.4368e-01   9.9154e+01   9.0565e+00   0.0000e+00   6.8651e-02   2.7500e+02
20230320_03:00:00   3.8256e-01   8.8100e+01   7.8843e+00   0.0000e+00   9.0247e-03   2.7546e+02
20230320_06:00:00   3.4673e-01   8.1563e+01   7.1591e+00   0.0000e+00   2.5442e-03   2.7564e+02
20230320_09:00:00   2.8625e-01   6.9990e+01   5.8984e+00   0.0000e+00   1.3585e-04   2.7489e+02
20230320_12:00:00   2.5301e-01   6.3124e+01   5.2509e+00   0.0000e+00   4.0014e-05   2.7487e+02
20230320_15:00:00   2.2911e-01   5.7896e+01   4.7362e+00   0.0000e+00   1.4790e-04   2.7274e+02
20230320_18:00:00   1.4594e-01   4.0913e+01   2.7465e+00   0.0000e+00   1.8359e-04   2.7426e+02
20230320_21:00:00   1.3038e-01   3.7658e+01   2.2913e+00   0.0000e+00   1.3267e-03   2.7241e+02
20230321_00:00:00   1.1466e-01   3.3564e+01   2.1030e+00   0.0000e+00   7.9122e-05   2.6397e+02
20230321_03:00:00   1.5368e-01   4.2434e+01   2.9807e+00   0.0000e+00   1.1950e-04   2.6088e+02
20230321_06:00:00   1.6359e-01   4.4456e+01   3.2314e+00   0.0000e+00   2.2300e-05   2.5772e+02
20230321_09:00:00   1.6228e-01   4.4216e+01   3.1975e+00   0.0000e+00   2.1745e-05   2.5751e+02
20230321_12:00:00   1.5576e-01   4.2864e+01   3.0176e+00   0.0000e+00   1.6968e-07   2.5812e+02
20230321_15:00:00   1.5402e-01   4.2605e+01   2.9375e+00   0.0000e+00   0.0000e+00   2.5859e+02
20230321_18:00:00   2.0009e-01   5.3260e+01   3.7564e+00   0.0000e+00   6.7880e-07   2.5899e+02
20230321_21:00:00   2.1089e-01   5.5828e+01   3.9156e+00   0.0000e+00   1.4644e-04   2.5821e+02
20230322_00:00:00   1.7909e-01   4.8696e+01   3.3561e+00   0.0000e+00   8.1930e-05   2.5663e+02
20230322_03:00:00   1.7980e-01   4.8587e+01   3.4538e+00   0.0000e+00   0.0000e+00   2.5474e+02
20230322_06:00:00   3.4686e-01   8.2795e+01   6.6756e+00   0.0000e+00   0.0000e+00   2.5299e+02
20230322_09:00:00   6.4623e-01   1.3188e+02   1.1548e+01   0.0000e+00   1.3731e-06   2.5221e+02
20230322_12:00:00   5.9285e-01   1.2401e+02   1.0844e+01   0.0000e+00   0.0000e+00   2.5423e+02
20230322_15:00:00   5.5381e-01   1.1813e+02   1.0249e+01   0.0000e+00   0.0000e+00   2.5391e+02
20230322_18:00:00   5.5174e-01   1.1823e+02   1.0179e+01   0.0000e+00   1.0806e-05   2.5484e+02
20230322_21:00:00   4.8215e-01   1.0769e+02   8.8002e+00   0.0000e+00   0.0000e+00   2.5482e+02
20230323_00:00:00   5.5320e-01   1.1865e+02   1.0265e+01   0.0000e+00   0.0000e+00   2.5450e+02
20230323_03:00:00   6.5193e-01   1.3296e+02   1.1800e+01   0.0000e+00   1.0716e-02   2.5366e+02
20230323_06:00:00   6.0881e-01   1.2698e+02   1.0893e+01   0.0000e+00   1.9054e-04   2.5481e+02
20230323_09:00:00   6.1168e-01   1.2773e+02   1.0683e+01   0.0000e+00   1.3574e-07   2.5593e+02
20230323_12:00:00   5.7943e-01   1.2321e+02   1.0066e+01   0.0000e+00   2.4740e-05   2.5647e+02
20230323_15:00:00   5.1831e-01   1.1400e+02   8.9450e+00   0.0000e+00   1.0413e-03   2.6074e+02
20230323_18:00:00   5.7668e-01   1.2268e+02   1.0411e+01   0.0000e+00   6.7076e-02   2.6382e+02
20230323_21:00:00   7.3723e-01   1.4420e+02   1.3596e+01   0.0000e+00   1.2692e-01   2.6501e+02
20230324_00:00:00   8.1467e-01   1.5350e+02   1.4657e+01   1.5467e-05   7.4073e-02   2.6776e+02
20230324_03:00:00   9.5401e-01   1.6920e+02   1.4956e+01   4.6460e-02   1.1910e-01   2.7019e+02
20230324_06:00:00   8.2365e-01   1.5552e+02   1.4100e+01   2.1523e-03   2.1818e-04   2.7252e+02
20230324_09:00:00   1.2138e+00   1.9442e+02   1.2898e+01   1.8353e-01   1.0156e-03   2.6944e+02
20230324_12:00:00   9.3614e-01   1.6757e+02   1.2414e+01   9.5480e-02   6.5965e-02   2.6893e+02
20230324_15:00:00   1.3600e+00   2.0451e+02   1.4805e+01   2.1169e-01   9.2690e-03   2.6636e+02
20230324_18:00:00   2.6801e+00   2.5602e+02   1.5913e+01   7.2336e-01   1.2535e-01   2.6354e+02
20230324_21:00:00   1.7632e+00   2.2739e+02   1.5389e+01   3.5650e-01   1.9264e-01   2.6637e+02
20230325_00:00:00   2.7755e+00   2.5725e+02   1.3058e+01   8.2449e-01   7.4305e-02   2.7048e+02
20230325_03:00:00   2.2482e+00   2.4513e+02   1.3212e+01   6.0143e-01   3.2822e-01   2.7774e+02
20230325_06:00:00   8.5556e-01   1.5705e+02   1.1046e+01   8.7014e-02   1.2093e-01   2.8183e+02
20230325_09:00:00   1.5463e+00   2.1463e+02   8.1412e+00   4.3963e-01   2.8186e-03   2.8620e+02
20230325_12:00:00   6.4476e-01   1.3053e+02   6.6716e+00   9.7411e-02   1.2130e-03   2.8728e+02
20230325_15:00:00   4.4309e-01   9.8986e+01   7.2455e+00   1.0731e-02   4.7828e-04   2.8410e+02
20230325_18:00:00   5.0588e-01   1.1023e+02   6.5962e+00   4.4330e-02   1.2964e-03   2.8228e+02
20230325_21:00:00   2.7169e-01   6.8070e+01   3.9132e+00   1.4255e-02   9.9700e-05   2.7515e+02
20230326_00:00:00   2.0501e-01   5.3941e+01   3.6141e+00   0.0000e+00   0.0000e+00   2.7371e+02
20230326_03:00:00   1.3835e-01   3.8961e+01   2.4687e+00   8.4880e-04   1.9966e-05   2.7201e+02
20230326_06:00:00   1.0274e-01   3.0265e+01   1.9486e+00   0.0000e+00   5.1641e-03   2.6763e+02
20230326_09:00:00   1.4505e-01   3.9608e+01   3.0449e+00   0.0000e+00   9.4921e-04   2.6425e+02
20230326_12:00:00   2.0800e-01   5.3376e+01   4.4932e+00   0.0000e+00   5.8600e-03   2.6180e+02
20230326_15:00:00   3.3474e-01   7.9246e+01   7.0088e+00   0.0000e+00   1.9880e-03   2.5672e+02
20230326_18:00:00   4.1311e-01   9.4072e+01   8.5112e+00   0.0000e+00   1.1098e-04   2.5589e+02
20230326_21:00:00   5.0268e-01   1.0958e+02   1.0102e+01   0.0000e+00   1.1779e-03   2.5279e+02
20230327_00:00:00   4.8539e-01   1.0639e+02   9.5892e+00   0.0000e+00   1.4799e-03   2.5268e+02
20230327_03:00:00   4.3733e-01   9.8992e+01   8.2202e+00   5.7063e-03   7.6943e-03   2.5580e+02
20230327_06:00:00   4.2299e-01   9.7663e+01   7.3796e+00   0.0000e+00   2.2704e-03   2.5536e+02
20230327_09:00:00   3.9022e-01   9.2059e+01   5.6079e+00   1.7815e-02   1.2374e-06   2.6065e+02
20230327_12:00:00   1.9103e-01   5.1416e+01   3.0618e+00   2.1184e-03   6.1190e-06   2.6405e+02
20230327_15:00:00   2.1817e-01   5.7085e+01   3.3990e+00   6.0370e-03   7.6230e-05   2.6529e+02
20230327_18:00:00   2.0861e-01   5.4699e+01   3.7465e+00   0.0000e+00   2.0590e-03   2.6645e+02
