#            date       tau255        Tb[K]      pwv[mm] lwp[kg*m^-2] iwp[kg*m^-2]       o3[DU]
20200313_18:00:00   3.5256e+00   2.7439e+02   2.2277e+01   7.6629e-01   1.3294e-05   3.3202e+02
20200313_19:00:00   2.0224e+00   2.4546e+02   2.0384e+01   2.2083e-01   3.9180e-06   3.3383e+02
20200313_20:00:00   1.3233e+00   2.0773e+02   1.5982e+01   7.4136e-02   2.1017e-05   3.2674e+02
20200313_21:00:00   1.7199e+00   2.2720e+02   1.4357e+01   3.0814e-01   6.1120e-04   3.2260e+02
20200313_22:00:00   5.5664e-01   1.2088e+02   8.1272e+00   1.2432e-05   1.6908e-06   3.2167e+02
20200313_23:00:00   4.0753e-01   9.5671e+01   5.6307e+00   0.0000e+00   0.0000e+00   3.2106e+02
20200314_00:00:00   4.2462e-01   9.8286e+01   5.8418e+00   0.0000e+00   0.0000e+00   3.2567e+02
20200314_01:00:00   4.2082e-01   9.7063e+01   5.8204e+00   0.0000e+00   0.0000e+00   3.3539e+02
20200314_02:00:00   4.1815e-01   9.6196e+01   5.6957e+00   0.0000e+00   3.6202e-06   3.3949e+02
20200314_03:00:00   3.1720e-01   7.7393e+01   4.2636e+00   0.0000e+00   0.0000e+00   3.3746e+02
20200314_04:00:00   3.2271e-01   7.8357e+01   4.3264e+00   0.0000e+00   0.0000e+00   3.3141e+02
20200314_05:00:00   3.3204e-01   8.0045e+01   4.4669e+00   0.0000e+00   0.0000e+00   3.2847e+02
20200314_06:00:00   3.3606e-01   8.0768e+01   4.5631e+00   0.0000e+00   0.0000e+00   3.2417e+02
20200314_07:00:00   3.1537e-01   7.6752e+01   4.2828e+00   0.0000e+00   0.0000e+00   3.1971e+02
20200314_08:00:00   3.0955e-01   7.5513e+01   4.2333e+00   0.0000e+00   0.0000e+00   3.1308e+02
20200314_09:00:00   3.1092e-01   7.5685e+01   4.2930e+00   0.0000e+00   0.0000e+00   3.0982e+02
20200314_10:00:00   3.2078e-01   7.7507e+01   4.4586e+00   0.0000e+00   0.0000e+00   3.0860e+02
20200314_11:00:00   3.5198e-01   8.3323e+01   4.9509e+00   0.0000e+00   4.9320e-07   3.0496e+02
20200314_12:00:00   3.8287e-01   8.8932e+01   5.4563e+00   0.0000e+00   1.5129e-06   3.0174e+02
20200314_13:00:00   4.0560e-01   9.3006e+01   5.8650e+00   0.0000e+00   0.0000e+00   3.0212e+02
20200314_14:00:00   4.2304e-01   9.6126e+01   6.1466e+00   0.0000e+00   0.0000e+00   3.0082e+02
20200314_15:00:00   4.3683e-01   9.8548e+01   6.4608e+00   0.0000e+00   0.0000e+00   3.0280e+02
20200314_16:00:00   4.3222e-01   9.7960e+01   6.4575e+00   0.0000e+00   0.0000e+00   3.0891e+02
20200314_17:00:00   4.3581e-01   9.8726e+01   6.5747e+00   0.0000e+00   1.4742e-04   3.1243e+02
20200314_18:00:00   4.5409e-01   1.0185e+02   6.9626e+00   0.0000e+00   3.4958e-03   3.0996e+02
20200314_19:00:00   4.5782e-01   1.0249e+02   7.0702e+00   0.0000e+00   5.6509e-03   3.0017e+02
20200314_20:00:00   4.5452e-01   1.0188e+02   7.0406e+00   0.0000e+00   6.0641e-04   3.0333e+02
20200314_21:00:00   4.5844e-01   1.0245e+02   7.1011e+00   0.0000e+00   9.7080e-06   2.9727e+02
20200314_22:00:00   4.5434e-01   1.0159e+02   7.0591e+00   0.0000e+00   4.0952e-05   2.9340e+02
20200314_23:00:00   4.4865e-01   1.0027e+02   7.0394e+00   0.0000e+00   2.7375e-03   2.9359e+02
20200315_00:00:00   4.3868e-01   9.8205e+01   6.9227e+00   0.0000e+00   5.9935e-03   2.9177e+02
20200315_01:00:00   4.2494e-01   9.5565e+01   6.6450e+00   0.0000e+00   4.0950e-02   2.9189e+02
20200315_02:00:00   4.1236e-01   9.3089e+01   6.4166e+00   0.0000e+00   1.6207e-01   2.9523e+02
20200315_03:00:00   3.7186e-01   8.5731e+01   5.7814e+00   0.0000e+00   9.1332e-02   2.9693e+02
20200315_04:00:00   3.4260e-01   8.0156e+01   5.3206e+00   0.0000e+00   3.9357e-02   2.9807e+02
20200315_05:00:00   3.3800e-01   7.9111e+01   5.2169e+00   0.0000e+00   9.4376e-02   2.9947e+02
20200315_06:00:00   3.3425e-01   7.8318e+01   5.1594e+00   0.0000e+00   5.1197e-02   2.9954e+02
20200315_07:00:00   3.1741e-01   7.5083e+01   4.8479e+00   0.0000e+00   4.4169e-02   3.0334e+02
20200315_08:00:00   3.0484e-01   7.2588e+01   4.6289e+00   0.0000e+00   3.4518e-02   3.0601e+02
20200315_09:00:00   2.8274e-01   6.8303e+01   4.2244e+00   0.0000e+00   2.2328e-02   3.0751e+02
20200315_10:00:00   2.6997e-01   6.5792e+01   3.9714e+00   0.0000e+00   1.0724e-02   3.0951e+02
20200315_11:00:00   2.3799e-01   5.9529e+01   3.3562e+00   0.0000e+00   4.2076e-03   3.0918e+02
20200315_12:00:00   2.1622e-01   5.5191e+01   2.9125e+00   0.0000e+00   1.6570e-05   3.1589e+02
20200315_13:00:00   2.0984e-01   5.3951e+01   2.7775e+00   0.0000e+00   0.0000e+00   3.1920e+02
20200315_14:00:00   2.1209e-01   5.4565e+01   2.7764e+00   0.0000e+00   0.0000e+00   3.2381e+02
20200315_15:00:00   2.1693e-01   5.5709e+01   2.8211e+00   0.0000e+00   0.0000e+00   3.2801e+02
20200315_16:00:00   2.2109e-01   5.6632e+01   2.8946e+00   0.0000e+00   0.0000e+00   3.3805e+02
20200315_17:00:00   2.2006e-01   5.6404e+01   2.9272e+00   0.0000e+00   0.0000e+00   3.4079e+02
20200315_18:00:00   2.2738e-01   5.7889e+01   3.0714e+00   0.0000e+00   3.1530e-05   3.4624e+02
20200315_19:00:00   2.3277e-01   5.8999e+01   3.1687e+00   0.0000e+00   1.9266e-07   3.4936e+02
20200315_20:00:00   2.3719e-01   5.9840e+01   3.2741e+00   0.0000e+00   0.0000e+00   3.4798e+02
20200315_21:00:00   2.3629e-01   5.9553e+01   3.2839e+00   0.0000e+00   0.0000e+00   3.4134e+02
20200315_22:00:00   2.2673e-01   5.7478e+01   3.1455e+00   0.0000e+00   0.0000e+00   3.4055e+02
20200315_23:00:00   2.1272e-01   5.4366e+01   2.9495e+00   0.0000e+00   0.0000e+00   3.5542e+02
20200316_00:00:00   2.0280e-01   5.2039e+01   2.8513e+00   0.0000e+00   0.0000e+00   3.7329e+02
20200316_01:00:00   1.7651e-01   4.6391e+01   2.4113e+00   0.0000e+00   0.0000e+00   3.7741e+02
20200316_02:00:00   1.7802e-01   4.6663e+01   2.4182e+00   0.0000e+00   2.4080e-07   3.7479e+02
20200316_03:00:00   2.1706e-01   5.4794e+01   3.0530e+00   0.0000e+00   7.8900e-06   3.7351e+02
20200316_04:00:00   2.5053e-01   6.1465e+01   3.5924e+00   0.0000e+00   2.2238e-03   3.7448e+02
20200316_05:00:00   2.7938e-01   6.7014e+01   4.0621e+00   0.0000e+00   1.2070e-02   3.8059e+02
20200316_06:00:00   2.9724e-01   7.0406e+01   4.3427e+00   0.0000e+00   2.4232e-03   3.8649e+02
20200316_07:00:00   3.0529e-01   7.1933e+01   4.4398e+00   0.0000e+00   3.5153e-04   3.8275e+02
20200316_08:00:00   3.0421e-01   7.1722e+01   4.4287e+00   0.0000e+00   1.6191e-05   3.7830e+02
20200316_09:00:00   2.9233e-01   6.9444e+01   4.2648e+00   0.0000e+00   1.6316e-05   3.7739e+02
20200316_10:00:00   2.8040e-01   6.7173e+01   4.0799e+00   0.0000e+00   1.9118e-05   3.7666e+02
20200316_11:00:00   2.8245e-01   6.7606e+01   4.1096e+00   0.0000e+00   3.9460e-06   3.7815e+02
20200316_12:00:00   2.9436e-01   6.9908e+01   4.3007e+00   0.0000e+00   9.1260e-06   3.7810e+02
20200316_13:00:00   3.0563e-01   7.2123e+01   4.4731e+00   0.0000e+00   2.2577e-03   3.7592e+02
20200316_14:00:00   3.1583e-01   7.4196e+01   4.6127e+00   0.0000e+00   8.3503e-06   3.7318e+02
20200316_15:00:00   3.2355e-01   7.5812e+01   4.7487e+00   0.0000e+00   7.9580e-06   3.6676e+02
20200316_16:00:00   3.4395e-01   7.9702e+01   5.0944e+00   0.0000e+00   0.0000e+00   3.6331e+02
20200316_17:00:00   3.7823e-01   8.5964e+01   5.6776e+00   0.0000e+00   3.9460e-06   3.6076e+02
20200316_18:00:00   4.2409e-01   9.3923e+01   6.4723e+00   0.0000e+00   2.4542e-05   3.5621e+02
20200316_19:00:00   4.6082e-01   1.0011e+02   7.1044e+00   0.0000e+00   2.5915e-03   3.5074e+02
20200316_20:00:00   4.9332e-01   1.0542e+02   7.6549e+00   0.0000e+00   8.2632e-03   3.4969e+02
20200316_21:00:00   5.1323e-01   1.0865e+02   7.9530e+00   0.0000e+00   1.6407e-02   3.4550e+02
20200316_22:00:00   5.5138e-01   1.1450e+02   8.5304e+00   0.0000e+00   2.6601e-02   3.4334e+02
20200316_23:00:00   5.9420e-01   1.2095e+02   9.0812e+00   0.0000e+00   4.9742e-02   3.4192e+02
20200317_00:00:00   5.9159e-01   1.2061e+02   8.8901e+00   1.1940e-03   5.9287e-02   3.3677e+02
20200317_01:00:00   5.7176e-01   1.1776e+02   8.6396e+00   0.0000e+00   4.5185e-02   3.3644e+02
20200317_02:00:00   5.6102e-01   1.1617e+02   8.4915e+00   0.0000e+00   5.4379e-02   3.3717e+02
20200317_03:00:00   5.7150e-01   1.1783e+02   8.6615e+00   0.0000e+00   3.0038e-02   3.3776e+02
20200317_04:00:00   6.6138e-01   1.3054e+02   1.0072e+01   0.0000e+00   1.3817e-02   3.4097e+02
20200317_05:00:00   7.4364e-01   1.4122e+02   1.1315e+01   0.0000e+00   2.1557e-02   3.4045e+02
20200317_06:00:00   7.7907e-01   1.4582e+02   1.1800e+01   0.0000e+00   2.0447e-02   3.3539e+02
20200317_07:00:00   8.3849e-01   1.5299e+02   1.2626e+01   1.0032e-04   3.6119e-02   3.3329e+02
20200317_08:00:00   8.8099e-01   1.5792e+02   1.3252e+01   3.0451e-04   2.3405e-01   3.3432e+02
20200317_09:00:00   9.0320e-01   1.6077e+02   1.3424e+01   9.3240e-06   1.4411e-01   3.3510e+02
20200317_10:00:00   9.7973e-01   1.6917e+02   1.3903e+01   1.4368e-02   2.2811e-01   3.3284e+02
20200317_11:00:00   1.7603e+00   2.2561e+02   1.4176e+01   3.2441e-01   3.1576e-01   3.3473e+02
20200317_12:00:00   2.3228e+00   2.4612e+02   1.4500e+01   5.5153e-01   1.6062e-01   3.3692e+02
20200317_13:00:00   3.3644e+00   2.6321e+02   1.4519e+01   9.9565e-01   2.2387e-01   3.3865e+02
20200317_14:00:00   2.2341e+00   2.4364e+02   1.5078e+01   5.0559e-01   2.0985e-01   3.3768e+02
20200317_15:00:00   1.9530e+00   2.3551e+02   1.5853e+01   3.4997e-01   1.8570e-01   3.3754e+02
20200317_16:00:00   2.4349e+00   2.5093e+02   1.6516e+01   5.2963e-01   1.6074e-01   3.3688e+02
20200317_17:00:00   2.7069e+00   2.5722e+02   1.7315e+01   6.2146e-01   3.6210e-02   3.3883e+02
20200317_18:00:00   3.0057e+00   2.6166e+02   1.8397e+01   7.3174e-01   4.5764e-02   3.4227e+02
20200317_19:00:00   1.4033e+00   2.0837e+02   1.8640e+01   5.6687e-02   5.0812e-03   3.4902e+02
20200317_20:00:00   1.4439e+00   2.1189e+02   1.7210e+01   1.1137e-01   2.0031e-02   3.5545e+02
20200317_21:00:00   1.1793e+00   1.9207e+02   1.6478e+01   2.5096e-02   1.0684e-02   3.5855e+02
20200317_22:00:00   1.1910e+00   1.9311e+02   1.6149e+01   3.8662e-02   1.0879e-03   3.5876e+02
20200317_23:00:00   9.7666e-01   1.7423e+02   1.3683e+01   3.0220e-03   9.6495e-05   3.5694e+02
20200318_00:00:00   8.4198e-01   1.5957e+02   1.1655e+01   1.9020e-04   4.3701e-06   3.5374e+02
20200318_01:00:00   7.4550e-01   1.4769e+02   1.0276e+01   0.0000e+00   2.0720e-06   3.5424e+02
20200318_02:00:00   6.7101e-01   1.3758e+02   9.2185e+00   0.0000e+00   0.0000e+00   3.5680e+02
20200318_03:00:00   5.7835e-01   1.2382e+02   7.8409e+00   0.0000e+00   0.0000e+00   3.5644e+02
20200318_04:00:00   4.6324e-01   1.0498e+02   6.2480e+00   0.0000e+00   0.0000e+00   3.5532e+02
20200318_05:00:00   3.1701e-01   7.7801e+01   4.2496e+00   0.0000e+00   0.0000e+00   3.5437e+02
20200318_06:00:00   2.9905e-01   7.3733e+01   4.0458e+00   0.0000e+00   0.0000e+00   3.5429e+02
20200318_07:00:00   2.7529e-01   6.8454e+01   3.7539e+00   0.0000e+00   0.0000e+00   3.5329e+02
20200318_08:00:00   2.5554e-01   6.3922e+01   3.5667e+00   0.0000e+00   0.0000e+00   3.5266e+02
20200318_09:00:00   2.7072e-01   6.6621e+01   3.8686e+00   0.0000e+00   0.0000e+00   3.5396e+02
20200318_10:00:00   2.9559e-01   7.1284e+01   4.2421e+00   0.0000e+00   0.0000e+00   3.5721e+02
20200318_11:00:00   3.0433e-01   7.2832e+01   4.3024e+00   0.0000e+00   2.4638e-06   3.5952e+02
20200318_12:00:00   3.0116e-01   7.1996e+01   4.2126e+00   0.0000e+00   4.2608e-06   3.6062e+02
20200318_13:00:00   2.4009e-01   5.9842e+01   3.2570e+00   0.0000e+00   0.0000e+00   3.6044e+02
20200318_14:00:00   1.8000e-01   4.7324e+01   2.2376e+00   0.0000e+00   0.0000e+00   3.6143e+02
20200318_15:00:00   1.6016e-01   4.3127e+01   1.8592e+00   0.0000e+00   0.0000e+00   3.6178e+02
20200318_16:00:00   1.6026e-01   4.3183e+01   1.8599e+00   0.0000e+00   0.0000e+00   3.6158e+02
20200318_17:00:00   1.6252e-01   4.3778e+01   1.8810e+00   0.0000e+00   0.0000e+00   3.6322e+02
20200318_18:00:00   1.7148e-01   4.5819e+01   2.0144e+00   0.0000e+00   0.0000e+00   3.6473e+02
20200318_21:00:00   2.3505e-01   5.9371e+01   3.0253e+00   0.0000e+00   0.0000e+00   3.5884e+02
20200319_00:00:00   2.2362e-01   5.7034e+01   2.8616e+00   0.0000e+00   0.0000e+00   3.5719e+02
20200319_03:00:00   1.8205e-01   4.8065e+01   2.2700e+00   0.0000e+00   1.1531e-03   3.5550e+02
20200319_06:00:00   1.6219e-01   4.3624e+01   2.0199e+00   0.0000e+00   1.9038e-03   3.4841e+02
20200319_09:00:00   1.7387e-01   4.6150e+01   2.2392e+00   0.0000e+00   4.6712e-03   3.4717e+02
20200319_12:00:00   1.7850e-01   4.7104e+01   2.4049e+00   0.0000e+00   1.5793e-03   3.5160e+02
20200319_15:00:00   2.1051e-01   5.3855e+01   3.0724e+00   0.0000e+00   9.7860e-03   3.4767e+02
20200319_18:00:00   2.4087e-01   6.0343e+01   3.7029e+00   0.0000e+00   1.7546e-02   3.4451e+02
20200319_21:00:00   2.7361e-01   6.7351e+01   4.2847e+00   0.0000e+00   3.3413e-04   3.4977e+02
20200320_00:00:00   3.8725e-01   8.9102e+01   6.0925e+00   0.0000e+00   9.8633e-06   3.5296e+02
20200320_03:00:00   9.5459e-01   1.6784e+02   1.3978e+01   9.1589e-03   8.3511e-03   3.3709e+02
20200320_06:00:00   1.0160e+00   1.7489e+02   1.4673e+01   6.6466e-03   2.4083e-03   3.2463e+02
20200320_09:00:00   2.2005e+00   2.4337e+02   1.6034e+01   4.5537e-01   1.7379e-02   3.2214e+02
20200320_12:00:00   2.0601e+00   2.3959e+02   1.8166e+01   3.4558e-01   6.0252e-02   3.1807e+02
20200320_15:00:00   4.2320e+00   2.7255e+02   2.3674e+01   1.1060e+00   2.5014e-02   3.1725e+02
20200320_18:00:00   5.5436e+00   2.7800e+02   2.9712e+01   1.4726e+00   2.0084e-01   3.1735e+02
20200320_21:00:00   3.9896e+00   2.7594e+02   3.3716e+01   7.3120e-01   4.2554e-01   3.2517e+02
20200321_00:00:00   1.7302e+00   2.3260e+02   2.6086e+01   1.7127e-02   1.2307e-01   3.2234e+02
20200321_03:00:00   1.8900e+00   2.3998e+02   2.9328e+01   3.4030e-04   8.6544e-02   3.1775e+02
20200321_06:00:00   1.5362e+00   2.2218e+02   2.3541e+01   0.0000e+00   4.2689e-01   3.2570e+02
20200321_09:00:00   1.3052e+00   2.0690e+02   1.9731e+01   0.0000e+00   1.1657e-01   3.1849e+02
20200321_12:00:00   1.3816e+00   2.1090e+02   2.0361e+01   2.6280e-04   9.2959e-05   3.2098e+02
20200321_15:00:00   1.1303e+00   1.8839e+02   1.6895e+01   9.9171e-04   9.7845e-05   3.2208e+02
20200321_18:00:00   2.2128e+00   2.4390e+02   1.8281e+01   4.2011e-01   4.8213e-02   3.2217e+02
20200321_21:00:00   1.6985e+00   2.2172e+02   1.6941e+01   2.5054e-01   1.8547e-01   3.3336e+02
20200322_00:00:00   2.3409e+00   2.4651e+02   1.5167e+01   5.5110e-01   2.7415e-01   3.4569e+02
20200322_03:00:00   1.4524e+00   2.0739e+02   1.2415e+01   2.5561e-01   1.1746e-01   3.5279e+02
20200322_06:00:00   7.5145e-01   1.4308e+02   1.0681e+01   6.9619e-03   7.7641e-03   3.5404e+02
20200322_09:00:00   5.9561e-01   1.2213e+02   8.3045e+00   1.7230e-03   5.2885e-04   3.5500e+02
20200322_12:00:00   4.5923e-01   1.0107e+02   6.2004e+00   0.0000e+00   2.7063e-04   3.6520e+02
20200322_15:00:00   2.7206e-01   6.7481e+01   3.4496e+00   0.0000e+00   1.9104e-06   3.6594e+02
20200322_18:00:00   2.4448e-01   6.2006e+01   3.2501e+00   0.0000e+00   1.1018e-03   3.6745e+02
20200322_21:00:00   2.7737e-01   6.8846e+01   3.7712e+00   0.0000e+00   5.8756e-06   3.7130e+02
20200323_00:00:00   3.1154e-01   7.5473e+01   4.2935e+00   0.0000e+00   0.0000e+00   3.7224e+02
20200323_03:00:00   3.3343e-01   7.9501e+01   4.6436e+00   0.0000e+00   0.0000e+00   3.7018e+02
20200323_06:00:00   3.2527e-01   7.7789e+01   4.5754e+00   0.0000e+00   1.3936e-04   3.6572e+02
20200323_09:00:00   3.3677e-01   7.9542e+01   5.0974e+00   0.0000e+00   3.0476e-03   3.4990e+02
20200323_12:00:00   4.1048e-01   9.2332e+01   6.5977e+00   0.0000e+00   3.1274e-02   3.3781e+02
20200323_15:00:00   6.1529e-01   1.2473e+02   1.0289e+01   0.0000e+00   1.3199e-01   3.3624e+02
20200323_18:00:00   9.5067e-01   1.6578e+02   1.5236e+01   2.3880e-04   9.3339e-01   3.3416e+02
20200323_21:00:00   1.2689e+00   1.9481e+02   1.8252e+01   3.5230e-02   9.1296e-01   3.3666e+02
20200324_00:00:00   2.7319e+00   2.5509e+02   1.7896e+01   6.4646e-01   3.7514e-01   3.4592e+02
20200324_03:00:00   2.3454e+00   2.4933e+02   1.8056e+01   4.5557e-01   1.1686e-02   3.3746e+02
20200324_06:00:00   2.9646e+00   2.6279e+02   1.7772e+01   7.0961e-01   7.2595e-04   3.3751e+02
20200324_09:00:00   1.3135e+00   2.0471e+02   1.7589e+01   4.2144e-02   3.9820e-05   3.2795e+02
20200324_12:00:00   1.2978e+00   2.0444e+02   1.5411e+01   8.8663e-02   0.0000e+00   3.2403e+02
20200324_15:00:00   1.0839e+00   1.8655e+02   1.5357e+01   2.2038e-02   7.6410e-06   3.2141e+02
20200324_18:00:00   1.1221e+00   1.9047e+02   1.6941e+01   1.0594e-03   4.6163e-04   3.1822e+02
20200324_21:00:00   1.0679e+00   1.8596e+02   1.6188e+01   2.8700e-04   0.0000e+00   3.1750e+02
20200325_00:00:00   9.9941e-01   1.7854e+02   1.5309e+01   0.0000e+00   1.2490e-05   3.2538e+02
20200325_03:00:00   1.0736e+00   1.8489e+02   1.6580e+01   0.0000e+00   2.0899e-02   3.2687e+02
20200325_06:00:00   1.2487e+00   1.9978e+02   1.9066e+01   0.0000e+00   1.6670e-03   3.2401e+02
20200325_09:00:00   3.6121e+00   2.7088e+02   2.2003e+01   8.7259e-01   1.0155e-01   3.2330e+02
20200325_12:00:00   2.6038e+00   2.5827e+02   2.1499e+01   4.6497e-01   1.3442e-04   3.2845e+02
20200325_15:00:00   2.5265e+00   2.5783e+02   2.2184e+01   4.0923e-01   1.4606e-04   3.2785e+02
20200325_18:00:00   4.4896e+00   2.7890e+02   2.6246e+01   1.0829e+00   1.6749e-03   3.2614e+02
20200325_21:00:00   3.9547e+00   2.7616e+02   2.7916e+01   8.5672e-01   4.6305e-01   3.3097e+02
20200326_00:00:00   9.9008e-01   1.7445e+02   1.5269e+01   3.2172e-03   3.4117e-02   3.5768e+02
20200326_03:00:00   6.3018e-01   1.2796e+02   9.2725e+00   0.0000e+00   5.7218e-05   3.6374e+02
20200326_06:00:00   4.0606e-01   9.2652e+01   5.5366e+00   7.5260e-04   1.0385e-03   3.9283e+02
20200326_09:00:00   3.8974e-01   8.9051e+01   5.3037e+00   0.0000e+00   2.1998e-05   4.2084e+02
20200326_12:00:00   3.9374e-01   8.9505e+01   5.3528e+00   0.0000e+00   4.6260e-04   4.4139e+02
20200326_15:00:00   3.8083e-01   8.7082e+01   5.2033e+00   0.0000e+00   1.7914e-02   4.1938e+02
20200326_18:00:00   4.2471e-01   9.4724e+01   6.0356e+00   0.0000e+00   2.3262e-02   4.0751e+02
20200326_21:00:00   4.2307e-01   9.5058e+01   5.9747e+00   0.0000e+00   1.3779e-03   3.9867e+02
20200327_00:00:00   3.9837e-01   9.0873e+01   5.4746e+00   0.0000e+00   1.8824e-05   4.0447e+02
20200327_03:00:00   3.8683e-01   8.8927e+01   5.3772e+00   0.0000e+00   4.0780e-06   3.9512e+02
20200327_06:00:00   3.1222e-01   7.5225e+01   4.3097e+00   0.0000e+00   0.0000e+00   3.9926e+02
20200327_09:00:00   3.0376e-01   7.3604e+01   4.2203e+00   0.0000e+00   0.0000e+00   3.9804e+02
20200327_12:00:00   3.0579e-01   7.3991e+01   4.2456e+00   0.0000e+00   0.0000e+00   3.9443e+02
20200327_15:00:00   2.8909e-01   7.1240e+01   3.9230e+00   0.0000e+00   0.0000e+00   3.8879e+02
20200327_18:00:00   2.8449e-01   7.0679e+01   3.9582e+00   0.0000e+00   0.0000e+00   3.8592e+02
20200327_21:00:00   3.4378e-01   8.2353e+01   4.8345e+00   0.0000e+00   0.0000e+00   3.8610e+02
20200328_00:00:00   4.3518e-01   9.8778e+01   6.0463e+00   0.0000e+00   2.1060e-06   3.8543e+02
20200328_03:00:00   4.1700e-01   9.5347e+01   5.7550e+00   0.0000e+00   0.0000e+00   3.8029e+02
20200328_06:00:00   3.1879e-01   7.6595e+01   4.5183e+00   0.0000e+00   5.5495e-05   3.7419e+02
20200328_09:00:00   2.4354e-01   6.0879e+01   3.6203e+00   0.0000e+00   9.5521e-04   3.7087e+02
20200328_12:00:00   2.3389e-01   5.8483e+01   3.6028e+00   0.0000e+00   5.6803e-03   3.7160e+02
20200328_15:00:00   2.7144e-01   6.6077e+01   4.3406e+00   0.0000e+00   5.7710e-03   3.7197e+02
20200328_18:00:00   3.5420e-01   8.2220e+01   5.8176e+00   0.0000e+00   1.5673e-03   3.6600e+02
20200328_21:00:00   4.9370e-01   1.0660e+02   8.2409e+00   0.0000e+00   2.4755e-03   3.5973e+02
20200329_00:00:00   6.5800e-01   1.3141e+02   1.0819e+01   0.0000e+00   2.5385e-02   3.5876e+02
20200329_03:00:00   7.5654e-01   1.4481e+02   1.2131e+01   0.0000e+00   5.7258e-03   3.5844e+02
20200329_06:00:00   8.1946e-01   1.5302e+02   1.2703e+01   1.4717e-03   9.2886e-03   3.6036e+02
20200329_09:00:00   1.7182e+00   2.2317e+02   1.3795e+01   3.4233e-01   1.5209e-01   3.5309e+02
20200329_12:00:00   1.6966e+00   2.2271e+02   1.4534e+01   3.1506e-01   8.0064e-02   3.5588e+02
20200329_15:00:00   2.0288e+00   2.3670e+02   1.7491e+01   3.8929e-01   2.7455e-01   3.4827e+02
20200329_18:00:00   1.2638e+00   1.9629e+02   2.0128e+01   4.1729e-03   4.4602e-01   3.4165e+02
