#            date       tau255        Tb[K]      pwv[mm] lwp[kg*m^-2] iwp[kg*m^-2]       o3[DU]
20201026_12:00:00   1.0011e-01   3.0226e+01   1.8716e+00   0.0000e+00   0.0000e+00   2.8347e+02
20201026_13:00:00   1.0717e-01   3.1923e+01   2.0464e+00   0.0000e+00   0.0000e+00   2.8529e+02
20201026_14:00:00   1.1936e-01   3.4696e+01   2.3442e+00   0.0000e+00   0.0000e+00   2.8579e+02
20201026_15:00:00   1.1712e-01   3.4018e+01   2.3052e+00   0.0000e+00   0.0000e+00   2.8708e+02
20201026_16:00:00   1.2934e-01   3.6618e+01   2.6019e+00   0.0000e+00   0.0000e+00   2.8868e+02
20201026_17:00:00   1.2803e-01   3.6497e+01   2.4589e+00   0.0000e+00   0.0000e+00   2.8892e+02
20201026_18:00:00   1.4560e-01   4.0681e+01   2.5862e+00   2.7150e-03   0.0000e+00   2.8856e+02
20201026_19:00:00   1.4489e-01   4.0579e+01   2.4565e+00   3.5710e-03   0.0000e+00   2.9357e+02
20201026_20:00:00   2.4345e-01   6.2273e+01   2.7577e+00   3.4720e-02   1.5029e-04   3.0386e+02
20201026_21:00:00   7.0675e-01   1.3952e+02   3.2434e+00   2.1496e-01   5.3750e-04   3.1462e+02
20201026_22:00:00   4.2234e-01   9.6276e+01   2.6859e+00   1.0894e-01   1.2066e-03   3.2345e+02
20201026_23:00:00   7.6365e-02   2.4174e+01   9.4916e-01   4.6908e-03   5.7490e-06   3.2568e+02
20201027_00:00:00   5.3317e-02   1.8135e+01   7.9436e-01   0.0000e+00   0.0000e+00   3.1967e+02
20201027_01:00:00   6.2296e-02   2.0117e+01   1.0799e+00   0.0000e+00   0.0000e+00   3.1534e+02
20201027_02:00:00   7.6070e-02   2.3440e+01   1.4148e+00   0.0000e+00   0.0000e+00   3.1316e+02
20201027_03:00:00   8.5334e-02   2.5737e+01   1.6157e+00   0.0000e+00   0.0000e+00   3.1466e+02
20201027_04:00:00   9.4312e-02   2.7945e+01   1.8113e+00   0.0000e+00   0.0000e+00   3.1560e+02
20201027_05:00:00   1.0152e-01   2.9781e+01   1.9569e+00   0.0000e+00   0.0000e+00   3.1462e+02
20201027_06:00:00   1.0514e-01   3.0780e+01   2.0149e+00   0.0000e+00   0.0000e+00   3.1491e+02
20201027_07:00:00   1.0856e-01   3.1701e+01   2.0705e+00   0.0000e+00   0.0000e+00   3.1515e+02
20201027_08:00:00   1.1123e-01   3.2389e+01   2.1261e+00   0.0000e+00   0.0000e+00   3.1205e+02
20201027_09:00:00   1.2048e-01   3.4547e+01   2.3498e+00   0.0000e+00   0.0000e+00   3.0872e+02
20201027_10:00:00   1.3252e-01   3.7320e+01   2.6489e+00   0.0000e+00   0.0000e+00   3.0664e+02
20201027_11:00:00   1.3861e-01   3.8789e+01   2.7940e+00   0.0000e+00   0.0000e+00   3.0728e+02
20201027_12:00:00   1.4326e-01   3.9956e+01   2.9045e+00   0.0000e+00   0.0000e+00   3.0764e+02
20201027_13:00:00   1.4658e-01   4.0836e+01   2.9596e+00   0.0000e+00   0.0000e+00   3.0707e+02
20201027_14:00:00   1.4520e-01   4.0628e+01   2.9221e+00   0.0000e+00   0.0000e+00   3.0647e+02
20201027_15:00:00   1.4794e-01   4.1309e+01   2.9968e+00   0.0000e+00   0.0000e+00   3.0479e+02
20201027_16:00:00   1.4870e-01   4.1491e+01   3.0243e+00   0.0000e+00   0.0000e+00   3.0334e+02
20201027_17:00:00   1.4387e-01   4.0416e+01   2.9184e+00   0.0000e+00   0.0000e+00   3.0035e+02
20201027_18:00:00   1.3941e-01   3.9402e+01   2.8204e+00   0.0000e+00   0.0000e+00   2.9900e+02
20201027_19:00:00   1.3836e-01   3.9172e+01   2.7951e+00   0.0000e+00   0.0000e+00   2.9780e+02
20201027_20:00:00   1.2731e-01   3.6634e+01   2.5494e+00   0.0000e+00   0.0000e+00   2.9728e+02
20201027_21:00:00   1.2015e-01   3.4950e+01   2.4021e+00   0.0000e+00   0.0000e+00   2.9688e+02
20201027_22:00:00   1.1440e-01   3.3593e+01   2.2790e+00   0.0000e+00   0.0000e+00   2.9549e+02
20201027_23:00:00   1.1301e-01   3.3293e+01   2.2468e+00   0.0000e+00   0.0000e+00   2.9420e+02
20201028_00:00:00   1.1357e-01   3.3448e+01   2.2633e+00   0.0000e+00   0.0000e+00   2.9354e+02
20201028_01:00:00   1.1351e-01   3.3457e+01   2.2687e+00   0.0000e+00   0.0000e+00   2.9225e+02
20201028_02:00:00   1.1218e-01   3.3154e+01   2.2373e+00   0.0000e+00   0.0000e+00   2.9176e+02
20201028_03:00:00   1.1166e-01   3.3066e+01   2.2128e+00   0.0000e+00   0.0000e+00   2.9049e+02
20201028_04:00:00   1.1292e-01   3.3424e+01   2.2322e+00   0.0000e+00   0.0000e+00   2.8795e+02
20201028_05:00:00   1.0890e-01   3.2495e+01   2.1359e+00   0.0000e+00   0.0000e+00   2.8657e+02
20201028_06:00:00   1.0494e-01   3.1552e+01   2.0412e+00   0.0000e+00   0.0000e+00   2.8530e+02
20201028_07:00:00   9.9553e-02   3.0224e+01   1.9205e+00   0.0000e+00   0.0000e+00   2.8495e+02
20201028_08:00:00   1.0091e-01   3.0546e+01   1.9533e+00   0.0000e+00   0.0000e+00   2.8315e+02
20201028_09:00:00   1.1016e-01   3.2801e+01   2.1661e+00   0.0000e+00   0.0000e+00   2.8224e+02
20201028_10:00:00   1.1695e-01   3.4445e+01   2.3183e+00   0.0000e+00   0.0000e+00   2.8126e+02
20201028_11:00:00   1.2360e-01   3.6043e+01   2.4645e+00   0.0000e+00   0.0000e+00   2.8049e+02
20201028_12:00:00   1.2976e-01   3.7509e+01   2.6020e+00   0.0000e+00   0.0000e+00   2.8035e+02
20201028_13:00:00   1.3794e-01   3.9460e+01   2.7714e+00   0.0000e+00   0.0000e+00   2.8132e+02
20201028_14:00:00   1.4516e-01   4.1200e+01   2.9166e+00   0.0000e+00   0.0000e+00   2.8332e+02
20201028_15:00:00   1.5171e-01   4.2740e+01   3.0498e+00   0.0000e+00   0.0000e+00   2.8386e+02
20201028_16:00:00   1.5601e-01   4.3744e+01   3.1345e+00   0.0000e+00   0.0000e+00   2.8326e+02
20201028_17:00:00   1.5778e-01   4.4149e+01   3.1607e+00   0.0000e+00   0.0000e+00   2.8250e+02
20201028_18:00:00   1.5770e-01   4.4150e+01   3.1472e+00   0.0000e+00   0.0000e+00   2.8202e+02
20201028_19:00:00   1.5719e-01   4.4039e+01   3.1287e+00   0.0000e+00   0.0000e+00   2.8249e+02
20201028_20:00:00   1.6183e-01   4.5069e+01   3.2213e+00   0.0000e+00   0.0000e+00   2.8391e+02
20201028_21:00:00   1.6669e-01   4.6183e+01   3.3215e+00   0.0000e+00   0.0000e+00   2.8381e+02
20201028_22:00:00   1.7120e-01   4.7240e+01   3.4133e+00   0.0000e+00   0.0000e+00   2.8379e+02
20201028_23:00:00   1.7755e-01   4.8747e+01   3.5429e+00   0.0000e+00   0.0000e+00   2.8351e+02
20201029_00:00:00   1.8560e-01   5.0671e+01   3.6943e+00   0.0000e+00   0.0000e+00   2.8411e+02
20201029_01:00:00   1.8587e-01   5.0768e+01   3.6848e+00   0.0000e+00   0.0000e+00   2.8525e+02
20201029_02:00:00   1.7916e-01   4.9259e+01   3.5514e+00   0.0000e+00   0.0000e+00   2.8676e+02
20201029_03:00:00   1.6907e-01   4.6907e+01   3.3554e+00   0.0000e+00   0.0000e+00   2.8903e+02
20201029_04:00:00   1.5773e-01   4.4259e+01   3.1326e+00   0.0000e+00   0.0000e+00   2.9087e+02
20201029_05:00:00   1.4448e-01   4.1162e+01   2.8601e+00   0.0000e+00   0.0000e+00   2.9145e+02
20201029_06:00:00   1.3605e-01   3.9166e+01   2.6816e+00   0.0000e+00   0.0000e+00   2.9063e+02
20201029_07:00:00   1.3060e-01   3.7852e+01   2.5698e+00   0.0000e+00   0.0000e+00   2.8816e+02
20201029_08:00:00   1.2661e-01   3.6891e+01   2.4845e+00   0.0000e+00   0.0000e+00   2.8664e+02
20201029_09:00:00   1.2386e-01   3.6220e+01   2.4203e+00   0.0000e+00   0.0000e+00   2.8532e+02
20201029_10:00:00   1.2071e-01   3.5471e+01   2.3466e+00   0.0000e+00   0.0000e+00   2.8572e+02
20201029_11:00:00   1.1748e-01   3.4693e+01   2.2725e+00   0.0000e+00   0.0000e+00   2.8555e+02
20201029_12:00:00   1.1481e-01   3.4040e+01   2.2144e+00   0.0000e+00   0.0000e+00   2.8579e+02
20201029_13:00:00   1.1202e-01   3.3344e+01   2.1526e+00   0.0000e+00   0.0000e+00   2.8593e+02
20201029_14:00:00   1.0719e-01   3.2159e+01   2.0429e+00   0.0000e+00   0.0000e+00   2.8507e+02
20201029_15:00:00   1.0472e-01   3.1508e+01   1.9957e+00   0.0000e+00   0.0000e+00   2.8347e+02
20201029_16:00:00   1.0300e-01   3.1062e+01   1.9607e+00   0.0000e+00   1.8014e-05   2.8214e+02
20201029_17:00:00   1.0175e-01   3.0719e+01   1.9422e+00   0.0000e+00   6.9701e-04   2.8209e+02
20201029_18:00:00   1.0392e-01   3.1206e+01   1.9974e+00   0.0000e+00   1.7583e-03   2.8316e+02
20201029_19:00:00   1.0861e-01   3.2302e+01   2.1059e+00   0.0000e+00   3.9387e-03   2.8348e+02
20201029_20:00:00   1.1916e-01   3.4780e+01   2.3420e+00   0.0000e+00   1.0556e-02   2.8306e+02
20201029_21:00:00   1.2722e-01   3.6646e+01   2.5154e+00   0.0000e+00   1.6179e-02   2.8304e+02
20201029_22:00:00   1.3277e-01   3.7853e+01   2.6722e+00   0.0000e+00   1.7508e-02   2.8343e+02
20201029_23:00:00   1.3785e-01   3.8856e+01   2.8395e+00   0.0000e+00   1.3187e-02   2.8224e+02
20201030_00:00:00   1.3916e-01   3.9088e+01   2.8939e+00   0.0000e+00   1.0658e-02   2.8128e+02
20201030_01:00:00   1.3381e-01   3.7924e+01   2.7495e+00   0.0000e+00   8.5369e-03   2.8061e+02
20201030_02:00:00   1.3307e-01   3.7800e+01   2.7120e+00   0.0000e+00   9.1737e-03   2.7981e+02
20201030_03:00:00   1.3614e-01   3.8502e+01   2.7827e+00   0.0000e+00   6.5675e-03   2.7965e+02
20201030_04:00:00   1.3654e-01   3.8665e+01   2.7756e+00   0.0000e+00   4.6661e-03   2.7935e+02
20201030_05:00:00   1.3907e-01   3.9279e+01   2.8209e+00   0.0000e+00   3.2192e-03   2.7845e+02
20201030_06:00:00   1.4205e-01   4.0015e+01   2.8737e+00   0.0000e+00   1.9646e-03   2.7746e+02
20201030_07:00:00   1.4612e-01   4.0945e+01   2.9694e+00   0.0000e+00   1.5439e-03   2.7696e+02
20201030_08:00:00   1.5433e-01   4.2799e+01   3.1561e+00   0.0000e+00   9.5098e-04   2.7762e+02
20201030_09:00:00   1.6132e-01   4.4413e+01   3.2959e+00   0.0000e+00   3.6003e-04   2.7816e+02
20201030_10:00:00   1.6201e-01   4.4621e+01   3.2976e+00   0.0000e+00   3.3659e-04   2.7783e+02
20201030_11:00:00   1.6281e-01   4.4789e+01   3.3183e+00   0.0000e+00   2.3738e-04   2.7641e+02
20201030_12:00:00   1.6254e-01   4.4725e+01   3.3082e+00   0.0000e+00   6.7757e-04   2.7592e+02
20201030_13:00:00   1.5798e-01   4.3768e+01   3.1914e+00   0.0000e+00   1.5352e-03   2.7568e+02
20201030_14:00:00   1.5250e-01   4.2579e+01   3.0466e+00   0.0000e+00   2.4436e-04   2.7547e+02
20201030_15:00:00   1.4516e-01   4.1003e+01   2.8473e+00   0.0000e+00   2.4200e-06   2.7526e+02
20201030_16:00:00   1.4060e-01   3.9985e+01   2.7345e+00   0.0000e+00   0.0000e+00   2.7674e+02
20201030_17:00:00   1.3202e-01   3.8036e+01   2.5274e+00   0.0000e+00   0.0000e+00   2.7798e+02
20201030_18:00:00   1.2445e-01   3.6338e+01   2.3369e+00   0.0000e+00   0.0000e+00   2.8027e+02
20201030_19:00:00   1.2558e-01   3.6666e+01   2.3295e+00   0.0000e+00   0.0000e+00   2.8039e+02
20201030_20:00:00   1.2821e-01   3.7320e+01   2.3712e+00   0.0000e+00   0.0000e+00   2.7957e+02
20201030_21:00:00   1.2935e-01   3.7618e+01   2.3873e+00   0.0000e+00   0.0000e+00   2.7934e+02
20201030_22:00:00   1.2935e-01   3.7629e+01   2.3825e+00   0.0000e+00   0.0000e+00   2.7713e+02
20201030_23:00:00   1.2293e-01   3.6111e+01   2.2497e+00   0.0000e+00   0.0000e+00   2.7517e+02
20201031_00:00:00   1.1373e-01   3.3889e+01   2.0815e+00   0.0000e+00   0.0000e+00   2.7551e+02
20201031_01:00:00   1.0208e-01   3.0980e+01   1.8743e+00   0.0000e+00   0.0000e+00   2.7544e+02
20201031_02:00:00   1.0303e-01   3.1133e+01   1.9202e+00   0.0000e+00   0.0000e+00   2.7479e+02
20201031_03:00:00   1.0656e-01   3.1873e+01   2.0311e+00   0.0000e+00   0.0000e+00   2.7613e+02
20201031_04:00:00   1.1382e-01   3.3452e+01   2.2381e+00   0.0000e+00   7.8895e-04   2.7660e+02
20201031_05:00:00   1.1588e-01   3.3840e+01   2.3121e+00   0.0000e+00   5.4289e-04   2.7776e+02
20201031_06:00:00   1.2282e-01   3.5419e+01   2.4864e+00   0.0000e+00   2.0111e-04   2.7882e+02
20201031_07:00:00   1.3991e-01   3.9219e+01   2.9182e+00   0.0000e+00   2.8392e-04   2.7868e+02
20201031_08:00:00   1.4469e-01   4.0264e+01   3.0427e+00   0.0000e+00   3.9156e-04   2.7794e+02
20201031_09:00:00   1.5891e-01   4.3373e+01   3.3907e+00   0.0000e+00   3.0085e-04   2.7686e+02
20201031_10:00:00   1.8807e-01   4.9727e+01   4.0506e+00   0.0000e+00   1.0810e-04   2.7683e+02
20201031_11:00:00   2.0357e-01   5.3032e+01   4.3891e+00   0.0000e+00   1.1153e-04   2.7603e+02
20201031_12:00:00   1.9163e-01   5.0571e+01   4.0986e+00   0.0000e+00   0.0000e+00   2.7502e+02
20201031_15:00:00   1.8811e-01   4.9933e+01   3.9980e+00   0.0000e+00   0.0000e+00   2.7078e+02
20201031_18:00:00   1.8792e-01   5.0052e+01   3.9794e+00   0.0000e+00   0.0000e+00   2.6791e+02
20201031_21:00:00   2.3750e-01   6.1035e+01   4.9825e+00   0.0000e+00   0.0000e+00   2.7017e+02
20201101_00:00:00   2.6450e-01   6.6573e+01   5.6140e+00   0.0000e+00   0.0000e+00   2.6884e+02
20201101_03:00:00   2.9937e-01   7.3486e+01   6.3918e+00   0.0000e+00   3.3605e-04   2.6878e+02
20201101_06:00:00   3.1077e-01   7.5728e+01   6.6789e+00   0.0000e+00   1.2100e-06   2.6809e+02
20201101_09:00:00   3.3049e-01   7.9415e+01   7.1664e+00   0.0000e+00   2.7011e-04   2.6612e+02
20201101_12:00:00   3.2415e-01   7.7676e+01   7.1294e+00   0.0000e+00   4.2427e-02   2.6401e+02
20201101_15:00:00   3.1288e-01   7.5282e+01   6.9147e+00   0.0000e+00   1.5888e-02   2.6163e+02
20201101_18:00:00   3.0554e-01   7.3898e+01   6.7203e+00   0.0000e+00   4.3610e-03   2.6057e+02
20201101_21:00:00   3.2295e-01   7.7569e+01   7.0081e+00   0.0000e+00   1.7544e-02   2.5800e+02
20201102_00:00:00   2.9942e-01   7.3222e+01   6.4551e+00   0.0000e+00   6.2410e-03   2.5819e+02
20201102_03:00:00   2.7442e-01   6.8100e+01   5.9037e+00   0.0000e+00   2.9354e-02   2.6188e+02
20201102_06:00:00   2.5235e-01   6.3904e+01   5.3672e+00   0.0000e+00   4.8106e-04   2.6106e+02
20201102_09:00:00   2.2248e-01   5.7818e+01   4.6815e+00   0.0000e+00   0.0000e+00   2.5659e+02
20201102_12:00:00   2.1959e-01   5.7391e+01   4.5590e+00   0.0000e+00   0.0000e+00   2.5579e+02
20201102_15:00:00   2.2156e-01   5.7906e+01   4.5522e+00   0.0000e+00   0.0000e+00   2.5649e+02
20201102_18:00:00   2.1881e-01   5.7497e+01   4.4430e+00   0.0000e+00   0.0000e+00   2.5257e+02
20201102_21:00:00   2.2587e-01   5.9365e+01   4.4663e+00   0.0000e+00   0.0000e+00   2.5200e+02
20201103_00:00:00   2.0070e-01   5.4006e+01   3.9516e+00   0.0000e+00   5.9015e-05   2.4979e+02
20201103_03:00:00   1.7698e-01   4.8254e+01   3.6557e+00   0.0000e+00   3.1573e-03   2.5029e+02
20201103_06:00:00   1.8642e-01   4.9797e+01   4.0195e+00   0.0000e+00   4.9701e-02   2.5551e+02
20201103_09:00:00   2.6550e-01   6.5936e+01   5.9018e+00   0.0000e+00   9.3717e-02   2.5725e+02
20201103_12:00:00   2.0243e-01   5.3260e+01   4.3541e+00   0.0000e+00   7.9132e-05   2.6101e+02
20201103_15:00:00   2.2107e-01   5.7063e+01   4.8266e+00   0.0000e+00   0.0000e+00   2.6251e+02
20201103_18:00:00   2.2204e-01   5.7291e+01   4.8393e+00   0.0000e+00   0.0000e+00   2.5704e+02
20201103_21:00:00   2.4566e-01   6.2452e+01   5.3067e+00   0.0000e+00   2.8356e-03   2.5627e+02
20201104_00:00:00   2.7716e-01   6.8936e+01   6.0060e+00   0.0000e+00   2.6075e-03   2.5619e+02
20201104_03:00:00   2.6722e-01   6.6579e+01   5.8897e+00   0.0000e+00   8.9333e-03   2.5780e+02
20201104_06:00:00   2.7954e-01   6.8776e+01   6.1374e+00   0.0000e+00   6.0250e-02   2.6191e+02
20201104_09:00:00   3.1096e-01   7.4893e+01   6.6985e+00   0.0000e+00   1.1636e-01   2.6276e+02
20201104_12:00:00   2.7624e-01   6.8506e+01   5.8245e+00   0.0000e+00   2.3339e-04   2.6553e+02
20201104_15:00:00   2.4628e-01   6.2457e+01   5.1365e+00   0.0000e+00   0.0000e+00   2.7039e+02
20201104_18:00:00   2.4797e-01   6.2704e+01   5.1651e+00   0.0000e+00   0.0000e+00   2.7457e+02
20201104_21:00:00   3.1359e-01   7.6213e+01   6.3987e+00   0.0000e+00   0.0000e+00   2.7440e+02
20201105_00:00:00   3.1318e-01   7.6254e+01   6.3884e+00   0.0000e+00   0.0000e+00   2.6993e+02
20201105_03:00:00   2.7429e-01   6.8474e+01   5.6368e+00   0.0000e+00   0.0000e+00   2.6888e+02
20201105_06:00:00   2.4392e-01   6.2181e+01   5.0275e+00   0.0000e+00   0.0000e+00   2.6888e+02
20201105_09:00:00   2.4002e-01   6.1568e+01   4.8945e+00   0.0000e+00   0.0000e+00   2.6664e+02
20201105_12:00:00   3.3031e-01   8.0262e+01   6.5337e+00   0.0000e+00   0.0000e+00   2.6592e+02
20201105_15:00:00   4.3296e-01   9.9667e+01   8.2488e+00   0.0000e+00   0.0000e+00   2.6530e+02
20201105_18:00:00   4.7749e-01   1.0724e+02   9.1578e+00   0.0000e+00   0.0000e+00   2.6611e+02
20201105_21:00:00   5.1967e-01   1.1395e+02   1.0057e+01   0.0000e+00   0.0000e+00   2.6239e+02
20201106_00:00:00   4.8415e-01   1.0823e+02   9.5124e+00   0.0000e+00   0.0000e+00   2.5876e+02
20201106_03:00:00   4.0080e-01   9.3696e+01   8.0926e+00   0.0000e+00   6.4080e-05   2.5834e+02
20201106_06:00:00   4.5651e-01   1.0383e+02   9.0831e+00   0.0000e+00   0.0000e+00   2.5861e+02
20201106_09:00:00   4.7575e-01   1.0713e+02   9.3925e+00   0.0000e+00   0.0000e+00   2.5931e+02
20201106_12:00:00   4.8026e-01   1.0779e+02   9.4552e+00   0.0000e+00   1.1864e-02   2.5944e+02
20201106_15:00:00   3.4885e-01   8.4382e+01   6.9479e+00   0.0000e+00   0.0000e+00   2.5853e+02
20201106_18:00:00   2.8662e-01   7.2122e+01   5.7869e+00   0.0000e+00   0.0000e+00   2.5500e+02
20201106_21:00:00   2.8486e-01   7.1783e+01   5.7701e+00   0.0000e+00   0.0000e+00   2.5217e+02
20201107_00:00:00   2.5912e-01   6.6554e+01   5.2542e+00   0.0000e+00   0.0000e+00   2.5141e+02
20201107_03:00:00   2.6267e-01   6.7364e+01   5.3118e+00   0.0000e+00   0.0000e+00   2.5332e+02
20201107_06:00:00   2.5558e-01   6.5841e+01   5.1917e+00   0.0000e+00   0.0000e+00   2.5058e+02
20201107_09:00:00   2.5739e-01   6.6155e+01   5.1892e+00   0.0000e+00   0.0000e+00   2.5085e+02
20201107_12:00:00   2.6506e-01   6.7757e+01   5.2857e+00   0.0000e+00   0.0000e+00   2.5349e+02
20201107_15:00:00   2.6841e-01   6.8445e+01   5.3419e+00   0.0000e+00   0.0000e+00   2.5310e+02
20201107_18:00:00   2.7215e-01   6.9203e+01   5.4015e+00   0.0000e+00   0.0000e+00   2.5319e+02
20201107_21:00:00   3.1454e-01   7.7592e+01   6.2656e+00   0.0000e+00   0.0000e+00   2.5490e+02
20201108_00:00:00   3.0280e-01   7.5191e+01   6.0782e+00   0.0000e+00   0.0000e+00   2.5237e+02
20201108_03:00:00   3.1510e-01   7.7559e+01   6.3036e+00   0.0000e+00   0.0000e+00   2.5324e+02
20201108_06:00:00   3.0708e-01   7.5738e+01   6.2177e+00   0.0000e+00   0.0000e+00   2.5225e+02
20201108_09:00:00   3.5518e-01   8.4654e+01   7.1943e+00   0.0000e+00   0.0000e+00   2.5165e+02
20201108_12:00:00   4.4486e-01   1.0016e+02   8.9453e+00   0.0000e+00   3.8017e-02   2.5224e+02
20201108_15:00:00   6.6600e-01   1.3410e+02   1.1739e+01   2.3798e-02   9.0616e-02   2.5385e+02
20201108_18:00:00   6.9932e-01   1.3897e+02   1.1807e+01   3.1176e-02   3.7730e-02   2.5608e+02
20201108_21:00:00   7.3210e-01   1.4228e+02   1.3860e+01   9.5048e-03   3.5722e-01   2.5948e+02
20201109_00:00:00   6.0653e-01   1.2537e+02   1.2187e+01   0.0000e+00   9.2909e-02   2.5932e+02
20201109_03:00:00   5.4077e-01   1.1503e+02   1.0935e+01   0.0000e+00   4.0280e-01   2.5716e+02
20201109_06:00:00   5.1721e-01   1.1153e+02   1.0405e+01   0.0000e+00   6.9398e-02   2.6015e+02
20201109_09:00:00   4.4301e-01   9.9732e+01   8.7682e+00   0.0000e+00   3.4219e-02   2.6140e+02
20201109_12:00:00   3.9359e-01   9.1497e+01   7.5457e+00   0.0000e+00   3.7016e-05   2.6760e+02
20201109_15:00:00   3.1006e-01   7.6120e+01   5.9237e+00   0.0000e+00   0.0000e+00   2.7068e+02
20201109_18:00:00   2.6853e-01   6.8095e+01   4.9753e+00   0.0000e+00   0.0000e+00   2.7167e+02
20201109_21:00:00   2.4638e-01   6.3547e+01   4.4833e+00   0.0000e+00   0.0000e+00   2.7294e+02
20201110_00:00:00   1.6976e-01   4.6946e+01   3.0278e+00   0.0000e+00   0.0000e+00   2.6996e+02
20201110_03:00:00   1.5237e-01   4.2914e+01   2.7073e+00   0.0000e+00   0.0000e+00   2.6495e+02
20201110_06:00:00   1.2335e-01   3.6018e+01   2.1998e+00   0.0000e+00   0.0000e+00   2.6276e+02
20201110_09:00:00   1.1130e-01   3.3078e+01   1.9978e+00   0.0000e+00   0.0000e+00   2.6260e+02
20201110_12:00:00   1.0439e-01   3.1333e+01   1.8893e+00   0.0000e+00   0.0000e+00   2.6155e+02
20201110_15:00:00   1.2169e-01   3.5504e+01   2.2401e+00   0.0000e+00   0.0000e+00   2.5962e+02
20201110_18:00:00   1.1894e-01   3.4771e+01   2.2188e+00   0.0000e+00   0.0000e+00   2.6028e+02
20201110_21:00:00   1.2686e-01   3.6648e+01   2.4041e+00   0.0000e+00   0.0000e+00   2.5881e+02
20201111_00:00:00   1.2569e-01   3.6254e+01   2.4436e+00   0.0000e+00   0.0000e+00   2.5836e+02
20201111_03:00:00   1.0547e-01   3.1227e+01   2.0973e+00   0.0000e+00   0.0000e+00   2.6828e+02
20201111_06:00:00   1.1399e-01   3.3164e+01   2.3171e+00   0.0000e+00   0.0000e+00   2.7181e+02
20201111_09:00:00   1.4829e-01   4.1290e+01   3.0530e+00   0.0000e+00   0.0000e+00   2.7221e+02
20201111_12:00:00   1.1025e-01   3.2756e+01   2.1205e+00   0.0000e+00   0.0000e+00   2.7028e+02
