#            date       tau255        Tb[K]      pwv[mm] lwp[kg*m^-2] iwp[kg*m^-2]       o3[DU]
20240110_12:00:00   5.3709e-02   1.8285e+01   8.5364e-01   0.0000e+00   0.0000e+00   3.1494e+02
20240110_13:00:00   5.3786e-02   1.8317e+01   8.4626e-01   0.0000e+00   0.0000e+00   3.1733e+02
20240110_14:00:00   5.6716e-02   1.9069e+01   9.0934e-01   0.0000e+00   0.0000e+00   3.2266e+02
20240110_15:00:00   5.9830e-02   1.9898e+01   9.7257e-01   0.0000e+00   0.0000e+00   3.3104e+02
20240110_16:00:00   6.3208e-02   2.0796e+01   1.0402e+00   0.0000e+00   0.0000e+00   3.3128e+02
20240110_17:00:00   6.2874e-02   2.0720e+01   1.0311e+00   0.0000e+00   0.0000e+00   3.3166e+02
20240110_18:00:00   6.0835e-02   2.0210e+01   9.8487e-01   0.0000e+00   0.0000e+00   3.3628e+02
20240110_19:00:00   6.1774e-02   2.0477e+01   9.9902e-01   0.0000e+00   0.0000e+00   3.4044e+02
20240110_20:00:00   6.4278e-02   2.1116e+01   1.0482e+00   0.0000e+00   0.0000e+00   3.4238e+02
20240110_21:00:00   6.2616e-02   2.0700e+01   1.0084e+00   0.0000e+00   0.0000e+00   3.4182e+02
20240110_22:00:00   5.8356e-02   1.9607e+01   9.1954e-01   0.0000e+00   0.0000e+00   3.3857e+02
20240110_23:00:00   5.5938e-02   1.8975e+01   8.7097e-01   0.0000e+00   0.0000e+00   3.3747e+02
20240111_00:00:00   6.1124e-02   2.0308e+01   9.8565e-01   0.0000e+00   0.0000e+00   3.3793e+02
20240111_01:00:00   6.5326e-02   2.1402e+01   1.0722e+00   0.0000e+00   0.0000e+00   3.3584e+02
20240111_02:00:00   6.8794e-02   2.2255e+01   1.1495e+00   0.0000e+00   0.0000e+00   3.2969e+02
20240111_03:00:00   7.4236e-02   2.3588e+01   1.2759e+00   0.0000e+00   0.0000e+00   3.2925e+02
20240111_04:00:00   6.3828e-02   2.0872e+01   1.0724e+00   0.0000e+00   0.0000e+00   3.2895e+02
20240111_05:00:00   5.4508e-02   1.8441e+01   8.7642e-01   0.0000e+00   0.0000e+00   3.2899e+02
20240111_06:00:00   5.5055e-02   1.8618e+01   8.8567e-01   0.0000e+00   0.0000e+00   3.3155e+02
20240111_07:00:00   5.4033e-02   1.8354e+01   8.7341e-01   0.0000e+00   5.1680e-07   3.4204e+02
20240111_08:00:00   5.2610e-02   1.7971e+01   8.6050e-01   0.0000e+00   1.0559e-04   3.4271e+02
20240111_09:00:00   5.4299e-02   1.8412e+01   9.1154e-01   0.0000e+00   6.9512e-05   3.4140e+02
20240111_10:00:00   5.8954e-02   1.9627e+01   1.0237e+00   0.0000e+00   6.1670e-05   3.3977e+02
20240111_11:00:00   6.7064e-02   2.1676e+01   1.2189e+00   0.0000e+00   3.3350e-05   3.4247e+02
20240111_12:00:00   7.4450e-02   2.3545e+01   1.3955e+00   0.0000e+00   5.1692e-06   3.4405e+02
20240111_13:00:00   8.2008e-02   2.5460e+01   1.5601e+00   0.0000e+00   5.6853e-06   3.4328e+02
20240111_14:00:00   8.2150e-02   2.5499e+01   1.5606e+00   0.0000e+00   2.0518e-05   3.4256e+02
20240111_15:00:00   7.5842e-02   2.3933e+01   1.4108e+00   0.0000e+00   1.2564e-05   3.4387e+02
20240111_16:00:00   6.6039e-02   2.1465e+01   1.1877e+00   0.0000e+00   4.7560e-05   3.4673e+02
20240111_17:00:00   5.7403e-02   1.9252e+01   9.8275e-01   4.0210e-05   7.7820e-05   3.5390e+02
20240111_18:00:00   8.0807e-02   2.5226e+01   1.0389e+00   8.4560e-03   1.2639e-04   3.5550e+02
20240111_19:00:00   5.9431e-02   1.9675e+01   1.0442e+00   0.0000e+00   6.0100e-06   3.5659e+02
20240111_20:00:00   6.0129e-02   1.9809e+01   1.0710e+00   1.0630e-06   0.0000e+00   3.5589e+02
20240111_21:00:00   6.3215e-02   2.0541e+01   1.1543e+00   2.3110e-06   1.4874e-05   3.5559e+02
20240111_22:00:00   7.0734e-02   2.2333e+01   1.3556e+00   2.0340e-06   5.8740e-05   3.5248e+02
20240111_23:00:00   7.6424e-02   2.3740e+01   1.4920e+00   0.0000e+00   5.8120e-05   3.4492e+02
20240112_00:00:00   8.4761e-02   2.5774e+01   1.6934e+00   0.0000e+00   2.4660e-05   3.4198e+02
20240112_01:00:00   8.8113e-02   2.6603e+01   1.7732e+00   0.0000e+00   3.4260e-05   3.4260e+02
20240112_02:00:00   8.6004e-02   2.6103e+01   1.7231e+00   0.0000e+00   0.0000e+00   3.4220e+02
20240112_03:00:00   8.6564e-02   2.6253e+01   1.7360e+00   0.0000e+00   1.9442e-05   3.4044e+02
20240112_04:00:00   8.8199e-02   2.6664e+01   1.7733e+00   0.0000e+00   9.9676e-05   3.3668e+02
20240112_05:00:00   9.6607e-02   2.8588e+01   1.9977e+00   0.0000e+00   5.5035e-04   3.3501e+02
20240112_06:00:00   1.0769e-01   3.1131e+01   2.2758e+00   0.0000e+00   2.4203e-04   3.3442e+02
20240112_07:00:00   1.1934e-01   3.3786e+01   2.5549e+00   0.0000e+00   4.0340e-04   3.3337e+02
20240112_08:00:00   1.3001e-01   3.6151e+01   2.8232e+00   0.0000e+00   5.0323e-04   3.3108e+02
20240112_09:00:00   1.4142e-01   3.8636e+01   3.1057e+00   0.0000e+00   4.9462e-03   3.3055e+02
20240112_10:00:00   1.5680e-01   4.1989e+01   3.4669e+00   0.0000e+00   5.9148e-04   3.2881e+02
20240112_11:00:00   1.5606e-01   4.1947e+01   3.4295e+00   0.0000e+00   9.4337e-04   3.2933e+02
20240112_12:00:00   1.5707e-01   4.2269e+01   3.4292e+00   0.0000e+00   2.5964e-04   3.2769e+02
20240112_13:00:00   1.6041e-01   4.3229e+01   3.4277e+00   0.0000e+00   3.6922e-04   3.2509e+02
20240112_14:00:00   1.4950e-01   4.0956e+01   3.1423e+00   0.0000e+00   4.8400e-06   3.2464e+02
20240112_15:00:00   1.5118e-01   4.1516e+01   3.1478e+00   0.0000e+00   0.0000e+00   3.2228e+02
20240112_16:00:00   1.5797e-01   4.3130e+01   3.2701e+00   0.0000e+00   0.0000e+00   3.1908e+02
20240112_17:00:00   1.7268e-01   4.6366e+01   3.6229e+00   0.0000e+00   0.0000e+00   3.1953e+02
20240112_18:00:00   1.9179e-01   5.0514e+01   4.0617e+00   0.0000e+00   0.0000e+00   3.1739e+02
20240112_19:00:00   1.8866e-01   4.9915e+01   3.9592e+00   0.0000e+00   0.0000e+00   3.1235e+02
20240112_20:00:00   2.1037e-01   5.4480e+01   4.4724e+00   0.0000e+00   0.0000e+00   3.1163e+02
20240112_21:00:00   2.1157e-01   5.4780e+01   4.4737e+00   0.0000e+00   1.2908e-04   3.0997e+02
20240112_22:00:00   2.2038e-01   5.6604e+01   4.6796e+00   0.0000e+00   1.1118e-03   3.0783e+02
20240112_23:00:00   2.4342e-01   6.1365e+01   5.1914e+00   0.0000e+00   9.3930e-04   3.0586e+02
20240113_00:00:00   2.4448e-01   6.1596e+01   5.2078e+00   0.0000e+00   4.0500e-03   3.0284e+02
20240113_01:00:00   2.5817e-01   6.4409e+01   5.5198e+00   0.0000e+00   5.2532e-03   3.0010e+02
20240113_02:00:00   2.5445e-01   6.3782e+01   5.3959e+00   0.0000e+00   1.5661e-02   2.9843e+02
20240113_03:00:00   2.4541e-01   6.2253e+01   5.1231e+00   0.0000e+00   2.1980e-04   2.9728e+02
20240113_04:00:00   2.2506e-01   5.8263e+01   4.5595e+00   0.0000e+00   0.0000e+00   2.9224e+02
20240113_05:00:00   2.2861e-01   5.8962e+01   4.5766e+00   0.0000e+00   0.0000e+00   2.8661e+02
20240113_06:00:00   2.3655e-01   6.0638e+01   4.7610e+00   0.0000e+00   0.0000e+00   2.8561e+02
20240113_07:00:00   2.3835e-01   6.0920e+01   4.7607e+00   0.0000e+00   0.0000e+00   2.8476e+02
20240113_08:00:00   2.5359e-01   6.4071e+01   5.0844e+00   0.0000e+00   0.0000e+00   2.8111e+02
20240113_09:00:00   2.5120e-01   6.3525e+01   5.0965e+00   0.0000e+00   1.1260e-05   2.7714e+02
20240113_10:00:00   2.2890e-01   5.8913e+01   4.6682e+00   0.0000e+00   6.0120e-05   2.7621e+02
20240113_11:00:00   2.1322e-01   5.5683e+01   4.3434e+00   0.0000e+00   1.2100e-06   2.7722e+02
20240113_12:00:00   2.0632e-01   5.4320e+01   4.1931e+00   0.0000e+00   0.0000e+00   2.7867e+02
20240113_13:00:00   2.0501e-01   5.4108e+01   4.1710e+00   0.0000e+00   0.0000e+00   2.7982e+02
20240113_14:00:00   2.1143e-01   5.5512e+01   4.3031e+00   0.0000e+00   0.0000e+00   2.8011e+02
20240113_15:00:00   2.1572e-01   5.6527e+01   4.3986e+00   0.0000e+00   0.0000e+00   2.7868e+02
20240113_16:00:00   2.2035e-01   5.7542e+01   4.4972e+00   0.0000e+00   0.0000e+00   2.7597e+02
20240113_17:00:00   2.2003e-01   5.7572e+01   4.5027e+00   0.0000e+00   0.0000e+00   2.7494e+02
20240113_18:00:00   2.1775e-01   5.7151e+01   4.4427e+00   0.0000e+00   0.0000e+00   2.7357e+02
20240113_19:00:00   2.2096e-01   5.7823e+01   4.5399e+00   0.0000e+00   0.0000e+00   2.7143e+02
20240113_20:00:00   2.1865e-01   5.7367e+01   4.5106e+00   0.0000e+00   0.0000e+00   2.6822e+02
20240113_21:00:00   2.1904e-01   5.7464e+01   4.5326e+00   0.0000e+00   0.0000e+00   2.6810e+02
20240113_22:00:00   2.2148e-01   5.7993e+01   4.6091e+00   0.0000e+00   0.0000e+00   2.6738e+02
20240113_23:00:00   2.2588e-01   5.8930e+01   4.7284e+00   0.0000e+00   0.0000e+00   2.6738e+02
20240114_00:00:00   2.2783e-01   5.9394e+01   4.7643e+00   0.0000e+00   0.0000e+00   2.6659e+02
20240114_01:00:00   2.2560e-01   5.8976e+01   4.7168e+00   0.0000e+00   0.0000e+00   2.6632e+02
20240114_02:00:00   2.2671e-01   5.9207e+01   4.7496e+00   0.0000e+00   0.0000e+00   2.6710e+02
20240114_03:00:00   2.2960e-01   5.9778e+01   4.8355e+00   0.0000e+00   0.0000e+00   2.6810e+02
20240114_04:00:00   2.3604e-01   6.1084e+01   4.9923e+00   0.0000e+00   0.0000e+00   2.6963e+02
20240114_05:00:00   2.4035e-01   6.1978e+01   5.0748e+00   0.0000e+00   1.8091e-06   2.7041e+02
20240114_06:00:00   2.3809e-01   6.1661e+01   4.9789e+00   0.0000e+00   0.0000e+00   2.7106e+02
20240114_07:00:00   2.5237e-01   6.4666e+01   5.2564e+00   0.0000e+00   0.0000e+00   2.7138e+02
20240114_08:00:00   2.7707e-01   6.9862e+01   5.7099e+00   0.0000e+00   0.0000e+00   2.7065e+02
20240114_09:00:00   2.5271e-01   6.4886e+01   5.1950e+00   0.0000e+00   0.0000e+00   2.6995e+02
20240114_10:00:00   2.2901e-01   5.9835e+01   4.7190e+00   0.0000e+00   0.0000e+00   2.7258e+02
20240114_11:00:00   2.2073e-01   5.8073e+01   4.5144e+00   0.0000e+00   0.0000e+00   2.7282e+02
20240114_12:00:00   1.9853e-01   5.3179e+01   4.0555e+00   0.0000e+00   0.0000e+00   2.7143e+02
20240114_13:00:00   1.3382e-01   3.8163e+01   2.7701e+00   0.0000e+00   0.0000e+00   2.7164e+02
20240114_14:00:00   1.0754e-01   3.1832e+01   2.1936e+00   0.0000e+00   0.0000e+00   2.6913e+02
20240114_15:00:00   9.9382e-02   2.9870e+01   1.9929e+00   0.0000e+00   0.0000e+00   2.6811e+02
20240114_16:00:00   9.6415e-02   2.9160e+01   1.9146e+00   0.0000e+00   0.0000e+00   2.6644e+02
20240114_17:00:00   9.8790e-02   2.9815e+01   1.9480e+00   0.0000e+00   0.0000e+00   2.6644e+02
20240114_18:00:00   9.3161e-02   2.8445e+01   1.8196e+00   0.0000e+00   0.0000e+00   2.6546e+02
20240114_19:00:00   9.0113e-02   2.7729e+01   1.7362e+00   0.0000e+00   0.0000e+00   2.6414e+02
20240114_20:00:00   8.9358e-02   2.7574e+01   1.7098e+00   0.0000e+00   0.0000e+00   2.6413e+02
20240114_21:00:00   9.3603e-02   2.8640e+01   1.7887e+00   0.0000e+00   0.0000e+00   2.6450e+02
20240114_22:00:00   9.6084e-02   2.9318e+01   1.8091e+00   0.0000e+00   0.0000e+00   2.6468e+02
20240114_23:00:00   1.0040e-01   3.0337e+01   1.9054e+00   0.0000e+00   1.7164e-04   2.6473e+02
20240115_00:00:00   1.0376e-01   3.1137e+01   1.9829e+00   0.0000e+00   4.7417e-04   2.6457e+02
20240115_01:00:00   1.1487e-01   3.3763e+01   2.2330e+00   0.0000e+00   7.7940e-05   2.6495e+02
20240115_02:00:00   1.1123e-01   3.2940e+01   2.1471e+00   0.0000e+00   0.0000e+00   2.6577e+02
20240115_03:00:00   1.0575e-01   3.1524e+01   2.0518e+00   0.0000e+00   0.0000e+00   2.6954e+02
20240115_04:00:00   1.0211e-01   3.0528e+01   1.9996e+00   0.0000e+00   0.0000e+00   2.7167e+02
20240115_05:00:00   1.0724e-01   3.1656e+01   2.1381e+00   0.0000e+00   6.6080e-05   2.7209e+02
20240115_06:00:00   1.0806e-01   3.1821e+01   2.1643e+00   0.0000e+00   0.0000e+00   2.7222e+02
20240115_07:00:00   1.1134e-01   3.2580e+01   2.2389e+00   0.0000e+00   0.0000e+00   2.7303e+02
20240115_08:00:00   1.1324e-01   3.3040e+01   2.2810e+00   0.0000e+00   0.0000e+00   2.7163e+02
20240115_09:00:00   1.1644e-01   3.3755e+01   2.3651e+00   0.0000e+00   0.0000e+00   2.7060e+02
20240115_10:00:00   1.1734e-01   3.3997e+01   2.3840e+00   0.0000e+00   0.0000e+00   2.7103e+02
20240115_11:00:00   1.2122e-01   3.4886e+01   2.4804e+00   0.0000e+00   7.6954e-06   2.7025e+02
20240115_12:00:00   1.2302e-01   3.5281e+01   2.5322e+00   0.0000e+00   1.7948e-06   2.7003e+02
20240115_15:00:00   1.3360e-01   3.7450e+01   2.8444e+00   0.0000e+00   2.2575e-05   2.7150e+02
20240115_18:00:00   1.6065e-01   4.3391e+01   3.4933e+00   0.0000e+00   8.1580e-06   2.7299e+02
20240115_21:00:00   2.0521e-01   5.2917e+01   4.5145e+00   0.0000e+00   2.7637e-02   2.7034e+02
20240116_00:00:00   1.9516e-01   5.0796e+01   4.3018e+00   0.0000e+00   6.0311e-03   2.6925e+02
20240116_03:00:00   1.3125e-01   3.7025e+01   2.7673e+00   0.0000e+00   2.4151e-02   2.7011e+02
20240116_06:00:00   1.4331e-01   3.9639e+01   3.0434e+00   0.0000e+00   4.6347e-02   2.7082e+02
20240116_09:00:00   1.9982e-01   5.1648e+01   4.3029e+00   0.0000e+00   1.3985e-01   2.6993e+02
20240116_12:00:00   2.3991e-01   6.0253e+01   5.1809e+00   0.0000e+00   1.2152e-02   2.6900e+02
20240116_15:00:00   4.0041e-01   9.2271e+01   7.9436e+00   0.0000e+00   3.0040e-04   2.6915e+02
20240116_18:00:00   4.3975e-01   9.9056e+01   8.6550e+00   0.0000e+00   0.0000e+00   2.6497e+02
20240116_21:00:00   4.4980e-01   1.0089e+02   8.6996e+00   0.0000e+00   0.0000e+00   2.6653e+02
20240117_00:00:00   3.6820e-01   8.6633e+01   7.2129e+00   0.0000e+00   0.0000e+00   2.6512e+02
20240117_03:00:00   3.8101e-01   8.8892e+01   7.4219e+00   0.0000e+00   0.0000e+00   2.6604e+02
20240117_06:00:00   3.3196e-01   7.9875e+01   6.4124e+00   0.0000e+00   0.0000e+00   2.6556e+02
20240117_09:00:00   3.3075e-01   7.9679e+01   6.3800e+00   0.0000e+00   0.0000e+00   2.6687e+02
20240117_12:00:00   2.6959e-01   6.7669e+01   5.1781e+00   0.0000e+00   0.0000e+00   2.7332e+02
20240117_15:00:00   1.8229e-01   4.9260e+01   3.4151e+00   0.0000e+00   0.0000e+00   2.7385e+02
20240117_18:00:00   1.6594e-01   4.5569e+01   3.1507e+00   0.0000e+00   0.0000e+00   2.7235e+02
20240117_21:00:00   1.7757e-01   4.8241e+01   3.3184e+00   0.0000e+00   0.0000e+00   2.7497e+02
20240118_00:00:00   1.6342e-01   4.5161e+01   3.0685e+00   0.0000e+00   0.0000e+00   2.7068e+02
20240118_03:00:00   1.5576e-01   4.3112e+01   3.0829e+00   0.0000e+00   1.9904e-03   2.7126e+02
20240118_06:00:00   1.8022e-01   4.8417e+01   3.6493e+00   0.0000e+00   0.0000e+00   2.7585e+02
20240118_09:00:00   1.8623e-01   4.9609e+01   3.8126e+00   0.0000e+00   0.0000e+00   2.7791e+02
20240118_12:00:00   1.4927e-01   4.1700e+01   2.9423e+00   0.0000e+00   0.0000e+00   2.8084e+02
20240118_15:00:00   1.2196e-01   3.5472e+01   2.3295e+00   0.0000e+00   0.0000e+00   2.8079e+02
20240118_18:00:00   1.1783e-01   3.4404e+01   2.2889e+00   0.0000e+00   0.0000e+00   2.8064e+02
20240118_21:00:00   1.2349e-01   3.5685e+01   2.4476e+00   0.0000e+00   0.0000e+00   2.8151e+02
20240119_00:00:00   1.1900e-01   3.4722e+01   2.3543e+00   0.0000e+00   0.0000e+00   2.8444e+02
20240119_03:00:00   1.2740e-01   3.6654e+01   2.5877e+00   0.0000e+00   0.0000e+00   2.8654e+02
20240119_06:00:00   1.2264e-01   3.5709e+01   2.4410e+00   0.0000e+00   0.0000e+00   2.9065e+02
20240119_09:00:00   1.3025e-01   3.7491e+01   2.6195e+00   0.0000e+00   0.0000e+00   2.9342e+02
20240119_12:00:00   1.2108e-01   3.5315e+01   2.4081e+00   0.0000e+00   0.0000e+00   2.9454e+02
20240119_15:00:00   1.0957e-01   3.2615e+01   2.1281e+00   0.0000e+00   0.0000e+00   2.9423e+02
20240119_18:00:00   1.0483e-01   3.1497e+01   2.0136e+00   0.0000e+00   0.0000e+00   2.9582e+02
20240119_21:00:00   1.0626e-01   3.1868e+01   2.0348e+00   0.0000e+00   0.0000e+00   2.9166e+02
20240120_00:00:00   1.1377e-01   3.3667e+01   2.2023e+00   0.0000e+00   0.0000e+00   2.9416e+02
20240120_03:00:00   1.2391e-01   3.6069e+01   2.4200e+00   0.0000e+00   2.4200e-06   2.9750e+02
20240120_06:00:00   1.2288e-01   3.5794e+01   2.3861e+00   0.0000e+00   2.8934e-04   2.9826e+02
20240120_09:00:00   1.1996e-01   3.4960e+01   2.3423e+00   0.0000e+00   5.7991e-03   2.9586e+02
20240120_12:00:00   1.1370e-01   3.3359e+01   2.2134e+00   0.0000e+00   7.4193e-03   2.9908e+02
20240120_15:00:00   1.1954e-01   3.4498e+01   2.3808e+00   0.0000e+00   9.6095e-03   3.0456e+02
20240120_18:00:00   1.2271e-01   3.5153e+01   2.4552e+00   0.0000e+00   1.8471e-02   3.0119e+02
20240120_21:00:00   1.3425e-01   3.7666e+01   2.7290e+00   0.0000e+00   1.7795e-02   3.0258e+02
20240121_00:00:00   1.3451e-01   3.7724e+01   2.7233e+00   0.0000e+00   2.3983e-02   2.9761e+02
20240121_03:00:00   1.4642e-01   4.0318e+01   2.9995e+00   0.0000e+00   1.7712e-02   2.9619e+02
20240121_06:00:00   1.9635e-01   5.1155e+01   4.0808e+00   0.0000e+00   1.4624e-02   2.9668e+02
20240121_09:00:00   2.2188e-01   5.6771e+01   4.5256e+00   0.0000e+00   4.6123e-03   2.9957e+02
20240121_12:00:00   2.1587e-01   5.6121e+01   4.1627e+00   0.0000e+00   0.0000e+00   3.0047e+02
20240121_15:00:00   1.7602e-01   4.7447e+01   3.3700e+00   0.0000e+00   1.9528e-03   3.0031e+02
20240121_18:00:00   1.7964e-01   4.7887e+01   3.5350e+00   0.0000e+00   1.0613e-03   3.0397e+02
20240121_21:00:00   1.9881e-01   5.2042e+01   3.9274e+00   0.0000e+00   1.1352e-03   3.0811e+02
20240122_00:00:00   2.0929e-01   5.3969e+01   4.2318e+00   0.0000e+00   2.6954e-02   3.0884e+02
20240122_03:00:00   1.9971e-01   5.1408e+01   4.1343e+00   0.0000e+00   7.9958e-02   3.0859e+02
20240122_06:00:00   2.1412e-01   5.4263e+01   4.4541e+00   0.0000e+00   8.7588e-03   3.1281e+02
20240122_09:00:00   1.8994e-01   4.9051e+01   3.9177e+00   0.0000e+00   3.8496e-02   3.2224e+02
20240122_12:00:00   1.9171e-01   4.9363e+01   3.9184e+00   0.0000e+00   4.7799e-02   3.2636e+02
20240122_15:00:00   2.1408e-01   5.4137e+01   4.3081e+00   0.0000e+00   5.1898e-02   3.3720e+02
20240122_18:00:00   2.5300e-01   6.2416e+01   4.9796e+00   0.0000e+00   2.4258e-03   3.3840e+02
20240122_21:00:00   2.6170e-01   6.4739e+01   4.8846e+00   0.0000e+00   1.9622e-04   3.4248e+02
20240123_00:00:00   4.1896e-01   9.4487e+01   5.6203e+00   4.4533e-02   3.4474e-03   3.3805e+02
20240123_03:00:00   2.6648e-01   6.5529e+01   4.9768e+00   0.0000e+00   8.7866e-03   3.3952e+02
20240123_06:00:00   2.8738e-01   6.9785e+01   5.2623e+00   0.0000e+00   2.6565e-04   3.3687e+02
20240123_09:00:00   2.8919e-01   6.9955e+01   5.2957e+00   0.0000e+00   2.1769e-03   3.3845e+02
20240123_12:00:00   2.8741e-01   6.9710e+01   5.1613e+00   0.0000e+00   0.0000e+00   3.4528e+02
20240123_15:00:00   2.8189e-01   6.8492e+01   5.1007e+00   9.0660e-05   0.0000e+00   3.4093e+02
20240123_18:00:00   2.8200e-01   6.8570e+01   5.0557e+00   0.0000e+00   0.0000e+00   3.5277e+02
20240123_21:00:00   3.7609e-01   8.6055e+01   6.0053e+00   1.7368e-02   6.4442e-03   3.4676e+02
20240124_00:00:00   3.8308e-01   8.6925e+01   6.5868e+00   3.7410e-03   3.0839e-01   3.3939e+02
20240124_03:00:00   3.1342e-01   7.4018e+01   5.6882e+00   0.0000e+00   2.1157e-01   3.3639e+02
20240124_06:00:00   2.7145e-01   6.6231e+01   4.9983e+00   0.0000e+00   4.3384e-04   3.4215e+02
20240124_09:00:00   2.7739e-01   6.7347e+01   5.0665e+00   1.8091e-05   3.7074e-05   3.4978e+02
20240124_12:00:00   2.6533e-01   6.4926e+01   4.8847e+00   0.0000e+00   0.0000e+00   3.5177e+02
20240124_15:00:00   2.5949e-01   6.3767e+01   4.7682e+00   0.0000e+00   1.4095e-04   3.5284e+02
20240124_18:00:00   2.6757e-01   6.5370e+01   4.8835e+00   0.0000e+00   2.2540e-05   3.3449e+02
20240124_21:00:00   3.3422e-01   7.8306e+01   5.7436e+00   4.8320e-03   4.4877e-02   3.2906e+02
20240125_00:00:00   3.5862e-01   8.2777e+01   5.8677e+00   1.2219e-02   8.9215e-02   3.3090e+02
20240125_03:00:00   2.6610e-01   6.4972e+01   4.8839e+00   0.0000e+00   1.0619e-02   3.3023e+02
20240125_06:00:00   2.6204e-01   6.4159e+01   4.8019e+00   0.0000e+00   1.3244e-03   3.2860e+02
20240125_09:00:00   2.6598e-01   6.4933e+01   4.8452e+00   0.0000e+00   1.7428e-03   3.2892e+02
20240125_12:00:00   2.4876e-01   6.1638e+01   4.4980e+00   0.0000e+00   1.1844e-05   3.2653e+02
20240125_15:00:00   2.4041e-01   5.9913e+01   4.3987e+00   0.0000e+00   4.3294e-02   3.1995e+02
20240125_18:00:00   3.1046e-01   7.4001e+01   5.6416e+00   0.0000e+00   4.4827e-04   3.1088e+02
20240125_21:00:00   4.9643e-01   1.0742e+02   6.1460e+00   6.2097e-02   1.1349e-02   3.0137e+02
20240126_00:00:00   5.5023e-01   1.1641e+02   5.6293e+00   9.6566e-02   4.3719e-03   2.9608e+02
20240126_03:00:00   3.0204e-01   7.3266e+01   5.2598e+00   3.2900e-03   2.4282e-05   2.9137e+02
20240126_06:00:00   2.9205e-01   7.1398e+01   5.2611e+00   0.0000e+00   0.0000e+00   2.9033e+02
20240126_09:00:00   2.8266e-01   6.9478e+01   5.1732e+00   0.0000e+00   0.0000e+00   2.8886e+02
20240126_12:00:00   2.7280e-01   6.7436e+01   5.0897e+00   0.0000e+00   1.0338e-07   2.9398e+02
