#            date       tau255        Tb[K]      pwv[mm] lwp[kg*m^-2] iwp[kg*m^-2]       o3[DU]
20200922_18:00:00   8.4892e-02   2.6089e+01   1.9478e+00   0.0000e+00   0.0000e+00   2.5975e+02
20200922_19:00:00   8.1872e-02   2.5404e+01   1.8490e+00   0.0000e+00   0.0000e+00   2.6060e+02
20200922_20:00:00   7.9565e-02   2.4858e+01   1.7827e+00   0.0000e+00   0.0000e+00   2.6146e+02
20200922_21:00:00   7.8145e-02   2.4524e+01   1.7436e+00   0.0000e+00   0.0000e+00   2.6189e+02
20200922_22:00:00   7.8737e-02   2.4665e+01   1.7582e+00   0.0000e+00   1.3110e-05   2.6137e+02
20200922_23:00:00   7.9412e-02   2.4826e+01   1.7764e+00   0.0000e+00   7.8840e-06   2.6003e+02
20200923_00:00:00   7.8681e-02   2.4656e+01   1.7543e+00   0.0000e+00   0.0000e+00   2.5901e+02
20200923_01:00:00   7.8997e-02   2.4760e+01   1.7562e+00   0.0000e+00   0.0000e+00   2.5880e+02
20200923_02:00:00   8.1567e-02   2.5416e+01   1.7987e+00   2.2560e-04   0.0000e+00   2.5894e+02
20200923_03:00:00   8.4913e-02   2.6252e+01   1.8762e+00   2.2810e-04   0.0000e+00   2.5899e+02
20200923_04:00:00   1.0823e-01   3.2086e+01   1.9164e+00   8.9110e-03   0.0000e+00   2.5904e+02
20200923_05:00:00   9.0335e-02   2.7571e+01   1.9616e+00   1.2480e-03   0.0000e+00   2.5906e+02
20200923_06:00:00   9.4618e-02   2.8598e+01   2.1444e+00   0.0000e+00   0.0000e+00   2.5897e+02
20200923_07:00:00   1.0372e-01   3.0827e+01   2.3565e+00   0.0000e+00   0.0000e+00   2.5804e+02
20200923_08:00:00   1.0826e-01   3.1943e+01   2.4563e+00   0.0000e+00   0.0000e+00   2.5872e+02
20200923_09:00:00   1.1196e-01   3.2846e+01   2.4994e+00   7.3140e-04   0.0000e+00   2.5937e+02
20200923_10:00:00   1.1658e-01   3.3986e+01   2.4830e+00   2.8260e-03   0.0000e+00   2.5878e+02
20200923_11:00:00   1.1361e-01   3.3250e+01   2.4311e+00   2.6060e-03   0.0000e+00   2.5726e+02
20200923_12:00:00   1.0778e-01   3.1809e+01   2.3657e+00   1.4010e-03   0.0000e+00   2.5659e+02
20200923_13:00:00   1.0069e-01   3.0084e+01   2.2724e+00   0.0000e+00   0.0000e+00   2.5623e+02
20200923_14:00:00   9.8672e-02   2.9620e+01   2.2122e+00   0.0000e+00   0.0000e+00   2.5555e+02
20200923_15:00:00   9.6216e-02   2.9056e+01   2.1362e+00   0.0000e+00   0.0000e+00   2.5558e+02
20200923_16:00:00   9.1450e-02   2.7918e+01   2.0120e+00   0.0000e+00   0.0000e+00   2.5647e+02
20200923_17:00:00   8.8103e-02   2.7104e+01   1.9268e+00   0.0000e+00   0.0000e+00   2.5727e+02
20200923_18:00:00   9.5818e-02   2.9033e+01   2.0920e+00   0.0000e+00   0.0000e+00   2.5670e+02
20200923_19:00:00   1.0514e-01   3.1364e+01   2.2830e+00   0.0000e+00   0.0000e+00   2.5682e+02
20200923_20:00:00   1.1245e-01   3.3169e+01   2.4384e+00   0.0000e+00   0.0000e+00   2.5777e+02
20200923_21:00:00   1.4080e-01   3.9945e+01   3.0376e+00   0.0000e+00   0.0000e+00   2.5915e+02
20200923_22:00:00   1.6727e-01   4.6114e+01   3.5653e+00   0.0000e+00   0.0000e+00   2.5910e+02
20200923_23:00:00   1.6151e-01   4.4841e+01   3.4370e+00   0.0000e+00   0.0000e+00   2.5877e+02
20200924_00:00:00   1.4435e-01   4.0895e+01   3.0782e+00   0.0000e+00   0.0000e+00   2.5829e+02
20200924_01:00:00   1.4147e-01   4.0246e+01   2.8992e+00   2.2597e-03   0.0000e+00   2.5837e+02
20200924_02:00:00   1.3816e-01   3.9466e+01   2.9399e+00   3.2400e-04   0.0000e+00   2.5922e+02
20200924_03:00:00   1.6048e-01   4.4651e+01   3.2686e+00   3.2168e-03   0.0000e+00   2.6004e+02
20200924_04:00:00   1.6881e-01   4.6522e+01   3.6286e+00   1.6200e-05   0.0000e+00   2.6032e+02
20200924_05:00:00   1.7423e-01   4.7757e+01   3.7505e+00   1.0927e-04   0.0000e+00   2.6035e+02
20200924_06:00:00   1.7545e-01   4.8023e+01   3.7930e+00   8.4500e-06   0.0000e+00   2.6058e+02
20200924_07:00:00   1.8095e-01   4.9253e+01   3.9118e+00   9.0970e-05   0.0000e+00   2.6032e+02
20200924_08:00:00   1.7626e-01   4.8193e+01   3.8282e+00   2.7120e-04   0.0000e+00   2.6042e+02
20200924_09:00:00   1.5879e-01   4.4158e+01   3.4994e+00   0.0000e+00   0.0000e+00   2.6047e+02
20200924_10:00:00   1.3976e-01   3.9674e+01   3.0771e+00   3.3330e-04   0.0000e+00   2.6003e+02
20200924_11:00:00   1.2808e-01   3.6872e+01   2.8525e+00   0.0000e+00   0.0000e+00   2.5948e+02
20200924_12:00:00   1.2132e-01   3.5246e+01   2.7089e+00   0.0000e+00   0.0000e+00   2.5862e+02
20200924_13:00:00   1.1650e-01   3.4081e+01   2.6041e+00   0.0000e+00   0.0000e+00   2.5869e+02
20200924_14:00:00   1.0926e-01   3.2331e+01   2.4420e+00   0.0000e+00   0.0000e+00   2.5906e+02
20200924_15:00:00   1.0154e-01   3.0450e+01   2.2661e+00   0.0000e+00   0.0000e+00   2.5927e+02
20200924_16:00:00   9.6973e-02   2.9336e+01   2.1575e+00   0.0000e+00   0.0000e+00   2.5793e+02
20200924_17:00:00   9.0505e-02   2.7743e+01   2.0012e+00   0.0000e+00   0.0000e+00   2.5594e+02
20200924_18:00:00   7.9429e-02   2.4981e+01   1.7329e+00   0.0000e+00   0.0000e+00   2.5756e+02
20200924_19:00:00   7.2611e-02   2.3260e+01   1.5658e+00   0.0000e+00   0.0000e+00   2.5863e+02
20200924_20:00:00   6.8740e-02   2.2265e+01   1.4729e+00   0.0000e+00   0.0000e+00   2.5820e+02
20200924_21:00:00   6.6315e-02   2.1647e+01   1.4144e+00   0.0000e+00   0.0000e+00   2.5701e+02
20200924_22:00:00   6.3843e-02   2.1020e+01   1.3527e+00   0.0000e+00   0.0000e+00   2.5556e+02
20200924_23:00:00   6.3643e-02   2.0979e+01   1.3463e+00   0.0000e+00   0.0000e+00   2.5333e+02
20200925_00:00:00   6.2957e-02   2.0805e+01   1.3294e+00   0.0000e+00   0.0000e+00   2.5268e+02
20200925_01:00:00   6.2216e-02   2.0620e+01   1.3110e+00   0.0000e+00   0.0000e+00   2.5349e+02
20200925_02:00:00   6.2396e-02   2.0665e+01   1.3142e+00   0.0000e+00   0.0000e+00   2.5482e+02
20200925_03:00:00   6.3480e-02   2.0945e+01   1.3406e+00   0.0000e+00   0.0000e+00   2.5589e+02
20200925_04:00:00   6.4138e-02   2.1118e+01   1.3561e+00   0.0000e+00   0.0000e+00   2.5575e+02
20200925_05:00:00   6.4492e-02   2.1209e+01   1.3637e+00   0.0000e+00   0.0000e+00   2.5516e+02
20200925_06:00:00   6.3961e-02   2.1072e+01   1.3499e+00   0.0000e+00   0.0000e+00   2.5477e+02
20200925_07:00:00   6.2935e-02   2.0810e+01   1.3237e+00   0.0000e+00   0.0000e+00   2.5381e+02
20200925_08:00:00   6.2204e-02   2.0625e+01   1.3059e+00   0.0000e+00   0.0000e+00   2.5423e+02
20200925_09:00:00   6.1124e-02   2.0345e+01   1.2786e+00   0.0000e+00   0.0000e+00   2.5417e+02
20200925_10:00:00   5.9725e-02   1.9987e+01   1.2437e+00   0.0000e+00   0.0000e+00   2.5406e+02
20200925_11:00:00   5.9167e-02   1.9848e+01   1.2304e+00   0.0000e+00   0.0000e+00   2.5399e+02
20200925_12:00:00   5.8552e-02   1.9686e+01   1.2148e+00   0.0000e+00   0.0000e+00   2.5402e+02
20200925_13:00:00   5.7942e-02   1.9525e+01   1.2003e+00   0.0000e+00   0.0000e+00   2.5402e+02
20200925_14:00:00   5.7008e-02   1.9283e+01   1.1766e+00   0.0000e+00   0.0000e+00   2.5424e+02
20200925_15:00:00   5.6643e-02   1.9185e+01   1.1676e+00   0.0000e+00   0.0000e+00   2.5486e+02
20200925_16:00:00   5.6615e-02   1.9174e+01   1.1676e+00   0.0000e+00   0.0000e+00   2.5624e+02
20200925_17:00:00   5.6612e-02   1.9173e+01   1.1668e+00   0.0000e+00   0.0000e+00   2.5908e+02
20200925_18:00:00   5.6183e-02   1.9065e+01   1.1554e+00   0.0000e+00   0.0000e+00   2.6102e+02
20200925_19:00:00   5.4974e-02   1.8753e+01   1.1249e+00   0.0000e+00   0.0000e+00   2.5998e+02
20200925_20:00:00   5.4727e-02   1.8691e+01   1.1176e+00   0.0000e+00   0.0000e+00   2.5852e+02
20200925_21:00:00   5.4732e-02   1.8696e+01   1.1187e+00   0.0000e+00   0.0000e+00   2.5857e+02
20200925_22:00:00   5.4861e-02   1.8734e+01   1.1214e+00   0.0000e+00   0.0000e+00   2.5942e+02
20200925_23:00:00   5.4614e-02   1.8667e+01   1.1165e+00   0.0000e+00   0.0000e+00   2.5927e+02
20200926_00:00:00   5.4265e-02   1.8576e+01   1.1093e+00   0.0000e+00   0.0000e+00   2.5922e+02
20200926_01:00:00   5.4067e-02   1.8527e+01   1.1032e+00   0.0000e+00   0.0000e+00   2.5912e+02
20200926_02:00:00   5.4391e-02   1.8621e+01   1.1083e+00   0.0000e+00   0.0000e+00   2.5868e+02
20200926_03:00:00   5.5061e-02   1.8805e+01   1.1224e+00   0.0000e+00   0.0000e+00   2.5768e+02
20200926_04:00:00   5.5976e-02   1.9054e+01   1.1435e+00   0.0000e+00   0.0000e+00   2.5808e+02
20200926_05:00:00   5.6074e-02   1.9083e+01   1.1453e+00   0.0000e+00   0.0000e+00   2.5815e+02
20200926_06:00:00   5.5796e-02   1.9017e+01   1.1358e+00   0.0000e+00   0.0000e+00   2.5858e+02
20200926_07:00:00   5.5910e-02   1.9057e+01   1.1355e+00   0.0000e+00   0.0000e+00   2.5886e+02
20200926_08:00:00   5.5167e-02   1.8863e+01   1.1161e+00   0.0000e+00   0.0000e+00   2.5842e+02
20200926_09:00:00   5.3636e-02   1.8463e+01   1.0788e+00   0.0000e+00   0.0000e+00   2.5873e+02
20200926_10:00:00   5.2091e-02   1.8058e+01   1.0410e+00   0.0000e+00   0.0000e+00   2.5899e+02
20200926_11:00:00   5.1068e-02   1.7787e+01   1.0165e+00   0.0000e+00   0.0000e+00   2.5858e+02
20200926_12:00:00   5.0397e-02   1.7613e+01   9.9905e-01   0.0000e+00   0.0000e+00   2.5663e+02
20200926_13:00:00   5.0035e-02   1.7518e+01   9.9034e-01   0.0000e+00   0.0000e+00   2.5494e+02
20200926_14:00:00   4.9069e-02   1.7258e+01   9.6757e-01   0.0000e+00   0.0000e+00   2.5450e+02
20200926_15:00:00   4.8580e-02   1.7128e+01   9.5639e-01   0.0000e+00   0.0000e+00   2.5543e+02
20200926_16:00:00   4.8078e-02   1.6989e+01   9.4435e-01   0.0000e+00   0.0000e+00   2.5738e+02
20200926_17:00:00   4.8146e-02   1.7006e+01   9.4669e-01   0.0000e+00   0.0000e+00   2.5830e+02
20200926_18:00:00   4.7851e-02   1.6929e+01   9.3885e-01   0.0000e+00   0.0000e+00   2.5944e+02
20200926_19:00:00   4.7718e-02   1.6905e+01   9.3437e-01   0.0000e+00   0.0000e+00   2.6136e+02
20200926_20:00:00   4.7382e-02   1.6815e+01   9.2695e-01   0.0000e+00   0.0000e+00   2.6084e+02
20200926_21:00:00   4.6324e-02   1.6540e+01   9.0129e-01   0.0000e+00   0.0000e+00   2.6062e+02
20200926_22:00:00   4.5846e-02   1.6416e+01   8.8865e-01   0.0000e+00   0.0000e+00   2.5983e+02
20200926_23:00:00   4.6250e-02   1.6516e+01   9.0016e-01   0.0000e+00   0.0000e+00   2.5968e+02
20200927_00:00:00   4.8176e-02   1.7011e+01   9.4354e-01   1.4380e-04   0.0000e+00   2.6004e+02
20200927_01:00:00   4.9963e-02   1.7473e+01   9.8648e-01   2.1320e-04   0.0000e+00   2.5967e+02
20200927_02:00:00   5.1271e-02   1.7806e+01   1.0173e+00   2.8480e-04   0.0000e+00   2.6019e+02
20200927_03:00:00   5.1225e-02   1.7790e+01   1.0215e+00   2.1520e-04   0.0000e+00   2.6196e+02
20200927_04:00:00   5.0550e-02   1.7608e+01   1.0084e+00   1.4520e-04   0.0000e+00   2.6190e+02
20200927_05:00:00   4.9269e-02   1.7271e+01   9.8474e-01   0.0000e+00   0.0000e+00   2.6082e+02
20200927_06:00:00   4.8912e-02   1.7169e+01   9.7569e-01   0.0000e+00   4.2280e-05   2.6075e+02
20200927_07:00:00   4.9389e-02   1.7262e+01   9.9354e-01   0.0000e+00   1.0101e-03   2.6265e+02
20200927_08:00:00   5.0328e-02   1.7461e+01   1.0278e+00   0.0000e+00   1.2411e-03   2.6450e+02
20200927_09:00:00   5.0765e-02   1.7553e+01   1.0457e+00   0.0000e+00   6.7988e-04   2.6526e+02
20200927_10:00:00   5.0205e-02   1.7401e+01   1.0335e+00   0.0000e+00   1.3224e-04   2.6585e+02
20200927_11:00:00   5.0050e-02   1.7360e+01   1.0298e+00   0.0000e+00   6.1200e-06   2.6627e+02
20200927_12:00:00   5.1610e-02   1.7730e+01   1.0787e+00   0.0000e+00   7.2200e-06   2.6476e+02
20200927_13:00:00   5.3408e-02   1.8151e+01   1.1354e+00   0.0000e+00   1.1665e-03   2.6320e+02
20200927_14:00:00   5.4607e-02   1.8431e+01   1.1723e+00   0.0000e+00   1.4026e-03   2.6388e+02
20200927_15:00:00   5.4830e-02   1.8490e+01   1.1794e+00   0.0000e+00   8.2060e-05   2.6362e+02
20200927_16:00:00   5.4648e-02   1.8459e+01   1.1715e+00   0.0000e+00   5.6820e-06   2.6344e+02
20200927_17:00:00   5.5054e-02   1.8567e+01   1.1816e+00   0.0000e+00   6.6220e-05   2.6406e+02
20200927_18:00:00   5.5205e-02   1.8607e+01   1.1857e+00   0.0000e+00   1.9926e-06   2.6539e+02
20200927_21:00:00   5.4180e-02   1.8353e+01   1.1616e+00   0.0000e+00   3.9958e-04   2.6724e+02
20200928_00:00:00   5.8004e-02   1.9334e+01   1.2574e+00   7.0660e-05   0.0000e+00   2.6599e+02
20200928_03:00:00   6.6909e-02   2.1596e+01   1.3976e+00   1.6030e-03   3.5139e-03   2.6064e+02
20200928_06:00:00   6.2640e-02   2.0456e+01   1.3964e+00   0.0000e+00   2.0568e-03   2.6423e+02
20200928_09:00:00   6.0698e-02   1.9964e+01   1.3437e+00   0.0000e+00   4.8041e-03   2.6407e+02
20200928_12:00:00   6.0682e-02   1.9930e+01   1.3536e+00   0.0000e+00   4.8500e-03   2.6179e+02
20200928_15:00:00   6.0257e-02   1.9872e+01   1.3346e+00   0.0000e+00   2.1620e-05   2.5985e+02
20200928_18:00:00   6.2323e-02   2.0363e+01   1.3993e+00   0.0000e+00   2.0495e-04   2.5795e+02
20200928_21:00:00   6.5984e-02   2.1278e+01   1.5009e+00   0.0000e+00   9.6489e-04   2.5898e+02
20200929_00:00:00   7.0617e-02   2.2403e+01   1.6317e+00   0.0000e+00   3.1229e-03   2.5692e+02
20200929_03:00:00   6.5371e-02   2.1170e+01   1.4785e+00   0.0000e+00   0.0000e+00   2.5729e+02
20200929_06:00:00   6.7265e-02   2.1636e+01   1.5294e+00   0.0000e+00   0.0000e+00   2.5660e+02
20200929_09:00:00   6.9014e-02   2.2066e+01   1.5808e+00   0.0000e+00   0.0000e+00   2.5600e+02
20200929_12:00:00   6.4266e-02   2.0832e+01   1.4650e+00   0.0000e+00   2.7400e-07   2.5445e+02
20200929_15:00:00   6.4074e-02   2.0741e+01   1.4729e+00   0.0000e+00   0.0000e+00   2.5647e+02
20200929_18:00:00   6.2111e-02   2.0267e+01   1.4132e+00   0.0000e+00   0.0000e+00   2.5731e+02
20200929_21:00:00   5.7284e-02   1.9137e+01   1.2645e+00   0.0000e+00   0.0000e+00   2.5873e+02
20200930_00:00:00   5.6004e-02   1.8874e+01   1.2162e+00   0.0000e+00   0.0000e+00   2.5813e+02
20200930_03:00:00   5.4914e-02   1.8659e+01   1.1247e+00   7.6060e-04   0.0000e+00   2.5741e+02
20200930_06:00:00   5.0942e-02   1.7669e+01   1.0544e+00   0.0000e+00   3.5340e-04   2.5569e+02
20200930_09:00:00   5.1463e-02   1.7793e+01   1.0672e+00   0.0000e+00   1.8075e-04   2.5721e+02
20200930_12:00:00   5.0988e-02   1.7689e+01   1.0493e+00   0.0000e+00   0.0000e+00   2.5790e+02
20200930_15:00:00   5.3311e-02   1.8319e+01   1.1033e+00   0.0000e+00   0.0000e+00   2.6023e+02
20200930_18:00:00   5.6403e-02   1.9120e+01   1.1853e+00   0.0000e+00   0.0000e+00   2.6292e+02
20200930_21:00:00   5.8129e-02   1.9546e+01   1.2332e+00   0.0000e+00   0.0000e+00   2.6318e+02
20201001_00:00:00   7.9999e-02   2.5150e+01   1.4823e+00   4.7970e-03   0.0000e+00   2.6158e+02
20201001_03:00:00   2.4229e-01   6.3410e+01   1.7918e+00   6.3317e-02   0.0000e+00   2.6122e+02
20201001_06:00:00   1.3229e-01   3.8113e+01   1.8961e+00   1.8920e-02   0.0000e+00   2.6148e+02
20201001_09:00:00   8.5671e-02   2.6374e+01   1.9632e+00   0.0000e+00   0.0000e+00   2.5939e+02
20201001_12:00:00   1.0591e-01   3.1370e+01   2.4588e+00   0.0000e+00   2.1620e-06   2.5794e+02
20201001_15:00:00   1.0308e-01   3.0836e+01   2.3618e+00   0.0000e+00   2.3820e-06   2.5596e+02
20201001_18:00:00   1.0091e-01   3.0429e+01   2.2708e+00   0.0000e+00   0.0000e+00   2.5927e+02
20201001_21:00:00   9.7556e-02   2.9641e+01   2.1738e+00   0.0000e+00   7.6260e-06   2.6227e+02
20201002_00:00:00   9.6634e-02   2.9430e+01   2.1425e+00   0.0000e+00   2.1620e-06   2.6314e+02
20201002_03:00:00   9.3074e-02   2.8532e+01   2.0630e+00   0.0000e+00   8.1580e-06   2.6194e+02
20201002_06:00:00   9.4551e-02   2.8851e+01   2.1013e+00   0.0000e+00   7.4940e-06   2.6469e+02
20201002_09:00:00   9.4573e-02   2.8913e+01   2.0807e+00   0.0000e+00   8.1580e-06   2.6453e+02
20201002_12:00:00   9.7596e-02   2.9644e+01   2.1452e+00   0.0000e+00   0.0000e+00   2.6433e+02
20201002_15:00:00   9.2682e-02   2.8443e+01   2.0198e+00   0.0000e+00   8.1580e-06   2.6162e+02
20201002_18:00:00   8.7566e-02   2.7183e+01   1.8955e+00   0.0000e+00   2.7400e-07   2.6275e+02
20201002_21:00:00   8.3940e-02   2.6268e+01   1.8129e+00   0.0000e+00   0.0000e+00   2.6305e+02
20201003_00:00:00   8.3156e-02   2.6058e+01   1.7962e+00   0.0000e+00   0.0000e+00   2.6126e+02
20201003_03:00:00   8.6811e-02   2.6923e+01   1.8986e+00   0.0000e+00   0.0000e+00   2.5866e+02
20201003_06:00:00   9.1870e-02   2.8097e+01   2.0313e+00   0.0000e+00   5.2440e-06   2.5842e+02
20201003_09:00:00   9.9702e-02   2.9945e+01   2.2345e+00   0.0000e+00   0.0000e+00   2.5796e+02
20201003_12:00:00   1.0451e-01   3.1041e+01   2.3655e+00   0.0000e+00   0.0000e+00   2.5685e+02
20201003_15:00:00   1.0509e-01   3.1126e+01   2.3974e+00   0.0000e+00   0.0000e+00   2.5604e+02
20201003_18:00:00   1.0941e-01   3.2169e+01   2.5057e+00   0.0000e+00   0.0000e+00   2.5761e+02
20201003_21:00:00   1.1812e-01   3.4323e+01   2.6961e+00   0.0000e+00   0.0000e+00   2.5542e+02
20201004_00:00:00   1.3015e-01   3.7142e+01   2.9873e+00   0.0000e+00   0.0000e+00   2.5537e+02
20201004_03:00:00   1.4773e-01   4.1212e+01   3.3950e+00   2.1610e-04   0.0000e+00   2.5656e+02
20201004_06:00:00   1.7207e-01   4.6676e+01   3.9966e+00   0.0000e+00   0.0000e+00   2.5611e+02
20201004_09:00:00   1.8628e-01   4.9741e+01   4.3528e+00   0.0000e+00   0.0000e+00   2.5721e+02
20201004_12:00:00   1.8982e-01   5.0514e+01   4.4200e+00   0.0000e+00   0.0000e+00   2.5735e+02
20201004_15:00:00   1.8653e-01   4.9931e+01   4.2898e+00   0.0000e+00   0.0000e+00   2.5899e+02
20201004_18:00:00   1.8128e-01   4.8847e+01   4.1536e+00   0.0000e+00   0.0000e+00   2.5974e+02
20201004_21:00:00   1.7533e-01   4.7562e+01   4.0188e+00   0.0000e+00   0.0000e+00   2.6032e+02
20201005_00:00:00   1.7953e-01   4.8541e+01   4.1053e+00   0.0000e+00   0.0000e+00   2.6023e+02
20201005_03:00:00   1.8430e-01   4.9734e+01   4.1574e+00   2.3950e-04   0.0000e+00   2.5867e+02
20201005_06:00:00   1.8415e-01   4.9700e+01   4.1535e+00   0.0000e+00   0.0000e+00   2.5873e+02
20201005_09:00:00   1.5774e-01   4.3650e+01   3.5609e+00   0.0000e+00   0.0000e+00   2.5844e+02
20201005_12:00:00   1.3544e-01   3.8451e+01   3.0517e+00   0.0000e+00   0.0000e+00   2.5637e+02
20201005_15:00:00   1.4335e-01   4.0319e+01   3.2180e+00   0.0000e+00   0.0000e+00   2.5582e+02
20201005_18:00:00   1.3753e-01   3.9016e+01   3.0601e+00   0.0000e+00   0.0000e+00   2.5689e+02
20201005_21:00:00   1.3213e-01   3.7740e+01   2.9460e+00   0.0000e+00   0.0000e+00   2.5527e+02
20201006_00:00:00   1.2947e-01   3.7093e+01   2.9019e+00   0.0000e+00   0.0000e+00   2.5725e+02
20201006_03:00:00   1.1955e-01   3.4728e+01   2.6631e+00   0.0000e+00   0.0000e+00   2.5626e+02
20201006_06:00:00   1.2576e-01   3.6234e+01   2.7835e+00   0.0000e+00   0.0000e+00   2.5725e+02
20201006_09:00:00   1.1947e-01   3.4753e+01   2.6219e+00   0.0000e+00   0.0000e+00   2.5625e+02
20201006_12:00:00   1.2410e-01   3.5903e+01   2.6889e+00   0.0000e+00   0.0000e+00   2.5557e+02
20201006_15:00:00   1.2359e-01   3.5782e+01   2.6747e+00   0.0000e+00   0.0000e+00   2.5466e+02
20201006_18:00:00   1.3670e-01   3.8908e+01   2.9452e+00   0.0000e+00   0.0000e+00   2.5684e+02
20201006_21:00:00   1.5103e-01   4.2296e+01   3.2227e+00   0.0000e+00   0.0000e+00   2.5964e+02
20201007_00:00:00   1.5491e-01   4.3236e+01   3.0785e+00   3.9610e-03   0.0000e+00   2.6066e+02
20201007_03:00:00   1.7554e-01   4.7998e+01   3.4358e+00   5.2661e-03   0.0000e+00   2.5964e+02
20201007_06:00:00   1.5847e-01   4.4071e+01   3.3861e+00   0.0000e+00   0.0000e+00   2.5976e+02
20201007_09:00:00   1.3589e-01   3.8770e+01   2.9096e+00   0.0000e+00   0.0000e+00   2.5800e+02
20201007_12:00:00   1.2958e-01   3.7281e+01   2.7655e+00   0.0000e+00   0.0000e+00   2.5624e+02
20201007_15:00:00   1.0545e-01   3.1458e+01   2.2444e+00   0.0000e+00   0.0000e+00   2.5506e+02
20201007_18:00:00   1.0001e-01   3.0151e+01   2.1226e+00   0.0000e+00   0.0000e+00   2.5734e+02
20201007_21:00:00   9.7759e-02   2.9606e+01   2.0714e+00   0.0000e+00   0.0000e+00   2.6011e+02
20201008_00:00:00   9.4173e-02   2.8733e+01   1.9936e+00   0.0000e+00   0.0000e+00   2.5939e+02
20201008_03:00:00   9.1961e-02   2.8190e+01   1.9442e+00   0.0000e+00   0.0000e+00   2.5941e+02
20201008_06:00:00   8.4851e-02   2.6437e+01   1.7811e+00   0.0000e+00   0.0000e+00   2.5923e+02
20201008_09:00:00   8.1242e-02   2.5526e+01   1.6935e+00   0.0000e+00   0.0000e+00   2.5793e+02
20201008_12:00:00   7.6774e-02   2.4387e+01   1.5916e+00   0.0000e+00   0.0000e+00   2.5554e+02
20201008_15:00:00   7.2284e-02   2.3245e+01   1.4908e+00   0.0000e+00   0.0000e+00   2.5392e+02
20201008_18:00:00   7.0117e-02   2.2733e+01   1.4346e+00   0.0000e+00   0.0000e+00   2.5673e+02
