#            date       tau255        Tb[K]      pwv[mm] lwp[kg*m^-2] iwp[kg*m^-2]       o3[DU]
20210416_00:00:00   6.0450e-02   1.9968e+01   1.2081e+00   1.0610e-05   0.0000e+00   2.8263e+02
20210416_01:00:00   5.9593e-02   1.9718e+01   1.1969e+00   1.3030e-06   4.0314e-04   2.8377e+02
20210416_02:00:00   5.9126e-02   1.9580e+01   1.1914e+00   1.2890e-06   4.7736e-04   2.8414e+02
20210416_03:00:00   5.9081e-02   1.9579e+01   1.1853e+00   6.4500e-05   1.1077e-03   2.8396e+02
20210416_04:00:00   5.8233e-02   1.9373e+01   1.1647e+00   4.6930e-05   2.1743e-03   2.8286e+02
20210416_05:00:00   5.8547e-02   1.9449e+01   1.1747e+00   0.0000e+00   3.5862e-03   2.8387e+02
20210416_06:00:00   5.9279e-02   1.9627e+01   1.1926e+00   0.0000e+00   4.3406e-03   2.8671e+02
20210416_07:00:00   6.0637e-02   1.9968e+01   1.2243e+00   0.0000e+00   3.9860e-03   2.8928e+02
20210416_08:00:00   6.2043e-02   2.0296e+01   1.2612e+00   0.0000e+00   4.4212e-03   2.8973e+02
20210416_09:00:00   6.2381e-02   2.0376e+01   1.2692e+00   0.0000e+00   3.9904e-03   2.8995e+02
20210416_10:00:00   6.3425e-02   2.0592e+01   1.3016e+00   0.0000e+00   5.1220e-03   2.9079e+02
20210416_11:00:00   6.4006e-02   2.0667e+01   1.3267e+00   0.0000e+00   8.7360e-03   2.9242e+02
20210416_12:00:00   6.6199e-02   2.1126e+01   1.3907e+00   0.0000e+00   1.5766e-02   2.9357e+02
20210416_13:00:00   6.8879e-02   2.1729e+01   1.4623e+00   0.0000e+00   1.6681e-02   2.9383e+02
20210416_14:00:00   7.1505e-02   2.2318e+01   1.5315e+00   0.0000e+00   1.7248e-02   2.9349e+02
20210416_15:00:00   6.9723e-02   2.1891e+01   1.4889e+00   0.0000e+00   7.9080e-03   2.9268e+02
20210416_16:00:00   6.7028e-02   2.1249e+01   1.4199e+00   0.0000e+00   4.2377e-03   2.9420e+02
20210416_17:00:00   6.5460e-02   2.0864e+01   1.3814e+00   0.0000e+00   4.0745e-03   2.9427e+02
20210416_18:00:00   6.4298e-02   2.0578e+01   1.3515e+00   0.0000e+00   3.2804e-03   2.9281e+02
20210416_19:00:00   6.4832e-02   2.0691e+01   1.3661e+00   0.0000e+00   3.8369e-03   2.9117e+02
20210416_20:00:00   6.4837e-02   2.0674e+01   1.3672e+00   0.0000e+00   4.4631e-03   2.8862e+02
20210416_21:00:00   6.3640e-02   2.0388e+01   1.3366e+00   0.0000e+00   3.7373e-03   2.8797e+02
20210416_22:00:00   6.1718e-02   1.9931e+01   1.2863e+00   0.0000e+00   4.3596e-03   2.8793e+02
20210416_23:00:00   6.0985e-02   1.9790e+01   1.2593e+00   0.0000e+00   6.7864e-03   2.8735e+02
20210417_00:00:00   6.0735e-02   1.9747e+01   1.2477e+00   0.0000e+00   7.3190e-03   2.8615e+02
20210417_01:00:00   5.8083e-02   1.9140e+01   1.1740e+00   0.0000e+00   1.2344e-03   2.8366e+02
20210417_02:00:00   5.6511e-02   1.8791e+01   1.1252e+00   1.4710e-05   3.9860e-06   2.8420e+02
20210417_03:00:00   5.4921e-02   1.8425e+01   1.0792e+00   0.0000e+00   0.0000e+00   2.8475e+02
20210417_04:00:00   5.3685e-02   1.8106e+01   1.0505e+00   0.0000e+00   0.0000e+00   2.8551e+02
20210417_05:00:00   5.2768e-02   1.7887e+01   1.0247e+00   0.0000e+00   0.0000e+00   2.8850e+02
20210417_06:00:00   5.2224e-02   1.7769e+01   1.0073e+00   0.0000e+00   0.0000e+00   2.8927e+02
20210417_07:00:00   5.2607e-02   1.7881e+01   1.0127e+00   0.0000e+00   0.0000e+00   2.8672e+02
20210417_08:00:00   5.2305e-02   1.7821e+01   1.0027e+00   0.0000e+00   0.0000e+00   2.8503e+02
20210417_09:00:00   5.2458e-02   1.7873e+01   1.0047e+00   0.0000e+00   0.0000e+00   2.8540e+02
20210417_10:00:00   5.2987e-02   1.8015e+01   1.0158e+00   0.0000e+00   0.0000e+00   2.8576e+02
20210417_11:00:00   5.3661e-02   1.8192e+01   1.0311e+00   0.0000e+00   0.0000e+00   2.8394e+02
20210417_12:00:00   5.5897e-02   1.8738e+01   1.0920e+00   0.0000e+00   0.0000e+00   2.8230e+02
20210417_13:00:00   5.8499e-02   1.9380e+01   1.1583e+00   0.0000e+00   0.0000e+00   2.8343e+02
20210417_14:00:00   6.0517e-02   1.9884e+01   1.2069e+00   0.0000e+00   0.0000e+00   2.8473e+02
20210417_15:00:00   6.1960e-02   2.0255e+01   1.2344e+00   0.0000e+00   0.0000e+00   2.8629e+02
20210417_16:00:00   6.3924e-02   2.0736e+01   1.2816e+00   0.0000e+00   0.0000e+00   2.8760e+02
20210417_17:00:00   6.4303e-02   2.0841e+01   1.2895e+00   0.0000e+00   0.0000e+00   2.8772e+02
20210417_18:00:00   6.6903e-02   2.1440e+01   1.3591e+00   0.0000e+00   0.0000e+00   2.8821e+02
20210417_19:00:00   6.8111e-02   2.1711e+01   1.3912e+00   0.0000e+00   0.0000e+00   2.8842e+02
20210417_20:00:00   6.7461e-02   2.1529e+01   1.3808e+00   0.0000e+00   0.0000e+00   2.8766e+02
20210417_21:00:00   6.7752e-02   2.1575e+01   1.3918e+00   0.0000e+00   0.0000e+00   2.8519e+02
20210417_22:00:00   6.8396e-02   2.1721e+01   1.4107e+00   0.0000e+00   0.0000e+00   2.8458e+02
20210417_23:00:00   6.7593e-02   2.1528e+01   1.3921e+00   0.0000e+00   2.1920e-07   2.8415e+02
20210418_00:00:00   6.3593e-02   2.0600e+01   1.2846e+00   0.0000e+00   0.0000e+00   2.8408e+02
20210418_01:00:00   5.7777e-02   1.9258e+01   1.1181e+00   1.2830e-06   0.0000e+00   2.8405e+02
20210418_02:00:00   5.5181e-02   1.8640e+01   1.0496e+00   0.0000e+00   0.0000e+00   2.8351e+02
20210418_03:00:00   5.3264e-02   1.8187e+01   9.9598e-01   0.0000e+00   5.3140e-07   2.8386e+02
20210418_04:00:00   5.1069e-02   1.7659e+01   9.3830e-01   0.0000e+00   0.0000e+00   2.8279e+02
20210418_05:00:00   5.2592e-02   1.8049e+01   9.7462e-01   0.0000e+00   5.2440e-06   2.8329e+02
20210418_06:00:00   5.4504e-02   1.8536e+01   1.0198e+00   0.0000e+00   1.8070e-03   2.8363e+02
20210418_07:00:00   5.5926e-02   1.8910e+01   1.0518e+00   0.0000e+00   2.6044e-03   2.8347e+02
20210418_08:00:00   5.6913e-02   1.9148e+01   1.0789e+00   0.0000e+00   2.8749e-03   2.8326e+02
20210418_09:00:00   5.4820e-02   1.8626e+01   1.0293e+00   0.0000e+00   2.4464e-03   2.8308e+02
20210418_10:00:00   5.5505e-02   1.8738e+01   1.0586e+00   0.0000e+00   5.4277e-03   2.8132e+02
20210418_11:00:00   5.5379e-02   1.8666e+01   1.0689e+00   0.0000e+00   5.7025e-03   2.7916e+02
20210418_12:00:00   5.6384e-02   1.8860e+01   1.1056e+00   0.0000e+00   1.2721e-02   2.7881e+02
20210418_13:00:00   5.5703e-02   1.8661e+01   1.0997e+00   0.0000e+00   1.0332e-02   2.7836e+02
20210418_14:00:00   5.8257e-02   1.9276e+01   1.1690e+00   0.0000e+00   1.1041e-02   2.7734e+02
20210418_15:00:00   6.4371e-02   2.0745e+01   1.3346e+00   0.0000e+00   1.0367e-02   2.7598e+02
20210418_16:00:00   6.8277e-02   2.1688e+01   1.4366e+00   0.0000e+00   8.2570e-03   2.7393e+02
20210418_17:00:00   7.0237e-02   2.2175e+01   1.4872e+00   0.0000e+00   1.8067e-03   2.7264e+02
20210418_18:00:00   7.1834e-02   2.2577e+01   1.5222e+00   0.0000e+00   6.4942e-05   2.7426e+02
20210418_19:00:00   7.2766e-02   2.2830e+01   1.5417e+00   0.0000e+00   0.0000e+00   2.7458e+02
20210418_20:00:00   7.2447e-02   2.2755e+01   1.5310e+00   0.0000e+00   0.0000e+00   2.7356e+02
20210418_21:00:00   7.2169e-02   2.2717e+01   1.5197e+00   0.0000e+00   0.0000e+00   2.7367e+02
20210418_22:00:00   7.3677e-02   2.3106e+01   1.5536e+00   0.0000e+00   0.0000e+00   2.7652e+02
20210418_23:00:00   7.3721e-02   2.3126e+01   1.5558e+00   0.0000e+00   0.0000e+00   2.7806e+02
20210419_00:00:00   7.5747e-02   2.3660e+01   1.5730e+00   3.7790e-04   0.0000e+00   2.7871e+02
20210419_01:00:00   8.0465e-02   2.4869e+01   1.6140e+00   1.5190e-03   0.0000e+00   2.7857e+02
20210419_02:00:00   8.0358e-02   2.4871e+01   1.6101e+00   1.5060e-03   0.0000e+00   2.7865e+02
20210419_03:00:00   8.2839e-02   2.5507e+01   1.5619e+00   3.4230e-03   0.0000e+00   2.7719e+02
20210419_04:00:00   8.1734e-02   2.5268e+01   1.4956e+00   4.0890e-03   0.0000e+00   2.7748e+02
20210419_05:00:00   7.8247e-02   2.4405e+01   1.5105e+00   2.2410e-03   0.0000e+00   2.7847e+02
20210419_06:00:00   7.5041e-02   2.3562e+01   1.5533e+00   1.9700e-04   0.0000e+00   2.7909e+02
20210419_07:00:00   7.1020e-02   2.2511e+01   1.4865e+00   0.0000e+00   0.0000e+00   2.7849e+02
20210419_08:00:00   7.0123e-02   2.2291e+01   1.4706e+00   0.0000e+00   0.0000e+00   2.7758e+02
20210419_09:00:00   6.8920e-02   2.1992e+01   1.4412e+00   0.0000e+00   0.0000e+00   2.7914e+02
20210419_10:00:00   6.9369e-02   2.2102e+01   1.4497e+00   0.0000e+00   0.0000e+00   2.8089e+02
20210419_11:00:00   6.8822e-02   2.1947e+01   1.4392e+00   0.0000e+00   0.0000e+00   2.8175e+02
20210419_12:00:00   7.0135e-02   2.2261e+01   1.4764e+00   0.0000e+00   0.0000e+00   2.8192e+02
20210419_13:00:00   7.2366e-02   2.2786e+01   1.5404e+00   0.0000e+00   0.0000e+00   2.8262e+02
20210419_14:00:00   7.5249e-02   2.3462e+01   1.6134e+00   0.0000e+00   0.0000e+00   2.8171e+02
20210419_15:00:00   7.9988e-02   2.4596e+01   1.7300e+00   0.0000e+00   0.0000e+00   2.8227e+02
20210419_16:00:00   8.2084e-02   2.5130e+01   1.7773e+00   0.0000e+00   1.0814e-05   2.8373e+02
20210419_17:00:00   8.4273e-02   2.5697e+01   1.8204e+00   0.0000e+00   0.0000e+00   2.8297e+02
20210419_18:00:00   8.8715e-02   2.6825e+01   1.9063e+00   0.0000e+00   0.0000e+00   2.8161e+02
20210419_19:00:00   8.9362e-02   2.7024e+01   1.9161e+00   0.0000e+00   0.0000e+00   2.8212e+02
20210419_20:00:00   9.6402e-02   2.8757e+01   2.0709e+00   0.0000e+00   0.0000e+00   2.8192e+02
20210419_21:00:00   1.0247e-01   3.0261e+01   2.1876e+00   0.0000e+00   0.0000e+00   2.8132e+02
20210419_22:00:00   1.0282e-01   3.0452e+01   2.0964e+00   1.2430e-03   0.0000e+00   2.8110e+02
20210419_23:00:00   9.7170e-02   2.9173e+01   1.9422e+00   1.4570e-03   0.0000e+00   2.7952e+02
20210420_00:00:00   1.7869e-01   4.8291e+01   2.7342e+00   1.9141e-02   9.3560e-06   2.7831e+02
20210420_01:00:00   2.3906e-01   6.1411e+01   3.2071e+00   3.4740e-02   1.5096e-05   2.7739e+02
20210420_02:00:00   2.1165e-01   5.5434e+01   3.9353e+00   8.7918e-03   1.3457e-05   2.7795e+02
20210420_03:00:00   3.4536e-01   8.2420e+01   4.5095e+00   5.2468e-02   3.5316e-05   2.7913e+02
20210420_04:00:00   3.3442e-01   8.0326e+01   4.3204e+00   5.2330e-02   5.2686e-04   2.7926e+02
20210420_05:00:00   2.3951e-01   6.1261e+01   3.8115e+00   2.4002e-02   3.8161e-03   2.7951e+02
20210420_06:00:00   1.9886e-01   5.2453e+01   3.4831e+00   1.4953e-02   5.0318e-03   2.8011e+02
20210420_07:00:00   1.3615e-01   3.8256e+01   2.9230e+00   8.1446e-04   4.3397e-04   2.7944e+02
20210420_08:00:00   1.2110e-01   3.4695e+01   2.6608e+00   2.6650e-06   0.0000e+00   2.8049e+02
20210420_09:00:00   1.2838e-01   3.6403e+01   2.7967e+00   2.1430e-06   3.2440e-05   2.8088e+02
20210420_10:00:00   1.3021e-01   3.6712e+01   2.8790e+00   0.0000e+00   6.8670e-03   2.7875e+02
20210420_11:00:00   1.2212e-01   3.4763e+01   2.7229e+00   0.0000e+00   3.2481e-02   2.7785e+02
20210420_12:00:00   1.1739e-01   3.3661e+01   2.6245e+00   0.0000e+00   1.1883e-02   2.7813e+02
20210420_13:00:00   1.1557e-01   3.3265e+01   2.5648e+00   0.0000e+00   8.2500e-03   2.7817e+02
20210420_14:00:00   1.1341e-01   3.2776e+01   2.5130e+00   0.0000e+00   0.0000e+00   2.7941e+02
20210420_15:00:00   1.1503e-01   3.3140e+01   2.5508e+00   0.0000e+00   0.0000e+00   2.7920e+02
20210420_16:00:00   1.1871e-01   3.3886e+01   2.6844e+00   0.0000e+00   2.0442e-02   2.7899e+02
20210420_17:00:00   1.3118e-01   3.6603e+01   3.0222e+00   0.0000e+00   3.5777e-02   2.7954e+02
20210420_18:00:00   1.4071e-01   3.8699e+01   3.2666e+00   0.0000e+00   4.9583e-02   2.8031e+02
20210420_19:00:00   1.4502e-01   3.9729e+01   3.3960e+00   0.0000e+00   1.2000e-03   2.7934e+02
20210420_20:00:00   1.4693e-01   4.0223e+01   3.4186e+00   0.0000e+00   3.9338e-04   2.7821e+02
20210420_21:00:00   1.5288e-01   4.1549e+01   3.5754e+00   0.0000e+00   3.2949e-05   2.7889e+02
20210420_22:00:00   1.5749e-01   4.2615e+01   3.6705e+00   0.0000e+00   5.9560e-06   2.7993e+02
20210420_23:00:00   1.7073e-01   4.5417e+01   4.0362e+00   1.5790e-05   7.4117e-03   2.8034e+02
20210421_00:00:00   1.9145e-01   4.9812e+01   4.5394e+00   3.9550e-05   2.8312e-02   2.7934e+02
20210421_03:00:00   2.0287e-01   5.2491e+01   4.7211e+00   0.0000e+00   5.7447e-05   2.8219e+02
20210421_06:00:00   2.1156e-01   5.4233e+01   4.9641e+00   0.0000e+00   1.6863e-03   2.8111e+02
20210421_09:00:00   2.3075e-01   5.8216e+01   5.4121e+00   0.0000e+00   3.7688e-04   2.8011e+02
20210421_12:00:00   2.4893e-01   6.2058e+01   5.7705e+00   0.0000e+00   2.6115e-04   2.7947e+02
20210421_15:00:00   2.9860e-01   7.1896e+01   6.8197e+00   2.6220e-05   1.4194e-02   2.7984e+02
20210421_18:00:00   3.4248e-01   8.0304e+01   7.7163e+00   1.3110e-04   1.6378e-02   2.8207e+02
20210421_21:00:00   2.9892e-01   7.2575e+01   6.5835e+00   0.0000e+00   1.9721e-05   2.8530e+02
20210422_00:00:00   2.8004e-01   6.9318e+01   5.9182e+00   5.4690e-04   7.1173e-04   2.8573e+02
20210422_03:00:00   2.6583e-01   6.6693e+01   5.5096e+00   0.0000e+00   6.9220e-03   2.8411e+02
20210422_06:00:00   2.3815e-01   6.1199e+01   4.8981e+00   0.0000e+00   3.4760e-03   2.8705e+02
20210422_09:00:00   1.9646e-01   5.2377e+01   4.0043e+00   0.0000e+00   3.0336e-03   2.8869e+02
20210422_12:00:00   1.4421e-01   4.0624e+01   2.9221e+00   0.0000e+00   4.8418e-03   2.8875e+02
20210422_15:00:00   1.0607e-01   3.1550e+01   2.1416e+00   0.0000e+00   3.3775e-03   2.8779e+02
20210422_18:00:00   9.0598e-02   2.7616e+01   1.8817e+00   0.0000e+00   3.4986e-02   2.8886e+02
20210422_21:00:00   9.0176e-02   2.7459e+01   1.9245e+00   0.0000e+00   1.2278e-02   2.8578e+02
20210423_00:00:00   1.0924e-01   3.1985e+01   2.4110e+00   0.0000e+00   8.7320e-03   2.8413e+02
20210423_03:00:00   1.2190e-01   3.4938e+01   2.7331e+00   3.0510e-05   1.5476e-02   2.8349e+02
20210423_06:00:00   1.0508e-01   3.0959e+01   2.3334e+00   0.0000e+00   8.5469e-03   2.8363e+02
20210423_09:00:00   7.5887e-02   2.3969e+01   1.5942e+00   0.0000e+00   2.3175e-03   2.8744e+02
20210423_12:00:00   6.9743e-02   2.2321e+01   1.4610e+00   0.0000e+00   1.3300e-02   2.9128e+02
20210423_15:00:00   6.3492e-02   2.0844e+01   1.2869e+00   0.0000e+00   6.3926e-03   2.9576e+02
20210423_18:00:00   6.0148e-02   2.0048e+01   1.1964e+00   0.0000e+00   2.4262e-04   3.0140e+02
20210423_21:00:00   5.6593e-02   1.9245e+01   1.0916e+00   0.0000e+00   0.0000e+00   3.0642e+02
20210424_00:00:00   6.2640e-02   2.0896e+01   1.2123e+00   0.0000e+00   0.0000e+00   3.0625e+02
20210424_03:00:00   6.0527e-02   2.0381e+01   1.1728e+00   2.7400e-05   1.9200e-05   3.0080e+02
20210424_06:00:00   6.6748e-02   2.1956e+01   1.3319e+00   0.0000e+00   6.6420e-06   3.0159e+02
20210424_09:00:00   7.2015e-02   2.3270e+01   1.4696e+00   0.0000e+00   5.4620e-05   3.0143e+02
20210424_12:00:00   8.5004e-02   2.6416e+01   1.8086e+00   0.0000e+00   1.3110e-05   3.0049e+02
20210424_15:00:00   8.7808e-02   2.7048e+01   1.9012e+00   0.0000e+00   1.8098e-05   2.9558e+02
20210424_18:00:00   1.0819e-01   3.1847e+01   2.4439e+00   0.0000e+00   0.0000e+00   2.9496e+02
20210424_21:00:00   1.1888e-01   3.4362e+01   2.7266e+00   0.0000e+00   0.0000e+00   2.9673e+02
20210425_00:00:00   1.2025e-01   3.4709e+01   2.7687e+00   0.0000e+00   0.0000e+00   2.9449e+02
20210425_03:00:00   1.2939e-01   3.6930e+01   2.9694e+00   0.0000e+00   0.0000e+00   2.9387e+02
20210425_06:00:00   1.4026e-01   3.9548e+01   3.1848e+00   0.0000e+00   0.0000e+00   2.9532e+02
20210425_09:00:00   1.4478e-01   4.0657e+01   3.2740e+00   0.0000e+00   0.0000e+00   2.9334e+02
20210425_12:00:00   1.4206e-01   4.0051e+01   3.1943e+00   0.0000e+00   0.0000e+00   2.8997e+02
20210425_15:00:00   1.4038e-01   3.9729e+01   3.1319e+00   0.0000e+00   0.0000e+00   2.8937e+02
20210425_18:00:00   1.5420e-01   4.2970e+01   3.4019e+00   0.0000e+00   0.0000e+00   2.9219e+02
20210425_21:00:00   1.6075e-01   4.4521e+01   3.5463e+00   0.0000e+00   0.0000e+00   2.9323e+02
20210426_00:00:00   1.6697e-01   4.6010e+01   3.6661e+00   0.0000e+00   0.0000e+00   2.9089e+02
20210426_03:00:00   1.6926e-01   4.6590e+01   3.6826e+00   0.0000e+00   0.0000e+00   2.8946e+02
20210426_06:00:00   1.6554e-01   4.5791e+01   3.5793e+00   0.0000e+00   0.0000e+00   2.8894e+02
20210426_09:00:00   1.5591e-01   4.3638e+01   3.3657e+00   0.0000e+00   0.0000e+00   2.8871e+02
20210426_12:00:00   1.4874e-01   4.1937e+01   3.2352e+00   0.0000e+00   0.0000e+00   2.9095e+02
20210426_15:00:00   1.3970e-01   3.9819e+01   3.0278e+00   0.0000e+00   0.0000e+00   2.8785e+02
20210426_18:00:00   1.2965e-01   3.7450e+01   2.7973e+00   0.0000e+00   0.0000e+00   2.8615e+02
20210426_21:00:00   1.1693e-01   3.4405e+01   2.5108e+00   0.0000e+00   0.0000e+00   2.8672e+02
20210427_00:00:00   9.9295e-02   3.0104e+01   2.0974e+00   0.0000e+00   0.0000e+00   2.8516e+02
20210427_03:00:00   8.6498e-02   2.6943e+01   1.8061e+00   0.0000e+00   1.0098e-04   2.8408e+02
20210427_06:00:00   6.9046e-02   2.2541e+01   1.3973e+00   0.0000e+00   5.8900e-05   2.8770e+02
20210427_09:00:00   6.2323e-02   2.0689e+01   1.2632e+00   0.0000e+00   7.9754e-03   2.8777e+02
20210427_12:00:00   5.0124e-02   1.7483e+01   9.8319e-01   0.0000e+00   8.4820e-04   2.8552e+02
20210427_15:00:00   5.0057e-02   1.7295e+01   1.0232e+00   0.0000e+00   1.0822e-04   2.8253e+02
20210427_18:00:00   5.0763e-02   1.7407e+01   1.0528e+00   0.0000e+00   3.5917e-03   2.8159e+02
20210427_21:00:00   5.1903e-02   1.7721e+01   1.0792e+00   0.0000e+00   0.0000e+00   2.7878e+02
20210428_00:00:00   6.6049e-02   2.1399e+01   1.4025e+00   1.5420e-04   6.4720e-05   2.7480e+02
20210428_03:00:00   8.1711e-02   2.5300e+01   1.8028e+00   0.0000e+00   8.9078e-04   2.7413e+02
20210428_06:00:00   7.7913e-02   2.4356e+01   1.7040e+00   0.0000e+00   1.6353e-02   2.7609e+02
20210428_09:00:00   7.2944e-02   2.2971e+01   1.6204e+00   0.0000e+00   3.0541e-03   2.7461e+02
20210428_12:00:00   7.8435e-02   2.4351e+01   1.7412e+00   0.0000e+00   7.9501e-03   2.7302e+02
20210428_15:00:00   8.6577e-02   2.6242e+01   1.9749e+00   0.0000e+00   1.7646e-03   2.6993e+02
20210428_18:00:00   8.1029e-02   2.4895e+01   1.8360e+00   0.0000e+00   4.6041e-03   2.7348e+02
20210428_21:00:00   7.1092e-02   2.2566e+01   1.5594e+00   0.0000e+00   3.4925e-03   2.7625e+02
20210429_00:00:00   7.3263e-02   2.3108e+01   1.6184e+00   0.0000e+00   5.0499e-03   2.7262e+02
20210429_03:00:00   9.5312e-02   2.8517e+01   2.1659e+00   0.0000e+00   3.0083e-03   2.7214e+02
20210429_06:00:00   1.0814e-01   3.1507e+01   2.5072e+00   0.0000e+00   5.6640e-03   2.7098e+02
20210429_09:00:00   1.2928e-01   3.6527e+01   3.0083e+00   0.0000e+00   3.1936e-03   2.7167e+02
20210429_12:00:00   1.4357e-01   3.9826e+01   3.3156e+00   0.0000e+00   1.8095e-02   2.7023e+02
20210429_15:00:00   1.6685e-01   4.5127e+01   3.8345e+00   0.0000e+00   1.2659e-03   2.7057e+02
20210429_18:00:00   1.6018e-01   4.3572e+01   3.6960e+00   0.0000e+00   2.5002e-03   2.7032e+02
20210429_21:00:00   1.5003e-01   4.1283e+01   3.4406e+00   0.0000e+00   1.6103e-03   2.7112e+02
20210430_00:00:00   1.4990e-01   4.1250e+01   3.4284e+00   0.0000e+00   3.0761e-04   2.7152e+02
20210430_03:00:00   9.9533e-02   2.9800e+01   2.1418e+00   1.6710e-04   1.2580e-03   2.7210e+02
20210430_06:00:00   9.1642e-02   2.8027e+01   1.8865e+00   4.5360e-04   1.0026e-03   2.7503e+02
20210430_09:00:00   7.3852e-02   2.3556e+01   1.5175e+00   0.0000e+00   1.3550e-04   2.7875e+02
20210430_12:00:00   7.6752e-02   2.4218e+01   1.6047e+00   0.0000e+00   1.7394e-03   2.8034e+02
20210430_15:00:00   7.5370e-02   2.3885e+01   1.5600e+00   0.0000e+00   6.3080e-06   2.8699e+02
20210430_18:00:00   8.9302e-02   2.7338e+01   1.8824e+00   0.0000e+00   0.0000e+00   2.9275e+02
20210430_21:00:00   7.7173e-02   2.4401e+01   1.5869e+00   0.0000e+00   0.0000e+00   2.9575e+02
20210501_00:00:00   7.1567e-02   2.2788e+01   1.5126e+00   0.0000e+00   4.3820e-06   2.9434e+02
20210501_03:00:00   8.1900e-02   2.5485e+01   1.4161e+00   5.9000e-03   0.0000e+00   2.9234e+02
20210501_06:00:00   6.3803e-02   2.0800e+01   1.3458e+00   0.0000e+00   4.7640e-06   2.9258e+02
20210501_09:00:00   6.9909e-02   2.2334e+01   1.4986e+00   0.0000e+00   0.0000e+00   2.9193e+02
20210501_12:00:00   8.2747e-02   2.5435e+01   1.8421e+00   0.0000e+00   0.0000e+00   2.8766e+02
20210501_15:00:00   7.7469e-02   2.4189e+01   1.7050e+00   0.0000e+00   0.0000e+00   2.8348e+02
20210501_18:00:00   7.8351e-02   2.4439e+01   1.7251e+00   0.0000e+00   0.0000e+00   2.8253e+02
20210501_21:00:00   8.5197e-02   2.6217e+01   1.8809e+00   0.0000e+00   0.0000e+00   2.8463e+02
20210502_00:00:00   1.0085e-01   3.0049e+01   2.2615e+00   0.0000e+00   0.0000e+00   2.8188e+02
