#            date       tau255        Tb[K]      pwv[mm] lwp[kg*m^-2] iwp[kg*m^-2]       o3[DU]
20210824_12:00:00   1.9524e-01   5.2211e+01   4.3668e+00   0.0000e+00   0.0000e+00   2.6656e+02
20210824_13:00:00   2.0591e-01   5.4603e+01   4.5534e+00   0.0000e+00   0.0000e+00   2.6798e+02
20210824_14:00:00   2.1302e-01   5.6181e+01   4.6772e+00   0.0000e+00   0.0000e+00   2.6587e+02
20210824_15:00:00   2.1285e-01   5.6161e+01   4.6612e+00   0.0000e+00   0.0000e+00   2.6665e+02
20210824_16:00:00   2.1072e-01   5.5715e+01   4.5946e+00   0.0000e+00   0.0000e+00   2.6771e+02
20210824_17:00:00   2.0656e-01   5.4852e+01   4.4837e+00   0.0000e+00   0.0000e+00   2.6755e+02
20210824_18:00:00   2.0521e-01   5.4620e+01   4.4288e+00   0.0000e+00   0.0000e+00   2.7405e+02
20210824_19:00:00   2.0151e-01   5.3858e+01   4.3301e+00   0.0000e+00   0.0000e+00   2.7677e+02
20210824_20:00:00   1.9481e-01   5.2409e+01   4.1808e+00   0.0000e+00   0.0000e+00   2.7345e+02
20210824_21:00:00   1.8653e-01   5.0607e+01   4.0037e+00   0.0000e+00   0.0000e+00   2.7669e+02
20210824_22:00:00   1.8640e-01   5.0639e+01   3.7932e+00   3.9230e-03   0.0000e+00   2.7806e+02
20210824_23:00:00   1.8133e-01   4.9520e+01   3.6331e+00   4.9400e-03   0.0000e+00   2.7749e+02
20210825_00:00:00   1.7081e-01   4.7104e+01   3.5912e+00   1.3960e-03   0.0000e+00   2.7563e+02
20210825_01:00:00   1.6960e-01   4.6857e+01   3.3455e+00   5.8320e-03   0.0000e+00   2.7324e+02
20210825_02:00:00   1.7726e-01   4.8637e+01   3.1582e+00   1.2670e-02   0.0000e+00   2.7415e+02
20210825_03:00:00   1.3363e-01   3.8387e+01   2.9289e+00   0.0000e+00   0.0000e+00   2.7679e+02
20210825_04:00:00   1.1599e-01   3.4131e+01   2.5620e+00   0.0000e+00   0.0000e+00   2.7891e+02
20210825_05:00:00   1.0031e-01   3.0311e+01   2.2100e+00   0.0000e+00   0.0000e+00   2.7640e+02
20210825_06:00:00   9.4946e-02   2.9003e+01   2.0785e+00   0.0000e+00   0.0000e+00   2.7513e+02
20210825_07:00:00   9.8544e-02   2.9888e+01   2.1553e+00   0.0000e+00   0.0000e+00   2.7754e+02
20210825_08:00:00   9.7384e-02   2.9596e+01   2.1381e+00   0.0000e+00   0.0000e+00   2.7589e+02
20210825_09:00:00   9.3700e-02   2.8682e+01   2.0590e+00   0.0000e+00   0.0000e+00   2.7856e+02
20210825_10:00:00   8.7661e-02   2.7173e+01   1.9240e+00   0.0000e+00   0.0000e+00   2.8116e+02
20210825_11:00:00   8.0785e-02   2.5432e+01   1.7675e+00   0.0000e+00   0.0000e+00   2.7968e+02
20210825_12:00:00   7.2175e-02   2.3241e+01   1.5640e+00   0.0000e+00   0.0000e+00   2.8082e+02
20210825_13:00:00   6.6500e-02   2.1771e+01   1.4317e+00   0.0000e+00   0.0000e+00   2.7960e+02
20210825_14:00:00   6.1554e-02   2.0472e+01   1.3155e+00   0.0000e+00   0.0000e+00   2.7815e+02
20210825_15:00:00   5.6417e-02   1.9130e+01   1.1894e+00   0.0000e+00   0.0000e+00   2.7901e+02
20210825_16:00:00   5.1717e-02   1.7914e+01   1.0678e+00   0.0000e+00   0.0000e+00   2.7829e+02
20210825_17:00:00   4.9387e-02   1.7301e+01   1.0084e+00   0.0000e+00   0.0000e+00   2.7567e+02
20210825_18:00:00   4.8304e-02   1.6995e+01   9.8778e-01   0.0000e+00   0.0000e+00   2.7835e+02
20210825_19:00:00   4.8706e-02   1.7113e+01   9.9483e-01   0.0000e+00   0.0000e+00   2.7833e+02
20210825_20:00:00   4.9512e-02   1.7337e+01   1.0117e+00   0.0000e+00   0.0000e+00   2.7906e+02
20210825_21:00:00   5.0582e-02   1.7633e+01   1.0327e+00   0.0000e+00   0.0000e+00   2.8167e+02
20210825_22:00:00   5.5544e-02   1.8969e+01   1.0693e+00   1.2670e-03   0.0000e+00   2.7686e+02
20210825_23:00:00   6.6046e-02   2.1715e+01   1.1412e+00   4.2000e-03   0.0000e+00   2.7871e+02
20210826_00:00:00   1.2195e-01   3.5779e+01   1.2203e+00   2.5020e-02   0.0000e+00   2.7858e+02
20210826_01:00:00   1.0675e-01   3.2052e+01   1.2240e+00   1.8900e-02   0.0000e+00   2.7688e+02
20210826_02:00:00   1.7535e-01   4.8441e+01   1.2052e+00   4.6420e-02   0.0000e+00   2.7818e+02
20210826_03:00:00   1.8318e-01   5.0263e+01   1.1865e+00   4.9810e-02   0.0000e+00   2.7801e+02
20210826_04:00:00   1.0161e-01   3.0772e+01   1.1489e+00   1.8300e-02   0.0000e+00   2.8025e+02
20210826_05:00:00   5.4109e-02   1.8540e+01   1.1190e+00   5.6960e-05   0.0000e+00   2.8077e+02
20210826_06:00:00   7.3778e-02   2.3685e+01   1.1118e+00   8.0190e-03   0.0000e+00   2.8176e+02
20210826_07:00:00   5.4330e-02   1.8576e+01   1.1318e+00   0.0000e+00   0.0000e+00   2.8091e+02
20210826_08:00:00   5.3584e-02   1.8352e+01   1.1220e+00   0.0000e+00   0.0000e+00   2.7870e+02
20210826_09:00:00   5.3493e-02   1.8303e+01   1.1250e+00   0.0000e+00   0.0000e+00   2.8170e+02
20210826_10:00:00   5.3199e-02   1.8210e+01   1.1207e+00   0.0000e+00   0.0000e+00   2.8071e+02
20210826_11:00:00   5.3464e-02   1.8247e+01   1.1353e+00   0.0000e+00   0.0000e+00   2.7991e+02
20210826_12:00:00   5.4322e-02   1.8438e+01   1.1636e+00   0.0000e+00   0.0000e+00   2.8170e+02
20210826_13:00:00   5.4084e-02   1.8349e+01   1.1630e+00   0.0000e+00   0.0000e+00   2.7840e+02
20210826_14:00:00   5.6531e-02   1.8963e+01   1.2287e+00   0.0000e+00   0.0000e+00   2.7939e+02
20210826_15:00:00   5.8124e-02   1.9367e+01   1.2720e+00   0.0000e+00   0.0000e+00   2.8115e+02
20210826_16:00:00   5.6353e-02   1.8934e+01   1.2217e+00   0.0000e+00   0.0000e+00   2.7947e+02
20210826_17:00:00   5.5539e-02   1.8735e+01   1.1963e+00   0.0000e+00   0.0000e+00   2.7934e+02
20210826_18:00:00   5.5061e-02   1.8620e+01   1.1815e+00   0.0000e+00   0.0000e+00   2.7989e+02
20210826_19:00:00   5.4506e-02   1.8482e+01   1.1660e+00   0.0000e+00   0.0000e+00   2.8052e+02
20210826_20:00:00   5.2709e-02   1.8022e+01   1.1191e+00   0.0000e+00   0.0000e+00   2.8065e+02
20210826_21:00:00   5.1949e-02   1.7830e+01   1.0972e+00   0.0000e+00   0.0000e+00   2.8003e+02
20210826_22:00:00   5.2250e-02   1.7938e+01   1.0965e+00   0.0000e+00   0.0000e+00   2.7942e+02
20210826_23:00:00   5.4085e-02   1.8429e+01   1.1357e+00   0.0000e+00   0.0000e+00   2.7935e+02
20210827_00:00:00   5.5860e-02   1.8898e+01   1.1725e+00   8.2020e-06   0.0000e+00   2.7975e+02
20210827_01:00:00   5.8143e-02   1.9489e+01   1.2259e+00   1.3520e-05   0.0000e+00   2.7647e+02
20210827_02:00:00   5.7774e-02   1.9387e+01   1.2121e+00   1.6230e-04   0.0000e+00   2.7506e+02
20210827_03:00:00   5.5533e-02   1.8800e+01   1.1697e+00   2.9910e-05   0.0000e+00   2.7554e+02
20210827_04:00:00   5.4549e-02   1.8548e+01   1.1474e+00   0.0000e+00   0.0000e+00   2.7527e+02
20210827_05:00:00   5.3663e-02   1.8305e+01   1.1296e+00   0.0000e+00   0.0000e+00   2.7507e+02
20210827_06:00:00   5.2723e-02   1.8042e+01   1.1126e+00   0.0000e+00   0.0000e+00   2.7381e+02
20210827_07:00:00   5.1580e-02   1.7740e+01   1.0846e+00   0.0000e+00   0.0000e+00   2.7513e+02
20210827_08:00:00   5.1545e-02   1.7719e+01   1.0855e+00   0.0000e+00   0.0000e+00   2.7743e+02
20210827_09:00:00   5.2875e-02   1.8037e+01   1.1259e+00   0.0000e+00   0.0000e+00   2.8063e+02
20210827_10:00:00   5.4817e-02   1.8534e+01   1.1758e+00   0.0000e+00   0.0000e+00   2.8287e+02
20210827_11:00:00   5.8603e-02   1.9474e+01   1.2798e+00   0.0000e+00   0.0000e+00   2.8088e+02
20210827_12:00:00   6.4967e-02   2.1037e+01   1.4554e+00   0.0000e+00   0.0000e+00   2.7796e+02
20210827_13:00:00   6.7959e-02   2.1826e+01   1.5220e+00   0.0000e+00   0.0000e+00   2.7671e+02
20210827_14:00:00   7.4477e-02   2.3431e+01   1.6921e+00   2.7090e-06   0.0000e+00   2.7524e+02
20210827_15:00:00   7.6898e-02   2.4071e+01   1.7422e+00   0.0000e+00   0.0000e+00   2.7526e+02
20210827_16:00:00   7.6613e-02   2.3981e+01   1.7414e+00   0.0000e+00   0.0000e+00   2.7747e+02
20210827_17:00:00   8.0992e-02   2.5080e+01   1.8471e+00   8.4460e-06   0.0000e+00   2.7857e+02
20210827_18:00:00   8.0314e-02   2.4935e+01   1.8249e+00   0.0000e+00   0.0000e+00   2.7890e+02
20210827_19:00:00   7.8315e-02   2.4442e+01   1.7737e+00   0.0000e+00   0.0000e+00   2.7882e+02
20210827_20:00:00   7.5844e-02   2.3855e+01   1.7053e+00   0.0000e+00   0.0000e+00   2.7750e+02
20210827_21:00:00   7.7439e-02   2.4242e+01   1.7352e+00   2.7720e-04   0.0000e+00   2.7799e+02
20210827_22:00:00   9.1802e-02   2.7882e+01   1.7677e+00   5.5380e-03   0.0000e+00   2.7603e+02
20210827_23:00:00   1.1247e-01   3.2989e+01   1.9109e+00   1.1450e-02   0.0000e+00   2.7780e+02
20210828_00:00:00   1.2138e-01   3.5098e+01   2.1257e+00   1.1590e-02   0.0000e+00   2.8091e+02
20210828_01:00:00   2.2240e-01   5.8501e+01   2.1788e+00   5.0850e-02   0.0000e+00   2.8093e+02
20210828_02:00:00   2.6991e-01   6.8650e+01   2.3265e+00   6.7300e-02   0.0000e+00   2.8054e+02
20210828_03:00:00   1.0507e-01   3.0997e+01   2.2830e+00   3.0070e-03   1.7318e-05   2.7987e+02
20210828_04:00:00   1.1377e-01   3.3111e+01   2.2847e+00   6.6310e-03   1.1490e-03   2.8034e+02
20210828_05:00:00   1.5634e-01   4.3405e+01   2.2251e+00   2.4360e-02   2.4278e-05   2.8166e+02
20210828_06:00:00   8.7362e-02   2.6602e+01   2.0412e+00   0.0000e+00   0.0000e+00   2.8074e+02
20210828_07:00:00   8.3079e-02   2.5591e+01   1.9232e+00   0.0000e+00   0.0000e+00   2.8064e+02
20210828_08:00:00   8.0182e-02   2.4929e+01   1.8361e+00   0.0000e+00   0.0000e+00   2.8225e+02
20210828_09:00:00   8.3762e-02   2.5804e+01   1.9278e+00   1.6960e-05   0.0000e+00   2.8148e+02
20210828_10:00:00   8.8907e-02   2.7037e+01   2.0491e+00   2.9940e-04   2.0840e-05   2.8032e+02
20210828_11:00:00   9.0167e-02   2.7312e+01   2.1055e+00   2.7550e-05   4.7020e-04   2.7813e+02
20210828_12:00:00   9.3773e-02   2.8104e+01   2.2190e+00   0.0000e+00   1.1212e-03   2.7586e+02
20210828_13:00:00   9.3453e-02   2.8056e+01   2.2039e+00   0.0000e+00   0.0000e+00   2.7655e+02
20210828_14:00:00   9.7681e-02   2.9029e+01   2.3216e+00   0.0000e+00   0.0000e+00   2.7463e+02
20210828_15:00:00   1.0046e-01   2.9687e+01   2.3928e+00   0.0000e+00   0.0000e+00   2.7549e+02
20210828_16:00:00   1.0402e-01   3.0529e+01   2.4837e+00   0.0000e+00   5.4080e-06   2.7613e+02
20210828_17:00:00   1.0425e-01   3.0614e+01   2.4820e+00   0.0000e+00   1.2341e-04   2.7514e+02
20210828_18:00:00   1.0395e-01   3.0588e+01   2.4657e+00   0.0000e+00   8.6077e-04   2.7658e+02
20210828_19:00:00   1.0323e-01   3.0439e+01   2.4402e+00   0.0000e+00   3.0640e-03   2.7792e+02
20210828_20:00:00   1.0230e-01   3.0243e+01   2.4097e+00   0.0000e+00   4.9457e-04   2.7775e+02
20210828_21:00:00   1.0389e-01   3.0616e+01   2.4524e+00   0.0000e+00   7.3694e-05   2.7834e+02
20210828_22:00:00   1.0164e-01   3.0136e+01   2.3794e+00   0.0000e+00   0.0000e+00   2.7924e+02
20210828_23:00:00   1.0059e-01   2.9917e+01   2.3453e+00   0.0000e+00   0.0000e+00   2.7782e+02
20210829_00:00:00   1.0272e-01   3.0433e+01   2.3958e+00   1.9400e-05   0.0000e+00   2.7485e+02
20210829_01:00:00   1.0670e-01   3.1378e+01   2.4959e+00   7.2660e-05   0.0000e+00   2.7592e+02
20210829_02:00:00   1.0937e-01   3.1997e+01   2.5751e+00   6.1450e-05   0.0000e+00   2.7923e+02
20210829_03:00:00   1.0906e-01   3.1920e+01   2.5790e+00   0.0000e+00   0.0000e+00   2.8059e+02
20210829_04:00:00   1.1078e-01   3.2332e+01   2.6261e+00   0.0000e+00   0.0000e+00   2.8206e+02
20210829_05:00:00   1.1205e-01   3.2643e+01   2.6576e+00   0.0000e+00   0.0000e+00   2.8279e+02
20210829_06:00:00   1.1174e-01   3.2625e+01   2.6309e+00   0.0000e+00   0.0000e+00   2.8496e+02
20210829_07:00:00   1.1140e-01   3.2561e+01   2.6172e+00   0.0000e+00   0.0000e+00   2.8250e+02
20210829_08:00:00   1.1030e-01   3.2309e+01   2.5901e+00   0.0000e+00   0.0000e+00   2.8328e+02
20210829_09:00:00   1.0844e-01   3.1866e+01   2.5417e+00   0.0000e+00   0.0000e+00   2.8332e+02
20210829_10:00:00   1.0741e-01   3.1619e+01   2.5148e+00   0.0000e+00   0.0000e+00   2.8462e+02
20210829_11:00:00   1.0862e-01   3.1880e+01   2.5511e+00   0.0000e+00   0.0000e+00   2.8367e+02
20210829_12:00:00   1.1065e-01   3.2294e+01   2.6178e+00   0.0000e+00   7.6620e-05   2.8198e+02
20210829_15:00:00   1.0632e-01   3.1319e+01   2.4920e+00   0.0000e+00   5.4780e-07   2.8090e+02
20210829_18:00:00   9.6096e-02   2.8907e+01   2.2102e+00   0.0000e+00   0.0000e+00   2.8172e+02
20210829_21:00:00   9.6131e-02   2.8932e+01   2.2073e+00   0.0000e+00   0.0000e+00   2.8307e+02
20210830_00:00:00   1.0018e-01   2.9946e+01   2.2374e+00   1.0620e-03   0.0000e+00   2.7740e+02
20210830_03:00:00   9.7473e-02   2.9198e+01   2.2624e+00   0.0000e+00   0.0000e+00   2.7952e+02
20210830_06:00:00   9.8193e-02   2.9417e+01   2.2698e+00   0.0000e+00   0.0000e+00   2.8264e+02
20210830_09:00:00   1.0161e-01   3.0268e+01   2.3464e+00   0.0000e+00   0.0000e+00   2.8222e+02
20210830_12:00:00   1.0302e-01   3.0620e+01   2.3732e+00   0.0000e+00   0.0000e+00   2.7851e+02
20210830_15:00:00   1.1343e-01   3.3089e+01   2.6346e+00   0.0000e+00   0.0000e+00   2.7850e+02
20210830_18:00:00   1.2355e-01   3.5481e+01   2.8804e+00   0.0000e+00   0.0000e+00   2.7874e+02
20210830_21:00:00   1.2741e-01   3.6362e+01   2.9842e+00   0.0000e+00   0.0000e+00   2.8172e+02
20210831_00:00:00   1.3311e-01   3.7707e+01   3.1326e+00   0.0000e+00   0.0000e+00   2.8184e+02
20210831_03:00:00   1.3606e-01   3.8426e+01   3.2051e+00   0.0000e+00   0.0000e+00   2.8149e+02
20210831_06:00:00   1.3481e-01   3.8227e+01   3.1452e+00   0.0000e+00   0.0000e+00   2.8365e+02
20210831_09:00:00   1.4226e-01   3.9867e+01   3.3599e+00   0.0000e+00   0.0000e+00   2.8278e+02
20210831_12:00:00   1.4554e-01   4.0598e+01   3.4357e+00   0.0000e+00   0.0000e+00   2.8213e+02
20210831_15:00:00   1.4536e-01   4.0517e+01   3.4443e+00   0.0000e+00   0.0000e+00   2.8106e+02
20210831_18:00:00   1.4165e-01   3.9689e+01   3.3492e+00   0.0000e+00   0.0000e+00   2.8057e+02
20210831_21:00:00   1.2990e-01   3.7002e+01   3.0548e+00   0.0000e+00   0.0000e+00   2.7644e+02
20210901_00:00:00   1.1952e-01   3.4543e+01   2.8052e+00   0.0000e+00   0.0000e+00   2.7352e+02
20210901_03:00:00   1.1509e-01   3.3453e+01   2.7104e+00   0.0000e+00   0.0000e+00   2.7210e+02
20210901_06:00:00   1.1001e-01   3.2265e+01   2.5704e+00   0.0000e+00   1.1362e-05   2.7208e+02
20210901_09:00:00   1.0510e-01   3.1127e+01   2.4322e+00   0.0000e+00   2.0600e-05   2.7479e+02
20210901_12:00:00   9.8711e-02   2.9612e+01   2.2635e+00   0.0000e+00   0.0000e+00   2.7094e+02
20210901_15:00:00   1.0136e-01   3.0252e+01   2.3236e+00   0.0000e+00   0.0000e+00   2.7096e+02
20210901_18:00:00   1.0681e-01   3.1517e+01   2.4688e+00   0.0000e+00   3.0581e-03   2.7227e+02
20210901_21:00:00   1.1111e-01   3.2610e+01   2.5664e+00   0.0000e+00   3.7393e-03   2.7754e+02
20210902_00:00:00   1.2575e-01   3.6206e+01   2.9002e+00   0.0000e+00   5.8400e-04   2.7632e+02
20210902_03:00:00   1.2364e-01   3.5835e+01   2.8002e+00   1.9990e-04   0.0000e+00   2.7522e+02
20210902_06:00:00   1.1087e-01   3.2798e+01   2.4890e+00   0.0000e+00   0.0000e+00   2.7261e+02
20210902_09:00:00   9.8126e-02   2.9726e+01   2.1712e+00   0.0000e+00   0.0000e+00   2.7319e+02
20210902_12:00:00   8.6676e-02   2.6931e+01   1.8735e+00   0.0000e+00   0.0000e+00   2.7000e+02
20210902_15:00:00   7.7297e-02   2.4601e+01   1.6408e+00   0.0000e+00   0.0000e+00   2.6836e+02
20210902_18:00:00   7.2022e-02   2.3246e+01   1.5222e+00   0.0000e+00   0.0000e+00   2.6931e+02
20210902_21:00:00   6.7720e-02   2.2160e+01   1.4178e+00   0.0000e+00   0.0000e+00   2.6866e+02
20210903_00:00:00   6.2904e-02   2.0982e+01   1.2278e+00   1.0410e-03   0.0000e+00   2.6929e+02
20210903_03:00:00   5.2515e-02   1.8325e+01   1.0257e+00   0.0000e+00   0.0000e+00   2.6813e+02
20210903_06:00:00   4.7160e-02   1.6929e+01   8.9197e-01   0.0000e+00   0.0000e+00   2.7071e+02
20210903_09:00:00   4.4600e-02   1.6247e+01   8.2645e-01   0.0000e+00   0.0000e+00   2.7453e+02
20210903_12:00:00   4.2422e-02   1.5652e+01   7.7284e-01   0.0000e+00   0.0000e+00   2.7527e+02
20210903_15:00:00   4.2076e-02   1.5558e+01   7.6384e-01   0.0000e+00   0.0000e+00   2.7342e+02
20210903_18:00:00   4.2893e-02   1.5778e+01   7.8219e-01   0.0000e+00   0.0000e+00   2.7508e+02
20210903_21:00:00   4.5478e-02   1.6481e+01   8.4343e-01   0.0000e+00   0.0000e+00   2.7471e+02
20210904_00:00:00   4.9975e-02   1.7684e+01   9.5320e-01   0.0000e+00   0.0000e+00   2.7309e+02
20210904_03:00:00   5.3325e-02   1.8581e+01   1.0353e+00   0.0000e+00   0.0000e+00   2.7249e+02
20210904_06:00:00   5.6777e-02   1.9488e+01   1.1180e+00   0.0000e+00   0.0000e+00   2.7367e+02
20210904_09:00:00   6.1559e-02   2.0719e+01   1.2321e+00   0.0000e+00   0.0000e+00   2.7128e+02
20210904_12:00:00   6.4313e-02   2.1419e+01   1.2934e+00   0.0000e+00   0.0000e+00   2.7144e+02
20210904_15:00:00   6.6414e-02   2.1948e+01   1.3506e+00   0.0000e+00   0.0000e+00   2.7225e+02
20210904_18:00:00   6.6934e-02   2.2064e+01   1.3695e+00   0.0000e+00   0.0000e+00   2.7423e+02
20210904_21:00:00   6.6008e-02   2.1803e+01   1.3597e+00   0.0000e+00   0.0000e+00   2.7666e+02
20210905_00:00:00   6.4668e-02   2.1442e+01   1.3381e+00   0.0000e+00   0.0000e+00   2.7728e+02
20210905_03:00:00   6.9428e-02   2.2640e+01   1.4583e+00   0.0000e+00   0.0000e+00   2.7491e+02
20210905_06:00:00   7.5216e-02   2.4099e+01   1.6040e+00   0.0000e+00   0.0000e+00   2.7452e+02
20210905_09:00:00   9.3567e-02   2.8607e+01   2.0792e+00   0.0000e+00   0.0000e+00   2.7630e+02
20210905_12:00:00   9.8415e-02   2.9804e+01   2.1901e+00   0.0000e+00   0.0000e+00   2.7201e+02
20210905_15:00:00   9.4769e-02   2.8920e+01   2.1008e+00   0.0000e+00   0.0000e+00   2.7292e+02
20210905_18:00:00   9.7962e-02   2.9700e+01   2.1798e+00   0.0000e+00   0.0000e+00   2.7655e+02
20210905_21:00:00   9.5440e-02   2.9081e+01   2.1168e+00   0.0000e+00   0.0000e+00   2.7877e+02
20210906_00:00:00   9.7857e-02   2.9715e+01   2.1424e+00   2.7330e-04   0.0000e+00   2.7710e+02
20210906_03:00:00   2.6576e-01   6.8441e+01   2.1864e+00   6.5040e-02   0.0000e+00   2.7544e+02
20210906_06:00:00   8.6922e-02   2.7076e+01   1.8739e+00   1.4110e-04   0.0000e+00   2.7834e+02
20210906_09:00:00   8.3823e-02   2.6264e+01   1.8109e+00   0.0000e+00   0.0000e+00   2.7831e+02
20210906_12:00:00   8.0351e-02   2.5377e+01   1.7269e+00   0.0000e+00   0.0000e+00   2.7713e+02
20210906_15:00:00   7.7992e-02   2.4767e+01   1.6711e+00   0.0000e+00   0.0000e+00   2.7573e+02
20210906_18:00:00   7.2721e-02   2.3418e+01   1.5475e+00   0.0000e+00   0.0000e+00   2.7688e+02
20210906_21:00:00   6.5344e-02   2.1495e+01   1.3767e+00   0.0000e+00   0.0000e+00   2.7725e+02
20210907_00:00:00   8.2509e-02   2.5924e+01   1.3392e+00   7.4580e-03   0.0000e+00   2.7622e+02
20210907_03:00:00   1.0026e-01   3.0381e+01   1.4328e+00   1.3050e-02   0.0000e+00   2.7760e+02
20210907_06:00:00   7.0806e-02   2.2766e+01   1.5444e+00   0.0000e+00   0.0000e+00   2.7662e+02
20210907_09:00:00   7.0996e-02   2.2803e+01   1.5462e+00   0.0000e+00   0.0000e+00   2.7527e+02
20210907_12:00:00   7.1377e-02   2.2882e+01   1.5536e+00   0.0000e+00   0.0000e+00   2.7627e+02
20210907_15:00:00   6.9224e-02   2.2351e+01   1.4926e+00   0.0000e+00   0.0000e+00   2.7466e+02
20210907_18:00:00   7.2201e-02   2.3089e+01   1.5666e+00   0.0000e+00   0.0000e+00   2.7543e+02
20210907_21:00:00   7.5555e-02   2.3951e+01   1.6492e+00   0.0000e+00   0.0000e+00   2.7714e+02
20210908_00:00:00   7.9837e-02   2.5063e+01   1.7482e+00   0.0000e+00   0.0000e+00   2.7724e+02
20210908_03:00:00   8.2088e-02   2.5667e+01   1.7877e+00   2.9400e-05   0.0000e+00   2.7613e+02
20210908_06:00:00   9.0153e-02   2.7668e+01   1.9828e+00   0.0000e+00   0.0000e+00   2.7776e+02
20210908_09:00:00   9.3075e-02   2.8318e+01   2.0572e+00   0.0000e+00   0.0000e+00   2.7787e+02
20210908_12:00:00   8.9054e-02   2.7283e+01   1.9558e+00   0.0000e+00   0.0000e+00   2.7953e+02
20210908_15:00:00   8.9144e-02   2.7249e+01   1.9527e+00   0.0000e+00   0.0000e+00   2.8008e+02
20210908_18:00:00   9.0454e-02   2.7533e+01   1.9843e+00   0.0000e+00   0.0000e+00   2.8064e+02
20210908_21:00:00   9.8224e-02   2.9397e+01   2.1702e+00   0.0000e+00   0.0000e+00   2.8261e+02
20210909_00:00:00   1.0499e-01   3.0992e+01   2.3353e+00   0.0000e+00   0.0000e+00   2.8115e+02
20210909_03:00:00   1.0340e-01   3.0658e+01   2.2779e+00   0.0000e+00   0.0000e+00   2.8097e+02
20210909_06:00:00   8.8059e-02   2.6946e+01   1.8980e+00   0.0000e+00   0.0000e+00   2.8334e+02
20210909_09:00:00   8.5197e-02   2.6232e+01   1.8262e+00   0.0000e+00   0.0000e+00   2.8428e+02
20210909_12:00:00   8.6896e-02   2.6570e+01   1.8766e+00   0.0000e+00   0.0000e+00   2.8321e+02
