#            date       tau255        Tb[K]      pwv[mm] lwp[kg*m^-2] iwp[kg*m^-2]       o3[DU]
20210608_18:00:00   7.7266e-02   2.4371e+01   1.5867e+00   0.0000e+00   0.0000e+00   2.8299e+02
20210608_19:00:00   7.7720e-02   2.4478e+01   1.6010e+00   0.0000e+00   0.0000e+00   2.8480e+02
20210608_20:00:00   7.6793e-02   2.4248e+01   1.5806e+00   0.0000e+00   0.0000e+00   2.8454e+02
20210608_21:00:00   7.5123e-02   2.3826e+01   1.5433e+00   0.0000e+00   0.0000e+00   2.8574e+02
20210608_22:00:00   7.3412e-02   2.3384e+01   1.5076e+00   0.0000e+00   0.0000e+00   2.8618e+02
20210608_23:00:00   7.1228e-02   2.2831e+01   1.4583e+00   0.0000e+00   0.0000e+00   2.8713e+02
20210609_00:00:00   6.8868e-02   2.2241e+01   1.4023e+00   0.0000e+00   0.0000e+00   2.8560e+02
20210609_01:00:00   6.6941e-02   2.1756e+01   1.3557e+00   1.2500e-05   0.0000e+00   2.8433e+02
20210609_02:00:00   6.5150e-02   2.1304e+01   1.3152e+00   0.0000e+00   0.0000e+00   2.8158e+02
20210609_03:00:00   6.3163e-02   2.0804e+01   1.2680e+00   0.0000e+00   0.0000e+00   2.8233e+02
20210609_04:00:00   6.2233e-02   2.0571e+01   1.2459e+00   0.0000e+00   0.0000e+00   2.8041e+02
20210609_05:00:00   6.1471e-02   2.0383e+01   1.2276e+00   0.0000e+00   0.0000e+00   2.7961e+02
20210609_06:00:00   6.0720e-02   2.0187e+01   1.2074e+00   0.0000e+00   0.0000e+00   2.8085e+02
20210609_07:00:00   5.9915e-02   1.9983e+01   1.1863e+00   0.0000e+00   0.0000e+00   2.8223e+02
20210609_08:00:00   6.0780e-02   2.0200e+01   1.2062e+00   0.0000e+00   0.0000e+00   2.8450e+02
20210609_09:00:00   6.1486e-02   2.0371e+01   1.2216e+00   0.0000e+00   0.0000e+00   2.8558e+02
20210609_10:00:00   6.0713e-02   2.0168e+01   1.2038e+00   0.0000e+00   0.0000e+00   2.8516e+02
20210609_11:00:00   6.0097e-02   2.0013e+01   1.1865e+00   0.0000e+00   0.0000e+00   2.8429e+02
20210609_12:00:00   6.1314e-02   2.0332e+01   1.2115e+00   0.0000e+00   0.0000e+00   2.8411e+02
20210609_13:00:00   6.3527e-02   2.0909e+01   1.2578e+00   0.0000e+00   0.0000e+00   2.8424e+02
20210609_14:00:00   6.4474e-02   2.1157e+01   1.2777e+00   0.0000e+00   0.0000e+00   2.8452e+02
20210609_15:00:00   6.4559e-02   2.1177e+01   1.2794e+00   0.0000e+00   0.0000e+00   2.8607e+02
20210609_16:00:00   6.4148e-02   2.1078e+01   1.2661e+00   0.0000e+00   0.0000e+00   2.8426e+02
20210609_17:00:00   6.4743e-02   2.1232e+01   1.2757e+00   0.0000e+00   0.0000e+00   2.8623e+02
20210609_18:00:00   6.4171e-02   2.1094e+01   1.2589e+00   0.0000e+00   0.0000e+00   2.8624e+02
20210609_19:00:00   6.5602e-02   2.1467e+01   1.2880e+00   0.0000e+00   0.0000e+00   2.8578e+02
20210609_20:00:00   6.5612e-02   2.1476e+01   1.2867e+00   0.0000e+00   0.0000e+00   2.8597e+02
20210609_21:00:00   6.6301e-02   2.1649e+01   1.3009e+00   0.0000e+00   0.0000e+00   2.8712e+02
20210609_22:00:00   6.6498e-02   2.1702e+01   1.3052e+00   0.0000e+00   0.0000e+00   2.8869e+02
20210609_23:00:00   6.7942e-02   2.2067e+01   1.3363e+00   0.0000e+00   0.0000e+00   2.8871e+02
20210610_00:00:00   6.7429e-02   2.1938e+01   1.3239e+00   0.0000e+00   0.0000e+00   2.8888e+02
20210610_01:00:00   6.6417e-02   2.1689e+01   1.3016e+00   0.0000e+00   0.0000e+00   2.8583e+02
20210610_02:00:00   6.4458e-02   2.1191e+01   1.2596e+00   0.0000e+00   0.0000e+00   2.8638e+02
20210610_03:00:00   6.2039e-02   2.0585e+01   1.2072e+00   0.0000e+00   0.0000e+00   2.8775e+02
20210610_04:00:00   6.1095e-02   2.0341e+01   1.1870e+00   0.0000e+00   0.0000e+00   2.8547e+02
20210610_05:00:00   6.0037e-02   2.0071e+01   1.1616e+00   0.0000e+00   0.0000e+00   2.8551e+02
20210610_06:00:00   5.8470e-02   1.9674e+01   1.1251e+00   0.0000e+00   0.0000e+00   2.8467e+02
20210610_07:00:00   5.6639e-02   1.9200e+01   1.0822e+00   0.0000e+00   0.0000e+00   2.8580e+02
20210610_08:00:00   5.4825e-02   1.8728e+01   1.0413e+00   0.0000e+00   0.0000e+00   2.8754e+02
20210610_09:00:00   5.4816e-02   1.8720e+01   1.0424e+00   0.0000e+00   0.0000e+00   2.8480e+02
20210610_10:00:00   5.4626e-02   1.8660e+01   1.0380e+00   0.0000e+00   0.0000e+00   2.8620e+02
20210610_11:00:00   5.3758e-02   1.8429e+01   1.0194e+00   0.0000e+00   0.0000e+00   2.8650e+02
20210610_12:00:00   5.3124e-02   1.8256e+01   1.0072e+00   0.0000e+00   0.0000e+00   2.8620e+02
20210610_13:00:00   5.2798e-02   1.8164e+01   9.9926e-01   0.0000e+00   0.0000e+00   2.8587e+02
20210610_14:00:00   5.2220e-02   1.8014e+01   9.8508e-01   0.0000e+00   0.0000e+00   2.8629e+02
20210610_15:00:00   5.1909e-02   1.7932e+01   9.7792e-01   0.0000e+00   0.0000e+00   2.8702e+02
20210610_16:00:00   5.2685e-02   1.8123e+01   9.9597e-01   0.0000e+00   0.0000e+00   2.8852e+02
20210610_17:00:00   5.3532e-02   1.8340e+01   1.0144e+00   0.0000e+00   0.0000e+00   2.8834e+02
20210610_18:00:00   5.2472e-02   1.8067e+01   9.8956e-01   0.0000e+00   0.0000e+00   2.8900e+02
20210610_19:00:00   5.1717e-02   1.7872e+01   9.7192e-01   0.0000e+00   0.0000e+00   2.8828e+02
20210610_20:00:00   5.0775e-02   1.7620e+01   9.5002e-01   0.0000e+00   0.0000e+00   2.8729e+02
20210610_21:00:00   4.9308e-02   1.7250e+01   9.1569e-01   0.0000e+00   0.0000e+00   2.8855e+02
20210610_22:00:00   4.8428e-02   1.7025e+01   8.9514e-01   0.0000e+00   0.0000e+00   2.8936e+02
20210610_23:00:00   4.9207e-02   1.7232e+01   9.1280e-01   0.0000e+00   0.0000e+00   2.8852e+02
20210611_00:00:00   5.0337e-02   1.7527e+01   9.4046e-01   0.0000e+00   0.0000e+00   2.8649e+02
20210611_01:00:00   5.2256e-02   1.8044e+01   9.8357e-01   0.0000e+00   0.0000e+00   2.8537e+02
20210611_02:00:00   5.3865e-02   1.8470e+01   1.0204e+00   0.0000e+00   0.0000e+00   2.8575e+02
20210611_03:00:00   5.1009e-02   1.7716e+01   9.5912e-01   0.0000e+00   0.0000e+00   2.8415e+02
20210611_04:00:00   4.8750e-02   1.7117e+01   9.0878e-01   0.0000e+00   0.0000e+00   2.8286e+02
20210611_05:00:00   4.8705e-02   1.7103e+01   9.0734e-01   0.0000e+00   0.0000e+00   2.8325e+02
20210611_06:00:00   4.8562e-02   1.7072e+01   9.0221e-01   0.0000e+00   0.0000e+00   2.8292e+02
20210611_07:00:00   4.9231e-02   1.7251e+01   9.1669e-01   0.0000e+00   0.0000e+00   2.8537e+02
20210611_08:00:00   4.9510e-02   1.7322e+01   9.2364e-01   0.0000e+00   0.0000e+00   2.8551e+02
20210611_09:00:00   4.9063e-02   1.7205e+01   9.1218e-01   0.0000e+00   0.0000e+00   2.8465e+02
20210611_10:00:00   4.9148e-02   1.7235e+01   9.1312e-01   0.0000e+00   0.0000e+00   2.8387e+02
20210611_11:00:00   4.9798e-02   1.7403e+01   9.2702e-01   0.0000e+00   0.0000e+00   2.8225e+02
20210611_12:00:00   5.0185e-02   1.7496e+01   9.3702e-01   0.0000e+00   0.0000e+00   2.8326e+02
20210611_13:00:00   5.0939e-02   1.7688e+01   9.5566e-01   0.0000e+00   0.0000e+00   2.8224e+02
20210611_14:00:00   5.1355e-02   1.7796e+01   9.6625e-01   0.0000e+00   0.0000e+00   2.8237e+02
20210611_15:00:00   5.0828e-02   1.7664e+01   9.5453e-01   0.0000e+00   0.0000e+00   2.8303e+02
20210611_16:00:00   5.0479e-02   1.7577e+01   9.4633e-01   0.0000e+00   0.0000e+00   2.8380e+02
20210611_17:00:00   4.9832e-02   1.7419e+01   9.2970e-01   0.0000e+00   0.0000e+00   2.8433e+02
20210611_18:00:00   4.9491e-02   1.7329e+01   9.2219e-01   0.0000e+00   0.0000e+00   2.8375e+02
20210611_19:00:00   4.9202e-02   1.7267e+01   9.1366e-01   0.0000e+00   0.0000e+00   2.8384e+02
20210611_20:00:00   4.8726e-02   1.7145e+01   9.0356e-01   0.0000e+00   0.0000e+00   2.8415e+02
20210611_21:00:00   4.8450e-02   1.7074e+01   8.9649e-01   0.0000e+00   0.0000e+00   2.8532e+02
20210611_22:00:00   4.7988e-02   1.6947e+01   8.8875e-01   0.0000e+00   0.0000e+00   2.8497e+02
20210611_23:00:00   4.7676e-02   1.6868e+01   8.8175e-01   0.0000e+00   0.0000e+00   2.8285e+02
20210612_00:00:00   4.8300e-02   1.7036e+01   8.9681e-01   0.0000e+00   0.0000e+00   2.8120e+02
20210612_01:00:00   4.8594e-02   1.7114e+01   9.0672e-01   0.0000e+00   0.0000e+00   2.8041e+02
20210612_02:00:00   4.8258e-02   1.7033e+01   8.9966e-01   0.0000e+00   0.0000e+00   2.8039e+02
20210612_03:00:00   4.7063e-02   1.6719e+01   8.7128e-01   0.0000e+00   0.0000e+00   2.7897e+02
20210612_04:00:00   4.6567e-02   1.6592e+01   8.5840e-01   0.0000e+00   0.0000e+00   2.7852e+02
20210612_05:00:00   4.5756e-02   1.6379e+01   8.4067e-01   0.0000e+00   0.0000e+00   2.7966e+02
20210612_06:00:00   4.6044e-02   1.6446e+01   8.4929e-01   0.0000e+00   2.6560e-06   2.8032e+02
20210612_07:00:00   4.6338e-02   1.6478e+01   8.6804e-01   0.0000e+00   1.4756e-04   2.7997e+02
20210612_08:00:00   4.5792e-02   1.6330e+01   8.5542e-01   0.0000e+00   0.0000e+00   2.8060e+02
20210612_09:00:00   4.5711e-02   1.6286e+01   8.6101e-01   0.0000e+00   1.9432e-04   2.7904e+02
20210612_10:00:00   4.6014e-02   1.6325e+01   8.7686e-01   0.0000e+00   2.1897e-03   2.8019e+02
20210612_11:00:00   4.6080e-02   1.6333e+01   8.8015e-01   0.0000e+00   4.0218e-03   2.8276e+02
20210612_12:00:00   4.5989e-02   1.6294e+01   8.7859e-01   0.0000e+00   8.6847e-03   2.8515e+02
20210612_13:00:00   4.6146e-02   1.6346e+01   8.8384e-01   0.0000e+00   1.6440e-03   2.8503e+02
20210612_14:00:00   4.6633e-02   1.6449e+01   8.9717e-01   0.0000e+00   8.2960e-03   2.8508e+02
20210612_15:00:00   4.7790e-02   1.6728e+01   9.3246e-01   0.0000e+00   5.6504e-03   2.8568e+02
20210612_16:00:00   5.0051e-02   1.7262e+01   9.9823e-01   0.0000e+00   7.2570e-03   2.8523e+02
20210612_17:00:00   5.0840e-02   1.7451e+01   1.0249e+00   0.0000e+00   3.1783e-03   2.8488e+02
20210612_18:00:00   5.0366e-02   1.7341e+01   1.0103e+00   0.0000e+00   5.0108e-04   2.8423e+02
20210612_19:00:00   5.0729e-02   1.7415e+01   1.0238e+00   0.0000e+00   7.3480e-04   2.8387e+02
20210612_20:00:00   5.0453e-02   1.7340e+01   1.0183e+00   0.0000e+00   1.6896e-03   2.8330e+02
20210612_21:00:00   5.0309e-02   1.7315e+01   1.0120e+00   0.0000e+00   6.2523e-04   2.8241e+02
20210612_22:00:00   5.0943e-02   1.7489e+01   1.0235e+00   0.0000e+00   1.6021e-04   2.8154e+02
20210612_23:00:00   5.1812e-02   1.7708e+01   1.0474e+00   0.0000e+00   3.1718e-04   2.8137e+02
20210613_00:00:00   5.1443e-02   1.7619e+01   1.0401e+00   0.0000e+00   1.6802e-04   2.8040e+02
20210613_01:00:00   5.4057e-02   1.8237e+01   1.1195e+00   0.0000e+00   1.7628e-04   2.7878e+02
20210613_02:00:00   5.8545e-02   1.9307e+01   1.2502e+00   0.0000e+00   2.7688e-03   2.7857e+02
20210613_03:00:00   6.1601e-02   2.0065e+01   1.3311e+00   0.0000e+00   5.3588e-03   2.7889e+02
20210613_04:00:00   6.0860e-02   1.9915e+01   1.3082e+00   0.0000e+00   2.2669e-03   2.7932e+02
20210613_05:00:00   6.1495e-02   2.0069e+01   1.3242e+00   0.0000e+00   6.2746e-03   2.7938e+02
20210613_06:00:00   6.0754e-02   1.9924e+01   1.2960e+00   0.0000e+00   4.2035e-03   2.7979e+02
20210613_07:00:00   5.8965e-02   1.9519e+01   1.2374e+00   0.0000e+00   7.1743e-03   2.8091e+02
20210613_08:00:00   5.5745e-02   1.8758e+01   1.1447e+00   0.0000e+00   5.8929e-03   2.8057e+02
20210613_09:00:00   5.6662e-02   1.8992e+01   1.1628e+00   0.0000e+00   1.4091e-02   2.7972e+02
20210613_10:00:00   5.8035e-02   1.9285e+01   1.2100e+00   0.0000e+00   1.4864e-02   2.7811e+02
20210613_11:00:00   5.8074e-02   1.9280e+01   1.2166e+00   0.0000e+00   1.1839e-02   2.7728e+02
20210613_12:00:00   5.8936e-02   1.9480e+01   1.2388e+00   0.0000e+00   1.4410e-02   2.7790e+02
20210613_13:00:00   5.6712e-02   1.8917e+01   1.1784e+00   0.0000e+00   2.1469e-02   2.7971e+02
20210613_14:00:00   5.5312e-02   1.8574e+01   1.1402e+00   0.0000e+00   1.9213e-02   2.8052e+02
20210613_15:00:00   5.5017e-02   1.8504e+01   1.1337e+00   0.0000e+00   1.6545e-02   2.8035e+02
20210613_16:00:00   5.3725e-02   1.8199e+01   1.0966e+00   0.0000e+00   1.4494e-02   2.8024e+02
20210613_17:00:00   5.1586e-02   1.7705e+01   1.0349e+00   0.0000e+00   2.7644e-03   2.8203e+02
20210613_18:00:00   5.0715e-02   1.7535e+01   9.9974e-01   0.0000e+00   4.1180e-05   2.8355e+02
20210613_21:00:00   5.3539e-02   1.8267e+01   1.0688e+00   0.0000e+00   0.0000e+00   2.8230e+02
20210614_00:00:00   6.1780e-02   2.0423e+01   1.2326e+00   5.4410e-04   3.4020e-04   2.8123e+02
20210614_03:00:00   6.3359e-02   2.0842e+01   1.3092e+00   0.0000e+00   3.7940e-04   2.7963e+02
20210614_06:00:00   7.1030e-02   2.2797e+01   1.4869e+00   0.0000e+00   6.9280e-04   2.8198e+02
20210614_09:00:00   7.5074e-02   2.3776e+01   1.5951e+00   0.0000e+00   4.9519e-05   2.8098e+02
20210614_12:00:00   7.9854e-02   2.4854e+01   1.7366e+00   0.0000e+00   2.1440e-05   2.7993e+02
20210614_15:00:00   7.2338e-02   2.2859e+01   1.5834e+00   0.0000e+00   0.0000e+00   2.8170e+02
20210614_18:00:00   6.7676e-02   2.1737e+01   1.4529e+00   0.0000e+00   6.5720e-05   2.8018e+02
20210614_21:00:00   6.3501e-02   2.0686e+01   1.3544e+00   0.0000e+00   4.9660e-05   2.8062e+02
20210615_00:00:00   7.0232e-02   2.2468e+01   1.4448e+00   8.7760e-04   7.5300e-05   2.8069e+02
20210615_03:00:00   1.0581e-01   3.1274e+01   1.6822e+00   1.2020e-02   2.3333e-03   2.8328e+02
20210615_06:00:00   7.8799e-02   2.4303e+01   1.8023e+00   0.0000e+00   6.6591e-03   2.8479e+02
20210615_09:00:00   9.1182e-02   2.7195e+01   2.1450e+00   0.0000e+00   3.6570e-03   2.8478e+02
20210615_12:00:00   9.4836e-02   2.8027e+01   2.2514e+00   0.0000e+00   7.8444e-03   2.8382e+02
20210615_15:00:00   9.7410e-02   2.8563e+01   2.3399e+00   0.0000e+00   2.2028e-03   2.8298e+02
20210615_18:00:00   8.3732e-02   2.5375e+01   1.9632e+00   0.0000e+00   1.6658e-03   2.8509e+02
20210615_21:00:00   7.9800e-02   2.4403e+01   1.8609e+00   0.0000e+00   4.5216e-03   2.8852e+02
20210616_00:00:00   7.6941e-02   2.3669e+01   1.7947e+00   0.0000e+00   6.9665e-04   2.8517e+02
20210616_03:00:00   7.4203e-02   2.3024e+01   1.7187e+00   0.0000e+00   1.6666e-04   2.8609e+02
20210616_06:00:00   7.5375e-02   2.3335e+01   1.7437e+00   0.0000e+00   0.0000e+00   2.8684e+02
20210616_09:00:00   7.5268e-02   2.3247e+01   1.7498e+00   0.0000e+00   0.0000e+00   2.8608e+02
20210616_12:00:00   7.7462e-02   2.3753e+01   1.8066e+00   0.0000e+00   0.0000e+00   2.8792e+02
20210616_15:00:00   8.2505e-02   2.4908e+01   1.9470e+00   0.0000e+00   0.0000e+00   2.8814e+02
20210616_18:00:00   8.5380e-02   2.5565e+01   2.0274e+00   0.0000e+00   1.9666e-05   2.9017e+02
20210616_21:00:00   9.0373e-02   2.6711e+01   2.1657e+00   0.0000e+00   1.0784e-03   2.9135e+02
20210617_00:00:00   9.7878e-02   2.8496e+01   2.3599e+00   0.0000e+00   2.6459e-03   2.8721e+02
20210617_03:00:00   1.0439e-01   3.0025e+01   2.5207e+00   0.0000e+00   2.7842e-03   2.8522e+02
20210617_06:00:00   1.0293e-01   2.9659e+01   2.4758e+00   0.0000e+00   1.6716e-03   2.8554e+02
20210617_09:00:00   1.0014e-01   2.9013e+01   2.3996e+00   0.0000e+00   2.3796e-04   2.8477e+02
20210617_12:00:00   1.0091e-01   2.9186e+01   2.4271e+00   0.0000e+00   0.0000e+00   2.8435e+02
20210617_15:00:00   1.0826e-01   3.0902e+01   2.6046e+00   0.0000e+00   1.2630e-04   2.8526e+02
20210617_18:00:00   1.1215e-01   3.1829e+01   2.6878e+00   0.0000e+00   2.4978e-04   2.8600e+02
20210617_21:00:00   1.3026e-01   3.6069e+01   3.1166e+00   1.1450e-04   2.2442e-04   2.8529e+02
20210618_00:00:00   2.5481e-01   6.3747e+01   4.0196e+00   3.4770e-02   5.0807e-02   2.8443e+02
20210618_03:00:00   2.5867e-01   6.4457e+01   4.7105e+00   2.3689e-02   7.2887e-03   2.8335e+02
20210618_06:00:00   2.4206e-01   6.0542e+01   5.5732e+00   2.4271e-03   3.3710e-03   2.8120e+02
20210618_09:00:00   2.8732e-01   7.0018e+01   6.5512e+00   0.0000e+00   5.9548e-05   2.8410e+02
20210618_12:00:00   2.5661e-01   6.4287e+01   5.5154e+00   3.4920e-03   6.7480e-06   2.8592e+02
20210618_15:00:00   2.7636e-01   6.8182e+01   6.0911e+00   0.0000e+00   0.0000e+00   2.8531e+02
20210618_18:00:00   2.8322e-01   6.9751e+01   6.1531e+00   0.0000e+00   0.0000e+00   2.8722e+02
20210618_21:00:00   2.5745e-01   6.4595e+01   5.6035e+00   5.8470e-05   1.3774e-05   2.8783e+02
20210619_00:00:00   2.8684e-01   7.0659e+01   5.7041e+00   1.0797e-02   0.0000e+00   2.8461e+02
20210619_03:00:00   2.6620e-01   6.6513e+01   5.7705e+00   0.0000e+00   0.0000e+00   2.8286e+02
20210619_06:00:00   2.0797e-01   5.4305e+01   4.6143e+00   2.0230e-05   7.1398e-05   2.8386e+02
20210619_09:00:00   1.8776e-01   4.9838e+01   4.2280e+00   0.0000e+00   4.8086e-03   2.8572e+02
20210619_12:00:00   1.8703e-01   4.9602e+01   4.2272e+00   0.0000e+00   3.9860e-06   2.8230e+02
20210619_15:00:00   1.9607e-01   5.1504e+01   4.4660e+00   0.0000e+00   2.6148e-03   2.8178e+02
20210619_18:00:00   2.0800e-01   5.3987e+01   4.7682e+00   0.0000e+00   2.8843e-03   2.8095e+02
20210619_21:00:00   2.1797e-01   5.6131e+01   5.0080e+00   0.0000e+00   1.7895e-02   2.8198e+02
20210620_00:00:00   2.6113e-01   6.5083e+01   5.9475e+00   3.4730e-04   6.9778e-03   2.8224e+02
20210620_03:00:00   2.9464e-01   7.1825e+01   6.6401e+00   0.0000e+00   3.4767e-02   2.8408e+02
20210620_06:00:00   2.8126e-01   6.9106e+01   6.4113e+00   0.0000e+00   2.1777e-02   2.8788e+02
20210620_09:00:00   2.5046e-01   6.2929e+01   5.7325e+00   0.0000e+00   5.0480e-02   2.9071e+02
20210620_12:00:00   2.2256e-01   5.7243e+01   5.0722e+00   0.0000e+00   7.5760e-03   2.9077e+02
20210620_15:00:00   1.9082e-01   5.0427e+01   4.3610e+00   0.0000e+00   2.9542e-03   2.9007e+02
20210620_18:00:00   1.6773e-01   4.5268e+01   3.8731e+00   0.0000e+00   2.1560e-04   2.8967e+02
20210620_21:00:00   1.4802e-01   4.0683e+01   3.4475e+00   0.0000e+00   1.4322e-04   2.8888e+02
20210621_00:00:00   1.4135e-01   3.9179e+01   3.3003e+00   0.0000e+00   0.0000e+00   2.8509e+02
20210621_03:00:00   1.4351e-01   3.9675e+01   3.3618e+00   0.0000e+00   1.3110e-05   2.8364e+02
20210621_06:00:00   1.4103e-01   3.9103e+01   3.3048e+00   0.0000e+00   1.1498e-04   2.8492e+02
20210621_09:00:00   1.4372e-01   3.9650e+01   3.3839e+00   0.0000e+00   2.5615e-03   2.8652e+02
20210621_12:00:00   1.4567e-01   4.0077e+01   3.4229e+00   0.0000e+00   9.1720e-04   2.8690e+02
20210621_15:00:00   1.5077e-01   4.1157e+01   3.5722e+00   0.0000e+00   1.7666e-03   2.8607e+02
20210621_18:00:00   1.5641e-01   4.2318e+01   3.7268e+00   0.0000e+00   7.1176e-03   2.8692e+02
20210621_21:00:00   1.6393e-01   4.3937e+01   3.9191e+00   0.0000e+00   8.7720e-03   2.8789e+02
20210622_00:00:00   1.7314e-01   4.5891e+01   4.1506e+00   0.0000e+00   2.2543e-02   2.8758e+02
20210622_03:00:00   1.7263e-01   4.5934e+01   4.1080e+00   0.0000e+00   0.0000e+00   2.9044e+02
20210622_06:00:00   1.7811e-01   4.7079e+01   4.2355e+00   0.0000e+00   0.0000e+00   2.9516e+02
20210622_09:00:00   1.8451e-01   4.8409e+01   4.3972e+00   0.0000e+00   1.7755e-04   2.9542e+02
20210622_12:00:00   1.9475e-01   5.0431e+01   4.6521e+00   0.0000e+00   5.6552e-03   2.9826e+02
20210622_15:00:00   2.1390e-01   5.4536e+01   5.0191e+00   0.0000e+00   2.7834e-02   2.9968e+02
20210622_18:00:00   2.1983e-01   5.5935e+01   5.0801e+00   0.0000e+00   1.4218e-02   2.9876e+02
20210622_21:00:00   2.0355e-01   5.2706e+01   4.6427e+00   0.0000e+00   1.3126e-03   3.0081e+02
20210623_00:00:00   1.9532e-01   5.1293e+01   4.3939e+00   4.3690e-05   0.0000e+00   2.9884e+02
20210623_03:00:00   2.1037e-01   5.4700e+01   4.6934e+00   3.5510e-05   0.0000e+00   2.9821e+02
20210623_06:00:00   2.1212e-01   5.5154e+01   4.7044e+00   0.0000e+00   0.0000e+00   2.9850e+02
20210623_09:00:00   2.2145e-01   5.7170e+01   4.8911e+00   0.0000e+00   0.0000e+00   2.9919e+02
20210623_12:00:00   2.4313e-01   6.1653e+01   5.3328e+00   0.0000e+00   0.0000e+00   2.9620e+02
20210623_15:00:00   2.6907e-01   6.6904e+01   5.8512e+00   0.0000e+00   1.5732e-05   2.9524e+02
20210623_18:00:00   2.9770e-01   7.2496e+01   6.4758e+00   0.0000e+00   9.3480e-05   2.9533e+02
20210623_21:00:00   3.0378e-01   7.3835e+01   6.6137e+00   0.0000e+00   0.0000e+00   2.9287e+02
20210624_00:00:00   3.0220e-01   7.3700e+01   6.5803e+00   0.0000e+00   5.7680e-05   2.8684e+02
20210624_03:00:00   2.9567e-01   7.2483e+01   6.4420e+00   0.0000e+00   1.7974e-03   2.8316e+02
20210624_06:00:00   2.8422e-01   7.0202e+01   6.2398e+00   0.0000e+00   6.1678e-04   2.8376e+02
20210624_09:00:00   2.5247e-01   6.3866e+01   5.5575e+00   0.0000e+00   0.0000e+00   2.8651e+02
20210624_12:00:00   2.4882e-01   6.3126e+01   5.5083e+00   0.0000e+00   1.9376e-03   2.8404e+02
20210624_15:00:00   2.4918e-01   6.3183e+01   5.5323e+00   0.0000e+00   4.6936e-03   2.8131e+02
20210624_18:00:00   2.3735e-01   6.0810e+01   5.3018e+00   0.0000e+00   1.7722e-02   2.8024e+02
