#            date       tau255        Tb[K]      pwv[mm] lwp[kg*m^-2] iwp[kg*m^-2]       o3[DU]
20221015_12:00:00   9.9008e-02   2.9860e+01   2.1246e+00   0.0000e+00   0.0000e+00   2.6727e+02
20221015_13:00:00   9.5009e-02   2.8885e+01   2.0297e+00   0.0000e+00   0.0000e+00   2.6742e+02
20221015_14:00:00   9.1361e-02   2.8002e+01   1.9423e+00   0.0000e+00   0.0000e+00   2.6923e+02
20221015_15:00:00   8.8585e-02   2.7336e+01   1.8758e+00   0.0000e+00   0.0000e+00   2.7018e+02
20221015_16:00:00   8.6126e-02   2.6735e+01   1.8157e+00   0.0000e+00   0.0000e+00   2.7045e+02
20221015_17:00:00   8.3103e-02   2.5989e+01   1.7437e+00   0.0000e+00   0.0000e+00   2.7056e+02
20221015_18:00:00   7.8231e-02   2.4779e+01   1.6316e+00   0.0000e+00   0.0000e+00   2.6947e+02
20221015_19:00:00   7.4609e-02   2.3881e+01   1.5429e+00   0.0000e+00   0.0000e+00   2.6823e+02
20221015_20:00:00   7.3778e-02   2.3678e+01   1.5158e+00   0.0000e+00   0.0000e+00   2.6677e+02
20221015_21:00:00   7.4692e-02   2.3907e+01   1.5327e+00   0.0000e+00   0.0000e+00   2.6524e+02
20221015_22:00:00   7.4176e-02   2.3782e+01   1.5167e+00   0.0000e+00   0.0000e+00   2.6424e+02
20221015_23:00:00   7.1861e-02   2.3207e+01   1.4607e+00   0.0000e+00   0.0000e+00   2.6454e+02
20221016_00:00:00   6.8883e-02   2.2456e+01   1.3905e+00   0.0000e+00   0.0000e+00   2.6525e+02
20221016_01:00:00   6.7240e-02   2.2040e+01   1.3522e+00   0.0000e+00   0.0000e+00   2.6562e+02
20221016_02:00:00   6.6780e-02   2.1926e+01   1.3397e+00   0.0000e+00   0.0000e+00   2.6559e+02
20221016_03:00:00   6.8036e-02   2.2254e+01   1.3661e+00   0.0000e+00   0.0000e+00   2.6571e+02
20221016_04:00:00   6.5954e-02   2.1730e+01   1.3202e+00   0.0000e+00   0.0000e+00   2.6720e+02
20221016_05:00:00   6.5303e-02   2.1562e+01   1.3044e+00   0.0000e+00   0.0000e+00   2.6922e+02
20221016_06:00:00   6.2634e-02   2.0869e+01   1.2456e+00   0.0000e+00   0.0000e+00   2.6960e+02
20221016_07:00:00   6.1076e-02   2.0467e+01   1.2088e+00   0.0000e+00   0.0000e+00   2.6846e+02
20221016_08:00:00   5.9383e-02   2.0033e+01   1.1684e+00   0.0000e+00   0.0000e+00   2.6839e+02
20221016_09:00:00   5.8567e-02   1.9831e+01   1.1461e+00   0.0000e+00   0.0000e+00   2.6776e+02
20221016_10:00:00   5.7987e-02   1.9682e+01   1.1297e+00   0.0000e+00   0.0000e+00   2.6696e+02
20221016_11:00:00   5.8289e-02   1.9759e+01   1.1360e+00   0.0000e+00   0.0000e+00   2.6607e+02
20221016_12:00:00   5.8294e-02   1.9743e+01   1.1418e+00   0.0000e+00   0.0000e+00   2.6707e+02
20221016_13:00:00   5.8053e-02   1.9672e+01   1.1419e+00   0.0000e+00   0.0000e+00   2.6828e+02
20221016_14:00:00   5.7829e-02   1.9601e+01   1.1402e+00   0.0000e+00   0.0000e+00   2.6866e+02
20221016_15:00:00   5.6775e-02   1.9323e+01   1.1151e+00   0.0000e+00   0.0000e+00   2.6764e+02
20221016_16:00:00   5.5395e-02   1.8977e+01   1.0747e+00   0.0000e+00   0.0000e+00   2.6874e+02
20221016_17:00:00   5.2786e-02   1.8318e+01   1.0064e+00   0.0000e+00   0.0000e+00   2.6561e+02
20221016_18:00:00   5.0837e-02   1.7823e+01   9.5643e-01   0.0000e+00   0.0000e+00   2.6428e+02
20221016_19:00:00   5.1166e-02   1.7916e+01   9.6242e-01   0.0000e+00   0.0000e+00   2.6551e+02
20221016_20:00:00   5.3018e-02   1.8399e+01   1.0045e+00   0.0000e+00   0.0000e+00   2.6478e+02
20221016_21:00:00   5.3079e-02   1.8407e+01   1.0071e+00   0.0000e+00   0.0000e+00   2.6533e+02
20221016_22:00:00   5.2181e-02   1.8170e+01   9.8821e-01   0.0000e+00   0.0000e+00   2.6529e+02
20221016_23:00:00   5.4373e-02   1.8749e+01   1.0373e+00   0.0000e+00   0.0000e+00   2.6600e+02
20221017_00:00:00   5.5796e-02   1.9119e+01   1.0708e+00   0.0000e+00   0.0000e+00   2.6688e+02
20221017_01:00:00   5.6154e-02   1.9194e+01   1.0878e+00   0.0000e+00   0.0000e+00   2.6544e+02
20221017_02:00:00   5.7770e-02   1.9582e+01   1.1394e+00   0.0000e+00   0.0000e+00   2.6569e+02
20221017_03:00:00   6.1099e-02   2.0406e+01   1.2316e+00   0.0000e+00   0.0000e+00   2.6586e+02
20221017_04:00:00   6.6075e-02   2.1655e+01   1.3588e+00   0.0000e+00   0.0000e+00   2.6465e+02
20221017_05:00:00   6.8954e-02   2.2362e+01   1.4367e+00   0.0000e+00   0.0000e+00   2.6555e+02
20221017_06:00:00   6.9532e-02   2.2466e+01   1.4646e+00   0.0000e+00   0.0000e+00   2.6639e+02
20221017_07:00:00   6.9311e-02   2.2348e+01   1.4775e+00   0.0000e+00   2.7400e-07   2.6440e+02
20221017_08:00:00   6.9774e-02   2.2395e+01   1.5083e+00   0.0000e+00   2.7040e-06   2.6261e+02
20221017_09:00:00   6.9772e-02   2.2343e+01   1.5214e+00   0.0000e+00   0.0000e+00   2.6243e+02
20221017_10:00:00   7.1263e-02   2.2687e+01   1.5664e+00   0.0000e+00   0.0000e+00   2.6258e+02
20221017_11:00:00   7.3016e-02   2.3093e+01   1.6198e+00   0.0000e+00   0.0000e+00   2.6272e+02
20221017_12:00:00   7.4427e-02   2.3420e+01   1.6609e+00   0.0000e+00   0.0000e+00   2.6312e+02
20221017_13:00:00   7.6811e-02   2.3987e+01   1.7283e+00   0.0000e+00   0.0000e+00   2.6252e+02
20221017_14:00:00   7.9007e-02   2.4479e+01   1.7993e+00   0.0000e+00   0.0000e+00   2.6353e+02
20221017_15:00:00   7.9535e-02   2.4590e+01   1.8175e+00   0.0000e+00   0.0000e+00   2.6380e+02
20221017_16:00:00   7.9623e-02   2.4599e+01   1.8253e+00   0.0000e+00   0.0000e+00   2.6407e+02
20221017_17:00:00   7.9799e-02   2.4597e+01   1.8394e+00   0.0000e+00   0.0000e+00   2.6661e+02
20221017_18:00:00   8.0254e-02   2.4686e+01   1.8539e+00   0.0000e+00   0.0000e+00   2.6828e+02
20221017_19:00:00   8.1804e-02   2.5096e+01   1.8854e+00   0.0000e+00   0.0000e+00   2.6721e+02
20221017_20:00:00   8.8663e-02   2.6764e+01   2.0606e+00   0.0000e+00   0.0000e+00   2.6632e+02
20221017_21:00:00   9.9077e-02   2.9255e+01   2.3282e+00   0.0000e+00   0.0000e+00   2.6640e+02
20221017_22:00:00   1.1001e-01   3.1841e+01   2.6085e+00   0.0000e+00   0.0000e+00   2.6609e+02
20221017_23:00:00   1.2028e-01   3.4281e+01   2.8588e+00   0.0000e+00   0.0000e+00   2.6599e+02
20221018_00:00:00   1.2189e-01   3.4606e+01   2.9132e+00   0.0000e+00   0.0000e+00   2.6559e+02
20221018_01:00:00   1.2015e-01   3.4182e+01   2.8779e+00   0.0000e+00   0.0000e+00   2.6512e+02
20221018_02:00:00   1.2463e-01   3.5253e+01   2.9884e+00   0.0000e+00   5.6820e-06   2.6540e+02
20221018_03:00:00   1.4328e-01   3.9710e+01   3.1637e+00   4.5050e-03   7.2200e-06   2.6699e+02
20221018_04:00:00   1.3335e-01   3.7310e+01   3.1962e+00   6.9180e-05   0.0000e+00   2.6766e+02
20221018_05:00:00   1.3647e-01   3.8016e+01   3.2740e+00   2.4360e-05   0.0000e+00   2.6881e+02
20221018_06:00:00   1.4363e-01   3.9644e+01   3.4487e+00   0.0000e+00   2.0340e-06   2.6928e+02
20221018_07:00:00   1.5034e-01   4.1115e+01   3.6202e+00   0.0000e+00   1.6222e-05   2.6898e+02
20221018_08:00:00   1.5678e-01   4.2566e+01   3.7719e+00   0.0000e+00   0.0000e+00   2.6933e+02
20221018_09:00:00   1.6295e-01   4.3937e+01   3.9167e+00   0.0000e+00   1.4660e-04   2.6905e+02
20221018_10:00:00   1.6697e-01   4.4833e+01   4.0079e+00   0.0000e+00   4.3540e-05   2.6820e+02
20221018_11:00:00   1.7212e-01   4.6022e+01   4.1230e+00   0.0000e+00   2.7400e-07   2.6764e+02
20221018_12:00:00   1.7428e-01   4.6518e+01   4.1656e+00   0.0000e+00   5.4780e-07   2.6672e+02
20221018_13:00:00   1.7634e-01   4.6972e+01   4.2041e+00   0.0000e+00   2.7400e-07   2.6673e+02
20221018_14:00:00   1.7975e-01   4.7717e+01   4.2794e+00   0.0000e+00   0.0000e+00   2.6758e+02
20221018_15:00:00   1.8371e-01   4.8578e+01   4.3669e+00   0.0000e+00   5.9640e-05   2.6833e+02
20221018_16:00:00   1.8543e-01   4.8986e+01   4.4011e+00   0.0000e+00   8.8520e-05   2.6882e+02
20221018_17:00:00   1.8464e-01   4.8846e+01   4.3761e+00   0.0000e+00   2.0220e-04   2.7049e+02
20221018_18:00:00   1.8426e-01   4.8777e+01   4.3631e+00   0.0000e+00   5.4080e-06   2.7231e+02
20221018_19:00:00   1.8860e-01   4.9762e+01   4.4559e+00   0.0000e+00   0.0000e+00   2.7289e+02
20221018_20:00:00   1.9375e-01   5.0927e+01   4.5721e+00   0.0000e+00   0.0000e+00   2.7261e+02
20221018_21:00:00   1.9673e-01   5.1607e+01   4.6455e+00   0.0000e+00   0.0000e+00   2.7157e+02
20221018_22:00:00   2.0164e-01   5.2677e+01   4.7584e+00   2.9920e-06   0.0000e+00   2.7047e+02
20221018_23:00:00   2.0512e-01   5.3445e+01   4.8335e+00   0.0000e+00   0.0000e+00   2.6941e+02
20221019_00:00:00   2.0817e-01   5.4108e+01   4.9025e+00   0.0000e+00   0.0000e+00   2.6969e+02
20221019_01:00:00   2.1286e-01   5.5129e+01   5.0026e+00   2.8610e-05   0.0000e+00   2.6965e+02
20221019_02:00:00   2.1602e-01   5.5807e+01   5.0721e+00   6.8780e-05   0.0000e+00   2.6969e+02
20221019_03:00:00   2.2248e-01   5.7181e+01   5.1854e+00   6.0330e-04   0.0000e+00   2.6934e+02
20221019_04:00:00   2.2738e-01   5.8195e+01   5.3280e+00   4.3810e-06   0.0000e+00   2.6933e+02
20221019_05:00:00   2.3129e-01   5.8995e+01   5.4078e+00   0.0000e+00   0.0000e+00   2.6927e+02
20221019_06:00:00   2.3689e-01   6.0126e+01   5.5277e+00   0.0000e+00   0.0000e+00   2.6991e+02
20221019_07:00:00   2.4360e-01   6.1479e+01   5.6709e+00   0.0000e+00   0.0000e+00   2.7061e+02
20221019_08:00:00   2.4797e-01   6.2364e+01   5.7584e+00   0.0000e+00   0.0000e+00   2.7077e+02
20221019_09:00:00   2.5022e-01   6.2832e+01   5.8084e+00   3.0180e-06   0.0000e+00   2.7077e+02
20221019_10:00:00   2.5167e-01   6.3128e+01   5.8448e+00   0.0000e+00   0.0000e+00   2.7010e+02
20221019_11:00:00   2.4804e-01   6.2367e+01   5.7575e+00   0.0000e+00   0.0000e+00   2.6886e+02
20221019_12:00:00   2.4469e-01   6.1699e+01   5.6837e+00   0.0000e+00   3.6754e-05   2.6594e+02
20221019_13:00:00   2.5027e-01   6.2759e+01   5.8223e+00   0.0000e+00   7.0105e-04   2.6388e+02
20221019_14:00:00   2.5487e-01   6.3651e+01   5.9297e+00   0.0000e+00   2.3020e-03   2.6664e+02
20221019_15:00:00   2.5551e-01   6.3824e+01   5.9423e+00   0.0000e+00   2.8421e-03   2.6783e+02
20221019_16:00:00   2.5995e-01   6.4824e+01   6.0188e+00   0.0000e+00   8.7170e-04   2.7000e+02
20221019_17:00:00   2.6671e-01   6.6224e+01   6.1399e+00   0.0000e+00   5.8781e-04   2.7146e+02
20221019_18:00:00   2.7710e-01   6.8344e+01   6.3465e+00   0.0000e+00   3.0941e-04   2.7108e+02
20221019_19:00:00   2.8573e-01   7.0114e+01   6.5121e+00   0.0000e+00   1.8690e-03   2.7129e+02
20221019_20:00:00   2.8276e-01   6.9567e+01   6.4496e+00   0.0000e+00   3.9468e-03   2.7162e+02
20221019_21:00:00   2.7679e-01   6.8391e+01   6.3265e+00   0.0000e+00   4.4696e-03   2.7286e+02
20221019_22:00:00   2.7151e-01   6.7371e+01   6.2114e+00   0.0000e+00   2.3672e-03   2.7105e+02
20221019_23:00:00   2.6356e-01   6.5731e+01   6.0264e+00   8.1740e-05   5.9202e-05   2.7179e+02
20221020_00:00:00   2.4618e-01   6.2148e+01   5.6514e+00   1.3510e-06   3.6143e-03   2.7159e+02
20221020_01:00:00   2.5042e-01   6.3048e+01   5.6848e+00   1.1300e-03   6.3157e-03   2.7069e+02
20221020_02:00:00   2.7395e-01   6.7917e+01   6.1254e+00   2.0260e-03   4.4411e-03   2.7034e+02
20221020_03:00:00   2.9455e-01   7.2125e+01   6.5193e+00   1.8300e-03   2.1082e-03   2.7151e+02
20221020_04:00:00   3.0567e-01   7.4457e+01   6.7050e+00   1.2340e-03   7.2760e-05   2.7116e+02
20221020_05:00:00   3.3615e-01   8.0534e+01   6.7219e+00   1.3040e-02   4.7300e-05   2.7191e+02
20221020_06:00:00   5.4370e-01   1.1694e+02   6.9468e+00   9.1650e-02   1.3620e-04   2.7204e+02
20221020_07:00:00   8.0486e-01   1.5303e+02   7.2242e+00   1.9159e-01   7.9700e-06   2.7115e+02
20221020_08:00:00   4.2052e-01   9.6187e+01   6.8316e+00   4.3420e-02   4.6150e-04   2.7285e+02
20221020_09:00:00   6.4365e-01   1.3168e+02   7.0455e+00   1.2812e-01   8.7182e-03   2.7312e+02
20221020_10:00:00   1.2740e+00   1.9802e+02   7.7159e+00   3.7234e-01   5.1260e-03   2.7156e+02
20221020_11:00:00   1.1679e+00   1.8961e+02   7.4548e+00   3.3273e-01   2.5647e-04   2.7060e+02
20221020_12:00:00   7.3654e-01   1.4448e+02   6.5101e+00   1.7444e-01   3.4010e-05   2.7058e+02
20221020_15:00:00   1.8574e-01   4.9671e+01   3.9304e+00   2.5347e-03   1.3284e-06   2.7028e+02
20221020_18:00:00   1.4722e-01   4.1242e+01   3.1149e+00   0.0000e+00   0.0000e+00   2.7381e+02
20221020_21:00:00   1.1353e-01   3.3319e+01   2.3309e+00   1.1770e-03   0.0000e+00   2.7296e+02
20221021_00:00:00   2.6470e-01   6.7041e+01   3.0066e+00   4.9990e-02   0.0000e+00   2.6891e+02
20221021_03:00:00   1.2443e-01   3.5651e+01   2.5547e+00   3.1057e-03   0.0000e+00   2.6780e+02
20221021_06:00:00   1.1182e-01   3.2651e+01   2.4409e+00   9.3490e-05   0.0000e+00   2.6838e+02
20221021_09:00:00   1.4943e-01   4.1529e+01   3.2557e+00   0.0000e+00   0.0000e+00   2.6984e+02
20221021_12:00:00   1.7630e-01   4.7718e+01   3.7967e+00   0.0000e+00   0.0000e+00   2.7050e+02
20221021_15:00:00   1.0799e-01   3.1849e+01   2.3289e+00   0.0000e+00   0.0000e+00   2.6600e+02
20221021_18:00:00   8.2858e-02   2.5711e+01   1.7583e+00   0.0000e+00   0.0000e+00   2.6515e+02
20221021_21:00:00   1.0822e-01   3.2004e+01   2.3029e+00   0.0000e+00   0.0000e+00   2.6738e+02
20221022_00:00:00   1.4087e-01   3.9778e+01   2.9493e+00   1.0990e-03   0.0000e+00   2.6348e+02
20221022_03:00:00   1.6258e-01   4.4739e+01   3.4598e+00   9.0430e-04   1.9176e-06   2.6258e+02
20221022_06:00:00   1.4770e-01   4.1369e+01   3.1350e+00   3.3814e-04   0.0000e+00   2.6344e+02
20221022_09:00:00   1.4321e-01   4.0326e+01   3.0629e+00   0.0000e+00   0.0000e+00   2.6266e+02
20221022_12:00:00   1.4169e-01   3.9923e+01   3.0449e+00   0.0000e+00   0.0000e+00   2.6143e+02
20221022_15:00:00   1.4383e-01   4.0458e+01   3.0740e+00   0.0000e+00   0.0000e+00   2.5911e+02
20221022_18:00:00   1.5611e-01   4.3299e+01   3.3211e+00   0.0000e+00   0.0000e+00   2.5958e+02
20221022_21:00:00   1.6894e-01   4.6219e+01   3.5892e+00   0.0000e+00   0.0000e+00   2.5753e+02
20221023_00:00:00   1.7016e-01   4.6516e+01   3.6118e+00   0.0000e+00   0.0000e+00   2.5421e+02
20221023_03:00:00   1.8471e-01   4.9701e+01   4.0055e+00   0.0000e+00   0.0000e+00   2.5428e+02
20221023_06:00:00   2.0343e-01   5.3722e+01   4.4440e+00   0.0000e+00   0.0000e+00   2.5313e+02
20221023_09:00:00   2.0900e-01   5.4896e+01   4.5497e+00   0.0000e+00   0.0000e+00   2.5290e+02
20221023_12:00:00   2.2510e-01   5.8348e+01   4.8434e+00   0.0000e+00   0.0000e+00   2.5330e+02
20221023_15:00:00   2.5051e-01   6.3675e+01   5.3934e+00   0.0000e+00   4.5804e-06   2.5609e+02
20221023_18:00:00   2.9235e-01   7.2237e+01   6.2018e+00   0.0000e+00   1.0628e-06   2.5703e+02
20221023_21:00:00   3.3404e-01   8.0191e+01   7.2030e+00   0.0000e+00   2.0540e-04   2.5574e+02
20221024_00:00:00   4.4839e-01   1.0056e+02   8.8526e+00   1.6582e-02   6.9760e-04   2.5422e+02
20221024_03:00:00   4.6812e-01   1.0347e+02   9.9777e+00   4.0053e-03   3.0446e-03   2.5441e+02
20221024_06:00:00   3.9224e-01   9.0500e+01   8.5541e+00   0.0000e+00   1.1396e-02   2.5515e+02
20221024_09:00:00   3.6645e-01   8.5870e+01   8.0304e+00   0.0000e+00   1.7586e-04   2.5652e+02
20221024_12:00:00   3.9216e-01   9.0453e+01   8.5415e+00   0.0000e+00   7.8484e-04   2.5494e+02
20221024_15:00:00   3.9744e-01   9.1429e+01   8.6001e+00   0.0000e+00   1.0958e-06   2.5539e+02
20221024_18:00:00   3.6496e-01   8.5780e+01   7.8745e+00   0.0000e+00   0.0000e+00   2.5729e+02
20221024_21:00:00   3.3882e-01   8.1060e+01   7.3210e+00   0.0000e+00   0.0000e+00   2.5962e+02
20221025_00:00:00   3.1412e-01   7.6370e+01   6.8226e+00   1.2220e-04   0.0000e+00   2.5671e+02
20221025_03:00:00   2.8184e-01   7.0113e+01   6.1417e+00   0.0000e+00   0.0000e+00   2.5786e+02
20221025_06:00:00   2.4943e-01   6.3516e+01   5.4567e+00   0.0000e+00   0.0000e+00   2.6072e+02
20221025_09:00:00   2.1784e-01   5.6794e+01   4.8258e+00   0.0000e+00   0.0000e+00   2.6239e+02
20221025_12:00:00   1.8746e-01   5.0163e+01   4.1840e+00   0.0000e+00   0.0000e+00   2.6129e+02
20221025_15:00:00   1.5264e-01   4.2300e+01   3.4150e+00   0.0000e+00   0.0000e+00   2.6100e+02
20221025_18:00:00   1.0871e-01   3.1932e+01   2.4283e+00   0.0000e+00   0.0000e+00   2.6080e+02
20221025_21:00:00   1.1299e-01   3.2962e+01   2.5284e+00   0.0000e+00   0.0000e+00   2.6316e+02
20221026_00:00:00   1.2439e-01   3.5715e+01   2.7900e+00   8.8040e-06   0.0000e+00   2.5963e+02
20221026_03:00:00   1.1892e-01   3.4488e+01   2.6565e+00   0.0000e+00   0.0000e+00   2.5826e+02
20221026_06:00:00   1.1367e-01   3.3290e+01   2.5255e+00   0.0000e+00   0.0000e+00   2.5959e+02
20221026_09:00:00   9.8530e-02   2.9611e+01   2.1731e+00   0.0000e+00   0.0000e+00   2.6118e+02
20221026_12:00:00   9.0067e-02   2.7516e+01   1.9718e+00   0.0000e+00   0.0000e+00   2.5898e+02
20221026_15:00:00   8.5579e-02   2.6399e+01   1.8603e+00   0.0000e+00   0.0000e+00   2.5963e+02
20221026_18:00:00   7.8056e-02   2.4556e+01   1.6723e+00   0.0000e+00   0.0000e+00   2.5988e+02
20221026_21:00:00   7.7380e-02   2.4404e+01   1.6571e+00   0.0000e+00   0.0000e+00   2.6059e+02
20221027_00:00:00   7.8107e-02   2.4642e+01   1.6712e+00   0.0000e+00   0.0000e+00   2.5673e+02
20221027_03:00:00   7.8584e-02   2.4773e+01   1.6825e+00   0.0000e+00   0.0000e+00   2.5515e+02
20221027_06:00:00   7.8127e-02   2.4662e+01   1.6739e+00   0.0000e+00   0.0000e+00   2.5865e+02
20221027_09:00:00   7.6300e-02   2.4208e+01   1.6269e+00   0.0000e+00   0.0000e+00   2.5900e+02
20221027_12:00:00   7.3126e-02   2.3456e+01   1.5365e+00   0.0000e+00   8.1360e-05   2.5584e+02
20221027_15:00:00   4.9681e-02   1.7462e+01   9.5786e-01   0.0000e+00   0.0000e+00   2.5570e+02
20221027_18:00:00   3.6981e-02   1.4046e+01   6.5209e-01   0.0000e+00   0.0000e+00   2.5911e+02
20221027_21:00:00   3.9059e-02   1.4529e+01   7.2310e-01   0.0000e+00   4.0114e-05   2.5796e+02
20221028_00:00:00   4.4181e-02   1.5836e+01   8.6945e-01   0.0000e+00   2.8407e-04   2.5853e+02
20221028_03:00:00   4.9981e-02   1.7296e+01   1.0373e+00   0.0000e+00   8.3397e-05   2.5809e+02
20221028_06:00:00   6.7940e-02   2.1699e+01   1.5455e+00   0.0000e+00   1.9926e-06   2.6025e+02
20221028_09:00:00   7.5475e-02   2.3792e+01   1.6821e+00   0.0000e+00   2.4300e-04   2.6058e+02
20221028_12:00:00   7.5515e-02   2.3795e+01   1.6714e+00   0.0000e+00   3.0200e-05   2.5906e+02
20221028_15:00:00   8.6877e-02   2.6511e+01   1.9713e+00   0.0000e+00   1.3774e-05   2.5951e+02
20221028_18:00:00   9.9333e-02   2.9496e+01   2.2747e+00   0.0000e+00   0.0000e+00   2.6103e+02
20221028_21:00:00   1.3117e-01   3.7243e+01   2.9607e+00   0.0000e+00   4.2680e-05   2.6282e+02
20221029_00:00:00   1.3670e-01   3.8793e+01   2.9635e+00   1.5230e-04   2.7040e-06   2.6377e+02
20221029_03:00:00   1.6016e-01   4.4366e+01   2.4734e+00   1.8330e-02   0.0000e+00   2.6351e+02
20221029_06:00:00   8.5347e-02   2.6427e+01   1.7769e+00   0.0000e+00   0.0000e+00   2.6667e+02
20221029_09:00:00   8.7715e-02   2.6958e+01   1.8402e+00   0.0000e+00   0.0000e+00   2.6749e+02
20221029_12:00:00   9.4985e-02   2.8627e+01   2.0336e+00   0.0000e+00   0.0000e+00   2.6470e+02
20221029_15:00:00   9.5639e-02   2.8752e+01   2.0571e+00   0.0000e+00   0.0000e+00   2.6446e+02
20221029_18:00:00   1.0435e-01   3.0931e+01   2.2394e+00   0.0000e+00   0.0000e+00   2.6344e+02
20221029_21:00:00   9.2001e-02   2.7907e+01   1.9653e+00   0.0000e+00   0.0000e+00   2.6319e+02
20221030_00:00:00   8.8261e-02   2.7085e+01   1.8258e+00   4.3736e-04   0.0000e+00   2.6180e+02
20221030_03:00:00   8.6330e-02   2.6646e+01   1.8067e+00   1.1490e-05   1.7084e-05   2.6161e+02
20221030_06:00:00   8.8640e-02   2.7237e+01   1.8486e+00   0.0000e+00   2.6540e-05   2.6125e+02
20221030_09:00:00   1.4091e-01   3.9745e+01   3.0254e+00   0.0000e+00   9.5072e-04   2.6096e+02
20221030_12:00:00   2.8072e-01   6.9928e+01   5.8723e+00   0.0000e+00   2.0196e-03   2.6074e+02
20221030_15:00:00   3.4347e-01   8.2084e+01   7.0147e+00   1.2342e-03   7.4916e-03   2.6203e+02
20221030_18:00:00   3.6136e-01   8.5367e+01   7.5063e+00   3.7670e-05   2.5754e-03   2.6351e+02
20221030_21:00:00   3.5903e-01   8.4895e+01   7.5606e+00   0.0000e+00   9.1416e-03   2.6435e+02
20221031_00:00:00   3.6295e-01   8.5423e+01   7.6656e+00   1.2520e-03   6.5033e-02   2.6160e+02
20221031_03:00:00   3.8415e-01   8.9046e+01   8.3344e+00   3.1110e-04   1.1175e-01   2.5993e+02
20221031_06:00:00   4.6221e-01   1.0229e+02   9.9985e+00   0.0000e+00   2.5791e-01   2.6263e+02
20221031_09:00:00   4.9458e-01   1.0747e+02   1.0707e+01   1.8020e-04   3.2340e-01   2.6235e+02
20221031_12:00:00   5.5048e-01   1.1629e+02   1.1755e+01   3.4936e-03   7.4110e-02   2.6204e+02
