#            date       tau255        Tb[K]      pwv[mm] lwp[kg*m^-2] iwp[kg*m^-2]       o3[DU]
20250410_06:00:00   2.2714e-01   5.9086e+01   2.1495e+00   4.8710e-02   0.0000e+00   2.8876e+02
20250410_07:00:00   1.0867e-01   3.2244e+01   1.4636e+00   1.3870e-02   0.0000e+00   2.9114e+02
20250410_08:00:00   5.6649e-02   1.9221e+01   1.0808e+00   0.0000e+00   0.0000e+00   2.9218e+02
20250410_09:00:00   5.1203e-02   1.7798e+01   9.7260e-01   0.0000e+00   0.0000e+00   2.9310e+02
20250410_10:00:00   5.0784e-02   1.7682e+01   9.6878e-01   0.0000e+00   0.0000e+00   2.9076e+02
20250410_11:00:00   5.0715e-02   1.7665e+01   9.6888e-01   0.0000e+00   0.0000e+00   2.8908e+02
20250410_12:00:00   5.1535e-02   1.7883e+01   9.9151e-01   0.0000e+00   0.0000e+00   2.8869e+02
20250410_13:00:00   5.4706e-02   1.8686e+01   1.0735e+00   0.0000e+00   0.0000e+00   2.9063e+02
20250410_14:00:00   5.8783e-02   1.9712e+01   1.1753e+00   0.0000e+00   0.0000e+00   2.9131e+02
20250410_15:00:00   6.0247e-02   2.0090e+01   1.2111e+00   0.0000e+00   0.0000e+00   2.9041e+02
20250410_16:00:00   6.0651e-02   2.0216e+01   1.2125e+00   0.0000e+00   0.0000e+00   2.9045e+02
20250410_17:00:00   6.1001e-02   2.0333e+01   1.2122e+00   0.0000e+00   0.0000e+00   2.9007e+02
20250410_18:00:00   6.6787e-02   2.1815e+01   1.3314e+00   0.0000e+00   0.0000e+00   2.8951e+02
20250410_19:00:00   6.9707e-02   2.2550e+01   1.4009e+00   0.0000e+00   0.0000e+00   2.9079e+02
20250410_20:00:00   7.4893e-02   2.3856e+01   1.5085e+00   0.0000e+00   0.0000e+00   2.9152e+02
20250410_21:00:00   7.5257e-02   2.3945e+01   1.5158e+00   2.5070e-05   0.0000e+00   2.8805e+02
20250410_22:00:00   7.7804e-02   2.4586e+01   1.5402e+00   4.8670e-04   0.0000e+00   2.8876e+02
20250410_23:00:00   9.0501e-02   2.7714e+01   1.7026e+00   2.5980e-03   3.0841e-05   2.8735e+02
20250411_00:00:00   1.0887e-01   3.2251e+01   1.5985e+00   1.2034e-02   6.1144e-04   2.8562e+02
20250411_01:00:00   8.0270e-02   2.5216e+01   1.5362e+00   1.7060e-03   1.7158e-03   2.8492e+02
20250411_02:00:00   7.6534e-02   2.4282e+01   1.4903e+00   1.0700e-03   5.2060e-03   2.8442e+02
20250411_03:00:00   5.9102e-02   1.9846e+01   1.1703e+00   0.0000e+00   5.8440e-03   2.8536e+02
20250411_04:00:00   5.1532e-02   1.7863e+01   1.0030e+00   0.0000e+00   4.7521e-03   2.8543e+02
20250411_05:00:00   4.8778e-02   1.7125e+01   9.4138e-01   0.0000e+00   5.3275e-03   2.8526e+02
20250411_06:00:00   4.8207e-02   1.6976e+01   9.2386e-01   0.0000e+00   5.9802e-03   2.8399e+02
20250411_07:00:00   4.7728e-02   1.6827e+01   9.1970e-01   0.0000e+00   8.0040e-03   2.8442e+02
20250411_08:00:00   4.6183e-02   1.6431e+01   8.8323e-01   0.0000e+00   1.8130e-03   2.8375e+02
20250411_09:00:00   4.3334e-02   1.5688e+01   8.1483e-01   0.0000e+00   3.4818e-03   2.8175e+02
20250411_10:00:00   4.4238e-02   1.5919e+01   8.3393e-01   0.0000e+00   5.4677e-03   2.8143e+02
20250411_11:00:00   4.5726e-02   1.6332e+01   8.6402e-01   2.1170e-06   4.5453e-03   2.8305e+02
20250411_12:00:00   4.8163e-02   1.6987e+01   9.2333e-01   2.9460e-06   4.1288e-04   2.8550e+02
20250411_13:00:00   5.3345e-02   1.8334e+01   1.0452e+00   2.4240e-07   6.9344e-05   2.8784e+02
20250411_14:00:00   5.3761e-02   1.8441e+01   1.0537e+00   0.0000e+00   4.7247e-05   2.8827e+02
20250411_15:00:00   5.5865e-02   1.8953e+01   1.1066e+00   1.7850e-06   3.6218e-03   2.8703e+02
20250411_16:00:00   5.9920e-02   1.9970e+01   1.2096e+00   8.7130e-07   6.3476e-03   2.8606e+02
20250411_17:00:00   5.7138e-02   1.9291e+01   1.1395e+00   0.0000e+00   6.2003e-03   2.8561e+02
20250411_18:00:00   6.1331e-02   2.0376e+01   1.2318e+00   2.8340e-06   3.0241e-03   2.8504e+02
20250411_19:00:00   6.2162e-02   2.0620e+01   1.2422e+00   0.0000e+00   4.4240e-03   2.8363e+02
20250411_20:00:00   5.7817e-02   1.9507e+01   1.1427e+00   0.0000e+00   8.9270e-03   2.8305e+02
20250411_21:00:00   5.8960e-02   1.9795e+01   1.1627e+00   0.0000e+00   1.3384e-02   2.8313e+02
20250411_22:00:00   5.9225e-02   1.9853e+01   1.1700e+00   1.5770e-04   7.5680e-03   2.8135e+02
20250411_23:00:00   1.0019e-01   3.0161e+01   1.4021e+00   1.2720e-02   4.2902e-03   2.7992e+02
20250412_00:00:00   8.5916e-02   2.6614e+01   1.2548e+00   9.7760e-03   1.6114e-02   2.7967e+02
20250412_01:00:00   9.0737e-02   2.7742e+01   1.4090e+00   9.4160e-03   8.2756e-03   2.8017e+02
20250412_02:00:00   9.9820e-02   2.9968e+01   1.4265e+00   1.2940e-02   7.9703e-03   2.7869e+02
20250412_03:00:00   5.4312e-02   1.8454e+01   1.1069e+00   0.0000e+00   1.0391e-02   2.7762e+02
20250412_04:00:00   5.2852e-02   1.8038e+01   1.0824e+00   0.0000e+00   9.5672e-03   2.7749e+02
20250412_05:00:00   5.2518e-02   1.8022e+01   1.0557e+00   0.0000e+00   1.5484e-04   2.7882e+02
20250412_06:00:00   5.1983e-02   1.7873e+01   1.0442e+00   0.0000e+00   1.8210e-05   2.8040e+02
20250412_07:00:00   4.9163e-02   1.7134e+01   9.7463e-01   0.0000e+00   6.9802e-05   2.7998e+02
20250412_08:00:00   4.6954e-02   1.6642e+01   8.9828e-01   0.0000e+00   0.0000e+00   2.8157e+02
20250412_09:00:00   4.3786e-02   1.5793e+01   8.2695e-01   0.0000e+00   1.5216e-04   2.8255e+02
20250412_10:00:00   4.2894e-02   1.5567e+01   8.0285e-01   0.0000e+00   0.0000e+00   2.8234e+02
20250412_11:00:00   4.1691e-02   1.5256e+01   7.6988e-01   0.0000e+00   0.0000e+00   2.8181e+02
20250412_12:00:00   4.0655e-02   1.4989e+01   7.4254e-01   0.0000e+00   0.0000e+00   2.8100e+02
20250412_13:00:00   4.0138e-02   1.4840e+01   7.3276e-01   0.0000e+00   4.5960e-05   2.7943e+02
20250412_14:00:00   4.1395e-02   1.5130e+01   7.7198e-01   0.0000e+00   1.8506e-04   2.7965e+02
20250412_15:00:00   4.2174e-02   1.5312e+01   7.9617e-01   0.0000e+00   3.5140e-04   2.7956e+02
20250412_16:00:00   4.3987e-02   1.5745e+01   8.4987e-01   0.0000e+00   7.0620e-04   2.7932e+02
20250412_17:00:00   4.6195e-02   1.6304e+01   9.0937e-01   0.0000e+00   3.1160e-04   2.7847e+02
20250412_18:00:00   4.6143e-02   1.6307e+01   9.0502e-01   0.0000e+00   1.6790e-04   2.7906e+02
20250412_19:00:00   4.4127e-02   1.5803e+01   8.4906e-01   0.0000e+00   3.4080e-05   2.7997e+02
20250412_20:00:00   4.6814e-02   1.6426e+01   9.3112e-01   0.0000e+00   1.1590e-03   2.7955e+02
20250412_21:00:00   4.9954e-02   1.7155e+01   1.0203e+00   1.1760e-04   1.2521e-03   2.7901e+02
20250412_22:00:00   4.7742e-02   1.6671e+01   9.4174e-01   2.7770e-04   5.1440e-04   2.7889e+02
20250412_23:00:00   4.7173e-02   1.6616e+01   8.6954e-01   9.4600e-04   7.2920e-05   2.7935e+02
20250413_00:00:00   4.7115e-02   1.6635e+01   8.2490e-01   1.5760e-03   5.4780e-07   2.7746e+02
20250413_01:00:00   4.7089e-02   1.6625e+01   8.2008e-01   1.6590e-03   0.0000e+00   2.7644e+02
20250413_02:00:00   4.4969e-02   1.5987e+01   8.6022e-01   3.9540e-04   0.0000e+00   2.7507e+02
20250413_03:00:00   4.6662e-02   1.6395e+01   9.0360e-01   4.9610e-04   0.0000e+00   2.7505e+02
20250413_04:00:00   4.5747e-02   1.6105e+01   9.1884e-01   1.4510e-06   0.0000e+00   2.7434e+02
20250413_05:00:00   4.5651e-02   1.6090e+01   9.1508e-01   0.0000e+00   0.0000e+00   2.7549e+02
20250413_06:00:00   4.3843e-02   1.5669e+01   8.5964e-01   0.0000e+00   0.0000e+00   2.7761e+02
20250413_07:00:00   4.2294e-02   1.5300e+01   8.1466e-01   0.0000e+00   0.0000e+00   2.7832e+02
20250413_08:00:00   4.2338e-02   1.5320e+01   8.1400e-01   0.0000e+00   0.0000e+00   2.7877e+02
20250413_09:00:00   4.2067e-02   1.5246e+01   8.0743e-01   0.0000e+00   0.0000e+00   2.7726e+02
20250413_10:00:00   4.2209e-02   1.5269e+01   8.1548e-01   0.0000e+00   0.0000e+00   2.7529e+02
20250413_11:00:00   4.2764e-02   1.5409e+01   8.3100e-01   0.0000e+00   0.0000e+00   2.7396e+02
20250413_12:00:00   4.3463e-02   1.5594e+01   8.4708e-01   0.0000e+00   0.0000e+00   2.7395e+02
20250413_13:00:00   4.3437e-02   1.5571e+01   8.4932e-01   0.0000e+00   0.0000e+00   2.7346e+02
20250413_14:00:00   4.3866e-02   1.5669e+01   8.6297e-01   0.0000e+00   0.0000e+00   2.7311e+02
20250413_15:00:00   4.5128e-02   1.5994e+01   8.9690e-01   0.0000e+00   0.0000e+00   2.7438e+02
20250413_16:00:00   4.5710e-02   1.6134e+01   9.1570e-01   0.0000e+00   0.0000e+00   2.7372e+02
20250413_17:00:00   4.6478e-02   1.6320e+01   9.3757e-01   0.0000e+00   0.0000e+00   2.7451e+02
20250413_18:00:00   4.6223e-02   1.6264e+01   9.2994e-01   0.0000e+00   0.0000e+00   2.7714e+02
20250413_19:00:00   4.5864e-02   1.6173e+01   9.2118e-01   0.0000e+00   0.0000e+00   2.7800e+02
20250413_20:00:00   4.5657e-02   1.6110e+01   9.1696e-01   0.0000e+00   0.0000e+00   2.7798e+02
20250413_21:00:00   4.6257e-02   1.6255e+01   9.3321e-01   0.0000e+00   0.0000e+00   2.7798e+02
20250413_22:00:00   4.7611e-02   1.6597e+01   9.7127e-01   5.8510e-06   0.0000e+00   2.7795e+02
20250413_23:00:00   4.8277e-02   1.6775e+01   9.8752e-01   0.0000e+00   0.0000e+00   2.7852e+02
20250414_00:00:00   4.9260e-02   1.7030e+01   1.0122e+00   0.0000e+00   1.3034e-03   2.7608e+02
20250414_01:00:00   5.0619e-02   1.7386e+01   1.0468e+00   0.0000e+00   7.1160e-04   2.7413e+02
20250414_02:00:00   5.0365e-02   1.7329e+01   1.0388e+00   0.0000e+00   5.8180e-05   2.7466e+02
20250414_03:00:00   5.0108e-02   1.7271e+01   1.0315e+00   0.0000e+00   0.0000e+00   2.7550e+02
20250414_04:00:00   5.0079e-02   1.7255e+01   1.0323e+00   0.0000e+00   0.0000e+00   2.7580e+02
20250414_05:00:00   4.9990e-02   1.7226e+01   1.0285e+00   0.0000e+00   0.0000e+00   2.7490e+02
20250414_06:00:00   5.0328e-02   1.7275e+01   1.0444e+00   0.0000e+00   0.0000e+00   2.7630e+02
20250414_07:00:00   5.0990e-02   1.7414e+01   1.0660e+00   0.0000e+00   0.0000e+00   2.7719e+02
20250414_08:00:00   5.1574e-02   1.7529e+01   1.0855e+00   0.0000e+00   0.0000e+00   2.7775e+02
20250414_09:00:00   5.3400e-02   1.7945e+01   1.1399e+00   0.0000e+00   0.0000e+00   2.7794e+02
20250414_10:00:00   5.5451e-02   1.8415e+01   1.1985e+00   0.0000e+00   0.0000e+00   2.7882e+02
20250414_11:00:00   5.7573e-02   1.8922e+01   1.2567e+00   0.0000e+00   0.0000e+00   2.7898e+02
20250414_12:00:00   6.0086e-02   1.9520e+01   1.3243e+00   0.0000e+00   1.7176e-04   2.7895e+02
20250414_13:00:00   6.2984e-02   2.0216e+01   1.4035e+00   0.0000e+00   6.9304e-04   2.7947e+02
20250414_14:00:00   6.7319e-02   2.1250e+01   1.5180e+00   0.0000e+00   1.3242e-03   2.8072e+02
20250414_15:00:00   6.7516e-02   2.1349e+01   1.5170e+00   0.0000e+00   4.1980e-05   2.8123e+02
20250414_16:00:00   6.7495e-02   2.1381e+01   1.5095e+00   0.0000e+00   7.2200e-06   2.8232e+02
20250414_17:00:00   6.8155e-02   2.1562e+01   1.5206e+00   0.0000e+00   0.0000e+00   2.8548e+02
20250414_18:00:00   7.0080e-02   2.2019e+01   1.5712e+00   0.0000e+00   7.3640e-05   2.8622e+02
20250414_19:00:00   7.0841e-02   2.2199e+01   1.5908e+00   0.0000e+00   2.4060e-04   2.8636e+02
20250414_20:00:00   7.2590e-02   2.2598e+01   1.6398e+00   0.0000e+00   6.0215e-04   2.8698e+02
20250414_21:00:00   7.5668e-02   2.3323e+01   1.7093e+00   1.8930e-04   9.9795e-04   2.8723e+02
20250414_22:00:00   7.8873e-02   2.4067e+01   1.7739e+00   4.9650e-04   1.0042e-03   2.8673e+02
20250414_23:00:00   7.7583e-02   2.3780e+01   1.7654e+00   3.4530e-05   6.1177e-04   2.8692e+02
20250415_00:00:00   7.5524e-02   2.3299e+01   1.7086e+00   0.0000e+00   4.5932e-04   2.8523e+02
20250415_01:00:00   7.6020e-02   2.3425e+01   1.7189e+00   0.0000e+00   7.1620e-05   2.8529e+02
20250415_02:00:00   7.8594e-02   2.4050e+01   1.7809e+00   0.0000e+00   9.4239e-05   2.8649e+02
20250415_03:00:00   7.9946e-02   2.4369e+01   1.8133e+00   0.0000e+00   7.3940e-05   2.8674e+02
20250415_04:00:00   7.8796e-02   2.4103e+01   1.7821e+00   0.0000e+00   4.2336e-05   2.8657e+02
20250415_05:00:00   7.8579e-02   2.4074e+01   1.7718e+00   0.0000e+00   1.9804e-05   2.8703e+02
20250415_06:00:00   7.7892e-02   2.3913e+01   1.7532e+00   0.0000e+00   1.8038e-05   2.8578e+02
20250415_09:00:00   7.9594e-02   2.4302e+01   1.7969e+00   0.0000e+00   0.0000e+00   2.8529e+02
20250415_12:00:00   8.0363e-02   2.4527e+01   1.8042e+00   0.0000e+00   0.0000e+00   2.8881e+02
20250415_15:00:00   8.8514e-02   2.6497e+01   1.9982e+00   0.0000e+00   0.0000e+00   2.8718e+02
20250415_18:00:00   1.1351e-01   3.2457e+01   2.5776e+00   0.0000e+00   0.0000e+00   2.8882e+02
20250415_21:00:00   1.3868e-01   3.8270e+01   3.1382e+00   0.0000e+00   0.0000e+00   2.8954e+02
20250416_00:00:00   1.5289e-01   4.1580e+01   3.4262e+00   1.4400e-04   0.0000e+00   2.9049e+02
20250416_03:00:00   1.6319e-01   4.3871e+01   3.6534e+00   0.0000e+00   0.0000e+00   2.8769e+02
20250416_06:00:00   1.6816e-01   4.4972e+01   3.7321e+00   0.0000e+00   0.0000e+00   2.8710e+02
20250416_09:00:00   1.6873e-01   4.5212e+01   3.7117e+00   0.0000e+00   0.0000e+00   2.8585e+02
20250416_12:00:00   1.7398e-01   4.6320e+01   3.8024e+00   0.0000e+00   1.2867e-03   2.8370e+02
20250416_15:00:00   1.6935e-01   4.5320e+01   3.6789e+00   0.0000e+00   2.1586e-03   2.8477e+02
20250416_18:00:00   1.6461e-01   4.4286e+01   3.5602e+00   0.0000e+00   2.1043e-04   2.8346e+02
20250416_21:00:00   1.5676e-01   4.2682e+01   3.3414e+00   7.1400e-04   8.0600e-04   2.7868e+02
20250417_00:00:00   1.6745e-01   4.5150e+01   3.5248e+00   1.2160e-03   6.3664e-04   2.7902e+02
20250417_03:00:00   2.4147e-01   6.1421e+01   3.7614e+00   2.6830e-02   2.3387e-03   2.8101e+02
20250417_06:00:00   1.5519e-01   4.2345e+01   3.3540e+00   0.0000e+00   1.9987e-03   2.8337e+02
20250417_09:00:00   1.3606e-01   3.7927e+01   2.9849e+00   0.0000e+00   2.6285e-03   2.8541e+02
20250417_12:00:00   1.3218e-01   3.7006e+01   2.9017e+00   7.6130e-06   5.3009e-03   2.8769e+02
20250417_15:00:00   1.5700e-01   4.2553e+01   3.4569e+00   0.0000e+00   8.1424e-03   2.8804e+02
20250417_18:00:00   1.7947e-01   4.7371e+01   3.9835e+00   0.0000e+00   2.4667e-03   2.9308e+02
20250417_21:00:00   1.8803e-01   4.9156e+01   4.0246e+00   3.3900e-03   6.6580e-03   2.9432e+02
20250418_00:00:00   2.8642e-01   6.9213e+01   5.7681e+00   1.0536e-02   5.5162e-02   2.9659e+02
20250418_03:00:00   3.8588e-01   8.8298e+01   6.4180e+00   3.6278e-02   7.6199e-03   3.0390e+02
20250418_06:00:00   2.5865e-01   6.3495e+01   5.6870e+00   0.0000e+00   9.8440e-02   3.0911e+02
20250418_09:00:00   2.4461e-01   6.0729e+01   5.4051e+00   4.0800e-06   1.9324e-02   3.1471e+02
20250418_12:00:00   2.3099e-01   5.8040e+01   5.0627e+00   0.0000e+00   2.0038e-02   3.0896e+02
20250418_15:00:00   2.2568e-01   5.6996e+01   4.9531e+00   0.0000e+00   1.2500e-03   3.0441e+02
20250418_18:00:00   2.0288e-01   5.2192e+01   4.5136e+00   0.0000e+00   9.5430e-06   3.0272e+02
20250418_21:00:00   1.7941e-01   4.7431e+01   3.9433e+00   7.3030e-05   0.0000e+00   2.8986e+02
20250419_00:00:00   2.5440e-01   6.3286e+01   5.2842e+00   4.0674e-03   2.7686e-04   2.8465e+02
20250419_03:00:00   2.2318e-01   5.6837e+01   4.8784e+00   4.0120e-05   2.1245e-04   2.8570e+02
20250419_06:00:00   2.0372e-01   5.2814e+01   4.4476e+00   0.0000e+00   2.7040e-06   2.8885e+02
20250419_09:00:00   2.0971e-01   5.3994e+01   4.6167e+00   0.0000e+00   0.0000e+00   2.8957e+02
20250419_12:00:00   2.3257e-01   5.8399e+01   5.2131e+00   0.0000e+00   8.4692e-03   2.9754e+02
20250419_15:00:00   2.4701e-01   6.1425e+01   5.4546e+00   0.0000e+00   1.5799e-04   3.0182e+02
20250419_18:00:00   2.5842e-01   6.3850e+01   5.6552e+00   0.0000e+00   0.0000e+00   3.0650e+02
20250419_21:00:00   2.8417e-01   6.9085e+01   6.0556e+00   1.7670e-03   1.7109e-04   3.0879e+02
20250420_00:00:00   3.4895e-01   8.1454e+01   7.2876e+00   5.5250e-04   1.8889e-03   3.0765e+02
20250420_03:00:00   8.0450e-01   1.5089e+02   7.5386e+00   1.8252e-01   5.7190e-02   3.0034e+02
20250420_06:00:00   2.8568e-01   6.9685e+01   6.0218e+00   1.4920e-03   2.3920e-06   3.0262e+02
20250420_09:00:00   2.4726e-01   6.2081e+01   5.3330e+00   0.0000e+00   0.0000e+00   3.0388e+02
20250420_12:00:00   2.2311e-01   5.7168e+01   4.7831e+00   0.0000e+00   5.3100e-05   3.0319e+02
20250420_15:00:00   2.0456e-01   5.3310e+01   4.3770e+00   0.0000e+00   0.0000e+00   3.0296e+02
20250420_18:00:00   1.8948e-01   5.0155e+01   4.0484e+00   0.0000e+00   0.0000e+00   3.0378e+02
20250420_21:00:00   1.7446e-01   4.6930e+01   3.7319e+00   3.1920e-04   0.0000e+00   3.0559e+02
20250421_00:00:00   3.3843e-01   8.1087e+01   4.1350e+00   5.8755e-02   0.0000e+00   3.0532e+02
20250421_03:00:00   7.1741e-01   1.4137e+02   4.1229e+00   2.1476e-01   8.7250e-05   3.0704e+02
20250421_06:00:00   1.2123e-01   3.4805e+01   2.6048e+00   1.5910e-04   0.0000e+00   3.0689e+02
20250421_09:00:00   8.6129e-02   2.6313e+01   1.8539e+00   2.5120e-06   0.0000e+00   3.0500e+02
20250421_12:00:00   8.6780e-02   2.6488e+01   1.8545e+00   8.4970e-06   0.0000e+00   3.0205e+02
20250421_15:00:00   9.7556e-02   2.9184e+01   2.0476e+00   2.5530e-04   8.2180e-07   3.0043e+02
20250421_18:00:00   9.8492e-02   2.9377e+01   2.1056e+00   1.4290e-05   2.6497e-05   2.9940e+02
20250421_21:00:00   9.7564e-02   2.9101e+01   2.0740e+00   4.6580e-04   1.0648e-04   2.9576e+02
20250422_00:00:00   1.4155e-01   3.9668e+01   2.0978e+00   1.8260e-02   8.5220e-05   2.9322e+02
20250422_03:00:00   1.2057e-01   3.4706e+01   2.1205e+00   9.3350e-03   0.0000e+00   2.8841e+02
20250422_06:00:00   9.5747e-02   2.8742e+01   2.0542e+00   0.0000e+00   0.0000e+00   2.8612e+02
20250422_09:00:00   9.7766e-02   2.9354e+01   2.0465e+00   0.0000e+00   0.0000e+00   2.8761e+02
20250422_12:00:00   9.3606e-02   2.8402e+01   1.9201e+00   0.0000e+00   0.0000e+00   2.8574e+02
20250422_15:00:00   8.6074e-02   2.6604e+01   1.7388e+00   0.0000e+00   0.0000e+00   2.8682e+02
20250422_18:00:00   7.7244e-02   2.4462e+01   1.5371e+00   0.0000e+00   0.0000e+00   2.8834e+02
20250422_21:00:00   8.1825e-02   2.5610e+01   1.6275e+00   0.0000e+00   0.0000e+00   2.8839e+02
20250423_00:00:00   1.0559e-01   3.1468e+01   1.8612e+00   5.2550e-03   0.0000e+00   2.8491e+02
20250423_03:00:00   9.4926e-02   2.8844e+01   1.8134e+00   1.9170e-03   0.0000e+00   2.8353e+02
20250423_06:00:00   9.0335e-02   2.7782e+01   1.5454e+00   4.6060e-03   0.0000e+00   2.8510e+02
20250423_09:00:00   7.3478e-02   2.3572e+01   1.4148e+00   0.0000e+00   0.0000e+00   2.8624e+02
20250423_12:00:00   6.4348e-02   2.1270e+01   1.1991e+00   0.0000e+00   0.0000e+00   2.8728e+02
20250423_15:00:00   5.8663e-02   1.9820e+01   1.0764e+00   0.0000e+00   0.0000e+00   2.8591e+02
20250423_18:00:00   5.1170e-02   1.7889e+01   9.1327e-01   0.0000e+00   0.0000e+00   2.8689e+02
20250423_21:00:00   4.2441e-02   1.5597e+01   7.1757e-01   0.0000e+00   0.0000e+00   2.8727e+02
20250424_00:00:00   4.8177e-02   1.7088e+01   8.3663e-01   4.1410e-04   0.0000e+00   2.8570e+02
20250424_03:00:00   5.6517e-02   1.9231e+01   1.0658e+00   1.4860e-06   0.0000e+00   2.8703e+02
20250424_06:00:00   5.2604e-02   1.8231e+01   9.6886e-01   0.0000e+00   0.0000e+00   2.8636e+02
20250424_09:00:00   4.4181e-02   1.6030e+01   7.7269e-01   0.0000e+00   7.8080e-05   2.8382e+02
20250424_12:00:00   4.5825e-02   1.6436e+01   8.1208e-01   0.0000e+00   0.0000e+00   2.8505e+02
20250424_15:00:00   4.8837e-02   1.7194e+01   8.7898e-01   0.0000e+00   1.1292e-05   2.8613e+02
20250424_18:00:00   4.4164e-02   1.5967e+01   7.7612e-01   0.0000e+00   2.8140e-05   2.9306e+02
20250424_21:00:00   4.2411e-02   1.5496e+01   7.3616e-01   0.0000e+00   1.4168e-04   2.9948e+02
20250425_00:00:00   4.5371e-02   1.6298e+01   7.8211e-01   3.6970e-04   7.9440e-05   3.0204e+02
20250425_03:00:00   2.7715e-01   6.9542e+01   2.0733e+00   7.1377e-02   0.0000e+00   2.9958e+02
20250425_06:00:00   1.7674e-01   4.8081e+01   2.3421e+00   2.5190e-02   0.0000e+00   2.9809e+02
20250425_09:00:00   1.4166e-01   3.9856e+01   2.8934e+00   0.0000e+00   1.0488e-05   2.9928e+02
20250425_12:00:00   1.6163e-01   4.4277e+01   3.2987e+00   0.0000e+00   2.2560e-04   2.9820e+02
20250425_15:00:00   1.6186e-01   4.4366e+01   3.2721e+00   0.0000e+00   0.0000e+00   2.9984e+02
20250425_18:00:00   1.4198e-01   3.9839e+01   2.8970e+00   0.0000e+00   0.0000e+00   3.0198e+02
20250425_21:00:00   1.5954e-01   4.3918e+01   3.0764e+00   3.2870e-03   0.0000e+00   3.0088e+02
20250426_00:00:00   3.1923e-01   7.7426e+01   4.5723e+00   3.7707e-02   3.2797e-04   2.9751e+02
20250426_03:00:00   1.3719e+00   2.0376e+02   6.3648e+00   4.3576e-01   8.8965e-02   2.9435e+02
20250426_06:00:00   1.4253e+00   2.0687e+02   5.9028e+00   4.7095e-01   7.9797e-02   2.9296e+02
