#            date       tau255        Tb[K]      pwv[mm] lwp[kg*m^-2] iwp[kg*m^-2]       o3[DU]
20250417_06:00:00   1.3652e-01   3.7117e+01   3.1650e+00   0.0000e+00   5.4486e-02   3.0445e+02
20250417_07:00:00   1.6356e-01   4.3042e+01   3.7193e+00   0.0000e+00   1.8510e-01   3.0306e+02
20250417_08:00:00   1.7718e-01   4.6069e+01   4.0344e+00   0.0000e+00   1.2924e-01   3.0465e+02
20250417_09:00:00   1.8810e-01   4.8429e+01   4.2661e+00   0.0000e+00   1.2247e-01   3.0573e+02
20250417_10:00:00   2.2018e-01   5.5169e+01   4.9023e+00   0.0000e+00   1.9726e-01   3.0790e+02
20250417_11:00:00   2.4610e-01   6.0393e+01   5.2966e+00   0.0000e+00   5.0367e-01   3.0973e+02
20250417_12:00:00   2.3540e-01   5.8272e+01   5.1137e+00   0.0000e+00   3.7796e-01   3.1156e+02
20250417_13:00:00   2.3279e-01   5.7707e+01   5.0565e+00   0.0000e+00   3.5555e-01   3.1241e+02
20250417_14:00:00   2.1033e-01   5.3093e+01   4.6490e+00   0.0000e+00   1.8529e-01   3.1359e+02
20250417_15:00:00   1.9384e-01   4.9587e+01   4.3310e+00   0.0000e+00   1.1889e-01   3.1652e+02
20250417_16:00:00   2.2821e-01   5.6743e+01   4.9732e+00   0.0000e+00   2.3946e-01   3.1882e+02
20250417_17:00:00   2.2802e-01   5.6870e+01   5.0246e+00   0.0000e+00   6.5341e-02   3.2022e+02
20250417_18:00:00   2.0238e-01   5.1502e+01   4.4897e+00   0.0000e+00   7.8328e-02   3.2102e+02
20250417_19:00:00   1.9109e-01   4.9044e+01   4.2599e+00   0.0000e+00   9.0558e-02   3.2251e+02
20250417_20:00:00   2.1424e-01   5.3915e+01   4.7191e+00   0.0000e+00   1.5254e-01   3.2312e+02
20250417_21:00:00   2.6950e-01   6.5307e+01   5.8077e+00   7.5710e-06   8.8369e-02   3.2485e+02
20250417_22:00:00   3.2785e-01   7.6629e+01   6.8171e+00   3.2122e-04   1.1880e-01   3.2510e+02
20250417_23:00:00   4.3338e-01   9.5682e+01   7.4249e+00   2.8246e-02   2.9078e-01   3.2221e+02
20250418_00:00:00   7.6375e-01   1.4420e+02   7.7532e+00   1.5898e-01   6.0862e-01   3.1994e+02
20250418_01:00:00   1.4923e+00   2.0835e+02   8.0554e+00   4.6587e-01   9.2667e-01   3.1910e+02
20250418_02:00:00   1.2375e+00   1.9106e+02   7.9927e+00   3.5392e-01   9.4082e-01   3.1952e+02
20250418_03:00:00   1.3412e+00   1.9840e+02   7.8365e+00   4.0747e-01   7.0204e-01   3.1938e+02
20250418_04:00:00   5.9077e-01   1.2088e+02   7.5313e+00   8.9658e-02   4.2106e-01   3.1976e+02
20250418_05:00:00   4.5012e-01   9.8779e+01   7.4510e+00   3.2097e-02   2.6263e-01   3.1959e+02
20250418_06:00:00   3.6428e-01   8.3688e+01   7.2165e+00   3.4456e-03   6.0086e-02   3.1926e+02
20250418_07:00:00   4.0588e-01   9.1026e+01   7.2113e+00   2.2947e-02   6.4875e-02   3.2005e+02
20250418_08:00:00   3.6588e-01   8.3860e+01   7.2820e+00   3.7106e-03   6.8868e-02   3.1781e+02
20250418_09:00:00   3.7322e-01   8.5229e+01   7.1708e+00   8.7746e-03   7.7547e-02   3.1712e+02
20250418_10:00:00   3.7209e-01   8.5065e+01   7.1246e+00   8.1513e-03   1.2192e-01   3.1888e+02
20250418_11:00:00   4.1817e-01   9.3374e+01   7.0249e+00   2.9855e-02   1.3074e-01   3.2013e+02
20250418_12:00:00   7.3248e-01   1.4053e+02   7.0285e+00   1.6505e-01   1.2411e-01   3.2042e+02
20250418_13:00:00   1.0632e+00   1.7687e+02   7.1360e+00   3.0253e-01   1.1979e-01   3.2207e+02
20250418_14:00:00   1.1730e+00   1.8648e+02   7.1779e+00   3.4855e-01   1.1507e-01   3.2554e+02
20250418_15:00:00   6.6885e-01   1.3230e+02   7.0708e+00   1.3590e-01   6.7672e-02   3.2749e+02
20250418_16:00:00   3.8328e-01   8.7318e+01   6.8793e+00   1.7785e-02   3.8882e-02   3.2753e+02
20250418_17:00:00   3.4520e-01   8.0347e+01   6.8585e+00   2.3502e-03   9.0671e-03   3.2645e+02
20250418_18:00:00   3.3922e-01   7.9197e+01   6.8798e+00   5.2610e-06   1.9388e-03   3.2505e+02
20250418_19:00:00   3.3356e-01   7.8120e+01   6.7996e+00   2.1234e-04   1.3457e-03   3.2507e+02
20250418_20:00:00   3.3001e-01   7.7544e+01   6.5812e+00   4.6507e-03   2.0573e-03   3.2487e+02
20250418_21:00:00   3.7972e-01   8.6752e+01   6.8924e+00   1.9119e-02   2.0898e-03   3.2507e+02
20250418_22:00:00   6.1494e-01   1.2500e+02   7.2441e+00   1.0978e-01   3.7000e-03   3.2386e+02
20250418_23:00:00   1.2974e+00   1.9665e+02   7.4516e+00   3.9265e-01   5.3641e-02   3.1994e+02
20250419_00:00:00   1.3638e+00   2.0117e+02   7.4700e+00   4.2290e-01   1.6017e-01   3.1878e+02
20250419_01:00:00   1.2603e+00   1.9393e+02   7.2910e+00   3.8010e-01   1.2636e-01   3.1690e+02
20250419_02:00:00   1.4057e+00   2.0423e+02   6.9954e+00   4.4902e-01   1.1634e-01   3.1538e+02
20250419_03:00:00   1.4941e+00   2.0982e+02   6.7840e+00   4.9184e-01   1.1976e-01   3.1471e+02
20250419_04:00:00   1.0307e+00   1.7449e+02   6.6633e+00   2.9638e-01   1.0796e-01   3.1404e+02
20250419_05:00:00   5.6900e-01   1.1885e+02   6.4632e+00   1.0455e-01   2.4523e-02   3.1420e+02
20250419_06:00:00   3.6548e-01   8.4786e+01   6.3714e+00   2.1253e-02   2.8975e-03   3.1463e+02
20250419_07:00:00   3.1059e-01   7.4402e+01   6.2451e+00   1.3247e-03   7.4596e-04   3.1367e+02
20250419_08:00:00   3.1085e-01   7.4424e+01   6.3097e+00   1.7039e-04   1.0740e-04   3.1399e+02
20250419_09:00:00   3.0356e-01   7.3074e+01   6.1551e+00   6.2860e-05   1.1013e-05   3.1423e+02
20250419_10:00:00   2.8572e-01   6.9650e+01   5.8183e+00   0.0000e+00   2.8290e-07   3.1387e+02
20250419_11:00:00   2.7287e-01   6.7132e+01   5.5714e+00   0.0000e+00   0.0000e+00   3.1285e+02
20250419_12:00:00   2.6142e-01   6.4863e+01   5.3413e+00   0.0000e+00   0.0000e+00   3.0975e+02
20250419_13:00:00   2.5020e-01   6.2661e+01   5.0957e+00   0.0000e+00   0.0000e+00   3.0997e+02
20250419_14:00:00   2.3543e-01   5.9691e+01   4.7914e+00   0.0000e+00   0.0000e+00   3.1031e+02
20250419_15:00:00   2.2140e-01   5.6804e+01   4.5200e+00   0.0000e+00   0.0000e+00   3.1099e+02
20250419_16:00:00   2.1613e-01   5.5701e+01   4.4172e+00   0.0000e+00   0.0000e+00   3.1152e+02
20250419_17:00:00   2.1482e-01   5.5456e+01   4.3711e+00   0.0000e+00   0.0000e+00   3.1052e+02
20250419_18:00:00   2.1375e-01   5.5239e+01   4.3448e+00   0.0000e+00   0.0000e+00   3.1041e+02
20250419_19:00:00   2.1171e-01   5.4831e+01   4.3052e+00   0.0000e+00   0.0000e+00   3.1077e+02
20250419_20:00:00   2.1217e-01   5.4929e+01   4.3100e+00   0.0000e+00   0.0000e+00   3.0871e+02
20250419_21:00:00   2.1688e-01   5.5937e+01   4.3688e+00   6.1330e-04   1.0360e-05   3.0680e+02
20250419_22:00:00   2.3861e-01   6.0562e+01   4.4696e+00   7.6598e-03   1.8320e-05   3.0524e+02
20250419_23:00:00   2.5747e-01   6.4423e+01   4.7106e+00   1.1185e-02   9.2720e-06   3.0214e+02
20250420_00:00:00   4.8012e-01   1.0550e+02   5.0448e+00   9.7146e-02   2.4349e-04   2.9870e+02
20250420_01:00:00   4.7781e-01   1.0503e+02   5.0067e+00   9.7745e-02   4.4179e-03   2.9787e+02
20250420_02:00:00   4.1864e-01   9.5138e+01   4.5071e+00   8.3358e-02   6.5066e-03   2.9817e+02
20250420_03:00:00   3.9511e-01   9.0941e+01   4.4321e+00   7.6070e-02   3.1074e-03   2.9761e+02
20250420_04:00:00   3.3105e-01   7.9139e+01   4.3820e+00   4.9721e-02   9.3961e-04   2.9770e+02
20250420_05:00:00   2.2262e-01   5.7328e+01   4.0558e+00   1.0284e-02   1.7353e-05   2.9924e+02
20250420_06:00:00   1.9323e-01   5.1027e+01   3.9160e+00   1.7570e-04   0.0000e+00   3.0036e+02
20250420_07:00:00   1.8671e-01   4.9618e+01   3.8031e+00   1.1650e-04   0.0000e+00   2.9867e+02
20250420_08:00:00   1.7610e-01   4.7261e+01   3.6169e+00   0.0000e+00   0.0000e+00   2.9854e+02
20250420_09:00:00   1.6450e-01   4.4644e+01   3.4166e+00   0.0000e+00   0.0000e+00   2.9834e+02
20250420_10:00:00   1.5282e-01   4.2022e+01   3.1891e+00   0.0000e+00   0.0000e+00   2.9691e+02
20250420_11:00:00   1.4132e-01   3.9426e+01   2.9506e+00   0.0000e+00   0.0000e+00   2.9608e+02
20250420_12:00:00   1.3969e-01   3.9041e+01   2.9247e+00   0.0000e+00   0.0000e+00   2.9543e+02
20250420_13:00:00   1.4360e-01   3.9901e+01   3.0274e+00   0.0000e+00   0.0000e+00   2.9524e+02
20250420_14:00:00   1.4371e-01   3.9949e+01   3.0195e+00   0.0000e+00   0.0000e+00   2.9628e+02
20250420_15:00:00   1.4133e-01   3.9433e+01   2.9597e+00   0.0000e+00   0.0000e+00   2.9677e+02
20250420_16:00:00   1.4025e-01   3.9183e+01   2.9391e+00   0.0000e+00   0.0000e+00   2.9728e+02
20250420_17:00:00   1.4119e-01   3.9389e+01   2.9677e+00   0.0000e+00   0.0000e+00   2.9723e+02
20250420_18:00:00   1.4136e-01   3.9428e+01   2.9781e+00   0.0000e+00   0.0000e+00   2.9723e+02
20250420_19:00:00   1.4488e-01   4.0216e+01   3.0545e+00   0.0000e+00   0.0000e+00   2.9713e+02
20250420_20:00:00   1.4823e-01   4.0960e+01   3.1320e+00   0.0000e+00   0.0000e+00   2.9612e+02
20250420_21:00:00   1.5102e-01   4.1594e+01   3.1865e+00   9.3250e-05   8.1100e-06   2.9666e+02
20250420_22:00:00   1.6357e-01   4.4433e+01   3.3964e+00   1.1940e-03   1.1072e-04   2.9771e+02
20250420_23:00:00   1.8707e-01   4.9687e+01   3.7589e+00   3.2960e-03   2.0500e-04   2.9768e+02
20250421_00:00:00   2.0468e-01   5.3563e+01   3.9852e+00   6.2220e-03   3.5180e-04   2.9639e+02
20250421_01:00:00   2.4035e-01   6.1062e+01   4.6494e+00   6.7983e-03   3.8846e-05   2.9569e+02
20250421_02:00:00   2.6685e-01   6.6585e+01   4.9261e+00   1.0446e-02   4.8020e-06   2.9481e+02
20250421_03:00:00   3.5457e-01   8.3872e+01   4.6746e+00   5.1890e-02   8.4778e-05   2.9389e+02
20250421_04:00:00   2.7988e-01   6.9352e+01   4.2540e+00   3.0118e-02   1.0902e-03   2.9441e+02
20250421_05:00:00   2.6392e-01   6.6179e+01   3.9019e+00   3.0828e-02   2.3427e-03   2.9578e+02
20250421_06:00:00   3.1135e-01   7.5788e+01   3.5454e+00   5.7468e-02   2.3524e-03   2.9661e+02
20250421_07:00:00   1.8390e-01   4.9166e+01   3.1837e+00   1.2296e-02   4.3226e-03   2.9905e+02
20250421_08:00:00   1.3787e-01   3.8729e+01   2.7538e+00   2.2148e-03   1.6422e-03   3.0210e+02
20250421_09:00:00   1.2619e-01   3.6033e+01   2.4567e+00   3.1552e-03   3.4602e-05   3.0206e+02
20250421_10:00:00   1.0911e-01   3.1974e+01   2.2085e+00   9.7930e-04   0.0000e+00   3.0128e+02
20250421_11:00:00   9.9936e-02   2.9798e+01   2.0511e+00   0.0000e+00   0.0000e+00   3.0091e+02
20250421_12:00:00   9.5504e-02   2.8765e+01   1.9415e+00   0.0000e+00   0.0000e+00   3.0024e+02
20250421_13:00:00   8.9686e-02   2.7368e+01   1.8105e+00   0.0000e+00   0.0000e+00   2.9964e+02
20250421_14:00:00   8.6795e-02   2.6670e+01   1.7423e+00   0.0000e+00   0.0000e+00   2.9834e+02
20250421_15:00:00   8.3817e-02   2.5938e+01   1.6792e+00   0.0000e+00   0.0000e+00   2.9670e+02
20250421_16:00:00   7.7244e-02   2.4304e+01   1.5478e+00   0.0000e+00   0.0000e+00   2.9570e+02
20250421_17:00:00   7.1765e-02   2.2926e+01   1.4347e+00   0.0000e+00   0.0000e+00   2.9549e+02
20250421_18:00:00   6.8784e-02   2.2159e+01   1.3798e+00   0.0000e+00   0.0000e+00   2.9396e+02
20250421_19:00:00   6.7823e-02   2.1905e+01   1.3638e+00   0.0000e+00   0.0000e+00   2.9335e+02
20250421_20:00:00   6.7117e-02   2.1727e+01   1.3491e+00   0.0000e+00   0.0000e+00   2.9195e+02
20250421_21:00:00   7.1292e-02   2.2774e+01   1.3993e+00   9.1740e-04   0.0000e+00   2.9119e+02
20250421_22:00:00   8.7885e-02   2.6901e+01   1.6275e+00   3.8010e-03   3.2390e-06   2.9020e+02
20250421_23:00:00   1.5553e-01   4.2903e+01   2.5278e+00   1.5040e-02   1.0650e-06   2.8864e+02
20250422_00:00:00   1.7107e-01   4.6368e+01   3.2027e+00   7.9830e-03   0.0000e+00   2.8893e+02
20250422_01:00:00   2.6189e-01   6.5977e+01   3.6886e+00   3.4520e-02   2.0516e-05   2.8924e+02
20250422_02:00:00   3.1475e-01   7.6539e+01   4.1425e+00   4.5940e-02   1.4735e-05   2.8859e+02
20250422_03:00:00   2.4330e-01   6.2104e+01   4.0187e+00   1.8257e-02   0.0000e+00   2.8764e+02
20250422_04:00:00   3.2908e-01   7.9408e+01   3.8863e+00   5.6178e-02   3.4890e-05   2.8807e+02
20250422_05:00:00   3.5303e-01   8.3918e+01   3.7480e+00   6.9312e-02   2.4749e-05   2.8853e+02
20250422_06:00:00   2.2424e-01   5.8073e+01   3.7712e+00   1.5471e-02   4.9070e-05   2.8841e+02
20250422_09:00:00   2.0292e-01   5.3575e+01   3.4086e+00   1.3610e-02   2.9380e-05   2.8866e+02
20250422_12:00:00   1.3594e-01   3.8406e+01   2.8052e+00   9.0010e-05   7.1480e-06   2.8905e+02
20250422_15:00:00   9.8261e-02   2.9452e+01   2.0367e+00   0.0000e+00   0.0000e+00   2.8747e+02
20250422_18:00:00   8.4836e-02   2.6115e+01   1.7700e+00   0.0000e+00   0.0000e+00   2.8721e+02
20250422_21:00:00   1.2338e-01   3.5477e+01   2.3737e+00   3.5390e-03   0.0000e+00   2.9154e+02
20250423_00:00:00   1.8983e-01   5.0554e+01   3.5285e+00   7.1396e-03   0.0000e+00   2.8970e+02
20250423_03:00:00   1.7564e-01   4.7417e+01   3.1640e+00   1.0370e-02   0.0000e+00   2.9325e+02
20250423_06:00:00   2.1134e-01   5.5066e+01   4.3499e+00   0.0000e+00   0.0000e+00   2.9453e+02
20250423_09:00:00   2.0567e-01   5.3822e+01   4.2525e+00   0.0000e+00   4.1080e-04   2.9554e+02
20250423_12:00:00   1.7960e-01   4.7970e+01   3.8552e+00   0.0000e+00   4.3787e-03   2.9641e+02
20250423_15:00:00   2.0244e-01   5.2696e+01   4.4147e+00   0.0000e+00   7.8467e-03   2.9512e+02
20250423_18:00:00   1.7678e-01   4.7070e+01   3.8812e+00   0.0000e+00   5.3262e-03   2.9728e+02
20250423_21:00:00   1.6152e-01   4.3784e+01   3.5275e+00   0.0000e+00   1.4408e-04   3.0183e+02
20250424_00:00:00   1.6829e-01   4.5555e+01   3.5099e+00   0.0000e+00   7.2430e-06   3.0016e+02
20250424_03:00:00   1.6513e-01   4.4933e+01   3.4022e+00   6.4816e-05   6.5620e-08   2.9678e+02
20250424_06:00:00   1.3385e-01   3.7806e+01   2.8009e+00   0.0000e+00   0.0000e+00   2.9363e+02
20250424_09:00:00   1.4001e-01   3.9103e+01   3.0061e+00   0.0000e+00   0.0000e+00   2.9485e+02
20250424_12:00:00   1.3344e-01   3.7616e+01   2.8574e+00   0.0000e+00   1.8356e-03   2.9318e+02
20250424_15:00:00   1.1875e-01   3.4188e+01   2.5314e+00   0.0000e+00   5.2450e-03   2.9255e+02
20250424_18:00:00   1.0656e-01   3.1367e+01   2.2506e+00   0.0000e+00   2.3621e-03   2.9453e+02
20250424_21:00:00   9.8713e-02   2.9517e+01   2.0967e+00   0.0000e+00   0.0000e+00   2.9519e+02
20250425_00:00:00   1.7362e-01   4.7281e+01   2.5034e+00   2.0176e-02   2.7134e-05   2.9323e+02
20250425_03:00:00   1.1369e-01   3.3189e+01   2.3806e+00   3.3650e-04   0.0000e+00   2.9306e+02
20250425_06:00:00   1.1767e-01   3.4057e+01   2.4942e+00   0.0000e+00   1.0658e-03   2.9284e+02
20250425_09:00:00   1.2212e-01   3.5057e+01   2.6011e+00   0.0000e+00   3.0166e-03   2.9490e+02
20250425_12:00:00   1.3399e-01   3.7746e+01   2.8788e+00   0.0000e+00   9.3616e-03   2.9294e+02
20250425_15:00:00   1.5330e-01   4.2076e+01   3.3221e+00   0.0000e+00   1.6828e-03   2.9361e+02
20250425_18:00:00   1.5855e-01   4.3168e+01   3.4631e+00   0.0000e+00   1.0005e-02   2.9780e+02
20250425_21:00:00   1.5925e-01   4.3246e+01   3.5184e+00   0.0000e+00   1.7416e-02   2.9692e+02
20250426_00:00:00   2.0865e-01   5.4158e+01   4.5217e+00   0.0000e+00   7.7260e-04   2.9827e+02
20250426_03:00:00   2.8859e-01   7.0576e+01   6.0296e+00   0.0000e+00   5.2985e-04   3.0198e+02
20250426_06:00:00   2.4273e-01   6.1371e+01   5.0867e+00   4.5180e-05   1.0917e-04   3.0747e+02
20250426_09:00:00   2.1478e-01   5.5529e+01   4.5398e+00   0.0000e+00   0.0000e+00   3.0942e+02
20250426_12:00:00   1.9874e-01   5.2085e+01   4.1787e+00   0.0000e+00   0.0000e+00   3.1044e+02
20250426_15:00:00   1.6925e-01   4.5618e+01   3.6123e+00   0.0000e+00   0.0000e+00   3.0635e+02
20250426_18:00:00   1.6099e-01   4.3802e+01   3.4424e+00   0.0000e+00   0.0000e+00   3.0096e+02
20250426_21:00:00   1.4371e-01   3.9945e+01   3.1052e+00   0.0000e+00   4.2997e-03   3.0190e+02
20250427_00:00:00   1.8984e-01   5.0197e+01   4.0651e+00   0.0000e+00   5.3180e-03   2.9459e+02
20250427_03:00:00   2.3314e-01   5.9348e+01   4.9845e+00   0.0000e+00   1.1020e-02   2.9005e+02
20250427_06:00:00   1.7480e-01   4.6883e+01   3.8085e+00   0.0000e+00   1.0900e-02   2.9231e+02
20250427_09:00:00   1.6708e-01   4.5198e+01   3.6482e+00   0.0000e+00   0.0000e+00   2.9744e+02
20250427_12:00:00   1.7492e-01   4.6880e+01   3.8192e+00   0.0000e+00   0.0000e+00   2.9341e+02
20250427_15:00:00   1.6270e-01   4.4333e+01   3.4829e+00   0.0000e+00   0.0000e+00   2.9229e+02
20250427_18:00:00   1.3799e-01   3.8883e+01   2.9129e+00   0.0000e+00   0.0000e+00   2.9479e+02
20250427_21:00:00   1.2907e-01   3.6861e+01   2.7101e+00   0.0000e+00   0.0000e+00   2.9343e+02
20250428_00:00:00   1.3885e-01   3.9173e+01   2.9209e+00   0.0000e+00   0.0000e+00   2.9079e+02
20250428_03:00:00   1.2422e-01   3.5810e+01   2.6435e+00   0.0000e+00   0.0000e+00   2.9196e+02
20250428_06:00:00   1.0514e-01   3.1294e+01   2.2334e+00   0.0000e+00   0.0000e+00   2.9384e+02
20250428_09:00:00   9.7825e-02   2.9483e+01   2.1430e+00   0.0000e+00   0.0000e+00   2.9398e+02
20250428_12:00:00   1.0833e-01   3.1895e+01   2.4519e+00   0.0000e+00   0.0000e+00   2.9228e+02
20250428_15:00:00   1.2188e-01   3.5043e+01   2.8031e+00   0.0000e+00   0.0000e+00   2.9248e+02
20250428_18:00:00   1.2719e-01   3.6419e+01   2.8768e+00   0.0000e+00   0.0000e+00   2.9275e+02
20250428_21:00:00   1.2889e-01   3.6878e+01   2.8981e+00   0.0000e+00   0.0000e+00   2.9511e+02
20250429_00:00:00   1.2855e-01   3.6828e+01   2.8912e+00   0.0000e+00   0.0000e+00   2.9545e+02
20250429_03:00:00   1.3077e-01   3.7346e+01   2.9567e+00   0.0000e+00   0.0000e+00   2.9395e+02
20250429_06:00:00   1.3750e-01   3.8911e+01   3.1021e+00   0.0000e+00   0.0000e+00   2.9777e+02
20250429_09:00:00   1.5186e-01   4.2226e+01   3.4282e+00   0.0000e+00   0.0000e+00   2.9902e+02
20250429_12:00:00   1.5799e-01   4.3627e+01   3.5538e+00   0.0000e+00   0.0000e+00   2.9718e+02
20250429_15:00:00   1.5500e-01   4.2977e+01   3.4581e+00   0.0000e+00   0.0000e+00   2.9828e+02
20250429_18:00:00   1.5829e-01   4.3757e+01   3.4794e+00   0.0000e+00   0.0000e+00   2.9633e+02
20250429_21:00:00   1.5187e-01   4.2404e+01   3.2606e+00   0.0000e+00   0.0000e+00   2.9577e+02
20250430_00:00:00   1.3170e-01   3.7791e+01   2.7716e+00   0.0000e+00   0.0000e+00   2.9381e+02
20250430_03:00:00   1.0489e-01   3.1395e+01   2.1786e+00   0.0000e+00   0.0000e+00   2.9554e+02
20250430_06:00:00   8.1120e-02   2.5514e+01   1.6666e+00   0.0000e+00   0.0000e+00   2.9617e+02
20250430_09:00:00   5.6100e-02   1.9125e+01   1.1187e+00   0.0000e+00   0.0000e+00   2.9577e+02
20250430_12:00:00   5.6441e-02   1.9174e+01   1.1306e+00   0.0000e+00   1.1658e-03   2.9604e+02
20250430_15:00:00   5.4119e-02   1.8579e+01   1.0758e+00   0.0000e+00   4.1546e-04   2.9536e+02
20250430_18:00:00   5.6771e-02   1.9221e+01   1.1519e+00   0.0000e+00   1.2403e-03   2.9781e+02
20250430_21:00:00   6.6497e-02   2.1615e+01   1.4037e+00   0.0000e+00   2.0565e-02   2.9730e+02
20250501_00:00:00   7.1838e-02   2.2979e+01   1.5416e+00   0.0000e+00   1.1027e-02   2.9672e+02
20250501_03:00:00   7.5252e-02   2.3823e+01   1.6265e+00   0.0000e+00   1.9767e-02   2.9563e+02
20250501_06:00:00   7.9601e-02   2.4923e+01   1.7330e+00   0.0000e+00   1.4973e-02   2.9544e+02
20250501_09:00:00   8.1346e-02   2.5358e+01   1.7653e+00   0.0000e+00   1.8845e-02   2.9428e+02
20250501_12:00:00   7.5656e-02   2.3937e+01   1.6324e+00   0.0000e+00   1.3228e-02   2.9178e+02
20250501_15:00:00   7.7008e-02   2.4233e+01   1.6697e+00   0.0000e+00   5.5882e-05   2.9066e+02
20250501_18:00:00   7.1375e-02   2.2679e+01   1.5705e+00   0.0000e+00   3.3370e-03   2.9134e+02
20250501_21:00:00   6.5898e-02   2.1186e+01   1.4650e+00   0.0000e+00   2.4020e-03   2.8884e+02
20250502_00:00:00   7.1835e-02   2.2538e+01   1.6428e+00   0.0000e+00   1.3594e-03   2.8721e+02
20250502_03:00:00   8.8479e-02   2.6433e+01   2.0897e+00   0.0000e+00   5.2397e-03   2.8600e+02
20250502_06:00:00   1.2670e-01   3.5452e+01   3.0066e+00   0.0000e+00   2.4666e-02   2.8793e+02
20250502_09:00:00   1.9141e-01   4.9752e+01   4.5294e+00   0.0000e+00   2.4209e-02   2.8667e+02
20250502_12:00:00   2.0094e-01   5.1797e+01   4.7195e+00   0.0000e+00   2.8004e-02   2.8464e+02
20250502_15:00:00   2.4092e-01   6.0364e+01   5.4667e+00   0.0000e+00   1.1190e-02   2.8586e+02
20250502_18:00:00   1.8901e-01   4.9444e+01   4.3146e+00   0.0000e+00   7.0335e-05   2.8685e+02
20250502_21:00:00   1.7618e-01   4.6738e+01   4.0227e+00   0.0000e+00   0.0000e+00   2.8735e+02
20250503_00:00:00   1.9469e-01   5.1077e+01   4.3584e+00   2.7050e-06   0.0000e+00   2.8445e+02
20250503_03:00:00   1.8808e-01   4.9730e+01   4.2152e+00   1.3430e-05   2.1160e-05   2.8050e+02
20250503_06:00:00   2.0302e-01   5.2893e+01   4.5512e+00   0.0000e+00   5.7520e-03   2.8304e+02
