#            date       tau255        Tb[K]      pwv[mm] lwp[kg*m^-2] iwp[kg*m^-2]       o3[DU]
20251212_18:00:00   1.6655e-01   4.5276e+01   3.8331e+00   0.0000e+00   0.0000e+00   2.5144e+02
20251212_19:00:00   1.8047e-01   4.8431e+01   4.1248e+00   0.0000e+00   0.0000e+00   2.5211e+02
20251212_20:00:00   1.9117e-01   5.0837e+01   4.3436e+00   0.0000e+00   0.0000e+00   2.5360e+02
20251212_21:00:00   1.9642e-01   5.2063e+01   4.4252e+00   0.0000e+00   0.0000e+00   2.5622e+02
20251212_22:00:00   1.9616e-01   5.2043e+01   4.4122e+00   0.0000e+00   0.0000e+00   2.5731e+02
20251212_23:00:00   1.8801e-01   5.0320e+01   4.2249e+00   0.0000e+00   0.0000e+00   2.5934e+02
20251213_00:00:00   1.8142e-01   4.8877e+01   4.0859e+00   0.0000e+00   0.0000e+00   2.5917e+02
20251213_01:00:00   1.7783e-01   4.8104e+01   3.9884e+00   0.0000e+00   0.0000e+00   2.5979e+02
20251213_02:00:00   1.6486e-01   4.5262e+01   3.6694e+00   0.0000e+00   0.0000e+00   2.5814e+02
20251213_03:00:00   1.4710e-01   4.1258e+01   3.2730e+00   0.0000e+00   0.0000e+00   2.5646e+02
20251213_04:00:00   1.3962e-01   3.9526e+01   3.1032e+00   0.0000e+00   0.0000e+00   2.5408e+02
20251213_05:00:00   1.3115e-01   3.7544e+01   2.9193e+00   0.0000e+00   0.0000e+00   2.5152e+02
20251213_06:00:00   1.2678e-01   3.6515e+01   2.8175e+00   0.0000e+00   0.0000e+00   2.5025e+02
20251213_07:00:00   1.1644e-01   3.4043e+01   2.5890e+00   0.0000e+00   0.0000e+00   2.4922e+02
20251213_08:00:00   1.0600e-01   3.1493e+01   2.3630e+00   0.0000e+00   0.0000e+00   2.4869e+02
20251213_09:00:00   9.6618e-02   2.9173e+01   2.1562e+00   0.0000e+00   0.0000e+00   2.4936e+02
20251213_10:00:00   9.3970e-02   2.8502e+01   2.0943e+00   0.0000e+00   0.0000e+00   2.5019e+02
20251213_11:00:00   9.2825e-02   2.8232e+01   2.0622e+00   0.0000e+00   0.0000e+00   2.5030e+02
20251213_12:00:00   9.0730e-02   2.7724e+01   2.0097e+00   0.0000e+00   0.0000e+00   2.5072e+02
20251213_13:00:00   8.7419e-02   2.6929e+01   1.9253e+00   0.0000e+00   0.0000e+00   2.5019e+02
20251213_14:00:00   8.6358e-02   2.6682e+01   1.8924e+00   0.0000e+00   0.0000e+00   2.4889e+02
20251213_15:00:00   8.4208e-02   2.6164e+01   1.8407e+00   0.0000e+00   0.0000e+00   2.4818e+02
20251213_16:00:00   8.1791e-02   2.5581e+01   1.7801e+00   0.0000e+00   0.0000e+00   2.4908e+02
20251213_17:00:00   7.9278e-02   2.4960e+01   1.7197e+00   0.0000e+00   0.0000e+00   2.4958e+02
20251213_18:00:00   7.8390e-02   2.4746e+01   1.6947e+00   0.0000e+00   0.0000e+00   2.4942e+02
20251213_19:00:00   7.7199e-02   2.4459e+01   1.6609e+00   0.0000e+00   0.0000e+00   2.4841e+02
20251213_20:00:00   7.5553e-02   2.4053e+01   1.6208e+00   0.0000e+00   0.0000e+00   2.4767e+02
20251213_21:00:00   7.3125e-02   2.3446e+01   1.5608e+00   0.0000e+00   0.0000e+00   2.4747e+02
20251213_22:00:00   6.7401e-02   2.2015e+01   1.4192e+00   0.0000e+00   0.0000e+00   2.4695e+02
20251213_23:00:00   6.4843e-02   2.1367e+01   1.3537e+00   0.0000e+00   0.0000e+00   2.4625e+02
20251214_00:00:00   6.4880e-02   2.1347e+01   1.3622e+00   0.0000e+00   0.0000e+00   2.4577e+02
20251214_01:00:00   6.3964e-02   2.1096e+01   1.3445e+00   0.0000e+00   0.0000e+00   2.4504e+02
20251214_02:00:00   6.3538e-02   2.0974e+01   1.3372e+00   0.0000e+00   0.0000e+00   2.4384e+02
20251214_03:00:00   6.3680e-02   2.0994e+01   1.3476e+00   0.0000e+00   0.0000e+00   2.4300e+02
20251214_04:00:00   6.7719e-02   2.1963e+01   1.4610e+00   0.0000e+00   0.0000e+00   2.4266e+02
20251214_05:00:00   7.0770e-02   2.2672e+01   1.5515e+00   0.0000e+00   0.0000e+00   2.4288e+02
20251214_06:00:00   7.2517e-02   2.3059e+01   1.6102e+00   0.0000e+00   0.0000e+00   2.4399e+02
20251214_07:00:00   7.4655e-02   2.3550e+01   1.6715e+00   0.0000e+00   0.0000e+00   2.4488e+02
20251214_08:00:00   7.4600e-02   2.3523e+01   1.6698e+00   0.0000e+00   0.0000e+00   2.4477e+02
20251214_09:00:00   7.4104e-02   2.3415e+01   1.6510e+00   0.0000e+00   0.0000e+00   2.4484e+02
20251214_10:00:00   7.4056e-02   2.3407e+01   1.6456e+00   0.0000e+00   0.0000e+00   2.4559e+02
20251214_11:00:00   7.6405e-02   2.3973e+01   1.7063e+00   0.0000e+00   0.0000e+00   2.4703e+02
20251214_12:00:00   8.0076e-02   2.4900e+01   1.7905e+00   0.0000e+00   0.0000e+00   2.4682e+02
20251214_13:00:00   8.6664e-02   2.6508e+01   1.9573e+00   0.0000e+00   0.0000e+00   2.4536e+02
20251214_14:00:00   9.3637e-02   2.8213e+01   2.1254e+00   0.0000e+00   0.0000e+00   2.4448e+02
20251214_15:00:00   1.0294e-01   3.0480e+01   2.3410e+00   0.0000e+00   0.0000e+00   2.4312e+02
20251214_16:00:00   1.1790e-01   3.4040e+01   2.6986e+00   0.0000e+00   0.0000e+00   2.4325e+02
20251214_17:00:00   1.3318e-01   3.7652e+01   3.0347e+00   0.0000e+00   0.0000e+00   2.4350e+02
20251214_18:00:00   1.4298e-01   3.9945e+01   3.2422e+00   0.0000e+00   0.0000e+00   2.4434e+02
20251214_19:00:00   1.4964e-01   4.1467e+01   3.3984e+00   0.0000e+00   0.0000e+00   2.4514e+02
20251214_20:00:00   1.5067e-01   4.1695e+01   3.4238e+00   0.0000e+00   0.0000e+00   2.4670e+02
20251214_21:00:00   1.5468e-01   4.2565e+01   3.5403e+00   0.0000e+00   0.0000e+00   2.4772e+02
20251214_22:00:00   1.6050e-01   4.3850e+01   3.6758e+00   0.0000e+00   0.0000e+00   2.4708e+02
20251214_23:00:00   1.7051e-01   4.6013e+01   3.9280e+00   0.0000e+00   0.0000e+00   2.4567e+02
20251215_00:00:00   1.8019e-01   4.8130e+01   4.1450e+00   4.0180e-05   0.0000e+00   2.4455e+02
20251215_01:00:00   1.9056e-01   5.0428e+01   4.3576e+00   2.2270e-04   0.0000e+00   2.4294e+02
20251215_02:00:00   1.9662e-01   5.1765e+01   4.4884e+00   1.7060e-04   0.0000e+00   2.4219e+02
20251215_03:00:00   2.1625e-01   5.5936e+01   4.9233e+00   1.0220e-04   0.0000e+00   2.4176e+02
20251215_04:00:00   2.3685e-01   6.0271e+01   5.2862e+00   1.7270e-03   0.0000e+00   2.4243e+02
20251215_05:00:00   2.4704e-01   6.2286e+01   5.5614e+00   1.3283e-03   0.0000e+00   2.4182e+02
20251215_06:00:00   2.5704e-01   6.4204e+01   5.8750e+00   1.5560e-04   0.0000e+00   2.4049e+02
20251215_07:00:00   2.7009e-01   6.6748e+01   6.1680e+00   7.8620e-05   7.0227e-05   2.4017e+02
20251215_08:00:00   2.8097e-01   6.8862e+01   6.3792e+00   5.3460e-04   3.6059e-04   2.4045e+02
20251215_09:00:00   2.9092e-01   7.0730e+01   6.6034e+00   4.5810e-04   8.6608e-04   2.3959e+02
20251215_10:00:00   2.9404e-01   7.1324e+01   6.6745e+00   0.0000e+00   1.8142e-04   2.3836e+02
20251215_11:00:00   2.9576e-01   7.1607e+01   6.7368e+00   0.0000e+00   1.0489e-03   2.3834e+02
20251215_12:00:00   2.8756e-01   6.9995e+01   6.5655e+00   0.0000e+00   1.6097e-03   2.3966e+02
20251215_13:00:00   2.7906e-01   6.8337e+01   6.3946e+00   0.0000e+00   1.6900e-04   2.4070e+02
20251215_14:00:00   2.7517e-01   6.7515e+01   6.3353e+00   0.0000e+00   1.8104e-03   2.4001e+02
20251215_15:00:00   2.7473e-01   6.7385e+01   6.3472e+00   0.0000e+00   1.9177e-03   2.3971e+02
20251215_16:00:00   2.7982e-01   6.8322e+01   6.4707e+00   0.0000e+00   1.0825e-02   2.3976e+02
20251215_17:00:00   2.8128e-01   6.8597e+01   6.5051e+00   0.0000e+00   3.3103e-03   2.3931e+02
20251215_18:00:00   2.7519e-01   6.7444e+01   6.3610e+00   0.0000e+00   7.8107e-04   2.3972e+02
20251215_19:00:00   2.7858e-01   6.8041e+01   6.4367e+00   0.0000e+00   7.1456e-03   2.4149e+02
20251215_20:00:00   2.7619e-01   6.7528e+01   6.3809e+00   0.0000e+00   4.6207e-02   2.4247e+02
20251215_21:00:00   2.6371e-01   6.5018e+01   6.1317e+00   0.0000e+00   1.5356e-02   2.4371e+02
20251215_22:00:00   2.5927e-01   6.4085e+01   6.0542e+00   0.0000e+00   1.0027e-02   2.4392e+02
20251215_23:00:00   2.6740e-01   6.5620e+01   6.2319e+00   0.0000e+00   3.8591e-02   2.4410e+02
20251216_00:00:00   2.7299e-01   6.6759e+01   6.3314e+00   0.0000e+00   2.7034e-02   2.4378e+02
20251216_01:00:00   2.6343e-01   6.4934e+01   6.1150e+00   0.0000e+00   5.5996e-03   2.4358e+02
20251216_02:00:00   2.8376e-01   6.9009e+01   6.5342e+00   0.0000e+00   5.3540e-03   2.4244e+02
20251216_03:00:00   2.9901e-01   7.1983e+01   6.7744e+00   6.0170e-04   6.7365e-02   2.4329e+02
20251216_04:00:00   2.8880e-01   7.0010e+01   6.5635e+00   2.3250e-04   3.9808e-02   2.4441e+02
20251216_05:00:00   2.9572e-01   7.1306e+01   6.6995e+00   2.6830e-04   7.4782e-02   2.4368e+02
20251216_06:00:00   2.8418e-01   6.8975e+01   6.4508e+00   0.0000e+00   8.5481e-02   2.4441e+02
20251216_07:00:00   2.9812e-01   7.1615e+01   6.7319e+00   0.0000e+00   1.2006e-01   2.4522e+02
20251216_08:00:00   2.9340e-01   7.0732e+01   6.6512e+00   0.0000e+00   9.0761e-02   2.4445e+02
20251216_09:00:00   2.6644e-01   6.5423e+01   6.1119e+00   0.0000e+00   2.3965e-02   2.4358e+02
20251216_10:00:00   2.7607e-01   6.7290e+01   6.3125e+00   0.0000e+00   1.8249e-02   2.4335e+02
20251216_11:00:00   3.1169e-01   7.4287e+01   6.9709e+00   0.0000e+00   8.9509e-02   2.4353e+02
20251216_12:00:00   3.1971e-01   7.5758e+01   7.0394e+00   0.0000e+00   2.4629e-01   2.4362e+02
20251216_13:00:00   2.8833e-01   6.9809e+01   6.4484e+00   0.0000e+00   1.1041e-01   2.4514e+02
20251216_14:00:00   2.9021e-01   6.9928e+01   6.5282e+00   0.0000e+00   1.8065e-01   2.4565e+02
20251216_15:00:00   2.8999e-01   6.9881e+01   6.5218e+00   0.0000e+00   1.7372e-01   2.4501e+02
20251216_16:00:00   2.8299e-01   6.8490e+01   6.3849e+00   0.0000e+00   1.5936e-01   2.4473e+02
20251216_17:00:00   3.2574e-01   7.6986e+01   7.1140e+00   0.0000e+00   1.4120e-01   2.4422e+02
20251216_18:00:00   3.4040e-01   7.9807e+01   7.4404e+00   0.0000e+00   7.0396e-02   2.4473e+02
20251216_19:00:00   3.2955e-01   7.7902e+01   7.2383e+00   0.0000e+00   2.3356e-02   2.4424e+02
20251216_20:00:00   3.1718e-01   7.5607e+01   6.9723e+00   0.0000e+00   1.0985e-01   2.4367e+02
20251216_21:00:00   2.8211e-01   6.9179e+01   6.2009e+00   0.0000e+00   8.3233e-03   2.4390e+02
20251216_22:00:00   2.5324e-01   6.3555e+01   5.5408e+00   0.0000e+00   4.1150e-05   2.4235e+02
20251216_23:00:00   2.3239e-01   5.9277e+01   5.1127e+00   0.0000e+00   2.0727e-03   2.4049e+02
20251217_00:00:00   2.0791e-01   5.4422e+01   4.4625e+00   0.0000e+00   0.0000e+00   2.4104e+02
20251217_01:00:00   1.9976e-01   5.2671e+01   4.2739e+00   0.0000e+00   0.0000e+00   2.4121e+02
20251217_02:00:00   1.7863e-01   4.8040e+01   3.8731e+00   0.0000e+00   0.0000e+00   2.4132e+02
20251217_03:00:00   1.6238e-01   4.4470e+01   3.5137e+00   0.0000e+00   0.0000e+00   2.4161e+02
20251217_04:00:00   1.5129e-01   4.1930e+01   3.2962e+00   0.0000e+00   0.0000e+00   2.4188e+02
20251217_05:00:00   1.4038e-01   3.9424e+01   3.0729e+00   0.0000e+00   0.0000e+00   2.4322e+02
20251217_06:00:00   1.3325e-01   3.7759e+01   2.9204e+00   0.0000e+00   0.0000e+00   2.4354e+02
20251217_07:00:00   1.2850e-01   3.6631e+01   2.8235e+00   0.0000e+00   0.0000e+00   2.4290e+02
20251217_08:00:00   1.2607e-01   3.6066e+01   2.7663e+00   0.0000e+00   0.0000e+00   2.4207e+02
20251217_09:00:00   1.3198e-01   3.7430e+01   2.8844e+00   0.0000e+00   0.0000e+00   2.4127e+02
20251217_10:00:00   1.2598e-01   3.6000e+01   2.7673e+00   0.0000e+00   0.0000e+00   2.4002e+02
20251217_11:00:00   1.2870e-01   3.6611e+01   2.8289e+00   0.0000e+00   0.0000e+00   2.3991e+02
20251217_12:00:00   1.3426e-01   3.7855e+01   2.9617e+00   0.0000e+00   0.0000e+00   2.4122e+02
20251217_13:00:00   1.3283e-01   3.7485e+01   2.9499e+00   0.0000e+00   0.0000e+00   2.4238e+02
20251217_14:00:00   1.3216e-01   3.7290e+01   2.9489e+00   0.0000e+00   0.0000e+00   2.4343e+02
20251217_15:00:00   1.3472e-01   3.7860e+01   3.0073e+00   0.0000e+00   0.0000e+00   2.4309e+02
20251217_16:00:00   1.3311e-01   3.7468e+01   2.9884e+00   0.0000e+00   0.0000e+00   2.4344e+02
20251217_17:00:00   1.3390e-01   3.7636e+01   3.0202e+00   0.0000e+00   0.0000e+00   2.4243e+02
20251217_18:00:00   1.3398e-01   3.7666e+01   3.0270e+00   0.0000e+00   0.0000e+00   2.4230e+02
20251217_21:00:00   1.3151e-01   3.7148e+01   2.9749e+00   0.0000e+00   0.0000e+00   2.4290e+02
20251218_00:00:00   1.3595e-01   3.8169e+01   3.0922e+00   0.0000e+00   0.0000e+00   2.4264e+02
20251218_03:00:00   1.3239e-01   3.7296e+01   3.0422e+00   0.0000e+00   0.0000e+00   2.4067e+02
20251218_06:00:00   1.2587e-01   3.5803e+01   2.8975e+00   0.0000e+00   0.0000e+00   2.3944e+02
20251218_09:00:00   1.2397e-01   3.5359e+01   2.8573e+00   0.0000e+00   0.0000e+00   2.3972e+02
20251218_12:00:00   1.2161e-01   3.4806e+01   2.7969e+00   0.0000e+00   0.0000e+00   2.3766e+02
20251218_15:00:00   1.1430e-01   3.3112e+01   2.6161e+00   0.0000e+00   0.0000e+00   2.3815e+02
20251218_18:00:00   1.0789e-01   3.1647e+01   2.4603e+00   0.0000e+00   0.0000e+00   2.4064e+02
20251218_21:00:00   1.0921e-01   3.1976e+01   2.4877e+00   0.0000e+00   0.0000e+00   2.4122e+02
20251219_00:00:00   1.1034e-01   3.2192e+01   2.5353e+00   1.3060e-04   0.0000e+00   2.4013e+02
20251219_03:00:00   1.2096e-01   3.4700e+01   2.7207e+00   1.2400e-03   0.0000e+00   2.4107e+02
20251219_06:00:00   1.1718e-01   3.3736e+01   2.7065e+00   1.4790e-05   0.0000e+00   2.4080e+02
20251219_09:00:00   1.1138e-01   3.2529e+01   2.5109e+00   0.0000e+00   0.0000e+00   2.4131e+02
20251219_12:00:00   1.0256e-01   3.0538e+01   2.2652e+00   0.0000e+00   0.0000e+00   2.4138e+02
20251219_15:00:00   9.8391e-02   2.9571e+01   2.1458e+00   0.0000e+00   0.0000e+00   2.4023e+02
20251219_18:00:00   1.0580e-01   3.1164e+01   2.3805e+00   0.0000e+00   0.0000e+00   2.4355e+02
20251219_21:00:00   9.5637e-02   2.8747e+01   2.1391e+00   0.0000e+00   0.0000e+00   2.4584e+02
20251220_00:00:00   9.1119e-02   2.7484e+01   2.0858e+00   0.0000e+00   0.0000e+00   2.4586e+02
20251220_03:00:00   9.8417e-02   2.9047e+01   2.3096e+00   3.6430e-05   0.0000e+00   2.4628e+02
20251220_06:00:00   1.1728e-01   3.3426e+01   2.7865e+00   1.1670e-05   2.7400e-07   2.4779e+02
20251220_09:00:00   1.4806e-01   4.0362e+01   3.5504e+00   0.0000e+00   3.9920e-04   2.5000e+02
20251220_12:00:00   1.8315e-01   4.7982e+01   4.3815e+00   0.0000e+00   1.9006e-03   2.4754e+02
20251220_15:00:00   2.6025e-01   6.4235e+01   5.9932e+00   0.0000e+00   7.7847e-03   2.4669e+02
20251220_18:00:00   2.7434e-01   6.7156e+01   6.2540e+00   0.0000e+00   5.5447e-04   2.4948e+02
20251220_21:00:00   3.3486e-01   7.9139e+01   7.4342e+00   0.0000e+00   1.0664e-03   2.4882e+02
20251221_00:00:00   3.5653e-01   8.3622e+01   7.6678e+00   0.0000e+00   3.4232e-05   2.4754e+02
20251221_03:00:00   3.2537e-01   7.8310e+01   6.9596e+00   0.0000e+00   0.0000e+00   2.4667e+02
20251221_06:00:00   2.6981e-01   6.7274e+01   5.9317e+00   0.0000e+00   2.2882e-03   2.4635e+02
20251221_09:00:00   2.5098e-01   6.3369e+01   5.6016e+00   0.0000e+00   3.3276e-05   2.4753e+02
20251221_12:00:00   2.6564e-01   6.5964e+01   6.0885e+00   0.0000e+00   8.3258e-03   2.4683e+02
20251221_15:00:00   2.7349e-01   6.7491e+01   6.2765e+00   0.0000e+00   2.4609e-03   2.4577e+02
20251221_18:00:00   2.9926e-01   7.2673e+01   6.8008e+00   0.0000e+00   3.5848e-04   2.4440e+02
20251221_21:00:00   2.9916e-01   7.2806e+01   6.7974e+00   0.0000e+00   2.2112e-04   2.4473e+02
20251222_00:00:00   3.1845e-01   7.6365e+01   7.2576e+00   0.0000e+00   2.9738e-03   2.4505e+02
20251222_03:00:00   3.1334e-01   7.5580e+01   7.0970e+00   0.0000e+00   0.0000e+00   2.4385e+02
20251222_06:00:00   3.0801e-01   7.4650e+01   6.9046e+00   0.0000e+00   0.0000e+00   2.4601e+02
20251222_09:00:00   3.0917e-01   7.4940e+01   6.8801e+00   0.0000e+00   0.0000e+00   2.4694e+02
20251222_12:00:00   3.1811e-01   7.6743e+01   6.9819e+00   0.0000e+00   0.0000e+00   2.4641e+02
20251222_15:00:00   2.9268e-01   7.2037e+01   6.4178e+00   0.0000e+00   0.0000e+00   2.4570e+02
20251222_18:00:00   2.8325e-01   7.0276e+01   6.1878e+00   0.0000e+00   0.0000e+00   2.4585e+02
20251222_21:00:00   2.6636e-01   6.6992e+01   5.8278e+00   0.0000e+00   0.0000e+00   2.4603e+02
20251223_00:00:00   2.5298e-01   6.4254e+01   5.5991e+00   0.0000e+00   0.0000e+00   2.4570e+02
20251223_03:00:00   2.6481e-01   6.6705e+01   5.7911e+00   0.0000e+00   0.0000e+00   2.4678e+02
20251223_06:00:00   2.6343e-01   6.6485e+01   5.7125e+00   0.0000e+00   0.0000e+00   2.4512e+02
20251223_09:00:00   2.4553e-01   6.2874e+01   5.3735e+00   0.0000e+00   0.0000e+00   2.4361e+02
20251223_12:00:00   2.4145e-01   6.2016e+01   5.2729e+00   0.0000e+00   9.9240e-06   2.4609e+02
20251223_15:00:00   2.3657e-01   6.1011e+01   5.1467e+00   0.0000e+00   0.0000e+00   2.4609e+02
20251223_18:00:00   2.3025e-01   5.9700e+01   4.9927e+00   0.0000e+00   1.2824e-05   2.4752e+02
20251223_21:00:00   2.2138e-01   5.7922e+01   4.7904e+00   0.0000e+00   4.2690e-05   2.4813e+02
20251224_00:00:00   2.1822e-01   5.7279e+01   4.7091e+00   0.0000e+00   5.7470e-05   2.4953e+02
20251224_03:00:00   2.3006e-01   5.9873e+01   4.9059e+00   0.0000e+00   4.9072e-05   2.4935e+02
20251224_06:00:00   2.0813e-01   5.5199e+01   4.4321e+00   0.0000e+00   4.5640e-05   2.4413e+02
20251224_09:00:00   1.8320e-01   4.9732e+01   3.9018e+00   0.0000e+00   1.2434e-04   2.4424e+02
20251224_12:00:00   1.7795e-01   4.8526e+01   3.7911e+00   0.0000e+00   1.0472e-05   2.4531e+02
20251224_15:00:00   1.6918e-01   4.6578e+01   3.5818e+00   0.0000e+00   1.6840e-04   2.4622e+02
20251224_18:00:00   1.6029e-01   4.4587e+01   3.3915e+00   0.0000e+00   2.9038e-05   2.4745e+02
20251224_21:00:00   1.4995e-01   4.2272e+01   3.1856e+00   0.0000e+00   7.3170e-05   2.4817e+02
20251225_00:00:00   1.3849e-01   3.9622e+01   2.9477e+00   0.0000e+00   1.1600e-04   2.4782e+02
20251225_03:00:00   1.2997e-01   3.7625e+01   2.7638e+00   0.0000e+00   1.8414e-05   2.4599e+02
20251225_06:00:00   1.2636e-01   3.6764e+01   2.6682e+00   0.0000e+00   3.4840e-05   2.4315e+02
20251225_09:00:00   1.0950e-01   3.2718e+01   2.3120e+00   0.0000e+00   0.0000e+00   2.4285e+02
20251225_12:00:00   9.5696e-02   2.9295e+01   2.0191e+00   0.0000e+00   3.3459e-03   2.4351e+02
20251225_15:00:00   8.9172e-02   2.7688e+01   1.8647e+00   0.0000e+00   1.8938e-03   2.4122e+02
20251225_18:00:00   9.7717e-02   2.9781e+01   2.0408e+00   0.0000e+00   4.2240e-03   2.4045e+02
20251225_21:00:00   9.8237e-02   2.9876e+01   2.0816e+00   0.0000e+00   9.0634e-03   2.4452e+02
20251226_00:00:00   8.9805e-02   2.7830e+01   1.8928e+00   0.0000e+00   1.5996e-03   2.4435e+02
20251226_03:00:00   8.9111e-02   2.7574e+01   1.9024e+00   0.0000e+00   1.4808e-02   2.4521e+02
20251226_06:00:00   1.0439e-01   3.1240e+01   2.2646e+00   0.0000e+00   1.0059e-03   2.4438e+02
20251226_09:00:00   8.5723e-02   2.6706e+01   1.8141e+00   0.0000e+00   2.8016e-03   2.4563e+02
20251226_12:00:00   7.3315e-02   2.3596e+01   1.5289e+00   0.0000e+00   3.3920e-04   2.4957e+02
20251226_15:00:00   7.0358e-02   2.2811e+01   1.4823e+00   0.0000e+00   1.2160e-04   2.5099e+02
20251226_18:00:00   6.8634e-02   2.2399e+01   1.4389e+00   0.0000e+00   9.8250e-05   2.5007e+02
20251226_21:00:00   7.5379e-02   2.4006e+01   1.6302e+00   0.0000e+00   4.6283e-04   2.5008e+02
20251227_00:00:00   8.4144e-02   2.6190e+01   1.8489e+00   0.0000e+00   0.0000e+00   2.5229e+02
20251227_03:00:00   8.9604e-02   2.7430e+01   2.0207e+00   0.0000e+00   3.6340e-05   2.5244e+02
20251227_06:00:00   9.1097e-02   2.7739e+01   2.0781e+00   0.0000e+00   1.2219e-03   2.5046e+02
20251227_09:00:00   8.7552e-02   2.6882e+01   1.9853e+00   0.0000e+00   1.5326e-04   2.4830e+02
20251227_12:00:00   9.8910e-02   2.9567e+01   2.2949e+00   0.0000e+00   5.1680e-04   2.4841e+02
20251227_15:00:00   1.0741e-01   3.1643e+01   2.5016e+00   0.0000e+00   2.8720e-04   2.4696e+02
20251227_18:00:00   1.2347e-01   3.5484e+01   2.8642e+00   0.0000e+00   5.0260e-04   2.4639e+02
20251227_21:00:00   1.3776e-01   3.8749e+01   3.2047e+00   0.0000e+00   1.2988e-04   2.4519e+02
20251228_00:00:00   2.0936e-01   5.4843e+01   3.8560e+00   1.7240e-02   4.1620e-05   2.4785e+02
20251228_03:00:00   1.6922e-01   4.5705e+01   3.9516e+00   7.2400e-07   3.0700e-05   2.5157e+02
20251228_06:00:00   2.0392e-01   5.3218e+01   4.7248e+00   0.0000e+00   2.6800e-04   2.4740e+02
20251228_09:00:00   2.5541e-01   6.4173e+01   5.6716e+00   7.8260e-04   2.0920e-04   2.4986e+02
20251228_12:00:00   2.9073e-01   7.0922e+01   6.4451e+00   7.2520e-06   5.9081e-06   2.5100e+02
20251228_15:00:00   3.0437e-01   7.3512e+01   6.6661e+00   0.0000e+00   2.6220e-05   2.5269e+02
20251228_18:00:00   3.0810e-01   7.4300e+01   6.6523e+00   0.0000e+00   6.6260e-05   2.4822e+02
