#            date       tau255        Tb[K]      pwv[mm] lwp[kg*m^-2] iwp[kg*m^-2]       o3[DU]
20250503_18:00:00   4.4022e-02   1.5971e+01   8.0999e-01   0.0000e+00   0.0000e+00   2.9263e+02
20250503_19:00:00   4.3607e-02   1.5861e+01   7.9983e-01   0.0000e+00   0.0000e+00   2.9291e+02
20250503_20:00:00   4.3785e-02   1.5905e+01   8.0601e-01   0.0000e+00   0.0000e+00   2.9365e+02
20250503_21:00:00   4.3630e-02   1.5858e+01   8.0432e-01   0.0000e+00   0.0000e+00   2.9000e+02
20250503_22:00:00   4.3437e-02   1.5816e+01   7.9986e-01   0.0000e+00   0.0000e+00   2.8726e+02
20250503_23:00:00   4.3309e-02   1.5783e+01   7.9815e-01   0.0000e+00   0.0000e+00   2.8500e+02
20250504_00:00:00   4.4081e-02   1.5978e+01   8.1993e-01   0.0000e+00   0.0000e+00   2.8413e+02
20250504_01:00:00   4.4112e-02   1.5981e+01   8.2142e-01   0.0000e+00   0.0000e+00   2.8378e+02
20250504_02:00:00   4.4172e-02   1.5988e+01   8.2550e-01   0.0000e+00   0.0000e+00   2.8413e+02
20250504_03:00:00   4.4073e-02   1.5960e+01   8.2440e-01   0.0000e+00   0.0000e+00   2.8650e+02
20250504_04:00:00   4.3960e-02   1.5934e+01   8.2050e-01   0.0000e+00   0.0000e+00   2.8601e+02
20250504_05:00:00   4.3554e-02   1.5829e+01   8.0853e-01   0.0000e+00   0.0000e+00   2.8668e+02
20250504_06:00:00   4.3670e-02   1.5860e+01   8.1086e-01   0.0000e+00   0.0000e+00   2.8863e+02
20250504_07:00:00   4.3897e-02   1.5913e+01   8.1679e-01   0.0000e+00   0.0000e+00   2.8958e+02
20250504_08:00:00   4.3870e-02   1.5901e+01   8.1732e-01   0.0000e+00   0.0000e+00   2.9002e+02
20250504_09:00:00   4.5206e-02   1.6244e+01   8.4928e-01   0.0000e+00   0.0000e+00   2.9042e+02
20250504_10:00:00   4.4743e-02   1.6127e+01   8.3687e-01   0.0000e+00   0.0000e+00   2.9089e+02
20250504_11:00:00   4.4899e-02   1.6172e+01   8.3819e-01   0.0000e+00   0.0000e+00   2.9031e+02
20250504_12:00:00   4.4841e-02   1.6159e+01   8.3555e-01   0.0000e+00   0.0000e+00   2.8917e+02
20250504_13:00:00   4.4545e-02   1.6083e+01   8.2495e-01   0.0000e+00   0.0000e+00   2.8874e+02
20250504_14:00:00   4.4587e-02   1.6099e+01   8.2190e-01   0.0000e+00   0.0000e+00   2.8859e+02
20250504_15:00:00   4.5760e-02   1.6397e+01   8.5287e-01   0.0000e+00   0.0000e+00   2.8697e+02
20250504_16:00:00   4.6444e-02   1.6562e+01   8.7332e-01   0.0000e+00   0.0000e+00   2.8520e+02
20250504_17:00:00   4.5355e-02   1.6278e+01   8.4767e-01   0.0000e+00   0.0000e+00   2.8415e+02
20250504_18:00:00   4.6178e-02   1.6486e+01   8.6901e-01   0.0000e+00   0.0000e+00   2.8559e+02
20250504_19:00:00   4.6418e-02   1.6542e+01   8.7695e-01   0.0000e+00   0.0000e+00   2.8765e+02
20250504_20:00:00   4.5616e-02   1.6320e+01   8.6167e-01   0.0000e+00   0.0000e+00   2.8838e+02
20250504_21:00:00   4.6068e-02   1.6424e+01   8.7635e-01   0.0000e+00   1.3110e-05   2.8633e+02
20250504_22:00:00   4.5407e-02   1.6242e+01   8.6544e-01   0.0000e+00   5.1540e-05   2.8589e+02
20250504_23:00:00   4.6075e-02   1.6410e+01   8.8440e-01   0.0000e+00   2.1060e-05   2.8593e+02
20250505_00:00:00   4.5616e-02   1.6295e+01   8.7291e-01   0.0000e+00   8.4740e-05   2.8442e+02
20250505_01:00:00   4.5349e-02   1.6212e+01   8.6796e-01   0.0000e+00   3.0807e-03   2.8526e+02
20250505_02:00:00   4.5261e-02   1.6189e+01   8.6645e-01   0.0000e+00   3.9140e-03   2.8515e+02
20250505_03:00:00   4.5112e-02   1.6136e+01   8.6443e-01   0.0000e+00   7.7280e-03   2.8493e+02
20250505_04:00:00   4.5809e-02   1.6293e+01   8.8547e-01   0.0000e+00   1.0396e-02   2.8541e+02
20250505_05:00:00   4.6906e-02   1.6559e+01   9.2011e-01   0.0000e+00   4.9620e-03   2.8657e+02
20250505_06:00:00   4.7253e-02   1.6634e+01   9.3151e-01   0.0000e+00   3.5432e-03   2.8763e+02
20250505_07:00:00   4.7630e-02   1.6741e+01   9.3630e-01   0.0000e+00   3.6553e-03   2.8783e+02
20250505_08:00:00   4.9425e-02   1.7174e+01   9.8504e-01   0.0000e+00   4.2288e-03   2.8602e+02
20250505_09:00:00   4.8869e-02   1.6992e+01   9.7627e-01   0.0000e+00   1.3128e-02   2.8553e+02
20250505_10:00:00   4.7514e-02   1.6631e+01   9.4233e-01   0.0000e+00   1.8328e-02   2.8600e+02
20250505_11:00:00   4.7837e-02   1.6740e+01   9.5155e-01   0.0000e+00   3.8760e-03   2.8711e+02
20250505_12:00:00   4.7384e-02   1.6609e+01   9.4427e-01   0.0000e+00   3.5061e-03   2.8759e+02
20250505_13:00:00   4.7555e-02   1.6633e+01   9.4942e-01   0.0000e+00   6.5010e-03   2.8826e+02
20250505_14:00:00   5.0129e-02   1.7205e+01   1.0218e+00   0.0000e+00   3.0354e-02   2.8756e+02
20250505_15:00:00   5.3120e-02   1.7939e+01   1.1043e+00   0.0000e+00   2.3822e-02   2.8787e+02
20250505_16:00:00   4.9917e-02   1.7143e+01   1.0174e+00   0.0000e+00   2.6393e-02   2.8713e+02
20250505_17:00:00   4.8545e-02   1.6858e+01   9.7535e-01   0.0000e+00   1.1636e-02   2.8625e+02
20250505_18:00:00   4.9227e-02   1.7018e+01   9.8936e-01   0.0000e+00   2.4740e-02   2.8876e+02
20250505_19:00:00   4.9074e-02   1.6941e+01   1.0000e+00   0.0000e+00   1.4887e-02   2.9018e+02
20250505_20:00:00   4.9514e-02   1.7035e+01   1.0080e+00   0.0000e+00   2.1114e-02   2.9124e+02
20250505_21:00:00   5.2026e-02   1.7611e+01   1.0660e+00   0.0000e+00   5.9457e-02   2.9191e+02
20250505_22:00:00   5.3484e-02   1.7966e+01   1.0931e+00   0.0000e+00   8.3550e-02   2.9097e+02
20250505_23:00:00   5.0953e-02   1.7396e+01   1.0534e+00   0.0000e+00   1.0124e-02   2.9050e+02
20250506_00:00:00   5.2406e-02   1.7840e+01   1.0723e+00   1.5570e-04   4.5652e-04   2.9070e+02
20250506_01:00:00   6.3713e-02   2.0485e+01   1.3757e+00   6.7860e-04   4.9617e-03   2.9157e+02
20250506_02:00:00   7.1659e-02   2.2187e+01   1.5932e+00   0.0000e+00   1.1910e-01   2.8943e+02
20250506_03:00:00   6.6107e-02   2.0888e+01   1.4883e+00   0.0000e+00   3.7732e-02   2.8897e+02
20250506_04:00:00   5.8401e-02   1.9136e+01   1.2770e+00   0.0000e+00   2.5805e-03   2.8948e+02
20250506_05:00:00   6.0609e-02   1.9610e+01   1.3392e+00   0.0000e+00   6.7818e-03   2.9006e+02
20250506_06:00:00   6.9471e-02   2.1674e+01   1.5683e+00   0.0000e+00   3.5069e-02   2.8909e+02
20250506_07:00:00   7.6257e-02   2.3250e+01   1.7184e+00   0.0000e+00   8.7976e-02   2.8871e+02
20250506_08:00:00   7.7362e-02   2.3549e+01   1.7792e+00   0.0000e+00   1.9744e-02   2.8839e+02
20250506_09:00:00   8.3987e-02   2.5107e+01   1.9288e+00   0.0000e+00   4.9742e-02   2.8888e+02
20250506_10:00:00   9.9460e-02   2.8702e+01   2.2948e+00   0.0000e+00   8.6100e-02   2.8910e+02
20250506_11:00:00   9.0298e-02   2.6678e+01   2.1034e+00   0.0000e+00   9.5279e-03   2.8969e+02
20250506_12:00:00   8.2277e-02   2.4825e+01   1.8895e+00   0.0000e+00   1.7718e-02   2.9029e+02
20250506_13:00:00   7.4040e-02   2.2913e+01   1.6734e+00   0.0000e+00   3.4244e-03   2.9273e+02
20250506_14:00:00   7.1338e-02   2.2260e+01   1.6005e+00   0.0000e+00   1.9229e-03   2.9389e+02
20250506_15:00:00   7.0176e-02   2.2013e+01   1.5642e+00   0.0000e+00   1.8016e-04   2.9497e+02
20250506_16:00:00   7.1394e-02   2.2298e+01   1.5968e+00   0.0000e+00   6.5560e-06   2.9306e+02
20250506_17:00:00   7.1478e-02   2.2326e+01   1.5964e+00   0.0000e+00   1.4894e-05   2.9177e+02
20250506_18:00:00   7.0553e-02   2.2137e+01   1.5683e+00   0.0000e+00   3.8600e-05   2.9122e+02
20250506_19:00:00   7.0578e-02   2.2183e+01   1.5655e+00   0.0000e+00   5.9517e-05   2.9179e+02
20250506_20:00:00   7.2855e-02   2.2757e+01   1.6202e+00   0.0000e+00   2.1077e-05   2.9253e+02
20250506_21:00:00   7.6980e-02   2.3788e+01   1.7217e+00   0.0000e+00   0.0000e+00   2.9356e+02
20250506_22:00:00   8.8843e-02   2.6751e+01   1.8864e+00   2.0330e-03   0.0000e+00   2.9268e+02
20250506_23:00:00   9.9302e-02   2.9317e+01   2.0137e+00   4.1710e-03   0.0000e+00   2.9107e+02
20250507_00:00:00   9.3257e-02   2.7796e+01   2.0274e+00   1.6110e-03   0.0000e+00   2.9121e+02
20250507_01:00:00   8.7876e-02   2.6470e+01   1.9919e+00   0.0000e+00   0.0000e+00   2.9042e+02
20250507_02:00:00   8.9497e-02   2.6878e+01   2.0270e+00   0.0000e+00   0.0000e+00   2.9057e+02
20250507_03:00:00   9.1797e-02   2.7454e+01   2.0801e+00   0.0000e+00   0.0000e+00   2.9059e+02
20250507_04:00:00   9.1094e-02   2.7278e+01   2.0601e+00   0.0000e+00   0.0000e+00   2.9056e+02
20250507_05:00:00   9.1209e-02   2.7284e+01   2.0663e+00   0.0000e+00   0.0000e+00   2.9028e+02
20250507_06:00:00   9.1717e-02   2.7406e+01   2.0768e+00   0.0000e+00   0.0000e+00   2.9042e+02
20250507_07:00:00   9.1195e-02   2.7296e+01   2.0572e+00   0.0000e+00   0.0000e+00   2.9043e+02
20250507_08:00:00   9.0563e-02   2.7183e+01   2.0376e+00   0.0000e+00   0.0000e+00   2.9074e+02
20250507_09:00:00   9.4643e-02   2.8200e+01   2.1284e+00   0.0000e+00   0.0000e+00   2.9141e+02
20250507_10:00:00   1.0560e-01   3.0917e+01   2.3628e+00   0.0000e+00   0.0000e+00   2.9221e+02
20250507_11:00:00   1.2049e-01   3.4552e+01   2.6620e+00   1.7720e-07   0.0000e+00   2.9462e+02
20250507_12:00:00   1.3140e-01   3.7206e+01   2.8695e+00   0.0000e+00   0.0000e+00   2.9585e+02
20250507_13:00:00   1.4490e-01   4.0362e+01   3.1288e+00   1.2700e-05   0.0000e+00   2.9628e+02
20250507_14:00:00   1.4040e-01   3.9321e+01   3.0385e+00   0.0000e+00   0.0000e+00   2.9632e+02
20250507_15:00:00   1.1947e-01   3.4383e+01   2.6183e+00   0.0000e+00   0.0000e+00   2.9522e+02
20250507_16:00:00   9.4466e-02   2.8298e+01   2.0878e+00   0.0000e+00   0.0000e+00   2.9430e+02
20250507_17:00:00   8.2284e-02   2.5261e+01   1.8156e+00   0.0000e+00   0.0000e+00   2.9326e+02
20250507_18:00:00   7.8460e-02   2.4282e+01   1.7299e+00   0.0000e+00   0.0000e+00   2.9267e+02
20250507_19:00:00   7.5719e-02   2.3587e+01   1.6721e+00   0.0000e+00   0.0000e+00   2.9113e+02
20250507_20:00:00   7.5319e-02   2.3495e+01   1.6553e+00   1.6690e-04   0.0000e+00   2.9154e+02
20250507_21:00:00   7.5072e-02   2.3425e+01   1.6429e+00   3.3120e-04   0.0000e+00   2.9282e+02
20250507_22:00:00   7.7757e-02   2.4097e+01   1.7219e+00   0.0000e+00   0.0000e+00   2.9225e+02
20250507_23:00:00   8.1604e-02   2.5075e+01   1.8018e+00   1.0170e-04   0.0000e+00   2.9112e+02
20250508_00:00:00   9.0770e-02   2.7405e+01   1.8498e+00   2.7810e-03   0.0000e+00   2.9020e+02
20250508_01:00:00   9.6610e-02   2.8870e+01   1.8919e+00   4.3005e-03   0.0000e+00   2.9030e+02
20250508_02:00:00   1.0751e-01   3.1518e+01   1.9246e+00   8.1650e-03   0.0000e+00   2.8990e+02
20250508_03:00:00   7.9504e-02   2.4662e+01   1.6713e+00   1.2600e-03   0.0000e+00   2.9063e+02
20250508_04:00:00   7.1179e-02   2.2520e+01   1.5539e+00   0.0000e+00   0.0000e+00   2.9108e+02
20250508_05:00:00   6.7010e-02   2.1463e+01   1.4536e+00   0.0000e+00   0.0000e+00   2.9175e+02
20250508_06:00:00   6.7619e-02   2.1625e+01   1.4661e+00   0.0000e+00   0.0000e+00   2.9160e+02
20250508_07:00:00   7.2426e-02   2.2864e+01   1.5729e+00   0.0000e+00   0.0000e+00   2.9354e+02
20250508_08:00:00   8.4503e-02   2.5883e+01   1.8437e+00   1.6538e-05   0.0000e+00   2.9533e+02
20250508_09:00:00   9.4688e-02   2.8407e+01   2.0674e+00   0.0000e+00   0.0000e+00   2.9680e+02
20250508_10:00:00   9.6726e-02   2.8922e+01   2.1091e+00   1.3920e-07   1.5814e-05   2.9412e+02
20250508_11:00:00   9.9366e-02   2.9565e+01   2.1634e+00   0.0000e+00   3.6160e-05   2.9424e+02
20250508_12:00:00   1.0408e-01   3.0673e+01   2.2671e+00   0.0000e+00   0.0000e+00   2.9427e+02
20250508_13:00:00   1.0160e-01   3.0120e+01   2.2017e+00   0.0000e+00   0.0000e+00   2.9195e+02
20250508_14:00:00   1.0072e-01   2.9892e+01   2.1870e+00   0.0000e+00   1.0978e-04   2.9013e+02
20250508_15:00:00   1.0751e-01   3.1588e+01   2.3048e+00   0.0000e+00   1.2018e-04   2.8914e+02
20250508_16:00:00   1.0668e-01   3.1432e+01   2.2673e+00   0.0000e+00   0.0000e+00   2.8991e+02
20250508_17:00:00   9.6962e-02   2.9064e+01   2.0741e+00   0.0000e+00   9.2440e-05   2.8960e+02
20250508_18:00:00   9.5908e-02   2.8778e+01   2.0544e+00   0.0000e+00   1.0814e-04   2.9154e+02
20250508_21:00:00   1.0063e-01   2.9914e+01   1.9542e+00   4.2630e-03   5.3960e-03   2.9242e+02
20250509_00:00:00   1.3051e-01   3.7156e+01   2.1146e+00   1.3613e-02   6.0306e-03   2.9344e+02
20250509_03:00:00   8.7961e-02   2.6811e+01   1.8602e+00   9.6152e-04   5.4024e-03   2.9246e+02
20250509_06:00:00   8.6441e-02   2.6443e+01   1.8789e+00   0.0000e+00   1.8307e-03   2.9520e+02
20250509_09:00:00   8.9147e-02   2.7096e+01   1.9383e+00   0.0000e+00   3.8064e-03   2.9444e+02
20250509_12:00:00   8.6816e-02   2.6447e+01   1.9119e+00   0.0000e+00   3.6004e-03   2.9374e+02
20250509_15:00:00   9.1959e-02   2.7578e+01   2.0624e+00   0.0000e+00   6.1446e-04   2.9452e+02
20250509_18:00:00   9.3387e-02   2.7806e+01   2.1227e+00   0.0000e+00   1.5119e-03   2.9766e+02
20250509_21:00:00   9.4309e-02   2.8087e+01   2.1385e+00   0.0000e+00   6.5560e-06   3.0049e+02
20250510_00:00:00   9.5217e-02   2.8462e+01   2.1203e+00   3.9870e-05   2.4960e-04   2.9854e+02
20250510_03:00:00   9.8459e-02   2.9706e+01   1.6179e+00   8.3680e-03   3.0396e-04   3.0443e+02
20250510_06:00:00   6.9527e-02   2.2518e+01   1.4083e+00   0.0000e+00   1.1955e-03   3.0884e+02
20250510_09:00:00   6.3290e-02   2.0932e+01   1.2644e+00   0.0000e+00   1.9476e-03   3.0896e+02
20250510_12:00:00   6.4619e-02   2.1165e+01   1.3333e+00   0.0000e+00   1.4122e-03   3.0597e+02
20250510_15:00:00   7.2512e-02   2.3033e+01   1.5709e+00   0.0000e+00   2.2820e-04   3.0317e+02
20250510_18:00:00   7.6704e-02   2.4118e+01   1.6697e+00   0.0000e+00   9.2264e-04   2.9914e+02
20250510_21:00:00   8.1247e-02   2.5303e+01   1.7570e+00   0.0000e+00   2.3942e-04   3.0008e+02
20250511_00:00:00   1.6045e-01   4.4365e+01   2.0844e+00   2.6310e-02   2.3020e-04   2.9784e+02
20250511_03:00:00   1.7401e-01   4.7599e+01   2.2899e+00   2.7669e-02   3.0460e-04   2.9801e+02
20250511_06:00:00   9.7541e-02   2.9487e+01   2.0875e+00   0.0000e+00   2.9800e-05   2.9971e+02
20250511_09:00:00   7.8342e-02   2.4819e+01   1.6246e+00   0.0000e+00   1.9209e-04   3.0100e+02
20250511_12:00:00   6.9858e-02   2.2665e+01   1.4229e+00   0.0000e+00   1.7026e-05   2.9602e+02
20250511_15:00:00   6.2548e-02   2.0731e+01   1.2791e+00   0.0000e+00   2.0498e-04   2.9635e+02
20250511_18:00:00   5.6712e-02   1.9217e+01   1.1495e+00   0.0000e+00   5.5160e-05   2.9537e+02
20250511_21:00:00   5.7804e-02   1.9466e+01   1.1998e+00   0.0000e+00   2.3980e-04   2.9683e+02
20250512_00:00:00   7.6741e-02   2.4346e+01   1.3233e+00   5.4020e-03   0.0000e+00   2.9491e+02
20250512_03:00:00   7.2783e-02   2.3324e+01   1.2214e+00   5.8560e-03   6.9799e-04   2.9087e+02
20250512_06:00:00   4.9285e-02   1.7212e+01   1.0031e+00   0.0000e+00   5.0043e-03   2.9096e+02
20250512_09:00:00   4.8676e-02   1.7099e+01   9.7802e-01   0.0000e+00   1.4802e-03   2.8858e+02
20250512_12:00:00   5.3945e-02   1.8369e+01   1.1354e+00   0.0000e+00   2.6463e-03   2.8694e+02
20250512_15:00:00   5.6310e-02   1.8949e+01   1.2004e+00   0.0000e+00   5.4135e-04   2.8603e+02
20250512_18:00:00   5.2780e-02   1.8119e+01   1.0933e+00   0.0000e+00   2.5963e-04   2.8611e+02
20250512_21:00:00   5.5689e-02   1.8808e+01   1.1843e+00   0.0000e+00   2.3694e-03   2.8732e+02
20250513_00:00:00   5.5168e-02   1.8648e+01   1.1828e+00   0.0000e+00   1.7154e-05   2.8688e+02
20250513_03:00:00   5.8308e-02   1.9394e+01   1.2797e+00   0.0000e+00   2.9723e-03   2.8631e+02
20250513_06:00:00   6.2578e-02   2.0444e+01   1.3931e+00   0.0000e+00   7.1122e-03   2.8626e+02
20250513_09:00:00   6.2525e-02   2.0420e+01   1.4001e+00   0.0000e+00   1.3656e-03   2.8444e+02
20250513_12:00:00   6.2953e-02   2.0504e+01   1.4130e+00   0.0000e+00   8.6480e-04   2.8483e+02
20250513_15:00:00   6.6368e-02   2.1232e+01   1.5151e+00   0.0000e+00   2.2024e-02   2.8684e+02
20250513_18:00:00   6.5131e-02   2.0944e+01   1.4745e+00   0.0000e+00   2.2284e-02   2.9077e+02
20250513_21:00:00   6.5255e-02   2.1022e+01   1.4749e+00   2.8430e-06   5.5060e-03   2.9297e+02
20250514_00:00:00   6.7302e-02   2.1463e+01   1.5282e+00   5.5560e-05   2.2575e-02   2.9283e+02
20250514_03:00:00   7.7048e-02   2.3918e+01   1.6150e+00   2.6250e-03   2.2236e-02   2.9351e+02
20250514_06:00:00   6.9157e-02   2.1924e+01   1.5810e+00   1.4290e-05   1.2271e-02   2.9416e+02
20250514_09:00:00   7.0635e-02   2.2321e+01   1.6165e+00   0.0000e+00   6.9782e-03   2.9480e+02
20250514_12:00:00   7.4412e-02   2.3194e+01   1.7150e+00   0.0000e+00   2.4244e-02   2.9533e+02
20250514_15:00:00   6.7269e-02   2.1549e+01   1.5034e+00   0.0000e+00   2.0319e-02   2.9335e+02
20250514_18:00:00   6.8542e-02   2.1895e+01   1.5256e+00   0.0000e+00   1.9654e-02   2.9266e+02
20250514_21:00:00   7.0680e-02   2.2468e+01   1.5814e+00   5.8680e-06   4.5035e-03   2.9543e+02
20250515_00:00:00   8.3897e-02   2.5759e+01   1.6856e+00   3.9240e-03   1.3214e-02   2.9547e+02
20250515_03:00:00   8.7497e-02   2.6518e+01   1.9617e+00   1.3050e-03   1.4556e-02   2.9339e+02
20250515_06:00:00   7.6658e-02   2.3683e+01   1.8050e+00   0.0000e+00   1.1348e-02   2.9637e+02
20250515_09:00:00   7.7074e-02   2.3716e+01   1.8252e+00   0.0000e+00   2.5520e-02   2.9580e+02
20250515_12:00:00   7.8374e-02   2.3909e+01   1.8652e+00   0.0000e+00   5.3153e-02   2.9470e+02
20250515_15:00:00   8.9425e-02   2.6398e+01   2.1441e+00   0.0000e+00   1.0107e-01   2.9495e+02
20250515_18:00:00   9.5717e-02   2.7874e+01   2.3047e+00   0.0000e+00   8.3386e-02   2.9877e+02
20250515_21:00:00   1.0280e-01   2.9588e+01   2.5209e+00   0.0000e+00   2.3380e-02   2.9971e+02
20250516_00:00:00   1.0864e-01   3.1005e+01   2.6497e+00   7.0910e-05   1.3497e-02   2.9886e+02
20250516_03:00:00   1.4137e-01   3.8396e+01   3.4320e+00   0.0000e+00   1.1857e-01   2.9874e+02
20250516_06:00:00   1.5736e-01   4.2129e+01   3.8825e+00   0.0000e+00   2.3253e-02   2.9784e+02
20250516_09:00:00   1.4021e-01   3.8353e+01   3.4846e+00   0.0000e+00   7.6933e-03   2.9747e+02
20250516_12:00:00   1.5494e-01   4.1574e+01   3.8318e+00   0.0000e+00   1.1122e-02   2.9685e+02
20250516_15:00:00   1.6494e-01   4.3866e+01   4.0465e+00   0.0000e+00   1.3194e-03   2.9561e+02
20250516_18:00:00   1.8459e-01   4.8049e+01   4.5420e+00   0.0000e+00   2.1137e-02   2.9712e+02
20250516_21:00:00   2.0145e-01   5.1714e+01   4.8918e+00   0.0000e+00   2.5043e-03   2.9761e+02
20250517_00:00:00   2.4215e-01   6.0272e+01   5.7950e+00   1.2659e-04   1.0697e-02   2.9427e+02
20250517_03:00:00   2.4478e-01   6.0996e+01   5.8000e+00   7.0930e-04   1.8399e-02   2.9143e+02
20250517_06:00:00   2.5840e-01   6.3725e+01   6.1296e+00   6.0940e-04   3.7666e-02   2.9186e+02
20250517_09:00:00   2.7768e-01   6.7407e+01   6.5514e+00   0.0000e+00   1.1044e-01   2.9293e+02
20250517_12:00:00   3.6179e-01   8.3535e+01   8.1556e+00   0.0000e+00   1.7996e-01   2.9111e+02
20250517_15:00:00   3.8467e-01   8.8007e+01   8.5566e+00   2.8840e-04   2.2831e-02   2.9106e+02
20250517_18:00:00   3.6334e-01   8.4197e+01   8.1509e+00   0.0000e+00   2.3712e-02   2.9673e+02
20250517_21:00:00   3.3042e-01   7.8644e+01   7.1552e+00   1.0580e-03   8.8353e-03   3.0182e+02
20250518_00:00:00   3.3038e-01   7.8944e+01   6.7588e+00   9.5390e-03   2.1920e-02   3.0192e+02
20250518_03:00:00   4.7022e-01   1.0414e+02   7.4579e+00   5.2305e-02   1.0730e-02   2.9883e+02
20250518_06:00:00   4.5216e-01   1.0092e+02   6.7978e+00   6.0020e-02   4.7027e-02   2.9984e+02
20250518_09:00:00   2.5950e-01   6.4659e+01   5.8029e+00   0.0000e+00   1.1978e-02   2.9606e+02
20250518_12:00:00   2.2089e-01   5.6675e+01   5.0175e+00   0.0000e+00   3.4513e-03   2.9228e+02
20250518_15:00:00   1.8426e-01   4.8795e+01   4.2322e+00   0.0000e+00   1.3784e-02   2.9348e+02
20250518_18:00:00   1.6727e-01   4.5076e+01   3.8260e+00   0.0000e+00   1.0659e-02   2.9524e+02
20250518_21:00:00   1.7351e-01   4.6604e+01   3.7958e+00   1.5530e-03   3.8664e-03   2.9538e+02
20250519_00:00:00   2.1245e-01   5.5281e+01   4.2962e+00   5.9960e-03   4.9843e-03   2.9558e+02
20250519_03:00:00   2.1178e-01   5.5204e+01   4.5158e+00   1.6571e-04   5.0228e-03   2.9535e+02
20250519_06:00:00   1.9128e-01   5.0768e+01   4.1003e+00   0.0000e+00   1.7472e-03   2.9429e+02
20250519_09:00:00   2.2839e-01   5.8825e+01   4.6919e+00   0.0000e+00   5.7440e-03   2.9545e+02
20250519_12:00:00   2.4539e-01   6.2338e+01   5.0114e+00   0.0000e+00   7.6680e-03   2.9568e+02
20250519_15:00:00   2.2539e-01   5.8135e+01   4.6697e+00   0.0000e+00   1.8598e-04   2.9537e+02
20250519_18:00:00   1.9567e-01   5.1797e+01   4.1032e+00   0.0000e+00   1.4988e-05   2.9784e+02
