#            date       tau255        Tb[K]      pwv[mm] lwp[kg*m^-2] iwp[kg*m^-2]       o3[DU]
20251221_18:00:00   1.8541e-01   4.9218e+01   4.2287e+00   0.0000e+00   0.0000e+00   2.4361e+02
20251221_19:00:00   1.7561e-01   4.7143e+01   4.0097e+00   0.0000e+00   0.0000e+00   2.4491e+02
20251221_20:00:00   1.7147e-01   4.6224e+01   3.9267e+00   0.0000e+00   0.0000e+00   2.4506e+02
20251221_21:00:00   1.7125e-01   4.6184e+01   3.9290e+00   0.0000e+00   0.0000e+00   2.4638e+02
20251221_22:00:00   1.7565e-01   4.7204e+01   4.0142e+00   0.0000e+00   0.0000e+00   2.4742e+02
20251221_23:00:00   1.9398e-01   5.1247e+01   4.4148e+00   0.0000e+00   0.0000e+00   2.4581e+02
20251222_00:00:00   1.9983e-01   5.2470e+01   4.5744e+00   0.0000e+00   0.0000e+00   2.4298e+02
20251222_01:00:00   2.0453e-01   5.3434e+01   4.7197e+00   0.0000e+00   0.0000e+00   2.4130e+02
20251222_02:00:00   2.0453e-01   5.3386e+01   4.7658e+00   0.0000e+00   0.0000e+00   2.4064e+02
20251222_03:00:00   1.9995e-01   5.2390e+01   4.6703e+00   0.0000e+00   0.0000e+00   2.4075e+02
20251222_04:00:00   1.9910e-01   5.2189e+01   4.6574e+00   0.0000e+00   0.0000e+00   2.4104e+02
20251222_05:00:00   2.0160e-01   5.2717e+01   4.7239e+00   0.0000e+00   0.0000e+00   2.4201e+02
20251222_06:00:00   2.0550e-01   5.3521e+01   4.8140e+00   0.0000e+00   0.0000e+00   2.4163e+02
20251222_07:00:00   2.0546e-01   5.3527e+01   4.8108e+00   0.0000e+00   0.0000e+00   2.4041e+02
20251222_08:00:00   2.0886e-01   5.4180e+01   4.9151e+00   0.0000e+00   0.0000e+00   2.4057e+02
20251222_09:00:00   2.1077e-01   5.4553e+01   4.9610e+00   0.0000e+00   0.0000e+00   2.3966e+02
20251222_10:00:00   2.1178e-01   5.4741e+01   4.9930e+00   0.0000e+00   0.0000e+00   2.3796e+02
20251222_11:00:00   2.1220e-01   5.4817e+01   5.0075e+00   0.0000e+00   0.0000e+00   2.3696e+02
20251222_12:00:00   2.1167e-01   5.4682e+01   5.0055e+00   0.0000e+00   0.0000e+00   2.3653e+02
20251222_13:00:00   2.1182e-01   5.4698e+01   5.0139e+00   0.0000e+00   0.0000e+00   2.3763e+02
20251222_14:00:00   2.0765e-01   5.3823e+01   4.9295e+00   0.0000e+00   0.0000e+00   2.3769e+02
20251222_15:00:00   2.0655e-01   5.3619e+01   4.8951e+00   0.0000e+00   0.0000e+00   2.3875e+02
20251222_16:00:00   1.9884e-01   5.1996e+01   4.7093e+00   0.0000e+00   0.0000e+00   2.3783e+02
20251222_17:00:00   1.9204e-01   5.0559e+01   4.5543e+00   0.0000e+00   0.0000e+00   2.3760e+02
20251222_18:00:00   1.8254e-01   4.8483e+01   4.3494e+00   0.0000e+00   0.0000e+00   2.3879e+02
20251222_19:00:00   1.7865e-01   4.7626e+01   4.2590e+00   0.0000e+00   0.0000e+00   2.3925e+02
20251222_20:00:00   1.7520e-01   4.6839e+01   4.1818e+00   0.0000e+00   6.5560e-06   2.3939e+02
20251222_21:00:00   1.6852e-01   4.5388e+01   4.0106e+00   0.0000e+00   1.3110e-05   2.4037e+02
20251222_22:00:00   1.7503e-01   4.6785e+01   4.1585e+00   0.0000e+00   3.2294e-05   2.4166e+02
20251222_23:00:00   1.9617e-01   5.1250e+01   4.6805e+00   0.0000e+00   5.3221e-04   2.4221e+02
20251223_00:00:00   2.0698e-01   5.3471e+01   4.9595e+00   0.0000e+00   6.0395e-04   2.4197e+02
20251223_01:00:00   2.0855e-01   5.3823e+01   4.9818e+00   0.0000e+00   1.4738e-03   2.4284e+02
20251223_02:00:00   1.9912e-01   5.1838e+01   4.7612e+00   0.0000e+00   1.9924e-04   2.4266e+02
20251223_03:00:00   1.9963e-01   5.1940e+01   4.7789e+00   0.0000e+00   8.1636e-04   2.4108e+02
20251223_04:00:00   2.1084e-01   5.4351e+01   5.0500e+00   0.0000e+00   3.2861e-04   2.3979e+02
20251223_05:00:00   2.2255e-01   5.6839e+01   5.3193e+00   0.0000e+00   1.0043e-03   2.4034e+02
20251223_06:00:00   2.3054e-01   5.8473e+01   5.5015e+00   0.0000e+00   4.2664e-03   2.4123e+02
20251223_07:00:00   2.3407e-01   5.9203e+01   5.5819e+00   0.0000e+00   1.0310e-03   2.3957e+02
20251223_08:00:00   2.3699e-01   5.9820e+01   5.6358e+00   0.0000e+00   1.0655e-04   2.3773e+02
20251223_09:00:00   2.3690e-01   5.9780e+01   5.6344e+00   0.0000e+00   5.4458e-04   2.3622e+02
20251223_10:00:00   2.3673e-01   5.9763e+01   5.6251e+00   0.0000e+00   1.6856e-04   2.3497e+02
20251223_11:00:00   2.3760e-01   5.9941e+01   5.6258e+00   0.0000e+00   2.3870e-04   2.3536e+02
20251223_12:00:00   2.3851e-01   6.0108e+01   5.6338e+00   0.0000e+00   2.8420e-04   2.3644e+02
20251223_13:00:00   2.3546e-01   5.9459e+01   5.5661e+00   0.0000e+00   1.1145e-03   2.3617e+02
20251223_14:00:00   2.3383e-01   5.9090e+01   5.5301e+00   0.0000e+00   2.1621e-03   2.3713e+02
20251223_15:00:00   2.2668e-01   5.7665e+01   5.3554e+00   0.0000e+00   1.1311e-04   2.4024e+02
20251223_16:00:00   2.2422e-01   5.7192e+01   5.2744e+00   1.4760e-06   0.0000e+00   2.4064e+02
20251223_17:00:00   2.2992e-01   5.8440e+01   5.3755e+00   0.0000e+00   0.0000e+00   2.4118e+02
20251223_18:00:00   2.2564e-01   5.7553e+01   5.2832e+00   0.0000e+00   0.0000e+00   2.4191e+02
20251223_19:00:00   2.1265e-01   5.4801e+01   5.0039e+00   0.0000e+00   0.0000e+00   2.4177e+02
20251223_20:00:00   2.0933e-01   5.4104e+01   4.9339e+00   0.0000e+00   0.0000e+00   2.4170e+02
20251223_21:00:00   2.0859e-01   5.3955e+01   4.9201e+00   0.0000e+00   0.0000e+00   2.4155e+02
20251223_22:00:00   2.0623e-01   5.3481e+01   4.8597e+00   0.0000e+00   0.0000e+00   2.4243e+02
20251223_23:00:00   2.0521e-01   5.3282e+01   4.8313e+00   0.0000e+00   0.0000e+00   2.4350e+02
20251224_00:00:00   1.9997e-01   5.2218e+01   4.6905e+00   0.0000e+00   0.0000e+00   2.4196e+02
20251224_01:00:00   1.9669e-01   5.1516e+01   4.6098e+00   0.0000e+00   2.1417e-04   2.4141e+02
20251224_02:00:00   2.0152e-01   5.2571e+01   4.7133e+00   0.0000e+00   2.7562e-04   2.4106e+02
20251224_03:00:00   2.0491e-01   5.3275e+01   4.7982e+00   0.0000e+00   5.5375e-05   2.3994e+02
20251224_04:00:00   2.0961e-01   5.4267e+01   4.9135e+00   0.0000e+00   1.4832e-03   2.3998e+02
20251224_05:00:00   2.0297e-01   5.2823e+01   4.7699e+00   0.0000e+00   1.1448e-03   2.4069e+02
20251224_06:00:00   2.2590e-01   5.7707e+01   5.2621e+00   0.0000e+00   2.1053e-04   2.4202e+02
20251224_07:00:00   2.4560e-01   6.1875e+01   5.6566e+00   0.0000e+00   0.0000e+00   2.4348e+02
20251224_08:00:00   2.5070e-01   6.2860e+01   5.7846e+00   0.0000e+00   0.0000e+00   2.4578e+02
20251224_09:00:00   2.5758e-01   6.4220e+01   5.9510e+00   0.0000e+00   0.0000e+00   2.4457e+02
20251224_10:00:00   2.6447e-01   6.5580e+01   6.0910e+00   0.0000e+00   5.4080e-06   2.4509e+02
20251224_11:00:00   2.6914e-01   6.6526e+01   6.1787e+00   0.0000e+00   1.3696e-06   2.4494e+02
20251224_12:00:00   2.7737e-01   6.8198e+01   6.2969e+00   0.0000e+00   0.0000e+00   2.4717e+02
20251224_13:00:00   2.8697e-01   7.0158e+01   6.4350e+00   0.0000e+00   1.0858e-04   2.4878e+02
20251224_14:00:00   2.9577e-01   7.1925e+01   6.5795e+00   0.0000e+00   6.7360e-06   2.5081e+02
20251224_15:00:00   2.8762e-01   7.0403e+01   6.3660e+00   0.0000e+00   2.3880e-04   2.5258e+02
20251224_16:00:00   2.7244e-01   6.7440e+01   6.0241e+00   0.0000e+00   1.0298e-04   2.5509e+02
20251224_17:00:00   2.7085e-01   6.7062e+01   6.0221e+00   0.0000e+00   5.4080e-06   2.5348e+02
20251224_18:00:00   2.8201e-01   6.9236e+01   6.2849e+00   0.0000e+00   5.2492e-04   2.5205e+02
20251224_19:00:00   2.9462e-01   7.1751e+01   6.5067e+00   0.0000e+00   6.1542e-05   2.5270e+02
20251224_20:00:00   3.0846e-01   7.4482e+01   6.7262e+00   0.0000e+00   0.0000e+00   2.5335e+02
20251224_21:00:00   2.9479e-01   7.1883e+01   6.4160e+00   0.0000e+00   0.0000e+00   2.5185e+02
20251224_22:00:00   2.9071e-01   7.1063e+01   6.3807e+00   0.0000e+00   0.0000e+00   2.5189e+02
20251224_23:00:00   3.0340e-01   7.3563e+01   6.6402e+00   0.0000e+00   0.0000e+00   2.5201e+02
20251225_00:00:00   3.2216e-01   7.7240e+01   6.9920e+00   0.0000e+00   0.0000e+00   2.5186e+02
20251225_01:00:00   3.2406e-01   7.7768e+01   6.9802e+00   0.0000e+00   0.0000e+00   2.5221e+02
20251225_02:00:00   3.0533e-01   7.4265e+01   6.6043e+00   0.0000e+00   0.0000e+00   2.5110e+02
20251225_03:00:00   2.8246e-01   6.9776e+01   6.1761e+00   0.0000e+00   5.9559e-06   2.5146e+02
20251225_04:00:00   2.6813e-01   6.6990e+01   5.8314e+00   0.0000e+00   1.5935e-04   2.5187e+02
20251225_05:00:00   2.4927e-01   6.3197e+01   5.4325e+00   0.0000e+00   4.2600e-06   2.5237e+02
20251225_06:00:00   2.2619e-01   5.8329e+01   4.9863e+00   0.0000e+00   2.2260e-04   2.5218e+02
20251225_07:00:00   2.1220e-01   5.5301e+01   4.7213e+00   0.0000e+00   2.5920e-05   2.5082e+02
20251225_08:00:00   2.1274e-01   5.5316e+01   4.7658e+00   0.0000e+00   0.0000e+00   2.5102e+02
20251225_09:00:00   2.1424e-01   5.5652e+01   4.8026e+00   0.0000e+00   0.0000e+00   2.5055e+02
20251225_10:00:00   2.1348e-01   5.5500e+01   4.7824e+00   0.0000e+00   0.0000e+00   2.5141e+02
20251225_11:00:00   2.1368e-01   5.5532e+01   4.7965e+00   0.0000e+00   0.0000e+00   2.5124e+02
20251225_12:00:00   2.2013e-01   5.6829e+01   4.9513e+00   0.0000e+00   2.5080e-05   2.4982e+02
20251225_13:00:00   2.2300e-01   5.7447e+01   5.0095e+00   0.0000e+00   0.0000e+00   2.4995e+02
20251225_14:00:00   2.3217e-01   5.9380e+01   5.1803e+00   0.0000e+00   0.0000e+00   2.5004e+02
20251225_15:00:00   2.4269e-01   6.1523e+01   5.4302e+00   0.0000e+00   0.0000e+00   2.4961e+02
20251225_16:00:00   2.5628e-01   6.4279e+01   5.7479e+00   0.0000e+00   2.7040e-06   2.4869e+02
20251225_17:00:00   2.6495e-01   6.6087e+01   5.9002e+00   0.0000e+00   0.0000e+00   2.4734e+02
20251225_18:00:00   2.7391e-01   6.7877e+01   6.0918e+00   0.0000e+00   0.0000e+00   2.4729e+02
20251225_19:00:00   2.8575e-01   7.0225e+01   6.3395e+00   0.0000e+00   0.0000e+00   2.4862e+02
20251225_20:00:00   2.9138e-01   7.1463e+01   6.4341e+00   0.0000e+00   0.0000e+00   2.5028e+02
20251225_21:00:00   2.8991e-01   7.1272e+01   6.3889e+00   0.0000e+00   0.0000e+00   2.5103e+02
20251225_22:00:00   2.9945e-01   7.3160e+01   6.6196e+00   0.0000e+00   2.9655e-04   2.5097e+02
20251225_23:00:00   3.1079e-01   7.5346e+01   6.8692e+00   0.0000e+00   7.6740e-04   2.5061e+02
20251226_00:00:00   3.0236e-01   7.3719e+01   6.7210e+00   0.0000e+00   1.0289e-03   2.5090e+02
20251226_01:00:00   2.9725e-01   7.2705e+01   6.6621e+00   0.0000e+00   1.1364e-04   2.5158e+02
20251226_02:00:00   2.9265e-01   7.1860e+01   6.5552e+00   0.0000e+00   1.2919e-04   2.5109e+02
20251226_03:00:00   2.9719e-01   7.2714e+01   6.6684e+00   0.0000e+00   1.3081e-03   2.5052e+02
20251226_04:00:00   3.0156e-01   7.3572e+01   6.7525e+00   0.0000e+00   1.9968e-03   2.4911e+02
20251226_05:00:00   3.0587e-01   7.4371e+01   6.8638e+00   0.0000e+00   2.8245e-04   2.4874e+02
20251226_06:00:00   3.0373e-01   7.3961e+01   6.8290e+00   0.0000e+00   2.4325e-03   2.4843e+02
20251226_07:00:00   3.0263e-01   7.3735e+01   6.8129e+00   0.0000e+00   1.0828e-03   2.4957e+02
20251226_08:00:00   3.0287e-01   7.3725e+01   6.8320e+00   0.0000e+00   2.7008e-04   2.4938e+02
20251226_09:00:00   3.0123e-01   7.3387e+01   6.7920e+00   0.0000e+00   5.2460e-04   2.4932e+02
20251226_10:00:00   2.9923e-01   7.2963e+01   6.7751e+00   0.0000e+00   2.1189e-03   2.4829e+02
20251226_11:00:00   2.9485e-01   7.2096e+01   6.7018e+00   0.0000e+00   2.7937e-03   2.4863e+02
20251226_12:00:00   2.9237e-01   7.1600e+01   6.6456e+00   0.0000e+00   3.5689e-03   2.4793e+02
20251226_13:00:00   2.9073e-01   7.1318e+01   6.5841e+00   0.0000e+00   2.0998e-05   2.4754e+02
20251226_14:00:00   2.8983e-01   7.1156e+01   6.5490e+00   0.0000e+00   0.0000e+00   2.4768e+02
20251226_15:00:00   2.8431e-01   7.0110e+01   6.4287e+00   0.0000e+00   0.0000e+00   2.4844e+02
20251226_16:00:00   2.8003e-01   6.9281e+01   6.3409e+00   0.0000e+00   5.4080e-06   2.4871e+02
20251226_17:00:00   2.7807e-01   6.8871e+01   6.3077e+00   0.0000e+00   8.9616e-04   2.4982e+02
20251226_18:00:00   2.7131e-01   6.7554e+01   6.1691e+00   0.0000e+00   2.2456e-03   2.5183e+02
20251226_21:00:00   2.5506e-01   6.4476e+01   5.7722e+00   0.0000e+00   1.3385e-04   2.5367e+02
20251227_00:00:00   2.3881e-01   6.1159e+01   5.3959e+00   0.0000e+00   7.2840e-06   2.5384e+02
20251227_03:00:00   2.1984e-01   5.7229e+01   4.9650e+00   0.0000e+00   1.3284e-06   2.5072e+02
20251227_06:00:00   2.0744e-01   5.4617e+01   4.6844e+00   0.0000e+00   0.0000e+00   2.5140e+02
20251227_09:00:00   2.0811e-01   5.4648e+01   4.6962e+00   0.0000e+00   7.3620e-04   2.5322e+02
20251227_12:00:00   2.0858e-01   5.4670e+01   4.6914e+00   0.0000e+00   0.0000e+00   2.5245e+02
20251227_15:00:00   2.0732e-01   5.4359e+01   4.6438e+00   0.0000e+00   2.7040e-05   2.5065e+02
20251227_18:00:00   2.0000e-01   5.2769e+01   4.5380e+00   0.0000e+00   5.2494e-04   2.5016e+02
20251227_21:00:00   1.9372e-01   5.1475e+01   4.3957e+00   0.0000e+00   2.8100e-04   2.4986e+02
20251228_00:00:00   2.0239e-01   5.3273e+01   4.5791e+00   0.0000e+00   8.3000e-04   2.4775e+02
20251228_03:00:00   2.0188e-01   5.3206e+01   4.5444e+00   0.0000e+00   6.1461e-04   2.4692e+02
20251228_06:00:00   1.9871e-01   5.2521e+01   4.4499e+00   0.0000e+00   2.0862e-04   2.4974e+02
20251228_09:00:00   1.9225e-01   5.1115e+01   4.2624e+00   0.0000e+00   1.9123e-04   2.5171e+02
20251228_12:00:00   1.9336e-01   5.1055e+01   4.3530e+00   0.0000e+00   6.9382e-02   2.5129e+02
20251228_15:00:00   1.7683e-01   4.7534e+01   3.9741e+00   0.0000e+00   4.1929e-03   2.4952e+02
20251228_18:00:00   1.6701e-01   4.5314e+01   3.7555e+00   0.0000e+00   2.1484e-02   2.4965e+02
20251228_21:00:00   1.8528e-01   4.9058e+01   4.2857e+00   0.0000e+00   4.4935e-03   2.4946e+02
20251229_00:00:00   2.0248e-01   5.2542e+01   4.7145e+00   0.0000e+00   1.5358e-02   2.4862e+02
20251229_03:00:00   2.2186e-01   5.6482e+01   5.1450e+00   0.0000e+00   5.9221e-02   2.4772e+02
20251229_06:00:00   2.2584e-01   5.7365e+01   5.1910e+00   0.0000e+00   1.5021e-02   2.4980e+02
20251229_09:00:00   2.5848e-01   6.3749e+01   5.9113e+00   0.0000e+00   8.8652e-02   2.5156e+02
20251229_12:00:00   3.1081e-01   7.3825e+01   7.0294e+00   0.0000e+00   7.9398e-02   2.5028e+02
20251229_15:00:00   3.7479e-01   8.5582e+01   8.1087e+00   0.0000e+00   3.3931e-01   2.5023e+02
20251229_18:00:00   4.3318e-01   9.6016e+01   9.1070e+00   0.0000e+00   2.7358e-01   2.5259e+02
20251229_21:00:00   4.9029e-01   1.0563e+02   9.9903e+00   0.0000e+00   5.2587e-01   2.5159e+02
20251230_00:00:00   7.7114e-01   1.4568e+02   1.0271e+01   1.1210e-01   4.6218e-01   2.4919e+02
20251230_03:00:00   1.2310e+00   1.9226e+02   1.0136e+01   3.0364e-01   5.0581e-01   2.4734e+02
20251230_06:00:00   5.9807e-01   1.2336e+02   8.7227e+00   7.5830e-02   5.1446e-02   2.5085e+02
20251230_09:00:00   8.6485e-01   1.5823e+02   8.3983e+00   1.9258e-01   1.2348e-02   2.5246e+02
20251230_12:00:00   3.3744e-01   8.0357e+01   6.3694e+00   1.1010e-02   1.1760e-04   2.5258e+02
20251230_15:00:00   2.8072e-01   6.9331e+01   5.7709e+00   4.7155e-05   1.2261e-05   2.5350e+02
20251230_18:00:00   2.7832e-01   6.8745e+01   5.8486e+00   0.0000e+00   5.8482e-05   2.5697e+02
20251230_21:00:00   2.8276e-01   6.9404e+01   5.9868e+00   3.4350e-05   6.5702e-03   2.5762e+02
20251231_00:00:00   3.6264e-01   8.4767e+01   6.4473e+00   2.4540e-02   1.6682e-03   2.5408e+02
20251231_03:00:00   3.0666e-01   7.4358e+01   5.8814e+00   1.1217e-02   1.0114e-03   2.5011e+02
20251231_06:00:00   3.3678e-01   8.0429e+01   5.4085e+00   3.2291e-02   3.6002e-03   2.5431e+02
20251231_09:00:00   2.4437e-01   6.1701e+01   5.1616e+00   0.0000e+00   1.2467e-02   2.5682e+02
20251231_12:00:00   2.1779e-01   5.6089e+01   4.6415e+00   0.0000e+00   1.4534e-02   2.5582e+02
20251231_15:00:00   2.0355e-01   5.3012e+01   4.3806e+00   0.0000e+00   1.2531e-02   2.5490e+02
20251231_18:00:00   2.1539e-01   5.5464e+01   4.6483e+00   0.0000e+00   6.0717e-03   2.5804e+02
20251231_21:00:00   2.0289e-01   5.2695e+01   4.4415e+00   0.0000e+00   1.4843e-03   2.5689e+02
20260101_00:00:00   2.5263e-01   6.2875e+01   5.3620e+00   3.5760e-03   5.1366e-03   2.5214e+02
20260101_03:00:00   3.0546e-01   7.3163e+01   6.5973e+00   0.0000e+00   1.0741e-02   2.4915e+02
20260101_06:00:00   3.4051e-01   7.9676e+01   7.3073e+00   0.0000e+00   4.5698e-02   2.4945e+02
20260101_09:00:00   3.0518e-01   7.3284e+01   6.5416e+00   0.0000e+00   3.3826e-03   2.5212e+02
20260101_12:00:00   2.6344e-01   6.5112e+01   5.7248e+00   0.0000e+00   1.2070e-03   2.5011e+02
20260101_15:00:00   2.3940e-01   6.0163e+01   5.2585e+00   0.0000e+00   9.3259e-04   2.5285e+02
20260101_18:00:00   2.5959e-01   6.4132e+01   5.7151e+00   0.0000e+00   2.0536e-02   2.5290e+02
20260101_21:00:00   2.7240e-01   6.6868e+01   5.9497e+00   0.0000e+00   7.8046e-03   2.4715e+02
20260102_00:00:00   3.0516e-01   7.3447e+01   6.4421e+00   3.0830e-03   1.0401e-02   2.4651e+02
20260102_03:00:00   3.1707e-01   7.5442e+01   6.8676e+00   1.0990e-03   2.2505e-02   2.4542e+02
20260102_06:00:00   3.8264e-01   8.7410e+01   8.1209e+00   1.4102e-05   4.7334e-02   2.4679e+02
20260102_09:00:00   3.9614e-01   8.9875e+01   8.3363e+00   0.0000e+00   1.8934e-02   2.4855e+02
20260102_12:00:00   3.8641e-01   8.8202e+01   8.0955e+00   0.0000e+00   1.9704e-02   2.4941e+02
20260102_15:00:00   3.7536e-01   8.6193e+01   7.9673e+00   0.0000e+00   4.0709e-03   2.4890e+02
20260102_18:00:00   4.0044e-01   9.0752e+01   8.4086e+00   0.0000e+00   6.4370e-03   2.4814e+02
20260102_21:00:00   3.7433e-01   8.6345e+01   7.9073e+00   0.0000e+00   1.3484e-04   2.4818e+02
20260103_00:00:00   3.7594e-01   8.6788e+01   7.9276e+00   1.9430e-05   5.2342e-05   2.4660e+02
20260103_03:00:00   3.6960e-01   8.5492e+01   7.8789e+00   0.0000e+00   1.4747e-03   2.4547e+02
20260103_06:00:00   3.6397e-01   8.4351e+01   7.7923e+00   0.0000e+00   3.4538e-03   2.4668e+02
20260103_09:00:00   3.7571e-01   8.6242e+01   8.0269e+00   0.0000e+00   2.2624e-02   2.4821e+02
20260103_12:00:00   3.7438e-01   8.5989e+01   8.0139e+00   0.0000e+00   1.9759e-02   2.4890e+02
20260103_15:00:00   3.3956e-01   7.9680e+01   7.3292e+00   0.0000e+00   9.3642e-04   2.4945e+02
20260103_18:00:00   2.7292e-01   6.7024e+01   5.9922e+00   0.0000e+00   2.0121e-03   2.5075e+02
20260103_21:00:00   2.3509e-01   5.9305e+01   5.2500e+00   0.0000e+00   3.0185e-02   2.5132e+02
20260104_00:00:00   2.3053e-01   5.8210e+01   5.1758e+00   0.0000e+00   8.0736e-02   2.4768e+02
20260104_03:00:00   2.0015e-01   5.2009e+01   4.5166e+00   0.0000e+00   3.0349e-02   2.4632e+02
20260104_06:00:00   2.0790e-01   5.3743e+01   4.5812e+00   0.0000e+00   3.9735e-02   2.4719e+02
20260104_09:00:00   2.2355e-01   5.7115e+01   4.8127e+00   0.0000e+00   8.1528e-02   2.4752e+02
20260104_12:00:00   2.3713e-01   6.0100e+01   5.0025e+00   0.0000e+00   4.4897e-04   2.4823e+02
20260104_15:00:00   2.5306e-01   6.3335e+01   5.3127e+00   0.0000e+00   0.0000e+00   2.4783e+02
20260104_18:00:00   2.6199e-01   6.5011e+01   5.5441e+00   0.0000e+00   1.4514e-03   2.4833e+02
20260104_21:00:00   2.9608e-01   7.1429e+01   6.3618e+00   0.0000e+00   7.7032e-04   2.4802e+02
20260105_00:00:00   3.0242e-01   7.2573e+01   6.5229e+00   2.1800e-05   9.1353e-03   2.4540e+02
20260105_03:00:00   3.9703e-01   8.9859e+01   8.3030e+00   0.0000e+00   6.8902e-02   2.4459e+02
20260105_06:00:00   4.0585e-01   9.1449e+01   8.4131e+00   6.0641e-04   2.8123e-02   2.4708e+02
20260105_09:00:00   4.0231e-01   9.0771e+01   8.3236e+00   1.6148e-04   4.0026e-02   2.4771e+02
20260105_12:00:00   4.0879e-01   9.1963e+01   8.4021e+00   2.2418e-05   2.0075e-02   2.4967e+02
20260105_15:00:00   4.3468e-01   9.6229e+01   8.6760e+00   4.3322e-03   1.8811e-01   2.4749e+02
20260105_18:00:00   4.4110e-01   9.7549e+01   8.8532e+00   1.1100e-03   1.7057e-01   2.4818e+02
20260105_21:00:00   4.8346e-01   1.0478e+02   9.2026e+00   1.0231e-02   2.0834e-01   2.4767e+02
20260106_00:00:00   6.4528e-01   1.2969e+02   9.1009e+00   7.7915e-02   3.1387e-01   2.4629e+02
20260106_03:00:00   4.5447e-01   9.9898e+01   9.1005e+00   4.3508e-03   1.2242e-02   2.4417e+02
20260106_06:00:00   4.4385e-01   9.8084e+01   8.9851e+00   1.8710e-03   2.8423e-02   2.4663e+02
20260106_09:00:00   7.7747e-01   1.4713e+02   9.5653e+00   1.2562e-01   2.0318e-01   2.4732e+02
20260106_12:00:00   1.0914e+00   1.8055e+02   9.7495e+00   2.5038e-01   5.4240e-01   2.4909e+02
20260106_15:00:00   7.6393e-01   1.4547e+02   9.8454e+00   1.1204e-01   4.1297e-01   2.4831e+02
20260106_18:00:00   1.3834e+00   2.0390e+02   9.6012e+00   3.7906e-01   1.1180e-01   2.5105e+02
