#            date       tau255        Tb[K]      pwv[mm] lwp[kg*m^-2] iwp[kg*m^-2]       o3[DU]
20250927_18:00:00   4.8750e-01   1.0665e+02   1.0375e+01   0.0000e+00   1.0775e-03   2.5354e+02
20250927_19:00:00   4.8213e-01   1.0586e+02   1.0243e+01   0.0000e+00   8.0668e-04   2.5614e+02
20250927_20:00:00   4.8347e-01   1.0608e+02   1.0265e+01   0.0000e+00   3.1270e-03   2.5678e+02
20250927_21:00:00   4.8733e-01   1.0675e+02   1.0297e+01   0.0000e+00   1.5226e-03   2.5335e+02
20250927_22:00:00   5.0507e-01   1.0966e+02   1.0537e+01   1.4310e-03   1.8277e-03   2.5069e+02
20250927_23:00:00   5.4343e-01   1.1563e+02   1.1195e+01   2.0322e-03   3.4040e-03   2.5268e+02
20250928_00:00:00   1.0927e+00   1.8140e+02   1.1819e+01   2.1752e-01   1.8358e-01   2.5584e+02
20250928_01:00:00   1.2962e+00   1.9811e+02   1.2399e+01   2.8682e-01   6.8717e-01   2.5796e+02
20250928_02:00:00   7.7196e-01   1.4705e+02   1.2193e+01   7.0585e-02   5.3247e-01   2.5650e+02
20250928_03:00:00   6.2676e-01   1.2775e+02   1.1952e+01   1.6077e-02   3.2116e-01   2.5434e+02
20250928_04:00:00   5.7251e-01   1.1981e+02   1.1763e+01   3.7120e-04   1.2006e-01   2.5436e+02
20250928_05:00:00   5.5612e-01   1.1734e+02   1.1597e+01   0.0000e+00   4.6660e-02   2.5309e+02
20250928_06:00:00   5.5548e-01   1.1717e+02   1.1634e+01   0.0000e+00   6.2355e-02   2.5154e+02
20250928_07:00:00   5.4374e-01   1.1540e+02   1.1439e+01   0.0000e+00   6.2116e-02   2.5282e+02
20250928_08:00:00   5.2600e-01   1.1270e+02   1.1166e+01   0.0000e+00   1.2662e-02   2.5442e+02
20250928_09:00:00   5.1241e-01   1.1053e+02   1.0929e+01   0.0000e+00   6.9860e-03   2.5758e+02
20250928_10:00:00   4.9925e-01   1.0844e+02   1.0679e+01   0.0000e+00   1.4042e-02   2.5948e+02
20250928_11:00:00   4.7492e-01   1.0452e+02   1.0207e+01   0.0000e+00   9.3297e-03   2.5969e+02
20250928_12:00:00   4.5484e-01   1.0121e+02   9.8212e+00   0.0000e+00   8.6348e-03   2.6102e+02
20250928_13:00:00   4.3782e-01   9.8344e+01   9.4592e+00   0.0000e+00   5.5633e-03   2.5991e+02
20250928_14:00:00   4.2901e-01   9.6840e+01   9.2618e+00   0.0000e+00   6.9105e-03   2.5790e+02
20250928_15:00:00   4.2152e-01   9.5591e+01   9.0845e+00   0.0000e+00   1.7355e-03   2.5775e+02
20250928_16:00:00   4.1381e-01   9.4294e+01   8.8999e+00   0.0000e+00   4.9252e-04   2.5733e+02
20250928_17:00:00   3.9383e-01   9.0847e+01   8.4971e+00   0.0000e+00   7.5097e-05   2.5694e+02
20250928_18:00:00   3.6748e-01   8.6166e+01   7.9724e+00   0.0000e+00   6.3540e-05   2.5840e+02
20250928_19:00:00   3.4189e-01   8.1533e+01   7.4142e+00   0.0000e+00   0.0000e+00   2.5947e+02
20250928_20:00:00   3.2199e-01   7.7810e+01   6.9896e+00   0.0000e+00   0.0000e+00   2.5950e+02
20250928_21:00:00   2.9720e-01   7.3045e+01   6.4792e+00   0.0000e+00   0.0000e+00   2.6014e+02
20250928_22:00:00   2.7048e-01   6.7761e+01   5.9160e+00   0.0000e+00   0.0000e+00   2.5974e+02
20250928_23:00:00   2.4393e-01   6.2345e+01   5.3594e+00   0.0000e+00   0.0000e+00   2.5923e+02
20250929_00:00:00   2.0822e-01   5.4788e+01   4.6236e+00   0.0000e+00   0.0000e+00   2.5951e+02
20250929_01:00:00   1.7140e-01   4.6641e+01   3.8653e+00   1.5470e-06   0.0000e+00   2.6047e+02
20250929_02:00:00   1.4925e-01   4.1617e+01   3.3751e+00   0.0000e+00   0.0000e+00   2.5997e+02
20250929_03:00:00   1.4072e-01   3.9678e+01   3.1652e+00   0.0000e+00   0.0000e+00   2.5916e+02
20250929_04:00:00   1.4142e-01   3.9873e+01   3.1583e+00   0.0000e+00   0.0000e+00   2.5992e+02
20250929_05:00:00   1.4241e-01   4.0121e+01   3.1651e+00   0.0000e+00   0.0000e+00   2.5977e+02
20250929_06:00:00   1.3753e-01   3.9014e+01   3.0451e+00   0.0000e+00   0.0000e+00   2.6123e+02
20250929_07:00:00   1.2678e-01   3.6514e+01   2.8013e+00   0.0000e+00   0.0000e+00   2.6142e+02
20250929_08:00:00   1.1930e-01   3.4770e+01   2.6208e+00   0.0000e+00   0.0000e+00   2.6003e+02
20250929_09:00:00   1.0966e-01   3.2469e+01   2.4043e+00   0.0000e+00   0.0000e+00   2.6056e+02
20250929_10:00:00   1.0225e-01   3.0681e+01   2.2349e+00   0.0000e+00   0.0000e+00   2.6215e+02
20250929_11:00:00   9.8624e-02   2.9807e+01   2.1467e+00   0.0000e+00   0.0000e+00   2.6286e+02
20250929_12:00:00   9.5836e-02   2.9145e+01   2.0766e+00   0.0000e+00   0.0000e+00   2.6395e+02
20250929_13:00:00   9.4883e-02   2.8929e+01   2.0481e+00   0.0000e+00   0.0000e+00   2.6355e+02
20250929_14:00:00   9.2527e-02   2.8357e+01   2.0000e+00   0.0000e+00   0.0000e+00   2.6383e+02
20250929_15:00:00   8.8478e-02   2.7355e+01   1.9200e+00   0.0000e+00   0.0000e+00   2.6279e+02
20250929_16:00:00   8.4514e-02   2.6363e+01   1.8391e+00   0.0000e+00   0.0000e+00   2.6388e+02
20250929_17:00:00   8.2558e-02   2.5868e+01   1.7982e+00   0.0000e+00   0.0000e+00   2.6776e+02
20250929_18:00:00   7.8505e-02   2.4847e+01   1.7115e+00   0.0000e+00   0.0000e+00   2.6914e+02
20250929_19:00:00   7.6189e-02   2.4266e+01   1.6576e+00   0.0000e+00   0.0000e+00   2.6596e+02
20250929_20:00:00   7.4129e-02   2.3745e+01   1.6087e+00   0.0000e+00   0.0000e+00   2.6598e+02
20250929_21:00:00   7.2304e-02   2.3284e+01   1.5645e+00   0.0000e+00   0.0000e+00   2.6536e+02
20250929_22:00:00   7.2079e-02   2.3234e+01   1.5555e+00   0.0000e+00   0.0000e+00   2.6496e+02
20250929_23:00:00   7.0189e-02   2.2766e+01   1.5073e+00   0.0000e+00   0.0000e+00   2.6414e+02
20250930_00:00:00   6.8924e-02   2.2439e+01   1.4791e+00   0.0000e+00   0.0000e+00   2.6250e+02
20250930_01:00:00   6.8393e-02   2.2322e+01   1.4597e+00   0.0000e+00   0.0000e+00   2.6217e+02
20250930_02:00:00   6.4386e-02   2.1315e+01   1.3587e+00   0.0000e+00   0.0000e+00   2.5896e+02
20250930_03:00:00   6.4045e-02   2.1230e+01   1.3522e+00   0.0000e+00   0.0000e+00   2.6029e+02
20250930_04:00:00   6.3359e-02   2.1064e+01   1.3328e+00   0.0000e+00   0.0000e+00   2.6122e+02
20250930_05:00:00   6.2495e-02   2.0871e+01   1.3007e+00   0.0000e+00   0.0000e+00   2.6260e+02
20250930_06:00:00   5.9961e-02   2.0235e+01   1.2333e+00   0.0000e+00   0.0000e+00   2.6497e+02
20250930_07:00:00   5.8574e-02   1.9876e+01   1.1990e+00   0.0000e+00   0.0000e+00   2.6379e+02
20250930_08:00:00   5.8692e-02   1.9897e+01   1.2061e+00   0.0000e+00   0.0000e+00   2.6422e+02
20250930_09:00:00   5.8616e-02   1.9864e+01   1.2089e+00   0.0000e+00   0.0000e+00   2.6353e+02
20250930_10:00:00   5.8664e-02   1.9867e+01   1.2115e+00   0.0000e+00   0.0000e+00   2.6348e+02
20250930_11:00:00   5.8828e-02   1.9904e+01   1.2163e+00   0.0000e+00   0.0000e+00   2.6269e+02
20250930_12:00:00   5.8855e-02   1.9910e+01   1.2184e+00   0.0000e+00   0.0000e+00   2.6254e+02
20250930_13:00:00   6.0152e-02   2.0211e+01   1.2612e+00   0.0000e+00   0.0000e+00   2.6323e+02
20250930_14:00:00   6.3317e-02   2.0973e+01   1.3548e+00   0.0000e+00   0.0000e+00   2.6497e+02
20250930_15:00:00   6.4100e-02   2.1125e+01   1.3878e+00   0.0000e+00   0.0000e+00   2.6165e+02
20250930_16:00:00   6.2224e-02   2.0631e+01   1.3454e+00   0.0000e+00   0.0000e+00   2.6192e+02
20250930_17:00:00   6.0170e-02   2.0119e+01   1.2902e+00   0.0000e+00   0.0000e+00   2.6048e+02
20250930_18:00:00   5.8678e-02   1.9756e+01   1.2490e+00   0.0000e+00   0.0000e+00   2.6153e+02
20250930_19:00:00   5.7066e-02   1.9351e+01   1.2048e+00   0.0000e+00   0.0000e+00   2.5988e+02
20250930_20:00:00   5.6122e-02   1.9110e+01   1.1809e+00   0.0000e+00   0.0000e+00   2.6258e+02
20250930_21:00:00   5.7791e-02   1.9530e+01   1.2251e+00   0.0000e+00   0.0000e+00   2.6319e+02
20250930_22:00:00   6.0469e-02   2.0217e+01   1.2924e+00   0.0000e+00   0.0000e+00   2.6211e+02
20250930_23:00:00   6.2052e-02   2.0620e+01   1.3318e+00   0.0000e+00   0.0000e+00   2.6317e+02
20251001_00:00:00   6.4202e-02   2.1155e+01   1.3859e+00   2.7990e-05   0.0000e+00   2.6273e+02
20251001_01:00:00   6.4960e-02   2.1330e+01   1.4125e+00   0.0000e+00   0.0000e+00   2.6070e+02
20251001_02:00:00   6.5935e-02   2.1576e+01   1.4408e+00   0.0000e+00   0.0000e+00   2.5908e+02
20251001_03:00:00   6.7817e-02   2.2049e+01   1.4895e+00   0.0000e+00   0.0000e+00   2.6006e+02
20251001_04:00:00   7.0336e-02   2.2686e+01   1.5513e+00   0.0000e+00   0.0000e+00   2.6073e+02
20251001_05:00:00   7.1578e-02   2.2993e+01   1.5814e+00   0.0000e+00   0.0000e+00   2.5974e+02
20251001_06:00:00   7.1024e-02   2.2851e+01   1.5689e+00   0.0000e+00   0.0000e+00   2.6139e+02
20251001_07:00:00   7.1371e-02   2.2944e+01   1.5763e+00   0.0000e+00   0.0000e+00   2.6077e+02
20251001_08:00:00   7.2835e-02   2.3305e+01   1.6154e+00   0.0000e+00   0.0000e+00   2.5882e+02
20251001_09:00:00   7.4374e-02   2.3664e+01   1.6612e+00   0.0000e+00   0.0000e+00   2.6071e+02
20251001_10:00:00   7.4495e-02   2.3685e+01   1.6699e+00   0.0000e+00   0.0000e+00   2.6171e+02
20251001_11:00:00   7.6439e-02   2.4173e+01   1.7179e+00   0.0000e+00   0.0000e+00   2.6031e+02
20251001_12:00:00   8.0418e-02   2.5161e+01   1.8167e+00   0.0000e+00   0.0000e+00   2.6067e+02
20251001_13:00:00   8.3429e-02   2.5901e+01   1.8928e+00   0.0000e+00   0.0000e+00   2.6076e+02
20251001_14:00:00   8.5785e-02   2.6486e+01   1.9511e+00   0.0000e+00   0.0000e+00   2.6014e+02
20251001_15:00:00   8.7536e-02   2.6930e+01   1.9920e+00   0.0000e+00   0.0000e+00   2.6140e+02
20251001_16:00:00   8.8109e-02   2.7068e+01   2.0042e+00   0.0000e+00   0.0000e+00   2.6169e+02
20251001_17:00:00   8.7555e-02   2.6906e+01   1.9993e+00   0.0000e+00   0.0000e+00   2.6076e+02
20251001_18:00:00   8.8706e-02   2.7163e+01   2.0362e+00   0.0000e+00   0.0000e+00   2.5933e+02
20251001_19:00:00   8.8947e-02   2.7206e+01   2.0492e+00   0.0000e+00   0.0000e+00   2.5967e+02
20251001_20:00:00   8.5652e-02   2.6374e+01   1.9734e+00   0.0000e+00   0.0000e+00   2.6005e+02
20251001_21:00:00   8.4139e-02   2.5987e+01   1.9400e+00   0.0000e+00   0.0000e+00   2.6026e+02
20251001_22:00:00   8.5503e-02   2.6320e+01   1.9772e+00   0.0000e+00   0.0000e+00   2.6093e+02
20251001_23:00:00   9.8019e-02   2.9472e+01   2.1241e+00   2.3960e-03   0.0000e+00   2.5914e+02
20251002_00:00:00   1.3170e-01   3.7725e+01   2.3130e+00   1.2520e-02   0.0000e+00   2.5801e+02
20251002_01:00:00   1.3614e-01   3.8759e+01   2.3992e+00   1.3120e-02   0.0000e+00   2.6012e+02
20251002_02:00:00   1.0842e-01   3.1934e+01   2.5419e+00   0.0000e+00   0.0000e+00   2.5923e+02
20251002_03:00:00   1.1909e-01   3.4518e+01   2.6670e+00   2.3160e-03   0.0000e+00   2.5827e+02
20251002_04:00:00   1.1271e-01   3.2928e+01   2.6706e+00   0.0000e+00   0.0000e+00   2.6021e+02
20251002_05:00:00   1.0986e-01   3.2239e+01   2.6026e+00   0.0000e+00   0.0000e+00   2.6110e+02
20251002_06:00:00   1.0773e-01   3.1731e+01   2.5493e+00   0.0000e+00   0.0000e+00   2.6247e+02
20251002_07:00:00   1.0485e-01   3.1043e+01   2.4775e+00   0.0000e+00   0.0000e+00   2.6357e+02
20251002_08:00:00   1.0197e-01   3.0339e+01   2.4050e+00   0.0000e+00   0.0000e+00   2.6498e+02
20251002_09:00:00   9.9003e-02   2.9619e+01   2.3312e+00   0.0000e+00   1.1194e-05   2.6456e+02
20251002_10:00:00   9.5722e-02   2.8826e+01   2.2463e+00   0.0000e+00   5.2180e-05   2.6452e+02
20251002_11:00:00   9.2616e-02   2.8086e+01   2.1629e+00   0.0000e+00   3.5260e-06   2.6501e+02
20251002_12:00:00   8.9026e-02   2.7203e+01   2.0740e+00   0.0000e+00   7.5980e-06   2.6502e+02
20251002_13:00:00   8.9478e-02   2.7263e+01   2.0992e+00   0.0000e+00   1.0958e-06   2.6492e+02
20251002_14:00:00   9.2844e-02   2.7963e+01   2.2120e+00   0.0000e+00   0.0000e+00   2.6396e+02
20251002_15:00:00   9.7228e-02   2.8918e+01   2.3414e+00   0.0000e+00   0.0000e+00   2.6349e+02
20251002_16:00:00   9.8470e-02   2.9159e+01   2.3790e+00   0.0000e+00   3.0020e-05   2.6400e+02
20251002_17:00:00   9.8899e-02   2.9238e+01   2.3928e+00   0.0000e+00   0.0000e+00   2.6562e+02
20251002_18:00:00   9.8233e-02   2.9072e+01   2.3750e+00   0.0000e+00   1.3792e-05   2.6764e+02
20251002_21:00:00   9.7811e-02   2.8984e+01   2.3589e+00   0.0000e+00   0.0000e+00   2.6600e+02
20251003_00:00:00   1.0188e-01   2.9889e+01   2.4672e+00   0.0000e+00   2.2624e-04   2.6448e+02
20251003_03:00:00   1.0472e-01   3.0530e+01   2.5332e+00   2.5140e-04   2.7334e-05   2.6184e+02
20251003_06:00:00   1.0093e-01   2.9659e+01   2.4096e+00   5.8170e-04   0.0000e+00   2.6353e+02
20251003_09:00:00   9.7632e-02   2.8854e+01   2.3561e+00   0.0000e+00   0.0000e+00   2.6359e+02
20251003_12:00:00   9.6656e-02   2.8685e+01   2.3155e+00   0.0000e+00   0.0000e+00   2.6745e+02
20251003_15:00:00   9.5264e-02   2.8344e+01   2.2813e+00   0.0000e+00   0.0000e+00   2.6901e+02
20251003_18:00:00   9.3493e-02   2.7933e+01   2.2302e+00   0.0000e+00   0.0000e+00   2.6762e+02
20251003_21:00:00   8.8429e-02   2.6736e+01   2.0952e+00   0.0000e+00   0.0000e+00   2.6821e+02
20251004_00:00:00   1.1962e-01   3.4500e+01   2.5659e+00   3.8863e-03   0.0000e+00   2.6773e+02
20251004_03:00:00   3.8286e-01   9.0825e+01   3.1071e+00   9.8490e-02   0.0000e+00   2.6919e+02
20251004_06:00:00   4.9102e-01   1.0978e+02   3.4029e+00   1.3632e-01   0.0000e+00   2.6839e+02
20251004_09:00:00   1.2037e-01   3.4905e+01   2.5000e+00   4.9170e-03   1.8926e-05   2.6949e+02
20251004_12:00:00   9.5564e-02   2.8846e+01   2.1823e+00   2.5720e-04   0.0000e+00   2.6922e+02
20251004_15:00:00   9.4516e-02   2.8606e+01   2.1650e+00   2.9470e-06   0.0000e+00   2.6408e+02
20251004_18:00:00   1.1250e-01   3.2864e+01   2.6299e+00   0.0000e+00   0.0000e+00   2.6384e+02
20251004_21:00:00   1.3204e-01   3.7334e+01   3.1393e+00   0.0000e+00   0.0000e+00   2.6277e+02
20251005_00:00:00   2.2482e-01   5.8512e+01   3.6840e+00   2.7040e-02   0.0000e+00   2.5972e+02
20251005_03:00:00   3.9570e-01   9.2744e+01   4.6296e+00   7.6160e-02   0.0000e+00   2.5754e+02
20251005_06:00:00   1.8769e-01   5.0309e+01   3.9163e+00   8.0970e-03   0.0000e+00   2.5941e+02
20251005_09:00:00   1.3798e-01   3.8755e+01   3.2809e+00   0.0000e+00   0.0000e+00   2.6080e+02
20251005_12:00:00   1.2197e-01   3.4992e+01   2.8887e+00   0.0000e+00   0.0000e+00   2.6100e+02
20251005_15:00:00   1.1855e-01   3.4158e+01   2.8098e+00   0.0000e+00   0.0000e+00   2.6116e+02
20251005_18:00:00   1.1325e-01   3.2901e+01   2.6793e+00   0.0000e+00   0.0000e+00   2.6134e+02
20251005_21:00:00   1.1142e-01   3.2483e+01   2.6302e+00   0.0000e+00   0.0000e+00   2.6043e+02
20251006_00:00:00   1.2035e-01   3.4610e+01   2.8182e+00   3.7910e-04   0.0000e+00   2.5867e+02
20251006_03:00:00   1.1704e-01   3.3800e+01   2.7664e+00   0.0000e+00   0.0000e+00   2.5984e+02
20251006_06:00:00   1.0875e-01   3.1804e+01   2.5646e+00   0.0000e+00   0.0000e+00   2.6312e+02
20251006_09:00:00   1.0969e-01   3.2060e+01   2.5742e+00   0.0000e+00   0.0000e+00   2.6458e+02
20251006_12:00:00   1.0461e-01   3.0819e+01   2.4475e+00   0.0000e+00   0.0000e+00   2.6733e+02
20251006_15:00:00   1.0177e-01   3.0094e+01   2.3774e+00   0.0000e+00   0.0000e+00   2.6641e+02
20251006_18:00:00   9.8880e-02   2.9424e+01   2.3010e+00   0.0000e+00   0.0000e+00   2.7003e+02
20251006_21:00:00   1.0073e-01   3.0046e+01   2.3010e+00   0.0000e+00   0.0000e+00   2.7212e+02
20251007_00:00:00   9.2974e-02   2.8149e+01   2.1075e+00   5.5300e-05   0.0000e+00   2.7100e+02
20251007_03:00:00   8.7967e-02   2.6939e+01   1.9806e+00   0.0000e+00   0.0000e+00   2.7060e+02
20251007_06:00:00   8.6625e-02   2.6638e+01   1.9347e+00   0.0000e+00   0.0000e+00   2.7004e+02
20251007_09:00:00   8.4927e-02   2.6242e+01   1.8833e+00   0.0000e+00   0.0000e+00   2.6976e+02
20251007_12:00:00   8.0795e-02   2.5237e+01   1.7692e+00   0.0000e+00   0.0000e+00   2.7145e+02
20251007_15:00:00   9.2010e-02   2.8098e+01   1.9960e+00   0.0000e+00   0.0000e+00   2.7045e+02
20251007_18:00:00   1.0093e-01   3.0377e+01   2.1585e+00   0.0000e+00   0.0000e+00   2.7372e+02
20251007_21:00:00   7.7029e-02   2.4437e+01   1.6233e+00   0.0000e+00   0.0000e+00   2.7720e+02
20251008_00:00:00   8.0403e-02   2.5313e+01   1.6889e+00   0.0000e+00   0.0000e+00   2.7308e+02
20251008_03:00:00   7.3721e-02   2.3638e+01   1.5397e+00   0.0000e+00   0.0000e+00   2.7045e+02
20251008_06:00:00   7.2129e-02   2.3215e+01   1.5026e+00   0.0000e+00   0.0000e+00   2.7098e+02
20251008_09:00:00   7.2989e-02   2.3424e+01   1.5202e+00   0.0000e+00   0.0000e+00   2.7254e+02
20251008_12:00:00   7.9915e-02   2.5173e+01   1.6689e+00   0.0000e+00   0.0000e+00   2.7235e+02
20251008_15:00:00   7.7819e-02   2.4664e+01   1.6124e+00   0.0000e+00   0.0000e+00   2.7024e+02
20251008_18:00:00   7.8660e-02   2.4882e+01   1.6225e+00   0.0000e+00   0.0000e+00   2.7155e+02
20251008_21:00:00   1.0989e-01   3.2627e+01   2.2733e+00   0.0000e+00   0.0000e+00   2.7153e+02
20251009_00:00:00   1.7062e-01   4.6887e+01   3.4336e+00   1.7340e-04   0.0000e+00   2.7129e+02
20251009_03:00:00   1.7802e-01   4.8503e+01   3.6360e+00   8.2100e-04   0.0000e+00   2.7002e+02
20251009_06:00:00   1.9269e-01   5.1651e+01   4.0600e+00   0.0000e+00   0.0000e+00   2.6961e+02
20251009_09:00:00   1.0668e-01   3.1811e+01   2.2381e+00   0.0000e+00   0.0000e+00   2.6994e+02
20251009_12:00:00   6.4119e-02   2.1182e+01   1.3056e+00   0.0000e+00   0.0000e+00   2.6914e+02
20251009_15:00:00   6.0065e-02   2.0137e+01   1.2111e+00   0.0000e+00   0.0000e+00   2.6968e+02
20251009_18:00:00   5.7830e-02   1.9580e+01   1.1555e+00   0.0000e+00   0.0000e+00   2.6762e+02
20251009_21:00:00   6.0466e-02   2.0283e+01   1.2133e+00   0.0000e+00   0.0000e+00   2.6651e+02
20251010_00:00:00   6.6909e-02   2.1938e+01   1.3659e+00   7.1740e-06   0.0000e+00   2.6385e+02
20251010_03:00:00   6.7235e-02   2.2025e+01   1.3804e+00   0.0000e+00   0.0000e+00   2.6159e+02
20251010_06:00:00   5.6010e-02   1.9121e+01   1.1207e+00   0.0000e+00   0.0000e+00   2.6265e+02
20251010_09:00:00   5.7818e-02   1.9604e+01   1.1592e+00   0.0000e+00   0.0000e+00   2.6317e+02
20251010_12:00:00   7.4920e-02   2.3959e+01   1.5501e+00   0.0000e+00   6.3499e-04   2.6165e+02
20251010_15:00:00   5.6787e-02   1.9257e+01   1.1548e+00   0.0000e+00   1.0530e-04   2.6083e+02
20251010_18:00:00   5.3707e-02   1.8509e+01   1.0646e+00   0.0000e+00   0.0000e+00   2.6225e+02
20251010_21:00:00   5.3169e-02   1.8306e+01   1.0758e+00   0.0000e+00   0.0000e+00   2.6403e+02
20251011_00:00:00   5.5342e-02   1.8789e+01   1.1542e+00   0.0000e+00   0.0000e+00   2.6109e+02
20251011_03:00:00   7.4397e-02   2.3610e+01   1.3563e+00   4.8730e-03   6.5560e-06   2.6240e+02
20251011_06:00:00   6.1532e-02   2.0192e+01   1.3632e+00   0.0000e+00   4.5880e-05   2.6259e+02
20251011_09:00:00   6.2061e-02   2.0297e+01   1.3768e+00   0.0000e+00   2.7400e-07   2.6344e+02
20251011_12:00:00   6.5472e-02   2.1074e+01   1.4921e+00   0.0000e+00   2.6298e-03   2.6386e+02
20251011_15:00:00   6.3711e-02   2.0676e+01   1.4382e+00   0.0000e+00   1.3519e-03   2.6458e+02
20251011_18:00:00   6.5457e-02   2.1094e+01   1.4899e+00   0.0000e+00   9.8525e-03   2.6497e+02
20251011_21:00:00   6.9392e-02   2.2026e+01   1.6132e+00   0.0000e+00   3.9728e-04   2.6652e+02
20251012_00:00:00   8.6871e-02   2.6049e+01   2.1049e+00   0.0000e+00   2.5456e-02   2.6481e+02
20251012_03:00:00   1.0332e-01   2.9837e+01   2.5554e+00   0.0000e+00   8.6241e-03   2.6465e+02
20251012_06:00:00   8.0382e-02   2.4736e+01   1.8913e+00   0.0000e+00   3.2502e-04   2.6528e+02
20251012_09:00:00   7.6419e-02   2.3846e+01   1.7663e+00   0.0000e+00   1.7444e-04   2.6649e+02
20251012_12:00:00   7.0478e-02   2.2517e+01   1.5763e+00   0.0000e+00   8.3712e-05   2.6609e+02
20251012_15:00:00   7.0660e-02   2.2601e+01   1.5707e+00   0.0000e+00   1.7892e-04   2.6587e+02
20251012_18:00:00   6.7753e-02   2.1982e+01   1.4735e+00   0.0000e+00   4.1100e-03   2.6937e+02
20251012_21:00:00   6.6206e-02   2.1651e+01   1.4173e+00   0.0000e+00   1.4504e-04   2.7010e+02
20251013_00:00:00   6.7082e-02   2.1889e+01   1.4476e+00   0.0000e+00   1.0692e-03   2.6740e+02
20251013_03:00:00   6.8755e-02   2.2367e+01   1.4793e+00   2.6330e-06   1.5958e-05   2.6484e+02
20251013_06:00:00   6.8061e-02   2.2184e+01   1.4577e+00   0.0000e+00   2.8880e-05   2.6289e+02
20251013_09:00:00   6.8765e-02   2.2356e+01   1.4706e+00   0.0000e+00   1.5798e-05   2.6388e+02
20251013_12:00:00   6.8253e-02   2.2199e+01   1.4625e+00   0.0000e+00   0.0000e+00   2.6344e+02
20251013_15:00:00   6.6068e-02   2.1629e+01   1.4122e+00   0.0000e+00   0.0000e+00   2.6440e+02
20251013_18:00:00   6.9761e-02   2.2476e+01   1.5239e+00   0.0000e+00   0.0000e+00   2.6486e+02
