#            date       tau255        Tb[K]      pwv[mm] lwp[kg*m^-2] iwp[kg*m^-2]       o3[DU]
20250902_18:00:00   5.2158e-02   1.8013e+01   1.1011e+00   0.0000e+00   1.8766e-03   2.7199e+02
20250902_19:00:00   5.2290e-02   1.8045e+01   1.1059e+00   0.0000e+00   9.0359e-04   2.7312e+02
20250902_20:00:00   5.2551e-02   1.8112e+01   1.1127e+00   0.0000e+00   3.4121e-04   2.7238e+02
20250902_21:00:00   5.2005e-02   1.7984e+01   1.0953e+00   0.0000e+00   1.3573e-04   2.7143e+02
20250902_22:00:00   5.2915e-02   1.8227e+01   1.1174e+00   0.0000e+00   8.2390e-05   2.6931e+02
20250902_23:00:00   5.6102e-02   1.9061e+01   1.1976e+00   0.0000e+00   7.3690e-05   2.6937e+02
20250903_00:00:00   5.8618e-02   1.9734e+01   1.2560e+00   0.0000e+00   0.0000e+00   2.6800e+02
20250903_01:00:00   5.8966e-02   1.9826e+01   1.2654e+00   0.0000e+00   2.5484e-05   2.6708e+02
20250903_02:00:00   5.9517e-02   1.9975e+01   1.2767e+00   0.0000e+00   3.9057e-05   2.6856e+02
20250903_03:00:00   5.7279e-02   1.9397e+01   1.2190e+00   0.0000e+00   1.7326e-04   2.7072e+02
20250903_04:00:00   5.5520e-02   1.8958e+01   1.1708e+00   0.0000e+00   6.4447e-04   2.6869e+02
20250903_05:00:00   5.3535e-02   1.8444e+01   1.1199e+00   0.0000e+00   1.2608e-03   2.6758e+02
20250903_06:00:00   5.2238e-02   1.8110e+01   1.0873e+00   0.0000e+00   2.1644e-04   2.6905e+02
20250903_07:00:00   5.1537e-02   1.7920e+01   1.0709e+00   0.0000e+00   1.3859e-03   2.6846e+02
20250903_08:00:00   5.0783e-02   1.7724e+01   1.0496e+00   0.0000e+00   1.8064e-03   2.6848e+02
20250903_09:00:00   4.9552e-02   1.7415e+01   1.0128e+00   0.0000e+00   2.0082e-03   2.6870e+02
20250903_10:00:00   4.8088e-02   1.7037e+01   9.7129e-01   0.0000e+00   2.3380e-03   2.6925e+02
20250903_11:00:00   4.7238e-02   1.6826e+01   9.4601e-01   0.0000e+00   2.1356e-03   2.6836e+02
20250903_12:00:00   4.7081e-02   1.6771e+01   9.4481e-01   0.0000e+00   1.7878e-03   2.6914e+02
20250903_13:00:00   4.7303e-02   1.6823e+01   9.5086e-01   0.0000e+00   3.1107e-03   2.6831e+02
20250903_14:00:00   4.7836e-02   1.6954e+01   9.6485e-01   0.0000e+00   4.5636e-03   2.6721e+02
20250903_15:00:00   4.8305e-02   1.7079e+01   9.7714e-01   0.0000e+00   4.4156e-03   2.6675e+02
20250903_16:00:00   4.8808e-02   1.7207e+01   9.9121e-01   0.0000e+00   4.9137e-03   2.6582e+02
20250903_17:00:00   4.8767e-02   1.7190e+01   9.9235e-01   0.0000e+00   3.8601e-03   2.6858e+02
20250903_18:00:00   4.8628e-02   1.7159e+01   9.8886e-01   0.0000e+00   2.4405e-03   2.7272e+02
20250903_19:00:00   4.9218e-02   1.7301e+01   1.0079e+00   0.0000e+00   2.1875e-03   2.7238e+02
20250903_20:00:00   5.0773e-02   1.7671e+01   1.0597e+00   0.0000e+00   1.9970e-03   2.7265e+02
20250903_21:00:00   5.0746e-02   1.7684e+01   1.0563e+00   0.0000e+00   3.0121e-04   2.7331e+02
20250903_22:00:00   5.1026e-02   1.7757e+01   1.0652e+00   0.0000e+00   1.8435e-04   2.7209e+02
20250903_23:00:00   5.2662e-02   1.8183e+01   1.1082e+00   0.0000e+00   1.1900e-04   2.7291e+02
20250904_00:00:00   5.5005e-02   1.8801e+01   1.1661e+00   0.0000e+00   2.3295e-04   2.7254e+02
20250904_01:00:00   5.6285e-02   1.9122e+01   1.2016e+00   0.0000e+00   4.7680e-04   2.7128e+02
20250904_02:00:00   5.7046e-02   1.9300e+01   1.2262e+00   0.0000e+00   8.9626e-04   2.7189e+02
20250904_03:00:00   5.6950e-02   1.9274e+01   1.2272e+00   0.0000e+00   7.0440e-04   2.7079e+02
20250904_04:00:00   5.7061e-02   1.9301e+01   1.2315e+00   0.0000e+00   3.1875e-04   2.7144e+02
20250904_05:00:00   5.6358e-02   1.9129e+01   1.2108e+00   0.0000e+00   0.0000e+00   2.7308e+02
20250904_06:00:00   5.6830e-02   1.9249e+01   1.2231e+00   0.0000e+00   0.0000e+00   2.7329e+02
20250904_07:00:00   5.7508e-02   1.9414e+01   1.2417e+00   0.0000e+00   0.0000e+00   2.7504e+02
20250904_08:00:00   5.7648e-02   1.9450e+01   1.2464e+00   0.0000e+00   0.0000e+00   2.7595e+02
20250904_09:00:00   5.8064e-02   1.9551e+01   1.2594e+00   0.0000e+00   0.0000e+00   2.7377e+02
20250904_10:00:00   5.7728e-02   1.9458e+01   1.2512e+00   0.0000e+00   0.0000e+00   2.7382e+02
20250904_11:00:00   5.7308e-02   1.9351e+01   1.2404e+00   0.0000e+00   0.0000e+00   2.7466e+02
20250904_12:00:00   5.6460e-02   1.9128e+01   1.2193e+00   0.0000e+00   0.0000e+00   2.7407e+02
20250904_13:00:00   5.6021e-02   1.9010e+01   1.2073e+00   0.0000e+00   0.0000e+00   2.7394e+02
20250904_14:00:00   5.5046e-02   1.8757e+01   1.1807e+00   0.0000e+00   0.0000e+00   2.7411e+02
20250904_15:00:00   5.3620e-02   1.8393e+01   1.1422e+00   0.0000e+00   0.0000e+00   2.7289e+02
20250904_16:00:00   5.2439e-02   1.8090e+01   1.1123e+00   0.0000e+00   0.0000e+00   2.7278e+02
20250904_17:00:00   5.2092e-02   1.8013e+01   1.0998e+00   0.0000e+00   0.0000e+00   2.7328e+02
20250904_18:00:00   5.2121e-02   1.8023e+01   1.0998e+00   0.0000e+00   0.0000e+00   2.7463e+02
20250904_19:00:00   5.2099e-02   1.8020e+01   1.0999e+00   0.0000e+00   0.0000e+00   2.7515e+02
20250904_20:00:00   5.1538e-02   1.7879e+01   1.0848e+00   0.0000e+00   0.0000e+00   2.7653e+02
20250904_21:00:00   5.0867e-02   1.7715e+01   1.0647e+00   0.0000e+00   0.0000e+00   2.7530e+02
20250904_22:00:00   5.0157e-02   1.7541e+01   1.0450e+00   0.0000e+00   0.0000e+00   2.7513e+02
20250904_23:00:00   5.0482e-02   1.7630e+01   1.0525e+00   0.0000e+00   0.0000e+00   2.7601e+02
20250905_00:00:00   5.3639e-02   1.8470e+01   1.1291e+00   0.0000e+00   0.0000e+00   2.7475e+02
20250905_01:00:00   5.4132e-02   1.8598e+01   1.1407e+00   0.0000e+00   0.0000e+00   2.7339e+02
20250905_02:00:00   5.1318e-02   1.7858e+01   1.0729e+00   0.0000e+00   0.0000e+00   2.7272e+02
20250905_03:00:00   5.0763e-02   1.7717e+01   1.0586e+00   0.0000e+00   0.0000e+00   2.7277e+02
20250905_04:00:00   4.8139e-02   1.7032e+01   9.9273e-01   0.0000e+00   0.0000e+00   2.7141e+02
20250905_05:00:00   4.6643e-02   1.6631e+01   9.5574e-01   0.0000e+00   0.0000e+00   2.7082e+02
20250905_06:00:00   4.5678e-02   1.6375e+01   9.3158e-01   0.0000e+00   0.0000e+00   2.6756e+02
20250905_07:00:00   4.5049e-02   1.6198e+01   9.1637e-01   0.0000e+00   0.0000e+00   2.6892e+02
20250905_08:00:00   4.4971e-02   1.6167e+01   9.1683e-01   0.0000e+00   0.0000e+00   2.7019e+02
20250905_09:00:00   4.5760e-02   1.6368e+01   9.3887e-01   0.0000e+00   0.0000e+00   2.7244e+02
20250905_10:00:00   4.6263e-02   1.6493e+01   9.5352e-01   0.0000e+00   0.0000e+00   2.7293e+02
20250905_11:00:00   4.6916e-02   1.6659e+01   9.6947e-01   0.0000e+00   0.0000e+00   2.7621e+02
20250905_12:00:00   4.7469e-02   1.6795e+01   9.8439e-01   0.0000e+00   0.0000e+00   2.7566e+02
20250905_13:00:00   4.7212e-02   1.6725e+01   9.7825e-01   0.0000e+00   0.0000e+00   2.7389e+02
20250905_14:00:00   4.6793e-02   1.6614e+01   9.6820e-01   0.0000e+00   0.0000e+00   2.7383e+02
20250905_15:00:00   4.6517e-02   1.6544e+01   9.6169e-01   0.0000e+00   0.0000e+00   2.7270e+02
20250905_16:00:00   4.6480e-02   1.6533e+01   9.6140e-01   0.0000e+00   0.0000e+00   2.7333e+02
20250905_17:00:00   4.6859e-02   1.6628e+01   9.7198e-01   0.0000e+00   0.0000e+00   2.7485e+02
20250905_18:00:00   4.6964e-02   1.6657e+01   9.7519e-01   0.0000e+00   0.0000e+00   2.7597e+02
20250905_19:00:00   4.6358e-02   1.6509e+01   9.5817e-01   0.0000e+00   0.0000e+00   2.7850e+02
20250905_20:00:00   4.6330e-02   1.6498e+01   9.5962e-01   0.0000e+00   0.0000e+00   2.7910e+02
20250905_21:00:00   4.5926e-02   1.6387e+01   9.5078e-01   0.0000e+00   0.0000e+00   2.7778e+02
20250905_22:00:00   4.5934e-02   1.6393e+01   9.4999e-01   0.0000e+00   0.0000e+00   2.7722e+02
20250905_23:00:00   4.7769e-02   1.6874e+01   9.9620e-01   0.0000e+00   0.0000e+00   2.7738e+02
20250906_00:00:00   5.0093e-02   1.7494e+01   1.0525e+00   0.0000e+00   0.0000e+00   2.7746e+02
20250906_01:00:00   5.0522e-02   1.7605e+01   1.0656e+00   0.0000e+00   0.0000e+00   2.7470e+02
20250906_02:00:00   4.9508e-02   1.7323e+01   1.0455e+00   0.0000e+00   0.0000e+00   2.7269e+02
20250906_03:00:00   4.9642e-02   1.7360e+01   1.0493e+00   0.0000e+00   0.0000e+00   2.7419e+02
20250906_04:00:00   5.0081e-02   1.7468e+01   1.0636e+00   0.0000e+00   0.0000e+00   2.7424e+02
20250906_05:00:00   5.0029e-02   1.7438e+01   1.0667e+00   0.0000e+00   0.0000e+00   2.7391e+02
20250906_06:00:00   4.9348e-02   1.7240e+01   1.0543e+00   0.0000e+00   0.0000e+00   2.7262e+02
20250906_07:00:00   4.8737e-02   1.7065e+01   1.0407e+00   0.0000e+00   0.0000e+00   2.7304e+02
20250906_08:00:00   4.8425e-02   1.6980e+01   1.0324e+00   0.0000e+00   0.0000e+00   2.7306e+02
20250906_09:00:00   4.8444e-02   1.6973e+01   1.0349e+00   0.0000e+00   0.0000e+00   2.7486e+02
20250906_10:00:00   4.8420e-02   1.6958e+01   1.0358e+00   0.0000e+00   0.0000e+00   2.7511e+02
20250906_11:00:00   4.9255e-02   1.7166e+01   1.0604e+00   0.0000e+00   0.0000e+00   2.7426e+02
20250906_12:00:00   4.9726e-02   1.7284e+01   1.0754e+00   0.0000e+00   0.0000e+00   2.7184e+02
20250906_13:00:00   5.0517e-02   1.7482e+01   1.0979e+00   0.0000e+00   0.0000e+00   2.7168e+02
20250906_14:00:00   5.1376e-02   1.7700e+01   1.1226e+00   0.0000e+00   0.0000e+00   2.7081e+02
20250906_15:00:00   5.1518e-02   1.7742e+01   1.1257e+00   0.0000e+00   0.0000e+00   2.6946e+02
20250906_16:00:00   5.1082e-02   1.7641e+01   1.1111e+00   0.0000e+00   0.0000e+00   2.6832e+02
20250906_17:00:00   5.0852e-02   1.7595e+01   1.1023e+00   0.0000e+00   0.0000e+00   2.6880e+02
20250906_18:00:00   5.1155e-02   1.7677e+01   1.1105e+00   0.0000e+00   0.0000e+00   2.6896e+02
20250906_19:00:00   5.1527e-02   1.7780e+01   1.1195e+00   0.0000e+00   0.0000e+00   2.6961e+02
20250906_20:00:00   5.1847e-02   1.7868e+01   1.1272e+00   0.0000e+00   0.0000e+00   2.7024e+02
20250906_21:00:00   5.2209e-02   1.7978e+01   1.1339e+00   0.0000e+00   0.0000e+00   2.7052e+02
20250906_22:00:00   5.4051e-02   1.8466e+01   1.1771e+00   4.0200e-05   0.0000e+00   2.7159e+02
20250906_23:00:00   5.7887e-02   1.9474e+01   1.2714e+00   1.6820e-05   0.0000e+00   2.7191e+02
20250907_00:00:00   6.0070e-02   2.0050e+01   1.3212e+00   3.7720e-05   0.0000e+00   2.7038e+02
20250907_01:00:00   6.1383e-02   2.0406e+01   1.3479e+00   3.7470e-05   0.0000e+00   2.6989e+02
20250907_02:00:00   5.9948e-02   2.0041e+01   1.3171e+00   0.0000e+00   0.0000e+00   2.6970e+02
20250907_03:00:00   5.9624e-02   1.9955e+01   1.3131e+00   0.0000e+00   0.0000e+00   2.6777e+02
20250907_04:00:00   6.1107e-02   2.0315e+01   1.3598e+00   0.0000e+00   0.0000e+00   2.7076e+02
20250907_05:00:00   6.3288e-02   2.0852e+01   1.4231e+00   0.0000e+00   0.0000e+00   2.7070e+02
20250907_06:00:00   6.3974e-02   2.0997e+01   1.4469e+00   0.0000e+00   0.0000e+00   2.6810e+02
20250907_07:00:00   6.3050e-02   2.0739e+01   1.4274e+00   0.0000e+00   0.0000e+00   2.6876e+02
20250907_08:00:00   6.2887e-02   2.0683e+01   1.4276e+00   0.0000e+00   0.0000e+00   2.6876e+02
20250907_09:00:00   6.2528e-02   2.0586e+01   1.4193e+00   0.0000e+00   0.0000e+00   2.6808e+02
20250907_10:00:00   6.1893e-02   2.0423e+01   1.4035e+00   0.0000e+00   0.0000e+00   2.6793e+02
20250907_11:00:00   6.1954e-02   2.0441e+01   1.4051e+00   0.0000e+00   0.0000e+00   2.6835e+02
20250907_12:00:00   6.2461e-02   2.0574e+01   1.4165e+00   0.0000e+00   0.0000e+00   2.6877e+02
20250907_13:00:00   6.3111e-02   2.0761e+01   1.4284e+00   0.0000e+00   0.0000e+00   2.7018e+02
20250907_14:00:00   6.3840e-02   2.0976e+01   1.4412e+00   0.0000e+00   0.0000e+00   2.6836e+02
20250907_15:00:00   6.5239e-02   2.1355e+01   1.4687e+00   5.3250e-06   0.0000e+00   2.6747e+02
20250907_16:00:00   6.6737e-02   2.1750e+01   1.4950e+00   7.1400e-05   0.0000e+00   2.6820e+02
20250907_17:00:00   6.8461e-02   2.2206e+01   1.5327e+00   5.0290e-05   0.0000e+00   2.6946e+02
20250907_18:00:00   7.1363e-02   2.2976e+01   1.5833e+00   2.4670e-04   0.0000e+00   2.7171e+02
20250907_21:00:00   8.3299e-02   2.6046e+01   1.8686e+00   6.2570e-06   0.0000e+00   2.7275e+02
20250908_00:00:00   1.2595e-01   3.6651e+01   1.9997e+00   1.4523e-02   0.0000e+00   2.6848e+02
20250908_03:00:00   1.0111e-01   3.0552e+01   1.9012e+00   6.3840e-03   0.0000e+00   2.6944e+02
20250908_06:00:00   7.4191e-02   2.3713e+01   1.6746e+00   0.0000e+00   0.0000e+00   2.6600e+02
20250908_09:00:00   7.6650e-02   2.4233e+01   1.7616e+00   0.0000e+00   0.0000e+00   2.6860e+02
20250908_12:00:00   7.7724e-02   2.4447e+01   1.7931e+00   0.0000e+00   0.0000e+00   2.6913e+02
20250908_15:00:00   7.7255e-02   2.4347e+01   1.7718e+00   0.0000e+00   0.0000e+00   2.6968e+02
20250908_18:00:00   7.7921e-02   2.4547e+01   1.7750e+00   0.0000e+00   0.0000e+00   2.7327e+02
20250908_21:00:00   8.1359e-02   2.5376e+01   1.8678e+00   0.0000e+00   0.0000e+00   2.7183e+02
20250909_00:00:00   8.8939e-02   2.7257e+01   2.0483e+00   5.3620e-05   0.0000e+00   2.7093e+02
20250909_03:00:00   8.6468e-02   2.6615e+01   1.9943e+00   0.0000e+00   0.0000e+00   2.7183e+02
20250909_06:00:00   8.3498e-02   2.5882e+01   1.9102e+00   0.0000e+00   0.0000e+00   2.7176e+02
20250909_09:00:00   8.3559e-02   2.5945e+01   1.8877e+00   0.0000e+00   0.0000e+00   2.7341e+02
20250909_12:00:00   1.0299e-01   3.0771e+01   2.3152e+00   0.0000e+00   0.0000e+00   2.7414e+02
20250909_15:00:00   1.2213e-01   3.5390e+01   2.7295e+00   0.0000e+00   0.0000e+00   2.7581e+02
20250909_18:00:00   1.2222e-01   3.5402e+01   2.7336e+00   0.0000e+00   0.0000e+00   2.7596e+02
20250909_21:00:00   1.2711e-01   3.6621e+01   2.7950e+00   7.7030e-06   0.0000e+00   2.7756e+02
20250910_00:00:00   2.0157e-01   5.3734e+01   3.5698e+00   1.5453e-02   0.0000e+00   2.7505e+02
20250910_03:00:00   2.1913e-01   5.7426e+01   4.6510e+00   5.9750e-06   0.0000e+00   2.7083e+02
20250910_06:00:00   1.8826e-01   5.0775e+01   3.9784e+00   0.0000e+00   0.0000e+00   2.7212e+02
20250910_09:00:00   1.4901e-01   4.1960e+01   3.1617e+00   0.0000e+00   0.0000e+00   2.7390e+02
20250910_12:00:00   1.1747e-01   3.4530e+01   2.4827e+00   0.0000e+00   0.0000e+00   2.7150e+02
20250910_15:00:00   9.0979e-02   2.8059e+01   1.9278e+00   0.0000e+00   0.0000e+00   2.6963e+02
20250910_18:00:00   9.5489e-02   2.9180e+01   2.0109e+00   0.0000e+00   0.0000e+00   2.7249e+02
20250910_21:00:00   9.8313e-02   2.9874e+01   2.0660e+00   0.0000e+00   0.0000e+00   2.7269e+02
20250911_00:00:00   1.7404e-01   4.7769e+01   3.5512e+00   2.5388e-03   0.0000e+00   2.7128e+02
20250911_03:00:00   2.6001e-01   6.6675e+01   3.4231e+00   4.1341e-02   0.0000e+00   2.6965e+02
20250911_06:00:00   8.6945e-02   2.7135e+01   1.8223e+00   4.0850e-05   0.0000e+00   2.7017e+02
20250911_09:00:00   6.8197e-02   2.2419e+01   1.3530e+00   3.8830e-04   0.0000e+00   2.6921e+02
20250911_12:00:00   8.1222e-02   2.5689e+01   1.6683e+00   0.0000e+00   0.0000e+00   2.6886e+02
20250911_15:00:00   1.0829e-01   3.2344e+01   2.2574e+00   0.0000e+00   0.0000e+00   2.7013e+02
20250911_18:00:00   1.9407e-01   5.2202e+01   3.9798e+00   0.0000e+00   0.0000e+00   2.7114e+02
20250911_21:00:00   1.7225e-01   4.7316e+01   3.6183e+00   0.0000e+00   4.3100e-04   2.7067e+02
20250912_00:00:00   1.6021e-01   4.4589e+01   3.3500e+00   9.9420e-04   1.6222e-05   2.6922e+02
20250912_03:00:00   1.1358e-01   3.3633e+01   2.4199e+00   3.0230e-04   0.0000e+00   2.6701e+02
20250912_06:00:00   7.9398e-02   2.5096e+01   1.7148e+00   0.0000e+00   0.0000e+00   2.6986e+02
20250912_09:00:00   9.4720e-02   2.8947e+01   2.0441e+00   0.0000e+00   0.0000e+00   2.7094e+02
20250912_12:00:00   1.0167e-01   3.0640e+01   2.1948e+00   0.0000e+00   0.0000e+00   2.7109e+02
20250912_15:00:00   1.5555e-01   4.3421e+01   3.3591e+00   0.0000e+00   0.0000e+00   2.6898e+02
20250912_18:00:00   2.3656e-01   6.1226e+01   5.0437e+00   0.0000e+00   0.0000e+00   2.7199e+02
20250912_21:00:00   2.7765e-01   6.9721e+01   5.8647e+00   0.0000e+00   0.0000e+00   2.7171e+02
20250913_00:00:00   3.1837e-01   7.7795e+01   6.6276e+00   0.0000e+00   0.0000e+00   2.6969e+02
20250913_03:00:00   3.3933e-01   8.1694e+01   7.1334e+00   0.0000e+00   0.0000e+00   2.6995e+02
20250913_06:00:00   3.0144e-01   7.4114e+01   6.6079e+00   0.0000e+00   0.0000e+00   2.7140e+02
20250913_09:00:00   2.2813e-01   5.8901e+01   5.1996e+00   0.0000e+00   9.9020e-05   2.7291e+02
20250913_12:00:00   1.7619e-01   4.7564e+01   4.0802e+00   0.0000e+00   2.5556e-03   2.7148e+02
20250913_15:00:00   1.1658e-01   3.3449e+01   2.8067e+00   0.0000e+00   6.3213e-03   2.7233e+02
20250913_18:00:00   1.1492e-01   3.2930e+01   2.7888e+00   0.0000e+00   2.1987e-02   2.7176e+02
20250913_21:00:00   1.7230e-01   4.6152e+01   4.1639e+00   0.0000e+00   1.8071e-02   2.7100e+02
20250914_00:00:00   1.7980e-01   4.7940e+01   4.2784e+00   0.0000e+00   5.8817e-02   2.7033e+02
20250914_03:00:00   1.8322e-01   4.8750e+01   4.3520e+00   0.0000e+00   3.7356e-02   2.6831e+02
20250914_06:00:00   1.8809e-01   4.9761e+01   4.5234e+00   0.0000e+00   1.3836e-02   2.6971e+02
20250914_09:00:00   1.5972e-01   4.3438e+01   3.8303e+00   0.0000e+00   6.0175e-02   2.7038e+02
20250914_12:00:00   1.2827e-01   3.6277e+01   3.0804e+00   0.0000e+00   3.7966e-02   2.6944e+02
20250914_15:00:00   9.9833e-02   2.9458e+01   2.4109e+00   0.0000e+00   8.5447e-03   2.6847e+02
20250914_18:00:00   7.8768e-02   2.4427e+01   1.8512e+00   0.0000e+00   3.4978e-03   2.7118e+02
20250914_21:00:00   8.4559e-02   2.5782e+01   2.0148e+00   0.0000e+00   8.8077e-03   2.6977e+02
20250915_00:00:00   1.1273e-01   3.2402e+01   2.7555e+00   0.0000e+00   2.7557e-03   2.6760e+02
20250915_03:00:00   1.2237e-01   3.4639e+01   2.9858e+00   0.0000e+00   3.2855e-02   2.6860e+02
20250915_06:00:00   1.3311e-01   3.7054e+01   3.2839e+00   2.7980e-05   2.6607e-03   2.6833e+02
20250915_09:00:00   1.2749e-01   3.5711e+01   3.1361e+00   0.0000e+00   3.4899e-04   2.6996e+02
20250915_12:00:00   1.2684e-01   3.5551e+01   3.1109e+00   0.0000e+00   7.7702e-05   2.7134e+02
20250915_15:00:00   1.1294e-01   3.2404e+01   2.7582e+00   0.0000e+00   0.0000e+00   2.7145e+02
20250915_18:00:00   9.9112e-02   2.9258e+01   2.3900e+00   0.0000e+00   0.0000e+00   2.7489e+02
20250915_21:00:00   9.4809e-02   2.8305e+01   2.2672e+00   0.0000e+00   6.5560e-06   2.7386e+02
20250916_00:00:00   1.1096e-01   3.2391e+01   2.5778e+00   6.4810e-04   1.3110e-04   2.7137e+02
20250916_03:00:00   1.0369e-01   3.0605e+01   2.4202e+00   5.8100e-04   4.1440e-04   2.7139e+02
20250916_06:00:00   9.9315e-02   2.9530e+01   2.3470e+00   0.0000e+00   0.0000e+00   2.7345e+02
20250916_09:00:00   9.5826e-02   2.8755e+01   2.2386e+00   0.0000e+00   0.0000e+00   2.7415e+02
20250916_12:00:00   8.0347e-02   2.5012e+01   1.8336e+00   0.0000e+00   0.0000e+00   2.7516e+02
20250916_15:00:00   7.7184e-02   2.4245e+01   1.7454e+00   0.0000e+00   0.0000e+00   2.7339e+02
20250916_18:00:00   8.8234e-02   2.6905e+01   2.0344e+00   0.0000e+00   0.0000e+00   2.7367e+02
20250916_21:00:00   1.0027e-01   2.9777e+01   2.3424e+00   0.0000e+00   0.0000e+00   2.7165e+02
20250917_00:00:00   1.0612e-01   3.1166e+01   2.4814e+00   3.0340e-06   0.0000e+00   2.7135e+02
20250917_03:00:00   1.0015e-01   2.9798e+01   2.3372e+00   0.0000e+00   0.0000e+00   2.7054e+02
20250917_06:00:00   9.5056e-02   2.8612e+01   2.1948e+00   0.0000e+00   0.0000e+00   2.7077e+02
20250917_09:00:00   1.0679e-01   3.1548e+01   2.4346e+00   0.0000e+00   5.4080e-06   2.7451e+02
20250917_12:00:00   1.0542e-01   3.1271e+01   2.3841e+00   0.0000e+00   6.6142e-04   2.7359e+02
20250917_15:00:00   9.8061e-02   2.9528e+01   2.1903e+00   0.0000e+00   1.8622e-03   2.7206e+02
20250917_18:00:00   9.2085e-02   2.8177e+01   1.9967e+00   0.0000e+00   5.2440e-05   2.7296e+02
20250917_21:00:00   9.0488e-02   2.7849e+01   1.9300e+00   0.0000e+00   0.0000e+00   2.7362e+02
20250918_00:00:00   1.1076e-01   3.2807e+01   2.2035e+00   2.8420e-03   2.3678e-04   2.7049e+02
20250918_03:00:00   1.3638e-01   3.8950e+01   2.0985e+00   1.5740e-02   2.9640e-04   2.6941e+02
20250918_06:00:00   9.6729e-02   2.9172e+01   2.1519e+00   0.0000e+00   0.0000e+00   2.7138e+02
20250918_09:00:00   9.6574e-02   2.9207e+01   2.0905e+00   0.0000e+00   0.0000e+00   2.7153e+02
20250918_12:00:00   8.3114e-02   2.6006e+01   1.7136e+00   0.0000e+00   0.0000e+00   2.7114e+02
20250918_15:00:00   1.0737e-01   3.1886e+01   2.2568e+00   0.0000e+00   0.0000e+00   2.6854e+02
20250918_18:00:00   1.0766e-01   3.1841e+01   2.3443e+00   0.0000e+00   0.0000e+00   2.7054e+02
