#            date       tau255        Tb[K]      pwv[mm] lwp[kg*m^-2] iwp[kg*m^-2]       o3[DU]
20201006_06:00:00   1.6088e-01   4.3653e+01   3.7772e+00   0.0000e+00   0.0000e+00   2.6259e+02
20201006_07:00:00   1.7040e-01   4.5711e+01   3.9888e+00   0.0000e+00   0.0000e+00   2.6334e+02
20201006_08:00:00   1.6715e-01   4.5016e+01   3.8924e+00   0.0000e+00   0.0000e+00   2.6383e+02
20201006_09:00:00   1.6236e-01   4.3956e+01   3.7612e+00   0.0000e+00   0.0000e+00   2.6290e+02
20201006_10:00:00   1.6573e-01   4.4699e+01   3.8341e+00   0.0000e+00   0.0000e+00   2.6345e+02
20201006_11:00:00   1.7500e-01   4.6740e+01   4.0480e+00   0.0000e+00   0.0000e+00   2.6338e+02
20201006_12:00:00   1.7129e-01   4.5948e+01   3.9679e+00   0.0000e+00   0.0000e+00   2.6402e+02
20201006_13:00:00   1.6457e-01   4.4511e+01   3.8179e+00   0.0000e+00   0.0000e+00   2.6521e+02
20201006_14:00:00   1.6799e-01   4.5228e+01   3.9215e+00   0.0000e+00   0.0000e+00   2.6511e+02
20201006_15:00:00   1.7876e-01   4.7501e+01   4.2099e+00   0.0000e+00   0.0000e+00   2.6561e+02
20201006_16:00:00   1.8593e-01   4.8985e+01   4.4050e+00   0.0000e+00   0.0000e+00   2.6562e+02
20201006_17:00:00   1.8663e-01   4.9141e+01   4.4233e+00   0.0000e+00   0.0000e+00   2.6484e+02
20201006_18:00:00   1.7893e-01   4.7451e+01   4.2546e+00   0.0000e+00   3.7860e-08   2.6416e+02
20201006_19:00:00   1.6530e-01   4.4384e+01   3.9687e+00   0.0000e+00   0.0000e+00   2.6267e+02
20201006_20:00:00   1.4910e-01   4.0726e+01   3.6165e+00   0.0000e+00   0.0000e+00   2.6206e+02
20201006_21:00:00   1.2995e-01   3.6416e+01   3.1393e+00   0.0000e+00   0.0000e+00   2.6179e+02
20201006_22:00:00   1.3116e-01   3.6693e+01   3.1609e+00   0.0000e+00   0.0000e+00   2.6144e+02
20201006_23:00:00   1.3485e-01   3.7625e+01   3.2032e+00   0.0000e+00   0.0000e+00   2.6050e+02
20201007_00:00:00   1.3604e-01   3.7923e+01   3.1903e+00   0.0000e+00   0.0000e+00   2.5972e+02
20201007_01:00:00   1.3733e-01   3.8205e+01   3.2029e+00   0.0000e+00   0.0000e+00   2.5812e+02
20201007_02:00:00   1.3654e-01   3.8077e+01   3.1720e+00   0.0000e+00   0.0000e+00   2.5816e+02
20201007_03:00:00   1.4028e-01   3.8956e+01   3.2661e+00   0.0000e+00   0.0000e+00   2.6055e+02
20201007_04:00:00   1.3595e-01   3.8019e+01   3.1318e+00   0.0000e+00   0.0000e+00   2.6089e+02
20201007_05:00:00   1.4302e-01   3.9553e+01   3.3044e+00   0.0000e+00   0.0000e+00   2.5968e+02
20201007_06:00:00   1.4807e-01   4.0657e+01   3.4197e+00   0.0000e+00   0.0000e+00   2.6041e+02
20201007_07:00:00   1.5419e-01   4.1998e+01   3.5716e+00   0.0000e+00   0.0000e+00   2.5915e+02
20201007_08:00:00   1.6192e-01   4.3695e+01   3.7545e+00   0.0000e+00   0.0000e+00   2.5902e+02
20201007_09:00:00   1.6057e-01   4.3416e+01   3.7156e+00   0.0000e+00   0.0000e+00   2.5885e+02
20201007_10:00:00   1.6519e-01   4.4443e+01   3.8074e+00   0.0000e+00   0.0000e+00   2.5832e+02
20201007_11:00:00   1.6388e-01   4.4170e+01   3.7498e+00   0.0000e+00   0.0000e+00   2.5834e+02
20201007_12:00:00   1.5453e-01   4.2181e+01   3.5166e+00   0.0000e+00   0.0000e+00   2.5911e+02
20201007_13:00:00   1.5495e-01   4.2285e+01   3.5313e+00   0.0000e+00   0.0000e+00   2.6002e+02
20201007_14:00:00   1.4383e-01   3.9876e+01   3.2687e+00   0.0000e+00   0.0000e+00   2.5956e+02
20201007_15:00:00   1.4201e-01   3.9516e+01   3.2355e+00   0.0000e+00   0.0000e+00   2.5904e+02
20201007_16:00:00   1.3926e-01   3.8913e+01   3.1714e+00   0.0000e+00   0.0000e+00   2.5959e+02
20201007_17:00:00   1.3290e-01   3.7492e+01   3.0175e+00   0.0000e+00   0.0000e+00   2.6004e+02
20201007_18:00:00   1.3300e-01   3.7528e+01   3.0212e+00   0.0000e+00   0.0000e+00   2.6021e+02
20201007_19:00:00   1.3427e-01   3.7830e+01   3.0472e+00   0.0000e+00   0.0000e+00   2.5996e+02
20201007_20:00:00   1.4402e-01   4.0034e+01   3.2747e+00   0.0000e+00   5.6780e-08   2.5973e+02
20201007_21:00:00   1.4697e-01   4.0685e+01   3.3345e+00   0.0000e+00   1.5718e-05   2.5993e+02
20201007_22:00:00   1.4819e-01   4.0970e+01   3.3552e+00   0.0000e+00   9.9803e-05   2.5999e+02
20201007_23:00:00   1.5905e-01   4.3435e+01   3.5578e+00   0.0000e+00   6.9230e-06   2.5954e+02
20201008_00:00:00   1.3938e-01   3.9073e+01   3.0763e+00   0.0000e+00   0.0000e+00   2.5910e+02
20201008_01:00:00   1.1708e-01   3.3929e+01   2.5686e+00   0.0000e+00   0.0000e+00   2.5908e+02
20201008_02:00:00   1.1033e-01   3.2351e+01   2.4230e+00   0.0000e+00   0.0000e+00   2.5906e+02
20201008_03:00:00   1.0225e-01   3.0431e+01   2.2521e+00   0.0000e+00   0.0000e+00   2.5899e+02
20201008_04:00:00   9.8595e-02   2.9532e+01   2.1664e+00   0.0000e+00   0.0000e+00   2.5918e+02
20201008_05:00:00   1.0048e-01   2.9956e+01   2.2064e+00   0.0000e+00   0.0000e+00   2.6004e+02
20201008_06:00:00   1.0848e-01   3.1823e+01   2.3788e+00   0.0000e+00   0.0000e+00   2.6037e+02
20201008_07:00:00   1.1219e-01   3.2663e+01   2.4609e+00   0.0000e+00   0.0000e+00   2.5903e+02
20201008_08:00:00   1.1121e-01   3.2414e+01   2.4415e+00   0.0000e+00   0.0000e+00   2.5768e+02
20201008_09:00:00   9.1400e-02   2.7715e+01   1.9940e+00   0.0000e+00   0.0000e+00   2.5718e+02
20201008_10:00:00   8.0835e-02   2.5139e+01   1.7518e+00   0.0000e+00   0.0000e+00   2.5578e+02
20201008_11:00:00   6.8523e-02   2.2088e+01   1.4743e+00   0.0000e+00   8.1000e-07   2.5549e+02
20201008_12:00:00   6.2910e-02   2.0673e+01   1.3436e+00   0.0000e+00   2.5340e-06   2.5639e+02
20201008_13:00:00   6.4845e-02   2.1155e+01   1.3923e+00   0.0000e+00   8.2800e-07   2.5622e+02
20201008_14:00:00   6.2547e-02   2.0564e+01   1.3438e+00   0.0000e+00   2.3660e-08   2.5649e+02
20201008_15:00:00   6.4920e-02   2.1141e+01   1.4149e+00   0.0000e+00   1.8028e-05   2.5674e+02
20201008_16:00:00   7.7897e-02   2.4303e+01   1.7516e+00   0.0000e+00   4.9041e-05   2.5771e+02
20201008_17:00:00   8.4506e-02   2.5822e+01   1.9469e+00   0.0000e+00   3.4226e-03   2.5870e+02
20201008_18:00:00   9.1217e-02   2.7398e+01   2.1283e+00   0.0000e+00   4.0018e-03   2.5957e+02
20201008_19:00:00   1.0380e-01   3.0389e+01   2.4378e+00   0.0000e+00   9.5461e-03   2.5963e+02
20201008_20:00:00   1.2218e-01   3.4712e+01   2.8873e+00   0.0000e+00   5.3039e-03   2.5988e+02
20201008_21:00:00   1.2306e-01   3.4880e+01   2.9376e+00   0.0000e+00   1.4264e-03   2.6036e+02
20201008_22:00:00   1.2285e-01   3.4820e+01   2.9324e+00   0.0000e+00   1.7976e-03   2.6007e+02
20201008_23:00:00   1.0984e-01   3.1768e+01   2.6202e+00   0.0000e+00   4.2356e-04   2.5958e+02
20201009_00:00:00   1.0378e-01   3.0278e+01   2.5014e+00   0.0000e+00   4.7320e-08   2.5893e+02
20201009_01:00:00   1.0135e-01   2.9679e+01   2.4451e+00   0.0000e+00   0.0000e+00   2.5661e+02
20201009_02:00:00   9.4579e-02   2.8062e+01   2.2845e+00   0.0000e+00   0.0000e+00   2.5521e+02
20201009_03:00:00   9.0405e-02   2.7084e+01   2.1808e+00   0.0000e+00   9.0140e-06   2.5519e+02
20201009_04:00:00   8.2441e-02   2.5183e+01   1.9675e+00   0.0000e+00   0.0000e+00   2.5519e+02
20201009_05:00:00   7.5951e-02   2.3574e+01   1.8028e+00   0.0000e+00   0.0000e+00   2.5631e+02
20201009_06:00:00   6.9545e-02   2.2008e+01   1.6276e+00   0.0000e+00   0.0000e+00   2.5727e+02
20201009_07:00:00   6.5807e-02   2.1080e+01   1.5289e+00   0.0000e+00   0.0000e+00   2.5702e+02
20201009_08:00:00   6.5142e-02   2.0908e+01   1.5104e+00   0.0000e+00   0.0000e+00   2.5642e+02
20201009_09:00:00   6.3139e-02   2.0421e+01   1.4571e+00   0.0000e+00   0.0000e+00   2.5581e+02
20201009_10:00:00   6.5358e-02   2.0941e+01   1.5225e+00   0.0000e+00   2.3180e-06   2.5635e+02
20201009_11:00:00   6.7164e-02   2.1392e+01   1.5731e+00   0.0000e+00   9.8181e-05   2.5776e+02
20201009_12:00:00   6.7733e-02   2.1538e+01   1.5909e+00   0.0000e+00   6.7592e-04   2.5769e+02
20201009_13:00:00   6.8795e-02   2.1792e+01   1.6234e+00   0.0000e+00   7.6180e-04   2.5757e+02
20201009_14:00:00   6.8931e-02   2.1822e+01   1.6305e+00   0.0000e+00   6.3280e-04   2.5799e+02
20201009_15:00:00   6.9843e-02   2.2053e+01   1.6534e+00   0.0000e+00   6.4650e-04   2.5743e+02
20201009_16:00:00   7.3721e-02   2.3000e+01   1.7585e+00   0.0000e+00   2.1057e-04   2.5779e+02
20201009_17:00:00   7.6528e-02   2.3669e+01   1.8353e+00   0.0000e+00   1.6431e-04   2.5821e+02
20201009_18:00:00   7.8715e-02   2.4182e+01   1.8972e+00   0.0000e+00   9.1970e-05   2.5872e+02
20201009_19:00:00   8.2555e-02   2.5108e+01   1.9987e+00   0.0000e+00   2.6680e-05   2.5942e+02
20201009_20:00:00   9.4873e-02   2.8096e+01   2.3127e+00   0.0000e+00   1.5990e-05   2.5884e+02
20201009_21:00:00   1.0762e-01   3.1132e+01   2.6322e+00   0.0000e+00   4.4177e-05   2.5764e+02
20201009_22:00:00   1.1301e-01   3.2375e+01   2.7754e+00   0.0000e+00   0.0000e+00   2.5651e+02
20201009_23:00:00   1.0964e-01   3.1575e+01   2.6961e+00   0.0000e+00   0.0000e+00   2.5633e+02
20201010_00:00:00   1.0583e-01   3.0717e+01   2.6071e+00   0.0000e+00   0.0000e+00   2.5720e+02
20201010_01:00:00   1.0090e-01   2.9608e+01   2.4761e+00   0.0000e+00   9.2740e-07   2.5782e+02
20201010_02:00:00   9.9666e-02   2.9289e+01   2.4520e+00   0.0000e+00   6.2280e-05   2.5774e+02
20201010_03:00:00   9.6896e-02   2.8626e+01   2.3810e+00   0.0000e+00   3.4392e-05   2.5651e+02
20201010_04:00:00   9.5518e-02   2.8206e+01   2.3473e+00   0.0000e+00   8.5257e-06   2.5738e+02
20201010_05:00:00   9.3548e-02   2.7656e+01   2.3013e+00   0.0000e+00   1.8736e-06   2.6062e+02
20201010_06:00:00   9.3030e-02   2.7469e+01   2.2941e+00   0.0000e+00   0.0000e+00   2.6187e+02
20201010_07:00:00   9.6486e-02   2.8237e+01   2.3895e+00   0.0000e+00   0.0000e+00   2.6139e+02
20201010_08:00:00   9.9203e-02   2.8845e+01   2.4560e+00   0.0000e+00   0.0000e+00   2.6045e+02
20201010_09:00:00   1.0314e-01   2.9741e+01   2.5582e+00   0.0000e+00   0.0000e+00   2.6028e+02
20201010_10:00:00   1.0457e-01   3.0074e+01   2.5960e+00   0.0000e+00   3.2042e-05   2.6013e+02
20201010_11:00:00   1.0605e-01   3.0377e+01   2.6364e+00   0.0000e+00   3.5704e-05   2.6083e+02
20201010_12:00:00   1.1056e-01   3.1417e+01   2.7583e+00   0.0000e+00   2.0605e-05   2.6068e+02
20201010_13:00:00   1.1049e-01   3.1440e+01   2.7487e+00   0.0000e+00   1.0906e-06   2.6236e+02
20201010_14:00:00   1.1007e-01   3.1376e+01   2.7353e+00   0.0000e+00   0.0000e+00   2.6384e+02
20201010_15:00:00   1.0980e-01   3.1362e+01   2.7265e+00   0.0000e+00   5.0963e-04   2.6420e+02
20201010_16:00:00   1.1302e-01   3.2144e+01   2.8071e+00   0.0000e+00   1.0948e-03   2.6399e+02
20201010_17:00:00   1.1474e-01   3.2580e+01   2.8499e+00   0.0000e+00   4.4180e-05   2.6295e+02
20201010_18:00:00   1.1555e-01   3.2819e+01   2.8577e+00   0.0000e+00   0.0000e+00   2.6315e+02
20201010_19:00:00   1.1978e-01   3.3846e+01   2.9493e+00   0.0000e+00   0.0000e+00   2.6299e+02
20201010_20:00:00   1.2386e-01   3.4788e+01   3.0480e+00   0.0000e+00   0.0000e+00   2.6247e+02
20201010_21:00:00   1.1967e-01   3.3845e+01   2.9299e+00   0.0000e+00   0.0000e+00   2.6200e+02
20201010_22:00:00   1.1576e-01   3.2922e+01   2.8295e+00   0.0000e+00   0.0000e+00   2.6171e+02
20201010_23:00:00   1.2463e-01   3.5054e+01   3.0321e+00   0.0000e+00   0.0000e+00   2.6195e+02
20201011_00:00:00   1.2169e-01   3.4420e+01   2.9460e+00   0.0000e+00   0.0000e+00   2.6229e+02
20201011_01:00:00   1.1731e-01   3.3427e+01   2.8396e+00   0.0000e+00   0.0000e+00   2.6305e+02
20201011_02:00:00   1.1286e-01   3.2349e+01   2.7385e+00   0.0000e+00   0.0000e+00   2.6419e+02
20201011_03:00:00   1.1434e-01   3.2697e+01   2.7613e+00   0.0000e+00   0.0000e+00   2.6428e+02
20201011_04:00:00   1.2241e-01   3.4584e+01   2.9495e+00   0.0000e+00   0.0000e+00   2.6508e+02
20201011_05:00:00   1.3006e-01   3.6367e+01   3.1225e+00   0.0000e+00   0.0000e+00   2.6466e+02
20201011_06:00:00   1.3632e-01   3.7803e+01   3.2426e+00   0.0000e+00   0.0000e+00   2.6289e+02
20201011_09:00:00   1.6076e-01   4.3264e+01   3.7675e+00   0.0000e+00   0.0000e+00   2.6179e+02
20201011_12:00:00   1.7282e-01   4.5978e+01   4.0269e+00   0.0000e+00   0.0000e+00   2.6154e+02
20201011_15:00:00   1.6965e-01   4.5300e+01   3.9915e+00   0.0000e+00   0.0000e+00   2.6362e+02
20201011_18:00:00   1.5738e-01   4.2523e+01   3.7441e+00   0.0000e+00   1.2020e-03   2.6182e+02
20201011_21:00:00   1.3010e-01   3.6238e+01   3.1168e+00   0.0000e+00   2.4942e-04   2.6036e+02
20201012_00:00:00   1.4976e-01   4.0727e+01   3.5319e+00   0.0000e+00   3.8372e-06   2.5976e+02
20201012_03:00:00   1.4554e-01   3.9901e+01   3.3703e+00   0.0000e+00   7.0980e-08   2.6268e+02
20201012_06:00:00   1.4103e-01   3.8770e+01   3.2348e+00   0.0000e+00   0.0000e+00   2.5878e+02
20201012_09:00:00   1.0507e-01   3.0580e+01   2.3540e+00   0.0000e+00   5.1340e-06   2.6042e+02
20201012_12:00:00   6.0690e-02   2.0018e+01   1.2430e+00   0.0000e+00   0.0000e+00   2.6276e+02
20201012_15:00:00   5.5220e-02   1.8688e+01   1.1150e+00   0.0000e+00   0.0000e+00   2.6569e+02
20201012_18:00:00   8.2077e-02   2.5374e+01   1.7654e+00   0.0000e+00   0.0000e+00   2.6473e+02
20201012_21:00:00   9.8551e-02   2.9242e+01   2.1842e+00   0.0000e+00   0.0000e+00   2.6378e+02
20201013_00:00:00   7.0486e-02   2.2475e+01   1.4817e+00   0.0000e+00   0.0000e+00   2.6441e+02
20201013_03:00:00   5.5199e-02   1.8688e+01   1.1179e+00   0.0000e+00   0.0000e+00   2.6040e+02
20201013_06:00:00   4.7336e-02   1.6618e+01   9.3347e-01   0.0000e+00   0.0000e+00   2.6196e+02
20201013_09:00:00   4.5033e-02   1.5997e+01   8.8235e-01   0.0000e+00   0.0000e+00   2.6164e+02
20201013_12:00:00   4.1508e-02   1.5055e+01   8.0874e-01   0.0000e+00   0.0000e+00   2.6147e+02
20201013_15:00:00   4.7501e-02   1.6623e+01   9.5882e-01   0.0000e+00   0.0000e+00   2.6712e+02
20201013_18:00:00   7.6539e-02   2.3824e+01   1.6927e+00   0.0000e+00   0.0000e+00   2.6684e+02
20201013_21:00:00   8.3397e-02   2.5382e+01   1.8775e+00   0.0000e+00   0.0000e+00   2.6716e+02
20201014_00:00:00   7.1524e-02   2.2600e+01   1.5368e+00   0.0000e+00   0.0000e+00   2.6391e+02
20201014_03:00:00   4.9171e-02   1.7046e+01   1.0113e+00   0.0000e+00   0.0000e+00   2.6552e+02
20201014_06:00:00   4.4314e-02   1.5739e+01   9.0605e-01   0.0000e+00   0.0000e+00   2.6691e+02
20201014_09:00:00   4.3869e-02   1.5593e+01   9.0193e-01   0.0000e+00   0.0000e+00   2.6641e+02
20201014_12:00:00   4.0799e-02   1.4823e+01   8.1782e-01   0.0000e+00   0.0000e+00   2.6528e+02
20201014_15:00:00   4.6062e-02   1.6214e+01   9.4996e-01   0.0000e+00   0.0000e+00   2.6498e+02
20201014_18:00:00   4.9651e-02   1.7187e+01   1.0310e+00   0.0000e+00   0.0000e+00   2.6163e+02
20201014_21:00:00   5.8696e-02   1.9447e+01   1.2650e+00   0.0000e+00   0.0000e+00   2.6378e+02
20201015_00:00:00   5.9033e-02   1.9533e+01   1.2721e+00   0.0000e+00   0.0000e+00   2.6407e+02
20201015_03:00:00   5.3756e-02   1.8165e+01   1.1616e+00   0.0000e+00   0.0000e+00   2.6284e+02
20201015_06:00:00   6.3836e-02   2.0619e+01   1.4255e+00   0.0000e+00   0.0000e+00   2.6517e+02
20201015_09:00:00   7.1985e-02   2.2536e+01   1.6427e+00   0.0000e+00   0.0000e+00   2.6552e+02
20201015_12:00:00   7.9321e-02   2.4202e+01   1.8427e+00   0.0000e+00   3.1139e-06   2.6500e+02
20201015_15:00:00   7.8444e-02   2.4037e+01   1.8156e+00   0.0000e+00   0.0000e+00   2.6515e+02
20201015_18:00:00   8.7684e-02   2.6362e+01   2.0268e+00   0.0000e+00   0.0000e+00   2.6562e+02
20201015_21:00:00   8.2901e-02   2.5273e+01   1.8825e+00   0.0000e+00   0.0000e+00   2.6525e+02
20201016_00:00:00   6.1708e-02   2.0171e+01   1.3308e+00   0.0000e+00   0.0000e+00   2.6614e+02
20201016_03:00:00   4.7837e-02   1.6713e+01   9.8225e-01   0.0000e+00   0.0000e+00   2.6620e+02
20201016_06:00:00   4.6369e-02   1.6376e+01   9.3396e-01   0.0000e+00   0.0000e+00   2.6298e+02
20201016_09:00:00   4.5020e-02   1.6043e+01   8.9641e-01   0.0000e+00   0.0000e+00   2.6293e+02
20201016_12:00:00   4.3173e-02   1.5576e+01   8.4846e-01   0.0000e+00   0.0000e+00   2.6412e+02
20201016_15:00:00   4.6495e-02   1.6483e+01   9.3277e-01   0.0000e+00   0.0000e+00   2.6268e+02
20201016_18:00:00   5.5614e-02   1.8788e+01   1.1744e+00   0.0000e+00   0.0000e+00   2.6144e+02
20201016_21:00:00   7.1996e-02   2.2826e+01   1.6015e+00   0.0000e+00   0.0000e+00   2.5900e+02
20201017_00:00:00   8.2166e-02   2.5159e+01   1.9040e+00   0.0000e+00   4.7202e-03   2.5815e+02
20201017_03:00:00   6.9663e-02   2.1997e+01   1.6135e+00   0.0000e+00   3.6724e-03   2.5753e+02
20201017_06:00:00   9.0669e-02   2.6968e+01   2.1426e+00   0.0000e+00   3.9155e-03   2.5584e+02
20201017_09:00:00   1.0688e-01   3.0918e+01   2.5283e+00   0.0000e+00   4.3879e-04   2.5517e+02
20201017_12:00:00   9.4941e-02   2.8250e+01   2.1968e+00   0.0000e+00   0.0000e+00   2.5701e+02
20201017_15:00:00   9.3449e-02   2.8021e+01   2.1554e+00   0.0000e+00   1.4104e-06   2.5663e+02
20201017_18:00:00   9.4043e-02   2.8204e+01   2.1845e+00   0.0000e+00   3.3238e-03   2.5537e+02
20201017_21:00:00   9.5140e-02   2.8469e+01   2.2067e+00   0.0000e+00   6.2297e-05   2.5515e+02
20201018_00:00:00   1.2082e-01   3.4439e+01   2.8579e+00   0.0000e+00   0.0000e+00   2.5266e+02
20201018_03:00:00   1.3730e-01   3.8186e+01   3.2486e+00   0.0000e+00   0.0000e+00   2.5488e+02
20201018_06:00:00   1.3690e-01   3.7996e+01   3.1886e+00   0.0000e+00   0.0000e+00   2.5396e+02
20201018_09:00:00   1.1898e-01   3.3829e+01   2.7544e+00   0.0000e+00   0.0000e+00   2.5344e+02
20201018_12:00:00   7.6048e-02   2.3764e+01   1.6710e+00   0.0000e+00   0.0000e+00   2.5283e+02
20201018_15:00:00   6.0069e-02   1.9876e+01   1.2784e+00   0.0000e+00   1.7668e-05   2.5420e+02
20201018_18:00:00   7.1551e-02   2.2775e+01   1.5505e+00   0.0000e+00   0.0000e+00   2.5302e+02
20201018_21:00:00   7.4267e-02   2.3393e+01   1.6107e+00   0.0000e+00   0.0000e+00   2.5273e+02
20201019_00:00:00   6.5586e-02   2.1238e+01   1.3773e+00   0.0000e+00   0.0000e+00   2.5467e+02
20201019_03:00:00   4.4966e-02   1.6062e+01   8.7708e-01   0.0000e+00   0.0000e+00   2.5296e+02
20201019_06:00:00   3.6310e-02   1.3773e+01   6.7422e-01   0.0000e+00   0.0000e+00   2.5218e+02
20201019_09:00:00   3.7478e-02   1.4017e+01   7.1291e-01   0.0000e+00   0.0000e+00   2.5398e+02
20201019_12:00:00   3.2030e-02   1.2601e+01   5.7711e-01   0.0000e+00   0.0000e+00   2.5613e+02
20201019_15:00:00   4.3633e-02   1.5621e+01   8.8635e-01   0.0000e+00   0.0000e+00   2.5713e+02
20201019_18:00:00   5.4350e-02   1.8363e+01   1.1693e+00   0.0000e+00   0.0000e+00   2.5869e+02
20201019_21:00:00   5.9077e-02   1.9538e+01   1.2846e+00   0.0000e+00   0.0000e+00   2.5812e+02
20201020_00:00:00   4.5654e-02   1.6151e+01   9.4426e-01   0.0000e+00   0.0000e+00   2.5365e+02
20201020_03:00:00   3.5985e-02   1.3657e+01   6.9928e-01   0.0000e+00   0.0000e+00   2.5724e+02
20201020_06:00:00   3.5619e-02   1.3491e+01   6.9804e-01   0.0000e+00   6.8627e-04   2.5805e+02
20201020_09:00:00   3.3889e-02   1.3031e+01   6.4970e-01   0.0000e+00   8.4820e-06   2.5683e+02
20201020_12:00:00   3.9128e-02   1.4389e+01   7.9511e-01   0.0000e+00   4.7894e-03   2.5874e+02
20201020_15:00:00   8.3795e-02   2.5456e+01   1.9775e+00   0.0000e+00   5.6686e-03   2.5947e+02
20201020_18:00:00   9.7778e-02   2.8839e+01   2.3387e+00   0.0000e+00   1.3620e-04   2.5690e+02
20201020_21:00:00   9.6695e-02   2.8566e+01   2.3203e+00   0.0000e+00   3.2221e-04   2.5531e+02
20201021_00:00:00   1.3301e-01   3.7125e+01   3.2205e+00   0.0000e+00   7.9120e-04   2.5510e+02
20201021_03:00:00   1.6262e-01   4.3567e+01   3.9685e+00   0.0000e+00   1.3035e-04   2.5734e+02
20201021_06:00:00   1.7475e-01   4.6164e+01   4.2165e+00   0.0000e+00   6.6907e-03   2.5688e+02
20201021_09:00:00   1.9039e-01   4.9263e+01   4.6346e+00   0.0000e+00   2.1455e-02   2.5820e+02
20201021_12:00:00   2.5565e-01   6.2778e+01   6.1212e+00   0.0000e+00   3.1207e-02   2.5734e+02
20201021_15:00:00   2.5135e-01   6.1950e+01   6.0443e+00   0.0000e+00   6.0669e-02   2.5889e+02
20201021_18:00:00   2.6165e-01   6.3925e+01   6.2443e+00   0.0000e+00   1.9986e-01   2.5817e+02
20201021_21:00:00   2.4668e-01   6.0828e+01   5.9019e+00   0.0000e+00   2.4844e-01   2.5781e+02
20201022_00:00:00   2.6194e-01   6.4271e+01   6.2612e+00   0.0000e+00   4.4794e-03   2.5778e+02
20201022_03:00:00   2.8250e-01   6.8283e+01   6.3724e+00   5.4004e-03   2.0242e-02   2.5758e+02
20201022_06:00:00   2.3449e-01   5.8605e+01   5.4567e+00   0.0000e+00   8.0282e-02   2.5810e+02
