#            date       tau255        Tb[K]      pwv[mm] lwp[kg*m^-2] iwp[kg*m^-2]       o3[DU]
20211130_12:00:00   3.7596e-02   1.4029e+01   7.6956e-01   0.0000e+00   0.0000e+00   2.7093e+02
20211130_13:00:00   3.7123e-02   1.3907e+01   7.5771e-01   0.0000e+00   0.0000e+00   2.7165e+02
20211130_14:00:00   3.9673e-02   1.4582e+01   8.2577e-01   0.0000e+00   0.0000e+00   2.6978e+02
20211130_15:00:00   4.3262e-02   1.5534e+01   9.1592e-01   0.0000e+00   0.0000e+00   2.6650e+02
20211130_16:00:00   4.7771e-02   1.6707e+01   1.0329e+00   0.0000e+00   0.0000e+00   2.6552e+02
20211130_17:00:00   5.1947e-02   1.7782e+01   1.1399e+00   0.0000e+00   0.0000e+00   2.6663e+02
20211130_18:00:00   5.3596e-02   1.8219e+01   1.1784e+00   0.0000e+00   0.0000e+00   2.6570e+02
20211130_19:00:00   5.6686e-02   1.9010e+01   1.2583e+00   0.0000e+00   8.8340e-06   2.6599e+02
20211130_20:00:00   6.9921e-02   2.2339e+01   1.5871e+00   0.0000e+00   3.5900e-05   2.6712e+02
20211130_21:00:00   8.5193e-02   2.6097e+01   1.9502e+00   0.0000e+00   4.3156e-07   2.6787e+02
20211130_22:00:00   9.5412e-02   2.8547e+01   2.1971e+00   0.0000e+00   0.0000e+00   2.6767e+02
20211130_23:00:00   1.0135e-01   2.9969e+01   2.3141e+00   0.0000e+00   0.0000e+00   2.6765e+02
20211201_00:00:00   9.1573e-02   2.7649e+01   2.0805e+00   0.0000e+00   0.0000e+00   2.6806e+02
20211201_01:00:00   7.9390e-02   2.4700e+01   1.7884e+00   0.0000e+00   2.1200e-05   2.6785e+02
20211201_02:00:00   6.8335e-02   2.1962e+01   1.5405e+00   0.0000e+00   0.0000e+00   2.6857e+02
20211201_03:00:00   6.4729e-02   2.1051e+01   1.4605e+00   0.0000e+00   0.0000e+00   2.6819e+02
20211201_04:00:00   5.9742e-02   1.9762e+01   1.3515e+00   0.0000e+00   0.0000e+00   2.6754e+02
20211201_05:00:00   5.7005e-02   1.9054e+01   1.2852e+00   0.0000e+00   0.0000e+00   2.6730e+02
20211201_06:00:00   5.7657e-02   1.9163e+01   1.3155e+00   0.0000e+00   0.0000e+00   2.6752e+02
20211201_07:00:00   5.5507e-02   1.8585e+01   1.2677e+00   0.0000e+00   0.0000e+00   2.6720e+02
20211201_08:00:00   5.2411e-02   1.7775e+01   1.1953e+00   0.0000e+00   0.0000e+00   2.6757e+02
20211201_09:00:00   4.7720e-02   1.6576e+01   1.0724e+00   0.0000e+00   0.0000e+00   2.6750e+02
20211201_10:00:00   4.5051e-02   1.5878e+01   1.0055e+00   0.0000e+00   0.0000e+00   2.6618e+02
20211201_11:00:00   4.4208e-02   1.5633e+01   9.9093e-01   0.0000e+00   0.0000e+00   2.6589e+02
20211201_12:00:00   4.6028e-02   1.6119e+01   1.0345e+00   0.0000e+00   1.3296e-05   2.6552e+02
20211201_13:00:00   4.5894e-02   1.6057e+01   1.0384e+00   0.0000e+00   1.6584e-05   2.6421e+02
20211201_14:00:00   4.8153e-02   1.6625e+01   1.1040e+00   0.0000e+00   6.3975e-06   2.6369e+02
20211201_15:00:00   5.1662e-02   1.7511e+01   1.1991e+00   0.0000e+00   6.0201e-05   2.6420e+02
20211201_16:00:00   5.2081e-02   1.7659e+01   1.2014e+00   0.0000e+00   0.0000e+00   2.6327e+02
20211201_17:00:00   5.4912e-02   1.8380e+01   1.2794e+00   0.0000e+00   0.0000e+00   2.6285e+02
20211201_18:00:00   5.9493e-02   1.9551e+01   1.3984e+00   0.0000e+00   4.6180e-05   2.6506e+02
20211201_19:00:00   6.0366e-02   1.9792e+01   1.4175e+00   0.0000e+00   1.9616e-04   2.6663e+02
20211201_20:00:00   7.2779e-02   2.2901e+01   1.7376e+00   0.0000e+00   3.9043e-04   2.6676e+02
20211201_21:00:00   8.8758e-02   2.6816e+01   2.1374e+00   0.0000e+00   3.0924e-04   2.6588e+02
20211201_22:00:00   1.0173e-01   2.9911e+01   2.4656e+00   0.0000e+00   3.2232e-04   2.6562e+02
20211201_23:00:00   1.0685e-01   3.1144e+01   2.5703e+00   0.0000e+00   2.8593e-05   2.6450e+02
20211202_00:00:00   9.3670e-02   2.8001e+01   2.2520e+00   0.0000e+00   6.4901e-05   2.6340e+02
20211202_01:00:00   8.8655e-02   2.6780e+01   2.1377e+00   0.0000e+00   7.5300e-05   2.6430e+02
20211202_02:00:00   8.4735e-02   2.5791e+01   2.0753e+00   0.0000e+00   8.8340e-06   2.6487e+02
20211202_03:00:00   7.7416e-02   2.4046e+01   1.8734e+00   0.0000e+00   4.3086e-04   2.6532e+02
20211202_04:00:00   7.4234e-02   2.3177e+01   1.8055e+00   0.0000e+00   2.5299e-04   2.6658e+02
20211202_05:00:00   7.3391e-02   2.2919e+01   1.7892e+00   0.0000e+00   5.3595e-04   2.6972e+02
20211202_06:00:00   6.9843e-02   2.2047e+01   1.6916e+00   0.0000e+00   3.7316e-04   2.6897e+02
20211202_07:00:00   6.6359e-02   2.1219e+01   1.5886e+00   0.0000e+00   4.5297e-05   2.6983e+02
20211202_08:00:00   6.0395e-02   1.9782e+01   1.4177e+00   0.0000e+00   9.6800e-05   2.7180e+02
20211202_09:00:00   5.9993e-02   1.9679e+01   1.4079e+00   0.0000e+00   8.3818e-06   2.7193e+02
20211202_10:00:00   5.5876e-02   1.8670e+01   1.2959e+00   0.0000e+00   1.4134e-05   2.6971e+02
20211202_11:00:00   5.1644e-02   1.7636e+01   1.1713e+00   0.0000e+00   2.3660e-08   2.6941e+02
20211202_12:00:00   5.0040e-02   1.7277e+01   1.1151e+00   0.0000e+00   0.0000e+00   2.7071e+02
20211202_13:00:00   5.0360e-02   1.7356e+01   1.1275e+00   0.0000e+00   5.3000e-05   2.7199e+02
20211202_14:00:00   5.3722e-02   1.8228e+01   1.2157e+00   0.0000e+00   1.8390e-05   2.6960e+02
20211202_15:00:00   5.7616e-02   1.9221e+01   1.3155e+00   0.0000e+00   4.2973e-04   2.6808e+02
20211202_16:00:00   6.1723e-02   2.0250e+01   1.4230e+00   0.0000e+00   1.5672e-04   2.6883e+02
20211202_17:00:00   6.3392e-02   2.0641e+01   1.4719e+00   0.0000e+00   1.7556e-03   2.6870e+02
20211202_18:00:00   6.8067e-02   2.1806e+01   1.5928e+00   0.0000e+00   6.2714e-04   2.6816e+02
20211202_19:00:00   7.0489e-02   2.2413e+01   1.6519e+00   0.0000e+00   1.7314e-03   2.6859e+02
20211202_20:00:00   7.1839e-02   2.2748e+01   1.6782e+00   0.0000e+00   5.3664e-03   2.6894e+02
20211202_21:00:00   7.9199e-02   2.4604e+01   1.8500e+00   0.0000e+00   3.0428e-03   2.6746e+02
20211202_22:00:00   8.6198e-02   2.6312e+01   2.0153e+00   0.0000e+00   5.1145e-03   2.6663e+02
20211202_23:00:00   8.6564e-02   2.6407e+01   2.0137e+00   0.0000e+00   4.1727e-03   2.6753e+02
20211203_00:00:00   7.4930e-02   2.3526e+01   1.7396e+00   0.0000e+00   7.8201e-03   2.6799e+02
20211203_01:00:00   6.6801e-02   2.1517e+01   1.5268e+00   0.0000e+00   7.2958e-03   2.6637e+02
20211203_02:00:00   6.0502e-02   1.9939e+01   1.3741e+00   0.0000e+00   4.2365e-03   2.6617e+02
20211203_03:00:00   6.6016e-02   2.1262e+01   1.5321e+00   0.0000e+00   1.0512e-03   2.6559e+02
20211203_04:00:00   7.0881e-02   2.2423e+01   1.6801e+00   0.0000e+00   8.2563e-06   2.6617e+02
20211203_05:00:00   8.2020e-02   2.5196e+01   1.9560e+00   0.0000e+00   5.4080e-07   2.6605e+02
20211203_06:00:00   9.0782e-02   2.7382e+01   2.1530e+00   0.0000e+00   1.7668e-05   2.6691e+02
20211203_07:00:00   8.9667e-02   2.7158e+01   2.1173e+00   0.0000e+00   4.2519e-04   2.6822e+02
20211203_08:00:00   9.5835e-02   2.8628e+01   2.2682e+00   0.0000e+00   3.3080e-03   2.6981e+02
20211203_09:00:00   8.7356e-02   2.6592e+01   2.0708e+00   0.0000e+00   1.9311e-03   2.7036e+02
20211203_10:00:00   9.0590e-02   2.7378e+01   2.1476e+00   0.0000e+00   4.9845e-03   2.7153e+02
20211203_11:00:00   9.6045e-02   2.8720e+01   2.2812e+00   0.0000e+00   3.4281e-03   2.7117e+02
20211203_12:00:00   9.7563e-02   2.9059e+01   2.3292e+00   0.0000e+00   2.8519e-03   2.7085e+02
20211203_13:00:00   1.0126e-01   2.9957e+01   2.4364e+00   0.0000e+00   2.3695e-03   2.6878e+02
20211203_14:00:00   1.1395e-01   3.3004e+01   2.7552e+00   0.0000e+00   2.3605e-03   2.6738e+02
20211203_15:00:00   1.2405e-01   3.5332e+01   3.0286e+00   0.0000e+00   1.8111e-03   2.6802e+02
20211203_16:00:00   1.2589e-01   3.5720e+01   3.0939e+00   0.0000e+00   7.1740e-03   2.6791e+02
20211203_17:00:00   1.3364e-01   3.7486e+01   3.2965e+00   0.0000e+00   7.7621e-03   2.6500e+02
20211203_18:00:00   1.5297e-01   4.1826e+01   3.7965e+00   0.0000e+00   1.1536e-02   2.6330e+02
20211203_19:00:00   1.6288e-01   4.3979e+01   4.0447e+00   0.0000e+00   1.2864e-02   2.6421e+02
20211203_20:00:00   1.5197e-01   4.1517e+01   3.7717e+00   0.0000e+00   2.2425e-02   2.6456e+02
20211203_21:00:00   1.2834e-01   3.6103e+01   3.1758e+00   0.0000e+00   2.0648e-02   2.6617e+02
20211203_22:00:00   1.1584e-01   3.3201e+01   2.8436e+00   0.0000e+00   6.7127e-03   2.6653e+02
20211203_23:00:00   1.1437e-01   3.2857e+01   2.8096e+00   0.0000e+00   6.3212e-04   2.6656e+02
20211204_00:00:00   1.1133e-01   3.2054e+01   2.7715e+00   0.0000e+00   7.5596e-03   2.6627e+02
20211204_01:00:00   1.0724e-01   3.1061e+01   2.6710e+00   0.0000e+00   1.4157e-02   2.6500e+02
20211204_02:00:00   9.7570e-02   2.8789e+01   2.4248e+00   0.0000e+00   7.5191e-03   2.6517e+02
20211204_03:00:00   9.3700e-02   2.7859e+01   2.3312e+00   0.0000e+00   6.3604e-03   2.6675e+02
20211204_04:00:00   9.4593e-02   2.8074e+01   2.3561e+00   0.0000e+00   4.3739e-03   2.6835e+02
20211204_05:00:00   1.0192e-01   2.9788e+01   2.5488e+00   0.0000e+00   3.5107e-03   2.6581e+02
20211204_06:00:00   1.0655e-01   3.0866e+01   2.6703e+00   0.0000e+00   1.8496e-03   2.6451e+02
20211204_07:00:00   1.0526e-01   3.0611e+01   2.6348e+00   0.0000e+00   3.0440e-03   2.6455e+02
20211204_08:00:00   1.0081e-01   2.9598e+01   2.5123e+00   0.0000e+00   1.7038e-03   2.6274e+02
20211204_09:00:00   9.7004e-02   2.8726e+01   2.4063e+00   0.0000e+00   1.9754e-03   2.6306e+02
20211204_10:00:00   9.6139e-02   2.8564e+01   2.3699e+00   0.0000e+00   7.0860e-04   2.6285e+02
20211204_11:00:00   9.6084e-02   2.8590e+01   2.3606e+00   0.0000e+00   5.9264e-05   2.6235e+02
20211204_12:00:00   9.7903e-02   2.9055e+01   2.4051e+00   0.0000e+00   1.8478e-06   2.6147e+02
20211204_13:00:00   1.0369e-01   3.0462e+01   2.5504e+00   0.0000e+00   1.0652e-03   2.6175e+02
20211204_14:00:00   1.1071e-01   3.2177e+01   2.7324e+00   0.0000e+00   1.6102e-03   2.6261e+02
20211204_15:00:00   1.2187e-01   3.4836e+01   3.0204e+00   0.0000e+00   2.7399e-03   2.6202e+02
20211204_16:00:00   1.3462e-01   3.7742e+01   3.3751e+00   0.0000e+00   3.0718e-03   2.6263e+02
20211204_17:00:00   1.4603e-01   4.0290e+01   3.6818e+00   0.0000e+00   1.6285e-03   2.6255e+02
20211204_18:00:00   1.5441e-01   4.2082e+01   3.9013e+00   0.0000e+00   4.4830e-03   2.6178e+02
20211204_19:00:00   1.5938e-01   4.3176e+01   4.0452e+00   0.0000e+00   3.0699e-03   2.6172e+02
20211204_20:00:00   1.5944e-01   4.3095e+01   4.0620e+00   0.0000e+00   1.2513e-02   2.6197e+02
20211204_21:00:00   1.5556e-01   4.2073e+01   3.9906e+00   0.0000e+00   1.0997e-02   2.6241e+02
20211204_22:00:00   1.3523e-01   3.7487e+01   3.4664e+00   0.0000e+00   8.6376e-03   2.6211e+02
20211204_23:00:00   1.2213e-01   3.4604e+01   3.1129e+00   0.0000e+00   7.7163e-04   2.6537e+02
20211205_00:00:00   1.2247e-01   3.4750e+01   3.1048e+00   0.0000e+00   1.3925e-05   2.6549e+02
20211205_01:00:00   1.1954e-01   3.4191e+01   3.0177e+00   0.0000e+00   2.3180e-06   2.6442e+02
20211205_02:00:00   1.3562e-01   3.7814e+01   3.4229e+00   0.0000e+00   2.6500e-04   2.6750e+02
20211205_03:00:00   1.2958e-01   3.6425e+01   3.2525e+00   0.0000e+00   6.9896e-03   2.6311e+02
20211205_04:00:00   1.2705e-01   3.5840e+01   3.1809e+00   0.0000e+00   1.6170e-02   2.6360e+02
20211205_05:00:00   1.3691e-01   3.8167e+01   3.4134e+00   0.0000e+00   6.5036e-03   2.6469e+02
20211205_06:00:00   1.4468e-01   4.0010e+01   3.5761e+00   0.0000e+00   3.1417e-03   2.6405e+02
20211205_07:00:00   1.6176e-01   4.3903e+01   3.9877e+00   0.0000e+00   1.8918e-03   2.6498e+02
20211205_08:00:00   1.8335e-01   4.8677e+01   4.5190e+00   0.0000e+00   1.4410e-03   2.6491e+02
20211205_09:00:00   2.1058e-01   5.4524e+01   5.1681e+00   0.0000e+00   1.1486e-03   2.6449e+02
20211205_10:00:00   2.2881e-01   5.8384e+01   5.5937e+00   0.0000e+00   4.0981e-03   2.6283e+02
20211205_11:00:00   2.4124e-01   6.1054e+01   5.8229e+00   0.0000e+00   6.6111e-03   2.6384e+02
20211205_12:00:00   2.4229e-01   6.1330e+01   5.7972e+00   0.0000e+00   2.1537e-02   2.6418e+02
20211205_15:00:00   2.8391e-01   6.9794e+01   6.4919e+00   6.0420e-03   4.9871e-02   2.6410e+02
20211205_18:00:00   2.6557e-01   6.5880e+01   6.5789e+00   0.0000e+00   1.2900e-02   2.6163e+02
20211205_21:00:00   2.3379e-01   5.8831e+01   5.6481e+00   3.3642e-03   7.8864e-02   2.6198e+02
20211206_00:00:00   2.1573e-01   5.5295e+01   5.4054e+00   0.0000e+00   1.3678e-02   2.6241e+02
20211206_03:00:00   1.7123e-01   4.5890e+01   4.3154e+00   0.0000e+00   1.0182e-02   2.6344e+02
20211206_06:00:00   1.8290e-01   4.8482e+01   4.5611e+00   0.0000e+00   3.4156e-03   2.6013e+02
20211206_09:00:00   1.8252e-01   4.8558e+01   4.4551e+00   0.0000e+00   6.3720e-04   2.6071e+02
20211206_12:00:00   1.8354e-01   4.8822e+01   4.4694e+00   0.0000e+00   0.0000e+00   2.6015e+02
20211206_15:00:00   2.3807e-01   6.0510e+01   5.8687e+00   0.0000e+00   1.9059e-04   2.5982e+02
20211206_18:00:00   2.6003e-01   6.4633e+01   6.4675e+00   0.0000e+00   1.0992e-02   2.5732e+02
20211206_21:00:00   2.0293e-01   5.2607e+01   5.1280e+00   0.0000e+00   4.9987e-02   2.5790e+02
20211207_00:00:00   2.4959e-01   6.2096e+01   6.2799e+00   0.0000e+00   4.4883e-02   2.6226e+02
20211207_03:00:00   2.7315e-01   6.7084e+01   6.7902e+00   0.0000e+00   7.1929e-03   2.6355e+02
20211207_06:00:00   2.8835e-01   7.0232e+01   7.0518e+00   0.0000e+00   9.5607e-03   2.6222e+02
20211207_09:00:00   2.6496e-01   6.5792e+01   6.3964e+00   0.0000e+00   3.9487e-05   2.6438e+02
20211207_12:00:00   2.3844e-01   6.0603e+01   5.7105e+00   0.0000e+00   2.3742e-03   2.6652e+02
20211207_15:00:00   2.3138e-01   5.9296e+01   5.5825e+00   0.0000e+00   4.3848e-04   2.6587e+02
20211207_18:00:00   2.4925e-01   6.2706e+01   6.0799e+00   0.0000e+00   2.8152e-03   2.6418e+02
20211207_21:00:00   2.2048e-01   5.6632e+01   5.4046e+00   0.0000e+00   2.5271e-03   2.6291e+02
20211208_00:00:00   1.6028e-01   4.3826e+01   3.8775e+00   0.0000e+00   2.0400e-07   2.6453e+02
20211208_03:00:00   1.2937e-01   3.6942e+01   3.0946e+00   0.0000e+00   2.0960e-04   2.6239e+02
20211208_06:00:00   1.4671e-01   4.0924e+01   3.5018e+00   0.0000e+00   4.3400e-04   2.6480e+02
20211208_09:00:00   1.4689e-01   4.0899e+01   3.4853e+00   0.0000e+00   3.8980e-04   2.6516e+02
20211208_12:00:00   1.2491e-01   3.5879e+01   2.9556e+00   0.0000e+00   3.7660e-04   2.6414e+02
20211208_15:00:00   1.2936e-01   3.7035e+01   3.0861e+00   0.0000e+00   9.7340e-05   2.6324e+02
20211208_18:00:00   9.3110e-02   2.8348e+01   2.1911e+00   0.0000e+00   0.0000e+00   2.6323e+02
20211208_21:00:00   7.9908e-02   2.5040e+01   1.8410e+00   0.0000e+00   0.0000e+00   2.6414e+02
20211209_00:00:00   7.2769e-02   2.3226e+01   1.6439e+00   0.0000e+00   0.0000e+00   2.6307e+02
20211209_03:00:00   5.6074e-02   1.8980e+01   1.2376e+00   0.0000e+00   0.0000e+00   2.6207e+02
20211209_06:00:00   5.2189e-02   1.7941e+01   1.1387e+00   0.0000e+00   0.0000e+00   2.6144e+02
20211209_09:00:00   4.9016e-02   1.7071e+01   1.0738e+00   0.0000e+00   0.0000e+00   2.6269e+02
20211209_12:00:00   4.0077e-02   1.4750e+01   8.3738e-01   0.0000e+00   0.0000e+00   2.6476e+02
20211209_15:00:00   4.1939e-02   1.5284e+01   8.6959e-01   0.0000e+00   0.0000e+00   2.6518e+02
20211209_18:00:00   4.6894e-02   1.6566e+01   9.9230e-01   0.0000e+00   0.0000e+00   2.6348e+02
20211209_21:00:00   7.0762e-02   2.2635e+01   1.5708e+00   0.0000e+00   0.0000e+00   2.6451e+02
20211210_00:00:00   7.7095e-02   2.4201e+01   1.6602e+00   0.0000e+00   0.0000e+00   2.6343e+02
20211210_03:00:00   4.1522e-02   1.5285e+01   8.0297e-01   0.0000e+00   0.0000e+00   2.6814e+02
20211210_06:00:00   3.5966e-02   1.3835e+01   6.4974e-01   0.0000e+00   0.0000e+00   2.6734e+02
20211210_09:00:00   2.8707e-02   1.1865e+01   4.6743e-01   0.0000e+00   0.0000e+00   2.6763e+02
20211210_12:00:00   2.4944e-02   1.0829e+01   3.7485e-01   0.0000e+00   0.0000e+00   2.6895e+02
20211210_15:00:00   3.0749e-02   1.2445e+01   5.2169e-01   0.0000e+00   0.0000e+00   2.7226e+02
20211210_18:00:00   3.9179e-02   1.4687e+01   7.3905e-01   0.0000e+00   0.0000e+00   2.6977e+02
20211210_21:00:00   7.1485e-02   2.2857e+01   1.5347e+00   0.0000e+00   0.0000e+00   2.6631e+02
20211211_00:00:00   7.2297e-02   2.3036e+01   1.4961e+00   0.0000e+00   0.0000e+00   2.6649e+02
20211211_03:00:00   4.7098e-02   1.6722e+01   9.0609e-01   0.0000e+00   0.0000e+00   2.6899e+02
20211211_06:00:00   2.9298e-02   1.1982e+01   4.8389e-01   0.0000e+00   0.0000e+00   2.6839e+02
20211211_09:00:00   2.7153e-02   1.1384e+01   4.3612e-01   0.0000e+00   9.0520e-05   2.6817e+02
20211211_12:00:00   2.6969e-02   1.1320e+01   4.3973e-01   0.0000e+00   0.0000e+00   2.6917e+02
20211211_15:00:00   3.4535e-02   1.3397e+01   6.2612e-01   0.0000e+00   0.0000e+00   2.6952e+02
20211211_18:00:00   4.5989e-02   1.6411e+01   9.1770e-01   0.0000e+00   2.2060e-05   2.6916e+02
20211211_21:00:00   8.0844e-02   2.5075e+01   1.7649e+00   0.0000e+00   0.0000e+00   2.6647e+02
20211212_00:00:00   7.3996e-02   2.3397e+01   1.5563e+00   0.0000e+00   2.0320e-03   2.6603e+02
20211212_03:00:00   4.5621e-02   1.6301e+01   8.9688e-01   0.0000e+00   4.3280e-05   2.6956e+02
20211212_06:00:00   3.6588e-02   1.3928e+01   6.8006e-01   0.0000e+00   1.5690e-03   2.6768e+02
20211212_09:00:00   3.4934e-02   1.3471e+01   6.4234e-01   0.0000e+00   0.0000e+00   2.6863e+02
20211212_12:00:00   3.6025e-02   1.3747e+01   6.7580e-01   0.0000e+00   0.0000e+00   2.6663e+02
20211212_15:00:00   4.7727e-02   1.6808e+01   9.8338e-01   0.0000e+00   0.0000e+00   2.6642e+02
20211212_18:00:00   4.3572e-02   1.5767e+01   8.7205e-01   0.0000e+00   0.0000e+00   2.6474e+02
20211212_21:00:00   7.8131e-02   2.4473e+01   1.7165e+00   0.0000e+00   0.0000e+00   2.6459e+02
20211213_00:00:00   8.9060e-02   2.7085e+01   1.9182e+00   0.0000e+00   0.0000e+00   2.6484e+02
20211213_03:00:00   5.5382e-02   1.8789e+01   1.1384e+00   0.0000e+00   0.0000e+00   2.6329e+02
20211213_06:00:00   5.0910e-02   1.7568e+01   1.0450e+00   0.0000e+00   2.1524e-03   2.6203e+02
20211213_09:00:00   3.5227e-02   1.3506e+01   6.6441e-01   0.0000e+00   1.8028e-07   2.6295e+02
20211213_12:00:00   2.9609e-02   1.2018e+01   5.2405e-01   0.0000e+00   0.0000e+00   2.6543e+02
20211213_15:00:00   3.7215e-02   1.4030e+01   7.4038e-01   0.0000e+00   0.0000e+00   2.6513e+02
20211213_18:00:00   4.3265e-02   1.5672e+01   8.8738e-01   0.0000e+00   0.0000e+00   2.6558e+02
20211213_21:00:00   6.9663e-02   2.2351e+01   1.5481e+00   0.0000e+00   1.7668e-05   2.6503e+02
20211214_00:00:00   7.3148e-02   2.3175e+01   1.6258e+00   0.0000e+00   3.4326e-03   2.6327e+02
20211214_03:00:00   5.2760e-02   1.8035e+01   1.1416e+00   0.0000e+00   7.0040e-04   2.6188e+02
20211214_06:00:00   4.4422e-02   1.5911e+01   9.2940e-01   0.0000e+00   0.0000e+00   2.6079e+02
20211214_09:00:00   4.2280e-02   1.5286e+01   8.9767e-01   0.0000e+00   0.0000e+00   2.6218e+02
20211214_12:00:00   4.0233e-02   1.4791e+01   8.3352e-01   0.0000e+00   0.0000e+00   2.6291e+02
20211214_15:00:00   5.8820e-02   1.9628e+01   1.3197e+00   0.0000e+00   0.0000e+00   2.6287e+02
20211214_18:00:00   7.4660e-02   2.3479e+01   1.7656e+00   0.0000e+00   3.7700e-05   2.6129e+02
20211214_21:00:00   9.5796e-02   2.8504e+01   2.3259e+00   0.0000e+00   2.9818e-05   2.6118e+02
20211215_00:00:00   1.2331e-01   3.5040e+01   3.0069e+00   0.0000e+00   0.0000e+00   2.6350e+02
20211215_03:00:00   1.2960e-01   3.6338e+01   3.2437e+00   0.0000e+00   3.2118e-04   2.6085e+02
20211215_06:00:00   1.3213e-01   3.6948e+01   3.2766e+00   0.0000e+00   0.0000e+00   2.6059e+02
20211215_09:00:00   1.5669e-01   4.2542e+01   3.8744e+00   0.0000e+00   3.1736e-04   2.6018e+02
20211215_12:00:00   1.8580e-01   4.8976e+01   4.5964e+00   0.0000e+00   2.5116e-03   2.5849e+02
20211215_15:00:00   2.1009e-01   5.4316e+01   5.2004e+00   0.0000e+00   3.9431e-03   2.5808e+02
20211215_18:00:00   2.3130e-01   5.8379e+01   5.8777e+00   0.0000e+00   6.2633e-03   2.5710e+02
20211215_21:00:00   2.9426e-01   7.0579e+01   7.3031e+00   0.0000e+00   1.3185e-01   2.5600e+02
20211216_00:00:00   2.5115e-01   6.2310e+01   6.3653e+00   0.0000e+00   3.8165e-03   2.5482e+02
20211216_03:00:00   2.6014e-01   6.4222e+01   6.4624e+00   0.0000e+00   8.8218e-03   2.5503e+02
20211216_06:00:00   2.4400e-01   6.0998e+01   6.0764e+00   0.0000e+00   9.5630e-05   2.5560e+02
20211216_09:00:00   2.5937e-01   6.3998e+01   6.4002e+00   0.0000e+00   2.8154e-03   2.5685e+02
20211216_12:00:00   2.7205e-01   6.6535e+01   6.7043e+00   0.0000e+00   3.0957e-03   2.5597e+02
