#            date       tau255        Tb[K]      pwv[mm] lwp[kg*m^-2] iwp[kg*m^-2]       o3[DU]
20211019_00:00:00   5.3491e-02   1.8049e+01   1.0855e+00   0.0000e+00   0.0000e+00   2.8281e+02
20211019_01:00:00   5.0430e-02   1.7288e+01   1.0114e+00   0.0000e+00   0.0000e+00   2.8198e+02
20211019_02:00:00   4.4090e-02   1.5694e+01   8.6084e-01   0.0000e+00   0.0000e+00   2.8183e+02
20211019_03:00:00   4.2269e-02   1.5218e+01   8.2483e-01   0.0000e+00   0.0000e+00   2.8250e+02
20211019_04:00:00   4.1436e-02   1.5015e+01   8.0321e-01   0.0000e+00   0.0000e+00   2.8237e+02
20211019_05:00:00   4.1475e-02   1.5011e+01   8.0930e-01   0.0000e+00   0.0000e+00   2.8144e+02
20211019_06:00:00   4.1755e-02   1.5069e+01   8.2104e-01   0.0000e+00   0.0000e+00   2.8127e+02
20211019_07:00:00   4.3217e-02   1.5417e+01   8.6450e-01   0.0000e+00   0.0000e+00   2.8142e+02
20211019_08:00:00   4.3170e-02   1.5402e+01   8.6673e-01   0.0000e+00   0.0000e+00   2.8248e+02
20211019_09:00:00   4.3643e-02   1.5516e+01   8.8561e-01   0.0000e+00   0.0000e+00   2.8259e+02
20211019_10:00:00   4.4386e-02   1.5692e+01   9.0810e-01   0.0000e+00   0.0000e+00   2.8204e+02
20211019_11:00:00   4.4228e-02   1.5661e+01   9.0251e-01   0.0000e+00   0.0000e+00   2.8163e+02
20211019_12:00:00   4.4055e-02   1.5635e+01   8.9642e-01   0.0000e+00   0.0000e+00   2.8007e+02
20211019_13:00:00   4.4186e-02   1.5670e+01   9.0293e-01   0.0000e+00   0.0000e+00   2.8162e+02
20211019_14:00:00   4.3005e-02   1.5386e+01   8.7239e-01   0.0000e+00   0.0000e+00   2.8171e+02
20211019_15:00:00   4.2991e-02   1.5385e+01   8.7464e-01   0.0000e+00   0.0000e+00   2.8255e+02
20211019_16:00:00   4.3465e-02   1.5511e+01   8.9060e-01   0.0000e+00   0.0000e+00   2.8341e+02
20211019_17:00:00   4.4856e-02   1.5892e+01   9.1923e-01   0.0000e+00   0.0000e+00   2.8347e+02
20211019_18:00:00   4.7374e-02   1.6533e+01   9.8393e-01   0.0000e+00   0.0000e+00   2.8366e+02
20211019_19:00:00   5.1170e-02   1.7493e+01   1.0812e+00   0.0000e+00   0.0000e+00   2.8285e+02
20211019_20:00:00   5.5497e-02   1.8572e+01   1.1883e+00   0.0000e+00   0.0000e+00   2.8221e+02
20211019_21:00:00   6.2642e-02   2.0306e+01   1.3680e+00   0.0000e+00   0.0000e+00   2.8108e+02
20211019_22:00:00   5.7311e-02   1.8986e+01   1.2323e+00   0.0000e+00   1.8926e-07   2.7932e+02
20211019_23:00:00   5.3191e-02   1.7971e+01   1.1251e+00   0.0000e+00   4.8962e-05   2.7732e+02
20211020_00:00:00   4.8955e-02   1.6923e+01   1.0206e+00   0.0000e+00   1.6040e-05   2.7651e+02
20211020_01:00:00   4.5764e-02   1.6118e+01   9.4085e-01   0.0000e+00   1.9040e-06   2.7549e+02
20211020_02:00:00   4.4348e-02   1.5693e+01   9.2522e-01   0.0000e+00   4.3158e-04   2.7483e+02
20211020_03:00:00   4.4088e-02   1.5583e+01   9.3150e-01   0.0000e+00   4.3685e-04   2.7491e+02
20211020_04:00:00   4.3894e-02   1.5523e+01   9.2830e-01   0.0000e+00   2.8041e-04   2.7592e+02
20211020_05:00:00   4.3644e-02   1.5452e+01   9.2078e-01   0.0000e+00   1.2112e-05   2.7728e+02
20211020_06:00:00   4.1441e-02   1.4934e+01   8.4674e-01   0.0000e+00   0.0000e+00   2.7886e+02
20211020_07:00:00   4.2150e-02   1.5102e+01   8.6475e-01   0.0000e+00   0.0000e+00   2.7971e+02
20211020_08:00:00   4.2751e-02   1.5256e+01   8.7868e-01   0.0000e+00   0.0000e+00   2.8134e+02
20211020_09:00:00   4.4502e-02   1.5682e+01   9.2912e-01   0.0000e+00   0.0000e+00   2.8232e+02
20211020_10:00:00   4.6455e-02   1.6151e+01   9.8692e-01   0.0000e+00   0.0000e+00   2.8339e+02
20211020_11:00:00   4.6885e-02   1.6264e+01   9.9665e-01   0.0000e+00   0.0000e+00   2.8334e+02
20211020_12:00:00   4.7950e-02   1.6532e+01   1.0241e+00   0.0000e+00   0.0000e+00   2.8122e+02
20211020_13:00:00   4.8106e-02   1.6579e+01   1.0292e+00   0.0000e+00   0.0000e+00   2.8126e+02
20211020_14:00:00   4.8526e-02   1.6690e+01   1.0379e+00   0.0000e+00   0.0000e+00   2.8138e+02
20211020_15:00:00   5.0062e-02   1.7095e+01   1.0740e+00   0.0000e+00   0.0000e+00   2.8072e+02
20211020_16:00:00   5.2417e-02   1.7692e+01   1.1340e+00   0.0000e+00   0.0000e+00   2.8085e+02
20211020_17:00:00   5.5392e-02   1.8433e+01   1.2113e+00   0.0000e+00   0.0000e+00   2.8017e+02
20211020_18:00:00   6.1535e-02   1.9916e+01   1.3779e+00   0.0000e+00   1.9111e-05   2.7959e+02
20211020_19:00:00   6.6022e-02   2.1039e+01   1.4840e+00   0.0000e+00   7.6490e-05   2.7912e+02
20211020_20:00:00   7.1109e-02   2.2222e+01   1.6179e+00   0.0000e+00   9.8901e-04   2.7870e+02
20211020_21:00:00   8.0322e-02   2.4311e+01   1.8633e+00   0.0000e+00   1.2260e-03   2.7797e+02
20211020_22:00:00   8.9807e-02   2.6490e+01   2.0934e+00   0.0000e+00   2.9358e-03   2.7918e+02
20211020_23:00:00   8.0702e-02   2.4374e+01   1.8508e+00   0.0000e+00   2.4899e-03   2.7992e+02
20211021_00:00:00   6.7783e-02   2.1337e+01   1.5318e+00   0.0000e+00   0.0000e+00   2.7942e+02
20211021_01:00:00   5.6488e-02   1.8639e+01   1.2540e+00   0.0000e+00   0.0000e+00   2.7825e+02
20211021_02:00:00   5.2900e-02   1.7800e+01   1.1582e+00   0.0000e+00   0.0000e+00   2.7717e+02
20211021_03:00:00   5.3624e-02   1.7989e+01   1.1764e+00   0.0000e+00   7.5724e-07   2.7639e+02
20211021_04:00:00   5.4896e-02   1.8300e+01   1.2087e+00   0.0000e+00   0.0000e+00   2.7591e+02
20211021_05:00:00   5.2398e-02   1.7710e+01   1.1329e+00   0.0000e+00   0.0000e+00   2.7541e+02
20211021_06:00:00   5.3097e-02   1.7864e+01   1.1525e+00   0.0000e+00   0.0000e+00   2.7502e+02
20211021_07:00:00   5.3670e-02   1.8017e+01   1.1635e+00   0.0000e+00   0.0000e+00   2.7625e+02
20211021_08:00:00   5.3636e-02   1.8022e+01   1.1586e+00   0.0000e+00   0.0000e+00   2.7819e+02
20211021_09:00:00   5.4280e-02   1.8177e+01   1.1741e+00   0.0000e+00   0.0000e+00   2.7993e+02
20211021_10:00:00   5.3415e-02   1.7989e+01   1.1450e+00   0.0000e+00   0.0000e+00   2.8022e+02
20211021_11:00:00   5.1972e-02   1.7663e+01   1.0974e+00   0.0000e+00   0.0000e+00   2.7968e+02
20211021_12:00:00   5.1096e-02   1.7468e+01   1.0710e+00   0.0000e+00   0.0000e+00   2.7924e+02
20211021_13:00:00   5.2142e-02   1.7728e+01   1.1012e+00   0.0000e+00   0.0000e+00   2.7972e+02
20211021_14:00:00   5.2262e-02   1.7765e+01   1.1077e+00   0.0000e+00   0.0000e+00   2.7928e+02
20211021_15:00:00   5.2496e-02   1.7810e+01   1.1207e+00   0.0000e+00   0.0000e+00   2.7818e+02
20211021_16:00:00   5.1972e-02   1.7694e+01   1.1041e+00   0.0000e+00   7.2114e-07   2.7930e+02
20211021_17:00:00   5.4168e-02   1.8246e+01   1.1644e+00   0.0000e+00   0.0000e+00   2.7870e+02
20211021_18:00:00   5.6200e-02   1.8737e+01   1.2201e+00   0.0000e+00   0.0000e+00   2.7674e+02
20211021_19:00:00   5.6341e-02   1.8770e+01   1.2220e+00   0.0000e+00   4.5520e-07   2.7619e+02
20211021_20:00:00   5.7695e-02   1.9111e+01   1.2488e+00   0.0000e+00   2.2196e-04   2.7580e+02
20211021_21:00:00   6.1681e-02   2.0052e+01   1.3558e+00   0.0000e+00   2.4044e-03   2.7604e+02
20211021_22:00:00   6.1314e-02   1.9950e+01   1.3438e+00   0.0000e+00   2.2043e-03   2.7651e+02
20211021_23:00:00   5.7622e-02   1.9069e+01   1.2446e+00   0.0000e+00   5.5762e-04   2.7699e+02
20211022_00:00:00   5.4709e-02   1.8347e+01   1.1759e+00   0.0000e+00   5.8267e-04   2.7750e+02
20211022_01:00:00   5.3368e-02   1.8000e+01   1.1497e+00   0.0000e+00   7.9600e-04   2.7735e+02
20211022_02:00:00   5.4094e-02   1.8151e+01   1.1795e+00   0.0000e+00   2.0255e-03   2.7637e+02
20211022_03:00:00   5.7404e-02   1.8951e+01   1.2712e+00   0.0000e+00   9.8840e-04   2.7573e+02
20211022_04:00:00   5.7351e-02   1.8938e+01   1.2668e+00   0.0000e+00   7.1100e-04   2.7621e+02
20211022_05:00:00   6.0906e-02   1.9803e+01   1.3629e+00   0.0000e+00   3.2082e-03   2.7696e+02
20211022_06:00:00   6.3189e-02   2.0389e+01   1.4168e+00   0.0000e+00   4.5640e-04   2.7712e+02
20211022_07:00:00   6.4473e-02   2.0711e+01   1.4445e+00   0.0000e+00   3.0363e-05   2.7592e+02
20211022_08:00:00   6.5173e-02   2.0862e+01   1.4668e+00   0.0000e+00   2.0059e-04   2.7580e+02
20211022_09:00:00   6.7755e-02   2.1474e+01   1.5391e+00   0.0000e+00   1.2118e-04   2.7400e+02
20211022_10:00:00   6.8959e-02   2.1769e+01   1.5684e+00   0.0000e+00   6.4119e-06   2.7375e+02
20211022_11:00:00   6.9997e-02   2.2017e+01   1.5971e+00   0.0000e+00   3.2138e-05   2.7367e+02
20211022_12:00:00   7.3038e-02   2.2732e+01   1.6831e+00   0.0000e+00   1.7519e-04   2.7451e+02
20211022_13:00:00   7.9582e-02   2.4268e+01   1.8686e+00   0.0000e+00   7.2045e-04   2.7594e+02
20211022_14:00:00   8.1943e-02   2.4839e+01   1.9305e+00   0.0000e+00   1.5032e-03   2.7630e+02
20211022_15:00:00   8.5253e-02   2.5628e+01   2.0233e+00   0.0000e+00   8.7984e-04   2.7547e+02
20211022_16:00:00   9.0580e-02   2.6865e+01   2.1684e+00   0.0000e+00   4.5521e-03   2.7241e+02
20211022_17:00:00   9.2248e-02   2.7274e+01   2.2108e+00   0.0000e+00   1.8707e-03   2.7245e+02
20211022_18:00:00   9.5916e-02   2.8114e+01   2.3088e+00   0.0000e+00   3.6494e-03   2.7273e+02
20211022_19:00:00   9.7483e-02   2.8508e+01   2.3444e+00   0.0000e+00   2.1233e-03   2.7273e+02
20211022_20:00:00   9.7380e-02   2.8517e+01   2.3312e+00   0.0000e+00   1.0202e-03   2.7259e+02
20211022_21:00:00   9.8970e-02   2.8905e+01   2.3613e+00   0.0000e+00   8.0974e-04   2.7339e+02
20211022_22:00:00   1.0179e-01   2.9558e+01   2.4304e+00   0.0000e+00   1.2047e-03   2.7310e+02
20211022_23:00:00   1.0355e-01   2.9989e+01   2.4701e+00   0.0000e+00   9.5063e-04   2.7182e+02
20211023_00:00:00   1.0925e-01   3.1283e+01   2.6274e+00   0.0000e+00   4.0179e-04   2.7163e+02
20211023_01:00:00   1.1051e-01   3.1571e+01   2.6635e+00   0.0000e+00   9.5524e-05   2.7266e+02
20211023_02:00:00   1.1949e-01   3.3573e+01   2.8986e+00   0.0000e+00   6.7038e-05   2.7074e+02
20211023_03:00:00   1.3044e-01   3.6010e+01   3.1745e+00   0.0000e+00   7.9404e-05   2.7237e+02
20211023_04:00:00   1.3345e-01   3.6681e+01   3.2427e+00   0.0000e+00   3.3109e-03   2.7169e+02
20211023_05:00:00   1.5405e-01   4.1167e+01   3.7293e+00   0.0000e+00   3.0378e-02   2.7209e+02
20211023_06:00:00   1.5464e-01   4.1340e+01   3.7404e+00   0.0000e+00   7.7860e-04   2.7132e+02
20211023_07:00:00   1.5407e-01   4.1201e+01   3.7206e+00   0.0000e+00   9.7223e-04   2.7175e+02
20211023_08:00:00   1.4580e-01   3.9406e+01   3.5121e+00   0.0000e+00   1.6452e-04   2.7214e+02
20211023_09:00:00   1.5281e-01   4.0938e+01   3.6717e+00   0.0000e+00   5.7033e-04   2.7179e+02
20211023_10:00:00   1.6227e-01   4.3051e+01   3.8928e+00   0.0000e+00   1.1335e-03   2.7311e+02
20211023_11:00:00   1.6590e-01   4.3830e+01   3.9679e+00   0.0000e+00   3.0432e-03   2.7297e+02
20211023_12:00:00   1.6660e-01   4.4063e+01   3.9724e+00   0.0000e+00   2.1094e-03   2.7329e+02
20211023_13:00:00   1.6756e-01   4.4341e+01   3.9766e+00   0.0000e+00   2.8304e-03   2.7308e+02
20211023_14:00:00   1.6471e-01   4.3758e+01   3.9169e+00   0.0000e+00   1.4373e-03   2.7326e+02
20211023_15:00:00   1.6599e-01   4.4016e+01   3.8833e+00   1.3816e-03   5.3280e-03   2.7404e+02
20211023_16:00:00   1.6339e-01   4.3492e+01   3.8822e+00   0.0000e+00   6.4200e-03   2.7404e+02
20211023_17:00:00   1.6731e-01   4.4367e+01   3.9757e+00   0.0000e+00   6.4080e-03   2.7464e+02
20211023_18:00:00   1.6003e-01   4.2817e+01   3.7998e+00   0.0000e+00   1.3520e-03   2.7438e+02
20211023_19:00:00   1.4980e-01   4.0615e+01   3.5528e+00   0.0000e+00   8.5280e-05   2.7377e+02
20211023_20:00:00   1.4543e-01   3.9602e+01   3.4364e+00   0.0000e+00   2.0097e-04   2.7431e+02
20211023_21:00:00   1.4278e-01   3.8949e+01   3.3735e+00   0.0000e+00   1.1595e-03   2.7635e+02
20211023_22:00:00   1.5039e-01   4.0441e+01   3.2777e+00   5.9915e-03   8.6601e-03   2.7519e+02
20211023_23:00:00   1.7783e-01   4.6296e+01   3.5484e+00   1.3997e-02   2.5783e-02   2.7353e+02
20211024_00:00:00   1.5987e-01   4.2760e+01   3.7172e+00   0.0000e+00   1.3531e-02   2.7280e+02
20211024_03:00:00   1.4901e-01   4.0646e+01   3.4285e+00   0.0000e+00   0.0000e+00   2.7329e+02
20211024_06:00:00   1.0609e-01   3.0923e+01   2.3994e+00   0.0000e+00   0.0000e+00   2.7045e+02
20211024_09:00:00   6.8811e-02   2.1900e+01   1.5097e+00   0.0000e+00   0.0000e+00   2.7560e+02
20211024_12:00:00   6.2182e-02   2.0217e+01   1.3556e+00   0.0000e+00   0.0000e+00   2.7654e+02
20211024_15:00:00   6.2574e-02   2.0268e+01   1.3895e+00   0.0000e+00   0.0000e+00   2.7750e+02
20211024_18:00:00   7.7767e-02   2.3903e+01   1.7748e+00   0.0000e+00   0.0000e+00   2.7827e+02
20211024_21:00:00   8.6015e-02   2.5652e+01   2.0089e+00   0.0000e+00   1.4340e-03   2.7962e+02
20211025_00:00:00   7.5221e-02   2.3194e+01   1.7123e+00   0.0000e+00   1.0972e-03   2.8168e+02
20211025_03:00:00   5.9534e-02   1.9465e+01   1.3147e+00   0.0000e+00   4.6609e-04   2.8045e+02
20211025_06:00:00   5.8222e-02   1.9054e+01   1.2962e+00   0.0000e+00   1.4194e-03   2.8050e+02
20211025_09:00:00   5.1111e-02   1.7284e+01   1.1026e+00   0.0000e+00   0.0000e+00   2.8648e+02
20211025_12:00:00   4.6360e-02   1.6049e+01   9.9472e-01   0.0000e+00   0.0000e+00   2.8907e+02
20211025_15:00:00   4.0054e-02   1.4530e+01   8.1175e-01   0.0000e+00   0.0000e+00   2.9182e+02
20211025_18:00:00   4.0974e-02   1.4810e+01   8.2956e-01   0.0000e+00   1.8604e-05   2.9583e+02
20211025_21:00:00   5.6142e-02   1.8525e+01   1.2468e+00   0.0000e+00   1.3582e-03   2.9586e+02
20211026_00:00:00   6.1184e-02   1.9953e+01   1.2925e+00   0.0000e+00   0.0000e+00   2.9950e+02
20211026_03:00:00   4.2984e-02   1.5429e+01   8.3239e-01   0.0000e+00   1.8028e-07   3.0152e+02
20211026_06:00:00   3.4504e-02   1.3183e+01   6.3878e-01   0.0000e+00   2.3660e-08   3.0148e+02
20211026_09:00:00   3.4668e-02   1.3238e+01   6.3954e-01   0.0000e+00   0.0000e+00   3.0396e+02
20211026_12:00:00   3.9729e-02   1.4509e+01   7.8544e-01   0.0000e+00   0.0000e+00   3.0735e+02
20211026_15:00:00   4.4828e-02   1.5830e+01   9.2785e-01   0.0000e+00   0.0000e+00   3.0101e+02
20211026_18:00:00   6.2637e-02   2.0242e+01   1.3987e+00   0.0000e+00   1.0155e-02   2.9620e+02
20211026_21:00:00   5.7171e-02   1.8910e+01   1.2632e+00   0.0000e+00   0.0000e+00   2.9762e+02
20211027_00:00:00   5.6148e-02   1.8630e+01   1.2385e+00   0.0000e+00   1.3964e-04   2.9764e+02
20211027_03:00:00   3.9191e-02   1.4428e+01   7.6557e-01   0.0000e+00   4.9885e-04   2.9921e+02
20211027_06:00:00   3.8924e-02   1.4353e+01   7.6359e-01   0.0000e+00   2.9860e-07   2.9636e+02
20211027_09:00:00   3.9930e-02   1.4555e+01   8.1343e-01   0.0000e+00   1.9986e-05   2.9459e+02
20211027_12:00:00   4.1887e-02   1.5039e+01   8.7895e-01   0.0000e+00   9.2180e-06   2.9193e+02
20211027_15:00:00   4.7087e-02   1.6422e+01   1.0225e+00   0.0000e+00   8.2260e-05   2.9021e+02
20211027_18:00:00   6.2793e-02   2.0448e+01   1.4461e+00   0.0000e+00   2.6790e-03   2.8595e+02
20211027_21:00:00   6.7394e-02   2.1575e+01   1.5612e+00   0.0000e+00   2.5502e-03   2.8517e+02
20211028_00:00:00   6.4531e-02   2.0905e+01   1.4802e+00   0.0000e+00   8.9574e-04   2.8758e+02
20211028_03:00:00   1.1957e-01   3.4431e+01   2.7960e+00   0.0000e+00   0.0000e+00   2.8580e+02
20211028_06:00:00   1.1716e-01   3.4016e+01   2.6641e+00   0.0000e+00   0.0000e+00   2.8481e+02
20211028_09:00:00   1.2968e-01   3.6947e+01   2.8758e+00   0.0000e+00   0.0000e+00   2.8247e+02
20211028_12:00:00   1.1018e-01   3.2340e+01   2.4079e+00   0.0000e+00   0.0000e+00   2.8163e+02
20211028_15:00:00   1.3616e-01   3.8455e+01   3.1087e+00   0.0000e+00   0.0000e+00   2.7923e+02
20211028_18:00:00   1.4592e-01   4.0627e+01   3.4235e+00   0.0000e+00   8.8340e-06   2.8084e+02
20211028_21:00:00   7.7243e-02   2.4392e+01   1.7010e+00   0.0000e+00   0.0000e+00   2.7696e+02
20211029_00:00:00   6.8130e-02   2.1987e+01   1.5055e+00   0.0000e+00   0.0000e+00   2.7864e+02
20211029_03:00:00   1.1480e-01   3.3095e+01   2.6835e+00   0.0000e+00   0.0000e+00   2.7547e+02
20211029_06:00:00   1.0161e-01   3.0177e+01   2.3155e+00   0.0000e+00   0.0000e+00   2.7408e+02
20211029_09:00:00   9.4562e-02   2.8638e+01   2.0834e+00   0.0000e+00   0.0000e+00   2.7406e+02
20211029_12:00:00   8.4475e-02   2.6213e+01   1.8405e+00   0.0000e+00   0.0000e+00   2.7523e+02
20211029_15:00:00   8.3922e-02   2.6045e+01   1.8752e+00   0.0000e+00   0.0000e+00   2.7505e+02
20211029_18:00:00   7.4049e-02   2.3576e+01   1.6336e+00   0.0000e+00   0.0000e+00   2.7304e+02
20211029_21:00:00   8.3415e-02   2.5857e+01   1.8276e+00   0.0000e+00   0.0000e+00   2.7542e+02
20211030_00:00:00   7.5273e-02   2.3818e+01   1.6072e+00   0.0000e+00   0.0000e+00   2.7735e+02
20211030_03:00:00   7.1754e-02   2.2963e+01   1.5352e+00   0.0000e+00   0.0000e+00   2.7562e+02
20211030_06:00:00   6.7024e-02   2.1727e+01   1.4237e+00   0.0000e+00   0.0000e+00   2.7629e+02
20211030_09:00:00   5.0557e-02   1.7539e+01   1.0219e+00   0.0000e+00   0.0000e+00   2.7804e+02
20211030_12:00:00   4.6407e-02   1.6475e+01   9.2487e-01   0.0000e+00   0.0000e+00   2.7825e+02
20211030_15:00:00   4.2140e-02   1.5391e+01   8.3175e-01   0.0000e+00   0.0000e+00   2.7848e+02
20211030_18:00:00   5.4986e-02   1.8728e+01   1.1428e+00   0.0000e+00   0.0000e+00   2.7863e+02
20211030_21:00:00   9.7947e-02   2.9280e+01   2.1650e+00   0.0000e+00   1.8028e-07   2.7734e+02
20211031_00:00:00   8.3626e-02   2.5827e+01   1.7821e+00   0.0000e+00   2.6500e-05   2.7394e+02
20211031_03:00:00   4.8439e-02   1.7043e+01   9.6710e-01   0.0000e+00   0.0000e+00   2.7524e+02
20211031_06:00:00   3.9593e-02   1.4713e+01   7.5451e-01   0.0000e+00   0.0000e+00   2.7593e+02
20211031_09:00:00   3.2278e-02   1.2744e+01   5.8131e-01   0.0000e+00   0.0000e+00   2.7441e+02
20211031_12:00:00   3.1633e-02   1.2560e+01   5.6960e-01   0.0000e+00   8.8340e-06   2.7788e+02
20211031_15:00:00   3.9476e-02   1.4624e+01   7.8496e-01   0.0000e+00   0.0000e+00   2.7459e+02
20211031_18:00:00   4.4739e-02   1.5953e+01   9.3459e-01   0.0000e+00   3.7860e-05   2.7483e+02
20211031_21:00:00   6.4952e-02   2.1084e+01   1.4362e+00   0.0000e+00   2.8479e-03   2.7432e+02
20211101_00:00:00   6.3645e-02   2.0791e+01   1.3904e+00   0.0000e+00   0.0000e+00   2.7229e+02
20211101_03:00:00   4.7399e-02   1.6651e+01   1.0031e+00   0.0000e+00   0.0000e+00   2.7142e+02
20211101_06:00:00   4.4105e-02   1.5721e+01   9.3414e-01   0.0000e+00   0.0000e+00   2.7236e+02
20211101_09:00:00   4.5895e-02   1.6111e+01   9.9216e-01   0.0000e+00   0.0000e+00   2.7259e+02
20211101_12:00:00   4.0700e-02   1.4851e+01   8.3683e-01   0.0000e+00   0.0000e+00   2.7035e+02
20211101_15:00:00   4.6485e-02   1.6455e+01   9.7104e-01   0.0000e+00   0.0000e+00   2.6958e+02
20211101_18:00:00   4.5677e-02   1.6294e+01   9.4463e-01   0.0000e+00   0.0000e+00   2.6917e+02
20211101_21:00:00   3.9612e-02   1.4741e+01   7.7696e-01   0.0000e+00   0.0000e+00   2.6750e+02
20211102_00:00:00   4.0788e-02   1.5063e+01   8.0321e-01   0.0000e+00   0.0000e+00   2.6651e+02
20211102_03:00:00   3.6790e-02   1.4004e+01   7.0085e-01   0.0000e+00   0.0000e+00   2.6910e+02
20211102_06:00:00   3.7086e-02   1.4035e+01   7.1151e-01   0.0000e+00   0.0000e+00   2.6703e+02
20211102_09:00:00   3.3986e-02   1.3227e+01   6.3028e-01   0.0000e+00   0.0000e+00   2.6685e+02
20211102_12:00:00   3.3518e-02   1.3092e+01   6.2111e-01   0.0000e+00   0.0000e+00   2.6798e+02
20211102_15:00:00   4.2483e-02   1.5455e+01   8.6661e-01   0.0000e+00   9.3740e-06   2.6605e+02
20211102_18:00:00   4.9786e-02   1.7371e+01   1.0622e+00   0.0000e+00   3.6400e-04   2.6712e+02
20211102_21:00:00   4.7368e-02   1.6702e+01   1.0079e+00   0.0000e+00   4.8640e-05   2.6940e+02
20211103_00:00:00   5.5899e-02   1.8836e+01   1.2509e+00   0.0000e+00   2.0400e-05   2.6724e+02
20211103_03:00:00   6.0265e-02   1.9942e+01   1.3692e+00   0.0000e+00   9.4620e-08   2.6551e+02
20211103_06:00:00   5.0243e-02   1.7353e+01   1.1015e+00   0.0000e+00   0.0000e+00   2.6774e+02
20211103_09:00:00   5.3387e-02   1.8171e+01   1.1780e+00   0.0000e+00   2.2520e-04   2.6832e+02
20211103_12:00:00   6.4672e-02   2.1064e+01   1.4587e+00   0.0000e+00   4.0682e-04   2.7367e+02
20211103_15:00:00   8.5015e-02   2.6049e+01   1.9948e+00   0.0000e+00   1.4279e-02   2.6953e+02
20211103_18:00:00   9.3668e-02   2.8070e+01   2.2615e+00   0.0000e+00   4.5983e-03   2.6784e+02
20211103_21:00:00   1.0211e-01   3.0033e+01   2.4854e+00   0.0000e+00   3.1575e-03   2.7030e+02
20211104_00:00:00   9.1348e-02   2.7545e+01   2.1924e+00   0.0000e+00   2.3160e-03   2.6852e+02
