#            date       tau255        Tb[K]      pwv[mm] lwp[kg*m^-2] iwp[kg*m^-2]       o3[DU]
20221219_18:00:00   6.6405e-02   2.1572e+01   1.3846e+00   0.0000e+00   0.0000e+00   2.5993e+02
20221219_19:00:00   6.9911e-02   2.2449e+01   1.4653e+00   0.0000e+00   0.0000e+00   2.6016e+02
20221219_20:00:00   6.3077e-02   2.0743e+01   1.3043e+00   0.0000e+00   6.9220e-06   2.5897e+02
20221219_21:00:00   8.7293e-02   2.6611e+01   1.8929e+00   4.3680e-05   4.5529e-04   2.5800e+02
20221219_22:00:00   2.1805e-01   5.5723e+01   3.7984e+00   2.0628e-02   3.5892e-02   2.5799e+02
20221219_23:00:00   2.4077e-01   6.0485e+01   4.5521e+00   1.0353e-02   2.5687e-01   2.5855e+02
20221220_00:00:00   1.8043e-01   4.7911e+01   3.5450e+00   4.5253e-03   9.2344e-02   2.5771e+02
20221220_01:00:00   1.5298e-01   4.1954e+01   2.5520e+00   1.3169e-02   1.1524e-02   2.5922e+02
20221220_02:00:00   1.0321e-01   3.0504e+01   1.8798e+00   5.0320e-03   1.3925e-03   2.6084e+02
20221220_03:00:00   7.9903e-02   2.4904e+01   1.6349e+00   3.8650e-05   4.4750e-05   2.6080e+02
20221220_04:00:00   7.1316e-02   2.2812e+01   1.4539e+00   1.2053e-04   1.9192e-05   2.5780e+02
20221220_05:00:00   6.9357e-02   2.2324e+01   1.4176e+00   0.0000e+00   0.0000e+00   2.5679e+02
20221220_06:00:00   6.5202e-02   2.1289e+01   1.3209e+00   0.0000e+00   0.0000e+00   2.5762e+02
20221220_07:00:00   5.8127e-02   1.9515e+01   1.1553e+00   0.0000e+00   0.0000e+00   2.5797e+02
20221220_08:00:00   5.4766e-02   1.8652e+01   1.0757e+00   0.0000e+00   0.0000e+00   2.5800e+02
20221220_09:00:00   4.8255e-02   1.6985e+01   9.2530e-01   0.0000e+00   0.0000e+00   2.5830e+02
20221220_10:00:00   3.9437e-02   1.4694e+01   7.1783e-01   0.0000e+00   0.0000e+00   2.5922e+02
20221220_11:00:00   3.2827e-02   1.2940e+01   5.6054e-01   0.0000e+00   0.0000e+00   2.6079e+02
20221220_12:00:00   3.8208e-02   1.4373e+01   6.8981e-01   0.0000e+00   0.0000e+00   2.6072e+02
20221220_13:00:00   3.6228e-02   1.3854e+01   6.4834e-01   0.0000e+00   0.0000e+00   2.5910e+02
20221220_14:00:00   5.0362e-02   1.7546e+01   9.9693e-01   0.0000e+00   0.0000e+00   2.5903e+02
20221220_15:00:00   6.4696e-02   2.1167e+01   1.3572e+00   0.0000e+00   0.0000e+00   2.5882e+02
20221220_16:00:00   9.3902e-02   2.8310e+01   2.0670e+00   0.0000e+00   0.0000e+00   2.5826e+02
20221220_17:00:00   1.0085e-01   3.0024e+01   2.2188e+00   0.0000e+00   0.0000e+00   2.5746e+02
20221220_18:00:00   8.5208e-02   2.6271e+01   1.8472e+00   0.0000e+00   0.0000e+00   2.5748e+02
20221220_19:00:00   6.6420e-02   2.1664e+01   1.3938e+00   0.0000e+00   0.0000e+00   2.5807e+02
20221220_20:00:00   5.9675e-02   1.9954e+01   1.2320e+00   0.0000e+00   0.0000e+00   2.5732e+02
20221220_21:00:00   6.4579e-02   2.1158e+01   1.3562e+00   0.0000e+00   4.3260e-07   2.5611e+02
20221220_22:00:00   9.0252e-02   2.7436e+01   1.9668e+00   2.2901e-05   2.0623e-05   2.5492e+02
20221220_23:00:00   2.8779e-01   7.0209e+01   3.6565e+00   5.2845e-02   2.9413e-02   2.5338e+02
20221221_00:00:00   2.9709e-01   7.2285e+01   3.6707e+00   5.3110e-02   1.1269e-01   2.5231e+02
20221221_01:00:00   1.8100e-01   4.8501e+01   2.7888e+00   2.0369e-02   1.2509e-02   2.5194e+02
20221221_02:00:00   9.8058e-02   2.9456e+01   1.9492e+00   1.5336e-03   3.8890e-04   2.5429e+02
20221221_03:00:00   8.5588e-02   2.6425e+01   1.7516e+00   0.0000e+00   4.1670e-05   2.5590e+02
20221221_04:00:00   8.5812e-02   2.6482e+01   1.6278e+00   2.5437e-03   1.5590e-04   2.5491e+02
20221221_05:00:00   8.9448e-02   2.7405e+01   1.2789e+00   1.0736e-02   1.1514e-04   2.5413e+02
20221221_06:00:00   4.9104e-02   1.7268e+01   9.4552e-01   0.0000e+00   0.0000e+00   2.5454e+02
20221221_07:00:00   4.5050e-02   1.6201e+01   8.5232e-01   0.0000e+00   0.0000e+00   2.5520e+02
20221221_08:00:00   3.8235e-02   1.4408e+01   6.9081e-01   0.0000e+00   0.0000e+00   2.5401e+02
20221221_09:00:00   3.4225e-02   1.3334e+01   5.9588e-01   0.0000e+00   0.0000e+00   2.5237e+02
20221221_10:00:00   3.0666e-02   1.2373e+01   5.1030e-01   0.0000e+00   0.0000e+00   2.5178e+02
20221221_11:00:00   2.8357e-02   1.1741e+01   4.5585e-01   0.0000e+00   0.0000e+00   2.5080e+02
20221221_12:00:00   3.6009e-02   1.3810e+01   6.4375e-01   0.0000e+00   0.0000e+00   2.5191e+02
20221221_13:00:00   5.1936e-02   1.7967e+01   1.0358e+00   0.0000e+00   0.0000e+00   2.5179e+02
20221221_14:00:00   6.7638e-02   2.1935e+01   1.4292e+00   0.0000e+00   0.0000e+00   2.5033e+02
20221221_15:00:00   9.4901e-02   2.8555e+01   2.1194e+00   0.0000e+00   0.0000e+00   2.5062e+02
20221221_16:00:00   1.1628e-01   3.3662e+01   2.6405e+00   0.0000e+00   0.0000e+00   2.5242e+02
20221221_17:00:00   1.4461e-01   4.0158e+01   3.3400e+00   0.0000e+00   0.0000e+00   2.5194e+02
20221221_18:00:00   1.5829e-01   4.3286e+01   3.6500e+00   0.0000e+00   1.5320e-04   2.4993e+02
20221221_19:00:00   1.4889e-01   4.1262e+01   3.3948e+00   0.0000e+00   0.0000e+00   2.4872e+02
20221221_20:00:00   1.3333e-01   3.7732e+01   3.0217e+00   0.0000e+00   0.0000e+00   2.4813e+02
20221221_21:00:00   1.1075e-01   3.2388e+01   2.5101e+00   0.0000e+00   0.0000e+00   2.4881e+02
20221221_22:00:00   9.6681e-02   2.8952e+01   2.1887e+00   0.0000e+00   0.0000e+00   2.4954e+02
20221221_23:00:00   1.3248e-01   3.7383e+01   2.9653e+00   0.0000e+00   8.3480e-06   2.5035e+02
20221222_00:00:00   1.2870e-01   3.6542e+01   2.8769e+00   0.0000e+00   2.6551e-06   2.5090e+02
20221222_01:00:00   1.1928e-01   3.4406e+01   2.6546e+00   0.0000e+00   0.0000e+00   2.5250e+02
20221222_02:00:00   1.0607e-01   3.1293e+01   2.3480e+00   0.0000e+00   0.0000e+00   2.5206e+02
20221222_03:00:00   9.6810e-02   2.9073e+01   2.1360e+00   0.0000e+00   0.0000e+00   2.5104e+02
20221222_04:00:00   8.3625e-02   2.5882e+01   1.8271e+00   0.0000e+00   0.0000e+00   2.5004e+02
20221222_05:00:00   7.6216e-02   2.4051e+01   1.6468e+00   0.0000e+00   0.0000e+00   2.4972e+02
20221222_06:00:00   6.6421e-02   2.1614e+01   1.4038e+00   0.0000e+00   0.0000e+00   2.4910e+02
20221222_07:00:00   5.8319e-02   1.9556e+01   1.2051e+00   0.0000e+00   0.0000e+00   2.4837e+02
20221222_08:00:00   4.8136e-02   1.6940e+01   9.5891e-01   0.0000e+00   0.0000e+00   2.5009e+02
20221222_09:00:00   4.2940e-02   1.5575e+01   8.3608e-01   0.0000e+00   0.0000e+00   2.5191e+02
20221222_10:00:00   3.8394e-02   1.4367e+01   7.3034e-01   0.0000e+00   0.0000e+00   2.5326e+02
20221222_11:00:00   3.6547e-02   1.3879e+01   6.8361e-01   0.0000e+00   0.0000e+00   2.5317e+02
20221222_12:00:00   3.7894e-02   1.4251e+01   7.1372e-01   0.0000e+00   0.0000e+00   2.5184e+02
20221222_13:00:00   3.8112e-02   1.4309e+01   7.2321e-01   0.0000e+00   0.0000e+00   2.5124e+02
20221222_14:00:00   5.2435e-02   1.8058e+01   1.0794e+00   0.0000e+00   0.0000e+00   2.5042e+02
20221222_15:00:00   6.1361e-02   2.0349e+01   1.3084e+00   0.0000e+00   0.0000e+00   2.5074e+02
20221222_16:00:00   7.6694e-02   2.4180e+01   1.6950e+00   0.0000e+00   0.0000e+00   2.5130e+02
20221222_17:00:00   8.2696e-02   2.5682e+01   1.8378e+00   0.0000e+00   0.0000e+00   2.5159e+02
20221222_18:00:00   7.1867e-02   2.3036e+01   1.5620e+00   0.0000e+00   0.0000e+00   2.5139e+02
20221222_19:00:00   6.1477e-02   2.0413e+01   1.3089e+00   0.0000e+00   0.0000e+00   2.5158e+02
20221222_20:00:00   5.8323e-02   1.9581e+01   1.2346e+00   0.0000e+00   0.0000e+00   2.5237e+02
20221222_21:00:00   5.9842e-02   1.9942e+01   1.2718e+00   0.0000e+00   0.0000e+00   2.5105e+02
20221222_22:00:00   7.3802e-02   2.3408e+01   1.6104e+00   0.0000e+00   0.0000e+00   2.5113e+02
20221222_23:00:00   7.4580e-02   2.3585e+01   1.6136e+00   0.0000e+00   0.0000e+00   2.4973e+02
20221223_00:00:00   6.4517e-02   2.1102e+01   1.3615e+00   0.0000e+00   0.0000e+00   2.4843e+02
20221223_01:00:00   5.3996e-02   1.8476e+01   1.0989e+00   0.0000e+00   0.0000e+00   2.4624e+02
20221223_02:00:00   5.1307e-02   1.7798e+01   1.0331e+00   0.0000e+00   0.0000e+00   2.4725e+02
20221223_03:00:00   4.3268e-02   1.5749e+01   8.2557e-01   0.0000e+00   0.0000e+00   2.4969e+02
20221223_04:00:00   3.8768e-02   1.4564e+01   7.1469e-01   0.0000e+00   0.0000e+00   2.5024e+02
20221223_05:00:00   3.4831e-02   1.3508e+01   6.1941e-01   0.0000e+00   0.0000e+00   2.5046e+02
20221223_06:00:00   3.4141e-02   1.3311e+01   6.0304e-01   0.0000e+00   0.0000e+00   2.5000e+02
20221223_07:00:00   3.3262e-02   1.3063e+01   5.8297e-01   0.0000e+00   0.0000e+00   2.4927e+02
20221223_08:00:00   3.5765e-02   1.3725e+01   6.4294e-01   0.0000e+00   0.0000e+00   2.4835e+02
20221223_09:00:00   3.5864e-02   1.3756e+01   6.4058e-01   0.0000e+00   0.0000e+00   2.4835e+02
20221223_10:00:00   3.3405e-02   1.3103e+01   5.7798e-01   0.0000e+00   0.0000e+00   2.4838e+02
20221223_11:00:00   3.1242e-02   1.2523e+01   5.2410e-01   0.0000e+00   0.0000e+00   2.4908e+02
20221223_12:00:00   3.1596e-02   1.2617e+01   5.3173e-01   0.0000e+00   0.0000e+00   2.5160e+02
20221223_13:00:00   3.0177e-02   1.2237e+01   4.9814e-01   0.0000e+00   0.0000e+00   2.5402e+02
20221223_14:00:00   3.4638e-02   1.3434e+01   6.1162e-01   0.0000e+00   0.0000e+00   2.5263e+02
20221223_15:00:00   3.6358e-02   1.3898e+01   6.5548e-01   0.0000e+00   0.0000e+00   2.5338e+02
20221223_16:00:00   3.8784e-02   1.4542e+01   7.1768e-01   0.0000e+00   0.0000e+00   2.5233e+02
20221223_17:00:00   4.1602e-02   1.5282e+01   7.8970e-01   0.0000e+00   0.0000e+00   2.5268e+02
20221223_18:00:00   4.1356e-02   1.5213e+01   7.8701e-01   0.0000e+00   0.0000e+00   2.5336e+02
20221223_19:00:00   4.1138e-02   1.5156e+01   7.8248e-01   0.0000e+00   0.0000e+00   2.5276e+02
20221223_20:00:00   4.4199e-02   1.5952e+01   8.5786e-01   0.0000e+00   0.0000e+00   2.5339e+02
20221223_21:00:00   5.7670e-02   1.9375e+01   1.1953e+00   0.0000e+00   0.0000e+00   2.5484e+02
20221223_22:00:00   8.5038e-02   2.6112e+01   1.8466e+00   0.0000e+00   0.0000e+00   2.5484e+02
20221223_23:00:00   9.4003e-02   2.8291e+01   2.0174e+00   0.0000e+00   0.0000e+00   2.5407e+02
20221224_00:00:00   8.2891e-02   2.5632e+01   1.7482e+00   0.0000e+00   0.0000e+00   2.5520e+02
20221224_01:00:00   7.0106e-02   2.2519e+01   1.4443e+00   0.0000e+00   0.0000e+00   2.5878e+02
20221224_02:00:00   6.1813e-02   2.0477e+01   1.2532e+00   0.0000e+00   0.0000e+00   2.5985e+02
20221224_03:00:00   4.8567e-02   1.7110e+01   9.4759e-01   0.0000e+00   0.0000e+00   2.5912e+02
20221224_04:00:00   4.2184e-02   1.5447e+01   7.9346e-01   0.0000e+00   0.0000e+00   2.6206e+02
20221224_05:00:00   3.7575e-02   1.4219e+01   6.8206e-01   0.0000e+00   0.0000e+00   2.6198e+02
20221224_06:00:00   3.5348e-02   1.3614e+01   6.2860e-01   0.0000e+00   0.0000e+00   2.5914e+02
20221224_07:00:00   3.4202e-02   1.3292e+01   6.0141e-01   0.0000e+00   0.0000e+00   2.5862e+02
20221224_08:00:00   3.3704e-02   1.3149e+01   5.8853e-01   0.0000e+00   0.0000e+00   2.5876e+02
20221224_09:00:00   3.2894e-02   1.2928e+01   5.6715e-01   0.0000e+00   0.0000e+00   2.5935e+02
20221224_10:00:00   3.3009e-02   1.2958e+01   5.6805e-01   0.0000e+00   0.0000e+00   2.6029e+02
20221224_11:00:00   3.1347e-02   1.2511e+01   5.2634e-01   0.0000e+00   0.0000e+00   2.6119e+02
20221224_12:00:00   3.0190e-02   1.2205e+01   4.9736e-01   0.0000e+00   0.0000e+00   2.6165e+02
20221224_13:00:00   2.9777e-02   1.2099e+01   4.8766e-01   0.0000e+00   0.0000e+00   2.6233e+02
20221224_14:00:00   3.3443e-02   1.3088e+01   5.8011e-01   0.0000e+00   0.0000e+00   2.6161e+02
20221224_15:00:00   3.5971e-02   1.3771e+01   6.4494e-01   0.0000e+00   0.0000e+00   2.5964e+02
20221224_16:00:00   4.4191e-02   1.5923e+01   8.5176e-01   0.0000e+00   0.0000e+00   2.5874e+02
20221224_17:00:00   4.6603e-02   1.6549e+01   9.1217e-01   0.0000e+00   0.0000e+00   2.5969e+02
20221224_18:00:00   4.7717e-02   1.6833e+01   9.4340e-01   0.0000e+00   0.0000e+00   2.6111e+02
20221224_21:00:00   1.0247e-01   3.0195e+01   2.2759e+00   0.0000e+00   1.4422e-07   2.5874e+02
20221225_00:00:00   6.5826e-02   2.1423e+01   1.3435e+00   0.0000e+00   0.0000e+00   2.6051e+02
20221225_03:00:00   3.6364e-02   1.3916e+01   6.4442e-01   0.0000e+00   0.0000e+00   2.6118e+02
20221225_06:00:00   2.7535e-02   1.1517e+01   4.3020e-01   0.0000e+00   0.0000e+00   2.6089e+02
20221225_09:00:00   2.9831e-02   1.2098e+01   4.9270e-01   0.0000e+00   0.0000e+00   2.5864e+02
20221225_12:00:00   3.0517e-02   1.2282e+01   5.1117e-01   0.0000e+00   0.0000e+00   2.6159e+02
20221225_15:00:00   3.9555e-02   1.4684e+01   7.4434e-01   0.0000e+00   0.0000e+00   2.5983e+02
20221225_18:00:00   7.6395e-02   2.3969e+01   1.6640e+00   0.0000e+00   0.0000e+00   2.5820e+02
20221225_21:00:00   6.6175e-02   2.1421e+01   1.4141e+00   0.0000e+00   0.0000e+00   2.5391e+02
20221226_00:00:00   5.1818e-02   1.7853e+01   1.0269e+00   0.0000e+00   0.0000e+00   2.5556e+02
20221226_03:00:00   3.9542e-02   1.4691e+01   7.3480e-01   0.0000e+00   0.0000e+00   2.5562e+02
20221226_06:00:00   3.9761e-02   1.4736e+01   7.3990e-01   0.0000e+00   0.0000e+00   2.5392e+02
20221226_09:00:00   3.5633e-02   1.3656e+01   6.2938e-01   0.0000e+00   0.0000e+00   2.5382e+02
20221226_12:00:00   3.5048e-02   1.3490e+01   6.2002e-01   0.0000e+00   0.0000e+00   2.5539e+02
20221226_15:00:00   4.3991e-02   1.5844e+01   8.4899e-01   0.0000e+00   0.0000e+00   2.5409e+02
20221226_18:00:00   8.7138e-02   2.6520e+01   1.9174e+00   0.0000e+00   0.0000e+00   2.5134e+02
20221226_21:00:00   8.1496e-02   2.5146e+01   1.7795e+00   0.0000e+00   0.0000e+00   2.5207e+02
20221227_00:00:00   5.6154e-02   1.8947e+01   1.1162e+00   0.0000e+00   0.0000e+00   2.5397e+02
20221227_03:00:00   3.7868e-02   1.4237e+01   6.9600e-01   0.0000e+00   0.0000e+00   2.5355e+02
20221227_06:00:00   3.6841e-02   1.3932e+01   6.8192e-01   0.0000e+00   0.0000e+00   2.5520e+02
20221227_09:00:00   3.3846e-02   1.3154e+01   6.0582e-01   0.0000e+00   0.0000e+00   2.5422e+02
20221227_12:00:00   3.3605e-02   1.3079e+01   6.0574e-01   0.0000e+00   0.0000e+00   2.5477e+02
20221227_15:00:00   3.7617e-02   1.4144e+01   7.0957e-01   0.0000e+00   0.0000e+00   2.5406e+02
20221227_18:00:00   6.4684e-02   2.1072e+01   1.3938e+00   0.0000e+00   0.0000e+00   2.5428e+02
20221227_21:00:00   8.8187e-02   2.6778e+01   1.9731e+00   0.0000e+00   0.0000e+00   2.5309e+02
20221228_00:00:00   7.6092e-02   2.3900e+01   1.6113e+00   0.0000e+00   0.0000e+00   2.5264e+02
20221228_03:00:00   4.1567e-02   1.5243e+01   7.9326e-01   0.0000e+00   0.0000e+00   2.5106e+02
20221228_06:00:00   2.8102e-02   1.1624e+01   4.7149e-01   0.0000e+00   0.0000e+00   2.4927e+02
20221228_09:00:00   2.7074e-02   1.1311e+01   4.5508e-01   0.0000e+00   0.0000e+00   2.4840e+02
20221228_12:00:00   2.7396e-02   1.1374e+01   4.7081e-01   0.0000e+00   0.0000e+00   2.5068e+02
20221228_15:00:00   3.5883e-02   1.3653e+01   6.9425e-01   0.0000e+00   0.0000e+00   2.4943e+02
20221228_18:00:00   4.3849e-02   1.5794e+01   8.9100e-01   0.0000e+00   0.0000e+00   2.4887e+02
20221228_21:00:00   7.2591e-02   2.3060e+01   1.6038e+00   0.0000e+00   0.0000e+00   2.5025e+02
20221229_00:00:00   8.2344e-02   2.5444e+01   1.7972e+00   0.0000e+00   7.8640e-04   2.5159e+02
20221229_03:00:00   4.3908e-02   1.5822e+01   8.8136e-01   0.0000e+00   3.7860e-05   2.5086e+02
20221229_06:00:00   3.7256e-02   1.4023e+01   7.3113e-01   0.0000e+00   2.4237e-04   2.5393e+02
20221229_09:00:00   3.5412e-02   1.3496e+01   6.9022e-01   0.0000e+00   2.4080e-03   2.5443e+02
20221229_12:00:00   3.0830e-02   1.2278e+01   5.7699e-01   0.0000e+00   2.4460e-05   2.5431e+02
20221229_15:00:00   3.2799e-02   1.2863e+01   6.2235e-01   0.0000e+00   0.0000e+00   2.5592e+02
20221229_18:00:00   4.1887e-02   1.5248e+01   8.6648e-01   0.0000e+00   0.0000e+00   2.5257e+02
20221229_21:00:00   6.2956e-02   2.0597e+01   1.4089e+00   0.0000e+00   1.0714e-02   2.5126e+02
20221230_00:00:00   6.1079e-02   2.0117e+01   1.3543e+00   0.0000e+00   3.5198e-03   2.5096e+02
20221230_03:00:00   4.1121e-02   1.4941e+01   8.7940e-01   0.0000e+00   1.5691e-03   2.4985e+02
20221230_06:00:00   4.1141e-02   1.4914e+01   8.8116e-01   0.0000e+00   8.9105e-04   2.5177e+02
20221230_09:00:00   3.5701e-02   1.3529e+01   7.2510e-01   0.0000e+00   3.6060e-07   2.4976e+02
20221230_12:00:00   3.3637e-02   1.2944e+01   6.8076e-01   0.0000e+00   7.2120e-07   2.5077e+02
20221230_15:00:00   3.9412e-02   1.4414e+01   8.5283e-01   0.0000e+00   4.7514e-03   2.5035e+02
20221230_18:00:00   5.0302e-02   1.7258e+01   1.1437e+00   0.0000e+00   1.5573e-03   2.4802e+02
20221230_21:00:00   5.2803e-02   1.7863e+01   1.2166e+00   0.0000e+00   1.6991e-03   2.4775e+02
20221231_00:00:00   5.6056e-02   1.8780e+01   1.2844e+00   0.0000e+00   3.7077e-03   2.4688e+02
20221231_03:00:00   4.5710e-02   1.6121e+01   1.0187e+00   0.0000e+00   1.0214e-02   2.4716e+02
20221231_06:00:00   5.7398e-02   1.9061e+01   1.3494e+00   0.0000e+00   1.0084e-03   2.4742e+02
20221231_09:00:00   5.4697e-02   1.8421e+01   1.2650e+00   0.0000e+00   2.3463e-03   2.4976e+02
20221231_12:00:00   4.5103e-02   1.5923e+01   1.0178e+00   0.0000e+00   1.6653e-03   2.4990e+02
20221231_15:00:00   5.7797e-02   1.9226e+01   1.3563e+00   0.0000e+00   8.5665e-04   2.4666e+02
20221231_18:00:00   1.2742e-01   3.5801e+01   3.2021e+00   0.0000e+00   4.0162e-02   2.4528e+02
20221231_21:00:00   1.2852e-01   3.6285e+01   3.2250e+00   0.0000e+00   9.8233e-03   2.4493e+02
20230101_00:00:00   9.3066e-02   2.8041e+01   2.2810e+00   0.0000e+00   1.3170e-03   2.4699e+02
20230101_03:00:00   5.9237e-02   1.9568e+01   1.4035e+00   0.0000e+00   7.1740e-03   2.4700e+02
20230101_06:00:00   4.8226e-02   1.6828e+01   1.0764e+00   0.0000e+00   3.8657e-03   2.4872e+02
20230101_09:00:00   4.6704e-02   1.6395e+01   1.0524e+00   0.0000e+00   6.2232e-03   2.4828e+02
20230101_12:00:00   4.9675e-02   1.7083e+01   1.1563e+00   0.0000e+00   5.1333e-03   2.4835e+02
20230101_15:00:00   6.0686e-02   1.9901e+01   1.4477e+00   0.0000e+00   1.2679e-02   2.4581e+02
20230101_18:00:00   9.3579e-02   2.8003e+01   2.2631e+00   0.0000e+00   1.1296e-01   2.4605e+02
20230101_21:00:00   1.0100e-01   2.9580e+01   2.5585e+00   0.0000e+00   4.5354e-02   2.4584e+02
20230102_00:00:00   9.5709e-02   2.8312e+01   2.4462e+00   0.0000e+00   1.8378e-03   2.4868e+02
20230102_03:00:00   1.0004e-01   2.9507e+01   2.5174e+00   0.0000e+00   0.0000e+00   2.4919e+02
20230102_06:00:00   8.7427e-02   2.6584e+01   2.1438e+00   0.0000e+00   0.0000e+00   2.4981e+02
20230102_09:00:00   8.0123e-02   2.4875e+01   1.9468e+00   0.0000e+00   5.5280e-05   2.4916e+02
20230102_12:00:00   7.2594e-02   2.2992e+01   1.7564e+00   0.0000e+00   1.0918e-03   2.5098e+02
20230102_15:00:00   7.9570e-02   2.4821e+01   1.9190e+00   0.0000e+00   2.9154e-03   2.5001e+02
20230102_18:00:00   1.0632e-01   3.1301e+01   2.5997e+00   0.0000e+00   1.5482e-02   2.4896e+02
20230102_21:00:00   9.7851e-02   2.9199e+01   2.3910e+00   0.0000e+00   1.1909e-02   2.4779e+02
20230103_00:00:00   9.1920e-02   2.7782e+01   2.2409e+00   0.0000e+00   1.9126e-03   2.5018e+02
20230103_03:00:00   9.9786e-02   2.9631e+01   2.4773e+00   0.0000e+00   2.6267e-03   2.5200e+02
20230103_06:00:00   8.5627e-02   2.6162e+01   2.1027e+00   0.0000e+00   5.6659e-03   2.5047e+02
20230103_09:00:00   5.9528e-02   1.9715e+01   1.4010e+00   0.0000e+00   8.5460e-03   2.4958e+02
20230103_12:00:00   5.8663e-02   1.9520e+01   1.3779e+00   0.0000e+00   7.7041e-04   2.5016e+02
20230103_15:00:00   7.5224e-02   2.3817e+01   1.7839e+00   0.0000e+00   3.8416e-04   2.5111e+02
20230103_18:00:00   8.3957e-02   2.5969e+01   2.0130e+00   0.0000e+00   1.7322e-04   2.5073e+02
20230103_21:00:00   8.0612e-02   2.5003e+01   1.9549e+00   0.0000e+00   0.0000e+00   2.4976e+02
20230104_00:00:00   9.4124e-02   2.8420e+01   2.2507e+00   0.0000e+00   2.1880e-04   2.5006e+02
20230104_03:00:00   9.1258e-02   2.7743e+01   2.1953e+00   0.0000e+00   2.6500e-05   2.5243e+02
20230104_06:00:00   7.2127e-02   2.3021e+01   1.6964e+00   0.0000e+00   2.9768e-03   2.4990e+02
20230104_09:00:00   5.8104e-02   1.9533e+01   1.3237e+00   0.0000e+00   1.2532e-03   2.4904e+02
20230104_12:00:00   5.9711e-02   1.9977e+01   1.3664e+00   0.0000e+00   4.0535e-04   2.4823e+02
20230104_15:00:00   7.5959e-02   2.4156e+01   1.7930e+00   0.0000e+00   3.6380e-05   2.4905e+02
20230104_18:00:00   1.5764e-01   4.3276e+01   3.9737e+00   0.0000e+00   2.8602e-04   2.4634e+02
