#            date       tau255        Tb[K]      pwv[mm] lwp[kg*m^-2] iwp[kg*m^-2]       o3[DU]
20230513_12:00:00   4.2058e-02   1.5221e+01   8.8017e-01   0.0000e+00   0.0000e+00   2.6106e+02
20230513_13:00:00   4.3241e-02   1.5516e+01   9.1270e-01   0.0000e+00   0.0000e+00   2.5982e+02
20230513_14:00:00   4.5839e-02   1.6173e+01   9.8441e-01   0.0000e+00   0.0000e+00   2.5727e+02
20230513_15:00:00   5.3776e-02   1.8165e+01   1.2008e+00   0.0000e+00   0.0000e+00   2.5391e+02
20230513_16:00:00   6.1477e-02   2.0117e+01   1.3997e+00   0.0000e+00   2.2700e-04   2.5220e+02
20230513_17:00:00   6.7807e-02   2.1762e+01   1.5523e+00   0.0000e+00   0.0000e+00   2.5143e+02
20230513_18:00:00   7.1109e-02   2.2588e+01   1.6414e+00   0.0000e+00   0.0000e+00   2.5286e+02
20230513_19:00:00   8.6435e-02   2.6182e+01   2.0611e+00   0.0000e+00   0.0000e+00   2.5550e+02
20230513_20:00:00   9.3390e-02   2.7791e+01   2.2519e+00   0.0000e+00   1.8028e-06   2.5694e+02
20230513_21:00:00   9.7570e-02   2.8752e+01   2.3607e+00   0.0000e+00   2.3440e-05   2.5653e+02
20230513_22:00:00   9.9892e-02   2.9289e+01   2.4160e+00   0.0000e+00   1.0096e-05   2.5762e+02
20230513_23:00:00   1.0397e-01   3.0216e+01   2.5141e+00   0.0000e+00   1.4606e-04   2.5808e+02
20230514_00:00:00   1.0891e-01   3.1319e+01   2.6450e+00   0.0000e+00   5.1680e-05   2.5845e+02
20230514_01:00:00   9.8924e-02   2.9093e+01   2.3792e+00   0.0000e+00   1.4434e-04   2.5809e+02
20230514_02:00:00   9.7607e-02   2.8832e+01   2.3316e+00   0.0000e+00   6.4920e-05   2.5844e+02
20230514_03:00:00   9.5546e-02   2.8370e+01   2.2789e+00   0.0000e+00   0.0000e+00   2.5878e+02
20230514_04:00:00   8.4967e-02   2.5934e+01   1.9932e+00   0.0000e+00   0.0000e+00   2.5916e+02
20230514_05:00:00   7.8535e-02   2.4441e+01   1.8156e+00   0.0000e+00   0.0000e+00   2.5903e+02
20230514_06:00:00   7.2388e-02   2.2938e+01   1.6579e+00   0.0000e+00   0.0000e+00   2.5808e+02
20230514_07:00:00   7.1805e-02   2.2756e+01   1.6518e+00   0.0000e+00   0.0000e+00   2.5828e+02
20230514_08:00:00   7.3407e-02   2.3091e+01   1.6993e+00   0.0000e+00   0.0000e+00   2.5790e+02
20230514_09:00:00   7.7166e-02   2.3983e+01   1.7953e+00   0.0000e+00   0.0000e+00   2.5793e+02
20230514_10:00:00   8.9129e-02   2.6827e+01   2.0991e+00   0.0000e+00   0.0000e+00   2.5736e+02
20230514_11:00:00   1.0301e-01   3.0130e+01   2.4340e+00   0.0000e+00   0.0000e+00   2.5588e+02
20230514_12:00:00   1.1129e-01   3.2080e+01   2.6177e+00   0.0000e+00   0.0000e+00   2.5545e+02
20230514_13:00:00   1.0317e-01   3.0288e+01   2.3970e+00   0.0000e+00   0.0000e+00   2.5503e+02
20230514_14:00:00   9.9834e-02   2.9533e+01   2.3129e+00   0.0000e+00   0.0000e+00   2.5496e+02
20230514_15:00:00   1.1032e-01   3.1954e+01   2.5797e+00   0.0000e+00   0.0000e+00   2.5617e+02
20230514_16:00:00   1.1509e-01   3.3073e+01   2.6928e+00   0.0000e+00   0.0000e+00   2.5606e+02
20230514_17:00:00   1.2652e-01   3.5654e+01   2.9763e+00   0.0000e+00   0.0000e+00   2.5437e+02
20230514_18:00:00   1.2872e-01   3.6149e+01   3.0286e+00   0.0000e+00   0.0000e+00   2.5202e+02
20230514_19:00:00   1.3673e-01   3.7903e+01   3.2181e+00   0.0000e+00   4.4180e-05   2.5145e+02
20230514_20:00:00   1.4532e-01   3.9741e+01   3.4358e+00   0.0000e+00   1.7668e-05   2.5225e+02
20230514_21:00:00   1.4860e-01   4.0431e+01   3.5039e+00   0.0000e+00   2.3860e-04   2.5177e+02
20230514_22:00:00   1.5554e-01   4.1875e+01   3.6820e+00   0.0000e+00   5.8527e-04   2.5023e+02
20230514_23:00:00   1.5282e-01   4.1258e+01   3.6269e+00   0.0000e+00   2.6105e-04   2.5039e+02
20230515_00:00:00   1.5717e-01   4.2209e+01   3.7398e+00   0.0000e+00   6.8430e-03   2.4993e+02
20230515_01:00:00   1.5752e-01   4.2266e+01   3.7327e+00   0.0000e+00   1.5238e-02   2.4991e+02
20230515_02:00:00   1.4955e-01   4.0649e+01   3.5055e+00   0.0000e+00   1.2528e-02   2.4961e+02
20230515_03:00:00   1.4844e-01   4.0477e+01   3.4411e+00   0.0000e+00   7.4304e-03   2.4994e+02
20230515_04:00:00   1.3610e-01   3.7854e+01   3.1125e+00   0.0000e+00   4.1923e-04   2.4996e+02
20230515_05:00:00   1.3326e-01   3.7258e+01   3.0243e+00   0.0000e+00   1.0030e-05   2.4994e+02
20230515_06:00:00   1.3104e-01   3.6753e+01   2.9747e+00   0.0000e+00   3.0760e-07   2.4972e+02
20230515_07:00:00   1.3006e-01   3.6542e+01   2.9451e+00   0.0000e+00   0.0000e+00   2.4957e+02
20230515_08:00:00   1.2403e-01   3.5187e+01   2.7937e+00   0.0000e+00   0.0000e+00   2.4843e+02
20230515_09:00:00   1.1303e-01   3.2707e+01   2.5188e+00   0.0000e+00   0.0000e+00   2.4726e+02
20230515_10:00:00   1.0482e-01   3.0822e+01   2.3192e+00   0.0000e+00   0.0000e+00   2.4774e+02
20230515_11:00:00   9.4131e-02   2.8327e+01   2.0644e+00   0.0000e+00   0.0000e+00   2.4753e+02
20230515_12:00:00   8.7227e-02   2.6688e+01   1.8993e+00   0.0000e+00   0.0000e+00   2.4613e+02
20230515_13:00:00   8.3424e-02   2.5765e+01   1.8107e+00   0.0000e+00   0.0000e+00   2.4551e+02
20230515_14:00:00   8.1881e-02   2.5401e+01   1.7754e+00   0.0000e+00   0.0000e+00   2.4777e+02
20230515_15:00:00   8.1484e-02   2.5314e+01   1.7673e+00   0.0000e+00   0.0000e+00   2.4745e+02
20230515_16:00:00   7.8573e-02   2.4604e+01   1.7054e+00   0.0000e+00   0.0000e+00   2.4700e+02
20230515_17:00:00   7.7108e-02   2.4231e+01   1.6762e+00   0.0000e+00   0.0000e+00   2.4716e+02
20230515_18:00:00   7.7025e-02   2.4210e+01   1.6714e+00   0.0000e+00   0.0000e+00   2.4729e+02
20230515_19:00:00   7.7619e-02   2.4346e+01   1.6847e+00   0.0000e+00   0.0000e+00   2.4669e+02
20230515_20:00:00   7.6346e-02   2.4038e+01   1.6514e+00   0.0000e+00   0.0000e+00   2.4601e+02
20230515_21:00:00   7.4755e-02   2.3642e+01   1.6152e+00   0.0000e+00   0.0000e+00   2.4547e+02
20230515_22:00:00   8.2212e-02   2.5450e+01   1.7833e+00   0.0000e+00   0.0000e+00   2.4436e+02
20230515_23:00:00   8.4113e-02   2.5907e+01   1.8232e+00   0.0000e+00   0.0000e+00   2.4479e+02
20230516_00:00:00   8.2671e-02   2.5570e+01   1.7811e+00   0.0000e+00   0.0000e+00   2.4617e+02
20230516_01:00:00   7.5177e-02   2.3766e+01   1.6049e+00   0.0000e+00   0.0000e+00   2.4775e+02
20230516_02:00:00   7.8597e-02   2.4612e+01   1.6826e+00   0.0000e+00   0.0000e+00   2.4921e+02
20230516_03:00:00   7.7758e-02   2.4419e+01   1.6711e+00   0.0000e+00   0.0000e+00   2.4946e+02
20230516_04:00:00   7.7188e-02   2.4283e+01   1.6549e+00   0.0000e+00   0.0000e+00   2.5020e+02
20230516_05:00:00   7.4895e-02   2.3726e+01   1.5939e+00   0.0000e+00   0.0000e+00   2.5159e+02
20230516_06:00:00   6.9342e-02   2.2354e+01   1.4689e+00   0.0000e+00   0.0000e+00   2.5288e+02
20230516_07:00:00   5.9751e-02   1.9964e+01   1.2504e+00   0.0000e+00   0.0000e+00   2.5343e+02
20230516_08:00:00   4.2890e-02   1.5651e+01   8.4502e-01   0.0000e+00   0.0000e+00   2.5550e+02
20230516_09:00:00   4.4143e-02   1.5971e+01   8.7016e-01   0.0000e+00   0.0000e+00   2.5687e+02
20230516_10:00:00   4.2669e-02   1.5582e+01   8.3169e-01   0.0000e+00   0.0000e+00   2.5708e+02
20230516_11:00:00   4.1179e-02   1.5187e+01   7.9828e-01   0.0000e+00   0.0000e+00   2.5577e+02
20230516_12:00:00   3.5846e-02   1.3787e+01   6.6808e-01   0.0000e+00   0.0000e+00   2.5528e+02
20230516_13:00:00   3.1616e-02   1.2653e+01   5.6369e-01   0.0000e+00   0.0000e+00   2.5470e+02
20230516_14:00:00   3.3325e-02   1.3119e+01   6.0394e-01   0.0000e+00   0.0000e+00   2.5440e+02
20230516_15:00:00   3.3243e-02   1.3102e+01   6.0343e-01   0.0000e+00   0.0000e+00   2.5367e+02
20230516_16:00:00   4.5092e-02   1.6221e+01   9.0457e-01   0.0000e+00   0.0000e+00   2.5155e+02
20230516_17:00:00   4.6760e-02   1.6660e+01   9.4537e-01   0.0000e+00   0.0000e+00   2.5233e+02
20230516_18:00:00   4.6110e-02   1.6496e+01   9.2757e-01   0.0000e+00   0.0000e+00   2.5205e+02
20230516_19:00:00   4.1822e-02   1.5376e+01   8.2245e-01   0.0000e+00   0.0000e+00   2.5150e+02
20230516_20:00:00   4.1186e-02   1.5196e+01   8.0904e-01   0.0000e+00   0.0000e+00   2.5184e+02
20230516_21:00:00   4.7015e-02   1.6691e+01   9.5506e-01   0.0000e+00   0.0000e+00   2.5188e+02
20230516_22:00:00   5.2091e-02   1.7982e+01   1.0814e+00   0.0000e+00   0.0000e+00   2.5206e+02
20230516_23:00:00   6.2320e-02   2.0527e+01   1.3499e+00   0.0000e+00   0.0000e+00   2.5234e+02
20230517_00:00:00   6.8746e-02   2.2123e+01   1.5143e+00   0.0000e+00   0.0000e+00   2.5295e+02
20230517_01:00:00   7.3685e-02   2.3338e+01   1.6408e+00   0.0000e+00   0.0000e+00   2.5314e+02
20230517_02:00:00   7.4624e-02   2.3549e+01   1.6813e+00   0.0000e+00   0.0000e+00   2.5477e+02
20230517_03:00:00   7.2322e-02   2.2973e+01   1.6340e+00   0.0000e+00   0.0000e+00   2.5546e+02
20230517_04:00:00   7.3976e-02   2.3364e+01   1.6820e+00   0.0000e+00   0.0000e+00   2.5817e+02
20230517_05:00:00   7.3930e-02   2.3345e+01   1.6832e+00   0.0000e+00   0.0000e+00   2.5823e+02
20230517_06:00:00   7.6352e-02   2.3915e+01   1.7469e+00   0.0000e+00   0.0000e+00   2.5822e+02
20230517_07:00:00   7.4809e-02   2.3520e+01   1.7103e+00   0.0000e+00   0.0000e+00   2.5820e+02
20230517_08:00:00   7.2394e-02   2.2904e+01   1.6545e+00   0.0000e+00   0.0000e+00   2.5801e+02
20230517_09:00:00   7.4868e-02   2.3494e+01   1.7218e+00   0.0000e+00   0.0000e+00   2.5678e+02
20230517_10:00:00   7.3199e-02   2.3074e+01   1.6789e+00   0.0000e+00   0.0000e+00   2.5532e+02
20230517_11:00:00   7.1164e-02   2.2530e+01   1.6396e+00   0.0000e+00   2.3660e-08   2.5544e+02
20230517_12:00:00   7.0650e-02   2.2438e+01   1.6202e+00   0.0000e+00   3.7940e-06   2.5567e+02
20230517_13:00:00   7.5938e-02   2.3664e+01   1.7618e+00   0.0000e+00   1.1828e-06   2.5525e+02
20230517_14:00:00   8.0156e-02   2.4711e+01   1.8476e+00   0.0000e+00   0.0000e+00   2.5610e+02
20230517_15:00:00   8.1461e-02   2.5051e+01   1.8699e+00   0.0000e+00   3.6060e-07   2.5701e+02
20230517_16:00:00   8.4144e-02   2.5660e+01   1.9427e+00   0.0000e+00   7.6455e-04   2.5706e+02
20230517_17:00:00   7.6916e-02   2.3946e+01   1.7482e+00   0.0000e+00   7.3000e-04   2.5598e+02
20230517_18:00:00   6.9854e-02   2.2230e+01   1.5600e+00   0.0000e+00   3.2822e-04   2.5493e+02
20230517_19:00:00   6.4905e-02   2.1022e+01   1.4290e+00   0.0000e+00   1.1548e-03   2.5366e+02
20230517_20:00:00   6.1376e-02   2.0143e+01   1.3389e+00   0.0000e+00   2.4080e-04   2.5357e+02
20230517_21:00:00   5.7459e-02   1.9175e+01   1.2323e+00   0.0000e+00   7.9280e-04   2.5359e+02
20230517_22:00:00   5.5902e-02   1.8804e+01   1.1767e+00   0.0000e+00   1.5902e-04   2.5359e+02
20230517_23:00:00   5.6025e-02   1.8856e+01   1.1635e+00   0.0000e+00   0.0000e+00   2.5658e+02
20230518_00:00:00   4.9561e-02   1.7206e+01   1.0120e+00   0.0000e+00   0.0000e+00   2.6014e+02
20230518_01:00:00   4.2612e-02   1.5417e+01   8.4732e-01   0.0000e+00   0.0000e+00   2.5974e+02
20230518_02:00:00   3.3919e-02   1.3110e+01   6.4648e-01   0.0000e+00   1.8594e-04   2.5952e+02
20230518_03:00:00   3.2968e-02   1.2809e+01   6.3558e-01   0.0000e+00   1.7390e-04   2.5887e+02
20230518_04:00:00   2.7605e-02   1.1470e+01   4.6820e-01   0.0000e+00   0.0000e+00   2.5861e+02
20230518_05:00:00   2.5765e-02   1.0974e+01   4.1624e-01   0.0000e+00   0.0000e+00   2.5898e+02
20230518_06:00:00   2.4443e-02   1.0617e+01   3.7853e-01   0.0000e+00   0.0000e+00   2.5914e+02
20230518_07:00:00   2.3467e-02   1.0357e+01   3.4916e-01   0.0000e+00   0.0000e+00   2.5944e+02
20230518_08:00:00   2.2875e-02   1.0195e+01   3.3234e-01   0.0000e+00   0.0000e+00   2.6013e+02
20230518_09:00:00   2.2292e-02   1.0044e+01   3.1302e-01   0.0000e+00   0.0000e+00   2.5990e+02
20230518_10:00:00   2.1603e-02   9.8594e+00   2.9289e-01   0.0000e+00   0.0000e+00   2.6142e+02
20230518_11:00:00   2.1527e-02   9.8354e+00   2.9256e-01   0.0000e+00   0.0000e+00   2.6333e+02
20230518_12:00:00   2.2329e-02   1.0053e+01   3.1762e-01   0.0000e+00   0.0000e+00   2.6325e+02
20230518_15:00:00   2.4599e-02   1.0671e+01   3.8245e-01   0.0000e+00   0.0000e+00   2.6196e+02
20230518_18:00:00   2.9376e-02   1.1955e+01   5.1187e-01   0.0000e+00   0.0000e+00   2.6189e+02
20230518_21:00:00   3.5511e-02   1.3573e+01   6.7154e-01   0.0000e+00   0.0000e+00   2.5952e+02
20230519_00:00:00   3.3882e-02   1.3154e+01   6.2474e-01   0.0000e+00   0.0000e+00   2.5765e+02
20230519_03:00:00   2.5525e-02   1.0914e+01   4.0685e-01   0.0000e+00   0.0000e+00   2.5901e+02
20230519_06:00:00   2.8025e-02   1.1537e+01   4.8715e-01   0.0000e+00   0.0000e+00   2.5924e+02
20230519_09:00:00   3.1001e-02   1.2255e+01   5.9168e-01   0.0000e+00   0.0000e+00   2.5867e+02
20230519_12:00:00   2.9807e-02   1.1893e+01   5.7065e-01   0.0000e+00   2.7180e-05   2.5866e+02
20230519_15:00:00   3.3236e-02   1.2709e+01   6.8388e-01   0.0000e+00   3.4741e-03   2.5912e+02
20230519_18:00:00   3.7404e-02   1.3778e+01   7.9998e-01   0.0000e+00   3.8118e-03   2.5757e+02
20230519_21:00:00   4.7809e-02   1.6373e+01   1.0900e+00   0.0000e+00   1.9597e-03   2.5801e+02
20230520_00:00:00   5.3181e-02   1.7711e+01   1.2253e+00   0.0000e+00   3.3644e-05   2.5734e+02
20230520_03:00:00   5.3823e-02   1.7746e+01   1.2562e+00   0.0000e+00   1.7896e-04   2.5471e+02
20230520_06:00:00   6.0228e-02   1.9257e+01   1.4159e+00   0.0000e+00   3.5657e-03   2.5527e+02
20230520_09:00:00   6.4876e-02   2.0349e+01   1.5096e+00   0.0000e+00   2.1015e-02   2.5450e+02
20230520_12:00:00   6.8620e-02   2.1236e+01   1.5890e+00   0.0000e+00   2.9466e-02   2.5766e+02
20230520_15:00:00   7.4568e-02   2.2701e+01   1.6938e+00   0.0000e+00   3.4269e-02   2.6287e+02
20230520_18:00:00   7.3538e-02   2.2628e+01   1.6595e+00   0.0000e+00   1.2363e-03   2.6423e+02
20230520_21:00:00   7.5745e-02   2.3401e+01   1.6377e+00   0.0000e+00   0.0000e+00   2.6433e+02
20230521_00:00:00   4.6401e-02   1.6302e+01   9.0536e-01   0.0000e+00   0.0000e+00   2.6696e+02
20230521_03:00:00   3.5986e-02   1.3637e+01   6.6125e-01   0.0000e+00   0.0000e+00   2.6450e+02
20230521_06:00:00   3.4987e-02   1.3349e+01   6.5421e-01   0.0000e+00   0.0000e+00   2.6493e+02
20230521_09:00:00   3.5702e-02   1.3518e+01   6.7814e-01   0.0000e+00   0.0000e+00   2.6707e+02
20230521_12:00:00   3.8725e-02   1.4291e+01   7.6374e-01   0.0000e+00   0.0000e+00   2.6414e+02
20230521_15:00:00   3.7255e-02   1.3944e+01   7.1717e-01   0.0000e+00   0.0000e+00   2.6483e+02
20230521_18:00:00   3.9982e-02   1.4664e+01   7.8093e-01   0.0000e+00   0.0000e+00   2.6449e+02
20230521_21:00:00   5.0947e-02   1.7473e+01   1.0455e+00   0.0000e+00   0.0000e+00   2.6581e+02
20230522_00:00:00   5.2349e-02   1.7823e+01   1.0767e+00   0.0000e+00   0.0000e+00   2.6688e+02
20230522_03:00:00   4.4244e-02   1.5780e+01   8.8261e-01   0.0000e+00   0.0000e+00   2.6688e+02
20230522_06:00:00   4.1536e-02   1.5085e+01   8.1349e-01   0.0000e+00   0.0000e+00   2.6676e+02
20230522_09:00:00   4.0041e-02   1.4709e+01   7.7440e-01   0.0000e+00   0.0000e+00   2.6518e+02
20230522_12:00:00   4.6212e-02   1.6229e+01   9.5698e-01   0.0000e+00   0.0000e+00   2.6380e+02
20230522_15:00:00   3.8137e-02   1.4197e+01   7.4085e-01   0.0000e+00   0.0000e+00   2.6392e+02
20230522_18:00:00   4.5876e-02   1.6225e+01   9.4466e-01   0.0000e+00   0.0000e+00   2.6235e+02
20230522_21:00:00   5.1469e-02   1.7669e+01   1.0823e+00   0.0000e+00   0.0000e+00   2.6308e+02
20230523_00:00:00   4.4499e-02   1.5910e+01   8.9489e-01   0.0000e+00   0.0000e+00   2.6164e+02
20230523_03:00:00   4.2194e-02   1.5348e+01   8.3665e-01   0.0000e+00   0.0000e+00   2.6253e+02
20230523_06:00:00   4.4088e-02   1.5819e+01   8.8726e-01   0.0000e+00   0.0000e+00   2.6189e+02
20230523_09:00:00   4.2127e-02   1.5291e+01   8.4018e-01   0.0000e+00   0.0000e+00   2.6260e+02
20230523_12:00:00   3.8691e-02   1.4409e+01   7.5203e-01   0.0000e+00   0.0000e+00   2.6064e+02
20230523_15:00:00   3.9413e-02   1.4542e+01   7.9190e-01   0.0000e+00   1.1640e-05   2.5871e+02
20230523_18:00:00   4.9463e-02   1.7039e+01   1.0737e+00   0.0000e+00   0.0000e+00   2.5762e+02
20230523_21:00:00   5.9228e-02   1.9360e+01   1.3581e+00   0.0000e+00   1.1084e-05   2.5712e+02
20230524_00:00:00   5.9745e-02   1.9353e+01   1.3924e+00   0.0000e+00   6.7704e-03   2.5771e+02
20230524_03:00:00   6.0467e-02   1.9523e+01   1.4172e+00   0.0000e+00   1.3702e-03   2.5670e+02
20230524_06:00:00   7.4570e-02   2.2858e+01   1.7932e+00   0.0000e+00   3.4052e-03   2.5564e+02
20230524_09:00:00   6.7524e-02   2.1303e+01   1.5803e+00   0.0000e+00   1.8028e-07   2.5550e+02
20230524_12:00:00   8.5813e-02   2.5547e+01   2.0630e+00   0.0000e+00   4.5432e-03   2.5757e+02
20230524_15:00:00   8.1066e-02   2.4435e+01   1.9365e+00   0.0000e+00   1.2151e-03   2.5860e+02
20230524_18:00:00   9.3475e-02   2.7387e+01   2.2268e+00   0.0000e+00   1.7809e-03   2.5591e+02
20230524_21:00:00   9.8702e-02   2.8740e+01   2.3038e+00   0.0000e+00   2.2001e-05   2.5289e+02
20230525_00:00:00   8.5648e-02   2.5884e+01   1.9317e+00   0.0000e+00   0.0000e+00   2.5435e+02
20230525_03:00:00   7.4227e-02   2.3174e+01   1.6591e+00   0.0000e+00   0.0000e+00   2.5442e+02
20230525_06:00:00   7.5314e-02   2.3369e+01   1.7062e+00   0.0000e+00   0.0000e+00   2.5482e+02
20230525_09:00:00   7.3300e-02   2.2905e+01   1.6446e+00   0.0000e+00   0.0000e+00   2.5355e+02
20230525_12:00:00   7.9243e-02   2.4271e+01   1.8133e+00   0.0000e+00   3.2280e-06   2.5373e+02
20230525_15:00:00   8.0615e-02   2.4664e+01   1.8476e+00   0.0000e+00   0.0000e+00   2.5180e+02
20230525_18:00:00   9.2275e-02   2.7278e+01   2.1964e+00   0.0000e+00   7.1697e-03   2.5052e+02
20230525_21:00:00   9.7343e-02   2.8393e+01   2.3104e+00   0.0000e+00   2.4371e-03   2.5010e+02
20230526_00:00:00   1.1088e-01   3.1432e+01   2.6415e+00   0.0000e+00   1.2880e-02   2.5008e+02
20230526_03:00:00   1.0014e-01   2.8985e+01   2.3866e+00   0.0000e+00   1.1450e-02   2.5007e+02
20230526_06:00:00   9.1862e-02   2.7103e+01   2.1598e+00   0.0000e+00   3.2676e-02   2.5183e+02
20230526_09:00:00   8.0952e-02   2.4689e+01   1.8446e+00   0.0000e+00   1.4030e-02   2.5616e+02
20230526_12:00:00   7.7565e-02   2.3936e+01   1.7363e+00   0.0000e+00   1.5308e-02   2.5569e+02
20230526_15:00:00   7.0857e-02   2.2366e+01   1.5715e+00   0.0000e+00   9.1076e-03   2.5387e+02
20230526_18:00:00   6.3125e-02   2.0546e+01   1.3611e+00   0.0000e+00   5.6515e-03   2.5098e+02
20230526_21:00:00   7.3368e-02   2.3044e+01   1.5970e+00   0.0000e+00   1.3998e-03   2.5125e+02
20230527_00:00:00   6.1817e-02   2.0233e+01   1.3087e+00   0.0000e+00   7.5500e-05   2.5155e+02
20230527_03:00:00   4.9337e-02   1.7106e+01   1.0121e+00   0.0000e+00   4.0780e-07   2.5268e+02
20230527_06:00:00   4.1000e-02   1.4961e+01   8.0726e-01   0.0000e+00   0.0000e+00   2.5364e+02
20230527_09:00:00   3.4878e-02   1.3345e+01   6.5965e-01   0.0000e+00   0.0000e+00   2.5414e+02
20230527_12:00:00   3.3849e-02   1.3031e+01   6.4747e-01   0.0000e+00   0.0000e+00   2.5383e+02
20230527_15:00:00   3.8901e-02   1.4311e+01   7.9397e-01   0.0000e+00   3.5083e-05   2.5429e+02
20230527_18:00:00   5.9505e-02   1.9511e+01   1.3346e+00   0.0000e+00   7.3336e-03   2.5565e+02
20230527_21:00:00   7.2302e-02   2.2625e+01   1.6675e+00   0.0000e+00   2.7441e-03   2.5380e+02
20230528_00:00:00   7.0888e-02   2.2260e+01   1.6239e+00   0.0000e+00   3.1802e-03   2.5200e+02
20230528_03:00:00   8.1511e-02   2.4777e+01   1.9094e+00   0.0000e+00   3.4298e-03   2.5055e+02
20230528_06:00:00   1.4485e-01   3.9267e+01   3.3949e+00   0.0000e+00   4.0475e-03   2.5185e+02
20230528_09:00:00   1.5672e-01   4.1815e+01   3.6206e+00   0.0000e+00   5.4341e-03   2.5663e+02
20230528_12:00:00   1.7160e-01   4.5154e+01   3.8759e+00   0.0000e+00   4.7092e-03   2.5923e+02
20230528_15:00:00   1.3918e-01   3.8169e+01   3.1402e+00   0.0000e+00   5.6999e-05   2.5888e+02
20230528_18:00:00   9.7534e-02   2.8793e+01   2.1656e+00   0.0000e+00   3.0280e-07   2.5803e+02
20230528_21:00:00   9.8231e-02   2.8951e+01   2.1620e+00   0.0000e+00   0.0000e+00   2.5670e+02
20230529_00:00:00   9.6727e-02   2.8558e+01   2.0958e+00   0.0000e+00   4.9660e-07   2.5689e+02
20230529_03:00:00   9.5805e-02   2.8297e+01   2.0664e+00   0.0000e+00   1.8926e-07   2.5656e+02
20230529_06:00:00   8.8643e-02   2.6581e+01   1.8933e+00   0.0000e+00   8.3280e-07   2.5850e+02
20230529_09:00:00   9.9930e-02   2.9155e+01   2.1300e+00   0.0000e+00   3.6340e-06   2.5731e+02
20230529_12:00:00   1.0637e-01   3.0557e+01   2.2583e+00   0.0000e+00   0.0000e+00   2.5943e+02
