#            date       tau255        Tb[K]      pwv[mm] lwp[kg*m^-2] iwp[kg*m^-2]       o3[DU]
20230801_06:00:00   3.1810e-02   1.2755e+01   5.7300e-01   0.0000e+00   0.0000e+00   2.7109e+02
20230801_07:00:00   2.9910e-02   1.2241e+01   5.2223e-01   0.0000e+00   0.0000e+00   2.7134e+02
20230801_08:00:00   2.8597e-02   1.1882e+01   4.8725e-01   0.0000e+00   0.0000e+00   2.7263e+02
20230801_09:00:00   2.6402e-02   1.1285e+01   4.2696e-01   0.0000e+00   0.0000e+00   2.7237e+02
20230801_10:00:00   2.4945e-02   1.0880e+01   3.8748e-01   0.0000e+00   0.0000e+00   2.7113e+02
20230801_11:00:00   2.4065e-02   1.0631e+01   3.6479e-01   0.0000e+00   0.0000e+00   2.6937e+02
20230801_12:00:00   2.3241e-02   1.0396e+01   3.4297e-01   0.0000e+00   0.0000e+00   2.6936e+02
20230801_13:00:00   2.3019e-02   1.0334e+01   3.3638e-01   0.0000e+00   0.0000e+00   2.6926e+02
20230801_14:00:00   2.3028e-02   1.0342e+01   3.3495e-01   0.0000e+00   0.0000e+00   2.7019e+02
20230801_15:00:00   2.4153e-02   1.0665e+01   3.6424e-01   0.0000e+00   0.0000e+00   2.7065e+02
20230801_16:00:00   2.7217e-02   1.1514e+01   4.4928e-01   0.0000e+00   0.0000e+00   2.7040e+02
20230801_17:00:00   3.1855e-02   1.2774e+01   5.7860e-01   0.0000e+00   0.0000e+00   2.6767e+02
20230801_18:00:00   3.7333e-02   1.4224e+01   7.3164e-01   0.0000e+00   0.0000e+00   2.6690e+02
20230801_19:00:00   4.2563e-02   1.5570e+01   8.7953e-01   0.0000e+00   0.0000e+00   2.6678e+02
20230801_20:00:00   4.6987e-02   1.6691e+01   1.0038e+00   0.0000e+00   0.0000e+00   2.6566e+02
20230801_21:00:00   5.1591e-02   1.7835e+01   1.1324e+00   0.0000e+00   0.0000e+00   2.6557e+02
20230801_22:00:00   5.2581e-02   1.8079e+01   1.1582e+00   0.0000e+00   0.0000e+00   2.6600e+02
20230801_23:00:00   4.8886e-02   1.7167e+01   1.0506e+00   0.0000e+00   0.0000e+00   2.6569e+02
20230802_00:00:00   4.5399e-02   1.6293e+01   9.5091e-01   0.0000e+00   0.0000e+00   2.6299e+02
20230802_01:00:00   4.0906e-02   1.5139e+01   8.2855e-01   0.0000e+00   0.0000e+00   2.5920e+02
20230802_02:00:00   3.7396e-02   1.4228e+01   7.3251e-01   0.0000e+00   0.0000e+00   2.5761e+02
20230802_03:00:00   3.5700e-02   1.3778e+01   6.8732e-01   0.0000e+00   0.0000e+00   2.5770e+02
20230802_04:00:00   3.4367e-02   1.3422e+01   6.5158e-01   0.0000e+00   0.0000e+00   2.5859e+02
20230802_05:00:00   3.2328e-02   1.2871e+01   5.9748e-01   0.0000e+00   0.0000e+00   2.5978e+02
20230802_06:00:00   3.1298e-02   1.2591e+01   5.6962e-01   0.0000e+00   0.0000e+00   2.5757e+02
20230802_07:00:00   3.0463e-02   1.2361e+01   5.4631e-01   0.0000e+00   0.0000e+00   2.5499e+02
20230802_08:00:00   2.8787e-02   1.1904e+01   5.0123e-01   0.0000e+00   0.0000e+00   2.5387e+02
20230802_09:00:00   2.6965e-02   1.1402e+01   4.5278e-01   0.0000e+00   0.0000e+00   2.5408e+02
20230802_10:00:00   2.6022e-02   1.1134e+01   4.2977e-01   0.0000e+00   0.0000e+00   2.5470e+02
20230802_11:00:00   2.5924e-02   1.1092e+01   4.3020e-01   0.0000e+00   0.0000e+00   2.5425e+02
20230802_12:00:00   2.5188e-02   1.0885e+01   4.1100e-01   0.0000e+00   0.0000e+00   2.5308e+02
20230802_13:00:00   2.4419e-02   1.0676e+01   3.8920e-01   0.0000e+00   0.0000e+00   2.5216e+02
20230802_14:00:00   2.4752e-02   1.0773e+01   3.9782e-01   0.0000e+00   0.0000e+00   2.5263e+02
20230802_15:00:00   2.5115e-02   1.0887e+01   4.0574e-01   0.0000e+00   0.0000e+00   2.5296e+02
20230802_16:00:00   2.7336e-02   1.1506e+01   4.6650e-01   0.0000e+00   0.0000e+00   2.5361e+02
20230802_17:00:00   3.0397e-02   1.2341e+01   5.5103e-01   0.0000e+00   0.0000e+00   2.5381e+02
20230802_18:00:00   3.4498e-02   1.3437e+01   6.6342e-01   0.0000e+00   0.0000e+00   2.5325e+02
20230802_19:00:00   3.8212e-02   1.4411e+01   7.6670e-01   0.0000e+00   0.0000e+00   2.5300e+02
20230802_20:00:00   4.0889e-02   1.5099e+01   8.4382e-01   0.0000e+00   0.0000e+00   2.5281e+02
20230802_21:00:00   4.2352e-02   1.5489e+01   8.8094e-01   0.0000e+00   0.0000e+00   2.5246e+02
20230802_22:00:00   4.0342e-02   1.4969e+01   8.2073e-01   0.0000e+00   0.0000e+00   2.5256e+02
20230802_23:00:00   3.8736e-02   1.4552e+01   7.7245e-01   0.0000e+00   0.0000e+00   2.5328e+02
20230803_00:00:00   3.6685e-02   1.4017e+01   7.1704e-01   0.0000e+00   0.0000e+00   2.5196e+02
20230803_01:00:00   3.6727e-02   1.4033e+01   7.1988e-01   0.0000e+00   0.0000e+00   2.5082e+02
20230803_02:00:00   3.7400e-02   1.4214e+01   7.3786e-01   0.0000e+00   0.0000e+00   2.4997e+02
20230803_03:00:00   3.7479e-02   1.4239e+01   7.3715e-01   0.0000e+00   0.0000e+00   2.4960e+02
20230803_04:00:00   3.6360e-02   1.3948e+01   7.0415e-01   0.0000e+00   0.0000e+00   2.4947e+02
20230803_05:00:00   3.5076e-02   1.3617e+01   6.6579e-01   0.0000e+00   0.0000e+00   2.5002e+02
20230803_06:00:00   3.2601e-02   1.2960e+01   5.9795e-01   0.0000e+00   0.0000e+00   2.5035e+02
20230803_07:00:00   3.0319e-02   1.2344e+01   5.3640e-01   0.0000e+00   0.0000e+00   2.5032e+02
20230803_08:00:00   2.8713e-02   1.1904e+01   4.9339e-01   0.0000e+00   0.0000e+00   2.5000e+02
20230803_09:00:00   2.7950e-02   1.1696e+01   4.7237e-01   0.0000e+00   0.0000e+00   2.4847e+02
20230803_10:00:00   2.6016e-02   1.1162e+01   4.2059e-01   0.0000e+00   0.0000e+00   2.4868e+02
20230803_11:00:00   2.4509e-02   1.0743e+01   3.7991e-01   0.0000e+00   0.0000e+00   2.4991e+02
20230803_12:00:00   2.3809e-02   1.0547e+01   3.6150e-01   0.0000e+00   0.0000e+00   2.4919e+02
20230803_13:00:00   2.3091e-02   1.0345e+01   3.4180e-01   0.0000e+00   0.0000e+00   2.5050e+02
20230803_14:00:00   2.3078e-02   1.0340e+01   3.4145e-01   0.0000e+00   0.0000e+00   2.5258e+02
20230803_15:00:00   2.4150e-02   1.0639e+01   3.7110e-01   0.0000e+00   0.0000e+00   2.5356e+02
20230803_16:00:00   2.8173e-02   1.1753e+01   4.7930e-01   0.0000e+00   0.0000e+00   2.5403e+02
20230803_17:00:00   3.3531e-02   1.3209e+01   6.2287e-01   0.0000e+00   0.0000e+00   2.5503e+02
20230803_18:00:00   4.0715e-02   1.5100e+01   8.1987e-01   0.0000e+00   0.0000e+00   2.5460e+02
20230803_19:00:00   4.5125e-02   1.6243e+01   9.3931e-01   0.0000e+00   0.0000e+00   2.5422e+02
20230803_20:00:00   4.8362e-02   1.7078e+01   1.0232e+00   0.0000e+00   0.0000e+00   2.5429e+02
20230803_21:00:00   5.0829e-02   1.7701e+01   1.0869e+00   0.0000e+00   0.0000e+00   2.5222e+02
20230803_22:00:00   5.0503e-02   1.7617e+01   1.0732e+00   0.0000e+00   0.0000e+00   2.4989e+02
20230803_23:00:00   4.7903e-02   1.6943e+01   1.0032e+00   0.0000e+00   0.0000e+00   2.4775e+02
20230804_00:00:00   4.1649e-02   1.5349e+01   8.3519e-01   0.0000e+00   0.0000e+00   2.4731e+02
20230804_01:00:00   4.0826e-02   1.5136e+01   8.1360e-01   0.0000e+00   0.0000e+00   2.4674e+02
20230804_02:00:00   4.0722e-02   1.5102e+01   8.1036e-01   0.0000e+00   0.0000e+00   2.4672e+02
20230804_03:00:00   3.9496e-02   1.4779e+01   7.7588e-01   0.0000e+00   0.0000e+00   2.4834e+02
20230804_04:00:00   3.7770e-02   1.4326e+01   7.2964e-01   0.0000e+00   0.0000e+00   2.4876e+02
20230804_05:00:00   3.7541e-02   1.4267e+01   7.2322e-01   0.0000e+00   0.0000e+00   2.5002e+02
20230804_06:00:00   3.6297e-02   1.3931e+01   6.9088e-01   0.0000e+00   0.0000e+00   2.5245e+02
20230804_07:00:00   3.5498e-02   1.3716e+01   6.6982e-01   0.0000e+00   0.0000e+00   2.5404e+02
20230804_08:00:00   3.4714e-02   1.3504e+01   6.4877e-01   0.0000e+00   0.0000e+00   2.5354e+02
20230804_09:00:00   3.4429e-02   1.3422e+01   6.4064e-01   0.0000e+00   0.0000e+00   2.5285e+02
20230804_10:00:00   3.3037e-02   1.3048e+01   6.0401e-01   0.0000e+00   0.0000e+00   2.5081e+02
20230804_11:00:00   3.1075e-02   1.2521e+01   5.5247e-01   0.0000e+00   0.0000e+00   2.5076e+02
20230804_12:00:00   2.9401e-02   1.2068e+01   5.0993e-01   0.0000e+00   0.0000e+00   2.5212e+02
20230804_13:00:00   2.9036e-02   1.1969e+01   5.0212e-01   0.0000e+00   0.0000e+00   2.5312e+02
20230804_14:00:00   3.0622e-02   1.2401e+01   5.4381e-01   0.0000e+00   0.0000e+00   2.5283e+02
20230804_15:00:00   3.3700e-02   1.3228e+01   6.2671e-01   0.0000e+00   0.0000e+00   2.5318e+02
20230804_16:00:00   3.8640e-02   1.4539e+01   7.5719e-01   0.0000e+00   0.0000e+00   2.5314e+02
20230804_17:00:00   4.2285e-02   1.5495e+01   8.5236e-01   0.0000e+00   0.0000e+00   2.5325e+02
20230804_18:00:00   4.4566e-02   1.6090e+01   9.1058e-01   0.0000e+00   0.0000e+00   2.5294e+02
20230804_19:00:00   4.6290e-02   1.6533e+01   9.5440e-01   0.0000e+00   0.0000e+00   2.5219e+02
20230804_20:00:00   4.6571e-02   1.6595e+01   9.6120e-01   0.0000e+00   0.0000e+00   2.5202e+02
20230804_21:00:00   4.4840e-02   1.6145e+01   9.1557e-01   0.0000e+00   0.0000e+00   2.5195e+02
20230804_22:00:00   4.6402e-02   1.6544e+01   9.5105e-01   0.0000e+00   0.0000e+00   2.5095e+02
20230804_23:00:00   4.6138e-02   1.6482e+01   9.4067e-01   0.0000e+00   0.0000e+00   2.5072e+02
20230805_00:00:00   4.2585e-02   1.5573e+01   8.5494e-01   0.0000e+00   0.0000e+00   2.4918e+02
20230805_01:00:00   4.6668e-02   1.6613e+01   9.6403e-01   0.0000e+00   0.0000e+00   2.4942e+02
20230805_02:00:00   4.9417e-02   1.7308e+01   1.0334e+00   0.0000e+00   0.0000e+00   2.5044e+02
20230805_03:00:00   5.2757e-02   1.8140e+01   1.1150e+00   0.0000e+00   0.0000e+00   2.5054e+02
20230805_04:00:00   5.5613e-02   1.8851e+01   1.1862e+00   0.0000e+00   0.0000e+00   2.5117e+02
20230805_05:00:00   5.8375e-02   1.9526e+01   1.2558e+00   0.0000e+00   0.0000e+00   2.5100e+02
20230805_06:00:00   6.0136e-02   1.9948e+01   1.3028e+00   0.0000e+00   0.0000e+00   2.5129e+02
20230805_07:00:00   6.3119e-02   2.0649e+01   1.3847e+00   0.0000e+00   0.0000e+00   2.4991e+02
20230805_08:00:00   6.3152e-02   2.0631e+01   1.3913e+00   0.0000e+00   0.0000e+00   2.5149e+02
20230805_09:00:00   6.0491e-02   1.9955e+01   1.3312e+00   0.0000e+00   0.0000e+00   2.5380e+02
20230805_10:00:00   5.9675e-02   1.9746e+01   1.3107e+00   0.0000e+00   0.0000e+00   2.5443e+02
20230805_11:00:00   5.8031e-02   1.9342e+01   1.2633e+00   0.0000e+00   0.0000e+00   2.5410e+02
20230805_12:00:00   5.8322e-02   1.9396e+01   1.2774e+00   0.0000e+00   0.0000e+00   2.5344e+02
20230805_13:00:00   5.9149e-02   1.9587e+01   1.3040e+00   0.0000e+00   0.0000e+00   2.5373e+02
20230805_14:00:00   5.9696e-02   1.9739e+01   1.3111e+00   0.0000e+00   0.0000e+00   2.5420e+02
20230805_15:00:00   6.4868e-02   2.1003e+01   1.4421e+00   0.0000e+00   0.0000e+00   2.5416e+02
20230805_16:00:00   6.6955e-02   2.1520e+01   1.4923e+00   0.0000e+00   0.0000e+00   2.5412e+02
20230805_17:00:00   6.7014e-02   2.1537e+01   1.4950e+00   0.0000e+00   0.0000e+00   2.5319e+02
20230805_18:00:00   6.9034e-02   2.2017e+01   1.5550e+00   0.0000e+00   0.0000e+00   2.5270e+02
20230805_19:00:00   7.5624e-02   2.3614e+01   1.7131e+00   0.0000e+00   0.0000e+00   2.5299e+02
20230805_20:00:00   8.0058e-02   2.4682e+01   1.8215e+00   0.0000e+00   0.0000e+00   2.5361e+02
20230805_21:00:00   9.1918e-02   2.7449e+01   2.1150e+00   0.0000e+00   0.0000e+00   2.5450e+02
20230805_22:00:00   1.0147e-01   2.9654e+01   2.3371e+00   0.0000e+00   0.0000e+00   2.5565e+02
20230805_23:00:00   1.0296e-01   3.0018e+01   2.3576e+00   0.0000e+00   0.0000e+00   2.5617e+02
20230806_00:00:00   1.0195e-01   2.9802e+01   2.3354e+00   0.0000e+00   0.0000e+00   2.5778e+02
20230806_01:00:00   1.1331e-01   3.2428e+01   2.6302e+00   0.0000e+00   0.0000e+00   2.5848e+02
20230806_02:00:00   1.1566e-01   3.2980e+01   2.6708e+00   0.0000e+00   0.0000e+00   2.6006e+02
20230806_03:00:00   1.1849e-01   3.3611e+01   2.7413e+00   0.0000e+00   0.0000e+00   2.6128e+02
20230806_04:00:00   1.2024e-01   3.4003e+01   2.7760e+00   0.0000e+00   0.0000e+00   2.6079e+02
20230806_05:00:00   1.2433e-01   3.4896e+01   2.8591e+00   0.0000e+00   0.0000e+00   2.6093e+02
20230806_06:00:00   1.2312e-01   3.4591e+01   2.8115e+00   0.0000e+00   0.0000e+00   2.6118e+02
20230806_09:00:00   1.0564e-01   3.0567e+01   2.3430e+00   0.0000e+00   0.0000e+00   2.6309e+02
20230806_12:00:00   6.8717e-02   2.1885e+01   1.4385e+00   0.0000e+00   0.0000e+00   2.5824e+02
20230806_15:00:00   7.1568e-02   2.2588e+01   1.4957e+00   0.0000e+00   0.0000e+00   2.5915e+02
20230806_18:00:00   9.7013e-02   2.8632e+01   2.0867e+00   0.0000e+00   0.0000e+00   2.6159e+02
20230806_21:00:00   9.7520e-02   2.8743e+01   2.0881e+00   0.0000e+00   0.0000e+00   2.6164e+02
20230807_00:00:00   9.6093e-02   2.8335e+01   2.0124e+00   0.0000e+00   0.0000e+00   2.6469e+02
20230807_03:00:00   9.1715e-02   2.7245e+01   1.9455e+00   0.0000e+00   0.0000e+00   2.6618e+02
20230807_06:00:00   8.5242e-02   2.5727e+01   1.7985e+00   0.0000e+00   0.0000e+00   2.6796e+02
20230807_09:00:00   8.1607e-02   2.4801e+01   1.7682e+00   0.0000e+00   0.0000e+00   2.6840e+02
20230807_12:00:00   7.4920e-02   2.3160e+01   1.6470e+00   0.0000e+00   0.0000e+00   2.6871e+02
20230807_15:00:00   8.1671e-02   2.4727e+01   1.8547e+00   0.0000e+00   0.0000e+00   2.6862e+02
20230807_18:00:00   9.6609e-02   2.8287e+01   2.2109e+00   0.0000e+00   3.2900e-05   2.6716e+02
20230807_21:00:00   1.0301e-01   2.9660e+01   2.3873e+00   0.0000e+00   1.7603e-03   2.6681e+02
20230808_00:00:00   1.1146e-01   3.1454e+01   2.6023e+00   2.1940e-05   2.7152e-02   2.6635e+02
20230808_03:00:00   1.1318e-01   3.1840e+01   2.6546e+00   0.0000e+00   1.4590e-02   2.6595e+02
20230808_06:00:00   1.1322e-01   3.1956e+01   2.6083e+00   0.0000e+00   0.0000e+00   2.6701e+02
20230808_09:00:00   9.4451e-02   2.7709e+01   2.1664e+00   0.0000e+00   0.0000e+00   2.6864e+02
20230808_12:00:00   8.2668e-02   2.5057e+01   1.8734e+00   0.0000e+00   0.0000e+00   2.7099e+02
20230808_15:00:00   7.9005e-02   2.4312e+01   1.7711e+00   0.0000e+00   0.0000e+00   2.7108e+02
20230808_18:00:00   1.0322e-01   3.0036e+01   2.3506e+00   0.0000e+00   0.0000e+00   2.7271e+02
20230808_21:00:00   1.0941e-01   3.1451e+01   2.5411e+00   0.0000e+00   0.0000e+00   2.7245e+02
20230809_00:00:00   1.1400e-01   3.2472e+01   2.6636e+00   0.0000e+00   0.0000e+00   2.7440e+02
20230809_03:00:00   1.0437e-01   3.0230e+01   2.4731e+00   0.0000e+00   7.9500e-05   2.7909e+02
20230809_06:00:00   1.0305e-01   2.9917e+01   2.4399e+00   0.0000e+00   0.0000e+00   2.8069e+02
20230809_09:00:00   9.4033e-02   2.7843e+01   2.2166e+00   0.0000e+00   0.0000e+00   2.8206e+02
20230809_12:00:00   8.6533e-02   2.6175e+01   2.0143e+00   0.0000e+00   0.0000e+00   2.7895e+02
20230809_15:00:00   8.3448e-02   2.5505e+01   1.9332e+00   0.0000e+00   0.0000e+00   2.8478e+02
20230809_18:00:00   8.4998e-02   2.5914e+01   1.9753e+00   0.0000e+00   0.0000e+00   2.8495e+02
20230809_21:00:00   8.4065e-02   2.5675e+01   1.9554e+00   0.0000e+00   0.0000e+00   2.7827e+02
20230810_00:00:00   8.2391e-02   2.5260e+01   1.9246e+00   0.0000e+00   0.0000e+00   2.7892e+02
20230810_03:00:00   7.4137e-02   2.3313e+01   1.7189e+00   0.0000e+00   0.0000e+00   2.7470e+02
20230810_06:00:00   7.1200e-02   2.2643e+01   1.6155e+00   0.0000e+00   0.0000e+00   2.7395e+02
20230810_09:00:00   6.3378e-02   2.0727e+01   1.4084e+00   0.0000e+00   0.0000e+00   2.7455e+02
20230810_12:00:00   5.7432e-02   1.9266e+01   1.2544e+00   0.0000e+00   0.0000e+00   2.7584e+02
20230810_15:00:00   5.6225e-02   1.8979e+01   1.2235e+00   0.0000e+00   0.0000e+00   2.7509e+02
20230810_18:00:00   6.2646e-02   2.0589e+01   1.3891e+00   0.0000e+00   0.0000e+00   2.7239e+02
20230810_21:00:00   6.0058e-02   1.9920e+01   1.3227e+00   0.0000e+00   0.0000e+00   2.7395e+02
20230811_00:00:00   6.5808e-02   2.1356e+01   1.4455e+00   0.0000e+00   0.0000e+00   2.7278e+02
20230811_03:00:00   5.6760e-02   1.9097e+01   1.2238e+00   0.0000e+00   0.0000e+00   2.7219e+02
20230811_06:00:00   5.4603e-02   1.8520e+01   1.1798e+00   0.0000e+00   0.0000e+00   2.7004e+02
20230811_09:00:00   5.4609e-02   1.8488e+01   1.1831e+00   0.0000e+00   0.0000e+00   2.6950e+02
20230811_12:00:00   5.5449e-02   1.8704e+01   1.1924e+00   0.0000e+00   0.0000e+00   2.6921e+02
20230811_15:00:00   5.4842e-02   1.8537e+01   1.1778e+00   0.0000e+00   0.0000e+00   2.6873e+02
20230811_18:00:00   5.8831e-02   1.9482e+01   1.2916e+00   0.0000e+00   1.7668e-05   2.7101e+02
20230811_21:00:00   7.5463e-02   2.3548e+01   1.6964e+00   0.0000e+00   1.2368e-04   2.7287e+02
20230812_00:00:00   7.5568e-02   2.3408e+01   1.7379e+00   0.0000e+00   0.0000e+00   2.7375e+02
20230812_03:00:00   7.9457e-02   2.4142e+01   1.8929e+00   0.0000e+00   2.5560e-06   2.7435e+02
20230812_06:00:00   8.3346e-02   2.4914e+01   2.0061e+00   0.0000e+00   2.6258e-03   2.7572e+02
20230812_09:00:00   6.2922e-02   2.0213e+01   1.4359e+00   0.0000e+00   3.8060e-04   2.8058e+02
20230812_12:00:00   6.2215e-02   2.0043e+01   1.4008e+00   0.0000e+00   0.0000e+00   2.7986e+02
20230812_15:00:00   6.9750e-02   2.1867e+01   1.5894e+00   0.0000e+00   0.0000e+00   2.8017e+02
20230812_18:00:00   8.9486e-02   2.6625e+01   2.0822e+00   0.0000e+00   0.0000e+00   2.7382e+02
20230812_21:00:00   9.5439e-02   2.8040e+01   2.2296e+00   0.0000e+00   6.5180e-04   2.7284e+02
20230813_00:00:00   8.5445e-02   2.5813e+01   1.9488e+00   0.0000e+00   0.0000e+00   2.7310e+02
20230813_03:00:00   7.5576e-02   2.3515e+01   1.6975e+00   0.0000e+00   0.0000e+00   2.7492e+02
20230813_06:00:00   6.9454e-02   2.2044e+01   1.5358e+00   0.0000e+00   0.0000e+00   2.7326e+02
20230813_09:00:00   6.3284e-02   2.0502e+01   1.3799e+00   0.0000e+00   0.0000e+00   2.7362e+02
20230813_12:00:00   5.2976e-02   1.7971e+01   1.1180e+00   0.0000e+00   0.0000e+00   2.7506e+02
20230813_15:00:00   4.9789e-02   1.7201e+01   1.0384e+00   0.0000e+00   0.0000e+00   2.7423e+02
20230813_18:00:00   5.1134e-02   1.7509e+01   1.1002e+00   0.0000e+00   0.0000e+00   2.7172e+02
20230813_21:00:00   5.4705e-02   1.8384e+01   1.2059e+00   0.0000e+00   0.0000e+00   2.6769e+02
20230814_00:00:00   7.6561e-02   2.3596e+01   1.7984e+00   0.0000e+00   0.0000e+00   2.6385e+02
20230814_03:00:00   1.0359e-01   3.0022e+01   2.4579e+00   0.0000e+00   0.0000e+00   2.6501e+02
20230814_06:00:00   1.1357e-01   3.2151e+01   2.7221e+00   0.0000e+00   2.1941e-03   2.6795e+02
20230814_09:00:00   1.1237e-01   3.1849e+01   2.6545e+00   0.0000e+00   9.0870e-03   2.7203e+02
20230814_12:00:00   7.1458e-02   2.2642e+01   1.5323e+00   0.0000e+00   0.0000e+00   2.7453e+02
20230814_15:00:00   5.5091e-02   1.8592e+01   1.1391e+00   0.0000e+00   0.0000e+00   2.7982e+02
20230814_18:00:00   6.1381e-02   2.0159e+01   1.3179e+00   0.0000e+00   1.9058e-04   2.7923e+02
20230814_21:00:00   7.2440e-02   2.2840e+01   1.6152e+00   0.0000e+00   3.2800e-04   2.7519e+02
20230815_00:00:00   7.1521e-02   2.2556e+01   1.6056e+00   0.0000e+00   2.6060e-04   2.8006e+02
20230815_03:00:00   4.0778e-02   1.4950e+01   7.9880e-01   0.0000e+00   6.3420e-05   2.8404e+02
20230815_06:00:00   3.6654e-02   1.3895e+01   6.8537e-01   0.0000e+00   0.0000e+00   2.8785e+02
20230815_09:00:00   3.6323e-02   1.3794e+01   6.8086e-01   0.0000e+00   0.0000e+00   2.8357e+02
20230815_12:00:00   3.6626e-02   1.3858e+01   6.9107e-01   0.0000e+00   1.1828e-06   2.7656e+02
20230815_15:00:00   3.9418e-02   1.4607e+01   7.6514e-01   0.0000e+00   0.0000e+00   2.7588e+02
20230815_18:00:00   4.8646e-02   1.6974e+01   1.0247e+00   0.0000e+00   0.0000e+00   2.7509e+02
20230815_21:00:00   4.3520e-02   1.5698e+01   8.8438e-01   0.0000e+00   0.0000e+00   2.7177e+02
20230816_00:00:00   4.1161e-02   1.4974e+01   8.4023e-01   0.0000e+00   0.0000e+00   2.6866e+02
20230816_03:00:00   4.5621e-02   1.6131e+01   9.6513e-01   0.0000e+00   0.0000e+00   2.6920e+02
20230816_06:00:00   4.7890e-02   1.6701e+01   1.0378e+00   0.0000e+00   0.0000e+00   2.7048e+02
20230816_09:00:00   4.9398e-02   1.7082e+01   1.0811e+00   0.0000e+00   0.0000e+00   2.7300e+02
20230816_12:00:00   5.4523e-02   1.8420e+01   1.2158e+00   0.0000e+00   0.0000e+00   2.7018e+02
20230816_15:00:00   5.5412e-02   1.8707e+01   1.2402e+00   0.0000e+00   0.0000e+00   2.6736e+02
20230816_18:00:00   6.6026e-02   2.1357e+01   1.5344e+00   0.0000e+00   0.0000e+00   2.6908e+02
20230816_21:00:00   7.1613e-02   2.2719e+01   1.6894e+00   0.0000e+00   0.0000e+00   2.7093e+02
20230817_00:00:00   7.0073e-02   2.2347e+01   1.6405e+00   0.0000e+00   0.0000e+00   2.7040e+02
20230817_03:00:00   6.6009e-02   2.1345e+01   1.5370e+00   0.0000e+00   0.0000e+00   2.6759e+02
20230817_06:00:00   5.1042e-02   1.7527e+01   1.1452e+00   0.0000e+00   5.2540e-05   2.6656e+02
