#            date       tau255        Tb[K]      pwv[mm] lwp[kg*m^-2] iwp[kg*m^-2]       o3[DU]
20240706_00:00:00   1.0062e-01   2.9421e+01   2.2617e+00   0.0000e+00   0.0000e+00   2.4271e+02
20240706_01:00:00   9.9554e-02   2.9220e+01   2.2290e+00   0.0000e+00   0.0000e+00   2.4651e+02
20240706_02:00:00   9.9993e-02   2.9308e+01   2.2423e+00   0.0000e+00   0.0000e+00   2.4641e+02
20240706_03:00:00   1.0263e-01   2.9891e+01   2.3132e+00   0.0000e+00   0.0000e+00   2.4456e+02
20240706_04:00:00   1.0580e-01   3.0601e+01   2.3879e+00   0.0000e+00   0.0000e+00   2.4698e+02
20240706_05:00:00   1.0488e-01   3.0385e+01   2.3559e+00   0.0000e+00   0.0000e+00   2.5019e+02
20240706_06:00:00   1.0278e-01   2.9877e+01   2.3071e+00   0.0000e+00   0.0000e+00   2.5023e+02
20240706_07:00:00   1.0344e-01   2.9988e+01   2.3266e+00   0.0000e+00   0.0000e+00   2.4794e+02
20240706_08:00:00   1.0509e-01   3.0349e+01   2.3638e+00   0.0000e+00   0.0000e+00   2.4631e+02
20240706_09:00:00   1.0305e-01   2.9868e+01   2.3158e+00   0.0000e+00   0.0000e+00   2.4637e+02
20240706_10:00:00   1.0122e-01   2.9458e+01   2.2736e+00   0.0000e+00   0.0000e+00   2.4531e+02
20240706_11:00:00   1.0123e-01   2.9448e+01   2.2761e+00   0.0000e+00   0.0000e+00   2.4578e+02
20240706_12:00:00   9.9386e-02   2.9022e+01   2.2362e+00   0.0000e+00   0.0000e+00   2.4383e+02
20240706_13:00:00   9.5317e-02   2.8085e+01   2.1352e+00   0.0000e+00   0.0000e+00   2.4063e+02
20240706_14:00:00   9.4260e-02   2.7840e+01   2.1166e+00   0.0000e+00   0.0000e+00   2.4197e+02
20240706_15:00:00   9.3612e-02   2.7684e+01   2.1012e+00   0.0000e+00   0.0000e+00   2.4464e+02
20240706_16:00:00   8.5295e-02   2.5764e+01   1.8929e+00   0.0000e+00   0.0000e+00   2.4785e+02
20240706_17:00:00   8.3773e-02   2.5407e+01   1.8507e+00   0.0000e+00   0.0000e+00   2.5213e+02
20240706_18:00:00   8.3214e-02   2.5249e+01   1.8368e+00   0.0000e+00   0.0000e+00   2.5404e+02
20240706_19:00:00   8.3746e-02   2.5350e+01   1.8477e+00   0.0000e+00   2.8840e-06   2.5323e+02
20240706_20:00:00   8.7545e-02   2.6236e+01   1.9366e+00   0.0000e+00   2.4520e-05   2.5456e+02
20240706_21:00:00   9.0858e-02   2.7000e+01   2.0182e+00   0.0000e+00   9.9880e-05   2.5561e+02
20240706_22:00:00   8.7879e-02   2.6265e+01   1.9614e+00   0.0000e+00   0.0000e+00   2.5657e+02
20240706_23:00:00   8.9706e-02   2.6645e+01   2.0098e+00   0.0000e+00   3.6060e-05   2.5404e+02
20240707_00:00:00   8.7185e-02   2.6037e+01   1.9528e+00   0.0000e+00   0.0000e+00   2.5065e+02
20240707_01:00:00   8.3861e-02   2.5250e+01   1.8737e+00   0.0000e+00   0.0000e+00   2.4980e+02
20240707_02:00:00   8.3421e-02   2.5141e+01   1.8573e+00   0.0000e+00   0.0000e+00   2.5080e+02
20240707_03:00:00   8.0539e-02   2.4458e+01   1.7892e+00   0.0000e+00   0.0000e+00   2.5023e+02
20240707_04:00:00   7.6542e-02   2.3501e+01   1.7007e+00   0.0000e+00   0.0000e+00   2.5087e+02
20240707_05:00:00   7.4416e-02   2.3008e+01   1.6436e+00   0.0000e+00   0.0000e+00   2.5260e+02
20240707_06:00:00   7.3214e-02   2.2716e+01   1.6139e+00   0.0000e+00   0.0000e+00   2.5648e+02
20240707_07:00:00   7.6022e-02   2.3375e+01   1.6789e+00   0.0000e+00   0.0000e+00   2.6055e+02
20240707_08:00:00   7.7032e-02   2.3615e+01   1.6973e+00   0.0000e+00   0.0000e+00   2.6218e+02
20240707_09:00:00   7.4527e-02   2.3028e+01   1.6351e+00   0.0000e+00   0.0000e+00   2.6129e+02
20240707_10:00:00   7.5225e-02   2.3190e+01   1.6459e+00   0.0000e+00   0.0000e+00   2.6187e+02
20240707_11:00:00   7.3028e-02   2.2671e+01   1.5883e+00   0.0000e+00   0.0000e+00   2.6345e+02
20240707_12:00:00   6.9999e-02   2.1967e+01   1.5088e+00   0.0000e+00   0.0000e+00   2.6584e+02
20240707_13:00:00   6.9532e-02   2.1846e+01   1.5009e+00   0.0000e+00   0.0000e+00   2.6495e+02
20240707_14:00:00   7.0711e-02   2.2141e+01   1.5324e+00   0.0000e+00   0.0000e+00   2.6220e+02
20240707_15:00:00   7.0221e-02   2.2012e+01   1.5304e+00   0.0000e+00   0.0000e+00   2.6065e+02
20240707_16:00:00   7.1847e-02   2.2416e+01   1.5673e+00   0.0000e+00   0.0000e+00   2.6000e+02
20240707_17:00:00   7.8657e-02   2.4037e+01   1.7305e+00   0.0000e+00   0.0000e+00   2.5840e+02
20240707_18:00:00   8.4500e-02   2.5401e+01   1.8749e+00   0.0000e+00   1.0432e-04   2.5855e+02
20240707_19:00:00   9.3774e-02   2.7552e+01   2.0835e+00   0.0000e+00   0.0000e+00   2.5881e+02
20240707_20:00:00   9.5531e-02   2.7958e+01   2.1091e+00   0.0000e+00   0.0000e+00   2.5638e+02
20240707_21:00:00   9.0293e-02   2.6755e+01   1.9766e+00   0.0000e+00   0.0000e+00   2.5574e+02
20240707_22:00:00   8.9691e-02   2.6614e+01   1.9488e+00   0.0000e+00   0.0000e+00   2.5629e+02
20240707_23:00:00   8.4631e-02   2.5430e+01   1.8263e+00   0.0000e+00   0.0000e+00   2.5556e+02
20240708_00:00:00   7.6846e-02   2.3571e+01   1.6531e+00   0.0000e+00   0.0000e+00   2.5579e+02
20240708_01:00:00   7.0425e-02   2.2048e+01   1.5064e+00   0.0000e+00   0.0000e+00   2.5741e+02
20240708_02:00:00   6.6522e-02   2.1111e+01   1.4209e+00   0.0000e+00   0.0000e+00   2.5738e+02
20240708_03:00:00   6.2571e-02   2.0158e+01   1.3309e+00   0.0000e+00   0.0000e+00   2.5740e+02
20240708_04:00:00   6.2476e-02   2.0130e+01   1.3305e+00   0.0000e+00   0.0000e+00   2.5916e+02
20240708_05:00:00   6.1794e-02   1.9957e+01   1.3193e+00   0.0000e+00   0.0000e+00   2.5991e+02
20240708_06:00:00   6.2315e-02   2.0059e+01   1.3363e+00   0.0000e+00   0.0000e+00   2.5885e+02
20240708_07:00:00   6.4465e-02   2.0569e+01   1.3882e+00   0.0000e+00   0.0000e+00   2.5772e+02
20240708_08:00:00   6.5887e-02   2.0893e+01   1.4252e+00   0.0000e+00   0.0000e+00   2.5736e+02
20240708_09:00:00   6.5218e-02   2.0702e+01   1.4143e+00   0.0000e+00   0.0000e+00   2.5774e+02
20240708_10:00:00   6.6151e-02   2.0924e+01   1.4358e+00   0.0000e+00   0.0000e+00   2.5736e+02
20240708_11:00:00   6.4581e-02   2.0539e+01   1.4018e+00   0.0000e+00   0.0000e+00   2.5641e+02
20240708_12:00:00   6.2222e-02   1.9959e+01   1.3470e+00   0.0000e+00   0.0000e+00   2.5730e+02
20240708_13:00:00   5.9836e-02   1.9365e+01   1.2896e+00   0.0000e+00   0.0000e+00   2.5900e+02
20240708_14:00:00   5.9833e-02   1.9367e+01   1.2910e+00   0.0000e+00   0.0000e+00   2.5964e+02
20240708_15:00:00   6.1628e-02   1.9820e+01   1.3278e+00   0.0000e+00   0.0000e+00   2.5974e+02
20240708_16:00:00   6.9787e-02   2.1780e+01   1.5165e+00   0.0000e+00   0.0000e+00   2.5908e+02
20240708_17:00:00   8.4416e-02   2.5246e+01   1.8532e+00   0.0000e+00   0.0000e+00   2.5953e+02
20240708_18:00:00   1.0029e-01   2.8912e+01   2.2030e+00   0.0000e+00   3.8599e-04   2.6022e+02
20240708_19:00:00   9.8770e-02   2.8521e+01   2.1698e+00   0.0000e+00   1.3442e-03   2.5998e+02
20240708_20:00:00   9.7247e-02   2.8108e+01   2.1371e+00   0.0000e+00   3.5236e-03   2.6089e+02
20240708_21:00:00   9.3561e-02   2.7223e+01   2.0490e+00   0.0000e+00   3.3639e-03   2.6132e+02
20240708_22:00:00   9.4187e-02   2.7312e+01   2.0623e+00   0.0000e+00   3.1920e-03   2.6099e+02
20240708_23:00:00   9.6467e-02   2.7774e+01   2.1126e+00   0.0000e+00   1.8317e-03   2.6027e+02
20240709_00:00:00   8.8387e-02   2.5899e+01   1.9345e+00   0.0000e+00   8.9376e-04   2.5938e+02
20240709_01:00:00   7.3309e-02   2.2441e+01   1.5693e+00   0.0000e+00   6.7240e-05   2.5924e+02
20240709_02:00:00   6.0778e-02   1.9535e+01   1.2452e+00   0.0000e+00   3.9420e-05   2.5986e+02
20240709_03:00:00   5.3232e-02   1.7718e+01   1.0574e+00   0.0000e+00   2.0780e-04   2.6197e+02
20240709_04:00:00   4.7430e-02   1.6294e+01   9.1937e-01   0.0000e+00   2.1660e-04   2.6333e+02
20240709_05:00:00   4.3908e-02   1.5420e+01   8.3559e-01   0.0000e+00   1.8548e-05   2.6451e+02
20240709_06:00:00   4.1330e-02   1.4766e+01   7.7631e-01   0.0000e+00   0.0000e+00   2.6499e+02
20240709_07:00:00   4.2305e-02   1.5006e+01   7.9697e-01   0.0000e+00   0.0000e+00   2.6464e+02
20240709_08:00:00   4.1503e-02   1.4798e+01   7.7857e-01   0.0000e+00   0.0000e+00   2.6303e+02
20240709_09:00:00   4.0135e-02   1.4443e+01   7.5235e-01   0.0000e+00   0.0000e+00   2.5992e+02
20240709_10:00:00   4.2123e-02   1.4918e+01   8.0575e-01   0.0000e+00   0.0000e+00   2.6150e+02
20240709_11:00:00   4.1234e-02   1.4696e+01   7.8586e-01   0.0000e+00   0.0000e+00   2.6192e+02
20240709_12:00:00   4.1137e-02   1.4645e+01   7.9428e-01   0.0000e+00   0.0000e+00   2.6126e+02
20240709_13:00:00   4.1871e-02   1.4817e+01   8.1697e-01   0.0000e+00   0.0000e+00   2.6125e+02
20240709_14:00:00   4.1710e-02   1.4766e+01   8.2194e-01   0.0000e+00   0.0000e+00   2.6156e+02
20240709_15:00:00   4.1166e-02   1.4635e+01   8.0862e-01   0.0000e+00   0.0000e+00   2.6444e+02
20240709_16:00:00   4.2575e-02   1.4986e+01   8.4584e-01   0.0000e+00   0.0000e+00   2.6457e+02
20240709_17:00:00   4.6857e-02   1.6041e+01   9.5788e-01   0.0000e+00   1.7668e-05   2.6675e+02
20240709_18:00:00   6.0450e-02   1.9362e+01   1.2888e+00   0.0000e+00   7.2120e-07   2.6800e+02
20240709_19:00:00   6.3600e-02   2.0111e+01   1.3692e+00   0.0000e+00   5.9000e-04   2.6866e+02
20240709_20:00:00   6.6156e-02   2.0704e+01   1.4316e+00   0.0000e+00   3.9937e-04   2.6942e+02
20240709_21:00:00   6.4559e-02   2.0292e+01   1.3896e+00   0.0000e+00   5.9622e-04   2.7008e+02
20240709_22:00:00   6.1183e-02   1.9420e+01   1.3116e+00   0.0000e+00   1.5354e-03   2.7038e+02
20240709_23:00:00   5.5068e-02   1.7912e+01   1.1632e+00   0.0000e+00   2.9139e-03   2.7100e+02
20240710_00:00:00   5.2928e-02   1.7379e+01   1.1115e+00   0.0000e+00   4.7777e-03   2.7145e+02
20240710_01:00:00   5.0370e-02   1.6736e+01   1.0558e+00   0.0000e+00   5.6091e-03   2.7239e+02
20240710_02:00:00   4.9518e-02   1.6514e+01   1.0400e+00   9.3070e-06   8.2724e-03   2.7078e+02
20240710_03:00:00   5.1835e-02   1.7067e+01   1.0934e+00   2.4530e-04   9.6538e-03   2.6712e+02
20240710_04:00:00   5.7120e-02   1.8287e+01   1.0835e+00   3.7090e-03   1.7222e-02   2.6364e+02
20240710_05:00:00   5.1756e-02   1.7045e+01   1.0466e+00   1.2540e-03   1.3384e-02   2.6114e+02
20240710_06:00:00   6.9854e-02   2.1196e+01   1.0070e+00   1.3271e-02   2.3906e-02   2.6225e+02
20240710_07:00:00   7.2541e-02   2.1852e+01   1.1301e+00   1.1707e-02   2.7705e-02   2.6402e+02
20240710_08:00:00   5.9667e-02   1.8951e+01   1.1135e+00   4.0739e-03   1.0535e-02   2.6672e+02
20240710_09:00:00   6.3215e-02   1.9775e+01   1.1763e+00   4.7458e-03   9.2481e-03   2.6391e+02
20240710_10:00:00   5.5648e-02   1.8054e+01   1.1548e+00   4.7738e-04   2.2458e-03   2.6258e+02
20240710_11:00:00   5.4580e-02   1.7811e+01   1.1428e+00   0.0000e+00   1.1310e-03   2.6328e+02
20240710_12:00:00   5.4728e-02   1.7847e+01   1.1422e+00   0.0000e+00   1.0278e-03   2.6189e+02
20240710_13:00:00   5.1606e-02   1.7131e+01   1.0562e+00   0.0000e+00   3.4960e-04   2.6221e+02
20240710_14:00:00   5.3446e-02   1.7603e+01   1.0899e+00   0.0000e+00   1.8480e-04   2.6317e+02
20240710_15:00:00   5.6294e-02   1.8338e+01   1.1374e+00   0.0000e+00   0.0000e+00   2.6507e+02
20240710_16:00:00   6.2139e-02   1.9751e+01   1.2668e+00   0.0000e+00   0.0000e+00   2.6285e+02
20240710_17:00:00   5.7331e-02   1.8591e+01   1.1565e+00   0.0000e+00   0.0000e+00   2.6076e+02
20240710_18:00:00   5.8685e-02   1.8873e+01   1.1917e+00   0.0000e+00   2.2300e-05   2.6222e+02
20240710_19:00:00   5.7722e-02   1.8640e+01   1.1616e+00   0.0000e+00   2.7820e-05   2.6395e+02
20240710_20:00:00   5.5267e-02   1.8035e+01   1.1020e+00   0.0000e+00   2.5500e-05   2.6462e+02
20240710_21:00:00   5.7021e-02   1.8435e+01   1.1368e+00   0.0000e+00   2.0860e-05   2.6406e+02
20240710_22:00:00   5.7302e-02   1.8485e+01   1.1395e+00   0.0000e+00   3.4780e-06   2.6451e+02
20240710_23:00:00   5.7261e-02   1.8417e+01   1.1398e+00   0.0000e+00   2.9520e-04   2.6663e+02
20240711_00:00:00   5.3629e-02   1.7533e+01   1.0522e+00   0.0000e+00   9.8666e-04   2.6991e+02
20240711_03:00:00   3.7418e-02   1.3719e+01   6.1792e-01   0.0000e+00   0.0000e+00   2.7007e+02
20240711_06:00:00   3.3482e-02   1.2739e+01   5.3314e-01   0.0000e+00   0.0000e+00   2.7243e+02
20240711_09:00:00   2.6163e-02   1.0846e+01   3.8042e-01   0.0000e+00   0.0000e+00   2.7652e+02
20240711_12:00:00   2.0180e-02   9.3204e+00   2.1887e-01   0.0000e+00   0.0000e+00   2.8032e+02
20240711_15:00:00   2.5290e-02   1.0670e+01   3.5120e-01   0.0000e+00   0.0000e+00   2.8649e+02
20240711_18:00:00   3.6216e-02   1.3447e+01   6.2831e-01   0.0000e+00   0.0000e+00   2.8591e+02
20240711_21:00:00   4.6410e-02   1.5994e+01   8.6351e-01   0.0000e+00   0.0000e+00   2.9072e+02
20240712_00:00:00   3.4997e-02   1.3145e+01   5.8938e-01   0.0000e+00   0.0000e+00   2.8670e+02
20240712_03:00:00   2.7537e-02   1.1267e+01   4.0562e-01   0.0000e+00   0.0000e+00   2.8738e+02
20240712_06:00:00   2.6078e-02   1.0893e+01   3.6675e-01   0.0000e+00   0.0000e+00   2.9192e+02
20240712_09:00:00   2.5074e-02   1.0639e+01   3.4104e-01   0.0000e+00   0.0000e+00   2.9150e+02
20240712_12:00:00   2.1936e-02   9.8275e+00   2.6000e-01   0.0000e+00   0.0000e+00   2.9549e+02
20240712_15:00:00   2.0690e-02   9.5025e+00   2.2829e-01   0.0000e+00   0.0000e+00   2.9811e+02
20240712_18:00:00   1.9366e-02   9.1532e+00   1.9768e-01   0.0000e+00   0.0000e+00   2.9202e+02
20240712_21:00:00   1.9389e-02   9.1749e+00   1.9972e-01   0.0000e+00   0.0000e+00   2.8485e+02
20240713_00:00:00   1.8895e-02   9.0484e+00   1.8959e-01   0.0000e+00   0.0000e+00   2.8029e+02
20240713_03:00:00   1.6740e-02   8.4480e+00   1.3639e-01   0.0000e+00   0.0000e+00   2.8017e+02
20240713_06:00:00   1.4460e-02   7.7797e+00   8.1333e-02   0.0000e+00   0.0000e+00   2.7842e+02
20240713_09:00:00   1.4420e-02   7.7621e+00   8.3750e-02   0.0000e+00   0.0000e+00   2.7797e+02
20240713_12:00:00   1.5100e-02   7.9381e+00   1.0650e-01   0.0000e+00   0.0000e+00   2.7764e+02
20240713_15:00:00   1.6615e-02   8.3513e+00   1.5071e-01   0.0000e+00   0.0000e+00   2.7996e+02
20240713_18:00:00   1.9835e-02   9.2241e+00   2.4444e-01   0.0000e+00   0.0000e+00   2.7606e+02
20240713_21:00:00   2.3704e-02   1.0236e+01   3.5519e-01   0.0000e+00   0.0000e+00   2.7753e+02
20240714_00:00:00   2.7658e-02   1.1279e+01   4.6503e-01   0.0000e+00   0.0000e+00   2.7751e+02
20240714_03:00:00   2.8279e-02   1.1409e+01   4.8860e-01   0.0000e+00   3.6060e-07   2.7741e+02
20240714_06:00:00   3.1601e-02   1.2195e+01   5.9684e-01   0.0000e+00   4.1674e-03   2.7462e+02
20240714_09:00:00   2.9704e-02   1.1743e+01   5.3307e-01   0.0000e+00   2.2864e-03   2.7301e+02
20240714_12:00:00   2.8936e-02   1.1608e+01   4.8933e-01   0.0000e+00   0.0000e+00   2.7653e+02
20240714_15:00:00   2.9488e-02   1.1792e+01   4.9737e-01   0.0000e+00   0.0000e+00   2.7713e+02
20240714_18:00:00   2.8168e-02   1.1525e+01   4.5883e-01   0.0000e+00   0.0000e+00   2.7666e+02
20240714_21:00:00   3.0047e-02   1.2041e+01   5.1341e-01   0.0000e+00   0.0000e+00   2.7365e+02
20240715_00:00:00   3.1130e-02   1.2303e+01   5.4852e-01   0.0000e+00   0.0000e+00   2.7342e+02
20240715_03:00:00   3.1745e-02   1.2468e+01   5.6809e-01   0.0000e+00   0.0000e+00   2.7210e+02
20240715_06:00:00   3.1553e-02   1.2402e+01   5.6598e-01   0.0000e+00   0.0000e+00   2.7250e+02
20240715_09:00:00   2.8679e-02   1.1646e+01   4.9202e-01   0.0000e+00   0.0000e+00   2.7216e+02
20240715_12:00:00   2.8295e-02   1.1543e+01   4.8504e-01   0.0000e+00   0.0000e+00   2.7159e+02
20240715_15:00:00   2.6978e-02   1.1205e+01   4.4900e-01   0.0000e+00   0.0000e+00   2.7228e+02
20240715_18:00:00   2.7681e-02   1.1401e+01   4.6645e-01   0.0000e+00   0.0000e+00   2.6978e+02
20240715_21:00:00   3.4186e-02   1.3029e+01   6.5094e-01   0.0000e+00   7.0425e-05   2.6756e+02
20240716_00:00:00   3.8453e-02   1.4133e+01   7.6025e-01   0.0000e+00   0.0000e+00   2.6866e+02
20240716_03:00:00   4.0140e-02   1.4578e+01   8.1303e-01   0.0000e+00   0.0000e+00   2.7046e+02
20240716_06:00:00   5.4732e-02   1.8136e+01   1.2126e+00   0.0000e+00   2.7763e-04   2.6838e+02
20240716_09:00:00   6.7473e-02   2.1132e+01   1.5474e+00   0.0000e+00   7.0360e-05   2.6811e+02
20240716_12:00:00   7.1085e-02   2.2080e+01   1.6120e+00   0.0000e+00   0.0000e+00   2.6932e+02
20240716_15:00:00   6.7889e-02   2.1500e+01   1.4986e+00   0.0000e+00   0.0000e+00   2.6728e+02
20240716_18:00:00   5.9378e-02   1.9539e+01   1.2773e+00   0.0000e+00   0.0000e+00   2.6287e+02
20240716_21:00:00   5.2579e-02   1.7843e+01   1.1190e+00   0.0000e+00   0.0000e+00   2.6187e+02
20240717_00:00:00   5.1647e-02   1.7597e+01   1.1148e+00   0.0000e+00   0.0000e+00   2.5998e+02
20240717_03:00:00   5.4672e-02   1.8417e+01   1.1986e+00   0.0000e+00   0.0000e+00   2.5718e+02
20240717_06:00:00   6.1806e-02   2.0184e+01   1.3983e+00   0.0000e+00   0.0000e+00   2.5451e+02
20240717_09:00:00   7.5541e-02   2.3519e+01   1.7696e+00   0.0000e+00   0.0000e+00   2.5370e+02
20240717_12:00:00   7.3524e-02   2.3084e+01   1.7153e+00   0.0000e+00   0.0000e+00   2.5490e+02
20240717_15:00:00   6.7758e-02   2.1700e+01   1.5707e+00   0.0000e+00   0.0000e+00   2.5366e+02
20240717_18:00:00   7.7144e-02   2.3920e+01   1.8372e+00   0.0000e+00   0.0000e+00   2.5126e+02
20240717_21:00:00   7.7428e-02   2.3992e+01   1.8479e+00   0.0000e+00   0.0000e+00   2.4828e+02
20240718_00:00:00   7.4466e-02   2.3321e+01   1.7626e+00   0.0000e+00   0.0000e+00   2.4735e+02
20240718_03:00:00   7.3399e-02   2.3084e+01   1.7285e+00   0.0000e+00   0.0000e+00   2.4365e+02
20240718_06:00:00   7.2037e-02   2.2786e+01   1.6786e+00   0.0000e+00   0.0000e+00   2.4659e+02
20240718_09:00:00   6.7838e-02   2.1765e+01   1.5604e+00   0.0000e+00   0.0000e+00   2.4848e+02
20240718_12:00:00   6.4125e-02   2.0844e+01   1.4655e+00   0.0000e+00   0.0000e+00   2.5071e+02
20240718_15:00:00   6.2708e-02   2.0506e+01   1.4282e+00   0.0000e+00   0.0000e+00   2.5163e+02
20240718_18:00:00   6.7886e-02   2.1808e+01   1.5603e+00   0.0000e+00   0.0000e+00   2.4686e+02
20240718_21:00:00   7.1580e-02   2.2655e+01   1.6565e+00   0.0000e+00   0.0000e+00   2.4519e+02
20240719_00:00:00   7.2298e-02   2.2807e+01   1.6723e+00   0.0000e+00   0.0000e+00   2.4477e+02
20240719_03:00:00   7.5922e-02   2.3696e+01   1.7615e+00   0.0000e+00   0.0000e+00   2.4330e+02
20240719_06:00:00   7.3197e-02   2.3070e+01   1.6735e+00   0.0000e+00   0.0000e+00   2.4453e+02
20240719_09:00:00   6.4297e-02   2.0903e+01   1.4375e+00   0.0000e+00   0.0000e+00   2.4369e+02
20240719_12:00:00   6.2646e-02   2.0494e+01   1.3886e+00   0.0000e+00   0.0000e+00   2.4547e+02
20240719_15:00:00   6.5193e-02   2.1124e+01   1.4525e+00   0.0000e+00   0.0000e+00   2.4401e+02
20240719_18:00:00   6.7572e-02   2.1723e+01   1.5086e+00   0.0000e+00   0.0000e+00   2.4062e+02
20240719_21:00:00   6.5774e-02   2.1259e+01   1.4529e+00   0.0000e+00   0.0000e+00   2.3952e+02
20240720_00:00:00   6.8858e-02   2.1994e+01   1.5385e+00   0.0000e+00   0.0000e+00   2.3903e+02
20240720_03:00:00   6.7980e-02   2.1732e+01   1.5285e+00   0.0000e+00   0.0000e+00   2.3848e+02
20240720_06:00:00   6.7001e-02   2.1434e+01   1.5130e+00   0.0000e+00   0.0000e+00   2.3839e+02
20240720_09:00:00   6.4071e-02   2.0690e+01   1.4378e+00   0.0000e+00   0.0000e+00   2.4060e+02
20240720_12:00:00   5.4246e-02   1.8286e+01   1.1769e+00   0.0000e+00   0.0000e+00   2.4036e+02
20240720_15:00:00   5.8799e-02   1.9409e+01   1.2937e+00   0.0000e+00   0.0000e+00   2.3897e+02
20240720_18:00:00   6.8446e-02   2.1858e+01   1.5221e+00   0.0000e+00   0.0000e+00   2.3951e+02
20240720_21:00:00   6.9712e-02   2.2213e+01   1.5365e+00   0.0000e+00   0.0000e+00   2.4156e+02
20240721_00:00:00   7.2758e-02   2.2934e+01   1.6157e+00   0.0000e+00   0.0000e+00   2.4150e+02
20240721_03:00:00   7.4233e-02   2.3258e+01   1.6477e+00   0.0000e+00   0.0000e+00   2.4165e+02
20240721_06:00:00   7.2143e-02   2.2602e+01   1.6262e+00   0.0000e+00   0.0000e+00   2.4078e+02
20240721_09:00:00   8.9818e-02   2.6802e+01   2.0336e+00   0.0000e+00   0.0000e+00   2.4076e+02
20240721_12:00:00   1.0602e-01   3.0508e+01   2.4071e+00   0.0000e+00   0.0000e+00   2.4016e+02
20240721_15:00:00   1.2302e-01   3.4387e+01   2.7906e+00   0.0000e+00   1.4422e-07   2.4329e+02
20240721_18:00:00   1.2671e-01   3.5258e+01   2.8180e+00   0.0000e+00   9.5191e-06   2.4267e+02
20240721_21:00:00   1.4352e-01   3.9087e+01   3.0914e+00   4.4280e-04   7.7620e-04   2.4393e+02
20240722_00:00:00   1.4269e-01   3.8942e+01   3.0473e+00   0.0000e+00   2.9380e-04   2.4300e+02
