#            date       tau255        Tb[K]      pwv[mm] lwp[kg*m^-2] iwp[kg*m^-2]       o3[DU]
20240411_00:00:00   6.7913e-02   2.1762e+01   1.6572e+00   0.0000e+00   1.4081e-03   2.3689e+02
20240411_01:00:00   6.5028e-02   2.0995e+01   1.6024e+00   0.0000e+00   2.2680e-04   2.3763e+02
20240411_02:00:00   6.2959e-02   2.0383e+01   1.5716e+00   0.0000e+00   2.5441e-03   2.3813e+02
20240411_03:00:00   6.1745e-02   2.0072e+01   1.5356e+00   0.0000e+00   4.2100e-03   2.3873e+02
20240411_04:00:00   6.1757e-02   2.0032e+01   1.5460e+00   0.0000e+00   4.0061e-03   2.3999e+02
20240411_05:00:00   6.4620e-02   2.0712e+01   1.6290e+00   0.0000e+00   2.9400e-03   2.3977e+02
20240411_06:00:00   6.7838e-02   2.1495e+01   1.7183e+00   0.0000e+00   2.7019e-03   2.3999e+02
20240411_07:00:00   6.5770e-02   2.1006e+01   1.6578e+00   0.0000e+00   4.4829e-03   2.3913e+02
20240411_08:00:00   6.7185e-02   2.1358e+01   1.6960e+00   0.0000e+00   6.1471e-03   2.3870e+02
20240411_09:00:00   6.6895e-02   2.1286e+01   1.6920e+00   0.0000e+00   7.1200e-03   2.3992e+02
20240411_10:00:00   6.5224e-02   2.0876e+01   1.6458e+00   0.0000e+00   5.3320e-03   2.4097e+02
20240411_11:00:00   6.2935e-02   2.0316e+01   1.5832e+00   0.0000e+00   4.1696e-03   2.4190e+02
20240411_12:00:00   6.1402e-02   1.9945e+01   1.5381e+00   0.0000e+00   8.1620e-04   2.4430e+02
20240411_13:00:00   6.3255e-02   2.0354e+01   1.5952e+00   0.0000e+00   8.9262e-03   2.4420e+02
20240411_14:00:00   6.9572e-02   2.1874e+01   1.7699e+00   0.0000e+00   1.1133e-02   2.4218e+02
20240411_15:00:00   6.7583e-02   2.1450e+01   1.7024e+00   0.0000e+00   6.5877e-03   2.4135e+02
20240411_16:00:00   7.0856e-02   2.2302e+01   1.7757e+00   0.0000e+00   4.6710e-03   2.4213e+02
20240411_17:00:00   7.2748e-02   2.2845e+01   1.8045e+00   0.0000e+00   5.2360e-04   2.4214e+02
20240411_18:00:00   7.8682e-02   2.4259e+01   1.9639e+00   0.0000e+00   7.1316e-04   2.4332e+02
20240411_19:00:00   9.7301e-02   2.8735e+01   2.4336e+00   0.0000e+00   1.5231e-02   2.4495e+02
20240411_20:00:00   1.1912e-01   3.3872e+01   2.9758e+00   0.0000e+00   3.9697e-03   2.4542e+02
20240411_21:00:00   1.2630e-01   3.5488e+01   3.1440e+00   0.0000e+00   3.0039e-02   2.4450e+02
20240411_22:00:00   1.2340e-01   3.4819e+01   3.0754e+00   0.0000e+00   4.3309e-02   2.4396e+02
20240411_23:00:00   1.2233e-01   3.4637e+01   3.0390e+00   0.0000e+00   4.6140e-03   2.4504e+02
20240412_00:00:00   1.0883e-01   3.1433e+01   2.7426e+00   0.0000e+00   1.6381e-04   2.4495e+02
20240412_01:00:00   1.0433e-01   3.0291e+01   2.6567e+00   0.0000e+00   3.0361e-05   2.4523e+02
20240412_02:00:00   8.8868e-02   2.6557e+01   2.2873e+00   0.0000e+00   8.8578e-06   2.4566e+02
20240412_03:00:00   8.4972e-02   2.5615e+01   2.1795e+00   0.0000e+00   0.0000e+00   2.4515e+02
20240412_04:00:00   8.3669e-02   2.5350e+01   2.1287e+00   0.0000e+00   0.0000e+00   2.4656e+02
20240412_05:00:00   7.6878e-02   2.3774e+01   1.9341e+00   0.0000e+00   0.0000e+00   2.4693e+02
20240412_06:00:00   7.8726e-02   2.4160e+01   1.9934e+00   0.0000e+00   1.7668e-05   2.4595e+02
20240412_07:00:00   8.3709e-02   2.5300e+01   2.1270e+00   0.0000e+00   9.6100e-07   2.4517e+02
20240412_08:00:00   8.8369e-02   2.6354e+01   2.2588e+00   0.0000e+00   7.6680e-04   2.4392e+02
20240412_09:00:00   8.1870e-02   2.4788e+01   2.0866e+00   0.0000e+00   1.6558e-03   2.4501e+02
20240412_10:00:00   7.4616e-02   2.3070e+01   1.8896e+00   0.0000e+00   6.5720e-04   2.4543e+02
20240412_11:00:00   8.3254e-02   2.5092e+01   2.1389e+00   0.0000e+00   2.5732e-03   2.4529e+02
20240412_12:00:00   1.0179e-01   2.9464e+01   2.6398e+00   0.0000e+00   2.2818e-06   2.4534e+02
20240412_13:00:00   1.1291e-01   3.2173e+01   2.8872e+00   0.0000e+00   1.2857e-06   2.4673e+02
20240412_14:00:00   1.1119e-01   3.1789e+01   2.8378e+00   0.0000e+00   2.3800e-05   2.4850e+02
20240412_15:00:00   1.0463e-01   3.0309e+01   2.6573e+00   0.0000e+00   9.9402e-05   2.5099e+02
20240412_16:00:00   1.0657e-01   3.0802e+01   2.6896e+00   0.0000e+00   8.0392e-05   2.5182e+02
20240412_17:00:00   1.2313e-01   3.4666e+01   3.0873e+00   0.0000e+00   7.7600e-04   2.5081e+02
20240412_18:00:00   1.4464e-01   3.9578e+01   3.5745e+00   0.0000e+00   3.0244e-03   2.4972e+02
20240412_19:00:00   1.4569e-01   3.9836e+01   3.5809e+00   0.0000e+00   2.9489e-03   2.4818e+02
20240412_20:00:00   1.4299e-01   3.9177e+01   3.5141e+00   0.0000e+00   3.0652e-03   2.4799e+02
20240412_21:00:00   1.4292e-01   3.9264e+01   3.4460e+00   0.0000e+00   5.1900e-06   2.4848e+02
20240412_22:00:00   1.3393e-01   3.7310e+01   3.1748e+00   0.0000e+00   6.0140e-06   2.4949e+02
20240412_23:00:00   1.2442e-01   3.5070e+01   2.9942e+00   0.0000e+00   8.7240e-06   2.4854e+02
20240413_00:00:00   1.1191e-01   3.2254e+01   2.6482e+00   0.0000e+00   0.0000e+00   2.4710e+02
20240413_01:00:00   1.0427e-01   3.0506e+01   2.4511e+00   0.0000e+00   0.0000e+00   2.4716e+02
20240413_02:00:00   9.3400e-02   2.8006e+01   2.1785e+00   0.0000e+00   1.8552e-04   2.4982e+02
20240413_03:00:00   1.0183e-01   2.9925e+01   2.4209e+00   0.0000e+00   8.8340e-06   2.5160e+02
20240413_04:00:00   1.0426e-01   3.0430e+01   2.5129e+00   0.0000e+00   1.1054e-03   2.5242e+02
20240413_05:00:00   1.0424e-01   3.0442e+01   2.4937e+00   0.0000e+00   2.2479e-03   2.5091e+02
20240413_06:00:00   1.0100e-01   2.9769e+01   2.3714e+00   0.0000e+00   3.6343e-04   2.5171e+02
20240413_07:00:00   1.0011e-01   2.9559e+01   2.3448e+00   0.0000e+00   5.7863e-04   2.5240e+02
20240413_08:00:00   1.0168e-01   2.9897e+01   2.3751e+00   0.0000e+00   5.8200e-03   2.5152e+02
20240413_09:00:00   1.0016e-01   2.9600e+01   2.3092e+00   0.0000e+00   1.5162e-03   2.5131e+02
20240413_10:00:00   1.0521e-01   3.0849e+01   2.3819e+00   0.0000e+00   4.9620e-04   2.5148e+02
20240413_11:00:00   1.1759e-01   3.3721e+01   2.6557e+00   0.0000e+00   1.2896e-03   2.5276e+02
20240413_12:00:00   1.1251e-01   3.2582e+01   2.5155e+00   0.0000e+00   1.6660e-03   2.5324e+02
20240413_13:00:00   1.0966e-01   3.1909e+01   2.4567e+00   0.0000e+00   6.8262e-03   2.5302e+02
20240413_14:00:00   1.0180e-01   3.0076e+01   2.2880e+00   0.0000e+00   2.8884e-03   2.5344e+02
20240413_15:00:00   1.0886e-01   3.1717e+01   2.4399e+00   0.0000e+00   1.3631e-02   2.5262e+02
20240413_16:00:00   1.2065e-01   3.4497e+01   2.6673e+00   0.0000e+00   1.1312e-02   2.5277e+02
20240413_17:00:00   1.4836e-01   4.0820e+01   3.2584e+00   0.0000e+00   1.2586e-02   2.5259e+02
20240413_18:00:00   1.9964e-01   5.1956e+01   4.2108e+00   2.4571e-03   4.6662e-03   2.5083e+02
20240413_19:00:00   3.4103e-01   7.9765e+01   4.9507e+00   5.0248e-02   5.9661e-02   2.5053e+02
20240413_20:00:00   2.9695e-01   7.1694e+01   4.6750e+00   3.5025e-02   2.7034e-02   2.4917e+02
20240413_21:00:00   2.9761e-01   7.1859e+01   4.4283e+00   3.9965e-02   1.8261e-02   2.4877e+02
20240413_22:00:00   3.5046e-01   8.1862e+01   4.1065e+00   6.9290e-02   1.6558e-02   2.4805e+02
20240413_23:00:00   2.1602e-01   5.5468e+01   3.5098e+00   2.3086e-02   2.1462e-03   2.4744e+02
20240414_00:00:00   1.7530e-01   4.6644e+01   3.2689e+00   1.0687e-02   5.2120e-04   2.4778e+02
20240414_01:00:00   1.3767e-01   3.8239e+01   2.9599e+00   0.0000e+00   6.7770e-05   2.4887e+02
20240414_02:00:00   1.2297e-01   3.4920e+01   2.6328e+00   0.0000e+00   0.0000e+00   2.4828e+02
20240414_03:00:00   1.0033e-01   2.9673e+01   2.1566e+00   0.0000e+00   0.0000e+00   2.4719e+02
20240414_04:00:00   9.2841e-02   2.7875e+01   2.0018e+00   0.0000e+00   0.0000e+00   2.4834e+02
20240414_05:00:00   8.7613e-02   2.6601e+01   1.8961e+00   0.0000e+00   0.0000e+00   2.4821e+02
20240414_06:00:00   8.7033e-02   2.6433e+01   1.8982e+00   0.0000e+00   0.0000e+00   2.4890e+02
20240414_07:00:00   1.0455e-01   3.0563e+01   2.2687e+00   0.0000e+00   0.0000e+00   2.4942e+02
20240414_08:00:00   1.0735e-01   3.1225e+01   2.3223e+00   1.7090e-04   1.0250e-05   2.4916e+02
20240414_09:00:00   1.1628e-01   3.3258e+01   2.5421e+00   1.4510e-04   6.8290e-06   2.5041e+02
20240414_10:00:00   1.1156e-01   3.2131e+01   2.4879e+00   0.0000e+00   0.0000e+00   2.4900e+02
20240414_11:00:00   1.2590e-01   3.5401e+01   2.7890e+00   0.0000e+00   0.0000e+00   2.4813e+02
20240414_12:00:00   1.3272e-01   3.6960e+01   2.9050e+00   1.1310e-06   9.9510e-06   2.4995e+02
20240414_13:00:00   1.2390e-01   3.4995e+01   2.6912e+00   0.0000e+00   1.4970e-05   2.5257e+02
20240414_14:00:00   1.4279e-01   3.9274e+01   3.0601e+00   3.5860e-05   2.8369e-05   2.5470e+02
20240414_15:00:00   1.8305e-01   4.8048e+01   3.7226e+00   3.9283e-03   4.7803e-03   2.5452e+02
20240414_16:00:00   1.4527e-01   3.9825e+01   3.0522e+00   2.8215e-03   7.9360e-04   2.5373e+02
20240414_17:00:00   1.2483e-01   3.5236e+01   2.7620e+00   0.0000e+00   1.4635e-04   2.5159e+02
20240414_18:00:00   1.3924e-01   3.8508e+01   2.9031e+00   3.4632e-03   4.8291e-04   2.5108e+02
20240414_19:00:00   2.4331e-01   6.0680e+01   3.4558e+00   3.8494e-02   4.6398e-03   2.5091e+02
20240414_20:00:00   6.1062e-01   1.2278e+02   3.9329e+00   1.9582e-01   2.2416e-02   2.5070e+02
20240414_21:00:00   9.9075e-01   1.6782e+02   3.6932e+00   3.6883e-01   4.0351e-02   2.5062e+02
20240414_22:00:00   9.1909e-01   1.6087e+02   3.4809e+00   3.3770e-01   5.7468e-02   2.5121e+02
20240414_23:00:00   8.2938e-01   1.5061e+02   3.3348e+00   3.0368e-01   9.9114e-02   2.5259e+02
20240415_00:00:00   4.0567e-01   9.0942e+01   3.1487e+00   1.1541e-01   4.6011e-02   2.5318e+02
20240415_01:00:00   3.0530e-01   7.2681e+01   2.7162e+00   8.0011e-02   5.1670e-02   2.5252e+02
20240415_02:00:00   1.4670e-01   4.0128e+01   2.2093e+00   1.8316e-02   8.0980e-03   2.5215e+02
20240415_03:00:00   2.1588e-01   5.4972e+01   2.2845e+00   4.8330e-02   8.3544e-03   2.5406e+02
20240415_04:00:00   2.8390e-01   6.8528e+01   2.3227e+00   7.8860e-02   1.6538e-02   2.5487e+02
20240415_05:00:00   2.5644e-01   6.3123e+01   2.2348e+00   6.8150e-02   2.3952e-02   2.5373e+02
20240415_06:00:00   1.8038e-01   4.7426e+01   1.8999e+00   4.0396e-02   5.6230e-03   2.5600e+02
20240415_07:00:00   1.6335e-01   4.3616e+01   1.8352e+00   3.4333e-02   8.2380e-03   2.5873e+02
20240415_08:00:00   7.0723e-02   2.2278e+01   1.4018e+00   1.1980e-03   3.6290e-04   2.5934e+02
20240415_09:00:00   5.3802e-02   1.8106e+01   1.0352e+00   1.1040e-03   8.0860e-05   2.6052e+02
20240415_10:00:00   4.1070e-02   1.4880e+01   8.0609e-01   0.0000e+00   1.7530e-06   2.5810e+02
20240415_11:00:00   3.5448e-02   1.3427e+01   6.7666e-01   0.0000e+00   0.0000e+00   2.5719e+02
20240415_12:00:00   3.3972e-02   1.3043e+01   6.4303e-01   0.0000e+00   0.0000e+00   2.5826e+02
20240415_13:00:00   3.6815e-02   1.3780e+01   7.1476e-01   0.0000e+00   0.0000e+00   2.5996e+02
20240415_14:00:00   4.2257e-02   1.5169e+01   8.6127e-01   0.0000e+00   0.0000e+00   2.5808e+02
20240415_15:00:00   5.1809e-02   1.7601e+01   1.1004e+00   0.0000e+00   0.0000e+00   2.5758e+02
20240415_16:00:00   5.5005e-02   1.8424e+01   1.1877e+00   0.0000e+00   0.0000e+00   2.5776e+02
20240415_17:00:00   6.2565e-02   2.0317e+01   1.3753e+00   0.0000e+00   0.0000e+00   2.5713e+02
20240415_18:00:00   7.4311e-02   2.3244e+01   1.6309e+00   0.0000e+00   0.0000e+00   2.5753e+02
20240415_19:00:00   7.9158e-02   2.4497e+01   1.7047e+00   0.0000e+00   0.0000e+00   2.5621e+02
20240415_20:00:00   7.4534e-02   2.3421e+01   1.5832e+00   0.0000e+00   0.0000e+00   2.5507e+02
20240415_21:00:00   6.4658e-02   2.1039e+01   1.3580e+00   0.0000e+00   0.0000e+00   2.5315e+02
20240415_22:00:00   6.1399e-02   2.0256e+01   1.2765e+00   0.0000e+00   0.0000e+00   2.5291e+02
20240415_23:00:00   5.7050e-02   1.9188e+01   1.1739e+00   0.0000e+00   0.0000e+00   2.5292e+02
20240416_00:00:00   4.2753e-02   1.5545e+01   8.5502e-01   0.0000e+00   0.0000e+00   2.5279e+02
20240416_03:00:00   3.6559e-02   1.3889e+01   7.2696e-01   0.0000e+00   0.0000e+00   2.5232e+02
20240416_06:00:00   4.5585e-02   1.6200e+01   9.7702e-01   0.0000e+00   0.0000e+00   2.5119e+02
20240416_09:00:00   4.5701e-02   1.6237e+01   9.7984e-01   0.0000e+00   0.0000e+00   2.5345e+02
20240416_12:00:00   3.9183e-02   1.4645e+01   7.7908e-01   0.0000e+00   0.0000e+00   2.5369e+02
20240416_15:00:00   3.5845e-02   1.3812e+01   6.8618e-01   0.0000e+00   0.0000e+00   2.5581e+02
20240416_18:00:00   3.7000e-02   1.4141e+01   7.0973e-01   0.0000e+00   0.0000e+00   2.5244e+02
20240416_21:00:00   3.1923e-02   1.2788e+01   5.7367e-01   0.0000e+00   0.0000e+00   2.5207e+02
20240417_00:00:00   2.8615e-02   1.1902e+01   4.8681e-01   0.0000e+00   0.0000e+00   2.5304e+02
20240417_03:00:00   2.4851e-02   1.0873e+01   3.8812e-01   0.0000e+00   0.0000e+00   2.5091e+02
20240417_06:00:00   2.3771e-02   1.0553e+01   3.6200e-01   0.0000e+00   0.0000e+00   2.5513e+02
20240417_09:00:00   2.3951e-02   1.0593e+01   3.6652e-01   0.0000e+00   0.0000e+00   2.5360e+02
20240417_12:00:00   2.3575e-02   1.0482e+01   3.5741e-01   0.0000e+00   4.4540e-05   2.5074e+02
20240417_15:00:00   2.4244e-02   1.0678e+01   3.7592e-01   0.0000e+00   0.0000e+00   2.5149e+02
20240417_18:00:00   2.7006e-02   1.1443e+01   4.4992e-01   0.0000e+00   0.0000e+00   2.5036e+02
20240417_21:00:00   2.4028e-02   1.0616e+01   3.6978e-01   0.0000e+00   0.0000e+00   2.4856e+02
20240418_00:00:00   2.6000e-02   1.1172e+01   4.1959e-01   0.0000e+00   0.0000e+00   2.4589e+02
20240418_03:00:00   2.1186e-02   9.8374e+00   2.9153e-01   0.0000e+00   0.0000e+00   2.4697e+02
20240418_06:00:00   2.0204e-02   9.5249e+00   2.7192e-01   0.0000e+00   0.0000e+00   2.4878e+02
20240418_09:00:00   2.1022e-02   9.7405e+00   2.9792e-01   0.0000e+00   0.0000e+00   2.4738e+02
20240418_12:00:00   2.2530e-02   1.0160e+01   3.4150e-01   0.0000e+00   0.0000e+00   2.4874e+02
20240418_15:00:00   3.1262e-02   1.2544e+01   5.9054e-01   0.0000e+00   0.0000e+00   2.4836e+02
20240418_18:00:00   4.2684e-02   1.5554e+01   9.1131e-01   0.0000e+00   0.0000e+00   2.4322e+02
20240418_21:00:00   4.3657e-02   1.5797e+01   9.4071e-01   0.0000e+00   7.3920e-05   2.4188e+02
20240419_00:00:00   4.1704e-02   1.5331e+01   8.7849e-01   0.0000e+00   0.0000e+00   2.4167e+02
20240419_03:00:00   3.9880e-02   1.4883e+01   8.2850e-01   0.0000e+00   0.0000e+00   2.4292e+02
20240419_06:00:00   3.8469e-02   1.4509e+01   7.8508e-01   0.0000e+00   0.0000e+00   2.4391e+02
20240419_09:00:00   3.3738e-02   1.3219e+01   6.5733e-01   0.0000e+00   0.0000e+00   2.4392e+02
20240419_12:00:00   2.7898e-02   1.1646e+01   4.9522e-01   0.0000e+00   0.0000e+00   2.4364e+02
20240419_15:00:00   2.9373e-02   1.2063e+01   5.3041e-01   0.0000e+00   0.0000e+00   2.4444e+02
20240419_18:00:00   3.4808e-02   1.3543e+01   6.7455e-01   0.0000e+00   0.0000e+00   2.4534e+02
20240419_21:00:00   3.1919e-02   1.2769e+01   5.9170e-01   0.0000e+00   0.0000e+00   2.4697e+02
20240420_00:00:00   3.3461e-02   1.3207e+01   6.2908e-01   0.0000e+00   0.0000e+00   2.4577e+02
20240420_03:00:00   3.0157e-02   1.2311e+01   5.4632e-01   0.0000e+00   0.0000e+00   2.4663e+02
20240420_06:00:00   3.1298e-02   1.2591e+01   5.8349e-01   0.0000e+00   0.0000e+00   2.4816e+02
20240420_09:00:00   3.3539e-02   1.3181e+01   6.4241e-01   0.0000e+00   0.0000e+00   2.4758e+02
20240420_12:00:00   3.1876e-02   1.2755e+01   5.9180e-01   0.0000e+00   0.0000e+00   2.4651e+02
20240420_15:00:00   3.2389e-02   1.2924e+01   6.0188e-01   0.0000e+00   0.0000e+00   2.4692e+02
20240420_18:00:00   4.0401e-02   1.5087e+01   8.0572e-01   0.0000e+00   0.0000e+00   2.4931e+02
20240420_21:00:00   3.5697e-02   1.3819e+01   6.8215e-01   0.0000e+00   0.0000e+00   2.4770e+02
20240421_00:00:00   3.2587e-02   1.2971e+01   6.0721e-01   0.0000e+00   0.0000e+00   2.4761e+02
20240421_03:00:00   2.7982e-02   1.1714e+01   4.9144e-01   0.0000e+00   0.0000e+00   2.4654e+02
20240421_06:00:00   2.6715e-02   1.1342e+01   4.6411e-01   0.0000e+00   0.0000e+00   2.4760e+02
20240421_09:00:00   2.9177e-02   1.1968e+01   5.4346e-01   0.0000e+00   0.0000e+00   2.4752e+02
20240421_12:00:00   2.9745e-02   1.2096e+01   5.6842e-01   0.0000e+00   0.0000e+00   2.4703e+02
20240421_15:00:00   3.4262e-02   1.3322e+01   6.9436e-01   0.0000e+00   0.0000e+00   2.4998e+02
20240421_18:00:00   4.3436e-02   1.5760e+01   9.4143e-01   0.0000e+00   0.0000e+00   2.5003e+02
20240421_21:00:00   4.0127e-02   1.4850e+01   8.5925e-01   0.0000e+00   0.0000e+00   2.4806e+02
20240422_00:00:00   4.0841e-02   1.5043e+01   8.8011e-01   0.0000e+00   0.0000e+00   2.4796e+02
20240422_03:00:00   3.5075e-02   1.3514e+01   7.3101e-01   0.0000e+00   0.0000e+00   2.4735e+02
20240422_06:00:00   3.3944e-02   1.3204e+01   7.0027e-01   0.0000e+00   0.0000e+00   2.4640e+02
20240422_09:00:00   3.3067e-02   1.2966e+01   6.7775e-01   0.0000e+00   0.0000e+00   2.4546e+02
20240422_12:00:00   3.2927e-02   1.2917e+01   6.7474e-01   0.0000e+00   0.0000e+00   2.4596e+02
20240422_15:00:00   3.8431e-02   1.4354e+01   8.3316e-01   0.0000e+00   4.4740e-04   2.4670e+02
20240422_18:00:00   4.2553e-02   1.5470e+01   9.3360e-01   0.0000e+00   6.3240e-05   2.4707e+02
20240422_21:00:00   4.4575e-02   1.6037e+01   9.7294e-01   0.0000e+00   0.0000e+00   2.4813e+02
20240423_00:00:00   5.0160e-02   1.7541e+01   1.1002e+00   0.0000e+00   0.0000e+00   2.4738e+02
20240423_03:00:00   3.8800e-02   1.4554e+01   8.1496e-01   0.0000e+00   0.0000e+00   2.4817e+02
20240423_06:00:00   3.7739e-02   1.4267e+01   7.8745e-01   0.0000e+00   0.0000e+00   2.4767e+02
20240423_09:00:00   3.8764e-02   1.4532e+01   8.0951e-01   0.0000e+00   0.0000e+00   2.4528e+02
20240423_12:00:00   3.9435e-02   1.4717e+01   8.2820e-01   0.0000e+00   0.0000e+00   2.4386e+02
20240423_15:00:00   4.4655e-02   1.6111e+01   9.6253e-01   0.0000e+00   0.0000e+00   2.4613e+02
20240423_18:00:00   4.8824e-02   1.7194e+01   1.0728e+00   0.0000e+00   1.9986e-05   2.4769e+02
20240423_21:00:00   5.2094e-02   1.8003e+01   1.1710e+00   0.0000e+00   2.1660e-04   2.4586e+02
20240424_00:00:00   5.1448e-02   1.7848e+01   1.1554e+00   0.0000e+00   0.0000e+00   2.4559e+02
20240424_03:00:00   4.5972e-02   1.6422e+01   1.0205e+00   0.0000e+00   0.0000e+00   2.4522e+02
20240424_06:00:00   4.3027e-02   1.5658e+01   9.3958e-01   0.0000e+00   0.0000e+00   2.4664e+02
20240424_09:00:00   4.2699e-02   1.5575e+01   9.2219e-01   0.0000e+00   0.0000e+00   2.4741e+02
20240424_12:00:00   4.4711e-02   1.6090e+01   9.6976e-01   0.0000e+00   0.0000e+00   2.4538e+02
20240424_15:00:00   4.6129e-02   1.6467e+01   1.0052e+00   0.0000e+00   0.0000e+00   2.4896e+02
20240424_18:00:00   4.8324e-02   1.7048e+01   1.0622e+00   0.0000e+00   0.0000e+00   2.5022e+02
20240424_21:00:00   5.9093e-02   1.9803e+01   1.3267e+00   0.0000e+00   0.0000e+00   2.4750e+02
20240425_00:00:00   5.5474e-02   1.8903e+01   1.2228e+00   0.0000e+00   0.0000e+00   2.4626e+02
20240425_03:00:00   4.6603e-02   1.6633e+01   9.9979e-01   0.0000e+00   0.0000e+00   2.4648e+02
20240425_06:00:00   4.4570e-02   1.6084e+01   9.4798e-01   0.0000e+00   0.0000e+00   2.4711e+02
20240425_09:00:00   4.5147e-02   1.6207e+01   9.5989e-01   0.0000e+00   0.0000e+00   2.4615e+02
20240425_12:00:00   4.2343e-02   1.5473e+01   8.8633e-01   0.0000e+00   0.0000e+00   2.4585e+02
20240425_15:00:00   4.2859e-02   1.5603e+01   9.1177e-01   0.0000e+00   0.0000e+00   2.4783e+02
20240425_18:00:00   4.5276e-02   1.6223e+01   9.9022e-01   0.0000e+00   0.0000e+00   2.4529e+02
20240425_21:00:00   5.2880e-02   1.8169e+01   1.2023e+00   0.0000e+00   9.4620e-08   2.4399e+02
20240426_00:00:00   5.6820e-02   1.9117e+01   1.3410e+00   0.0000e+00   0.0000e+00   2.4611e+02
20240426_03:00:00   5.9158e-02   1.9587e+01   1.4382e+00   0.0000e+00   0.0000e+00   2.4478e+02
20240426_06:00:00   5.8616e-02   1.9409e+01   1.4228e+00   0.0000e+00   0.0000e+00   2.4375e+02
20240426_09:00:00   6.7248e-02   2.1549e+01   1.6585e+00   0.0000e+00   0.0000e+00   2.4386e+02
20240426_12:00:00   6.8786e-02   2.1952e+01   1.6922e+00   0.0000e+00   0.0000e+00   2.4456e+02
20240426_15:00:00   8.6597e-02   2.6379e+01   2.1513e+00   0.0000e+00   1.3146e-04   2.4715e+02
20240426_18:00:00   1.1501e-01   3.3232e+01   2.8757e+00   0.0000e+00   1.8272e-03   2.4648e+02
20240426_21:00:00   1.3274e-01   3.7375e+01   3.3064e+00   0.0000e+00   2.1056e-03   2.4630e+02
20240427_00:00:00   1.3775e-01   3.8675e+01   3.3909e+00   0.0000e+00   2.2480e-03   2.4475e+02
