#            date       tau255        Tb[K]      pwv[mm] lwp[kg*m^-2] iwp[kg*m^-2]       o3[DU]
20250330_00:00:00   5.5594e-02   1.9029e+01   1.1596e+00   0.0000e+00   0.0000e+00   2.4996e+02
20250330_01:00:00   5.7151e-02   1.9430e+01   1.2057e+00   0.0000e+00   0.0000e+00   2.4987e+02
20250330_02:00:00   5.5923e-02   1.9092e+01   1.1933e+00   0.0000e+00   0.0000e+00   2.4893e+02
20250330_03:00:00   5.4876e-02   1.8788e+01   1.1946e+00   0.0000e+00   0.0000e+00   2.4686e+02
20250330_04:00:00   5.9207e-02   1.9882e+01   1.3081e+00   0.0000e+00   0.0000e+00   2.4647e+02
20250330_05:00:00   6.2235e-02   2.0637e+01   1.3845e+00   0.0000e+00   0.0000e+00   2.4677e+02
20250330_06:00:00   6.5677e-02   2.1491e+01   1.4699e+00   0.0000e+00   0.0000e+00   2.4815e+02
20250330_07:00:00   6.4934e-02   2.1290e+01   1.4560e+00   0.0000e+00   0.0000e+00   2.4923e+02
20250330_08:00:00   5.7352e-02   1.9371e+01   1.2607e+00   0.0000e+00   0.0000e+00   2.4994e+02
20250330_09:00:00   5.0997e-02   1.7759e+01   1.0907e+00   0.0000e+00   0.0000e+00   2.4937e+02
20250330_10:00:00   4.9603e-02   1.7396e+01   1.0543e+00   0.0000e+00   0.0000e+00   2.4730e+02
20250330_11:00:00   4.8706e-02   1.7159e+01   1.0325e+00   0.0000e+00   0.0000e+00   2.4756e+02
20250330_12:00:00   5.5558e-02   1.8949e+01   1.1989e+00   0.0000e+00   0.0000e+00   2.4854e+02
20250330_13:00:00   6.3403e-02   2.0951e+01   1.3858e+00   0.0000e+00   0.0000e+00   2.5126e+02
20250330_14:00:00   6.5208e-02   2.1430e+01   1.4255e+00   0.0000e+00   0.0000e+00   2.4969e+02
20250330_15:00:00   6.5938e-02   2.1628e+01   1.4379e+00   0.0000e+00   0.0000e+00   2.4733e+02
20250330_16:00:00   6.7690e-02   2.2080e+01   1.4707e+00   0.0000e+00   0.0000e+00   2.4623e+02
20250330_17:00:00   6.3183e-02   2.0952e+01   1.3542e+00   0.0000e+00   0.0000e+00   2.4351e+02
20250330_18:00:00   5.7427e-02   1.9478e+01   1.2139e+00   0.0000e+00   0.0000e+00   2.4205e+02
20250330_19:00:00   5.5523e-02   1.8977e+01   1.1671e+00   0.0000e+00   0.0000e+00   2.4109e+02
20250330_20:00:00   5.7241e-02   1.9406e+01   1.2070e+00   0.0000e+00   0.0000e+00   2.4063e+02
20250330_21:00:00   7.2644e-02   2.3279e+01   1.5681e+00   0.0000e+00   0.0000e+00   2.4239e+02
20250330_22:00:00   8.5991e-02   2.6569e+01   1.8578e+00   0.0000e+00   0.0000e+00   2.4295e+02
20250330_23:00:00   8.4149e-02   2.6115e+01   1.8048e+00   0.0000e+00   0.0000e+00   2.4395e+02
20250331_00:00:00   6.9063e-02   2.2418e+01   1.4552e+00   0.0000e+00   0.0000e+00   2.4354e+02
20250331_01:00:00   5.5646e-02   1.9039e+01   1.1388e+00   0.0000e+00   0.0000e+00   2.4583e+02
20250331_02:00:00   4.0804e-02   1.5185e+01   7.9110e-01   0.0000e+00   0.0000e+00   2.4629e+02
20250331_03:00:00   3.6155e-02   1.3942e+01   6.7726e-01   0.0000e+00   0.0000e+00   2.4476e+02
20250331_04:00:00   3.2688e-02   1.3004e+01   5.9400e-01   0.0000e+00   0.0000e+00   2.4536e+02
20250331_05:00:00   3.0231e-02   1.2332e+01   5.3616e-01   0.0000e+00   0.0000e+00   2.4500e+02
20250331_06:00:00   2.8757e-02   1.1921e+01   5.0179e-01   0.0000e+00   0.0000e+00   2.4621e+02
20250331_07:00:00   3.2050e-02   1.2816e+01   5.9128e-01   0.0000e+00   0.0000e+00   2.4790e+02
20250331_08:00:00   4.6454e-02   1.6637e+01   9.6682e-01   0.0000e+00   0.0000e+00   2.4781e+02
20250331_09:00:00   6.7525e-02   2.2026e+01   1.4878e+00   0.0000e+00   0.0000e+00   2.4587e+02
20250331_10:00:00   8.5826e-02   2.6567e+01   1.9159e+00   0.0000e+00   0.0000e+00   2.4461e+02
20250331_11:00:00   9.3063e-02   2.8360e+01   2.0740e+00   0.0000e+00   0.0000e+00   2.4233e+02
20250331_12:00:00   9.3811e-02   2.8581e+01   2.0802e+00   0.0000e+00   0.0000e+00   2.4356e+02
20250331_13:00:00   8.3751e-02   2.6121e+01   1.8523e+00   0.0000e+00   0.0000e+00   2.4588e+02
20250331_14:00:00   8.7233e-02   2.7008e+01   1.9385e+00   0.0000e+00   0.0000e+00   2.4522e+02
20250331_15:00:00   9.8751e-02   2.9802e+01   2.2393e+00   0.0000e+00   0.0000e+00   2.4617e+02
20250331_16:00:00   1.3430e-01   3.8083e+01   3.1023e+00   0.0000e+00   0.0000e+00   2.4629e+02
20250331_17:00:00   1.4028e-01   3.9538e+01   3.2332e+00   0.0000e+00   0.0000e+00   2.4529e+02
20250331_18:00:00   1.4692e-01   4.1031e+01   3.3767e+00   0.0000e+00   0.0000e+00   2.4253e+02
20250331_19:00:00   1.4706e-01   4.1018e+01   3.3741e+00   0.0000e+00   0.0000e+00   2.4456e+02
20250331_20:00:00   1.4146e-01   3.9703e+01   3.2461e+00   0.0000e+00   0.0000e+00   2.4568e+02
20250331_21:00:00   1.3002e-01   3.7066e+01   2.9629e+00   0.0000e+00   0.0000e+00   2.4628e+02
20250331_22:00:00   1.3128e-01   3.7339e+01   2.9770e+00   0.0000e+00   0.0000e+00   2.4730e+02
20250331_23:00:00   1.2428e-01   3.5709e+01   2.8063e+00   0.0000e+00   0.0000e+00   2.4696e+02
20250401_00:00:00   9.4055e-02   2.8646e+01   2.0861e+00   0.0000e+00   0.0000e+00   2.4665e+02
20250401_01:00:00   8.2729e-02   2.5894e+01   1.8284e+00   0.0000e+00   0.0000e+00   2.4769e+02
20250401_02:00:00   7.8036e-02   2.4699e+01   1.7493e+00   0.0000e+00   0.0000e+00   2.4784e+02
20250401_03:00:00   7.1772e-02   2.3115e+01   1.6151e+00   0.0000e+00   2.3660e-08   2.4685e+02
20250401_04:00:00   8.1386e-02   2.5440e+01   1.8608e+00   0.0000e+00   1.8926e-08   2.4748e+02
20250401_05:00:00   8.6178e-02   2.6601e+01   1.9742e+00   0.0000e+00   0.0000e+00   2.4740e+02
20250401_06:00:00   8.1772e-02   2.5534e+01   1.8497e+00   0.0000e+00   5.7600e-05   2.4842e+02
20250401_07:00:00   7.3241e-02   2.3431e+01   1.6207e+00   0.0000e+00   7.1080e-04   2.4930e+02
20250401_08:00:00   6.6283e-02   2.1683e+01   1.4491e+00   0.0000e+00   2.9640e-03   2.5063e+02
20250401_09:00:00   6.4859e-02   2.1305e+01   1.4218e+00   0.0000e+00   3.7080e-03   2.5117e+02
20250401_10:00:00   6.4563e-02   2.1229e+01   1.4221e+00   0.0000e+00   2.2167e-04   2.4938e+02
20250401_11:00:00   6.6851e-02   2.1788e+01   1.4796e+00   0.0000e+00   5.0800e-04   2.4814e+02
20250401_12:00:00   7.2844e-02   2.3281e+01   1.6248e+00   0.0000e+00   2.5220e-04   2.4579e+02
20250401_13:00:00   8.0617e-02   2.5204e+01   1.8033e+00   0.0000e+00   7.2260e-06   2.4539e+02
20250401_14:00:00   8.2524e-02   2.5700e+01   1.8430e+00   0.0000e+00   8.0440e-07   2.4519e+02
20250401_15:00:00   8.1535e-02   2.5469e+01   1.8190e+00   0.0000e+00   2.7920e-06   2.4601e+02
20250401_16:00:00   7.5323e-02   2.3924e+01   1.6792e+00   0.0000e+00   9.4620e-08   2.4534e+02
20250401_17:00:00   7.0236e-02   2.2654e+01   1.5587e+00   0.0000e+00   0.0000e+00   2.4572e+02
20250401_18:00:00   7.4223e-02   2.3635e+01   1.6510e+00   0.0000e+00   2.3660e-08   2.4658e+02
20250401_19:00:00   8.3239e-02   2.5848e+01   1.8539e+00   0.0000e+00   0.0000e+00   2.4734e+02
20250401_20:00:00   9.8626e-02   2.9555e+01   2.1945e+00   0.0000e+00   0.0000e+00   2.4577e+02
20250401_21:00:00   1.0809e-01   3.1783e+01   2.3960e+00   0.0000e+00   0.0000e+00   2.4514e+02
20250401_22:00:00   1.1338e-01   3.2979e+01   2.5134e+00   0.0000e+00   0.0000e+00   2.4516e+02
20250401_23:00:00   1.0868e-01   3.1838e+01   2.3882e+00   0.0000e+00   0.0000e+00   2.4620e+02
20250402_00:00:00   8.3420e-02   2.5790e+01   1.8350e+00   0.0000e+00   8.8340e-06   2.4669e+02
20250402_01:00:00   7.0701e-02   2.2633e+01   1.5629e+00   0.0000e+00   9.1240e-04   2.4662e+02
20250402_02:00:00   6.3843e-02   2.0924e+01   1.4104e+00   0.0000e+00   3.5340e-05   2.4656e+02
20250402_03:00:00   5.9006e-02   1.9712e+01   1.2848e+00   0.0000e+00   2.6960e-05   2.4771e+02
20250402_04:00:00   5.3150e-02   1.8218e+01   1.1412e+00   0.0000e+00   2.2560e-05   2.4698e+02
20250402_05:00:00   4.9414e-02   1.7290e+01   1.0373e+00   0.0000e+00   5.3860e-05   2.4552e+02
20250402_06:00:00   4.6216e-02   1.6429e+01   9.7349e-01   0.0000e+00   2.4951e-04   2.4507e+02
20250402_07:00:00   4.4101e-02   1.5876e+01   9.1835e-01   0.0000e+00   7.0340e-04   2.4499e+02
20250402_08:00:00   4.1047e-02   1.5056e+01   8.4927e-01   0.0000e+00   2.3558e-04   2.4430e+02
20250402_09:00:00   3.9977e-02   1.4732e+01   8.3930e-01   0.0000e+00   5.9620e-06   2.4541e+02
20250402_10:00:00   3.7817e-02   1.4160e+01   7.8647e-01   0.0000e+00   1.5288e-06   2.4673e+02
20250402_11:00:00   3.5314e-02   1.3503e+01   7.2037e-01   0.0000e+00   1.0588e-04   2.4799e+02
20250402_12:00:00   3.4291e-02   1.3214e+01   6.9907e-01   0.0000e+00   3.0600e-05   2.4927e+02
20250402_13:00:00   3.4373e-02   1.3245e+01   6.9961e-01   0.0000e+00   2.2700e-05   2.4801e+02
20250402_14:00:00   3.5323e-02   1.3504e+01   7.2380e-01   0.0000e+00   8.6240e-04   2.4717e+02
20250402_15:00:00   3.5383e-02   1.3542e+01   7.2192e-01   0.0000e+00   3.2160e-04   2.4710e+02
20250402_16:00:00   3.9872e-02   1.4754e+01   8.3333e-01   0.0000e+00   2.2180e-03   2.4615e+02
20250402_17:00:00   4.4274e-02   1.5889e+01   9.5265e-01   0.0000e+00   5.8060e-03   2.4488e+02
20250402_18:00:00   4.1874e-02   1.5247e+01   8.8801e-01   0.0000e+00   1.7194e-02   2.4388e+02
20250402_19:00:00   3.8687e-02   1.4416e+01   8.0226e-01   0.0000e+00   1.3994e-02   2.4423e+02
20250402_20:00:00   3.4515e-02   1.3341e+01   6.8736e-01   0.0000e+00   3.2783e-03   2.4514e+02
20250402_21:00:00   3.3594e-02   1.3095e+01   6.5888e-01   0.0000e+00   5.5459e-03   2.4490e+02
20250402_22:00:00   3.8956e-02   1.4543e+01   7.9108e-01   0.0000e+00   5.5139e-03   2.4281e+02
20250402_23:00:00   4.8706e-02   1.7112e+01   1.0312e+00   0.0000e+00   3.4898e-03   2.4395e+02
20250403_00:00:00   5.4969e-02   1.8731e+01   1.1865e+00   0.0000e+00   2.5576e-03   2.4385e+02
20250403_01:00:00   4.3716e-02   1.5866e+01   8.9660e-01   0.0000e+00   4.7660e-05   2.4307e+02
20250403_02:00:00   4.0309e-02   1.4958e+01   8.1517e-01   0.0000e+00   2.2306e-03   2.4246e+02
20250403_03:00:00   3.5842e-02   1.3760e+01   7.0541e-01   0.0000e+00   4.2456e-03   2.4066e+02
20250403_04:00:00   3.3268e-02   1.3039e+01   6.4375e-01   0.0000e+00   1.1202e-02   2.4106e+02
20250403_05:00:00   3.1429e-02   1.2554e+01   5.9648e-01   0.0000e+00   3.9701e-03   2.4233e+02
20250403_06:00:00   3.1507e-02   1.2576e+01   5.9874e-01   0.0000e+00   1.0660e-05   2.4316e+02
20250403_07:00:00   2.9865e-02   1.2150e+01   5.4757e-01   0.0000e+00   1.5534e-05   2.4474e+02
20250403_08:00:00   2.9347e-02   1.2009e+01   5.3116e-01   0.0000e+00   1.0490e-04   2.4558e+02
20250403_09:00:00   2.7793e-02   1.1567e+01   4.9452e-01   0.0000e+00   1.0778e-04   2.4573e+02
20250403_10:00:00   2.6325e-02   1.1154e+01   4.5563e-01   0.0000e+00   8.3883e-04   2.4616e+02
20250403_11:00:00   2.5426e-02   1.0874e+01   4.3831e-01   0.0000e+00   1.8670e-03   2.4681e+02
20250403_12:00:00   2.5197e-02   1.0804e+01   4.3371e-01   0.0000e+00   1.7580e-03   2.4680e+02
20250403_13:00:00   2.5661e-02   1.0923e+01   4.4648e-01   0.0000e+00   3.8001e-03   2.4634e+02
20250403_14:00:00   2.8116e-02   1.1621e+01   5.0866e-01   0.0000e+00   2.9555e-03   2.4687e+02
20250403_15:00:00   2.9719e-02   1.2082e+01   5.4699e-01   0.0000e+00   7.9756e-04   2.4607e+02
20250403_16:00:00   3.4357e-02   1.3326e+01   6.7192e-01   0.0000e+00   2.3629e-03   2.4616e+02
20250403_17:00:00   3.8978e-02   1.4589e+01   7.8545e-01   0.0000e+00   0.0000e+00   2.4555e+02
20250403_18:00:00   4.0468e-02   1.5005e+01   8.1312e-01   0.0000e+00   4.9680e-06   2.4645e+02
20250403_19:00:00   4.5756e-02   1.6372e+01   9.5184e-01   0.0000e+00   1.5346e-04   2.4660e+02
20250403_20:00:00   4.0189e-02   1.4883e+01   8.1915e-01   0.0000e+00   7.6560e-05   2.4635e+02
20250403_21:00:00   4.1631e-02   1.5277e+01   8.5296e-01   0.0000e+00   1.9506e-04   2.4630e+02
20250403_22:00:00   5.2148e-02   1.8027e+01   1.1103e+00   0.0000e+00   0.0000e+00   2.4630e+02
20250403_23:00:00   5.9554e-02   1.9931e+01   1.2811e+00   0.0000e+00   0.0000e+00   2.4668e+02
20250404_00:00:00   5.6369e-02   1.9138e+01   1.2006e+00   0.0000e+00   0.0000e+00   2.4678e+02
20250404_03:00:00   3.4877e-02   1.3515e+01   6.7590e-01   0.0000e+00   6.1060e-06   2.4657e+02
20250404_06:00:00   3.1289e-02   1.2512e+01   5.9142e-01   0.0000e+00   1.1474e-06   2.4882e+02
20250404_09:00:00   3.2650e-02   1.2831e+01   6.3759e-01   0.0000e+00   2.7580e-05   2.5140e+02
20250404_12:00:00   3.4195e-02   1.3282e+01   6.6662e-01   0.0000e+00   0.0000e+00   2.5221e+02
20250404_15:00:00   4.7661e-02   1.6812e+01   1.0273e+00   0.0000e+00   0.0000e+00   2.5004e+02
20250404_18:00:00   5.1587e-02   1.7761e+01   1.1472e+00   0.0000e+00   1.1828e-06   2.4895e+02
20250404_21:00:00   7.6413e-02   2.4020e+01   1.7524e+00   0.0000e+00   1.1828e-06   2.4821e+02
20250405_00:00:00   6.0608e-02   2.0068e+01   1.3645e+00   0.0000e+00   0.0000e+00   2.4956e+02
20250405_03:00:00   5.0837e-02   1.7575e+01   1.1291e+00   0.0000e+00   5.4160e-05   2.5101e+02
20250405_06:00:00   4.6633e-02   1.6498e+01   1.0155e+00   0.0000e+00   1.4134e-05   2.5087e+02
20250405_09:00:00   4.2286e-02   1.5343e+01   9.0056e-01   0.0000e+00   6.4040e-04   2.5279e+02
20250405_12:00:00   4.2283e-02   1.5302e+01   9.0767e-01   0.0000e+00   2.7740e-06   2.5201e+02
20250405_15:00:00   5.2759e-02   1.8029e+01   1.1719e+00   0.0000e+00   6.6900e-05   2.5029e+02
20250405_18:00:00   6.8114e-02   2.1942e+01   1.5372e+00   0.0000e+00   0.0000e+00   2.5021e+02
20250405_21:00:00   8.4797e-02   2.6042e+01   1.9219e+00   0.0000e+00   0.0000e+00   2.4915e+02
20250406_00:00:00   6.9051e-02   2.2233e+01   1.5136e+00   0.0000e+00   0.0000e+00   2.4799e+02
20250406_03:00:00   5.5434e-02   1.8877e+01   1.1682e+00   0.0000e+00   1.8926e-08   2.4753e+02
20250406_06:00:00   5.1170e-02   1.7797e+01   1.0549e+00   0.0000e+00   2.8270e-06   2.4927e+02
20250406_09:00:00   4.4372e-02   1.6030e+01   8.8522e-01   0.0000e+00   3.5700e-05   2.5183e+02
20250406_12:00:00   3.7301e-02   1.4162e+01   7.1505e-01   0.0000e+00   3.0800e-05   2.5256e+02
20250406_15:00:00   3.7919e-02   1.4335e+01   7.3863e-01   0.0000e+00   1.1828e-06   2.5042e+02
20250406_18:00:00   4.6674e-02   1.6625e+01   9.7060e-01   0.0000e+00   8.1580e-06   2.4883e+02
20250406_21:00:00   4.7330e-02   1.6786e+01   9.8454e-01   0.0000e+00   0.0000e+00   2.4867e+02
20250407_00:00:00   5.0583e-02   1.7663e+01   1.0537e+00   0.0000e+00   1.4422e-07   2.4864e+02
20250407_03:00:00   4.2927e-02   1.5638e+01   8.8420e-01   0.0000e+00   0.0000e+00   2.5025e+02
20250407_06:00:00   3.9733e-02   1.4749e+01   8.1224e-01   0.0000e+00   1.8028e-07   2.4956e+02
20250407_09:00:00   3.8337e-02   1.4306e+01   7.9104e-01   0.0000e+00   3.0820e-05   2.5017e+02
20250407_12:00:00   3.8154e-02   1.4257e+01   7.8835e-01   0.0000e+00   7.3024e-04   2.5129e+02
20250407_15:00:00   4.6189e-02   1.6344e+01   1.0119e+00   0.0000e+00   4.6383e-04   2.5019e+02
20250407_18:00:00   5.2599e-02   1.7993e+01   1.1783e+00   0.0000e+00   0.0000e+00   2.4674e+02
20250407_21:00:00   4.5253e-02   1.6063e+01   9.9215e-01   0.0000e+00   5.3190e-04   2.4679e+02
20250408_00:00:00   5.3018e-02   1.8092e+01   1.1920e+00   0.0000e+00   7.0884e-04   2.4631e+02
20250408_03:00:00   4.3055e-02   1.5517e+01   9.4318e-01   0.0000e+00   1.0557e-05   2.4450e+02
20250408_06:00:00   4.1690e-02   1.5190e+01   8.9548e-01   0.0000e+00   2.9120e-05   2.4909e+02
20250408_09:00:00   4.1075e-02   1.5016e+01   8.7973e-01   0.0000e+00   1.5532e-05   2.4688e+02
20250408_12:00:00   4.4760e-02   1.5940e+01   9.8791e-01   0.0000e+00   1.9512e-04   2.4795e+02
20250408_15:00:00   6.5310e-02   2.1188e+01   1.5310e+00   0.0000e+00   1.8390e-05   2.4811e+02
20250408_18:00:00   9.2723e-02   2.7948e+01   2.2156e+00   0.0000e+00   4.0063e-03   2.4796e+02
20250408_21:00:00   1.0268e-01   3.0285e+01   2.4638e+00   0.0000e+00   2.9995e-06   2.4661e+02
20250409_00:00:00   1.0553e-01   3.0975e+01   2.5602e+00   0.0000e+00   1.0077e-04   2.4673e+02
20250409_03:00:00   1.2199e-01   3.4748e+01   2.9879e+00   0.0000e+00   4.6160e-03   2.4781e+02
20250409_06:00:00   1.4480e-01   3.9958e+01   3.5044e+00   0.0000e+00   4.1770e-03   2.4662e+02
20250409_09:00:00   1.5794e-01   4.2862e+01   3.7625e+00   0.0000e+00   7.4659e-03   2.4715e+02
20250409_12:00:00   1.7541e-01   4.6687e+01   4.1048e+00   0.0000e+00   3.7707e-03   2.4528e+02
20250409_15:00:00   1.5614e-01   4.2586e+01   3.5767e+00   0.0000e+00   1.9072e-03   2.4751e+02
20250409_18:00:00   1.2413e-01   3.5365e+01   2.7970e+00   0.0000e+00   3.0648e-03   2.4510e+02
20250409_21:00:00   1.3139e-01   3.6943e+01   2.9272e+00   0.0000e+00   4.3121e-03   2.4264e+02
20250410_00:00:00   1.0976e-01   3.1935e+01   2.3679e+00   0.0000e+00   1.8446e-05   2.4277e+02
20250410_03:00:00   7.9844e-02   2.4849e+01   1.6871e+00   0.0000e+00   1.2474e-03   2.4491e+02
20250410_06:00:00   6.5131e-02   2.1189e+01   1.3406e+00   0.0000e+00   3.6060e-07   2.4830e+02
20250410_09:00:00   5.2050e-02   1.7878e+01   1.0312e+00   0.0000e+00   0.0000e+00   2.4712e+02
20250410_12:00:00   4.0475e-02   1.4901e+01   7.6787e-01   0.0000e+00   0.0000e+00   2.4694e+02
20250410_15:00:00   4.2361e-02   1.5399e+01   8.2521e-01   0.0000e+00   0.0000e+00   2.4893e+02
20250410_18:00:00   6.4172e-02   2.0956e+01   1.3468e+00   0.0000e+00   0.0000e+00   2.5142e+02
20250410_21:00:00   6.7573e-02   2.1792e+01   1.4355e+00   0.0000e+00   0.0000e+00   2.4982e+02
20250411_00:00:00   7.1826e-02   2.2851e+01   1.5015e+00   0.0000e+00   0.0000e+00   2.5159e+02
20250411_03:00:00   4.8076e-02   1.6919e+01   9.4998e-01   0.0000e+00   0.0000e+00   2.5355e+02
20250411_06:00:00   3.9147e-02   1.4586e+01   7.4085e-01   0.0000e+00   0.0000e+00   2.5158e+02
20250411_09:00:00   3.5166e-02   1.3518e+01   6.4647e-01   0.0000e+00   0.0000e+00   2.5285e+02
20250411_12:00:00   3.3433e-02   1.3043e+01   6.0774e-01   0.0000e+00   0.0000e+00   2.5360e+02
20250411_15:00:00   4.3998e-02   1.5837e+01   8.7335e-01   0.0000e+00   0.0000e+00   2.5381e+02
20250411_18:00:00   6.3037e-02   2.0682e+01   1.3432e+00   0.0000e+00   0.0000e+00   2.5423e+02
20250411_21:00:00   4.7696e-02   1.6784e+01   9.6541e-01   0.0000e+00   0.0000e+00   2.5376e+02
20250412_00:00:00   6.0150e-02   1.9947e+01   1.2502e+00   0.0000e+00   0.0000e+00   2.5478e+02
20250412_03:00:00   5.5203e-02   1.8685e+01   1.1565e+00   0.0000e+00   0.0000e+00   2.5650e+02
20250412_06:00:00   6.1319e-02   2.0190e+01   1.3050e+00   0.0000e+00   0.0000e+00   2.5647e+02
20250412_09:00:00   5.7851e-02   1.9290e+01   1.2270e+00   0.0000e+00   0.0000e+00   2.5805e+02
20250412_12:00:00   5.7425e-02   1.9172e+01   1.2132e+00   0.0000e+00   0.0000e+00   2.5849e+02
20250412_15:00:00   6.1840e-02   2.0301e+01   1.3329e+00   0.0000e+00   0.0000e+00   2.5802e+02
20250412_18:00:00   1.0858e-01   3.1532e+01   2.4782e+00   0.0000e+00   0.0000e+00   2.5831e+02
20250412_21:00:00   1.2836e-01   3.5953e+01   2.9769e+00   0.0000e+00   0.0000e+00   2.5819e+02
20250413_00:00:00   1.2621e-01   3.5496e+01   2.8831e+00   0.0000e+00   0.0000e+00   2.6144e+02
20250413_03:00:00   1.3678e-01   3.7854e+01   3.1648e+00   0.0000e+00   0.0000e+00   2.6310e+02
20250413_06:00:00   1.4133e-01   3.9013e+01   3.1884e+00   0.0000e+00   0.0000e+00   2.6112e+02
20250413_09:00:00   1.3202e-01   3.6932e+01   2.9530e+00   0.0000e+00   9.2740e-06   2.6263e+02
20250413_12:00:00   1.1099e-01   3.2066e+01   2.5014e+00   0.0000e+00   0.0000e+00   2.6034e+02
20250413_15:00:00   1.0634e-01   3.1014e+01   2.4177e+00   0.0000e+00   0.0000e+00   2.6036e+02
20250413_18:00:00   1.4342e-01   3.9469e+01   3.3281e+00   0.0000e+00   3.7266e-04   2.5970e+02
20250413_21:00:00   1.4750e-01   4.0407e+01   3.3881e+00   0.0000e+00   0.0000e+00   2.5948e+02
20250414_00:00:00   1.4518e-01   3.9937e+01   3.2679e+00   0.0000e+00   0.0000e+00   2.5923e+02
20250414_03:00:00   1.2405e-01   3.5264e+01   2.7829e+00   0.0000e+00   0.0000e+00   2.6118e+02
20250414_06:00:00   1.1885e-01   3.4063e+01   2.6347e+00   0.0000e+00   0.0000e+00   2.6248e+02
20250414_09:00:00   1.2191e-01   3.4783e+01   2.6782e+00   0.0000e+00   0.0000e+00   2.6061e+02
20250414_12:00:00   9.9344e-02   2.9541e+01   2.1668e+00   0.0000e+00   0.0000e+00   2.5919e+02
20250414_15:00:00   1.0478e-01   3.0800e+01   2.3555e+00   0.0000e+00   0.0000e+00   2.6002e+02
20250414_18:00:00   1.4594e-01   4.0213e+01   3.3730e+00   0.0000e+00   2.1794e-05   2.5674e+02
20250414_21:00:00   1.5603e-01   4.2299e+01   3.6222e+00   0.0000e+00   2.2020e-05   2.5716e+02
20250415_00:00:00   1.4417e-01   3.9829e+01   3.3150e+00   0.0000e+00   0.0000e+00   2.5716e+02
