#            date       tau255        Tb[K]      pwv[mm] lwp[kg*m^-2] iwp[kg*m^-2]       o3[DU]
20211122_00:00:00   1.6082e-01   4.5551e+01   3.3650e+00   0.0000e+00   2.5048e-03   2.7274e+02
20211122_01:00:00   1.7212e-01   4.8087e+01   3.6281e+00   0.0000e+00   8.1543e-03   2.7370e+02
20211122_02:00:00   1.7483e-01   4.8759e+01   3.6635e+00   0.0000e+00   5.9850e-03   2.7480e+02
20211122_03:00:00   1.8234e-01   5.0377e+01   3.8513e+00   0.0000e+00   1.9059e-02   2.7549e+02
20211122_04:00:00   1.8804e-01   5.1675e+01   3.9752e+00   0.0000e+00   1.5525e-02   2.7611e+02
20211122_05:00:00   1.8866e-01   5.1875e+01   3.9573e+00   0.0000e+00   6.8301e-03   2.7570e+02
20211122_06:00:00   1.8329e-01   5.0670e+01   3.8257e+00   0.0000e+00   4.1679e-03   2.7463e+02
20211122_07:00:00   1.7808e-01   4.9423e+01   3.7163e+00   0.0000e+00   3.1796e-03   2.7476e+02
20211122_08:00:00   1.7488e-01   4.8605e+01   3.6669e+00   0.0000e+00   4.1344e-03   2.7544e+02
20211122_09:00:00   1.6801e-01   4.6972e+01   3.5314e+00   0.0000e+00   1.5410e-03   2.7519e+02
20211122_10:00:00   1.6526e-01   4.6200e+01   3.5135e+00   0.0000e+00   4.4634e-03   2.7515e+02
20211122_11:00:00   1.6098e-01   4.5200e+01   3.4150e+00   0.0000e+00   5.5714e-03   2.7440e+02
20211122_12:00:00   1.5743e-01   4.4339e+01   3.3462e+00   0.0000e+00   4.4777e-03   2.7295e+02
20211122_13:00:00   1.5114e-01   4.2916e+01   3.1928e+00   0.0000e+00   3.0209e-03   2.7247e+02
20211122_14:00:00   1.4979e-01   4.2555e+01   3.1839e+00   0.0000e+00   5.2851e-03   2.7116e+02
20211122_15:00:00   1.5258e-01   4.3169e+01   3.2668e+00   0.0000e+00   1.0110e-02   2.6998e+02
20211122_16:00:00   1.5127e-01   4.2897e+01   3.2335e+00   0.0000e+00   1.3497e-02   2.7035e+02
20211122_17:00:00   1.4945e-01   4.2551e+01   3.1695e+00   0.0000e+00   2.8489e-02   2.7012e+02
20211122_18:00:00   1.5516e-01   4.3866e+01   3.3151e+00   0.0000e+00   3.4931e-02   2.6920e+02
20211122_19:00:00   1.6243e-01   4.5572e+01   3.4891e+00   0.0000e+00   2.0789e-02   2.6907e+02
20211122_20:00:00   1.7051e-01   4.7490e+01   3.6767e+00   0.0000e+00   1.4227e-02   2.6948e+02
20211122_21:00:00   1.8657e-01   5.1203e+01   4.0435e+00   0.0000e+00   5.4395e-03   2.7030e+02
20211122_22:00:00   2.0413e-01   5.5216e+01   4.4292e+00   0.0000e+00   1.1616e-03   2.7097e+02
20211122_23:00:00   2.1141e-01   5.6910e+01   4.5519e+00   0.0000e+00   0.0000e+00   2.7071e+02
20211123_00:00:00   2.1307e-01   5.7310e+01   4.5754e+00   0.0000e+00   0.0000e+00   2.7010e+02
20211123_01:00:00   2.1940e-01   5.8642e+01   4.7210e+00   0.0000e+00   0.0000e+00   2.6957e+02
20211123_02:00:00   2.2018e-01   5.8665e+01   4.7864e+00   0.0000e+00   7.4954e-04   2.6938e+02
20211123_03:00:00   2.1703e-01   5.7678e+01   4.8044e+00   0.0000e+00   1.2408e-03   2.6932e+02
20211123_04:00:00   2.0100e-01   5.3769e+01   4.5409e+00   0.0000e+00   1.6870e-03   2.6844e+02
20211123_05:00:00   1.8397e-01   4.9555e+01   4.2361e+00   0.0000e+00   3.3994e-03   2.6688e+02
20211123_06:00:00   1.7562e-01   4.7355e+01   4.0982e+00   0.0000e+00   7.9804e-03   2.6731e+02
20211123_07:00:00   1.7797e-01   4.7799e+01   4.1683e+00   0.0000e+00   4.7762e-03   2.6878e+02
20211123_08:00:00   1.8375e-01   4.9234e+01   4.2647e+00   0.0000e+00   5.7430e-03   2.6877e+02
20211123_09:00:00   1.9285e-01   5.1642e+01   4.3801e+00   0.0000e+00   4.5240e-03   2.6952e+02
20211123_10:00:00   2.0339e-01   5.4249e+01   4.5443e+00   0.0000e+00   1.3090e-03   2.7054e+02
20211123_11:00:00   2.1340e-01   5.6558e+01   4.7463e+00   0.0000e+00   6.8574e-04   2.7147e+02
20211123_12:00:00   2.2607e-01   5.9295e+01   5.0503e+00   0.0000e+00   1.9705e-03   2.7160e+02
20211123_13:00:00   2.3615e-01   6.1515e+01   5.2855e+00   0.0000e+00   3.0052e-03   2.7133e+02
20211123_14:00:00   2.4731e-01   6.3874e+01   5.5647e+00   0.0000e+00   5.7727e-03   2.7055e+02
20211123_15:00:00   2.5246e-01   6.5041e+01   5.6569e+00   0.0000e+00   4.3192e-03   2.7012e+02
20211123_16:00:00   2.5648e-01   6.5976e+01   5.7522e+00   0.0000e+00   1.7325e-03   2.7069e+02
20211123_17:00:00   2.6103e-01   6.6958e+01   5.8658e+00   0.0000e+00   3.6751e-04   2.7052e+02
20211123_18:00:00   2.6482e-01   6.7705e+01   5.9783e+00   0.0000e+00   1.5292e-04   2.7043e+02
20211123_19:00:00   2.6869e-01   6.8410e+01   6.1043e+00   0.0000e+00   1.1529e-03   2.7002e+02
20211123_20:00:00   2.7822e-01   7.0319e+01   6.3280e+00   0.0000e+00   8.2380e-04   2.6931e+02
20211123_21:00:00   2.9827e-01   7.4439e+01   6.7535e+00   0.0000e+00   0.0000e+00   2.6803e+02
20211123_22:00:00   3.2924e-01   8.0617e+01   7.4245e+00   0.0000e+00   0.0000e+00   2.6790e+02
20211123_23:00:00   3.6469e-01   8.7521e+01   8.1363e+00   0.0000e+00   1.6462e-04   2.6883e+02
20211124_00:00:00   3.8910e-01   9.2176e+01   8.6124e+00   0.0000e+00   6.3820e-06   2.7044e+02
20211124_01:00:00   3.9732e-01   9.3743e+01   8.7401e+00   0.0000e+00   6.2810e-06   2.7105e+02
20211124_02:00:00   3.7275e-01   8.9284e+01   8.1943e+00   0.0000e+00   5.9175e-04   2.7086e+02
20211124_03:00:00   3.3334e-01   8.1758e+01   7.3257e+00   0.0000e+00   6.1800e-06   2.7056e+02
20211124_04:00:00   2.8276e-01   7.1548e+01   6.2486e+00   0.0000e+00   9.5720e-06   2.7219e+02
20211124_05:00:00   2.4672e-01   6.3806e+01   5.4983e+00   0.0000e+00   6.3623e-05   2.7342e+02
20211124_06:00:00   2.2377e-01   5.8658e+01   5.0128e+00   0.0000e+00   1.5076e-04   2.7546e+02
20211124_07:00:00   2.2261e-01   5.8176e+01   5.0273e+00   0.0000e+00   3.6439e-03   2.7636e+02
20211124_08:00:00   2.2358e-01   5.8269e+01   5.0567e+00   0.0000e+00   1.3044e-02   2.7836e+02
20211124_09:00:00   2.0948e-01   5.5410e+01   4.6714e+00   0.0000e+00   1.2585e-03   2.7718e+02
20211124_10:00:00   1.9201e-01   5.1587e+01   4.2662e+00   0.0000e+00   3.2165e-04   2.7558e+02
20211124_11:00:00   1.7773e-01   4.8475e+01   3.9203e+00   0.0000e+00   1.7484e-04   2.7731e+02
20211124_12:00:00   1.6886e-01   4.6581e+01   3.6894e+00   0.0000e+00   6.1800e-06   2.7764e+02
20211124_13:00:00   1.6111e-01   4.4947e+01   3.4783e+00   0.0000e+00   3.8540e-06   2.7736e+02
20211124_14:00:00   1.5452e-01   4.3540e+01   3.2982e+00   0.0000e+00   1.9266e-05   2.7642e+02
20211124_15:00:00   1.4921e-01   4.2378e+01   3.1674e+00   0.0000e+00   2.7960e-04   2.7578e+02
20211124_16:00:00   1.4522e-01   4.1563e+01   3.0485e+00   0.0000e+00   4.6440e-04   2.7457e+02
20211124_17:00:00   1.4641e-01   4.1961e+01   3.0608e+00   0.0000e+00   3.8540e-05   2.7272e+02
20211124_18:00:00   1.4917e-01   4.2704e+01   3.1122e+00   0.0000e+00   3.1080e-04   2.7231e+02
20211124_19:00:00   1.5242e-01   4.3575e+01   3.1659e+00   0.0000e+00   6.7796e-04   2.7228e+02
20211124_20:00:00   1.6007e-01   4.5532e+01   3.2943e+00   0.0000e+00   2.2020e-04   2.7149e+02
20211124_21:00:00   1.7386e-01   4.8898e+01   3.5387e+00   0.0000e+00   1.5122e-04   2.7278e+02
20211124_22:00:00   1.9213e-01   5.3163e+01   3.8849e+00   0.0000e+00   3.0820e-05   2.7336e+02
20211124_23:00:00   1.9562e-01   5.4015e+01   3.9212e+00   0.0000e+00   0.0000e+00   2.7300e+02
20211125_00:00:00   1.8911e-01   5.2502e+01   3.7961e+00   0.0000e+00   0.0000e+00   2.7281e+02
20211125_01:00:00   1.8711e-01   5.1986e+01   3.7640e+00   0.0000e+00   0.0000e+00   2.7245e+02
20211125_02:00:00   1.7827e-01   4.9958e+01   3.5716e+00   0.0000e+00   0.0000e+00   2.7238e+02
20211125_03:00:00   1.7173e-01   4.8406e+01   3.4419e+00   0.0000e+00   0.0000e+00   2.7333e+02
20211125_04:00:00   1.6005e-01   4.5667e+01   3.1959e+00   0.0000e+00   0.0000e+00   2.7313e+02
20211125_05:00:00   1.6013e-01   4.5589e+01   3.2015e+00   0.0000e+00   0.0000e+00   2.7238e+02
20211125_06:00:00   1.6151e-01   4.5882e+01   3.2157e+00   0.0000e+00   0.0000e+00   2.7203e+02
20211125_07:00:00   1.5960e-01   4.5417e+01   3.1689e+00   0.0000e+00   0.0000e+00   2.7120e+02
20211125_08:00:00   1.5659e-01   4.4695e+01   3.1055e+00   0.0000e+00   0.0000e+00   2.6974e+02
20211125_09:00:00   1.4860e-01   4.2760e+01   2.9602e+00   0.0000e+00   0.0000e+00   2.6896e+02
20211125_10:00:00   1.4158e-01   4.1050e+01   2.8224e+00   0.0000e+00   0.0000e+00   2.6892e+02
20211125_11:00:00   1.3219e-01   3.8777e+01   2.6355e+00   0.0000e+00   0.0000e+00   2.7149e+02
20211125_12:00:00   1.2401e-01   3.6799e+01   2.4644e+00   0.0000e+00   0.0000e+00   2.7208e+02
20211125_13:00:00   1.1776e-01   3.5255e+01   2.3423e+00   0.0000e+00   1.1560e-05   2.7076e+02
20211125_14:00:00   1.1829e-01   3.5375e+01   2.3616e+00   0.0000e+00   7.7070e-06   2.7131e+02
20211125_15:00:00   1.2190e-01   3.6286e+01   2.4393e+00   0.0000e+00   4.1620e-04   2.7296e+02
20211125_16:00:00   1.2494e-01   3.7077e+01   2.5081e+00   0.0000e+00   1.1534e-03   2.7181e+02
20211125_17:00:00   1.3001e-01   3.8376e+01   2.6166e+00   0.0000e+00   5.3057e-04   2.7044e+02
20211125_18:00:00   1.3551e-01   3.9758e+01   2.7388e+00   0.0000e+00   2.7314e-03   2.7102e+02
20211125_19:00:00   1.4558e-01   4.2274e+01   2.9389e+00   0.0000e+00   1.0536e-04   2.7056e+02
20211125_20:00:00   1.4965e-01   4.3241e+01   3.0344e+00   0.0000e+00   9.1641e-04   2.7056e+02
20211125_21:00:00   1.3952e-01   4.0760e+01   2.8324e+00   0.0000e+00   5.2764e-03   2.6980e+02
20211125_22:00:00   1.2549e-01   3.7275e+01   2.5383e+00   0.0000e+00   1.0762e-03   2.6919e+02
20211125_23:00:00   1.0837e-01   3.2960e+01   2.1760e+00   0.0000e+00   3.6678e-03   2.6921e+02
20211126_00:00:00   9.0092e-02   2.8253e+01   1.7841e+00   0.0000e+00   3.2685e-03   2.6925e+02
20211126_01:00:00   7.5005e-02   2.4354e+01   1.4426e+00   0.0000e+00   3.1960e-04   2.6832e+02
20211126_02:00:00   6.8052e-02   2.2490e+01   1.2922e+00   0.0000e+00   6.5202e-05   2.6746e+02
20211126_03:00:00   6.6877e-02   2.2130e+01   1.2757e+00   0.0000e+00   1.8668e-03   2.6866e+02
20211126_04:00:00   6.8130e-02   2.2494e+01   1.2927e+00   0.0000e+00   0.0000e+00   2.6953e+02
20211126_05:00:00   7.3052e-02   2.3808e+01   1.3903e+00   0.0000e+00   6.9500e-05   2.6899e+02
20211126_06:00:00   8.1060e-02   2.5890e+01   1.5555e+00   0.0000e+00   3.1780e-04   2.6820e+02
20211126_07:00:00   9.1166e-02   2.8482e+01   1.7677e+00   0.0000e+00   1.0318e-03   2.6769e+02
20211126_08:00:00   9.9632e-02   3.0621e+01   1.9431e+00   0.0000e+00   4.0440e-04   2.6838e+02
20211126_09:00:00   1.0552e-01   3.2059e+01   2.0779e+00   0.0000e+00   2.2198e-03   2.6874e+02
20211126_10:00:00   1.0757e-01   3.2551e+01   2.1358e+00   0.0000e+00   7.4964e-04   2.6946e+02
20211126_11:00:00   1.0556e-01   3.2116e+01   2.0839e+00   0.0000e+00   6.1800e-06   2.6786e+02
20211126_12:00:00   1.0623e-01   3.2295e+01   2.0995e+00   0.0000e+00   0.0000e+00   2.6681e+02
20211126_13:00:00   1.0231e-01   3.1346e+01   2.0133e+00   0.0000e+00   0.0000e+00   2.6646e+02
20211126_14:00:00   1.0055e-01   3.0993e+01   1.9594e+00   0.0000e+00   0.0000e+00   2.6694e+02
20211126_15:00:00   1.0469e-01   3.2103e+01   2.0376e+00   0.0000e+00   0.0000e+00   2.6664e+02
20211126_16:00:00   1.1600e-01   3.4981e+01   2.2788e+00   0.0000e+00   0.0000e+00   2.6711e+02
20211126_17:00:00   1.2363e-01   3.6936e+01   2.4472e+00   0.0000e+00   0.0000e+00   2.6648e+02
20211126_18:00:00   1.4123e-01   4.1302e+01   2.8275e+00   0.0000e+00   0.0000e+00   2.6575e+02
20211126_19:00:00   1.6053e-01   4.5992e+01   3.2327e+00   0.0000e+00   0.0000e+00   2.6464e+02
20211126_20:00:00   1.7362e-01   4.9079e+01   3.5150e+00   0.0000e+00   0.0000e+00   2.6526e+02
20211126_21:00:00   1.7943e-01   5.0412e+01   3.6467e+00   0.0000e+00   3.8540e-06   2.6604e+02
20211126_22:00:00   1.7352e-01   4.8979e+01   3.5271e+00   0.0000e+00   0.0000e+00   2.6587e+02
20211126_23:00:00   1.5929e-01   4.5524e+01   3.2369e+00   0.0000e+00   1.0328e-04   2.6626e+02
20211127_00:00:00   1.4457e-01   4.1960e+01   2.9175e+00   0.0000e+00   1.7338e-05   2.6644e+02
20211127_03:00:00   1.3908e-01   4.0612e+01   2.7741e+00   0.0000e+00   4.9458e-04   2.6682e+02
20211127_06:00:00   1.6110e-01   4.5816e+01   3.2289e+00   0.0000e+00   1.7378e-05   2.7038e+02
20211127_09:00:00   1.5122e-01   4.3318e+01   3.0455e+00   0.0000e+00   7.6580e-05   2.7342e+02
20211127_12:00:00   1.1727e-01   3.4860e+01   2.4124e+00   0.0000e+00   1.2216e-03   2.7174e+02
20211127_15:00:00   1.1529e-01   3.4304e+01   2.4034e+00   0.0000e+00   0.0000e+00   2.7047e+02
20211127_18:00:00   1.4741e-01   4.2253e+01   3.1114e+00   0.0000e+00   8.4040e-04   2.7174e+02
20211127_21:00:00   2.0629e-01   5.5793e+01   4.3713e+00   0.0000e+00   0.0000e+00   2.7347e+02
20211128_00:00:00   2.2842e-01   6.0702e+01   4.8147e+00   0.0000e+00   3.9299e-05   2.7181e+02
20211128_03:00:00   2.2882e-01   6.0464e+01   4.8816e+00   0.0000e+00   0.0000e+00   2.7310e+02
20211128_06:00:00   1.6305e-01   4.5334e+01   3.4856e+00   0.0000e+00   0.0000e+00   2.7616e+02
20211128_09:00:00   9.3157e-02   2.8708e+01   1.8409e+00   0.0000e+00   0.0000e+00   2.7716e+02
20211128_12:00:00   7.7512e-02   2.4914e+01   1.4390e+00   0.0000e+00   0.0000e+00   2.8045e+02
20211128_15:00:00   8.8873e-02   2.8176e+01   1.6020e+00   0.0000e+00   0.0000e+00   2.8021e+02
20211128_18:00:00   1.0725e-01   3.2898e+01   2.0274e+00   0.0000e+00   0.0000e+00   2.7901e+02
20211128_21:00:00   1.5233e-01   4.3884e+01   3.0060e+00   0.0000e+00   0.0000e+00   2.8157e+02
20211129_00:00:00   1.4169e-01   4.1368e+01   2.7716e+00   0.0000e+00   1.6218e-04   2.8041e+02
20211129_03:00:00   1.5725e-01   4.5060e+01   3.0915e+00   0.0000e+00   1.0796e-05   2.7845e+02
20211129_06:00:00   1.5246e-01   4.3814e+01   2.9670e+00   0.0000e+00   0.0000e+00   2.7956e+02
20211129_09:00:00   1.4305e-01   4.1355e+01   2.7854e+00   0.0000e+00   0.0000e+00   2.7865e+02
20211129_12:00:00   1.3242e-01   3.8756e+01   2.5610e+00   0.0000e+00   0.0000e+00   2.7785e+02
20211129_15:00:00   1.2474e-01   3.6868e+01   2.4383e+00   0.0000e+00   0.0000e+00   2.7869e+02
20211129_18:00:00   1.4566e-01   4.1985e+01   2.9325e+00   0.0000e+00   0.0000e+00   2.7738e+02
20211129_21:00:00   1.7942e-01   4.9981e+01   3.6556e+00   0.0000e+00   0.0000e+00   2.7659e+02
20211130_00:00:00   1.7822e-01   4.9676e+01   3.6105e+00   0.0000e+00   0.0000e+00   2.7650e+02
20211130_03:00:00   1.9137e-01   5.2553e+01   3.8759e+00   0.0000e+00   0.0000e+00   2.7675e+02
20211130_06:00:00   1.9588e-01   5.3346e+01   3.9789e+00   0.0000e+00   0.0000e+00   2.7409e+02
20211130_09:00:00   1.8221e-01   5.0105e+01   3.6925e+00   0.0000e+00   3.0900e-06   2.7540e+02
20211130_12:00:00   1.6944e-01   4.7129e+01   3.4619e+00   0.0000e+00   4.9543e-04   2.7770e+02
20211130_15:00:00   1.7086e-01   4.7494e+01   3.5535e+00   0.0000e+00   5.6240e-04   2.7537e+02
20211130_18:00:00   1.8330e-01   5.0610e+01   3.8191e+00   0.0000e+00   0.0000e+00   2.7259e+02
20211130_21:00:00   2.0615e-01   5.5923e+01   4.2961e+00   0.0000e+00   5.1130e-04   2.7152e+02
20211201_00:00:00   1.9930e-01   5.4280e+01   4.1322e+00   0.0000e+00   1.7066e-04   2.6998e+02
20211201_03:00:00   1.7817e-01   4.9439e+01   3.6904e+00   0.0000e+00   3.4399e-05   2.6996e+02
20211201_06:00:00   1.6766e-01   4.6936e+01   3.4608e+00   0.0000e+00   1.7536e-04   2.7105e+02
20211201_09:00:00   1.7054e-01   4.7371e+01   3.5742e+00   0.0000e+00   6.2439e-04   2.6949e+02
20211201_12:00:00   1.5111e-01   4.2774e+01   3.1983e+00   0.0000e+00   7.5280e-05   2.7113e+02
20211201_15:00:00   1.5069e-01   4.2621e+01   3.2521e+00   0.0000e+00   8.4400e-04   2.7069e+02
20211201_18:00:00   1.7746e-01   4.8977e+01   3.8803e+00   0.0000e+00   4.5980e-03   2.7119e+02
20211201_21:00:00   1.8136e-01   4.9941e+01   3.9777e+00   0.0000e+00   2.2565e-04   2.7103e+02
20211202_00:00:00   1.4939e-01   4.2307e+01   3.2898e+00   0.0000e+00   0.0000e+00   2.7047e+02
20211202_03:00:00   1.2490e-01   3.6319e+01   2.7396e+00   0.0000e+00   0.0000e+00   2.7102e+02
20211202_06:00:00   1.3286e-01   3.8457e+01   2.8081e+00   0.0000e+00   0.0000e+00   2.7358e+02
20211202_09:00:00   1.5816e-01   4.4533e+01   3.3124e+00   0.0000e+00   0.0000e+00   2.7511e+02
20211202_12:00:00   1.5714e-01   4.4261e+01   3.3035e+00   0.0000e+00   2.5780e-04   2.7618e+02
20211202_15:00:00   1.6292e-01   4.5791e+01   3.4264e+00   0.0000e+00   0.0000e+00   2.7444e+02
20211202_18:00:00   2.0284e-01   5.5213e+01   4.2891e+00   0.0000e+00   0.0000e+00   2.7276e+02
20211202_21:00:00   2.4745e-01   6.5059e+01   5.2455e+00   0.0000e+00   0.0000e+00   2.7466e+02
20211203_00:00:00   2.1243e-01   5.7201e+01   4.5335e+00   0.0000e+00   0.0000e+00   2.7409e+02
20211203_03:00:00   1.8316e-01   5.0464e+01   3.8981e+00   0.0000e+00   0.0000e+00   2.7213e+02
20211203_06:00:00   2.1483e-01   5.7520e+01   4.5561e+00   0.0000e+00   0.0000e+00   2.7211e+02
20211203_09:00:00   2.1924e-01   5.8305e+01   4.7128e+00   0.0000e+00   3.8540e-06   2.7302e+02
20211203_12:00:00   1.9278e-01   5.2268e+01   4.1854e+00   0.0000e+00   0.0000e+00   2.7157e+02
20211203_15:00:00   1.9337e-01   5.2413e+01   4.2298e+00   0.0000e+00   0.0000e+00   2.7208e+02
20211203_18:00:00   2.4307e-01   6.3759e+01   5.2949e+00   0.0000e+00   0.0000e+00   2.7149e+02
20211203_21:00:00   2.1137e-01   5.6878e+01   4.5952e+00   0.0000e+00   0.0000e+00   2.7127e+02
20211204_00:00:00   1.5135e-01   4.2895e+01   3.2685e+00   0.0000e+00   0.0000e+00   2.7078e+02
20211204_03:00:00   1.6281e-01   4.5624e+01   3.4806e+00   0.0000e+00   0.0000e+00   2.6749e+02
20211204_06:00:00   2.2661e-01   6.0153e+01   4.7992e+00   0.0000e+00   0.0000e+00   2.6782e+02
20211204_09:00:00   2.3506e-01   6.1803e+01   5.0153e+00   0.0000e+00   0.0000e+00   2.6837e+02
20211204_12:00:00   2.1927e-01   5.8301e+01   4.7029e+00   0.0000e+00   0.0000e+00   2.6902e+02
20211204_15:00:00   2.0645e-01   5.5538e+01   4.4351e+00   0.0000e+00   0.0000e+00   2.7005e+02
20211204_18:00:00   2.5028e-01   6.5216e+01   5.4085e+00   0.0000e+00   0.0000e+00   2.6981e+02
20211204_21:00:00   3.0706e-01   7.6958e+01   6.5916e+00   0.0000e+00   0.0000e+00   2.6817e+02
20211205_00:00:00   3.1407e-01   7.8199e+01   6.6960e+00   0.0000e+00   0.0000e+00   2.6720e+02
20211205_03:00:00   3.1065e-01   7.7447e+01   6.6283e+00   0.0000e+00   0.0000e+00   2.6844e+02
20211205_06:00:00   2.5829e-01   6.6298e+01   5.5820e+00   0.0000e+00   0.0000e+00   2.6778e+02
20211205_09:00:00   2.0090e-01   5.3727e+01   4.3664e+00   0.0000e+00   0.0000e+00   2.7084e+02
20211205_12:00:00   1.9878e-01   5.3354e+01   4.3031e+00   0.0000e+00   0.0000e+00   2.6982e+02
20211205_15:00:00   2.2806e-01   5.9917e+01   4.9587e+00   0.0000e+00   0.0000e+00   2.7098e+02
20211205_18:00:00   2.6182e-01   6.7314e+01   5.6710e+00   0.0000e+00   0.0000e+00   2.6735e+02
20211205_21:00:00   2.9985e-01   7.5111e+01   6.4409e+00   0.0000e+00   3.8540e-06   2.6741e+02
20211206_00:00:00   3.0360e-01   7.5715e+01   6.5671e+00   0.0000e+00   7.3560e-05   2.6954e+02
20211206_03:00:00   2.5157e-01   6.4964e+01   5.4415e+00   0.0000e+00   9.8680e-05   2.6873e+02
20211206_06:00:00   2.2998e-01   6.0153e+01   4.9719e+00   0.0000e+00   0.0000e+00   2.6784e+02
20211206_09:00:00   2.3109e-01   6.0500e+01   4.9478e+00   0.0000e+00   0.0000e+00   2.7083e+02
20211206_12:00:00   2.2784e-01   6.0092e+01   4.7227e+00   0.0000e+00   0.0000e+00   2.7290e+02
20211206_15:00:00   2.0931e-01   5.6327e+01   4.2427e+00   0.0000e+00   0.0000e+00   2.7125e+02
20211206_18:00:00   2.1341e-01   5.7541e+01   4.3237e+00   0.0000e+00   0.0000e+00   2.7064e+02
20211206_21:00:00   2.4781e-01   6.5056e+01   4.9967e+00   0.0000e+00   0.0000e+00   2.6982e+02
20211207_00:00:00   2.7928e-01   7.1524e+01   5.5852e+00   0.0000e+00   0.0000e+00   2.6977e+02
20211207_03:00:00   2.2559e-01   6.0167e+01   4.4945e+00   0.0000e+00   0.0000e+00   2.6833e+02
20211207_06:00:00   1.9174e-01   5.2592e+01   3.7804e+00   0.0000e+00   0.0000e+00   2.6665e+02
20211207_09:00:00   1.8088e-01   5.0038e+01   3.5711e+00   0.0000e+00   0.0000e+00   2.6732e+02
20211207_12:00:00   1.7801e-01   4.9469e+01   3.4797e+00   0.0000e+00   0.0000e+00   2.6984e+02
20211207_15:00:00   1.9031e-01   5.2397e+01   3.7329e+00   0.0000e+00   0.0000e+00   2.6839e+02
20211207_18:00:00   2.2511e-01   6.0338e+01   4.4616e+00   0.0000e+00   0.0000e+00   2.6719e+02
20211207_21:00:00   2.6526e-01   6.8896e+01   5.2533e+00   0.0000e+00   0.0000e+00   2.6676e+02
20211208_00:00:00   2.6538e-01   6.8848e+01   5.2310e+00   0.0000e+00   0.0000e+00   2.6546e+02
