#            date       tau255        Tb[K]      pwv[mm] lwp[kg*m^-2] iwp[kg*m^-2]       o3[DU]
20231111_06:00:00   2.1539e-01   5.8076e+01   4.3104e+00   0.0000e+00   0.0000e+00   2.9142e+02
20231111_07:00:00   2.1294e-01   5.7451e+01   4.2548e+00   0.0000e+00   0.0000e+00   2.8928e+02
20231111_08:00:00   2.1198e-01   5.7205e+01   4.2259e+00   0.0000e+00   0.0000e+00   2.8773e+02
20231111_09:00:00   2.1907e-01   5.8791e+01   4.3556e+00   0.0000e+00   0.0000e+00   2.8645e+02
20231111_10:00:00   2.4109e-01   6.3645e+01   4.7666e+00   0.0000e+00   0.0000e+00   2.8678e+02
20231111_11:00:00   2.6672e-01   6.9174e+01   5.2458e+00   0.0000e+00   0.0000e+00   2.8852e+02
20231111_12:00:00   2.6219e-01   6.8336e+01   5.1443e+00   0.0000e+00   0.0000e+00   2.8817e+02
20231111_13:00:00   2.7270e-01   7.0543e+01   5.3536e+00   0.0000e+00   0.0000e+00   2.8720e+02
20231111_14:00:00   2.6688e-01   6.9364e+01   5.2720e+00   0.0000e+00   0.0000e+00   2.8550e+02
20231111_15:00:00   2.7037e-01   7.0045e+01   5.3791e+00   0.0000e+00   0.0000e+00   2.8433e+02
20231111_16:00:00   2.7107e-01   7.0180e+01   5.4113e+00   0.0000e+00   0.0000e+00   2.8319e+02
20231111_17:00:00   2.5146e-01   6.6062e+01   5.0375e+00   0.0000e+00   0.0000e+00   2.8351e+02
20231111_18:00:00   2.2054e-01   5.9351e+01   4.4357e+00   0.0000e+00   0.0000e+00   2.8296e+02
20231111_19:00:00   1.8227e-01   5.0744e+01   3.6626e+00   0.0000e+00   0.0000e+00   2.8246e+02
20231111_20:00:00   1.7156e-01   4.8200e+01   3.4641e+00   0.0000e+00   0.0000e+00   2.8288e+02
20231111_21:00:00   1.7496e-01   4.9006e+01   3.5362e+00   0.0000e+00   0.0000e+00   2.8439e+02
20231111_22:00:00   1.8642e-01   5.1631e+01   3.7720e+00   0.0000e+00   0.0000e+00   2.8739e+02
20231111_23:00:00   1.9067e-01   5.2560e+01   3.8639e+00   0.0000e+00   0.0000e+00   2.8830e+02
20231112_00:00:00   1.9530e-01   5.3558e+01   3.9724e+00   0.0000e+00   0.0000e+00   2.8738e+02
20231112_01:00:00   1.8223e-01   5.0560e+01   3.7118e+00   0.0000e+00   0.0000e+00   2.8556e+02
20231112_02:00:00   1.7366e-01   4.8539e+01   3.5381e+00   0.0000e+00   0.0000e+00   2.8516e+02
20231112_03:00:00   1.5634e-01   4.4486e+01   3.1726e+00   0.0000e+00   0.0000e+00   2.8502e+02
20231112_04:00:00   1.4478e-01   4.1719e+01   2.9256e+00   0.0000e+00   0.0000e+00   2.8441e+02
20231112_05:00:00   1.3548e-01   3.9496e+01   2.7187e+00   0.0000e+00   0.0000e+00   2.8517e+02
20231112_06:00:00   1.3557e-01   3.9454e+01   2.7274e+00   0.0000e+00   0.0000e+00   2.8502e+02
20231112_07:00:00   1.3360e-01   3.8962e+01   2.6822e+00   0.0000e+00   0.0000e+00   2.8612e+02
20231112_08:00:00   1.3089e-01   3.8360e+01   2.6082e+00   0.0000e+00   0.0000e+00   2.8833e+02
20231112_09:00:00   1.3769e-01   4.0013e+01   2.7457e+00   0.0000e+00   0.0000e+00   2.9030e+02
20231112_10:00:00   1.5428e-01   4.3954e+01   3.0842e+00   0.0000e+00   0.0000e+00   2.9066e+02
20231112_11:00:00   1.6168e-01   4.5792e+01   3.2106e+00   0.0000e+00   0.0000e+00   2.8995e+02
20231112_12:00:00   1.7965e-01   4.9932e+01   3.5795e+00   0.0000e+00   0.0000e+00   2.8820e+02
20231112_13:00:00   1.8285e-01   5.0764e+01   3.6337e+00   0.0000e+00   0.0000e+00   2.8684e+02
20231112_14:00:00   1.8186e-01   5.0526e+01   3.6514e+00   0.0000e+00   0.0000e+00   2.8558e+02
20231112_15:00:00   1.7965e-01   5.0054e+01   3.6190e+00   0.0000e+00   0.0000e+00   2.8440e+02
20231112_16:00:00   1.8044e-01   5.0248e+01   3.6426e+00   0.0000e+00   0.0000e+00   2.8471e+02
20231112_17:00:00   1.7373e-01   4.8654e+01   3.5350e+00   0.0000e+00   0.0000e+00   2.8511e+02
20231112_18:00:00   1.5640e-01   4.4650e+01   3.1570e+00   0.0000e+00   0.0000e+00   2.8595e+02
20231112_19:00:00   1.3302e-01   3.8974e+01   2.6846e+00   0.0000e+00   7.7060e-06   2.8684e+02
20231112_20:00:00   1.0853e-01   3.2918e+01   2.1645e+00   0.0000e+00   0.0000e+00   2.8890e+02
20231112_21:00:00   9.5887e-02   2.9660e+01   1.9027e+00   0.0000e+00   0.0000e+00   2.9047e+02
20231112_22:00:00   8.1729e-02   2.6100e+01   1.5710e+00   0.0000e+00   0.0000e+00   2.9123e+02
20231112_23:00:00   7.4288e-02   2.4093e+01   1.4184e+00   0.0000e+00   0.0000e+00   2.9099e+02
20231113_00:00:00   6.9282e-02   2.2734e+01   1.3122e+00   0.0000e+00   0.0000e+00   2.9023e+02
20231113_01:00:00   6.5085e-02   2.1659e+01   1.2072e+00   0.0000e+00   0.0000e+00   2.9046e+02
20231113_02:00:00   6.5672e-02   2.1736e+01   1.2332e+00   0.0000e+00   0.0000e+00   2.8826e+02
20231113_03:00:00   6.2899e-02   2.1044e+01   1.1555e+00   0.0000e+00   0.0000e+00   2.8844e+02
20231113_04:00:00   6.1323e-02   2.0660e+01   1.1042e+00   0.0000e+00   0.0000e+00   2.8976e+02
20231113_05:00:00   6.0076e-02   2.0337e+01   1.0671e+00   0.0000e+00   0.0000e+00   2.9070e+02
20231113_06:00:00   5.9866e-02   2.0246e+01   1.0651e+00   0.0000e+00   0.0000e+00   2.9108e+02
20231113_07:00:00   6.1482e-02   2.0581e+01   1.1184e+00   0.0000e+00   0.0000e+00   2.9141e+02
20231113_08:00:00   6.4255e-02   2.1253e+01   1.1889e+00   0.0000e+00   0.0000e+00   2.9113e+02
20231113_09:00:00   7.1346e-02   2.3023e+01   1.3653e+00   0.0000e+00   0.0000e+00   2.9178e+02
20231113_10:00:00   8.1400e-02   2.5552e+01   1.6044e+00   0.0000e+00   0.0000e+00   2.9341e+02
20231113_11:00:00   8.9772e-02   2.7722e+01   1.7807e+00   0.0000e+00   0.0000e+00   2.9338e+02
20231113_12:00:00   9.7100e-02   2.9643e+01   1.9272e+00   0.0000e+00   0.0000e+00   2.9534e+02
20231113_13:00:00   1.0394e-01   3.1415e+01   2.0706e+00   0.0000e+00   0.0000e+00   2.9623e+02
20231113_14:00:00   1.0619e-01   3.2031e+01   2.1143e+00   0.0000e+00   0.0000e+00   2.9648e+02
20231113_15:00:00   1.0694e-01   3.2242e+01   2.1337e+00   0.0000e+00   0.0000e+00   2.9536e+02
20231113_16:00:00   1.1070e-01   3.3200e+01   2.2223e+00   0.0000e+00   0.0000e+00   2.9415e+02
20231113_17:00:00   1.1060e-01   3.3190e+01   2.2238e+00   0.0000e+00   0.0000e+00   2.9413e+02
20231113_18:00:00   1.0697e-01   3.2267e+01   2.1514e+00   0.0000e+00   0.0000e+00   2.9372e+02
20231113_19:00:00   9.8294e-02   3.0067e+01   1.9729e+00   0.0000e+00   0.0000e+00   2.9315e+02
20231113_20:00:00   9.3973e-02   2.8921e+01   1.8933e+00   0.0000e+00   0.0000e+00   2.9363e+02
20231113_21:00:00   9.1560e-02   2.8266e+01   1.8479e+00   0.0000e+00   0.0000e+00   2.9440e+02
20231113_22:00:00   8.9082e-02   2.7601e+01   1.8025e+00   0.0000e+00   0.0000e+00   2.9316e+02
20231113_23:00:00   8.7874e-02   2.7238e+01   1.7842e+00   0.0000e+00   3.4760e-05   2.9199e+02
20231114_00:00:00   8.7104e-02   2.7029e+01   1.7666e+00   0.0000e+00   6.1800e-06   2.9250e+02
20231114_01:00:00   8.6566e-02   2.6899e+01   1.7519e+00   0.0000e+00   0.0000e+00   2.9296e+02
20231114_02:00:00   8.8374e-02   2.7309e+01   1.8029e+00   0.0000e+00   6.0063e-04   2.9262e+02
20231114_03:00:00   9.0054e-02   2.7682e+01   1.8533e+00   0.0000e+00   9.0939e-04   2.9045e+02
20231114_04:00:00   8.8798e-02   2.7395e+01   1.8150e+00   0.0000e+00   3.9161e-05   2.8964e+02
20231114_05:00:00   8.8363e-02   2.7296e+01   1.7976e+00   0.0000e+00   1.0548e-04   2.8795e+02
20231114_06:00:00   8.9476e-02   2.7555e+01   1.8264e+00   0.0000e+00   1.0536e-03   2.8643e+02
20231114_07:00:00   9.1120e-02   2.8001e+01   1.8558e+00   0.0000e+00   3.6440e-04   2.8487e+02
20231114_08:00:00   9.3969e-02   2.8725e+01   1.9210e+00   0.0000e+00   8.8680e-04   2.8339e+02
20231114_09:00:00   9.8088e-02   2.9754e+01   2.0130e+00   0.0000e+00   3.9780e-06   2.8366e+02
20231114_10:00:00   1.0174e-01   3.0687e+01   2.0924e+00   0.0000e+00   3.1900e-06   2.8364e+02
20231114_11:00:00   1.0511e-01   3.1540e+01   2.1674e+00   0.0000e+00   3.0960e-04   2.8367e+02
20231114_12:00:00   1.1065e-01   3.2897e+01   2.2875e+00   0.0000e+00   5.0380e-04   2.8276e+02
20231114_13:00:00   1.1557e-01   3.4130e+01   2.3922e+00   0.0000e+00   1.3998e-03   2.8027e+02
20231114_14:00:00   1.2265e-01   3.5916e+01   2.5376e+00   0.0000e+00   3.6458e-04   2.7822e+02
20231114_15:00:00   1.2957e-01   3.7629e+01   2.6832e+00   0.0000e+00   2.5157e-03   2.7714e+02
20231114_16:00:00   1.3324e-01   3.8563e+01   2.7625e+00   0.0000e+00   8.8060e-04   2.7754e+02
20231114_17:00:00   1.3382e-01   3.8738e+01   2.7761e+00   0.0000e+00   4.2481e-04   2.7733e+02
20231114_18:00:00   1.2833e-01   3.7412e+01   2.6679e+00   0.0000e+00   2.2266e-03   2.7700e+02
20231114_19:00:00   1.2042e-01   3.5489e+01   2.5034e+00   0.0000e+00   2.5858e-03   2.7805e+02
20231114_20:00:00   1.1278e-01   3.3621e+01   2.3394e+00   0.0000e+00   1.6198e-03   2.7864e+02
20231114_21:00:00   1.0732e-01   3.2280e+01   2.2165e+00   0.0000e+00   1.2682e-03   2.7804e+02
20231114_22:00:00   1.0232e-01   3.1041e+01   2.1093e+00   0.0000e+00   2.1840e-03   2.7740e+02
20231114_23:00:00   1.0107e-01   3.0692e+01   2.0841e+00   0.0000e+00   1.1982e-03   2.7632e+02
20231115_00:00:00   1.0173e-01   3.0827e+01   2.1050e+00   0.0000e+00   1.9144e-03   2.7662e+02
20231115_01:00:00   1.0148e-01   3.0774e+01   2.0894e+00   0.0000e+00   1.3474e-03   2.7665e+02
20231115_02:00:00   1.0117e-01   3.0707e+01   2.0828e+00   0.0000e+00   1.2536e-03   2.7664e+02
20231115_03:00:00   1.0125e-01   3.0695e+01   2.0913e+00   0.0000e+00   1.0586e-03   2.7635e+02
20231115_04:00:00   9.9555e-02   3.0300e+01   2.0426e+00   0.0000e+00   1.6685e-03   2.7552e+02
20231115_05:00:00   9.8581e-02   3.0047e+01   2.0175e+00   0.0000e+00   1.8337e-03   2.7637e+02
20231115_06:00:00   1.0079e-01   3.0540e+01   2.0678e+00   0.0000e+00   1.7968e-03   2.7622e+02
20231115_07:00:00   1.0020e-01   3.0387e+01   2.0496e+00   0.0000e+00   1.5306e-03   2.7634e+02
20231115_08:00:00   1.0260e-01   3.0969e+01   2.0954e+00   0.0000e+00   6.0121e-04   2.7687e+02
20231115_09:00:00   1.0074e-01   3.0538e+01   2.0501e+00   0.0000e+00   5.4960e-04   2.7832e+02
20231115_10:00:00   1.0285e-01   3.1042e+01   2.0907e+00   0.0000e+00   1.5616e-03   2.7707e+02
20231115_11:00:00   1.0501e-01   3.1561e+01   2.1469e+00   0.0000e+00   8.4916e-04   2.7632e+02
20231115_12:00:00   1.0528e-01   3.1659e+01   2.1528e+00   0.0000e+00   4.3701e-04   2.7634e+02
20231115_13:00:00   1.1009e-01   3.2846e+01   2.2569e+00   0.0000e+00   8.2380e-04   2.7683e+02
20231115_14:00:00   1.1491e-01   3.4045e+01   2.3667e+00   0.0000e+00   1.6387e-04   2.7674e+02
20231115_15:00:00   1.1903e-01   3.5080e+01   2.4586e+00   0.0000e+00   6.5503e-04   2.7531e+02
20231115_16:00:00   1.2179e-01   3.5787e+01   2.5242e+00   0.0000e+00   3.2343e-04   2.7450e+02
20231115_17:00:00   1.2300e-01   3.6101e+01   2.5582e+00   0.0000e+00   1.5781e-03   2.7486e+02
20231115_18:00:00   1.1878e-01   3.5106e+01   2.4643e+00   0.0000e+00   2.1137e-03   2.7475e+02
20231115_19:00:00   1.1468e-01   3.4098e+01   2.3809e+00   0.0000e+00   3.0025e-03   2.7499e+02
20231115_20:00:00   1.0848e-01   3.2548e+01   2.2514e+00   0.0000e+00   3.4823e-03   2.7571e+02
20231115_21:00:00   1.0486e-01   3.1636e+01   2.1764e+00   0.0000e+00   3.3475e-03   2.7612e+02
20231115_22:00:00   1.0245e-01   3.1035e+01   2.1177e+00   0.0000e+00   2.1058e-03   2.7651e+02
20231115_23:00:00   1.0171e-01   3.0829e+01   2.1007e+00   0.0000e+00   3.7198e-03   2.7595e+02
20231116_00:00:00   1.0270e-01   3.1005e+01   2.1404e+00   0.0000e+00   4.8488e-03   2.7548e+02
20231116_01:00:00   1.0235e-01   3.0944e+01   2.1185e+00   0.0000e+00   2.6824e-03   2.7583e+02
20231116_02:00:00   1.0310e-01   3.1107e+01   2.1390e+00   0.0000e+00   3.6579e-03   2.7577e+02
20231116_03:00:00   1.0225e-01   3.0866e+01   2.1226e+00   0.0000e+00   9.8682e-03   2.7540e+02
20231116_04:00:00   1.0314e-01   3.1050e+01   2.1509e+00   0.0000e+00   9.3473e-03   2.7551e+02
20231116_05:00:00   1.0270e-01   3.0962e+01   2.1289e+00   0.0000e+00   1.2329e-02   2.7445e+02
20231116_06:00:00   1.0350e-01   3.1115e+01   2.1540e+00   0.0000e+00   1.1679e-02   2.7357e+02
20231116_09:00:00   1.0252e-01   3.0847e+01   2.1177e+00   0.0000e+00   9.5612e-03   2.7842e+02
20231116_12:00:00   1.0260e-01   3.0853e+01   2.1218e+00   0.0000e+00   1.1820e-02   2.7999e+02
20231116_15:00:00   1.0278e-01   3.0993e+01   2.1241e+00   0.0000e+00   5.5518e-03   2.7970e+02
20231116_18:00:00   1.0615e-01   3.1872e+01   2.2167e+00   0.0000e+00   1.1221e-02   2.7945e+02
20231116_21:00:00   9.6541e-02   2.9495e+01   2.0051e+00   0.0000e+00   1.1549e-02   2.7826e+02
20231117_00:00:00   9.2142e-02   2.8415e+01   1.8964e+00   0.0000e+00   2.9660e-03   2.8052e+02
20231117_03:00:00   8.7801e-02   2.7316e+01   1.7981e+00   0.0000e+00   3.8686e-03   2.8121e+02
20231117_06:00:00   8.5939e-02   2.6845e+01   1.7424e+00   0.0000e+00   1.9028e-03   2.8192e+02
20231117_09:00:00   8.2376e-02   2.5930e+01   1.6484e+00   0.0000e+00   2.2677e-03   2.8353e+02
20231117_12:00:00   8.4103e-02   2.6354e+01   1.6822e+00   0.0000e+00   3.2041e-03   2.8240e+02
20231117_15:00:00   8.3776e-02   2.6382e+01   1.6670e+00   0.0000e+00   1.2978e-03   2.8201e+02
20231117_18:00:00   8.6645e-02   2.7192e+01   1.7322e+00   0.0000e+00   3.7161e-03   2.8140e+02
20231117_21:00:00   8.0564e-02   2.5597e+01   1.6041e+00   0.0000e+00   4.4357e-03   2.8386e+02
20231118_00:00:00   8.2072e-02   2.5885e+01   1.6463e+00   0.0000e+00   3.2775e-03   2.8281e+02
20231118_03:00:00   8.2617e-02   2.5981e+01   1.6637e+00   0.0000e+00   9.1366e-04   2.8225e+02
20231118_06:00:00   8.7995e-02   2.7233e+01   1.8007e+00   0.0000e+00   2.8103e-03   2.8248e+02
20231118_09:00:00   9.0935e-02   2.7892e+01   1.8682e+00   0.0000e+00   1.5002e-03   2.8613e+02
20231118_12:00:00   9.2320e-02   2.8260e+01   1.8718e+00   0.0000e+00   5.8020e-04   2.8932e+02
20231118_15:00:00   8.1612e-02   2.5846e+01   1.5810e+00   0.0000e+00   0.0000e+00   2.9158e+02
20231118_18:00:00   9.2387e-02   2.8721e+01   1.8340e+00   0.0000e+00   0.0000e+00   2.9178e+02
20231118_21:00:00   9.6111e-02   2.9741e+01   1.9140e+00   0.0000e+00   0.0000e+00   2.8942e+02
20231119_00:00:00   8.8242e-02   2.7769e+01   1.7419e+00   0.0000e+00   0.0000e+00   2.8947e+02
20231119_03:00:00   8.0090e-02   2.5623e+01   1.5850e+00   0.0000e+00   1.5954e-05   2.9150e+02
20231119_06:00:00   7.5045e-02   2.4306e+01   1.4738e+00   0.0000e+00   0.0000e+00   2.9109e+02
20231119_09:00:00   7.5670e-02   2.4420e+01   1.5023e+00   0.0000e+00   0.0000e+00   2.9233e+02
20231119_12:00:00   8.1446e-02   2.5880e+01   1.6449e+00   0.0000e+00   0.0000e+00   2.9192e+02
20231119_15:00:00   9.4276e-02   2.9245e+01   1.9374e+00   0.0000e+00   0.0000e+00   2.8980e+02
20231119_18:00:00   1.1938e-01   3.5668e+01   2.5038e+00   0.0000e+00   0.0000e+00   2.8702e+02
20231119_21:00:00   1.4371e-01   4.1695e+01   3.0378e+00   0.0000e+00   0.0000e+00   2.8654e+02
20231120_00:00:00   1.5660e-01   4.4792e+01   3.3073e+00   0.0000e+00   0.0000e+00   2.8670e+02
20231120_03:00:00   1.3027e-01   3.8369e+01   2.7810e+00   0.0000e+00   2.4580e-04   2.8645e+02
20231120_06:00:00   1.0632e-01   3.2349e+01   2.2598e+00   0.0000e+00   0.0000e+00   2.8469e+02
20231120_09:00:00   1.0332e-01   3.1577e+01   2.1833e+00   0.0000e+00   0.0000e+00   2.8471e+02
20231120_12:00:00   1.0521e-01   3.1989e+01   2.2528e+00   0.0000e+00   0.0000e+00   2.8352e+02
20231120_15:00:00   1.1288e-01   3.3899e+01   2.4548e+00   0.0000e+00   1.2566e-03   2.7857e+02
20231120_18:00:00   1.5374e-01   4.4033e+01   3.3732e+00   0.0000e+00   6.4980e-05   2.7802e+02
20231120_21:00:00   1.9981e-01   5.4840e+01   4.4219e+00   0.0000e+00   1.1936e-05   2.7657e+02
20231121_00:00:00   1.9955e-01   5.4695e+01   4.4307e+00   0.0000e+00   0.0000e+00   2.7455e+02
20231121_03:00:00   1.8974e-01   5.2173e+01   4.3366e+00   0.0000e+00   3.0124e-03   2.7385e+02
20231121_06:00:00   1.9958e-01   5.3814e+01   4.6538e+00   0.0000e+00   3.6465e-02   2.7460e+02
20231121_09:00:00   1.8751e-01   5.1221e+01   4.3385e+00   0.0000e+00   8.4332e-03   2.7587e+02
20231121_12:00:00   1.7269e-01   4.7884e+01   3.9960e+00   0.0000e+00   1.9870e-02   2.7510e+02
20231121_15:00:00   1.8610e-01   5.0843e+01   4.3471e+00   0.0000e+00   2.2501e-02   2.7255e+02
20231121_18:00:00   2.0896e-01   5.6433e+01   4.7957e+00   0.0000e+00   2.6645e-03   2.7284e+02
20231121_21:00:00   2.8130e-01   7.2340e+01   6.1813e+00   0.0000e+00   1.6767e-03   2.7100e+02
20231122_00:00:00   2.6719e-01   6.9376e+01   5.6968e+00   0.0000e+00   8.4148e-04   2.7038e+02
20231122_03:00:00   1.8752e-01   5.1811e+01   4.0753e+00   0.0000e+00   1.2178e-04   2.6792e+02
20231122_06:00:00   1.7804e-01   4.9468e+01   3.8135e+00   0.0000e+00   0.0000e+00   2.6882e+02
20231122_09:00:00   1.5906e-01   4.4857e+01   3.4491e+00   0.0000e+00   0.0000e+00   2.7266e+02
20231122_12:00:00   1.4132e-01   4.0904e+01   2.9290e+00   0.0000e+00   0.0000e+00   2.7625e+02
20231122_15:00:00   1.6974e-01   4.7774e+01   3.4851e+00   0.0000e+00   0.0000e+00   2.7740e+02
20231122_18:00:00   1.8927e-01   5.2459e+01   3.8899e+00   0.0000e+00   0.0000e+00   2.7743e+02
20231122_21:00:00   2.2222e-01   5.9867e+01   4.5472e+00   0.0000e+00   0.0000e+00   2.7927e+02
20231123_00:00:00   2.4971e-01   6.5714e+01   5.0517e+00   0.0000e+00   0.0000e+00   2.8040e+02
20231123_03:00:00   1.9328e-01   5.3174e+01   3.9702e+00   0.0000e+00   0.0000e+00   2.8421e+02
20231123_06:00:00   1.3574e-01   3.9389e+01   2.8206e+00   0.0000e+00   0.0000e+00   2.8641e+02
20231123_09:00:00   1.0831e-01   3.2514e+01   2.2525e+00   0.0000e+00   0.0000e+00   2.8804e+02
20231123_12:00:00   1.1003e-01   3.2920e+01   2.3100e+00   0.0000e+00   0.0000e+00   2.8783e+02
20231123_15:00:00   1.3329e-01   3.8630e+01   2.8689e+00   0.0000e+00   0.0000e+00   2.8719e+02
20231123_18:00:00   1.9197e-01   5.2388e+01   4.2456e+00   0.0000e+00   0.0000e+00   2.8526e+02
20231123_21:00:00   2.5111e-01   6.5543e+01   5.5499e+00   0.0000e+00   0.0000e+00   2.8504e+02
20231124_00:00:00   2.8140e-01   7.2017e+01   6.1172e+00   0.0000e+00   0.0000e+00   2.8684e+02
20231124_03:00:00   2.6580e-01   6.8796e+01   5.7558e+00   0.0000e+00   0.0000e+00   2.8620e+02
20231124_06:00:00   2.6874e-01   6.9345e+01   5.7562e+00   0.0000e+00   0.0000e+00   2.8805e+02
20231124_09:00:00   2.6651e-01   6.8733e+01   5.6788e+00   0.0000e+00   0.0000e+00   2.8613e+02
20231124_12:00:00   2.4964e-01   6.5087e+01   5.3712e+00   0.0000e+00   0.0000e+00   2.8752e+02
20231124_15:00:00   2.5028e-01   6.5295e+01   5.4407e+00   0.0000e+00   0.0000e+00   2.8816e+02
20231124_18:00:00   2.7211e-01   7.0205e+01   5.8788e+00   0.0000e+00   0.0000e+00   2.8559e+02
20231124_21:00:00   2.9162e-01   7.4319e+01   6.2372e+00   0.0000e+00   0.0000e+00   2.8520e+02
20231125_00:00:00   2.7993e-01   7.1948e+01   5.9320e+00   0.0000e+00   0.0000e+00   2.8559e+02
20231125_03:00:00   2.6354e-01   6.8539e+01   5.5485e+00   0.0000e+00   0.0000e+00   2.8612e+02
20231125_06:00:00   2.8586e-01   7.2974e+01   5.9776e+00   0.0000e+00   0.0000e+00   2.8493e+02
20231125_09:00:00   2.6583e-01   6.8617e+01   5.5699e+00   0.0000e+00   0.0000e+00   2.8286e+02
20231125_12:00:00   2.3450e-01   6.1812e+01   4.9840e+00   0.0000e+00   0.0000e+00   2.8322e+02
20231125_15:00:00   2.2925e-01   6.0762e+01   4.9100e+00   0.0000e+00   0.0000e+00   2.8169e+02
20231125_18:00:00   2.4103e-01   6.3626e+01   5.1649e+00   0.0000e+00   0.0000e+00   2.8139e+02
20231125_21:00:00   2.5866e-01   6.7584e+01   5.4661e+00   0.0000e+00   0.0000e+00   2.8113e+02
20231126_00:00:00   2.6884e-01   6.9734e+01   5.6253e+00   0.0000e+00   0.0000e+00   2.8286e+02
20231126_03:00:00   2.6654e-01   6.9280e+01   5.5507e+00   0.0000e+00   0.0000e+00   2.8207e+02
20231126_06:00:00   2.6907e-01   6.9670e+01   5.6079e+00   0.0000e+00   0.0000e+00   2.8140e+02
20231126_09:00:00   2.6085e-01   6.7782e+01   5.4618e+00   0.0000e+00   0.0000e+00   2.7948e+02
20231126_12:00:00   2.3447e-01   6.2124e+01   4.9296e+00   0.0000e+00   0.0000e+00   2.7961e+02
20231126_15:00:00   2.2407e-01   5.9997e+01   4.7389e+00   0.0000e+00   0.0000e+00   2.8150e+02
20231126_18:00:00   2.2984e-01   6.1545e+01   4.8711e+00   0.0000e+00   0.0000e+00   2.7851e+02
20231126_21:00:00   2.2955e-01   6.1593e+01   4.8379e+00   0.0000e+00   0.0000e+00   2.7804e+02
20231127_00:00:00   2.1865e-01   5.9164e+01   4.5763e+00   0.0000e+00   0.0000e+00   2.7619e+02
20231127_03:00:00   2.1773e-01   5.8972e+01   4.5327e+00   0.0000e+00   0.0000e+00   2.8031e+02
20231127_06:00:00   2.2322e-01   6.0078e+01   4.6587e+00   0.0000e+00   0.0000e+00   2.8123e+02
