#            date       tau255        Tb[K]      pwv[mm] lwp[kg*m^-2] iwp[kg*m^-2]       o3[DU]
20210128_00:00:00   2.5597e-01   6.5657e+01   4.6632e+00   0.0000e+00   4.2636e-03   2.5615e+02
20210128_01:00:00   2.5811e-01   6.6147e+01   4.7016e+00   0.0000e+00   4.4612e-03   2.5686e+02
20210128_02:00:00   2.5379e-01   6.5299e+01   4.6239e+00   0.0000e+00   9.6828e-03   2.5560e+02
20210128_03:00:00   2.4399e-01   6.3286e+01   4.4286e+00   0.0000e+00   1.9138e-02   2.5481e+02
20210128_04:00:00   2.3729e-01   6.1843e+01   4.3109e+00   0.0000e+00   2.1843e-02   2.5312e+02
20210128_05:00:00   2.1921e-01   5.8038e+01   3.9599e+00   0.0000e+00   1.6745e-02   2.5184e+02
20210128_06:00:00   2.0956e-01   5.5910e+01   3.7884e+00   0.0000e+00   1.8640e-02   2.5082e+02
20210128_07:00:00   1.9777e-01   5.3135e+01   3.6090e+00   0.0000e+00   4.6367e-02   2.4992e+02
20210128_08:00:00   1.9546e-01   5.2357e+01   3.6510e+00   0.0000e+00   3.2221e-02   2.4854e+02
20210128_09:00:00   1.9811e-01   5.2700e+01   3.7823e+00   0.0000e+00   2.1493e-02   2.4773e+02
20210128_10:00:00   2.0860e-01   5.4715e+01   4.0297e+00   0.0000e+00   8.2503e-02   2.4928e+02
20210128_11:00:00   2.2400e-01   5.7862e+01   4.3919e+00   0.0000e+00   3.7238e-02   2.5034e+02
20210128_12:00:00   2.2421e-01   5.7812e+01   4.4199e+00   0.0000e+00   1.7050e-02   2.5099e+02
20210128_13:00:00   2.2858e-01   5.8643e+01   4.5019e+00   0.0000e+00   5.2102e-02   2.5130e+02
20210128_14:00:00   2.4445e-01   6.1816e+01   4.8533e+00   0.0000e+00   5.4518e-02   2.5174e+02
20210128_15:00:00   2.8723e-01   7.0336e+01   5.7589e+00   0.0000e+00   5.5391e-02   2.4965e+02
20210128_16:00:00   2.9705e-01   7.2202e+01   5.9866e+00   0.0000e+00   3.8814e-02   2.4789e+02
20210128_17:00:00   2.4647e-01   6.2077e+01   4.9356e+00   0.0000e+00   2.5344e-02   2.4761e+02
20210128_18:00:00   2.6740e-01   6.6323e+01   5.3472e+00   0.0000e+00   6.7914e-02   2.4838e+02
20210128_19:00:00   2.9200e-01   7.1167e+01   5.8738e+00   0.0000e+00   3.2098e-02   2.4798e+02
20210128_20:00:00   2.7898e-01   6.8581e+01   5.6050e+00   0.0000e+00   3.3643e-02   2.4825e+02
20210128_21:00:00   2.8055e-01   6.9251e+01   5.5855e+00   0.0000e+00   5.2554e-03   2.4826e+02
20210128_22:00:00   2.7408e-01   6.7898e+01   5.4614e+00   0.0000e+00   2.8512e-03   2.4928e+02
20210128_23:00:00   2.6616e-01   6.6161e+01   5.3307e+00   0.0000e+00   4.3397e-03   2.4854e+02
20210129_00:00:00   2.5281e-01   6.3558e+01   5.0363e+00   0.0000e+00   2.4298e-03   2.4689e+02
20210129_01:00:00   2.3281e-01   5.9401e+01   4.6245e+00   0.0000e+00   1.4148e-03   2.4679e+02
20210129_02:00:00   2.4984e-01   6.2949e+01   4.9953e+00   0.0000e+00   5.0948e-04   2.4796e+02
20210129_03:00:00   2.5322e-01   6.3548e+01   5.0825e+00   0.0000e+00   2.1188e-03   2.4844e+02
20210129_04:00:00   2.7363e-01   6.7379e+01   5.5701e+00   0.0000e+00   3.3079e-02   2.4901e+02
20210129_05:00:00   2.9595e-01   7.1764e+01   6.0203e+00   0.0000e+00   3.3775e-02   2.4893e+02
20210129_06:00:00   3.1587e-01   7.5894e+01   6.3917e+00   0.0000e+00   1.2126e-02   2.5035e+02
20210129_07:00:00   3.2552e-01   7.7840e+01   6.5189e+00   0.0000e+00   4.0595e-02   2.4966e+02
20210129_08:00:00   3.3171e-01   7.8775e+01   6.6414e+00   0.0000e+00   8.1028e-02   2.4984e+02
20210129_09:00:00   3.2719e-01   7.7901e+01   6.5563e+00   0.0000e+00   4.3831e-02   2.4999e+02
20210129_10:00:00   2.7838e-01   6.8809e+01   5.4789e+00   0.0000e+00   3.5100e-03   2.5101e+02
20210129_11:00:00   2.2874e-01   5.8961e+01   4.3406e+00   0.0000e+00   9.1295e-05   2.5387e+02
20210129_12:00:00   2.0979e-01   5.5053e+01   3.9023e+00   0.0000e+00   0.0000e+00   2.5684e+02
20210129_13:00:00   2.0544e-01   5.4006e+01   3.8389e+00   0.0000e+00   0.0000e+00   2.5776e+02
20210129_14:00:00   2.0666e-01   5.4138e+01   3.8820e+00   0.0000e+00   0.0000e+00   2.5928e+02
20210129_15:00:00   2.1539e-01   5.5856e+01   4.0695e+00   0.0000e+00   0.0000e+00   2.5900e+02
20210129_16:00:00   2.2013e-01   5.6818e+01   4.1670e+00   0.0000e+00   1.7356e-05   2.5928e+02
20210129_17:00:00   2.2874e-01   5.8586e+01   4.3297e+00   0.0000e+00   3.9780e-04   2.6166e+02
20210129_18:00:00   2.5863e-01   6.4711e+01   4.8849e+00   0.0000e+00   2.4761e-04   2.6520e+02
20210129_19:00:00   2.6875e-01   6.6817e+01   5.0441e+00   0.0000e+00   0.0000e+00   2.6351e+02
20210129_20:00:00   3.7594e-01   8.7589e+01   6.8412e+00   0.0000e+00   6.3990e-05   2.6393e+02
20210129_21:00:00   6.8905e-01   1.3706e+02   9.1242e+00   7.0880e-02   4.5567e-04   2.6766e+02
20210129_22:00:00   1.7171e+00   2.2336e+02   1.0234e+01   4.7328e-01   5.6992e-03   2.6993e+02
20210129_23:00:00   2.4479e+00   2.4845e+02   1.0908e+01   7.7019e-01   3.7628e-02   2.7702e+02
20210130_00:00:00   2.5792e+00   2.5182e+02   1.0677e+01   8.2553e-01   3.0444e-01   2.7859e+02
20210130_01:00:00   9.3837e-01   1.6665e+02   8.4341e+00   1.8152e-01   5.4733e-02   2.8471e+02
20210130_02:00:00   1.2007e+00   1.9048e+02   7.6366e+00   3.0731e-01   9.5454e-02   2.9141e+02
20210130_03:00:00   9.2216e-01   1.6467e+02   7.0626e+00   1.9892e-01   1.9833e-01   2.9120e+02
20210130_04:00:00   3.2973e-01   7.8667e+01   5.3709e+00   3.1890e-04   3.5664e-05   2.8472e+02
20210130_05:00:00   2.5620e-01   6.4385e+01   4.1845e+00   0.0000e+00   0.0000e+00   2.8149e+02
20210130_06:00:00   2.2363e-01   5.7688e+01   3.6707e+00   6.3450e-04   2.5373e-06   2.7849e+02
20210130_07:00:00   2.0485e-01   5.3675e+01   3.4671e+00   0.0000e+00   0.0000e+00   2.7858e+02
20210130_08:00:00   1.9833e-01   5.2214e+01   3.4814e+00   0.0000e+00   0.0000e+00   2.7408e+02
20210130_09:00:00   1.9083e-01   5.0542e+01   3.4990e+00   0.0000e+00   0.0000e+00   2.7071e+02
20210130_10:00:00   1.9068e-01   5.0501e+01   3.5633e+00   0.0000e+00   0.0000e+00   2.6949e+02
20210130_11:00:00   1.9503e-01   5.1444e+01   3.7055e+00   0.0000e+00   0.0000e+00   2.6670e+02
20210130_12:00:00   1.8875e-01   5.0162e+01   3.6044e+00   0.0000e+00   0.0000e+00   2.6498e+02
20210130_13:00:00   1.9591e-01   5.1792e+01   3.7676e+00   0.0000e+00   0.0000e+00   2.6545e+02
20210130_14:00:00   1.9981e-01   5.2738e+01   3.8256e+00   0.0000e+00   0.0000e+00   2.6593e+02
20210130_15:00:00   2.0515e-01   5.3979e+01   3.9101e+00   0.0000e+00   0.0000e+00   2.6449e+02
20210130_16:00:00   2.1105e-01   5.5338e+01   4.0206e+00   0.0000e+00   0.0000e+00   2.6419e+02
20210130_17:00:00   2.1065e-01   5.5320e+01   3.9959e+00   0.0000e+00   0.0000e+00   2.6391e+02
20210130_18:00:00   2.0823e-01   5.4844e+01   3.9280e+00   0.0000e+00   0.0000e+00   2.6201e+02
20210130_19:00:00   2.0827e-01   5.4873e+01   3.9184e+00   0.0000e+00   0.0000e+00   2.6054e+02
20210130_20:00:00   2.1045e-01   5.5339e+01   3.9470e+00   0.0000e+00   0.0000e+00   2.6069e+02
20210130_21:00:00   2.0962e-01   5.5139e+01   3.9251e+00   0.0000e+00   0.0000e+00   2.6156e+02
20210130_22:00:00   2.0352e-01   5.3854e+01   3.8171e+00   0.0000e+00   0.0000e+00   2.6125e+02
20210130_23:00:00   1.9786e-01   5.2689e+01   3.7093e+00   0.0000e+00   0.0000e+00   2.6092e+02
20210131_00:00:00   1.8322e-01   4.9549e+01   3.3759e+00   0.0000e+00   0.0000e+00   2.6107e+02
20210131_01:00:00   1.7793e-01   4.8386e+01   3.2606e+00   0.0000e+00   0.0000e+00   2.6043e+02
20210131_02:00:00   1.7388e-01   4.7530e+01   3.1676e+00   0.0000e+00   0.0000e+00   2.6064e+02
20210131_03:00:00   1.7998e-01   4.8863e+01   3.3104e+00   0.0000e+00   0.0000e+00   2.6082e+02
20210131_04:00:00   1.8926e-01   5.0958e+01   3.5097e+00   0.0000e+00   0.0000e+00   2.5839e+02
20210131_05:00:00   1.9951e-01   5.3263e+01   3.7404e+00   0.0000e+00   0.0000e+00   2.5801e+02
20210131_06:00:00   2.2957e-01   5.9569e+01   4.4431e+00   0.0000e+00   0.0000e+00   2.5825e+02
20210131_07:00:00   2.4799e-01   6.3416e+01   4.8277e+00   0.0000e+00   0.0000e+00   2.6056e+02
20210131_08:00:00   2.4296e-01   6.2544e+01   4.6961e+00   0.0000e+00   0.0000e+00   2.6121e+02
20210131_09:00:00   2.2863e-01   5.9716e+01   4.3534e+00   0.0000e+00   0.0000e+00   2.6236e+02
20210131_10:00:00   2.0374e-01   5.4590e+01   3.7694e+00   0.0000e+00   0.0000e+00   2.6060e+02
20210131_11:00:00   2.0932e-01   5.5740e+01   3.8768e+00   0.0000e+00   2.0700e-06   2.5749e+02
20210131_12:00:00   2.0566e-01   5.5052e+01   3.7900e+00   0.0000e+00   2.5940e-05   2.5832e+02
20210131_13:00:00   1.9816e-01   5.3541e+01   3.6164e+00   0.0000e+00   2.0800e-04   2.5862e+02
20210131_14:00:00   2.0277e-01   5.4555e+01   3.6997e+00   0.0000e+00   2.2460e-05   2.5754e+02
20210131_15:00:00   2.0198e-01   5.4439e+01   3.6773e+00   0.0000e+00   6.3260e-06   2.5505e+02
20210131_16:00:00   2.0084e-01   5.4225e+01   3.6752e+00   0.0000e+00   8.8180e-07   2.5511e+02
20210131_17:00:00   2.0277e-01   5.4624e+01   3.7417e+00   0.0000e+00   2.3260e-05   2.5335e+02
20210131_18:00:00   2.0318e-01   5.4640e+01   3.7898e+00   0.0000e+00   1.3006e-03   2.5360e+02
20210131_19:00:00   2.0268e-01   5.4478e+01   3.8189e+00   0.0000e+00   1.2349e-03   2.5398e+02
20210131_20:00:00   2.0528e-01   5.4983e+01   3.8997e+00   0.0000e+00   3.2454e-05   2.5611e+02
20210131_21:00:00   2.1775e-01   5.7536e+01   4.1984e+00   0.0000e+00   3.6000e-04   2.5796e+02
20210131_22:00:00   2.2415e-01   5.8938e+01   4.3349e+00   0.0000e+00   6.4714e-04   2.5645e+02
20210131_23:00:00   2.3466e-01   6.1096e+01   4.5950e+00   0.0000e+00   6.6346e-03   2.5634e+02
20210201_00:00:00   2.5247e-01   6.4678e+01   4.9971e+00   0.0000e+00   1.6747e-02   2.5677e+02
20210201_01:00:00   2.4599e-01   6.3378e+01   4.8858e+00   0.0000e+00   2.9827e-03   2.5665e+02
20210201_02:00:00   2.4283e-01   6.2747e+01   4.8439e+00   0.0000e+00   5.2201e-04   2.5758e+02
20210201_03:00:00   2.4807e-01   6.3735e+01   5.0183e+00   0.0000e+00   8.8541e-04   2.5879e+02
20210201_04:00:00   2.5267e-01   6.4633e+01   5.1642e+00   0.0000e+00   2.4160e-04   2.5839e+02
20210201_05:00:00   2.6304e-01   6.6673e+01   5.4301e+00   0.0000e+00   1.2056e-03   2.5837e+02
20210201_06:00:00   2.6750e-01   6.7495e+01   5.5694e+00   0.0000e+00   8.5146e-04   2.5876e+02
20210201_07:00:00   2.7272e-01   6.8463e+01   5.7236e+00   0.0000e+00   2.6240e-03   2.5860e+02
20210201_08:00:00   2.8235e-01   7.0260e+01   5.9863e+00   0.0000e+00   5.7877e-03   2.5797e+02
20210201_09:00:00   3.0541e-01   7.4788e+01   6.5024e+00   0.0000e+00   8.4397e-03   2.5828e+02
20210201_10:00:00   3.1636e-01   7.6827e+01   6.7694e+00   0.0000e+00   1.0711e-02   2.5716e+02
20210201_11:00:00   3.1997e-01   7.7595e+01   6.8378e+00   0.0000e+00   9.1498e-03   2.5597e+02
20210201_12:00:00   3.2945e-01   7.9439e+01   7.0608e+00   0.0000e+00   5.9028e-03   2.5536e+02
20210201_13:00:00   3.4799e-01   8.2869e+01   7.4883e+00   0.0000e+00   1.1379e-03   2.5489e+02
20210201_14:00:00   3.5345e-01   8.3910e+01   7.5981e+00   0.0000e+00   1.6152e-03   2.5516e+02
20210201_15:00:00   3.7165e-01   8.7193e+01   8.0247e+00   0.0000e+00   3.1756e-03   2.5630e+02
20210201_16:00:00   4.1114e-01   9.4210e+01   8.8681e+00   0.0000e+00   2.1198e-03   2.5726e+02
20210201_17:00:00   4.5307e-01   1.0156e+02   9.6879e+00   0.0000e+00   9.1917e-05   2.5704e+02
20210201_18:00:00   5.0936e-01   1.1098e+02   1.0801e+01   0.0000e+00   3.5605e-03   2.5625e+02
20210201_19:00:00   5.4993e-01   1.1745e+02   1.1522e+01   0.0000e+00   8.2754e-05   2.5431e+02
20210201_20:00:00   5.8299e-01   1.2251e+02   1.2172e+01   0.0000e+00   1.5872e-03   2.5336e+02
20210201_21:00:00   5.9703e-01   1.2467e+02   1.2401e+01   0.0000e+00   2.6541e-04   2.5350e+02
20210201_22:00:00   6.0997e-01   1.2661e+02   1.2639e+01   0.0000e+00   1.4905e-05   2.5375e+02
20210201_23:00:00   6.5028e-01   1.3251e+02   1.3359e+01   0.0000e+00   3.0256e-05   2.5428e+02
20210202_00:00:00   6.8850e-01   1.3775e+02   1.4038e+01   0.0000e+00   1.2945e-05   2.5368e+02
20210202_03:00:00   9.4696e-01   1.6965e+02   1.8315e+01   0.0000e+00   1.7032e-02   2.5276e+02
20210202_06:00:00   8.7482e-01   1.6205e+02   1.6910e+01   0.0000e+00   2.9543e-03   2.5197e+02
20210202_09:00:00   1.0378e+00   1.7904e+02   1.9343e+01   2.4181e-03   7.7541e-02   2.5315e+02
20210202_12:00:00   1.0708e+00   1.8213e+02   1.9389e+01   1.2317e-02   1.3837e-02   2.5468e+02
20210202_15:00:00   9.8987e-01   1.7394e+02   1.8477e+01   0.0000e+00   1.4209e-02   2.5041e+02
20210202_18:00:00   8.9263e-01   1.6349e+02   1.6639e+01   4.4720e-04   1.4274e-03   2.4534e+02
20210202_21:00:00   6.6231e-01   1.3512e+02   1.2289e+01   0.0000e+00   2.2192e-03   2.4666e+02
20210203_00:00:00   3.6641e-01   8.6991e+01   6.9601e+00   0.0000e+00   4.8813e-03   2.5104e+02
20210203_03:00:00   1.9531e-01   5.1607e+01   3.7752e+00   0.0000e+00   7.8642e-02   2.5545e+02
20210203_06:00:00   1.7294e-01   4.7285e+01   3.0282e+00   0.0000e+00   2.4990e-02   2.6129e+02
20210203_09:00:00   1.5281e-01   4.2533e+01   2.6438e+00   0.0000e+00   5.3646e-03   2.6502e+02
20210203_12:00:00   1.5832e-01   4.3644e+01   2.8001e+00   0.0000e+00   5.1848e-03   2.7115e+02
20210203_15:00:00   1.9595e-01   5.1869e+01   3.4857e+00   0.0000e+00   1.2570e-03   2.8210e+02
20210203_18:00:00   1.8403e-01   4.8929e+01   3.2693e+00   0.0000e+00   1.3652e-03   2.8922e+02
20210203_21:00:00   1.9862e-01   5.2072e+01   3.3529e+00   0.0000e+00   0.0000e+00   2.9370e+02
20210204_00:00:00   1.8344e-01   4.8438e+01   3.0542e+00   0.0000e+00   0.0000e+00   2.9986e+02
20210204_03:00:00   1.6224e-01   4.3428e+01   2.6503e+00   0.0000e+00   0.0000e+00   3.1400e+02
20210204_06:00:00   1.2016e-01   3.4004e+01   1.7749e+00   0.0000e+00   0.0000e+00   3.2572e+02
20210204_09:00:00   1.3657e-01   3.7842e+01   2.0506e+00   0.0000e+00   0.0000e+00   3.2856e+02
20210204_12:00:00   1.3024e-01   3.6453e+01   2.0275e+00   0.0000e+00   0.0000e+00   3.2385e+02
20210204_15:00:00   1.3227e-01   3.7145e+01   2.0667e+00   0.0000e+00   0.0000e+00   3.1814e+02
20210204_18:00:00   1.4479e-01   4.0025e+01   2.3000e+00   0.0000e+00   0.0000e+00   3.1681e+02
20210204_21:00:00   1.5698e-01   4.2593e+01   2.5956e+00   0.0000e+00   2.1802e-04   3.2158e+02
20210205_00:00:00   1.6100e-01   4.3430e+01   2.7204e+00   0.0000e+00   1.0650e-03   3.2649e+02
20210205_03:00:00   1.4985e-01   4.1065e+01   2.4998e+00   0.0000e+00   0.0000e+00   3.2834e+02
20210205_06:00:00   1.3667e-01   3.8364e+01   2.1871e+00   0.0000e+00   0.0000e+00   3.2949e+02
20210205_09:00:00   1.1995e-01   3.4620e+01   1.8856e+00   0.0000e+00   0.0000e+00   3.2976e+02
20210205_12:00:00   1.0698e-01   3.1486e+01   1.7229e+00   0.0000e+00   0.0000e+00   3.2322e+02
20210205_15:00:00   1.1672e-01   3.3805e+01   1.9668e+00   0.0000e+00   0.0000e+00   3.1275e+02
20210205_18:00:00   1.2898e-01   3.6732e+01   2.2515e+00   0.0000e+00   0.0000e+00   2.9487e+02
20210205_21:00:00   1.4356e-01   4.0212e+01   2.5604e+00   0.0000e+00   0.0000e+00   2.8652e+02
20210206_00:00:00   1.5615e-01   4.3259e+01   2.8095e+00   0.0000e+00   0.0000e+00   2.8713e+02
20210206_03:00:00   1.6200e-01   4.4832e+01   2.8920e+00   0.0000e+00   0.0000e+00   2.8939e+02
20210206_06:00:00   1.6398e-01   4.5411e+01   2.9308e+00   0.0000e+00   0.0000e+00   2.8593e+02
20210206_09:00:00   1.6494e-01   4.5811e+01   2.9202e+00   0.0000e+00   0.0000e+00   2.8442e+02
20210206_12:00:00   1.6118e-01   4.5036e+01   2.8293e+00   0.0000e+00   0.0000e+00   2.8126e+02
20210206_15:00:00   1.6304e-01   4.5487e+01   2.8630e+00   0.0000e+00   0.0000e+00   2.8063e+02
20210206_18:00:00   1.6117e-01   4.5083e+01   2.8311e+00   0.0000e+00   0.0000e+00   2.8204e+02
20210206_21:00:00   1.5375e-01   4.3385e+01   2.7025e+00   0.0000e+00   0.0000e+00   2.7870e+02
20210207_00:00:00   1.4975e-01   4.2468e+01   2.6440e+00   0.0000e+00   0.0000e+00   2.7412e+02
20210207_03:00:00   1.5142e-01   4.2847e+01   2.6838e+00   0.0000e+00   0.0000e+00   2.7051e+02
20210207_06:00:00   1.4474e-01   4.1280e+01   2.5617e+00   0.0000e+00   0.0000e+00   2.6827e+02
20210207_09:00:00   1.2731e-01   3.7152e+01   2.1966e+00   0.0000e+00   0.0000e+00   2.6667e+02
20210207_12:00:00   1.1904e-01   3.5165e+01   2.0170e+00   0.0000e+00   0.0000e+00   2.6588e+02
20210207_15:00:00   1.1715e-01   3.4675e+01   1.9753e+00   0.0000e+00   0.0000e+00   2.6911e+02
20210207_18:00:00   1.0807e-01   3.2478e+01   1.7888e+00   0.0000e+00   0.0000e+00   2.7705e+02
20210207_21:00:00   1.1006e-01   3.2938e+01   1.8311e+00   0.0000e+00   0.0000e+00   2.8200e+02
20210208_00:00:00   1.1589e-01   3.4247e+01   1.9834e+00   0.0000e+00   0.0000e+00   2.8601e+02
20210208_03:00:00   1.1486e-01   3.3979e+01   1.9727e+00   0.0000e+00   0.0000e+00   2.9049e+02
20210208_06:00:00   1.1458e-01   3.3925e+01   1.9624e+00   0.0000e+00   1.0198e-05   2.9800e+02
20210208_09:00:00   1.1266e-01   3.3538e+01   1.9028e+00   0.0000e+00   1.5206e-05   2.9302e+02
20210208_12:00:00   1.0207e-01   3.1026e+01   1.6732e+00   0.0000e+00   0.0000e+00   2.8876e+02
20210208_15:00:00   9.7096e-02   2.9809e+01   1.5647e+00   0.0000e+00   0.0000e+00   2.8536e+02
20210208_18:00:00   9.9542e-02   3.0355e+01   1.6234e+00   0.0000e+00   0.0000e+00   2.8981e+02
20210208_21:00:00   1.1144e-01   3.3307e+01   1.8502e+00   0.0000e+00   0.0000e+00   2.9253e+02
20210209_00:00:00   1.2012e-01   3.5477e+01   2.0140e+00   0.0000e+00   0.0000e+00   2.9250e+02
20210209_03:00:00   1.1549e-01   3.4278e+01   1.9575e+00   0.0000e+00   0.0000e+00   2.8363e+02
20210209_06:00:00   1.1753e-01   3.4773e+01   2.0012e+00   0.0000e+00   0.0000e+00   2.8036e+02
20210209_09:00:00   1.1346e-01   3.3755e+01   1.9256e+00   0.0000e+00   0.0000e+00   2.7649e+02
20210209_12:00:00   1.0827e-01   3.2453e+01   1.8284e+00   0.0000e+00   0.0000e+00   2.7345e+02
20210209_15:00:00   1.0456e-01   3.1520e+01   1.7629e+00   0.0000e+00   0.0000e+00   2.7040e+02
20210209_18:00:00   1.0783e-01   3.2349e+01   1.8262e+00   0.0000e+00   0.0000e+00   2.6538e+02
20210209_21:00:00   1.2197e-01   3.5863e+01   2.0852e+00   0.0000e+00   0.0000e+00   2.6562e+02
20210210_00:00:00   1.2708e-01   3.7127e+01   2.1816e+00   0.0000e+00   0.0000e+00   2.6582e+02
20210210_03:00:00   1.1485e-01   3.4221e+01   1.9411e+00   0.0000e+00   0.0000e+00   2.6285e+02
20210210_06:00:00   1.2579e-01   3.7013e+01   2.1139e+00   0.0000e+00   0.0000e+00   2.6588e+02
20210210_09:00:00   1.0947e-01   3.3052e+01   1.7943e+00   0.0000e+00   0.0000e+00   2.6886e+02
20210210_12:00:00   1.0361e-01   3.1421e+01   1.7295e+00   0.0000e+00   0.0000e+00   2.6311e+02
20210210_15:00:00   1.0265e-01   3.0773e+01   1.8224e+00   0.0000e+00   7.9520e-04   2.6314e+02
20210210_18:00:00   1.4098e-01   3.9180e+01   2.8020e+00   0.0000e+00   1.2314e-02   2.6384e+02
20210210_21:00:00   2.0881e-01   5.3857e+01   4.2847e+00   0.0000e+00   1.0016e-01   2.6470e+02
20210211_00:00:00   1.6565e-01   4.5547e+01   3.1562e+00   0.0000e+00   2.2316e-03   2.6950e+02
20210211_03:00:00   1.2348e-01   3.5939e+01   2.2474e+00   0.0000e+00   2.1336e-04   2.6964e+02
20210211_06:00:00   1.2009e-01   3.5014e+01   2.2142e+00   0.0000e+00   2.6281e-04   2.6966e+02
20210211_09:00:00   1.4020e-01   3.9566e+01   2.6806e+00   0.0000e+00   1.1449e-02   2.6586e+02
20210211_12:00:00   1.8466e-01   4.9259e+01   3.7199e+00   0.0000e+00   3.6794e-03   2.6794e+02
20210211_15:00:00   2.5618e-01   6.4690e+01   5.0971e+00   0.0000e+00   4.9765e-02   2.7777e+02
20210211_18:00:00   2.6518e-01   6.5970e+01   5.3007e+00   0.0000e+00   1.2211e-01   2.7942e+02
20210211_21:00:00   3.0388e-01   7.3528e+01   6.1205e+00   0.0000e+00   6.2329e-02   2.8006e+02
20210212_00:00:00   2.1518e-01   5.6657e+01   3.9540e+00   0.0000e+00   1.9246e-03   2.8219e+02
20210212_03:00:00   1.1791e-01   3.4945e+01   1.8779e+00   0.0000e+00   1.0882e-04   2.8694e+02
20210212_06:00:00   1.0337e-01   3.1411e+01   1.5998e+00   0.0000e+00   2.7873e-04   2.8713e+02
20210212_09:00:00   9.3973e-02   2.9058e+01   1.4317e+00   0.0000e+00   3.3705e-04   2.8389e+02
20210212_12:00:00   9.2351e-02   2.8608e+01   1.4109e+00   0.0000e+00   7.3283e-04   2.8013e+02
20210212_15:00:00   9.9199e-02   3.0262e+01   1.5611e+00   0.0000e+00   1.6216e-03   2.7669e+02
20210212_18:00:00   1.3469e-01   3.8774e+01   2.2564e+00   0.0000e+00   2.0040e-03   2.7823e+02
20210212_21:00:00   2.1422e-01   5.6558e+01   3.8499e+00   0.0000e+00   6.7600e-04   2.7697e+02
20210213_00:00:00   3.9591e-01   9.1561e+01   7.6077e+00   0.0000e+00   5.4501e-04   2.7455e+02
