#            date       tau255        Tb[K]      pwv[mm] lwp[kg*m^-2] iwp[kg*m^-2]       o3[DU]
20211218_06:00:00   2.0062e-01   5.2147e+01   3.5144e+00   0.0000e+00   1.9560e-05   2.9630e+02
20211218_07:00:00   1.8396e-01   4.8559e+01   3.1805e+00   0.0000e+00   0.0000e+00   2.9693e+02
20211218_08:00:00   1.6839e-01   4.5230e+01   2.8385e+00   0.0000e+00   0.0000e+00   2.9620e+02
20211218_09:00:00   1.5742e-01   4.2848e+01   2.5953e+00   0.0000e+00   0.0000e+00   2.9478e+02
20211218_10:00:00   1.4325e-01   3.9693e+01   2.2963e+00   0.0000e+00   0.0000e+00   2.9623e+02
20211218_11:00:00   1.3188e-01   3.7101e+01   2.0691e+00   0.0000e+00   0.0000e+00   2.9957e+02
20211218_12:00:00   1.2066e-01   3.4500e+01   1.8501e+00   0.0000e+00   0.0000e+00   3.0084e+02
20211218_13:00:00   1.1073e-01   3.2163e+01   1.6567e+00   0.0000e+00   4.0740e-05   3.0264e+02
20211218_14:00:00   1.0347e-01   3.0438e+01   1.5081e+00   0.0000e+00   1.6630e-04   3.0508e+02
20211218_15:00:00   9.9937e-02   2.9604e+01   1.4311e+00   0.0000e+00   1.3296e-04   3.0830e+02
20211218_16:00:00   1.0125e-01   2.9949e+01   1.4483e+00   0.0000e+00   7.4080e-06   3.1093e+02
20211218_17:00:00   1.0272e-01   3.0345e+01   1.4807e+00   0.0000e+00   0.0000e+00   3.1018e+02
20211218_18:00:00   1.0431e-01   3.0782e+01   1.5259e+00   0.0000e+00   0.0000e+00   3.0834e+02
20211218_19:00:00   1.1432e-01   3.3179e+01   1.7237e+00   0.0000e+00   0.0000e+00   3.0689e+02
20211218_20:00:00   1.2736e-01   3.6234e+01   1.9730e+00   0.0000e+00   0.0000e+00   3.0539e+02
20211218_21:00:00   1.3098e-01   3.7080e+01   2.0630e+00   0.0000e+00   0.0000e+00   3.0203e+02
20211218_22:00:00   1.3809e-01   3.8662e+01   2.2205e+00   0.0000e+00   0.0000e+00   2.9925e+02
20211218_23:00:00   1.4037e-01   3.9121e+01   2.2789e+00   0.0000e+00   0.0000e+00   2.9968e+02
20211219_00:00:00   1.3970e-01   3.8919e+01   2.2675e+00   0.0000e+00   0.0000e+00   3.0165e+02
20211219_01:00:00   1.3648e-01   3.8192e+01   2.1955e+00   0.0000e+00   0.0000e+00   3.0525e+02
20211219_02:00:00   1.2870e-01   3.6447e+01   2.0378e+00   0.0000e+00   0.0000e+00   3.0672e+02
20211219_03:00:00   1.2101e-01   3.4704e+01   1.8848e+00   0.0000e+00   0.0000e+00   3.0608e+02
20211219_04:00:00   1.1554e-01   3.3449e+01   1.7757e+00   0.0000e+00   0.0000e+00   3.0898e+02
20211219_05:00:00   1.0953e-01   3.2050e+01   1.6613e+00   0.0000e+00   0.0000e+00   3.1194e+02
20211219_06:00:00   1.0474e-01   3.0933e+01   1.5709e+00   0.0000e+00   0.0000e+00   3.0937e+02
20211219_07:00:00   1.0293e-01   3.0502e+01   1.5386e+00   0.0000e+00   0.0000e+00   3.0576e+02
20211219_08:00:00   1.0448e-01   3.0877e+01   1.5651e+00   0.0000e+00   0.0000e+00   3.0377e+02
20211219_09:00:00   1.0855e-01   3.1841e+01   1.6387e+00   0.0000e+00   0.0000e+00   3.0236e+02
20211219_10:00:00   1.1335e-01   3.2978e+01   1.7282e+00   0.0000e+00   0.0000e+00   2.9762e+02
20211219_11:00:00   1.1958e-01   3.4437e+01   1.8421e+00   0.0000e+00   0.0000e+00   2.9438e+02
20211219_12:00:00   1.1888e-01   3.4277e+01   1.8354e+00   0.0000e+00   0.0000e+00   2.9349e+02
20211219_13:00:00   1.1382e-01   3.3113e+01   1.7473e+00   0.0000e+00   0.0000e+00   2.9203e+02
20211219_14:00:00   1.1104e-01   3.2482e+01   1.6970e+00   0.0000e+00   0.0000e+00   2.8951e+02
20211219_15:00:00   1.1009e-01   3.2253e+01   1.6890e+00   0.0000e+00   0.0000e+00   2.8687e+02
20211219_16:00:00   1.0801e-01   3.1795e+01   1.6665e+00   0.0000e+00   0.0000e+00   2.8515e+02
20211219_17:00:00   1.0815e-01   3.1867e+01   1.6879e+00   0.0000e+00   0.0000e+00   2.8312e+02
20211219_18:00:00   1.0635e-01   3.1481e+01   1.6825e+00   0.0000e+00   0.0000e+00   2.8097e+02
20211219_19:00:00   1.0970e-01   3.2296e+01   1.7779e+00   0.0000e+00   0.0000e+00   2.7906e+02
20211219_20:00:00   1.2031e-01   3.4802e+01   2.0091e+00   0.0000e+00   0.0000e+00   2.7713e+02
20211219_21:00:00   1.3310e-01   3.7763e+01   2.2861e+00   0.0000e+00   0.0000e+00   2.7464e+02
20211219_22:00:00   1.4341e-01   4.0136e+01   2.5076e+00   0.0000e+00   0.0000e+00   2.7353e+02
20211219_23:00:00   1.4924e-01   4.1482e+01   2.6302e+00   0.0000e+00   0.0000e+00   2.7390e+02
20211220_00:00:00   1.5831e-01   4.3451e+01   2.8362e+00   0.0000e+00   0.0000e+00   2.7377e+02
20211220_01:00:00   1.7803e-01   4.7636e+01   3.2885e+00   0.0000e+00   0.0000e+00   2.7406e+02
20211220_02:00:00   1.9750e-01   5.1758e+01   3.7247e+00   0.0000e+00   0.0000e+00   2.7496e+02
20211220_03:00:00   2.0120e-01   5.2541e+01   3.8088e+00   0.0000e+00   0.0000e+00   2.7563e+02
20211220_04:00:00   1.9547e-01   5.1346e+01   3.6930e+00   0.0000e+00   0.0000e+00   2.7659e+02
20211220_05:00:00   1.9019e-01   5.0221e+01   3.5823e+00   0.0000e+00   0.0000e+00   2.7696e+02
20211220_06:00:00   1.8778e-01   4.9709e+01   3.5351e+00   0.0000e+00   0.0000e+00   2.7553e+02
20211220_07:00:00   1.8596e-01   4.9310e+01   3.5054e+00   0.0000e+00   0.0000e+00   2.7397e+02
20211220_08:00:00   1.8144e-01   4.8328e+01   3.4125e+00   0.0000e+00   0.0000e+00   2.7223e+02
20211220_09:00:00   1.7304e-01   4.6511e+01   3.2368e+00   0.0000e+00   0.0000e+00   2.7112e+02
20211220_10:00:00   1.6247e-01   4.4196e+01   3.0117e+00   0.0000e+00   0.0000e+00   2.7024e+02
20211220_11:00:00   1.5199e-01   4.1887e+01   2.7819e+00   0.0000e+00   0.0000e+00   2.7008e+02
20211220_12:00:00   1.4790e-01   4.0992e+01   2.6903e+00   0.0000e+00   0.0000e+00   2.6990e+02
20211220_13:00:00   1.4516e-01   4.0416e+01   2.6272e+00   0.0000e+00   0.0000e+00   2.6517e+02
20211220_14:00:00   1.4628e-01   4.0711e+01   2.6434e+00   0.0000e+00   0.0000e+00   2.6261e+02
20211220_15:00:00   1.5185e-01   4.2015e+01   2.7520e+00   0.0000e+00   0.0000e+00   2.6271e+02
20211220_16:00:00   1.6192e-01   4.4364e+01   2.9558e+00   0.0000e+00   0.0000e+00   2.6456e+02
20211220_17:00:00   1.7262e-01   4.6902e+01   3.1534e+00   0.0000e+00   0.0000e+00   2.6451e+02
20211220_18:00:00   1.8132e-01   4.8989e+01   3.3028e+00   0.0000e+00   0.0000e+00   2.6407e+02
20211220_19:00:00   1.8201e-01   4.9273e+01   3.3106e+00   0.0000e+00   0.0000e+00   2.6528e+02
20211220_20:00:00   1.8329e-01   4.9609e+01   3.3398e+00   0.0000e+00   0.0000e+00   2.6376e+02
20211220_21:00:00   1.8917e-01   5.0970e+01   3.4611e+00   0.0000e+00   0.0000e+00   2.6265e+02
20211220_22:00:00   1.8618e-01   5.0357e+01   3.4070e+00   0.0000e+00   0.0000e+00   2.6191e+02
20211220_23:00:00   1.8587e-01   5.0247e+01   3.4176e+00   0.0000e+00   0.0000e+00   2.6102e+02
20211221_00:00:00   1.8544e-01   5.0032e+01   3.4219e+00   0.0000e+00   0.0000e+00   2.5951e+02
20211221_01:00:00   1.7838e-01   4.8373e+01   3.3093e+00   0.0000e+00   7.5740e-04   2.5641e+02
20211221_02:00:00   1.7693e-01   4.7937e+01   3.3198e+00   0.0000e+00   1.3026e-03   2.5593e+02
20211221_03:00:00   1.8116e-01   4.8687e+01   3.4720e+00   0.0000e+00   1.7328e-03   2.5559e+02
20211221_04:00:00   1.8408e-01   4.9233e+01   3.5467e+00   0.0000e+00   4.0926e-03   2.5542e+02
20211221_05:00:00   1.8597e-01   4.9540e+01   3.6207e+00   0.0000e+00   1.7470e-02   2.5373e+02
20211221_06:00:00   1.8347e-01   4.8914e+01   3.5886e+00   0.0000e+00   1.9967e-02   2.5342e+02
20211221_07:00:00   1.7924e-01   4.7949e+01   3.5192e+00   0.0000e+00   2.0606e-02   2.5441e+02
20211221_08:00:00   1.8291e-01   4.8685e+01   3.6261e+00   0.0000e+00   6.6782e-03   2.5386e+02
20211221_09:00:00   1.8446e-01   4.9014e+01   3.6720e+00   0.0000e+00   1.2540e-03   2.5440e+02
20211221_10:00:00   1.7860e-01   4.7650e+01   3.5940e+00   0.0000e+00   9.9150e-03   2.5571e+02
20211221_11:00:00   2.0641e-01   5.3361e+01   4.2638e+00   0.0000e+00   3.9462e-02   2.5664e+02
20211221_12:00:00   2.3807e-01   5.9870e+01   4.9730e+00   0.0000e+00   4.0428e-02   2.5858e+02
20211221_13:00:00   2.5675e-01   6.3577e+01   5.4333e+00   0.0000e+00   4.7330e-02   2.5827e+02
20211221_14:00:00   2.7416e-01   6.7216e+01   5.8059e+00   0.0000e+00   1.9152e-02   2.5917e+02
20211221_15:00:00   2.5407e-01   6.3250e+01   5.3863e+00   0.0000e+00   2.9409e-02   2.5786e+02
20211221_16:00:00   2.2975e-01   5.8480e+01   4.8187e+00   0.0000e+00   7.2283e-04   2.5827e+02
20211221_17:00:00   2.3475e-01   5.9508e+01   4.9606e+00   0.0000e+00   3.0333e-03   2.5736e+02
20211221_18:00:00   2.6022e-01   6.4564e+01   5.5433e+00   0.0000e+00   8.3604e-02   2.5622e+02
20211221_19:00:00   2.7165e-01   6.6976e+01   5.8174e+00   0.0000e+00   4.0886e-03   2.5404e+02
20211221_20:00:00   2.7882e-01   6.8556e+01   5.9693e+00   0.0000e+00   5.6184e-03   2.5219e+02
20211221_21:00:00   3.1777e-01   7.6150e+01   6.8113e+00   0.0000e+00   8.1430e-03   2.5178e+02
20211221_22:00:00   3.4189e-01   8.0780e+01   7.3477e+00   0.0000e+00   7.1813e-03   2.4930e+02
20211221_23:00:00   3.7400e-01   8.6686e+01   8.0412e+00   0.0000e+00   1.4182e-02   2.4895e+02
20211222_00:00:00   4.2084e-01   9.4977e+01   8.9543e+00   0.0000e+00   4.3388e-02   2.4884e+02
20211222_01:00:00   4.7422e-01   1.0404e+02   1.0005e+01   0.0000e+00   5.5216e-02   2.4858e+02
20211222_02:00:00   5.1592e-01   1.1085e+02   1.0784e+01   0.0000e+00   5.4541e-02   2.4870e+02
20211222_03:00:00   5.2508e-01   1.1243e+02   1.0963e+01   0.0000e+00   1.4973e-02   2.4784e+02
20211222_04:00:00   5.1653e-01   1.1111e+02   1.0762e+01   0.0000e+00   9.1743e-03   2.4747e+02
20211222_05:00:00   4.9110e-01   1.0725e+02   1.0257e+01   0.0000e+00   6.0780e-03   2.4768e+02
20211222_06:00:00   4.5372e-01   1.0109e+02   9.5037e+00   0.0000e+00   8.1138e-03   2.4914e+02
20211222_07:00:00   4.5813e-01   1.0168e+02   9.6186e+00   0.0000e+00   1.3392e-02   2.4952e+02
20211222_08:00:00   4.6507e-01   1.0312e+02   9.7240e+00   0.0000e+00   1.5278e-02   2.4852e+02
20211222_09:00:00   4.5894e-01   1.0217e+02   9.5456e+00   0.0000e+00   9.4370e-03   2.4921e+02
20211222_10:00:00   4.7042e-01   1.0412e+02   9.6777e+00   0.0000e+00   3.7953e-03   2.4961e+02
20211222_11:00:00   5.0600e-01   1.1001e+02   1.0292e+01   0.0000e+00   1.9117e-03   2.4863e+02
20211222_12:00:00   5.2239e-01   1.1280e+02   1.0599e+01   0.0000e+00   2.2673e-03   2.4839e+02
20211222_13:00:00   5.3677e-01   1.1499e+02   1.0923e+01   0.0000e+00   3.8751e-03   2.4760e+02
20211222_14:00:00   5.6117e-01   1.1888e+02   1.1387e+01   0.0000e+00   4.1064e-03   2.4714e+02
20211222_15:00:00   5.6757e-01   1.2001e+02   1.1498e+01   0.0000e+00   2.7721e-03   2.4708e+02
20211222_16:00:00   5.6331e-01   1.1957e+02   1.1451e+01   0.0000e+00   1.0426e-03   2.4745e+02
20211222_17:00:00   5.7567e-01   1.2151e+02   1.1700e+01   0.0000e+00   2.2391e-03   2.4807e+02
20211222_18:00:00   6.1425e-01   1.2718e+02   1.2448e+01   0.0000e+00   1.9181e-02   2.4802e+02
20211222_19:00:00   6.3574e-01   1.3031e+02   1.2937e+01   0.0000e+00   1.8448e-02   2.4870e+02
20211222_20:00:00   6.7593e-01   1.3588e+02   1.3708e+01   0.0000e+00   5.0825e-02   2.4856e+02
20211222_21:00:00   7.4789e-01   1.4516e+02   1.4947e+01   0.0000e+00   4.0899e-01   2.4920e+02
20211222_22:00:00   8.2126e-01   1.5438e+02   1.6123e+01   0.0000e+00   3.0152e-01   2.4859e+02
20211222_23:00:00   8.6218e-01   1.5935e+02   1.6834e+01   0.0000e+00   9.3664e-02   2.4876e+02
20211223_00:00:00   8.7229e-01   1.6068e+02   1.6966e+01   6.7560e-04   1.2044e-02   2.4829e+02
20211223_01:00:00   8.5836e-01   1.5930e+02   1.6748e+01   0.0000e+00   3.8873e-03   2.4817e+02
20211223_02:00:00   8.6855e-01   1.6050e+02   1.6702e+01   1.0170e-03   1.2900e-03   2.4838e+02
20211223_03:00:00   9.0062e-01   1.6409e+02   1.7140e+01   3.2856e-03   2.4335e-03   2.4829e+02
20211223_04:00:00   9.2273e-01   1.6664e+02   1.7661e+01   1.1296e-03   1.7669e-03   2.4940e+02
20211223_05:00:00   9.2470e-01   1.6705e+02   1.7678e+01   3.4263e-05   5.5667e-03   2.4945e+02
20211223_06:00:00   1.0000e+00   1.7480e+02   1.8173e+01   2.0920e-02   1.0573e-02   2.4869e+02
20211223_09:00:00   1.4032e+00   2.0790e+02   1.8150e+01   1.8422e-01   4.2127e-02   2.4874e+02
20211223_12:00:00   1.4039e+00   2.0828e+02   1.6674e+01   2.1660e-01   2.5395e-02   2.5009e+02
20211223_15:00:00   1.0949e+00   1.8372e+02   1.6449e+01   9.6368e-02   1.3349e-02   2.5049e+02
20211223_18:00:00   8.6448e-01   1.6044e+02   1.6403e+01   5.9960e-04   7.5471e-04   2.5316e+02
20211223_21:00:00   9.2748e-01   1.6806e+02   1.7187e+01   6.3314e-03   9.3832e-03   2.5233e+02
20211224_00:00:00   9.3180e-01   1.6837e+02   1.6286e+01   2.0685e-02   2.5625e-02   2.5141e+02
20211224_03:00:00   1.0376e+00   1.7945e+02   1.4458e+01   9.1999e-02   4.6180e-05   2.5209e+02
20211224_06:00:00   9.0011e-01   1.6526e+02   1.2834e+01   7.1164e-02   3.5426e-04   2.5369e+02
20211224_09:00:00   6.5591e-01   1.3491e+02   1.1493e+01   3.9080e-03   1.0801e-03   2.5592e+02
20211224_12:00:00   6.6990e-01   1.3644e+02   1.2074e+01   0.0000e+00   2.7923e-03   2.5595e+02
20211224_15:00:00   7.4686e-01   1.4614e+02   1.3900e+01   0.0000e+00   3.2189e-03   2.5559e+02
20211224_18:00:00   8.0290e-01   1.5349e+02   1.5176e+01   0.0000e+00   4.6861e-03   2.5564e+02
20211224_21:00:00   8.4666e-01   1.5878e+02   1.6057e+01   4.8100e-03   1.2293e-02   2.5492e+02
20211225_00:00:00   1.1714e+00   1.9110e+02   1.6036e+01   1.1706e-01   6.0978e-04   2.5484e+02
20211225_03:00:00   1.0442e+00   1.8083e+02   1.3299e+01   1.1692e-01   9.0239e-05   2.5723e+02
20211225_06:00:00   5.8129e-01   1.2492e+02   9.7393e+00   7.5090e-03   1.3412e-03   2.5424e+02
20211225_09:00:00   4.8577e-01   1.0920e+02   8.6347e+00   1.0512e-04   3.4537e-04   2.5402e+02
20211225_12:00:00   4.8382e-01   1.0787e+02   9.1286e+00   0.0000e+00   4.2688e-04   2.5641e+02
20211225_15:00:00   5.7297e-01   1.2124e+02   1.1215e+01   0.0000e+00   1.2696e-03   2.5585e+02
20211225_18:00:00   7.1727e-01   1.4112e+02   1.2439e+01   3.6354e-02   8.0756e-02   2.5639e+02
20211225_21:00:00   7.2893e-01   1.4182e+02   1.1437e+01   6.4456e-02   7.6823e-02   2.5536e+02
20211226_00:00:00   4.5917e-01   1.0239e+02   8.8059e+00   0.0000e+00   8.1884e-02   2.5183e+02
20211226_03:00:00   3.7120e-01   8.6775e+01   7.0522e+00   0.0000e+00   3.8792e-02   2.5259e+02
20211226_06:00:00   3.0333e-01   7.3916e+01   5.7286e+00   0.0000e+00   7.0725e-03   2.5525e+02
20211226_09:00:00   2.9883e-01   7.2501e+01   5.8302e+00   0.0000e+00   2.5259e-02   2.5801e+02
20211226_12:00:00   2.5136e-01   6.3042e+01   4.9106e+00   0.0000e+00   4.2933e-04   2.5982e+02
20211226_15:00:00   2.2298e-01   5.6986e+01   4.4030e+00   0.0000e+00   5.1734e-03   2.6277e+02
20211226_18:00:00   2.4455e-01   6.1004e+01   5.0987e+00   2.9140e-05   8.8002e-02   2.6152e+02
20211226_21:00:00   3.0827e-01   7.3647e+01   6.5472e+00   0.0000e+00   4.9259e-02   2.5957e+02
20211227_00:00:00   2.9450e-01   7.1270e+01   6.0594e+00   5.7860e-04   1.1180e-01   2.6006e+02
20211227_03:00:00   3.0424e-01   7.2793e+01   6.3479e+00   0.0000e+00   9.2725e-02   2.6002e+02
20211227_06:00:00   4.1732e-01   9.3840e+01   8.5794e+00   1.3246e-05   6.4031e-02   2.5722e+02
20211227_09:00:00   5.6173e-01   1.1758e+02   1.1088e+01   2.9844e-03   1.4664e-01   2.5165e+02
20211227_12:00:00   6.9328e-01   1.3720e+02   1.3324e+01   1.3246e-05   2.1540e-02   2.5612e+02
20211227_15:00:00   7.0139e-01   1.3851e+02   1.3336e+01   0.0000e+00   6.7817e-03   2.5988e+02
20211227_18:00:00   6.6341e-01   1.3327e+02   1.2713e+01   3.3120e-06   1.7998e-02   2.5976e+02
20211227_21:00:00   6.8640e-01   1.3680e+02   1.2911e+01   3.4440e-03   4.8347e-02   2.6163e+02
20211228_00:00:00   8.9939e-01   1.6196e+02   1.4423e+01   5.4513e-02   1.5567e-01   2.6939e+02
20211228_03:00:00   1.3954e+00   2.0564e+02   1.4509e+01   2.5099e-01   1.2141e-01   2.7594e+02
20211228_06:00:00   3.4905e+00   2.6526e+02   1.4704e+01   1.1254e+00   2.3845e-01   2.7599e+02
20211228_09:00:00   1.2917e+00   1.9738e+02   1.1759e+01   2.7568e-01   6.2140e-02   2.7659e+02
20211228_12:00:00   4.1052e-01   9.4404e+01   7.1610e+00   1.8042e-03   1.4484e-03   2.7865e+02
20211228_15:00:00   2.7246e-01   6.8023e+01   4.7414e+00   0.0000e+00   3.2760e-03   2.8669e+02
20211228_18:00:00   2.3824e-01   6.1017e+01   4.2624e+00   0.0000e+00   3.9801e-03   2.9362e+02
20211228_21:00:00   2.5100e-01   6.3780e+01   4.5772e+00   0.0000e+00   5.7735e-03   2.9516e+02
20211229_00:00:00   2.5878e-01   6.5053e+01   4.7393e+00   0.0000e+00   2.9031e-02   2.9852e+02
20211229_03:00:00   2.7553e-01   6.8304e+01   4.9192e+00   0.0000e+00   3.0360e-03   3.0134e+02
20211229_06:00:00   3.4197e-01   8.0917e+01   6.1274e+00   6.9080e-05   8.7596e-03   3.0329e+02
20211229_09:00:00   2.2993e-01   5.9001e+01   3.9294e+00   0.0000e+00   3.7341e-03   3.0188e+02
20211229_12:00:00   2.2859e-01   5.8507e+01   3.8688e+00   0.0000e+00   0.0000e+00   2.9958e+02
20211229_15:00:00   2.1605e-01   5.5686e+01   3.6947e+00   0.0000e+00   0.0000e+00   3.0268e+02
20211229_18:00:00   2.1435e-01   5.5386e+01   3.7984e+00   0.0000e+00   8.5271e-04   3.0337e+02
20211229_21:00:00   1.8254e-01   4.9068e+01   3.1679e+00   0.0000e+00   1.8382e-04   3.1285e+02
20211230_00:00:00   1.8851e-01   5.0443e+01   3.2055e+00   0.0000e+00   1.5016e-06   3.2326e+02
20211230_03:00:00   1.5883e-01   4.3713e+01   2.6152e+00   0.0000e+00   1.1050e-03   3.2102e+02
20211230_06:00:00   1.4520e-01   4.0516e+01   2.3560e+00   0.0000e+00   1.0790e-03   3.2181e+02
20211230_09:00:00   1.5750e-01   4.3141e+01   2.6058e+00   0.0000e+00   5.7121e-03   3.2037e+02
20211230_12:00:00   1.7266e-01   4.6406e+01   2.9283e+00   0.0000e+00   3.1640e-03   3.2095e+02
20211230_15:00:00   1.7837e-01   4.7508e+01   3.1135e+00   0.0000e+00   9.9342e-05   3.2677e+02
20211230_18:00:00   1.6751e-01   4.5272e+01   2.9594e+00   0.0000e+00   0.0000e+00   3.2571e+02
20211230_21:00:00   2.2616e-01   5.8111e+01   4.1642e+00   0.0000e+00   0.0000e+00   3.2600e+02
20211231_00:00:00   2.3260e-01   5.9775e+01   4.1354e+00   0.0000e+00   0.0000e+00   3.2038e+02
20211231_03:00:00   1.9857e-01   5.2510e+01   3.4190e+00   0.0000e+00   0.0000e+00   3.1648e+02
20211231_06:00:00   1.9216e-01   5.0832e+01   3.2883e+00   0.0000e+00   0.0000e+00   3.2865e+02
20211231_09:00:00   2.3386e-01   5.9340e+01   4.1297e+00   0.0000e+00   0.0000e+00   3.3088e+02
20211231_12:00:00   3.3873e-01   7.9182e+01   6.2077e+00   0.0000e+00   9.2563e-04   3.2264e+02
20211231_15:00:00   2.7402e-01   6.7466e+01   4.6025e+00   0.0000e+00   0.0000e+00   3.2070e+02
20211231_18:00:00   2.3773e-01   6.0252e+01   3.9607e+00   0.0000e+00   0.0000e+00   3.4292e+02
20211231_21:00:00   1.8725e-01   4.9577e+01   3.1482e+00   0.0000e+00   0.0000e+00   3.3133e+02
20220101_00:00:00   2.0903e-01   5.3881e+01   3.7692e+00   0.0000e+00   0.0000e+00   3.1655e+02
20220101_03:00:00   2.6137e-01   6.4522e+01   4.8348e+00   0.0000e+00   2.6500e-06   3.1035e+02
20220101_06:00:00   2.0706e-01   5.3710e+01   3.6248e+00   0.0000e+00   0.0000e+00   3.0594e+02
20220101_09:00:00   1.7011e-01   4.5926e+01   2.8277e+00   0.0000e+00   0.0000e+00   3.0515e+02
20220101_12:00:00   1.4403e-01   4.0127e+01   2.3520e+00   0.0000e+00   0.0000e+00   3.0135e+02
20220101_15:00:00   1.3679e-01   3.8496e+01   2.2484e+00   0.0000e+00   0.0000e+00   2.9879e+02
20220101_18:00:00   1.5362e-01   4.2353e+01   2.6387e+00   0.0000e+00   0.0000e+00   2.9447e+02
20220101_21:00:00   2.4434e-01   6.1651e+01   4.5575e+00   0.0000e+00   0.0000e+00   2.8969e+02
20220102_00:00:00   2.8705e-01   7.0114e+01   5.3639e+00   0.0000e+00   1.0080e-05   2.8897e+02
20220102_03:00:00   2.6340e-01   6.5340e+01   4.7945e+00   0.0000e+00   2.7660e-05   2.8731e+02
20220102_06:00:00   2.1410e-01   5.5411e+01   3.6992e+00   0.0000e+00   0.0000e+00   2.8460e+02
20220102_09:00:00   2.2135e-01   5.6651e+01   3.8395e+00   0.0000e+00   0.0000e+00   2.9505e+02
20220102_12:00:00   2.6518e-01   6.4996e+01   4.7479e+00   0.0000e+00   1.7470e-03   3.0693e+02
20220102_15:00:00   3.0640e-01   7.2789e+01   5.4283e+00   0.0000e+00   7.5987e-04   3.1956e+02
20220102_18:00:00   2.6670e-01   6.5289e+01   4.4577e+00   4.1920e-04   6.2933e-03   3.3713e+02
20220102_21:00:00   2.7439e-01   6.6743e+01   4.5358e+00   1.5853e-03   3.7088e-02   3.4239e+02
20220103_00:00:00   2.2333e-01   5.6180e+01   3.6780e+00   0.0000e+00   1.0587e-02   3.5227e+02
20220103_03:00:00   1.4394e-01   3.9210e+01   2.2115e+00   0.0000e+00   0.0000e+00   3.3196e+02
20220103_06:00:00   1.2705e-01   3.5481e+01   1.9962e+00   0.0000e+00   0.0000e+00   3.2048e+02
