#            date       tau255        Tb[K]      pwv[mm] lwp[kg*m^-2] iwp[kg*m^-2]       o3[DU]
20220329_12:00:00   3.6994e-01   8.7321e+01   6.4318e+00   0.0000e+00   3.6040e-06   3.2024e+02
20220329_13:00:00   3.5978e-01   8.5379e+01   6.1625e+00   0.0000e+00   0.0000e+00   3.2378e+02
20220329_14:00:00   3.4283e-01   8.2120e+01   5.8921e+00   0.0000e+00   4.8060e-06   3.2816e+02
20220329_15:00:00   3.6207e-01   8.5411e+01   6.3592e+00   0.0000e+00   1.3366e-03   3.3007e+02
20220329_16:00:00   3.7523e-01   8.7684e+01   6.6702e+00   0.0000e+00   1.7898e-03   3.3192e+02
20220329_17:00:00   4.5854e-01   1.0176e+02   8.0961e+00   3.1400e-03   1.3830e-01   3.3541e+02
20220329_18:00:00   5.8169e-01   1.2098e+02   9.6115e+00   1.1660e-02   1.9453e-01   3.3987e+02
20220329_19:00:00   5.3664e-01   1.1383e+02   8.9521e+00   1.2381e-02   1.1923e-01   3.4853e+02
20220329_20:00:00   5.1655e-01   1.1090e+02   8.5251e+00   1.2229e-02   1.4182e-01   3.6133e+02
20220329_21:00:00   4.1020e-01   9.3524e+01   7.2247e+00   0.0000e+00   9.3743e-04   3.7864e+02
20220329_22:00:00   3.5833e-01   8.3725e+01   6.2420e+00   8.2244e-03   2.0740e-02   3.7690e+02
20220329_23:00:00   3.7290e-01   8.6479e+01   6.7212e+00   6.3320e-04   3.7884e-02   3.7766e+02
20220330_00:00:00   3.5719e-01   8.3653e+01   6.4379e+00   9.2720e-05   1.8430e-02   3.8237e+02
20220330_01:00:00   3.8830e-01   8.9350e+01   6.8530e+00   0.0000e+00   2.1666e-02   3.9283e+02
20220330_02:00:00   3.8900e-01   8.9378e+01   6.8436e+00   0.0000e+00   5.1130e-04   3.9978e+02
20220330_03:00:00   4.5092e-01   9.9726e+01   7.9538e+00   0.0000e+00   8.5520e-02   3.9653e+02
20220330_04:00:00   5.1455e-01   1.1000e+02   8.9475e+00   7.1090e-04   1.5636e-01   3.9492e+02
20220330_05:00:00   5.2117e-01   1.1133e+02   8.7003e+00   1.0888e-02   1.8441e-02   3.9229e+02
20220330_06:00:00   6.1648e-01   1.2603e+02   8.4897e+00   5.5860e-02   1.3707e-03   3.9148e+02
20220330_07:00:00   7.1248e-01   1.3915e+02   9.2353e+00   7.8785e-02   1.7151e-02   3.9120e+02
20220330_08:00:00   5.7411e-01   1.1960e+02   9.7868e+00   4.9565e-03   3.1906e-02   3.9141e+02
20220330_09:00:00   8.5091e-01   1.5626e+02   9.4345e+00   1.3002e-01   1.1624e-02   3.8850e+02
20220330_10:00:00   6.6511e-01   1.3302e+02   9.2380e+00   5.7940e-02   1.4791e-03   3.8559e+02
20220330_11:00:00   6.1873e-01   1.2665e+02   8.7827e+00   4.8880e-02   1.2723e-03   3.7200e+02
20220330_12:00:00   5.9194e-01   1.2256e+02   9.0237e+00   3.2125e-02   2.5536e-03   3.6086e+02
20220330_13:00:00   6.0021e-01   1.2378e+02   8.8708e+00   3.8824e-02   2.7960e-03   3.5199e+02
20220330_14:00:00   5.9062e-01   1.2237e+02   8.9302e+00   3.3556e-02   1.6356e-03   3.4528e+02
20220330_15:00:00   5.4648e-01   1.1582e+02   8.8449e+00   1.7372e-02   1.5420e-03   3.4038e+02
20220330_16:00:00   5.0384e-01   1.0936e+02   8.5625e+00   6.2850e-03   1.2445e-03   3.4107e+02
20220330_17:00:00   4.8806e-01   1.0708e+02   8.1346e+00   9.7760e-03   7.6909e-04   3.4414e+02
20220330_18:00:00   4.4068e-01   9.9513e+01   7.6223e+00   2.2840e-03   9.3771e-04   3.4479e+02
20220330_19:00:00   4.3430e-01   9.8491e+01   7.5599e+00   2.6120e-03   1.4702e-03   3.4655e+02
20220330_20:00:00   4.3489e-01   9.8387e+01   7.7655e+00   2.3420e-03   4.7029e-03   3.4578e+02
20220330_21:00:00   4.2905e-01   9.7345e+01   7.7526e+00   1.9098e-03   6.4762e-03   3.4430e+02
20220330_22:00:00   4.2849e-01   9.6876e+01   7.4370e+00   1.3054e-02   1.6421e-02   3.4609e+02
20220330_23:00:00   3.9015e-01   9.0001e+01   6.8429e+00   1.2114e-02   1.9966e-02   3.4601e+02
20220331_00:00:00   3.9111e-01   9.0715e+01   7.1768e+00   0.0000e+00   1.9834e-02   3.4399e+02
20220331_01:00:00   3.2698e-01   7.9267e+01   5.9312e+00   0.0000e+00   3.8157e-04   3.4411e+02
20220331_02:00:00   2.9228e-01   7.2634e+01   5.2390e+00   0.0000e+00   0.0000e+00   3.4562e+02
20220331_03:00:00   2.6015e-01   6.6295e+01   4.6087e+00   0.0000e+00   0.0000e+00   3.4435e+02
20220331_04:00:00   2.4856e-01   6.3941e+01   4.3900e+00   0.0000e+00   0.0000e+00   3.4502e+02
20220331_05:00:00   2.4273e-01   6.2643e+01   4.2862e+00   0.0000e+00   0.0000e+00   3.4734e+02
20220331_06:00:00   2.4510e-01   6.3032e+01   4.3467e+00   0.0000e+00   0.0000e+00   3.4284e+02
20220331_07:00:00   2.5784e-01   6.5521e+01   4.6273e+00   0.0000e+00   0.0000e+00   3.3814e+02
20220331_08:00:00   2.7190e-01   6.8233e+01   4.9138e+00   0.0000e+00   1.1723e-03   3.3471e+02
20220331_09:00:00   2.7392e-01   6.8555e+01   4.9591e+00   0.0000e+00   6.2941e-03   3.3735e+02
20220331_10:00:00   2.8149e-01   7.0029e+01   5.0937e+00   0.0000e+00   1.8117e-02   3.3997e+02
20220331_11:00:00   3.1216e-01   7.5954e+01   5.6280e+00   0.0000e+00   9.0284e-02   3.4251e+02
20220331_12:00:00   3.4083e-01   8.1319e+01   6.1890e+00   0.0000e+00   7.3983e-02   3.4584e+02
20220331_13:00:00   3.6274e-01   8.5143e+01   6.6884e+00   0.0000e+00   9.9009e-02   3.4726e+02
20220331_14:00:00   3.8241e-01   8.8716e+01   7.0639e+00   0.0000e+00   8.1575e-02   3.4861e+02
20220331_15:00:00   3.8630e-01   8.9453e+01   7.1108e+00   0.0000e+00   9.2035e-02   3.5050e+02
20220331_16:00:00   4.1230e-01   9.3952e+01   7.6319e+00   0.0000e+00   1.6832e-01   3.5112e+02
20220331_17:00:00   4.3148e-01   9.7238e+01   8.0473e+00   0.0000e+00   1.9283e-01   3.5125e+02
20220331_18:00:00   4.3675e-01   9.8302e+01   8.1646e+00   0.0000e+00   1.0244e-01   3.4938e+02
20220331_19:00:00   4.5360e-01   1.0126e+02   8.5117e+00   0.0000e+00   9.0012e-02   3.4775e+02
20220331_20:00:00   4.7786e-01   1.0515e+02   8.8273e+00   5.8581e-03   1.2702e-01   3.4557e+02
20220331_21:00:00   4.6942e-01   1.0409e+02   8.8548e+00   6.8458e-04   1.3739e-01   3.4784e+02
20220331_22:00:00   4.9920e-01   1.0910e+02   9.3054e+00   3.2180e-03   1.5777e-01   3.4647e+02
20220331_23:00:00   5.1997e-01   1.1274e+02   9.7710e+00   1.0172e-03   7.0704e-02   3.4623e+02
20220401_00:00:00   5.5549e-01   1.1829e+02   1.0380e+01   8.4622e-04   9.0507e-02   3.4771e+02
20220401_01:00:00   5.7963e-01   1.2177e+02   1.0808e+01   0.0000e+00   1.8118e-01   3.5132e+02
20220401_02:00:00   5.7614e-01   1.2122e+02   1.0728e+01   3.3600e-06   1.4933e-01   3.5440e+02
20220401_03:00:00   5.4432e-01   1.1645e+02   1.0137e+01   0.0000e+00   7.5752e-02   3.5619e+02
20220401_04:00:00   5.4055e-01   1.1583e+02   1.0011e+01   0.0000e+00   7.9442e-02   3.5916e+02
20220401_05:00:00   5.3357e-01   1.1472e+02   9.8598e+00   0.0000e+00   4.5069e-02   3.6142e+02
20220401_06:00:00   5.0255e-01   1.0989e+02   9.2647e+00   0.0000e+00   3.5755e-02   3.6411e+02
20220401_07:00:00   5.1327e-01   1.1162e+02   9.3548e+00   0.0000e+00   1.3556e-02   3.6567e+02
20220401_08:00:00   4.8207e-01   1.0686e+02   8.6296e+00   0.0000e+00   1.7832e-05   3.6404e+02
20220401_09:00:00   4.5910e-01   1.0319e+02   8.0962e+00   0.0000e+00   0.0000e+00   3.6354e+02
20220401_10:00:00   4.3617e-01   9.9283e+01   7.6985e+00   0.0000e+00   7.3240e-04   3.5849e+02
20220401_11:00:00   4.0890e-01   9.4551e+01   7.2463e+00   0.0000e+00   9.9960e-05   3.5322e+02
20220401_12:00:00   3.8412e-01   9.0168e+01   6.8032e+00   0.0000e+00   2.5560e-04   3.4861e+02
20220401_13:00:00   3.6535e-01   8.6827e+01   6.4481e+00   0.0000e+00   1.9542e-04   3.4469e+02
20220401_14:00:00   3.5777e-01   8.5443e+01   6.3426e+00   0.0000e+00   1.8919e-04   3.4208e+02
20220401_15:00:00   3.5545e-01   8.5079e+01   6.3335e+00   0.0000e+00   9.3801e-04   3.4032e+02
20220401_16:00:00   3.5334e-01   8.4714e+01   6.3999e+00   0.0000e+00   4.7330e-04   3.3930e+02
20220401_17:00:00   3.6738e-01   8.7307e+01   6.7990e+00   0.0000e+00   7.3530e-04   3.3863e+02
20220401_18:00:00   3.6324e-01   8.6641e+01   6.8475e+00   0.0000e+00   3.6600e-05   3.3698e+02
20220401_19:00:00   3.4893e-01   8.4103e+01   6.6845e+00   0.0000e+00   1.7350e-04   3.3501e+02
20220401_20:00:00   3.4688e-01   8.3785e+01   6.7463e+00   0.0000e+00   5.9240e-05   3.3459e+02
20220401_21:00:00   3.4888e-01   8.4262e+01   6.8314e+00   0.0000e+00   4.0680e-05   3.3507e+02
20220401_22:00:00   3.4531e-01   8.3700e+01   6.7744e+00   0.0000e+00   6.7060e-05   3.3450e+02
20220401_23:00:00   3.4928e-01   8.4556e+01   6.8357e+00   0.0000e+00   1.5628e-04   3.3336e+02
20220402_00:00:00   3.5933e-01   8.6535e+01   7.0095e+00   0.0000e+00   1.0988e-04   3.3365e+02
20220402_01:00:00   3.6849e-01   8.8313e+01   7.1528e+00   0.0000e+00   1.6798e-06   3.3339e+02
20220402_02:00:00   3.7076e-01   8.8736e+01   7.1594e+00   0.0000e+00   0.0000e+00   3.3257e+02
20220402_03:00:00   3.7719e-01   8.9884e+01   7.2494e+00   0.0000e+00   0.0000e+00   3.3216e+02
20220402_04:00:00   3.7817e-01   9.0043e+01   7.2379e+00   0.0000e+00   0.0000e+00   3.3138e+02
20220402_05:00:00   3.8360e-01   9.0946e+01   7.3451e+00   0.0000e+00   0.0000e+00   3.3037e+02
20220402_06:00:00   3.8626e-01   9.1378e+01   7.3995e+00   0.0000e+00   0.0000e+00   3.3130e+02
20220402_07:00:00   3.8742e-01   9.1525e+01   7.4276e+00   0.0000e+00   0.0000e+00   3.3217e+02
20220402_08:00:00   3.9123e-01   9.2140e+01   7.5142e+00   0.0000e+00   0.0000e+00   3.3251e+02
20220402_09:00:00   3.9446e-01   9.2647e+01   7.5939e+00   0.0000e+00   0.0000e+00   3.3325e+02
20220402_10:00:00   3.9267e-01   9.2305e+01   7.5614e+00   0.0000e+00   0.0000e+00   3.3295e+02
20220402_11:00:00   3.7452e-01   8.9027e+01   7.1909e+00   0.0000e+00   0.0000e+00   3.3270e+02
20220402_12:00:00   3.5511e-01   8.5500e+01   6.7853e+00   0.0000e+00   0.0000e+00   3.3294e+02
20220402_13:00:00   3.5327e-01   8.5158e+01   6.7371e+00   0.0000e+00   0.0000e+00   3.3381e+02
20220402_14:00:00   3.6716e-01   8.7698e+01   7.0228e+00   0.0000e+00   0.0000e+00   3.3401e+02
20220402_15:00:00   3.7510e-01   8.9198e+01   7.1741e+00   0.0000e+00   1.4424e-05   3.3430e+02
20220402_16:00:00   3.8726e-01   9.1539e+01   7.4130e+00   0.0000e+00   4.3660e-05   3.3474e+02
20220402_17:00:00   4.0053e-01   9.4033e+01   7.6980e+00   0.0000e+00   2.8744e-04   3.3409e+02
20220402_18:00:00   4.1605e-01   9.6951e+01   8.0299e+00   0.0000e+00   9.9684e-04   3.3327e+02
20220402_19:00:00   4.3535e-01   1.0043e+02   8.4333e+00   0.0000e+00   1.5532e-03   3.3269e+02
20220402_20:00:00   4.5152e-01   1.0336e+02   8.7996e+00   0.0000e+00   2.6806e-03   3.3274e+02
20220402_21:00:00   4.7482e-01   1.0726e+02   9.3224e+00   0.0000e+00   4.6236e-03   3.3160e+02
20220402_22:00:00   4.7251e-01   1.0685e+02   9.3733e+00   0.0000e+00   7.0905e-03   3.3065e+02
20220402_23:00:00   4.6035e-01   1.0473e+02   9.1801e+00   0.0000e+00   9.1173e-03   3.2973e+02
20220403_00:00:00   4.5603e-01   1.0399e+02   9.0731e+00   0.0000e+00   1.9093e-02   3.2930e+02
20220403_01:00:00   4.7496e-01   1.0722e+02   9.3925e+00   0.0000e+00   1.4976e-02   3.2996e+02
20220403_02:00:00   4.8190e-01   1.0835e+02   9.4464e+00   0.0000e+00   1.2819e-02   3.2971e+02
20220403_03:00:00   4.7363e-01   1.0694e+02   9.2176e+00   0.0000e+00   7.5459e-03   3.2892e+02
20220403_04:00:00   4.5304e-01   1.0349e+02   8.7396e+00   0.0000e+00   1.2621e-03   3.2891e+02
20220403_05:00:00   4.3078e-01   9.9830e+01   8.2163e+00   0.0000e+00   0.0000e+00   3.2923e+02
20220403_06:00:00   4.0096e-01   9.4651e+01   7.6020e+00   0.0000e+00   0.0000e+00   3.2759e+02
20220403_07:00:00   3.4534e-01   8.4304e+01   6.5287e+00   0.0000e+00   1.7348e-04   3.2584e+02
20220403_08:00:00   2.9884e-01   7.5094e+01   5.6555e+00   0.0000e+00   1.3040e-03   3.2137e+02
20220403_09:00:00   2.8019e-01   7.1235e+01   5.2789e+00   0.0000e+00   4.6220e-04   3.1599e+02
20220403_10:00:00   2.7949e-01   7.1086e+01   5.2265e+00   0.0000e+00   3.8280e-05   3.1444e+02
20220403_11:00:00   2.6784e-01   6.8718e+01   4.9510e+00   0.0000e+00   1.4524e-04   3.1281e+02
20220403_12:00:00   2.5309e-01   6.5612e+01   4.6628e+00   0.0000e+00   0.0000e+00   3.1178e+02
20220403_15:00:00   2.4258e-01   6.3250e+01   4.4781e+00   0.0000e+00   7.3088e-03   3.0974e+02
20220403_18:00:00   2.8601e-01   7.2134e+01   5.5088e+00   0.0000e+00   9.6046e-03   3.1095e+02
20220403_21:00:00   3.0467e-01   7.5643e+01   6.1195e+00   0.0000e+00   3.8001e-02   3.0900e+02
20220404_00:00:00   3.4200e-01   8.2788e+01   6.8801e+00   0.0000e+00   3.3581e-02   3.1210e+02
20220404_03:00:00   3.5201e-01   8.4480e+01   7.0340e+00   0.0000e+00   1.1231e-02   3.1255e+02
20220404_06:00:00   3.2283e-01   7.8833e+01   6.3407e+00   0.0000e+00   4.8760e-02   3.1736e+02
20220404_09:00:00   3.3563e-01   8.1255e+01   6.4499e+00   4.4450e-06   3.6968e-02   3.2434e+02
20220404_12:00:00   3.5576e-01   8.4909e+01   6.6519e+00   0.0000e+00   5.5956e-02   3.4227e+02
20220404_15:00:00   3.9625e-01   9.2320e+01   7.2097e+00   0.0000e+00   4.9083e-03   3.4684e+02
20220404_18:00:00   4.4821e-01   1.0133e+02   8.2197e+00   2.0140e-03   2.0198e-03   3.4955e+02
20220404_21:00:00   4.6753e-01   1.0395e+02   8.9707e+00   7.7480e-04   7.3124e-02   3.5470e+02
20220405_00:00:00   3.9925e-01   9.2509e+01   7.6752e+00   4.7680e-04   5.3563e-03   3.6392e+02
20220405_03:00:00   5.6143e-01   1.1952e+02   1.0226e+01   0.0000e+00   1.0738e-02   3.5789e+02
20220405_06:00:00   4.1253e-01   9.5723e+01   7.4899e+00   0.0000e+00   0.0000e+00   3.3809e+02
20220405_09:00:00   3.4027e-01   8.2234e+01   6.3109e+00   0.0000e+00   3.6757e-04   3.2717e+02
20220405_12:00:00   3.3565e-01   8.1330e+01   6.3562e+00   0.0000e+00   0.0000e+00   3.2331e+02
20220405_15:00:00   3.4781e-01   8.3788e+01   6.6647e+00   0.0000e+00   0.0000e+00   3.1872e+02
20220405_18:00:00   3.7232e-01   8.8634e+01   7.3741e+00   0.0000e+00   3.7835e-04   3.2096e+02
20220405_21:00:00   4.1193e-01   9.6662e+01   8.1594e+00   0.0000e+00   0.0000e+00   3.1664e+02
20220406_00:00:00   4.2834e-01   1.0008e+02   8.3953e+00   0.0000e+00   0.0000e+00   3.1424e+02
20220406_03:00:00   4.6005e-01   1.0537e+02   8.7805e+00   0.0000e+00   0.0000e+00   3.1768e+02
20220406_06:00:00   4.3541e-01   1.0071e+02   8.1657e+00   0.0000e+00   0.0000e+00   3.1826e+02
20220406_09:00:00   3.9954e-01   9.4035e+01   7.4677e+00   0.0000e+00   0.0000e+00   3.1729e+02
20220406_12:00:00   4.0534e-01   9.4845e+01   7.6171e+00   0.0000e+00   0.0000e+00   3.1807e+02
20220406_15:00:00   3.4846e-01   8.4439e+01   6.1685e+00   0.0000e+00   0.0000e+00   3.1800e+02
20220406_18:00:00   2.1829e-01   5.7692e+01   3.8620e+00   0.0000e+00   0.0000e+00   3.2153e+02
20220406_21:00:00   1.4062e-01   4.0029e+01   2.4398e+00   0.0000e+00   0.0000e+00   3.2284e+02
20220407_00:00:00   1.4187e-01   4.0233e+01   2.4220e+00   0.0000e+00   0.0000e+00   3.2188e+02
20220407_03:00:00   9.2460e-02   2.8205e+01   1.4203e+00   0.0000e+00   0.0000e+00   3.2159e+02
20220407_06:00:00   9.9377e-02   2.9818e+01   1.5085e+00   0.0000e+00   0.0000e+00   3.1971e+02
20220407_09:00:00   9.5213e-02   2.8782e+01   1.4249e+00   0.0000e+00   0.0000e+00   3.1742e+02
20220407_12:00:00   9.0025e-02   2.7498e+01   1.3396e+00   0.0000e+00   0.0000e+00   3.1751e+02
20220407_15:00:00   9.0110e-02   2.7545e+01   1.3735e+00   0.0000e+00   0.0000e+00   3.1805e+02
20220407_18:00:00   1.0089e-01   3.0334e+01   1.6467e+00   0.0000e+00   0.0000e+00   3.1954e+02
20220407_21:00:00   1.3487e-01   3.8714e+01   2.3844e+00   0.0000e+00   1.6758e-04   3.1579e+02
20220408_00:00:00   1.4540e-01   4.1278e+01   2.6402e+00   0.0000e+00   3.1040e-03   3.1486e+02
20220408_03:00:00   1.4489e-01   4.1080e+01   2.6179e+00   0.0000e+00   6.6840e-03   3.1326e+02
20220408_06:00:00   1.4559e-01   4.1158e+01   2.6197e+00   0.0000e+00   1.7763e-03   3.1226e+02
20220408_09:00:00   1.3242e-01   3.8059e+01   2.3603e+00   0.0000e+00   1.2441e-03   3.0903e+02
20220408_12:00:00   1.3212e-01   3.7944e+01   2.3526e+00   0.0000e+00   1.8414e-04   3.1429e+02
20220408_15:00:00   1.2966e-01   3.7426e+01   2.2937e+00   0.0000e+00   0.0000e+00   3.1627e+02
20220408_18:00:00   1.4101e-01   4.0329e+01   2.5581e+00   0.0000e+00   0.0000e+00   3.1380e+02
20220408_21:00:00   1.6520e-01   4.6082e+01   3.1255e+00   0.0000e+00   7.4080e-06   3.1534e+02
20220409_00:00:00   1.9677e-01   5.3195e+01   3.8217e+00   0.0000e+00   1.5512e-03   3.1608e+02
20220409_03:00:00   2.2060e-01   5.7965e+01   4.3495e+00   0.0000e+00   2.3755e-02   3.1721e+02
20220409_06:00:00   2.5637e-01   6.5410e+01   5.0740e+00   0.0000e+00   1.4492e-04   3.1860e+02
20220409_09:00:00   3.4571e-01   8.3171e+01   6.8462e+00   0.0000e+00   2.1375e-03   3.1665e+02
20220409_12:00:00   4.5664e-01   1.0276e+02   9.1015e+00   0.0000e+00   1.3052e-02   3.1524e+02
20220409_15:00:00   5.4546e-01   1.1727e+02   1.0712e+01   0.0000e+00   5.4032e-03   3.1453e+02
20220409_18:00:00   5.9994e-01   1.2627e+02   1.1706e+01   1.9478e-04   2.9755e-02   3.1481e+02
20220409_21:00:00   6.7542e-01   1.3771e+02   1.2893e+01   3.9765e-03   2.1980e-01   3.1295e+02
20220410_00:00:00   7.3201e-01   1.4509e+02   1.3928e+01   0.0000e+00   1.9646e-01   3.1001e+02
20220410_03:00:00   6.5331e-01   1.3473e+02   1.2530e+01   0.0000e+00   3.9409e-02   3.1417e+02
20220410_06:00:00   5.7910e-01   1.2396e+02   1.1119e+01   0.0000e+00   2.2221e-05   3.1421e+02
20220410_09:00:00   5.3832e-01   1.1689e+02   1.0440e+01   0.0000e+00   3.6093e-03   3.1200e+02
20220410_12:00:00   4.6855e-01   1.0519e+02   9.1532e+00   0.0000e+00   2.5600e-04   3.1558e+02
20220410_15:00:00   4.2532e-01   9.7912e+01   8.3261e+00   0.0000e+00   0.0000e+00   3.1372e+02
20220410_18:00:00   4.1330e-01   9.6664e+01   8.0052e+00   0.0000e+00   0.0000e+00   3.1813e+02
20220410_21:00:00   3.6711e-01   8.8799e+01   7.2227e+00   0.0000e+00   0.0000e+00   3.1987e+02
20220411_00:00:00   3.7906e-01   9.0709e+01   7.6284e+00   0.0000e+00   3.0677e-03   3.1862e+02
20220411_03:00:00   4.3077e-01   9.9497e+01   8.6357e+00   0.0000e+00   9.9875e-03   3.2279e+02
20220411_06:00:00   3.8345e-01   9.1101e+01   7.5922e+00   0.0000e+00   0.0000e+00   3.2585e+02
20220411_09:00:00   3.7463e-01   8.9776e+01   7.2491e+00   0.0000e+00   0.0000e+00   3.2547e+02
20220411_12:00:00   3.4406e-01   8.4361e+01   6.4827e+00   0.0000e+00   0.0000e+00   3.2790e+02
20220411_15:00:00   3.3349e-01   8.2556e+01   6.1990e+00   0.0000e+00   0.0000e+00   3.2683e+02
20220411_18:00:00   3.5300e-01   8.6468e+01   6.6870e+00   0.0000e+00   0.0000e+00   3.1794e+02
20220411_21:00:00   3.8915e-01   9.2796e+01   7.7959e+00   1.1714e-04   4.3340e-04   3.1565e+02
20220412_00:00:00   3.5716e-01   8.7158e+01   7.1560e+00   0.0000e+00   1.0812e-03   3.1196e+02
20220412_03:00:00   3.2960e-01   8.2275e+01   6.3396e+00   0.0000e+00   1.2499e-04   3.0862e+02
20220412_06:00:00   3.6158e-01   8.8140e+01   6.9165e+00   0.0000e+00   2.5849e-02   3.0751e+02
20220412_09:00:00   4.4094e-01   1.0195e+02   8.5659e+00   0.0000e+00   1.7010e-02   3.0877e+02
20220412_12:00:00   5.5498e-01   1.1969e+02   1.0903e+01   4.6290e-05   5.3963e-02   3.0706e+02
20220412_15:00:00   6.1807e-01   1.2812e+02   1.2437e+01   0.0000e+00   3.5546e-02   3.0714e+02
20220412_18:00:00   7.5347e-01   1.4774e+02   1.4721e+01   2.3297e-03   1.6545e-02   3.0296e+02
20220412_21:00:00   1.0438e+00   1.8045e+02   1.7216e+01   6.3985e-02   2.8546e-02   2.9731e+02
20220413_00:00:00   1.6823e+00   2.2567e+02   1.8180e+01   2.9001e-01   3.5199e-02   2.9096e+02
20220413_03:00:00   8.3658e-01   1.5881e+02   1.5166e+01   0.0000e+00   0.0000e+00   2.9680e+02
20220413_06:00:00   7.7697e-01   1.5155e+02   1.3451e+01   8.9980e-03   0.0000e+00   2.9824e+02
20220413_09:00:00   9.5345e-01   1.7124e+02   1.1907e+01   1.0989e-01   8.1200e-05   2.9748e+02
20220413_12:00:00   6.1335e-01   1.2884e+02   9.6082e+00   2.0438e-02   5.1860e-05   3.0005e+02
20220413_15:00:00   4.9678e-01   1.1039e+02   8.6341e+00   1.4776e-03   1.0172e-05   3.0116e+02
20220413_18:00:00   4.0282e-01   9.4144e+01   7.6471e+00   0.0000e+00   0.0000e+00   3.0375e+02
20220413_21:00:00   4.1767e-01   9.7215e+01   7.9298e+00   0.0000e+00   0.0000e+00   3.0155e+02
20220414_00:00:00   3.9581e-01   9.3422e+01   7.4722e+00   0.0000e+00   0.0000e+00   3.0080e+02
20220414_03:00:00   3.9627e-01   9.3222e+01   7.1293e+00   0.0000e+00   0.0000e+00   3.0126e+02
20220414_06:00:00   2.3737e-01   6.2059e+01   3.9450e+00   0.0000e+00   0.0000e+00   3.0673e+02
20220414_09:00:00   2.0827e-01   5.5594e+01   3.3122e+00   0.0000e+00   0.0000e+00   3.1148e+02
20220414_12:00:00   1.7021e-01   4.6955e+01   2.7160e+00   0.0000e+00   0.0000e+00   3.2380e+02
