#            date       tau255        Tb[K]      pwv[mm] lwp[kg*m^-2] iwp[kg*m^-2]       o3[DU]
20210607_12:00:00   4.2450e-01   9.8825e+01   7.4642e+00   0.0000e+00   0.0000e+00   2.6931e+02
20210607_13:00:00   4.6942e-01   1.0644e+02   8.2919e+00   0.0000e+00   2.4180e-05   2.6955e+02
20210607_14:00:00   5.2004e-01   1.1461e+02   9.1882e+00   2.1900e-03   6.8601e-04   2.7050e+02
20210607_15:00:00   4.7763e-01   1.0795e+02   8.5723e+00   0.0000e+00   3.8700e-06   2.7062e+02
20210607_16:00:00   4.6798e-01   1.0636e+02   8.3586e+00   0.0000e+00   7.0900e-06   2.7104e+02
20210607_17:00:00   4.9073e-01   1.1022e+02   8.7050e+00   5.2620e-05   3.5260e-05   2.7196e+02
20210607_18:00:00   4.8999e-01   1.1016e+02   8.5413e+00   1.1696e-03   6.6120e-05   2.7235e+02
20210607_19:00:00   4.6673e-01   1.0622e+02   8.1749e+00   0.0000e+00   0.0000e+00   2.7213e+02
20210607_20:00:00   4.7133e-01   1.0684e+02   8.2389e+00   0.0000e+00   1.4582e-05   2.7241e+02
20210607_21:00:00   4.2266e-01   9.8570e+01   7.3955e+00   0.0000e+00   0.0000e+00   2.7275e+02
20210607_22:00:00   4.6714e-01   1.0593e+02   7.7330e+00   9.0560e-03   7.5300e-05   2.7278e+02
20210607_23:00:00   4.4754e-01   1.0247e+02   7.3958e+00   8.6860e-03   5.6140e-05   2.7321e+02
20210608_00:00:00   4.3852e-01   1.0089e+02   7.3868e+00   4.7059e-03   8.6040e-05   2.7365e+02
20210608_01:00:00   3.9504e-01   9.3037e+01   6.8756e+00   0.0000e+00   0.0000e+00   2.7611e+02
20210608_02:00:00   3.1497e-01   7.7857e+01   5.5656e+00   0.0000e+00   0.0000e+00   2.7742e+02
20210608_03:00:00   2.4953e-01   6.4569e+01   4.4327e+00   0.0000e+00   0.0000e+00   2.7768e+02
20210608_04:00:00   1.9940e-01   5.3792e+01   3.5208e+00   0.0000e+00   0.0000e+00   2.7646e+02
20210608_05:00:00   1.7872e-01   4.9189e+01   3.1358e+00   0.0000e+00   0.0000e+00   2.7526e+02
20210608_06:00:00   1.7954e-01   4.9370e+01   3.1366e+00   0.0000e+00   0.0000e+00   2.7501e+02
20210608_07:00:00   1.8173e-01   4.9834e+01   3.1826e+00   0.0000e+00   0.0000e+00   2.7598e+02
20210608_08:00:00   1.8523e-01   5.0636e+01   3.2393e+00   0.0000e+00   0.0000e+00   2.7497e+02
20210608_09:00:00   1.8172e-01   4.9852e+01   3.1840e+00   0.0000e+00   0.0000e+00   2.7261e+02
20210608_10:00:00   1.8213e-01   4.9966e+01   3.1945e+00   0.0000e+00   0.0000e+00   2.7175e+02
20210608_11:00:00   1.8291e-01   5.0190e+01   3.2131e+00   0.0000e+00   0.0000e+00   2.7304e+02
20210608_12:00:00   1.8181e-01   4.9986e+01   3.2248e+00   0.0000e+00   0.0000e+00   2.7388e+02
20210608_13:00:00   1.7463e-01   4.8387e+01   3.1068e+00   0.0000e+00   0.0000e+00   2.7256e+02
20210608_14:00:00   1.7194e-01   4.7791e+01   3.0614e+00   0.0000e+00   0.0000e+00   2.6969e+02
20210608_15:00:00   1.6828e-01   4.6942e+01   2.9994e+00   0.0000e+00   0.0000e+00   2.6860e+02
20210608_16:00:00   1.5041e-01   4.2761e+01   2.6838e+00   0.0000e+00   0.0000e+00   2.7038e+02
20210608_17:00:00   1.2551e-01   3.6794e+01   2.2449e+00   0.0000e+00   0.0000e+00   2.7253e+02
20210608_18:00:00   1.1725e-01   3.4756e+01   2.1095e+00   0.0000e+00   0.0000e+00   2.7179e+02
20210608_19:00:00   1.1099e-01   3.3185e+01   2.0170e+00   0.0000e+00   0.0000e+00   2.7184e+02
20210608_20:00:00   1.0610e-01   3.1933e+01   1.9455e+00   0.0000e+00   0.0000e+00   2.7216e+02
20210608_21:00:00   1.0602e-01   3.1873e+01   1.9569e+00   0.0000e+00   0.0000e+00   2.7237e+02
20210608_22:00:00   1.0631e-01   3.1905e+01   1.9750e+00   0.0000e+00   0.0000e+00   2.7191e+02
20210608_23:00:00   1.0486e-01   3.1548e+01   1.9477e+00   0.0000e+00   0.0000e+00   2.7195e+02
20210609_00:00:00   1.0258e-01   3.0981e+01   1.8986e+00   0.0000e+00   0.0000e+00   2.7295e+02
20210609_01:00:00   1.0154e-01   3.0729e+01   1.8706e+00   0.0000e+00   0.0000e+00   2.7362e+02
20210609_02:00:00   1.0334e-01   3.1186e+01   1.9087e+00   0.0000e+00   0.0000e+00   2.7385e+02
20210609_03:00:00   1.0209e-01   3.0904e+01   1.8781e+00   0.0000e+00   0.0000e+00   2.7452e+02
20210609_04:00:00   1.0057e-01   3.0556e+01   1.8443e+00   0.0000e+00   0.0000e+00   2.7410e+02
20210609_05:00:00   9.7845e-02   2.9895e+01   1.7824e+00   0.0000e+00   0.0000e+00   2.7390e+02
20210609_06:00:00   9.9847e-02   3.0378e+01   1.8312e+00   0.0000e+00   0.0000e+00   2.7391e+02
20210609_07:00:00   1.0029e-01   3.0478e+01   1.8485e+00   0.0000e+00   0.0000e+00   2.7415e+02
20210609_08:00:00   1.0291e-01   3.1131e+01   1.9079e+00   0.0000e+00   0.0000e+00   2.7392e+02
20210609_09:00:00   1.0266e-01   3.1072e+01   1.8982e+00   0.0000e+00   0.0000e+00   2.7247e+02
20210609_10:00:00   1.0374e-01   3.1352e+01   1.9142e+00   0.0000e+00   0.0000e+00   2.7107e+02
20210609_11:00:00   1.1083e-01   3.3144e+01   2.0454e+00   0.0000e+00   0.0000e+00   2.7029e+02
20210609_12:00:00   1.1835e-01   3.5038e+01   2.1848e+00   0.0000e+00   0.0000e+00   2.6914e+02
20210609_13:00:00   1.2420e-01   3.6512e+01   2.2944e+00   0.0000e+00   0.0000e+00   2.6885e+02
20210609_14:00:00   1.2461e-01   3.6655e+01   2.2885e+00   0.0000e+00   0.0000e+00   2.6982e+02
20210609_15:00:00   1.2175e-01   3.6005e+01   2.2134e+00   0.0000e+00   0.0000e+00   2.7082e+02
20210609_16:00:00   1.1962e-01   3.5488e+01   2.1664e+00   0.0000e+00   0.0000e+00   2.7158e+02
20210609_17:00:00   1.1229e-01   3.3671e+01   2.0250e+00   0.0000e+00   0.0000e+00   2.7305e+02
20210609_18:00:00   1.0914e-01   3.2886e+01   1.9705e+00   0.0000e+00   0.0000e+00   2.7324e+02
20210609_19:00:00   1.0701e-01   3.2372e+01   1.9251e+00   0.0000e+00   0.0000e+00   2.7284e+02
20210609_20:00:00   1.0781e-01   3.2573e+01   1.9424e+00   0.0000e+00   0.0000e+00   2.7263e+02
20210609_21:00:00   1.0757e-01   3.2516e+01   1.9365e+00   0.0000e+00   0.0000e+00   2.7341e+02
20210609_22:00:00   1.0935e-01   3.2936e+01   1.9759e+00   0.0000e+00   0.0000e+00   2.7273e+02
20210609_23:00:00   1.1068e-01   3.3238e+01   2.0052e+00   0.0000e+00   0.0000e+00   2.7059e+02
20210610_00:00:00   1.1025e-01   3.3127e+01   1.9941e+00   0.0000e+00   0.0000e+00   2.6763e+02
20210610_01:00:00   1.0992e-01   3.3037e+01   1.9874e+00   0.0000e+00   0.0000e+00   2.6617e+02
20210610_02:00:00   1.1096e-01   3.3251e+01   2.0189e+00   0.0000e+00   0.0000e+00   2.6464e+02
20210610_03:00:00   1.1196e-01   3.3489e+01   2.0422e+00   0.0000e+00   0.0000e+00   2.6395e+02
20210610_04:00:00   1.1202e-01   3.3509e+01   2.0424e+00   0.0000e+00   0.0000e+00   2.6362e+02
20210610_05:00:00   1.1683e-01   3.4772e+01   2.1202e+00   0.0000e+00   0.0000e+00   2.6341e+02
20210610_06:00:00   1.3420e-01   3.9029e+01   2.4645e+00   0.0000e+00   0.0000e+00   2.6327e+02
20210610_07:00:00   1.4402e-01   4.1403e+01   2.6517e+00   0.0000e+00   0.0000e+00   2.6326e+02
20210610_08:00:00   1.4263e-01   4.1064e+01   2.6305e+00   0.0000e+00   0.0000e+00   2.6395e+02
20210610_09:00:00   1.4355e-01   4.1266e+01   2.6567e+00   0.0000e+00   0.0000e+00   2.6428e+02
20210610_10:00:00   1.5328e-01   4.3661e+01   2.8289e+00   0.0000e+00   0.0000e+00   2.6543e+02
20210610_11:00:00   1.7028e-01   4.7669e+01   3.1700e+00   0.0000e+00   0.0000e+00   2.6574e+02
20210610_12:00:00   1.9088e-01   5.2379e+01   3.5872e+00   0.0000e+00   0.0000e+00   2.6488e+02
20210610_13:00:00   2.0684e-01   5.5982e+01   3.9067e+00   0.0000e+00   0.0000e+00   2.6373e+02
20210610_14:00:00   1.9949e-01   5.4339e+01   3.7735e+00   0.0000e+00   0.0000e+00   2.6343e+02
20210610_15:00:00   1.9065e-01   5.2365e+01   3.5924e+00   0.0000e+00   0.0000e+00   2.6318e+02
20210610_16:00:00   1.7833e-01   4.9554e+01   3.3522e+00   0.0000e+00   0.0000e+00   2.6216e+02
20210610_17:00:00   1.7742e-01   4.9372e+01   3.3254e+00   0.0000e+00   0.0000e+00   2.6191e+02
20210610_18:00:00   1.7475e-01   4.8827e+01   3.2529e+00   0.0000e+00   0.0000e+00   2.6222e+02
20210610_19:00:00   1.8266e-01   5.0672e+01   3.4008e+00   0.0000e+00   0.0000e+00   2.6161e+02
20210610_20:00:00   1.8793e-01   5.1857e+01   3.5100e+00   0.0000e+00   0.0000e+00   2.6009e+02
20210610_21:00:00   2.0125e-01   5.4905e+01   3.7554e+00   0.0000e+00   0.0000e+00   2.5944e+02
20210610_22:00:00   2.1373e-01   5.7715e+01   4.0027e+00   0.0000e+00   0.0000e+00   2.5967e+02
20210610_23:00:00   2.4549e-01   6.4690e+01   4.5979e+00   0.0000e+00   0.0000e+00   2.5982e+02
20210611_00:00:00   2.8533e-01   7.3116e+01   5.3191e+00   0.0000e+00   0.0000e+00   2.5996e+02
20210611_01:00:00   2.9578e-01   7.5214e+01   5.5105e+00   0.0000e+00   0.0000e+00   2.6006e+02
20210611_02:00:00   2.9871e-01   7.5772e+01   5.5556e+00   0.0000e+00   0.0000e+00   2.5995e+02
20210611_03:00:00   2.9359e-01   7.4775e+01   5.4548e+00   0.0000e+00   0.0000e+00   2.5915e+02
20210611_04:00:00   2.8280e-01   7.2571e+01   5.2559e+00   0.0000e+00   0.0000e+00   2.5794e+02
20210611_05:00:00   2.7906e-01   7.1802e+01   5.1842e+00   0.0000e+00   0.0000e+00   2.5800e+02
20210611_06:00:00   2.4920e-01   6.5483e+01   4.6569e+00   0.0000e+00   0.0000e+00   2.5768e+02
20210611_07:00:00   1.8939e-01   5.2146e+01   3.5717e+00   0.0000e+00   2.2320e-05   2.5741e+02
20210611_08:00:00   1.9093e-01   5.2478e+01   3.5980e+00   0.0000e+00   0.0000e+00   2.5722e+02
20210611_09:00:00   2.1542e-01   5.7933e+01   4.0888e+00   0.0000e+00   0.0000e+00   2.5669e+02
20210611_10:00:00   2.6138e-01   6.7999e+01   4.9350e+00   0.0000e+00   2.5100e-04   2.5697e+02
20210611_11:00:00   3.0467e-01   7.6941e+01   5.7627e+00   0.0000e+00   1.1164e-05   2.5614e+02
20210611_12:00:00   3.1422e-01   7.8853e+01   5.9696e+00   0.0000e+00   4.0260e-06   2.5444e+02
20210611_13:00:00   3.1783e-01   7.9610e+01   6.0597e+00   0.0000e+00   0.0000e+00   2.5310e+02
20210611_14:00:00   3.1874e-01   7.9812e+01   6.0998e+00   0.0000e+00   3.4500e-06   2.5168e+02
20210611_15:00:00   3.3206e-01   8.2501e+01   6.3665e+00   0.0000e+00   0.0000e+00   2.5118e+02
20210611_16:00:00   3.3731e-01   8.3485e+01   6.4856e+00   0.0000e+00   6.0820e-05   2.5153e+02
20210611_17:00:00   3.6720e-01   8.9124e+01   7.0886e+00   0.0000e+00   8.0020e-06   2.5147e+02
20210611_18:00:00   3.4962e-01   8.5797e+01   6.7304e+00   0.0000e+00   1.3338e-05   2.5144e+02
20210611_19:00:00   3.5285e-01   8.6406e+01   6.7830e+00   0.0000e+00   4.1942e-04   2.5027e+02
20210611_20:00:00   3.5430e-01   8.6638e+01   6.8104e+00   0.0000e+00   1.9790e-03   2.5018e+02
20210611_21:00:00   3.6122e-01   8.7881e+01   6.9408e+00   0.0000e+00   3.8379e-03   2.5027e+02
20210611_22:00:00   3.6800e-01   8.9060e+01   7.0700e+00   0.0000e+00   2.9628e-03   2.4985e+02
20210611_23:00:00   3.6415e-01   8.8350e+01   6.9740e+00   0.0000e+00   8.1770e-04   2.4963e+02
20210612_00:00:00   3.4870e-01   8.5475e+01   6.6531e+00   0.0000e+00   1.5477e-04   2.4941e+02
20210612_01:00:00   3.2281e-01   8.0514e+01   6.1306e+00   0.0000e+00   1.4510e-04   2.4929e+02
20210612_02:00:00   2.9021e-01   7.4004e+01   5.4964e+00   0.0000e+00   6.3626e-05   2.4935e+02
20210612_03:00:00   2.5640e-01   6.7002e+01   4.8457e+00   0.0000e+00   8.0520e-06   2.4959e+02
20210612_04:00:00   2.4232e-01   6.4007e+01   4.5605e+00   0.0000e+00   3.8381e-05   2.4978e+02
20210612_05:00:00   2.4163e-01   6.3891e+01   4.5226e+00   0.0000e+00   2.7600e-05   2.4939e+02
20210612_06:00:00   2.4617e-01   6.4864e+01   4.5887e+00   0.0000e+00   3.4880e-05   2.4872e+02
20210612_07:00:00   2.4311e-01   6.4179e+01   4.5371e+00   0.0000e+00   4.1340e-05   2.4823e+02
20210612_08:00:00   2.2219e-01   5.9610e+01   4.1611e+00   0.0000e+00   1.3338e-06   2.4840e+02
20210612_09:00:00   2.1148e-01   5.7178e+01   3.9858e+00   0.0000e+00   2.0500e-05   2.4790e+02
20210612_10:00:00   2.0558e-01   5.5764e+01   3.9084e+00   0.0000e+00   1.1502e-05   2.4765e+02
20210612_11:00:00   2.3001e-01   6.1216e+01   4.3610e+00   0.0000e+00   0.0000e+00   2.4822e+02
20210612_12:00:00   2.5108e-01   6.5772e+01   4.7669e+00   0.0000e+00   6.2240e-06   2.4856e+02
20210612_15:00:00   2.6208e-01   6.8199e+01   5.0054e+00   0.0000e+00   0.0000e+00   2.4951e+02
20210612_18:00:00   2.5677e-01   6.7101e+01   4.8997e+00   0.0000e+00   0.0000e+00   2.5236e+02
20210612_21:00:00   2.6450e-01   6.8630e+01   5.0726e+00   0.0000e+00   2.5200e-04   2.5224e+02
20210613_00:00:00   2.7065e-01   6.9850e+01   5.1892e+00   0.0000e+00   2.0080e-04   2.5428e+02
20210613_03:00:00   2.6832e-01   6.9316e+01   5.1365e+00   0.0000e+00   2.6660e-04   2.5305e+02
20210613_06:00:00   2.3711e-01   6.2699e+01   4.5447e+00   0.0000e+00   3.4500e-06   2.5187e+02
20210613_09:00:00   2.4096e-01   6.3482e+01   4.6279e+00   0.0000e+00   0.0000e+00   2.5425e+02
20210613_12:00:00   2.4644e-01   6.4688e+01   4.7742e+00   0.0000e+00   9.5040e-04   2.5456e+02
20210613_15:00:00   2.5613e-01   6.6916e+01   4.9685e+00   0.0000e+00   4.6240e-05   2.5322e+02
20210613_18:00:00   2.5396e-01   6.6312e+01   4.9300e+00   0.0000e+00   2.0400e-05   2.5283e+02
20210613_21:00:00   2.2299e-01   5.9465e+01   4.3205e+00   0.0000e+00   6.2240e-06   2.5483e+02
20210614_00:00:00   1.8927e-01   5.1862e+01   3.6637e+00   0.0000e+00   0.0000e+00   2.5703e+02
20210614_03:00:00   1.9759e-01   5.3714e+01   3.8232e+00   0.0000e+00   0.0000e+00   2.5593e+02
20210614_06:00:00   2.0758e-01   5.5987e+01   3.9631e+00   0.0000e+00   0.0000e+00   2.5600e+02
20210614_09:00:00   2.3087e-01   6.1065e+01   4.4239e+00   0.0000e+00   0.0000e+00   2.5650e+02
20210614_12:00:00   3.4223e-01   8.3454e+01   6.6488e+00   0.0000e+00   0.0000e+00   2.5479e+02
20210614_15:00:00   3.6347e-01   8.7554e+01   6.9754e+00   0.0000e+00   0.0000e+00   2.5680e+02
20210614_18:00:00   4.0233e-01   9.4446e+01   7.6163e+00   7.3700e-05   4.9374e-03   2.6277e+02
20210614_21:00:00   3.1390e-01   7.8128e+01   5.7803e+00   0.0000e+00   0.0000e+00   2.6943e+02
20210615_00:00:00   2.8880e-01   7.3488e+01   5.0453e+00   0.0000e+00   0.0000e+00   2.6740e+02
20210615_03:00:00   1.0428e-01   3.1806e+01   1.7004e+00   0.0000e+00   0.0000e+00   2.6639e+02
20210615_06:00:00   7.0997e-02   2.3195e+01   1.1371e+00   0.0000e+00   1.7254e-06   2.6562e+02
20210615_09:00:00   6.9703e-02   2.2684e+01   1.1922e+00   0.0000e+00   0.0000e+00   2.6363e+02
20210615_12:00:00   9.5167e-02   2.8792e+01   1.8333e+00   0.0000e+00   1.9054e-03   2.6000e+02
20210615_15:00:00   1.1135e-01   3.2725e+01   2.2066e+00   0.0000e+00   5.9460e-04   2.5920e+02
20210615_18:00:00   8.0224e-02   2.5069e+01   1.5329e+00   0.0000e+00   9.3100e-04   2.5950e+02
20210615_21:00:00   8.3814e-02   2.5947e+01   1.6200e+00   0.0000e+00   1.9638e-04   2.5957e+02
20210616_00:00:00   9.2229e-02   2.8050e+01   1.7970e+00   0.0000e+00   1.7678e-03   2.6263e+02
20210616_03:00:00   9.0147e-02   2.7502e+01   1.7639e+00   0.0000e+00   1.0072e-02   2.6710e+02
20210616_06:00:00   1.3320e-01   3.8409e+01   2.5572e+00   0.0000e+00   7.2399e-03   2.6609e+02
20210616_09:00:00   1.7297e-01   4.7977e+01   3.2997e+00   0.0000e+00   1.2860e-03   2.6638e+02
20210616_12:00:00   1.9573e-01   5.3275e+01   3.7268e+00   0.0000e+00   0.0000e+00   2.6386e+02
20210616_15:00:00   2.0148e-01   5.4637e+01   3.8683e+00   0.0000e+00   0.0000e+00   2.6339e+02
20210616_18:00:00   2.2265e-01   5.9372e+01   4.2700e+00   0.0000e+00   0.0000e+00   2.6241e+02
20210616_21:00:00   2.4640e-01   6.4577e+01   4.7061e+00   0.0000e+00   0.0000e+00   2.6191e+02
20210617_00:00:00   2.7675e-01   7.0990e+01   5.2697e+00   0.0000e+00   0.0000e+00   2.6220e+02
20210617_03:00:00   2.6131e-01   6.7784e+01   4.9569e+00   0.0000e+00   0.0000e+00   2.6408e+02
20210617_06:00:00   2.7746e-01   7.1230e+01   5.2491e+00   0.0000e+00   0.0000e+00   2.6463e+02
20210617_09:00:00   3.2677e-01   8.1176e+01   6.1619e+00   0.0000e+00   0.0000e+00   2.6900e+02
20210617_12:00:00   3.6931e-01   8.9253e+01   7.0170e+00   0.0000e+00   0.0000e+00   2.7015e+02
20210617_15:00:00   3.8586e-01   9.2497e+01   7.3292e+00   0.0000e+00   0.0000e+00   2.7125e+02
20210617_18:00:00   4.1609e-01   9.8014e+01   7.8961e+00   0.0000e+00   0.0000e+00   2.7007e+02
20210617_21:00:00   4.2518e-01   9.9597e+01   8.0143e+00   0.0000e+00   0.0000e+00   2.6812e+02
20210618_00:00:00   3.9660e-01   9.4473e+01   7.4574e+00   0.0000e+00   0.0000e+00   2.6797e+02
20210618_03:00:00   4.1103e-01   9.6949e+01   7.7358e+00   0.0000e+00   0.0000e+00   2.6837e+02
20210618_06:00:00   3.9820e-01   9.4662e+01   7.4808e+00   0.0000e+00   0.0000e+00   2.6958e+02
20210618_09:00:00   4.2563e-01   9.9546e+01   7.9874e+00   0.0000e+00   0.0000e+00   2.6883e+02
20210618_12:00:00   4.2720e-01   9.9968e+01   8.0206e+00   0.0000e+00   0.0000e+00   2.6493e+02
20210618_15:00:00   4.2184e-01   9.9084e+01   7.9997e+00   0.0000e+00   0.0000e+00   2.6402e+02
20210618_18:00:00   4.4732e-01   1.0339e+02   8.5495e+00   0.0000e+00   0.0000e+00   2.6156e+02
20210618_21:00:00   4.6994e-01   1.0704e+02   9.0207e+00   0.0000e+00   0.0000e+00   2.6109e+02
20210619_00:00:00   4.6270e-01   1.0571e+02   8.9215e+00   0.0000e+00   0.0000e+00   2.6222e+02
20210619_03:00:00   4.5576e-01   1.0451e+02   8.7943e+00   0.0000e+00   0.0000e+00   2.6232e+02
20210619_06:00:00   4.4903e-01   1.0337e+02   8.6647e+00   0.0000e+00   0.0000e+00   2.6360e+02
20210619_09:00:00   4.4503e-01   1.0266e+02   8.6337e+00   0.0000e+00   0.0000e+00   2.6515e+02
20210619_12:00:00   4.8891e-01   1.1014e+02   9.4728e+00   0.0000e+00   0.0000e+00   2.6249e+02
20210619_15:00:00   4.8673e-01   1.0995e+02   9.4433e+00   0.0000e+00   0.0000e+00   2.6155e+02
20210619_18:00:00   4.8440e-01   1.0969e+02   9.3313e+00   0.0000e+00   0.0000e+00   2.6117e+02
20210619_21:00:00   4.5760e-01   1.0526e+02   8.7462e+00   0.0000e+00   0.0000e+00   2.6219e+02
20210620_00:00:00   4.3522e-01   1.0140e+02   8.2661e+00   0.0000e+00   0.0000e+00   2.6236e+02
20210620_03:00:00   4.4424e-01   1.0280e+02   8.5423e+00   0.0000e+00   0.0000e+00   2.6427e+02
20210620_06:00:00   4.1233e-01   9.7324e+01   7.8845e+00   0.0000e+00   0.0000e+00   2.6283e+02
20210620_09:00:00   3.8871e-01   9.3129e+01   7.4240e+00   0.0000e+00   0.0000e+00   2.6323e+02
20210620_12:00:00   3.9671e-01   9.4621e+01   7.6417e+00   0.0000e+00   0.0000e+00   2.6266e+02
20210620_15:00:00   4.2451e-01   9.9625e+01   8.2198e+00   0.0000e+00   0.0000e+00   2.6139e+02
20210620_18:00:00   4.2294e-01   9.9211e+01   8.1742e+00   0.0000e+00   0.0000e+00   2.6042e+02
20210620_21:00:00   3.6026e-01   8.7788e+01   6.9315e+00   0.0000e+00   0.0000e+00   2.6118e+02
20210621_00:00:00   3.4901e-01   8.5617e+01   6.7170e+00   0.0000e+00   0.0000e+00   2.6145e+02
20210621_03:00:00   3.1432e-01   7.8811e+01   6.0757e+00   0.0000e+00   0.0000e+00   2.6085e+02
20210621_06:00:00   2.7811e-01   7.1553e+01   5.3739e+00   0.0000e+00   0.0000e+00   2.5938e+02
20210621_09:00:00   2.4025e-01   6.3603e+01   4.6701e+00   0.0000e+00   0.0000e+00   2.5988e+02
20210621_12:00:00   1.8595e-01   5.1415e+01   3.6408e+00   0.0000e+00   0.0000e+00   2.5854e+02
20210621_15:00:00   1.9157e-01   5.2753e+01   3.7500e+00   0.0000e+00   0.0000e+00   2.5829e+02
20210621_18:00:00   2.0252e-01   5.5275e+01   3.9494e+00   0.0000e+00   0.0000e+00   2.5795e+02
20210621_21:00:00   2.1789e-01   5.8704e+01   4.2114e+00   0.0000e+00   0.0000e+00   2.5693e+02
20210622_00:00:00   1.9620e-01   5.3857e+01   3.7856e+00   0.0000e+00   0.0000e+00   2.5951e+02
20210622_03:00:00   1.7587e-01   4.9170e+01   3.4107e+00   0.0000e+00   0.0000e+00   2.5976e+02
20210622_06:00:00   1.7692e-01   4.9407e+01   3.3990e+00   0.0000e+00   0.0000e+00   2.6008e+02
20210622_09:00:00   1.6945e-01   4.7706e+01   3.2481e+00   0.0000e+00   0.0000e+00   2.6111e+02
20210622_12:00:00   1.8246e-01   5.0769e+01   3.5274e+00   0.0000e+00   0.0000e+00   2.5689e+02
20210622_15:00:00   2.0982e-01   5.7004e+01   4.0507e+00   0.0000e+00   0.0000e+00   2.5591e+02
20210622_18:00:00   1.8845e-01   5.2165e+01   3.6354e+00   0.0000e+00   0.0000e+00   2.5463e+02
20210622_21:00:00   1.6721e-01   4.7177e+01   3.2283e+00   0.0000e+00   4.9187e-04   2.5473e+02
20210623_00:00:00   1.5707e-01   4.4749e+01   3.0390e+00   0.0000e+00   4.3269e-04   2.5532e+02
20210623_03:00:00   1.7556e-01   4.9050e+01   3.3833e+00   0.0000e+00   3.0045e-03   2.5287e+02
20210623_06:00:00   1.5939e-01   4.5259e+01   3.0704e+00   0.0000e+00   7.0607e-06   2.5551e+02
20210623_09:00:00   1.6270e-01   4.6005e+01   3.1037e+00   0.0000e+00   0.0000e+00   2.5655e+02
20210623_12:00:00   1.7053e-01   4.7799e+01   3.2574e+00   0.0000e+00   0.0000e+00   2.5625e+02
