#            date       tau255        Tb[K]      pwv[mm] lwp[kg*m^-2] iwp[kg*m^-2]       o3[DU]
20231011_12:00:00   8.1131e-01   1.5538e+02   1.6063e+01   0.0000e+00   9.8971e-02   2.7888e+02
20231011_13:00:00   8.4005e-01   1.5894e+02   1.6464e+01   6.2680e-04   8.1686e-02   2.8016e+02
20231011_14:00:00   8.4196e-01   1.5946e+02   1.6495e+01   1.5560e-05   3.1468e-02   2.8100e+02
20231011_15:00:00   8.3465e-01   1.5887e+02   1.6366e+01   1.1732e-04   8.5558e-04   2.8162e+02
20231011_16:00:00   8.5191e-01   1.6097e+02   1.6012e+01   1.5062e-02   1.5706e-03   2.8178e+02
20231011_17:00:00   7.5657e-01   1.4999e+02   1.4693e+01   1.2236e-05   5.1663e-05   2.8324e+02
20231011_18:00:00   7.7288e-01   1.5234e+02   1.4652e+01   4.1243e-04   8.9040e-04   2.8495e+02
20231011_19:00:00   7.5742e-01   1.5056e+02   1.3957e+01   6.0039e-03   6.5089e-04   2.8565e+02
20231011_20:00:00   7.0676e-01   1.4398e+02   1.3250e+01   2.1522e-03   2.5455e-04   2.8510e+02
20231011_21:00:00   6.4636e-01   1.3572e+02   1.2237e+01   0.0000e+00   0.0000e+00   2.8301e+02
20231011_22:00:00   5.8796e-01   1.2719e+02   1.1118e+01   0.0000e+00   1.2448e-05   2.8151e+02
20231011_23:00:00   5.6803e-01   1.2420e+02   1.0645e+01   0.0000e+00   0.0000e+00   2.8315e+02
20231012_00:00:00   5.5327e-01   1.2173e+02   1.0355e+01   0.0000e+00   0.0000e+00   2.8568e+02
20231012_01:00:00   5.3377e-01   1.1845e+02   1.0052e+01   0.0000e+00   0.0000e+00   2.8726e+02
20231012_02:00:00   4.9544e-01   1.1213e+02   9.4244e+00   0.0000e+00   0.0000e+00   2.8872e+02
20231012_03:00:00   4.4954e-01   1.0443e+02   8.5449e+00   0.0000e+00   0.0000e+00   2.8998e+02
20231012_04:00:00   4.1210e-01   9.7819e+01   7.8121e+00   0.0000e+00   0.0000e+00   2.9031e+02
20231012_05:00:00   3.8476e-01   9.2878e+01   7.3072e+00   0.0000e+00   0.0000e+00   2.8944e+02
20231012_06:00:00   3.6838e-01   8.9745e+01   7.0180e+00   0.0000e+00   0.0000e+00   2.8924e+02
20231012_07:00:00   3.4151e-01   8.4567e+01   6.5372e+00   0.0000e+00   0.0000e+00   2.8857e+02
20231012_08:00:00   3.2045e-01   8.0252e+01   6.1961e+00   0.0000e+00   0.0000e+00   2.8862e+02
20231012_09:00:00   2.8866e-01   7.3747e+01   5.6684e+00   0.0000e+00   0.0000e+00   2.8799e+02
20231012_10:00:00   2.5668e-01   6.6930e+01   5.1233e+00   0.0000e+00   0.0000e+00   2.8834e+02
20231012_11:00:00   2.2976e-01   6.1059e+01   4.6455e+00   0.0000e+00   0.0000e+00   2.8706e+02
20231012_12:00:00   2.0297e-01   5.5092e+01   4.1347e+00   0.0000e+00   2.7600e-05   2.8677e+02
20231012_13:00:00   1.9064e-01   5.2254e+01   3.9238e+00   0.0000e+00   0.0000e+00   2.8669e+02
20231012_14:00:00   1.7203e-01   4.8035e+01   3.5361e+00   0.0000e+00   8.0020e-06   2.8626e+02
20231012_15:00:00   1.6298e-01   4.5834e+01   3.3803e+00   0.0000e+00   6.9360e-04   2.8690e+02
20231012_16:00:00   1.5662e-01   4.4413e+01   3.2210e+00   0.0000e+00   0.0000e+00   2.8815e+02
20231012_17:00:00   1.4929e-01   4.2650e+01   3.0850e+00   0.0000e+00   0.0000e+00   2.8912e+02
20231012_18:00:00   1.4089e-01   4.0684e+01   2.9137e+00   0.0000e+00   0.0000e+00   2.8961e+02
20231012_19:00:00   1.2828e-01   3.7538e+01   2.6834e+00   0.0000e+00   0.0000e+00   2.9002e+02
20231012_20:00:00   1.2172e-01   3.5814e+01   2.5829e+00   0.0000e+00   0.0000e+00   2.8988e+02
20231012_21:00:00   1.1877e-01   3.5007e+01   2.5417e+00   0.0000e+00   0.0000e+00   2.8915e+02
20231012_22:00:00   1.2190e-01   3.5647e+01   2.6461e+00   0.0000e+00   0.0000e+00   2.8809e+02
20231012_23:00:00   1.2776e-01   3.6949e+01   2.8103e+00   0.0000e+00   0.0000e+00   2.8701e+02
20231013_00:00:00   1.2689e-01   3.6819e+01   2.7752e+00   0.0000e+00   0.0000e+00   2.8654e+02
20231013_01:00:00   1.2655e-01   3.6835e+01   2.7382e+00   0.0000e+00   0.0000e+00   2.8750e+02
20231013_02:00:00   1.2732e-01   3.7091e+01   2.7306e+00   0.0000e+00   0.0000e+00   2.8970e+02
20231013_03:00:00   1.3346e-01   3.8533e+01   2.8763e+00   0.0000e+00   0.0000e+00   2.8811e+02
20231013_04:00:00   1.4053e-01   4.0166e+01   3.0521e+00   0.0000e+00   0.0000e+00   2.8622e+02
20231013_05:00:00   1.4501e-01   4.1200e+01   3.1668e+00   0.0000e+00   0.0000e+00   2.8493e+02
20231013_06:00:00   1.5035e-01   4.2438e+01   3.3059e+00   0.0000e+00   0.0000e+00   2.8423e+02
20231013_07:00:00   1.5694e-01   4.3973e+01   3.4613e+00   0.0000e+00   0.0000e+00   2.8468e+02
20231013_08:00:00   1.6297e-01   4.5383e+01   3.6007e+00   0.0000e+00   0.0000e+00   2.8559e+02
20231013_09:00:00   1.6802e-01   4.6566e+01   3.7154e+00   0.0000e+00   0.0000e+00   2.8663e+02
20231013_10:00:00   1.7090e-01   4.7274e+01   3.7776e+00   0.0000e+00   0.0000e+00   2.8828e+02
20231013_11:00:00   1.7955e-01   4.9339e+01   3.9549e+00   0.0000e+00   0.0000e+00   2.8836e+02
20231013_12:00:00   1.8036e-01   4.9553e+01   3.9642e+00   0.0000e+00   0.0000e+00   2.8680e+02
20231013_13:00:00   1.8018e-01   4.9494e+01   3.9643e+00   0.0000e+00   0.0000e+00   2.8543e+02
20231013_14:00:00   1.7831e-01   4.9099e+01   3.9112e+00   0.0000e+00   0.0000e+00   2.8439e+02
20231013_15:00:00   1.7669e-01   4.8744e+01   3.8642e+00   0.0000e+00   0.0000e+00   2.8521e+02
20231013_16:00:00   1.7796e-01   4.9074e+01   3.8849e+00   0.0000e+00   0.0000e+00   2.8650e+02
20231013_17:00:00   1.7247e-01   4.7801e+01   3.7655e+00   0.0000e+00   0.0000e+00   2.8723e+02
20231013_18:00:00   1.6533e-01   4.6168e+01   3.5994e+00   0.0000e+00   0.0000e+00   2.8709e+02
20231013_19:00:00   1.5909e-01   4.4762e+01   3.4537e+00   0.0000e+00   0.0000e+00   2.8727e+02
20231013_20:00:00   1.5355e-01   4.3516e+01   3.3172e+00   0.0000e+00   0.0000e+00   2.8732e+02
20231013_21:00:00   1.5086e-01   4.2945e+01   3.2356e+00   0.0000e+00   0.0000e+00   2.8925e+02
20231013_22:00:00   1.5073e-01   4.2983e+01   3.2074e+00   0.0000e+00   0.0000e+00   2.9104e+02
20231013_23:00:00   1.5513e-01   4.4102e+01   3.2817e+00   0.0000e+00   0.0000e+00   2.9066e+02
20231014_00:00:00   1.6829e-01   4.7238e+01   3.5573e+00   0.0000e+00   0.0000e+00   2.9007e+02
20231014_01:00:00   1.9125e-01   5.2524e+01   4.0582e+00   0.0000e+00   0.0000e+00   2.8874e+02
20231014_02:00:00   2.1670e-01   5.8192e+01   4.6212e+00   0.0000e+00   0.0000e+00   2.9161e+02
20231014_03:00:00   2.5095e-01   6.5635e+01   5.3599e+00   0.0000e+00   0.0000e+00   2.9132e+02
20231014_04:00:00   2.8047e-01   7.1738e+01   6.0280e+00   0.0000e+00   0.0000e+00   2.8957e+02
20231014_05:00:00   2.9550e-01   7.4618e+01   6.3781e+00   0.0000e+00   0.0000e+00   2.8978e+02
20231014_06:00:00   3.1674e-01   7.8791e+01   6.8521e+00   0.0000e+00   0.0000e+00   2.9191e+02
20231014_07:00:00   3.2741e-01   8.0923e+01   7.0582e+00   0.0000e+00   0.0000e+00   2.9022e+02
20231014_08:00:00   3.5089e-01   8.5338e+01   7.5623e+00   0.0000e+00   0.0000e+00   2.9184e+02
20231014_09:00:00   3.7106e-01   8.9071e+01   7.9686e+00   0.0000e+00   0.0000e+00   2.9515e+02
20231014_10:00:00   3.6700e-01   8.8359e+01   7.8440e+00   0.0000e+00   0.0000e+00   2.9239e+02
20231014_11:00:00   3.8340e-01   9.1364e+01   8.1936e+00   0.0000e+00   0.0000e+00   2.9179e+02
20231014_12:00:00   4.0278e-01   9.5025e+01   8.5491e+00   0.0000e+00   0.0000e+00   2.9167e+02
20231014_13:00:00   4.1858e-01   9.7947e+01   8.8396e+00   0.0000e+00   0.0000e+00   2.8908e+02
20231014_14:00:00   4.3019e-01   1.0002e+02   9.0389e+00   0.0000e+00   0.0000e+00   2.8872e+02
20231014_15:00:00   4.4097e-01   1.0200e+02   9.2238e+00   0.0000e+00   0.0000e+00   2.8869e+02
20231014_16:00:00   4.4094e-01   1.0207e+02   9.1995e+00   0.0000e+00   0.0000e+00   2.8895e+02
20231014_17:00:00   4.4312e-01   1.0256e+02   9.2225e+00   0.0000e+00   0.0000e+00   2.8807e+02
20231014_18:00:00   4.4612e-01   1.0317e+02   9.2883e+00   0.0000e+00   0.0000e+00   2.8847e+02
20231014_19:00:00   4.4023e-01   1.0213e+02   9.2053e+00   0.0000e+00   0.0000e+00   2.8913e+02
20231014_20:00:00   4.4264e-01   1.0253e+02   9.2818e+00   0.0000e+00   0.0000e+00   2.8872e+02
20231014_21:00:00   4.4086e-01   1.0221e+02   9.2782e+00   0.0000e+00   0.0000e+00   2.8680e+02
20231014_22:00:00   4.3287e-01   1.0075e+02   9.1201e+00   0.0000e+00   1.6006e-05   2.8688e+02
20231014_23:00:00   4.3303e-01   1.0080e+02   9.1523e+00   0.0000e+00   8.2960e-04   2.8577e+02
20231015_00:00:00   4.6519e-01   1.0605e+02   9.9092e+00   0.0000e+00   1.0336e-04   2.8610e+02
20231015_01:00:00   4.8299e-01   1.0903e+02   1.0253e+01   0.0000e+00   3.9701e-04   2.8586e+02
20231015_02:00:00   5.0619e-01   1.1272e+02   1.0732e+01   0.0000e+00   8.0223e-03   2.8628e+02
20231015_03:00:00   5.1757e-01   1.1469e+02   1.0916e+01   0.0000e+00   7.0541e-04   2.8639e+02
20231015_04:00:00   5.3062e-01   1.1676e+02   1.1144e+01   0.0000e+00   4.2959e-04   2.8852e+02
20231015_05:00:00   5.3994e-01   1.1828e+02   1.1280e+01   0.0000e+00   2.6980e-04   2.8958e+02
20231015_06:00:00   5.5538e-01   1.2107e+02   1.1503e+01   0.0000e+00   1.0948e-03   2.9031e+02
20231015_07:00:00   5.5816e-01   1.2154e+02   1.1506e+01   0.0000e+00   2.6949e-04   2.9139e+02
20231015_08:00:00   5.7110e-01   1.2344e+02   1.1675e+01   0.0000e+00   4.6117e-03   2.9234e+02
20231015_09:00:00   5.9404e-01   1.2716e+02   1.2020e+01   0.0000e+00   4.5445e-03   2.8991e+02
20231015_10:00:00   6.4809e-01   1.3529e+02   1.2942e+01   0.0000e+00   7.3360e-03   2.8810e+02
20231015_11:00:00   6.2899e-01   1.3259e+02   1.2495e+01   0.0000e+00   1.5003e-03   2.8861e+02
20231015_12:00:00   6.1360e-01   1.3052e+02   1.2199e+01   0.0000e+00   3.1683e-03   2.8752e+02
20231015_13:00:00   5.9418e-01   1.2760e+02   1.1783e+01   0.0000e+00   2.8804e-03   2.8680e+02
20231015_14:00:00   5.8240e-01   1.2595e+02   1.1479e+01   0.0000e+00   4.9100e-03   2.8953e+02
20231015_15:00:00   5.6369e-01   1.2308e+02   1.1113e+01   0.0000e+00   4.0303e-03   2.9075e+02
20231015_16:00:00   5.7185e-01   1.2447e+02   1.1204e+01   0.0000e+00   8.1840e-03   2.8998e+02
20231015_17:00:00   5.7892e-01   1.2567e+02   1.1306e+01   0.0000e+00   8.3980e-03   2.8946e+02
20231015_18:00:00   5.5985e-01   1.2276e+02   1.0987e+01   0.0000e+00   9.5380e-03   2.9073e+02
20231015_19:00:00   5.4429e-01   1.2038e+02   1.0709e+01   0.0000e+00   5.4101e-03   2.9035e+02
20231015_20:00:00   5.0980e-01   1.1488e+02   1.0048e+01   0.0000e+00   2.6314e-03   2.9012e+02
20231015_21:00:00   4.8907e-01   1.1154e+02   9.6566e+00   0.0000e+00   1.7422e-03   2.9080e+02
20231015_22:00:00   4.7436e-01   1.0921e+02   9.3714e+00   0.0000e+00   1.2010e-03   2.9192e+02
20231015_23:00:00   4.3437e-01   1.0235e+02   8.6321e+00   0.0000e+00   9.2778e-04   2.9233e+02
20231016_00:00:00   3.7628e-01   9.1711e+01   7.5719e+00   0.0000e+00   5.1181e-05   2.9163e+02
20231016_01:00:00   3.1090e-01   7.8772e+01   6.3431e+00   0.0000e+00   1.1158e-04   2.9053e+02
20231016_02:00:00   2.7881e-01   7.2033e+01   5.7213e+00   0.0000e+00   2.3759e-04   2.9040e+02
20231016_03:00:00   2.5288e-01   6.6553e+01   5.2024e+00   0.0000e+00   3.7960e-05   2.9037e+02
20231016_04:00:00   2.3461e-01   6.2593e+01   4.8238e+00   0.0000e+00   1.0018e-03   2.9244e+02
20231016_05:00:00   2.1505e-01   5.8209e+01   4.4337e+00   0.0000e+00   9.4200e-04   2.9386e+02
20231016_06:00:00   1.9426e-01   5.3438e+01   4.0299e+00   0.0000e+00   2.1077e-03   2.9411e+02
20231016_07:00:00   1.6851e-01   4.7575e+01   3.4629e+00   0.0000e+00   3.4319e-04   2.9440e+02
20231016_08:00:00   1.5011e-01   4.3217e+01   3.0705e+00   0.0000e+00   2.3840e-05   2.9462e+02
20231016_09:00:00   1.3580e-01   3.9736e+01   2.7892e+00   0.0000e+00   0.0000e+00   2.9461e+02
20231016_10:00:00   1.2334e-01   3.6635e+01   2.5394e+00   0.0000e+00   0.0000e+00   2.9322e+02
20231016_11:00:00   1.1674e-01   3.4997e+01   2.4080e+00   0.0000e+00   0.0000e+00   2.9107e+02
20231016_12:00:00   1.1162e-01   3.3725e+01   2.3051e+00   0.0000e+00   0.0000e+00   2.8943e+02
20231016_15:00:00   9.6198e-02   2.9938e+01   1.9431e+00   0.0000e+00   0.0000e+00   2.8533e+02
20231016_18:00:00   9.6036e-02   2.9897e+01   1.9335e+00   0.0000e+00   0.0000e+00   2.8881e+02
20231016_21:00:00   1.5051e-01   4.3496e+01   3.0225e+00   0.0000e+00   7.9845e-04   2.8770e+02
20231017_00:00:00   1.4508e-01   4.2213e+01   2.8730e+00   0.0000e+00   0.0000e+00   2.8838e+02
20231017_03:00:00   1.2007e-01   3.6190e+01   2.3158e+00   0.0000e+00   0.0000e+00   2.8892e+02
20231017_06:00:00   1.0152e-01   3.1518e+01   1.9385e+00   0.0000e+00   0.0000e+00   2.8784e+02
20231017_09:00:00   1.2792e-01   3.8234e+01   2.4453e+00   0.0000e+00   0.0000e+00   2.8891e+02
20231017_12:00:00   1.9658e-01   5.4677e+01   3.9783e+00   0.0000e+00   0.0000e+00   2.8858e+02
20231017_15:00:00   2.3520e-01   6.3287e+01   4.8851e+00   0.0000e+00   0.0000e+00   2.8743e+02
20231017_18:00:00   2.3880e-01   6.4345e+01   4.8285e+00   0.0000e+00   0.0000e+00   2.8763e+02
20231017_21:00:00   1.7601e-01   4.9944e+01   3.5757e+00   0.0000e+00   0.0000e+00   2.8675e+02
20231018_00:00:00   1.7546e-01   4.9701e+01   3.5564e+00   0.0000e+00   0.0000e+00   2.8799e+02
20231018_03:00:00   1.6780e-01   4.7856e+01   3.4249e+00   0.0000e+00   0.0000e+00   2.8662e+02
20231018_06:00:00   1.6393e-01   4.6917e+01   3.3458e+00   0.0000e+00   0.0000e+00   2.8599e+02
20231018_09:00:00   1.9286e-01   5.3713e+01   3.9419e+00   0.0000e+00   0.0000e+00   2.8646e+02
20231018_12:00:00   2.4316e-01   6.4983e+01   5.1006e+00   0.0000e+00   0.0000e+00   2.8465e+02
20231018_15:00:00   2.7793e-01   7.2328e+01   5.9355e+00   0.0000e+00   0.0000e+00   2.8498e+02
20231018_18:00:00   2.8414e-01   7.3783e+01   5.9840e+00   0.0000e+00   0.0000e+00   2.8323e+02
20231018_21:00:00   2.8989e-01   7.4764e+01   6.1645e+00   0.0000e+00   0.0000e+00   2.8370e+02
20231019_00:00:00   3.4967e-01   8.6764e+01   7.3159e+00   0.0000e+00   0.0000e+00   2.8311e+02
20231019_03:00:00   3.8035e-01   9.2591e+01   7.8151e+00   0.0000e+00   0.0000e+00   2.8513e+02
20231019_06:00:00   4.4999e-01   1.0550e+02   8.9186e+00   0.0000e+00   0.0000e+00   2.8322e+02
20231019_09:00:00   4.8019e-01   1.1096e+02   9.5398e+00   0.0000e+00   0.0000e+00   2.8228e+02
20231019_12:00:00   5.1760e-01   1.1724e+02   1.0555e+01   0.0000e+00   0.0000e+00   2.7986e+02
20231019_15:00:00   5.0988e-01   1.1610e+02   1.0472e+01   0.0000e+00   0.0000e+00   2.7835e+02
20231019_18:00:00   4.2929e-01   1.0196e+02   8.9653e+00   0.0000e+00   0.0000e+00   2.8141e+02
20231019_21:00:00   3.7367e-01   9.1512e+01   7.9001e+00   0.0000e+00   0.0000e+00   2.8250e+02
20231020_00:00:00   4.0992e-01   9.8302e+01   8.5964e+00   0.0000e+00   0.0000e+00   2.8167e+02
20231020_03:00:00   4.1543e-01   9.8993e+01   8.5598e+00   0.0000e+00   0.0000e+00   2.8075e+02
20231020_06:00:00   3.9577e-01   9.4725e+01   8.2244e+00   0.0000e+00   0.0000e+00   2.8088e+02
20231020_09:00:00   3.4037e-01   8.4297e+01   7.1474e+00   0.0000e+00   0.0000e+00   2.8312e+02
20231020_12:00:00   3.5891e-01   8.8246e+01   7.4773e+00   0.0000e+00   0.0000e+00   2.8200e+02
20231020_15:00:00   3.2382e-01   8.1258e+01   6.8292e+00   0.0000e+00   1.5306e-03   2.8147e+02
20231020_18:00:00   3.2556e-01   8.1756e+01   6.8737e+00   0.0000e+00   3.3780e-05   2.8231e+02
20231020_21:00:00   2.9593e-01   7.5754e+01   6.3056e+00   0.0000e+00   3.1120e-06   2.8330e+02
20231021_00:00:00   3.0230e-01   7.6802e+01   6.5093e+00   0.0000e+00   4.9459e-03   2.8257e+02
20231021_03:00:00   3.6407e-01   8.8222e+01   7.7219e+00   0.0000e+00   2.7143e-03   2.8207e+02
20231021_06:00:00   4.0813e-01   9.6368e+01   8.5243e+00   0.0000e+00   3.3360e-05   2.8402e+02
20231021_09:00:00   3.3540e-01   8.2845e+01   7.1099e+00   0.0000e+00   2.9540e-04   2.8400e+02
20231021_12:00:00   3.4878e-01   8.5604e+01   7.4092e+00   0.0000e+00   1.0880e-02   2.8274e+02
20231021_15:00:00   3.7429e-01   9.0170e+01   7.9159e+00   0.0000e+00   3.3658e-03   2.8363e+02
20231021_18:00:00   2.8979e-01   7.3400e+01   6.2192e+00   0.0000e+00   3.2937e-04   2.8240e+02
20231021_21:00:00   2.0014e-01   5.4063e+01   4.4253e+00   0.0000e+00   2.0916e-03   2.8220e+02
20231022_00:00:00   1.7539e-01   4.7906e+01   3.9223e+00   0.0000e+00   7.3463e-03   2.8396e+02
20231022_03:00:00   1.7814e-01   4.8463e+01   3.9618e+00   0.0000e+00   0.0000e+00   2.8283e+02
20231022_06:00:00   2.3971e-01   6.2318e+01   5.2203e+00   0.0000e+00   0.0000e+00   2.8450e+02
20231022_09:00:00   3.0798e-01   7.6687e+01   6.5843e+00   0.0000e+00   0.0000e+00   2.8700e+02
20231022_12:00:00   3.7735e-01   9.0557e+01   7.9020e+00   0.0000e+00   0.0000e+00   2.8514e+02
20231022_15:00:00   3.3028e-01   8.1247e+01   6.7904e+00   0.0000e+00   0.0000e+00   2.8571e+02
20231022_18:00:00   2.4747e-01   6.4211e+01   5.0695e+00   0.0000e+00   0.0000e+00   2.8909e+02
20231022_21:00:00   1.0833e-01   3.2830e+01   2.1244e+00   0.0000e+00   0.0000e+00   2.9110e+02
20231023_00:00:00   9.3783e-02   2.8832e+01   1.8768e+00   0.0000e+00   0.0000e+00   2.9336e+02
20231023_03:00:00   1.1335e-01   3.3397e+01   2.3572e+00   0.0000e+00   0.0000e+00   2.9484e+02
20231023_06:00:00   1.2019e-01   3.5031e+01   2.4927e+00   0.0000e+00   9.5896e-03   2.9873e+02
20231023_09:00:00   1.4431e-01   4.0964e+01   2.9867e+00   0.0000e+00   1.5577e-03   3.0468e+02
20231023_12:00:00   1.6582e-01   4.6353e+01   3.3325e+00   0.0000e+00   2.6820e-05   3.0766e+02
20231023_15:00:00   1.9753e-01   5.3516e+01   3.9670e+00   0.0000e+00   0.0000e+00   3.0061e+02
20231023_18:00:00   1.5395e-01   4.3503e+01   3.0769e+00   0.0000e+00   0.0000e+00   3.0509e+02
20231023_21:00:00   9.9801e-02   3.0513e+01   1.8609e+00   0.0000e+00   0.0000e+00   3.0539e+02
20231024_00:00:00   4.7620e-02   1.7184e+01   6.6061e-01   0.0000e+00   0.0000e+00   3.0473e+02
20231024_03:00:00   5.4799e-02   1.8766e+01   9.1004e-01   0.0000e+00   0.0000e+00   3.0393e+02
20231024_06:00:00   8.4766e-02   2.6280e+01   1.6667e+00   0.0000e+00   0.0000e+00   2.9042e+02
20231024_09:00:00   1.1219e-01   3.3047e+01   2.3038e+00   0.0000e+00   0.0000e+00   2.8809e+02
20231024_12:00:00   1.5840e-01   4.4429e+01   3.2650e+00   0.0000e+00   0.0000e+00   2.8680e+02
20231024_15:00:00   2.2638e-01   6.0523e+01   4.4354e+00   0.0000e+00   0.0000e+00   2.8320e+02
20231024_18:00:00   2.0226e-01   5.5435e+01   3.8966e+00   0.0000e+00   0.0000e+00   2.8278e+02
20231024_21:00:00   2.0005e-01   5.4920e+01   3.8979e+00   0.0000e+00   0.0000e+00   2.8013e+02
20231025_00:00:00   1.8533e-01   5.1411e+01   3.6155e+00   0.0000e+00   0.0000e+00   2.8070e+02
20231025_03:00:00   1.5529e-01   4.4476e+01   3.0046e+00   0.0000e+00   0.0000e+00   2.8325e+02
20231025_06:00:00   1.6069e-01   4.5690e+01   3.1649e+00   0.0000e+00   0.0000e+00   2.8288e+02
20231025_09:00:00   2.2285e-01   6.0030e+01   4.3213e+00   0.0000e+00   0.0000e+00   2.8166e+02
20231025_12:00:00   2.7747e-01   7.1854e+01   5.5724e+00   0.0000e+00   0.0000e+00   2.7950e+02
20231025_15:00:00   2.8778e-01   7.4187e+01   5.8632e+00   0.0000e+00   0.0000e+00   2.8177e+02
20231025_18:00:00   3.2237e-01   8.1651e+01   6.4160e+00   0.0000e+00   0.0000e+00   2.8334e+02
20231025_21:00:00   3.3913e-01   8.5076e+01   6.6371e+00   0.0000e+00   0.0000e+00   2.8237e+02
20231026_00:00:00   2.8608e-01   7.4274e+01   5.7102e+00   0.0000e+00   0.0000e+00   2.8041e+02
20231026_03:00:00   2.7917e-01   7.2713e+01   5.5873e+00   0.0000e+00   0.0000e+00   2.8077e+02
20231026_06:00:00   2.8684e-01   7.4323e+01   5.6590e+00   0.0000e+00   0.0000e+00   2.8012e+02
20231026_09:00:00   3.4027e-01   8.5356e+01   6.5359e+00   0.0000e+00   0.0000e+00   2.8265e+02
20231026_12:00:00   4.1234e-01   9.9102e+01   8.1983e+00   0.0000e+00   0.0000e+00   2.8319e+02
20231026_15:00:00   4.6654e-01   1.0865e+02   9.4671e+00   0.0000e+00   0.0000e+00   2.8372e+02
20231026_18:00:00   5.1341e-01   1.1677e+02   1.0197e+01   0.0000e+00   0.0000e+00   2.8463e+02
20231026_21:00:00   4.7500e-01   1.1033e+02   9.3854e+00   0.0000e+00   0.0000e+00   2.8326e+02
20231027_00:00:00   5.1375e-01   1.1686e+02   9.9464e+00   0.0000e+00   0.0000e+00   2.8467e+02
20231027_03:00:00   5.1493e-01   1.1729e+02   9.8419e+00   0.0000e+00   0.0000e+00   2.8164e+02
20231027_06:00:00   6.2710e-01   1.3498e+02   1.1574e+01   0.0000e+00   0.0000e+00   2.8104e+02
20231027_09:00:00   7.3180e-01   1.4984e+02   1.3356e+01   0.0000e+00   8.0520e-06   2.7990e+02
20231027_12:00:00   8.4269e-01   1.6266e+02   1.5704e+01   1.3995e-02   8.0774e-03   2.8075e+02
