#            date       tau255        Tb[K]      pwv[mm] lwp[kg*m^-2] iwp[kg*m^-2]       o3[DU]
20240820_06:00:00   1.5782e-01   4.5118e+01   3.0356e+00   0.0000e+00   0.0000e+00   2.5977e+02
20240820_07:00:00   1.5130e-01   4.3572e+01   2.9031e+00   0.0000e+00   0.0000e+00   2.6185e+02
20240820_08:00:00   1.4153e-01   4.1253e+01   2.7035e+00   0.0000e+00   0.0000e+00   2.6350e+02
20240820_09:00:00   1.3179e-01   3.8922e+01   2.4998e+00   0.0000e+00   0.0000e+00   2.6312e+02
20240820_10:00:00   1.2562e-01   3.7431e+01   2.3829e+00   0.0000e+00   0.0000e+00   2.6219e+02
20240820_11:00:00   1.2008e-01   3.6086e+01   2.2889e+00   0.0000e+00   0.0000e+00   2.6082e+02
20240820_12:00:00   1.1850e-01   3.5715e+01   2.2742e+00   0.0000e+00   0.0000e+00   2.5873e+02
20240820_13:00:00   1.0953e-01   3.3528e+01   2.0963e+00   0.0000e+00   0.0000e+00   2.5879e+02
20240820_14:00:00   1.1987e-01   3.6066e+01   2.3396e+00   0.0000e+00   0.0000e+00   2.5813e+02
20240820_15:00:00   1.2675e-01   3.7750e+01   2.4902e+00   0.0000e+00   0.0000e+00   2.5836e+02
20240820_16:00:00   1.3205e-01   3.9029e+01   2.5966e+00   0.0000e+00   0.0000e+00   2.5728e+02
20240820_17:00:00   1.3753e-01   4.0314e+01   2.7196e+00   0.0000e+00   0.0000e+00   2.5625e+02
20240820_18:00:00   1.3524e-01   3.9758e+01   2.6609e+00   0.0000e+00   0.0000e+00   2.5656e+02
20240820_19:00:00   1.4106e-01   4.1154e+01   2.7708e+00   0.0000e+00   0.0000e+00   2.5605e+02
20240820_20:00:00   1.3922e-01   4.0703e+01   2.7280e+00   0.0000e+00   0.0000e+00   2.5580e+02
20240820_21:00:00   1.3779e-01   4.0333e+01   2.7006e+00   0.0000e+00   0.0000e+00   2.5566e+02
20240820_22:00:00   1.3587e-01   3.9868e+01   2.6570e+00   0.0000e+00   0.0000e+00   2.5454e+02
20240820_23:00:00   1.3720e-01   4.0163e+01   2.6860e+00   0.0000e+00   0.0000e+00   2.5239e+02
20240821_00:00:00   1.3636e-01   3.9946e+01   2.6778e+00   0.0000e+00   0.0000e+00   2.5076e+02
20240821_01:00:00   1.4780e-01   4.2647e+01   2.9244e+00   0.0000e+00   0.0000e+00   2.4965e+02
20240821_02:00:00   1.5100e-01   4.3416e+01   2.9895e+00   0.0000e+00   0.0000e+00   2.4887e+02
20240821_03:00:00   1.4806e-01   4.2754e+01   2.9206e+00   0.0000e+00   0.0000e+00   2.4869e+02
20240821_04:00:00   1.5286e-01   4.3905e+01   3.0018e+00   0.0000e+00   0.0000e+00   2.4849e+02
20240821_05:00:00   1.6089e-01   4.5782e+01   3.1459e+00   0.0000e+00   0.0000e+00   2.4830e+02
20240821_06:00:00   1.6679e-01   4.7122e+01   3.2589e+00   0.0000e+00   0.0000e+00   2.4828e+02
20240821_07:00:00   1.7212e-01   4.8333e+01   3.3684e+00   0.0000e+00   0.0000e+00   2.4947e+02
20240821_08:00:00   1.7224e-01   4.8370e+01   3.3635e+00   0.0000e+00   0.0000e+00   2.4979e+02
20240821_09:00:00   1.6288e-01   4.6249e+01   3.1820e+00   0.0000e+00   0.0000e+00   2.4963e+02
20240821_10:00:00   1.5761e-01   4.5076e+01   3.0830e+00   0.0000e+00   0.0000e+00   2.5012e+02
20240821_11:00:00   1.5291e-01   4.4019e+01   2.9997e+00   0.0000e+00   0.0000e+00   2.5182e+02
20240821_12:00:00   1.5943e-01   4.5547e+01   3.1525e+00   0.0000e+00   0.0000e+00   2.5252e+02
20240821_13:00:00   1.5787e-01   4.5193e+01   3.1338e+00   0.0000e+00   1.5658e-05   2.5406e+02
20240821_14:00:00   1.6216e-01   4.6225e+01   3.2210e+00   0.0000e+00   7.8300e-06   2.5501e+02
20240821_15:00:00   1.6475e-01   4.6861e+01   3.2604e+00   0.0000e+00   0.0000e+00   2.5443e+02
20240821_16:00:00   1.6708e-01   4.7447e+01   3.2897e+00   0.0000e+00   0.0000e+00   2.5353e+02
20240821_17:00:00   1.6412e-01   4.6791e+01   3.2200e+00   0.0000e+00   0.0000e+00   2.5244e+02
20240821_18:00:00   1.5776e-01   4.5319e+01   3.0937e+00   0.0000e+00   0.0000e+00   2.5157e+02
20240821_19:00:00   1.6120e-01   4.6104e+01   3.1725e+00   0.0000e+00   0.0000e+00   2.5018e+02
20240821_20:00:00   1.6041e-01   4.5903e+01   3.1553e+00   0.0000e+00   0.0000e+00   2.5055e+02
20240821_21:00:00   1.5801e-01   4.5345e+01   3.0978e+00   0.0000e+00   0.0000e+00   2.5306e+02
20240821_22:00:00   1.5138e-01   4.3770e+01   2.9483e+00   0.0000e+00   0.0000e+00   2.5456e+02
20240821_23:00:00   1.4557e-01   4.2313e+01   2.8402e+00   0.0000e+00   1.6934e-06   2.5528e+02
20240822_00:00:00   1.4390e-01   4.1896e+01   2.8034e+00   0.0000e+00   6.1140e-06   2.5422e+02
20240822_01:00:00   1.3935e-01   4.0826e+01   2.6940e+00   0.0000e+00   0.0000e+00   2.5296e+02
20240822_02:00:00   1.4312e-01   4.1700e+01   2.7702e+00   0.0000e+00   0.0000e+00   2.5324e+02
20240822_03:00:00   1.3759e-01   4.0335e+01   2.6636e+00   0.0000e+00   0.0000e+00   2.5417e+02
20240822_04:00:00   1.3605e-01   3.9908e+01   2.6465e+00   0.0000e+00   0.0000e+00   2.5396e+02
20240822_05:00:00   1.3963e-01   4.0745e+01   2.7292e+00   0.0000e+00   0.0000e+00   2.5388e+02
20240822_06:00:00   1.4167e-01   4.1192e+01   2.7843e+00   0.0000e+00   0.0000e+00   2.5610e+02
20240822_07:00:00   1.3749e-01   4.0178e+01   2.7062e+00   0.0000e+00   0.0000e+00   2.5577e+02
20240822_08:00:00   1.3640e-01   3.9907e+01   2.6876e+00   0.0000e+00   0.0000e+00   2.5457e+02
20240822_09:00:00   1.4170e-01   4.1108e+01   2.8197e+00   0.0000e+00   0.0000e+00   2.5316e+02
20240822_10:00:00   1.4333e-01   4.1513e+01   2.8514e+00   0.0000e+00   0.0000e+00   2.5253e+02
20240822_11:00:00   1.5235e-01   4.3659e+01   3.0582e+00   0.0000e+00   0.0000e+00   2.5266e+02
20240822_12:00:00   1.5423e-01   4.4132e+01   3.1142e+00   0.0000e+00   0.0000e+00   2.5441e+02
20240822_13:00:00   1.5457e-01   4.4227e+01   3.1426e+00   0.0000e+00   0.0000e+00   2.5469e+02
20240822_14:00:00   1.6686e-01   4.7054e+01   3.4352e+00   0.0000e+00   0.0000e+00   2.5410e+02
20240822_15:00:00   1.7185e-01   4.8211e+01   3.5502e+00   0.0000e+00   0.0000e+00   2.5378e+02
20240822_16:00:00   1.7505e-01   4.8953e+01   3.6134e+00   0.0000e+00   0.0000e+00   2.5261e+02
20240822_17:00:00   1.7594e-01   4.9148e+01   3.6351e+00   0.0000e+00   0.0000e+00   2.5115e+02
20240822_18:00:00   1.8156e-01   5.0385e+01   3.7583e+00   0.0000e+00   0.0000e+00   2.5105e+02
20240822_19:00:00   1.8338e-01   5.0787e+01   3.7900e+00   0.0000e+00   0.0000e+00   2.5075e+02
20240822_20:00:00   1.8240e-01   5.0518e+01   3.7778e+00   0.0000e+00   0.0000e+00   2.5074e+02
20240822_21:00:00   1.7946e-01   4.9815e+01   3.7244e+00   0.0000e+00   0.0000e+00   2.5121e+02
20240822_22:00:00   1.7696e-01   4.9225e+01   3.6794e+00   0.0000e+00   0.0000e+00   2.5189e+02
20240822_23:00:00   1.7558e-01   4.8891e+01   3.6542e+00   0.0000e+00   0.0000e+00   2.5140e+02
20240823_00:00:00   1.7585e-01   4.8951e+01   3.6500e+00   0.0000e+00   0.0000e+00   2.5044e+02
20240823_01:00:00   1.7000e-01   4.7619e+01   3.5068e+00   0.0000e+00   0.0000e+00   2.4986e+02
20240823_02:00:00   1.7551e-01   4.8775e+01   3.6433e+00   0.0000e+00   0.0000e+00   2.4947e+02
20240823_03:00:00   1.7957e-01   4.9685e+01   3.7207e+00   0.0000e+00   0.0000e+00   2.4915e+02
20240823_04:00:00   1.7908e-01   4.9584e+01   3.7057e+00   0.0000e+00   0.0000e+00   2.4922e+02
20240823_05:00:00   1.8095e-01   5.0022e+01   3.7362e+00   0.0000e+00   0.0000e+00   2.4970e+02
20240823_06:00:00   1.7738e-01   4.9244e+01   3.6506e+00   0.0000e+00   0.0000e+00   2.4989e+02
20240823_07:00:00   1.7635e-01   4.9056e+01   3.6142e+00   0.0000e+00   0.0000e+00   2.5013e+02
20240823_08:00:00   1.7320e-01   4.8347e+01   3.5435e+00   0.0000e+00   0.0000e+00   2.5057e+02
20240823_09:00:00   1.7324e-01   4.8376e+01   3.5415e+00   0.0000e+00   0.0000e+00   2.5209e+02
20240823_10:00:00   1.7670e-01   4.9186e+01   3.6008e+00   0.0000e+00   0.0000e+00   2.5278e+02
20240823_11:00:00   1.7567e-01   4.8961e+01   3.5894e+00   0.0000e+00   0.0000e+00   2.5185e+02
20240823_12:00:00   1.7355e-01   4.8500e+01   3.5527e+00   0.0000e+00   0.0000e+00   2.5212e+02
20240823_13:00:00   1.7025e-01   4.7791e+01   3.4784e+00   0.0000e+00   0.0000e+00   2.5435e+02
20240823_14:00:00   1.6591e-01   4.6817e+01   3.3935e+00   0.0000e+00   0.0000e+00   2.5337e+02
20240823_15:00:00   1.5987e-01   4.5475e+01   3.2465e+00   0.0000e+00   0.0000e+00   2.5321e+02
20240823_16:00:00   1.5191e-01   4.3672e+01   3.0497e+00   0.0000e+00   0.0000e+00   2.5283e+02
20240823_17:00:00   1.4577e-01   4.2263e+01   2.9040e+00   0.0000e+00   0.0000e+00   2.5259e+02
20240823_18:00:00   1.5315e-01   4.4045e+01   3.0416e+00   0.0000e+00   0.0000e+00   2.5341e+02
20240823_19:00:00   1.5393e-01   4.4233e+01   3.0497e+00   0.0000e+00   0.0000e+00   2.5520e+02
20240823_20:00:00   1.5348e-01   4.4091e+01   3.0485e+00   0.0000e+00   0.0000e+00   2.5618e+02
20240823_21:00:00   1.5731e-01   4.4983e+01   3.1261e+00   0.0000e+00   0.0000e+00   2.5535e+02
20240823_22:00:00   1.6003e-01   4.5585e+01   3.1811e+00   0.0000e+00   0.0000e+00   2.5564e+02
20240823_23:00:00   1.6771e-01   4.7326e+01   3.3450e+00   0.0000e+00   0.0000e+00   2.5681e+02
20240824_00:00:00   1.8271e-01   5.0731e+01   3.6644e+00   0.0000e+00   0.0000e+00   2.5672e+02
20240824_01:00:00   1.8177e-01   5.0513e+01   3.6519e+00   0.0000e+00   0.0000e+00   2.5644e+02
20240824_02:00:00   1.8738e-01   5.1664e+01   3.8077e+00   0.0000e+00   0.0000e+00   2.5726e+02
20240824_03:00:00   1.9256e-01   5.2789e+01   3.9229e+00   0.0000e+00   0.0000e+00   2.5635e+02
20240824_04:00:00   2.0139e-01   5.4684e+01   4.1186e+00   0.0000e+00   0.0000e+00   2.5821e+02
20240824_05:00:00   2.0829e-01   5.6178e+01   4.2610e+00   0.0000e+00   0.0000e+00   2.5891e+02
20240824_06:00:00   2.1156e-01   5.6936e+01   4.2971e+00   0.0000e+00   0.0000e+00   2.5802e+02
20240824_07:00:00   2.1145e-01   5.6918e+01   4.2927e+00   0.0000e+00   0.0000e+00   2.5743e+02
20240824_08:00:00   2.1063e-01   5.6723e+01   4.2646e+00   0.0000e+00   0.0000e+00   2.5789e+02
20240824_09:00:00   2.0262e-01   5.5007e+01   4.0868e+00   0.0000e+00   0.0000e+00   2.5755e+02
20240824_10:00:00   2.0106e-01   5.4715e+01   4.0407e+00   0.0000e+00   0.0000e+00   2.5596e+02
20240824_11:00:00   2.0215e-01   5.5050e+01   4.0429e+00   0.0000e+00   0.0000e+00   2.5473e+02
20240824_12:00:00   2.0516e-01   5.5729e+01   4.1102e+00   0.0000e+00   0.0000e+00   2.5417e+02
20240824_13:00:00   2.0123e-01   5.4867e+01   4.0320e+00   0.0000e+00   0.0000e+00   2.5420e+02
20240824_14:00:00   1.8893e-01   5.2167e+01   3.7657e+00   0.0000e+00   0.0000e+00   2.5394e+02
20240824_15:00:00   1.8469e-01   5.1174e+01   3.6774e+00   0.0000e+00   0.0000e+00   2.5482e+02
20240824_16:00:00   1.7960e-01   5.0019e+01   3.5806e+00   0.0000e+00   0.0000e+00   2.5454e+02
20240824_17:00:00   1.7389e-01   4.8687e+01   3.4589e+00   0.0000e+00   0.0000e+00   2.5496e+02
20240824_18:00:00   1.6827e-01   4.7403e+01   3.3404e+00   0.0000e+00   0.0000e+00   2.5583e+02
20240824_19:00:00   1.7223e-01   4.8377e+01   3.4114e+00   0.0000e+00   0.0000e+00   2.5624e+02
20240824_20:00:00   1.7869e-01   4.9880e+01   3.5324e+00   0.0000e+00   0.0000e+00   2.5694e+02
20240824_21:00:00   1.7701e-01   4.9478e+01   3.4984e+00   0.0000e+00   0.0000e+00   2.5752e+02
20240824_22:00:00   1.6527e-01   4.6768e+01   3.2678e+00   0.0000e+00   0.0000e+00   2.5596e+02
20240824_23:00:00   1.6269e-01   4.6165e+01   3.2111e+00   0.0000e+00   0.0000e+00   2.5608e+02
20240825_00:00:00   1.5551e-01   4.4455e+01   3.0682e+00   0.0000e+00   0.0000e+00   2.5706e+02
20240825_01:00:00   1.5304e-01   4.3839e+01   3.0203e+00   0.0000e+00   0.0000e+00   2.5709e+02
20240825_02:00:00   1.5192e-01   4.3529e+01   2.9947e+00   0.0000e+00   0.0000e+00   2.5591e+02
20240825_03:00:00   1.5342e-01   4.3859e+01   3.0101e+00   0.0000e+00   0.0000e+00   2.5763e+02
20240825_04:00:00   1.5350e-01   4.3878e+01   2.9853e+00   0.0000e+00   0.0000e+00   2.5847e+02
20240825_05:00:00   1.4758e-01   4.2505e+01   2.8502e+00   0.0000e+00   0.0000e+00   2.6128e+02
20240825_06:00:00   1.4194e-01   4.1163e+01   2.7387e+00   0.0000e+00   0.0000e+00   2.5997e+02
20240825_09:00:00   1.3344e-01   3.9172e+01   2.5352e+00   0.0000e+00   0.0000e+00   2.6136e+02
20240825_12:00:00   1.3636e-01   4.0033e+01   2.5698e+00   0.0000e+00   0.0000e+00   2.5954e+02
20240825_15:00:00   1.4594e-01   4.2378e+01   2.7789e+00   0.0000e+00   0.0000e+00   2.6400e+02
20240825_18:00:00   1.1157e-01   3.4072e+01   2.0594e+00   0.0000e+00   0.0000e+00   2.6930e+02
20240825_21:00:00   1.1292e-01   3.4375e+01   2.0876e+00   0.0000e+00   0.0000e+00   2.6842e+02
20240826_00:00:00   1.1014e-01   3.3646e+01   2.0596e+00   0.0000e+00   0.0000e+00   2.6904e+02
20240826_03:00:00   1.3217e-01   3.8949e+01   2.5702e+00   0.0000e+00   0.0000e+00   2.6980e+02
20240826_06:00:00   1.3919e-01   4.0688e+01   2.7250e+00   0.0000e+00   0.0000e+00   2.7043e+02
20240826_09:00:00   1.4668e-01   4.2355e+01   2.9343e+00   0.0000e+00   0.0000e+00   2.7105e+02
20240826_12:00:00   1.9933e-01   5.4660e+01   4.0682e+00   0.0000e+00   0.0000e+00   2.6931e+02
20240826_15:00:00   2.1115e-01   5.7362e+01   4.3425e+00   0.0000e+00   0.0000e+00   2.6751e+02
20240826_18:00:00   1.9726e-01   5.4277e+01   4.0305e+00   0.0000e+00   0.0000e+00   2.6715e+02
20240826_21:00:00   2.1877e-01   5.9155e+01   4.4599e+00   0.0000e+00   0.0000e+00   2.6718e+02
20240827_00:00:00   2.0499e-01   5.6128e+01   4.1556e+00   0.0000e+00   0.0000e+00   2.6678e+02
20240827_03:00:00   1.9100e-01   5.3081e+01   3.8043e+00   0.0000e+00   0.0000e+00   2.6594e+02
20240827_06:00:00   1.8778e-01   5.2377e+01   3.7085e+00   0.0000e+00   0.0000e+00   2.6446e+02
20240827_09:00:00   1.7374e-01   4.9179e+01   3.4078e+00   0.0000e+00   0.0000e+00   2.6729e+02
20240827_12:00:00   1.9099e-01   5.3176e+01   3.8258e+00   0.0000e+00   0.0000e+00   2.6843e+02
20240827_15:00:00   2.1332e-01   5.8176e+01   4.3337e+00   0.0000e+00   0.0000e+00   2.6984e+02
20240827_18:00:00   2.1443e-01   5.8458e+01   4.3709e+00   0.0000e+00   0.0000e+00   2.6778e+02
20240827_21:00:00   2.0045e-01   5.5315e+01   4.0522e+00   0.0000e+00   0.0000e+00   2.6882e+02
20240828_00:00:00   2.0095e-01   5.5472e+01   4.0203e+00   0.0000e+00   0.0000e+00   2.6869e+02
20240828_03:00:00   1.9081e-01   5.3252e+01   3.8139e+00   0.0000e+00   0.0000e+00   2.6831e+02
20240828_06:00:00   1.8217e-01   5.1255e+01   3.6175e+00   0.0000e+00   0.0000e+00   2.6587e+02
20240828_09:00:00   1.6534e-01   4.7308e+01   3.2636e+00   0.0000e+00   0.0000e+00   2.6709e+02
20240828_12:00:00   1.6671e-01   4.7655e+01   3.3099e+00   0.0000e+00   0.0000e+00   2.6732e+02
20240828_15:00:00   2.0820e-01   5.7222e+01   4.2450e+00   0.0000e+00   0.0000e+00   2.6883e+02
20240828_18:00:00   2.1143e-01   5.7998e+01   4.3118e+00   0.0000e+00   0.0000e+00   2.6984e+02
20240828_21:00:00   1.9177e-01   5.3509e+01   3.8628e+00   0.0000e+00   0.0000e+00   2.7035e+02
20240829_00:00:00   1.8775e-01   5.2524e+01   3.7715e+00   0.0000e+00   0.0000e+00   2.6785e+02
20240829_03:00:00   1.7260e-01   4.8926e+01   3.4622e+00   0.0000e+00   0.0000e+00   2.6658e+02
20240829_06:00:00   1.6210e-01   4.6459e+01   3.2269e+00   0.0000e+00   0.0000e+00   2.6889e+02
20240829_09:00:00   1.7092e-01   4.8538e+01   3.4024e+00   0.0000e+00   0.0000e+00   2.6611e+02
20240829_12:00:00   1.8862e-01   5.2604e+01   3.8382e+00   0.0000e+00   0.0000e+00   2.6337e+02
20240829_15:00:00   2.1095e-01   5.7545e+01   4.3804e+00   0.0000e+00   0.0000e+00   2.6481e+02
20240829_18:00:00   2.1468e-01   5.8506e+01   4.4049e+00   0.0000e+00   0.0000e+00   2.6187e+02
20240829_21:00:00   1.9613e-01   5.4220e+01   4.0148e+00   0.0000e+00   0.0000e+00   2.6343e+02
20240830_00:00:00   1.8955e-01   5.2679e+01   3.8609e+00   0.0000e+00   0.0000e+00   2.6357e+02
20240830_03:00:00   1.9492e-01   5.4053e+01   3.9090e+00   0.0000e+00   0.0000e+00   2.6456e+02
20240830_06:00:00   2.1561e-01   5.8752e+01   4.2872e+00   0.0000e+00   0.0000e+00   2.6473e+02
20240830_09:00:00   2.1676e-01   5.9085e+01   4.2999e+00   0.0000e+00   0.0000e+00   2.6697e+02
20240830_12:00:00   2.9281e-01   7.5367e+01   5.8653e+00   0.0000e+00   0.0000e+00   2.6514e+02
20240830_15:00:00   3.1195e-01   7.9256e+01   6.3028e+00   0.0000e+00   0.0000e+00   2.6737e+02
20240830_18:00:00   3.2825e-01   8.2542e+01   6.6048e+00   0.0000e+00   0.0000e+00   2.6583e+02
20240830_21:00:00   3.3991e-01   8.4610e+01   6.8604e+00   0.0000e+00   0.0000e+00   2.6817e+02
20240831_00:00:00   3.2678e-01   8.1975e+01   6.5544e+00   0.0000e+00   0.0000e+00   2.6865e+02
20240831_03:00:00   3.1611e-01   7.9693e+01   6.2923e+00   0.0000e+00   0.0000e+00   2.6869e+02
20240831_06:00:00   3.0921e-01   7.8435e+01   6.1167e+00   0.0000e+00   0.0000e+00   2.6882e+02
20240831_09:00:00   3.1560e-01   7.9843e+01   6.2379e+00   0.0000e+00   0.0000e+00   2.6771e+02
20240831_12:00:00   3.5599e-01   8.7839e+01   7.1011e+00   0.0000e+00   0.0000e+00   2.6609e+02
20240831_15:00:00   4.0111e-01   9.6079e+01   8.1110e+00   0.0000e+00   0.0000e+00   2.6766e+02
20240831_18:00:00   4.0341e-01   9.6395e+01   8.1535e+00   0.0000e+00   0.0000e+00   2.6605e+02
20240831_21:00:00   3.4437e-01   8.5089e+01   6.9766e+00   0.0000e+00   0.0000e+00   2.6617e+02
20240901_00:00:00   2.8931e-01   7.3913e+01   5.8655e+00   0.0000e+00   0.0000e+00   2.6271e+02
20240901_03:00:00   2.9547e-01   7.5202e+01   5.9400e+00   0.0000e+00   0.0000e+00   2.6334e+02
20240901_06:00:00   2.9725e-01   7.5602e+01   5.9534e+00   0.0000e+00   2.4200e-07   2.6065e+02
20240901_09:00:00   2.9061e-01   7.4080e+01   5.8503e+00   0.0000e+00   7.2580e-07   2.6265e+02
20240901_12:00:00   2.7830e-01   7.1700e+01   5.6770e+00   0.0000e+00   2.1600e-05   2.6262e+02
20240901_15:00:00   3.3241e-01   8.2812e+01   6.7222e+00   0.0000e+00   0.0000e+00   2.6103e+02
20240901_18:00:00   2.8016e-01   7.2390e+01   5.6521e+00   0.0000e+00   0.0000e+00   2.6138e+02
20240901_21:00:00   2.7103e-01   7.0409e+01   5.4806e+00   0.0000e+00   4.6060e-05   2.5915e+02
20240902_00:00:00   3.0516e-01   7.7170e+01   6.1466e+00   0.0000e+00   0.0000e+00   2.5797e+02
20240902_03:00:00   3.2437e-01   8.0846e+01   6.5177e+00   0.0000e+00   4.9320e-04   2.5986e+02
20240902_06:00:00   3.2368e-01   8.0617e+01   6.5019e+00   0.0000e+00   7.9100e-04   2.5899e+02
20240902_09:00:00   3.1346e-01   7.8680e+01   6.2948e+00   0.0000e+00   1.6484e-04   2.5867e+02
20240902_12:00:00   3.4514e-01   8.4991e+01   7.0005e+00   0.0000e+00   9.0220e-05   2.5955e+02
20240902_15:00:00   3.7047e-01   9.0019e+01   7.5066e+00   0.0000e+00   8.7960e-05   2.5906e+02
20240902_18:00:00   3.4433e-01   8.5173e+01   6.9629e+00   0.0000e+00   1.0316e-04   2.5882e+02
20240902_21:00:00   3.1358e-01   7.8819e+01   6.3892e+00   0.0000e+00   3.6420e-06   2.6003e+02
20240903_00:00:00   3.4776e-01   8.5211e+01   7.0590e+00   0.0000e+00   3.7280e-05   2.5980e+02
20240903_03:00:00   3.8287e-01   9.1453e+01   7.7939e+00   0.0000e+00   3.0720e-05   2.5866e+02
20240903_06:00:00   3.5838e-01   8.7006e+01   7.2538e+00   0.0000e+00   8.6260e-05   2.5852e+02
20240903_09:00:00   4.5323e-01   1.0384e+02   9.1994e+00   0.0000e+00   2.5937e-03   2.5788e+02
20240903_12:00:00   4.9658e-01   1.1138e+02   9.9987e+00   0.0000e+00   1.6157e-03   2.5514e+02
20240903_15:00:00   5.0940e-01   1.1365e+02   1.0247e+01   0.0000e+00   1.8588e-03   2.5587e+02
20240903_18:00:00   4.7711e-01   1.0833e+02   9.6815e+00   0.0000e+00   6.8866e-04   2.5481e+02
20240903_21:00:00   4.8400e-01   1.0950e+02   9.8736e+00   0.0000e+00   7.9656e-03   2.5601e+02
20240904_00:00:00   5.1789e-01   1.1469e+02   1.0524e+01   0.0000e+00   2.0380e-02   2.5432e+02
20240904_03:00:00   5.4637e-01   1.1895e+02   1.0943e+01   0.0000e+00   2.9741e-02   2.5611e+02
20240904_06:00:00   6.2362e-01   1.3026e+02   1.2199e+01   0.0000e+00   1.0437e-01   2.5621e+02
20240904_09:00:00   6.3094e-01   1.3123e+02   1.2420e+01   0.0000e+00   4.6120e-02   2.5543e+02
20240904_12:00:00   6.7163e-01   1.3722e+02   1.3178e+01   1.3360e-05   1.5672e-01   2.5618e+02
20240904_15:00:00   6.0227e-01   1.2757e+02   1.2039e+01   0.0000e+00   1.2003e-02   2.5694e+02
20240904_18:00:00   5.7485e-01   1.2382e+02   1.1523e+01   0.0000e+00   8.7220e-03   2.5729e+02
20240904_21:00:00   6.7027e-01   1.3747e+02   1.3326e+01   0.0000e+00   1.8470e-01   2.5697e+02
20240905_00:00:00   6.9495e-01   1.4123e+02   1.3433e+01   0.0000e+00   1.3157e-01   2.5934e+02
20240905_03:00:00   7.3614e-01   1.4616e+02   1.4015e+01   7.1640e-05   1.8044e-01   2.5910e+02
20240905_06:00:00   7.9438e-01   1.5390e+02   1.4445e+01   5.3294e-03   4.5183e-02   2.6102e+02
