#            date       tau255        Tb[K]      pwv[mm] lwp[kg*m^-2] iwp[kg*m^-2]       o3[DU]
20240728_06:00:00   8.6266e-02   2.6851e+01   1.6423e+00   0.0000e+00   0.0000e+00   2.7504e+02
20240728_07:00:00   8.8174e-02   2.7321e+01   1.6843e+00   0.0000e+00   0.0000e+00   2.7439e+02
20240728_08:00:00   8.6399e-02   2.6882e+01   1.6422e+00   0.0000e+00   0.0000e+00   2.7513e+02
20240728_09:00:00   8.6636e-02   2.6922e+01   1.6462e+00   0.0000e+00   0.0000e+00   2.7353e+02
20240728_10:00:00   8.7996e-02   2.7290e+01   1.6629e+00   0.0000e+00   0.0000e+00   2.7162e+02
20240728_11:00:00   8.4959e-02   2.6546e+01   1.5903e+00   0.0000e+00   0.0000e+00   2.7228e+02
20240728_12:00:00   8.3059e-02   2.6072e+01   1.5506e+00   0.0000e+00   0.0000e+00   2.7361e+02
20240728_13:00:00   8.3454e-02   2.6186e+01   1.5518e+00   0.0000e+00   0.0000e+00   2.7442e+02
20240728_14:00:00   8.2200e-02   2.5882e+01   1.5258e+00   0.0000e+00   0.0000e+00   2.7532e+02
20240728_15:00:00   8.2871e-02   2.6018e+01   1.5554e+00   0.0000e+00   0.0000e+00   2.7585e+02
20240728_16:00:00   8.2180e-02   2.5830e+01   1.5472e+00   0.0000e+00   0.0000e+00   2.7528e+02
20240728_17:00:00   7.7592e-02   2.4653e+01   1.4510e+00   0.0000e+00   0.0000e+00   2.7475e+02
20240728_18:00:00   7.4189e-02   2.3774e+01   1.3803e+00   0.0000e+00   0.0000e+00   2.7700e+02
20240728_19:00:00   7.5364e-02   2.4044e+01   1.4034e+00   0.0000e+00   0.0000e+00   2.7720e+02
20240728_20:00:00   7.4685e-02   2.3897e+01   1.3835e+00   0.0000e+00   0.0000e+00   2.7743e+02
20240728_21:00:00   7.4579e-02   2.3943e+01   1.3726e+00   0.0000e+00   0.0000e+00   2.8041e+02
20240728_22:00:00   7.7894e-02   2.4794e+01   1.4469e+00   0.0000e+00   0.0000e+00   2.7829e+02
20240728_23:00:00   7.9002e-02   2.5069e+01   1.4738e+00   0.0000e+00   0.0000e+00   2.7771e+02
20240729_00:00:00   7.8516e-02   2.4908e+01   1.4713e+00   0.0000e+00   0.0000e+00   2.7930e+02
20240729_01:00:00   7.7689e-02   2.4652e+01   1.4598e+00   0.0000e+00   0.0000e+00   2.7919e+02
20240729_02:00:00   7.7096e-02   2.4473e+01   1.4557e+00   0.0000e+00   0.0000e+00   2.7908e+02
20240729_03:00:00   7.9144e-02   2.4949e+01   1.5105e+00   0.0000e+00   0.0000e+00   2.7959e+02
20240729_04:00:00   8.1122e-02   2.5412e+01   1.5636e+00   0.0000e+00   0.0000e+00   2.8083e+02
20240729_05:00:00   8.3456e-02   2.5945e+01   1.6285e+00   0.0000e+00   0.0000e+00   2.8124e+02
20240729_06:00:00   8.4636e-02   2.6208e+01   1.6584e+00   0.0000e+00   0.0000e+00   2.8192e+02
20240729_07:00:00   8.5406e-02   2.6394e+01   1.6763e+00   0.0000e+00   0.0000e+00   2.8213e+02
20240729_08:00:00   8.5202e-02   2.6358e+01   1.6698e+00   0.0000e+00   0.0000e+00   2.8085e+02
20240729_09:00:00   8.8898e-02   2.7250e+01   1.7603e+00   0.0000e+00   0.0000e+00   2.8029e+02
20240729_10:00:00   9.4772e-02   2.8700e+01   1.8854e+00   0.0000e+00   0.0000e+00   2.8036e+02
20240729_11:00:00   9.7619e-02   2.9490e+01   1.9363e+00   0.0000e+00   0.0000e+00   2.8092e+02
20240729_12:00:00   1.0161e-01   3.0520e+01   2.0148e+00   0.0000e+00   3.6060e-05   2.8124e+02
20240729_13:00:00   1.0928e-01   3.2405e+01   2.1841e+00   0.0000e+00   0.0000e+00   2.8068e+02
20240729_14:00:00   1.0879e-01   3.2269e+01   2.1756e+00   0.0000e+00   0.0000e+00   2.8109e+02
20240729_15:00:00   1.0804e-01   3.2016e+01   2.1737e+00   0.0000e+00   0.0000e+00   2.8094e+02
20240729_16:00:00   1.0576e-01   3.1429e+01   2.1303e+00   0.0000e+00   0.0000e+00   2.8158e+02
20240729_17:00:00   1.0227e-01   3.0587e+01   2.0423e+00   0.0000e+00   0.0000e+00   2.8251e+02
20240729_18:00:00   9.6747e-02   2.9165e+01   1.9359e+00   0.0000e+00   0.0000e+00   2.8257e+02
20240729_19:00:00   9.2149e-02   2.7993e+01   1.8352e+00   0.0000e+00   0.0000e+00   2.8116e+02
20240729_20:00:00   8.7343e-02   2.6819e+01   1.7149e+00   0.0000e+00   0.0000e+00   2.8031e+02
20240729_21:00:00   8.4743e-02   2.6198e+01   1.6477e+00   0.0000e+00   0.0000e+00   2.8190e+02
20240729_22:00:00   8.2390e-02   2.5591e+01   1.6043e+00   0.0000e+00   0.0000e+00   2.8228e+02
20240729_23:00:00   8.2725e-02   2.5671e+01   1.6099e+00   0.0000e+00   0.0000e+00   2.8121e+02
20240730_00:00:00   7.9166e-02   2.4842e+01   1.5127e+00   0.0000e+00   0.0000e+00   2.8051e+02
20240730_01:00:00   7.7725e-02   2.4509e+01   1.4713e+00   0.0000e+00   0.0000e+00   2.7950e+02
20240730_02:00:00   7.6439e-02   2.4244e+01   1.4262e+00   0.0000e+00   0.0000e+00   2.7951e+02
20240730_03:00:00   7.6574e-02   2.4317e+01   1.4222e+00   0.0000e+00   0.0000e+00   2.7910e+02
20240730_04:00:00   8.0158e-02   2.5226e+01   1.4998e+00   0.0000e+00   0.0000e+00   2.7928e+02
20240730_05:00:00   8.3040e-02   2.5909e+01   1.5747e+00   0.0000e+00   1.1220e-04   2.7924e+02
20240730_06:00:00   8.3470e-02   2.6007e+01   1.5883e+00   0.0000e+00   2.2740e-03   2.7993e+02
20240730_07:00:00   8.3792e-02   2.6108e+01   1.5871e+00   0.0000e+00   0.0000e+00   2.7871e+02
20240730_08:00:00   8.4456e-02   2.6228e+01   1.6166e+00   0.0000e+00   2.2360e-03   2.7901e+02
20240730_09:00:00   8.7841e-02   2.7046e+01   1.6941e+00   0.0000e+00   7.2880e-04   2.8041e+02
20240730_10:00:00   8.9287e-02   2.7411e+01   1.7188e+00   0.0000e+00   9.6160e-05   2.8151e+02
20240730_11:00:00   9.0356e-02   2.7668e+01   1.7354e+00   0.0000e+00   1.2022e-05   2.8246e+02
20240730_12:00:00   9.3225e-02   2.8391e+01   1.7872e+00   0.0000e+00   0.0000e+00   2.8186e+02
20240730_13:00:00   1.0155e-01   3.0471e+01   1.9510e+00   0.0000e+00   2.4040e-05   2.8049e+02
20240730_14:00:00   1.0264e-01   3.0809e+01   1.9450e+00   0.0000e+00   0.0000e+00   2.8083e+02
20240730_15:00:00   9.8453e-02   2.9751e+01   1.8769e+00   0.0000e+00   6.9820e-06   2.8137e+02
20240730_16:00:00   9.7203e-02   2.9402e+01   1.8634e+00   0.0000e+00   3.6060e-05   2.8203e+02
20240730_17:00:00   9.6234e-02   2.9196e+01   1.8257e+00   0.0000e+00   0.0000e+00   2.8222e+02
20240730_18:00:00   1.0070e-01   3.0240e+01   1.9359e+00   0.0000e+00   0.0000e+00   2.8142e+02
20240730_19:00:00   1.0829e-01   3.2061e+01   2.1021e+00   0.0000e+00   0.0000e+00   2.8076e+02
20240730_20:00:00   1.1037e-01   3.2602e+01   2.1338e+00   0.0000e+00   0.0000e+00   2.8180e+02
20240730_21:00:00   1.0922e-01   3.2356e+01   2.0878e+00   0.0000e+00   0.0000e+00   2.8130e+02
20240730_22:00:00   1.1078e-01   3.2746e+01   2.1146e+00   0.0000e+00   0.0000e+00   2.7856e+02
20240730_23:00:00   1.1265e-01   3.3238e+01   2.1322e+00   0.0000e+00   0.0000e+00   2.7823e+02
20240731_00:00:00   1.1284e-01   3.3348e+01   2.1243e+00   0.0000e+00   0.0000e+00   2.7908e+02
20240731_01:00:00   1.1189e-01   3.3149e+01   2.1042e+00   0.0000e+00   0.0000e+00   2.8035e+02
20240731_02:00:00   1.0841e-01   3.2390e+01   2.0204e+00   0.0000e+00   0.0000e+00   2.7928e+02
20240731_03:00:00   1.0510e-01   3.1684e+01   1.9288e+00   0.0000e+00   0.0000e+00   2.7932e+02
20240731_04:00:00   1.0147e-01   3.0822e+01   1.8548e+00   0.0000e+00   0.0000e+00   2.7934e+02
20240731_05:00:00   9.5323e-02   2.9328e+01   1.7214e+00   0.0000e+00   0.0000e+00   2.7980e+02
20240731_06:00:00   8.9332e-02   2.7842e+01   1.5936e+00   0.0000e+00   0.0000e+00   2.7867e+02
20240731_07:00:00   8.3223e-02   2.6338e+01   1.4552e+00   0.0000e+00   0.0000e+00   2.7937e+02
20240731_08:00:00   8.1750e-02   2.5967e+01   1.4210e+00   0.0000e+00   0.0000e+00   2.7872e+02
20240731_09:00:00   7.9163e-02   2.5331e+01   1.3641e+00   0.0000e+00   0.0000e+00   2.7861e+02
20240731_10:00:00   7.8025e-02   2.5054e+01   1.3382e+00   0.0000e+00   0.0000e+00   2.8081e+02
20240731_11:00:00   8.0262e-02   2.5632e+01   1.3826e+00   0.0000e+00   0.0000e+00   2.8201e+02
20240731_12:00:00   9.7922e-02   3.0095e+01   1.7200e+00   0.0000e+00   0.0000e+00   2.8246e+02
20240731_13:00:00   1.0971e-01   3.3013e+01   1.9669e+00   0.0000e+00   0.0000e+00   2.8418e+02
20240731_14:00:00   1.1564e-01   3.4490e+01   2.1027e+00   0.0000e+00   0.0000e+00   2.8502e+02
20240731_15:00:00   1.1679e-01   3.4741e+01   2.1590e+00   0.0000e+00   0.0000e+00   2.8436e+02
20240731_16:00:00   1.1466e-01   3.4150e+01   2.1373e+00   0.0000e+00   0.0000e+00   2.8400e+02
20240731_17:00:00   1.1362e-01   3.3883e+01   2.1199e+00   0.0000e+00   0.0000e+00   2.8216e+02
20240731_18:00:00   1.1233e-01   3.3595e+01   2.0954e+00   0.0000e+00   0.0000e+00   2.8121e+02
20240731_19:00:00   1.0505e-01   3.1794e+01   1.9560e+00   0.0000e+00   0.0000e+00   2.8137e+02
20240731_20:00:00   9.3877e-02   2.9019e+01   1.7279e+00   0.0000e+00   0.0000e+00   2.8050e+02
20240731_21:00:00   9.4038e-02   2.9052e+01   1.7327e+00   0.0000e+00   0.0000e+00   2.8033e+02
20240731_22:00:00   9.6027e-02   2.9601e+01   1.7583e+00   0.0000e+00   0.0000e+00   2.8073e+02
20240731_23:00:00   1.0027e-01   3.0634e+01   1.8607e+00   0.0000e+00   0.0000e+00   2.7886e+02
20240801_00:00:00   1.1972e-01   3.5404e+01   2.2804e+00   0.0000e+00   0.0000e+00   2.7525e+02
20240801_01:00:00   1.6906e-01   4.6994e+01   3.3086e+00   0.0000e+00   0.0000e+00   2.7296e+02
20240801_02:00:00   2.1194e-01   5.6585e+01   4.1535e+00   0.0000e+00   0.0000e+00   2.7289e+02
20240801_03:00:00   2.2453e-01   5.9350e+01   4.3778e+00   0.0000e+00   0.0000e+00   2.7328e+02
20240801_04:00:00   2.3359e-01   6.1341e+01   4.5399e+00   0.0000e+00   0.0000e+00   2.7469e+02
20240801_05:00:00   2.3784e-01   6.2292e+01   4.6067e+00   0.0000e+00   0.0000e+00   2.7531e+02
20240801_06:00:00   2.3894e-01   6.2551e+01   4.6228e+00   0.0000e+00   0.0000e+00   2.7573e+02
20240801_07:00:00   2.4189e-01   6.3219e+01   4.6710e+00   0.0000e+00   0.0000e+00   2.7513e+02
20240801_08:00:00   2.4897e-01   6.4751e+01   4.7957e+00   0.0000e+00   0.0000e+00   2.7614e+02
20240801_09:00:00   2.6657e-01   6.8408e+01   5.1216e+00   0.0000e+00   0.0000e+00   2.7581e+02
20240801_10:00:00   2.9644e-01   7.4469e+01   5.6811e+00   0.0000e+00   0.0000e+00   2.7450e+02
20240801_11:00:00   3.3007e-01   8.1027e+01   6.3284e+00   0.0000e+00   0.0000e+00   2.7658e+02
20240801_12:00:00   3.3562e-01   8.2149e+01   6.4466e+00   0.0000e+00   0.0000e+00   2.7667e+02
20240801_13:00:00   3.4031e-01   8.3033e+01   6.5434e+00   0.0000e+00   0.0000e+00   2.7673e+02
20240801_14:00:00   3.3978e-01   8.3002e+01   6.5337e+00   0.0000e+00   0.0000e+00   2.7487e+02
20240801_15:00:00   3.3864e-01   8.2897e+01   6.5046e+00   0.0000e+00   0.0000e+00   2.7406e+02
20240801_16:00:00   3.4010e-01   8.3239e+01   6.5243e+00   0.0000e+00   0.0000e+00   2.7456e+02
20240801_17:00:00   3.4067e-01   8.3413e+01   6.5210e+00   0.0000e+00   0.0000e+00   2.7437e+02
20240801_18:00:00   3.4426e-01   8.4266e+01   6.5774e+00   0.0000e+00   0.0000e+00   2.7406e+02
20240801_19:00:00   3.2915e-01   8.1582e+01   6.2607e+00   0.0000e+00   0.0000e+00   2.7299e+02
20240801_20:00:00   2.9510e-01   7.5088e+01   5.6005e+00   0.0000e+00   0.0000e+00   2.7186e+02
20240801_21:00:00   2.9312e-01   7.4590e+01   5.5931e+00   0.0000e+00   0.0000e+00   2.7154e+02
20240801_22:00:00   2.8977e-01   7.3803e+01   5.5573e+00   0.0000e+00   0.0000e+00   2.6995e+02
20240801_23:00:00   2.9248e-01   7.4272e+01   5.6101e+00   0.0000e+00   0.0000e+00   2.6767e+02
20240802_00:00:00   3.0223e-01   7.6172e+01   5.8010e+00   0.0000e+00   0.0000e+00   2.6525e+02
20240802_01:00:00   2.9604e-01   7.4938e+01   5.6926e+00   0.0000e+00   0.0000e+00   2.6479e+02
20240802_02:00:00   2.7494e-01   7.0686e+01   5.3129e+00   0.0000e+00   0.0000e+00   2.6385e+02
20240802_03:00:00   2.5540e-01   6.6691e+01   4.9468e+00   0.0000e+00   0.0000e+00   2.6487e+02
20240802_04:00:00   2.4531e-01   6.4591e+01   4.7623e+00   0.0000e+00   0.0000e+00   2.6426e+02
20240802_05:00:00   2.2673e-01   6.0688e+01   4.3837e+00   0.0000e+00   0.0000e+00   2.6386e+02
20240802_06:00:00   2.2557e-01   6.0446e+01   4.3665e+00   0.0000e+00   0.0000e+00   2.6166e+02
20240802_09:00:00   1.8825e-01   5.2074e+01   3.6924e+00   0.0000e+00   0.0000e+00   2.6200e+02
20240802_12:00:00   2.2134e-01   5.9545e+01   4.3922e+00   0.0000e+00   0.0000e+00   2.6155e+02
20240802_15:00:00   2.3679e-01   6.2978e+01   4.6804e+00   0.0000e+00   0.0000e+00   2.6096e+02
20240802_18:00:00   2.0733e-01   5.6559e+01   4.0958e+00   0.0000e+00   0.0000e+00   2.6025e+02
20240802_21:00:00   2.1677e-01   5.8636e+01   4.3027e+00   0.0000e+00   0.0000e+00   2.6089e+02
20240803_00:00:00   2.6038e-01   6.8024e+01   5.1505e+00   0.0000e+00   3.0720e-05   2.5944e+02
20240803_03:00:00   2.8326e-01   7.2641e+01   5.5671e+00   0.0000e+00   6.5540e-06   2.5859e+02
20240803_06:00:00   2.7276e-01   7.0650e+01   5.3123e+00   0.0000e+00   0.0000e+00   2.5684e+02
20240803_09:00:00   2.5868e-01   6.7684e+01   5.0393e+00   0.0000e+00   0.0000e+00   2.5462e+02
20240803_12:00:00   2.5348e-01   6.6234e+01   5.0784e+00   0.0000e+00   0.0000e+00   2.5540e+02
20240803_15:00:00   2.4098e-01   6.3334e+01   4.9045e+00   0.0000e+00   0.0000e+00   2.5685e+02
20240803_18:00:00   2.1098e-01   5.6646e+01   4.3244e+00   0.0000e+00   0.0000e+00   2.5893e+02
20240803_21:00:00   2.1895e-01   5.8296e+01   4.5138e+00   0.0000e+00   0.0000e+00   2.5905e+02
20240804_00:00:00   2.2009e-01   5.8482e+01   4.5369e+00   0.0000e+00   0.0000e+00   2.6001e+02
20240804_03:00:00   2.1079e-01   5.6410e+01   4.2896e+00   0.0000e+00   0.0000e+00   2.6041e+02
20240804_06:00:00   2.1008e-01   5.6412e+01   4.2558e+00   0.0000e+00   5.4420e-07   2.6148e+02
20240804_09:00:00   1.7384e-01   4.8517e+01   3.4915e+00   0.0000e+00   0.0000e+00   2.6282e+02
20240804_12:00:00   1.5963e-01   4.5255e+01   3.1797e+00   0.0000e+00   0.0000e+00   2.6244e+02
20240804_15:00:00   1.2237e-01   3.6382e+01   2.4022e+00   0.0000e+00   3.6060e-05   2.6121e+02
20240804_18:00:00   8.1863e-02   2.6215e+01   1.5326e+00   0.0000e+00   1.0612e-04   2.6208e+02
20240804_21:00:00   7.0749e-02   2.3223e+01   1.3068e+00   0.0000e+00   1.5612e-03   2.6139e+02
20240805_00:00:00   7.7360e-02   2.4901e+01   1.4570e+00   0.0000e+00   1.9342e-03   2.5781e+02
20240805_03:00:00   7.3248e-02   2.3794e+01   1.3711e+00   0.0000e+00   3.6071e-03   2.6109e+02
20240805_06:00:00   6.7353e-02   2.2217e+01   1.2413e+00   0.0000e+00   4.2182e-03   2.6132e+02
20240805_09:00:00   5.9919e-02   2.0259e+01   1.0709e+00   0.0000e+00   2.2479e-03   2.6062e+02
20240805_12:00:00   5.7851e-02   1.9768e+01   1.0113e+00   0.0000e+00   7.2580e-06   2.5945e+02
20240805_15:00:00   5.8288e-02   1.9953e+01   1.0068e+00   0.0000e+00   0.0000e+00   2.6058e+02
20240805_18:00:00   7.2805e-02   2.3912e+01   1.3060e+00   0.0000e+00   0.0000e+00   2.6183e+02
20240805_21:00:00   1.0582e-01   3.2549e+01   1.9677e+00   0.0000e+00   0.0000e+00   2.6362e+02
20240806_00:00:00   1.5949e-01   4.5583e+01   3.1110e+00   0.0000e+00   0.0000e+00   2.6647e+02
20240806_03:00:00   1.7961e-01   5.0276e+01   3.5188e+00   0.0000e+00   1.0882e-06   2.6634e+02
20240806_06:00:00   2.0160e-01   5.5224e+01   3.9822e+00   0.0000e+00   0.0000e+00   2.6535e+02
20240806_09:00:00   2.0554e-01   5.6105e+01   4.0889e+00   0.0000e+00   1.0882e-06   2.6542e+02
20240806_12:00:00   2.2254e-01   5.9747e+01   4.5304e+00   0.0000e+00   1.1934e-03   2.6811e+02
20240806_15:00:00   2.4713e-01   6.4883e+01   5.1207e+00   0.0000e+00   2.5140e-03   2.6938e+02
20240806_18:00:00   2.4283e-01   6.4141e+01   4.9736e+00   0.0000e+00   0.0000e+00   2.6470e+02
20240806_21:00:00   2.7123e-01   6.9984e+01   5.5771e+00   0.0000e+00   0.0000e+00   2.6681e+02
20240807_00:00:00   2.7027e-01   6.9707e+01   5.5608e+00   0.0000e+00   0.0000e+00   2.6723e+02
20240807_03:00:00   2.7931e-01   7.1396e+01   5.7247e+00   0.0000e+00   6.6800e-06   2.6468e+02
20240807_06:00:00   2.7706e-01   7.1114e+01   5.6502e+00   0.0000e+00   0.0000e+00   2.6271e+02
20240807_09:00:00   2.7662e-01   7.1018e+01   5.6279e+00   0.0000e+00   0.0000e+00   2.6393e+02
20240807_12:00:00   2.7324e-01   7.0352e+01   5.6002e+00   0.0000e+00   0.0000e+00   2.6645e+02
20240807_15:00:00   2.5658e-01   6.7024e+01   5.2517e+00   0.0000e+00   0.0000e+00   2.6760e+02
20240807_18:00:00   2.3250e-01   6.1944e+01   4.7501e+00   0.0000e+00   0.0000e+00   2.6956e+02
20240807_21:00:00   2.6482e-01   6.8616e+01   5.4461e+00   0.0000e+00   0.0000e+00   2.6894e+02
20240808_00:00:00   2.7918e-01   7.1536e+01   5.7029e+00   0.0000e+00   0.0000e+00   2.7018e+02
20240808_03:00:00   2.8902e-01   7.3608e+01   5.8418e+00   0.0000e+00   0.0000e+00   2.6785e+02
20240808_06:00:00   2.9508e-01   7.4846e+01   5.9067e+00   0.0000e+00   0.0000e+00   2.6498e+02
20240808_09:00:00   2.6747e-01   6.9388e+01   5.2887e+00   0.0000e+00   0.0000e+00   2.6327e+02
20240808_12:00:00   2.6133e-01   6.8239e+01   5.1803e+00   0.0000e+00   0.0000e+00   2.6139e+02
20240808_15:00:00   2.6322e-01   6.8690e+01   5.2130e+00   0.0000e+00   0.0000e+00   2.6422e+02
20240808_18:00:00   2.2923e-01   6.1425e+01   4.5465e+00   0.0000e+00   0.0000e+00   2.6152e+02
20240808_21:00:00   1.9869e-01   5.4576e+01   3.9775e+00   0.0000e+00   0.0000e+00   2.5884e+02
20240809_00:00:00   2.1950e-01   5.9167e+01   4.4079e+00   0.0000e+00   0.0000e+00   2.5920e+02
20240809_03:00:00   2.3278e-01   6.1956e+01   4.6837e+00   0.0000e+00   0.0000e+00   2.5629e+02
20240809_06:00:00   2.2271e-01   5.9809e+01   4.4504e+00   0.0000e+00   0.0000e+00   2.5550e+02
20240809_09:00:00   2.2398e-01   6.0115e+01   4.4887e+00   0.0000e+00   0.0000e+00   2.5444e+02
20240809_12:00:00   2.1894e-01   5.9099e+01   4.4348e+00   0.0000e+00   0.0000e+00   2.5523e+02
20240809_15:00:00   2.3469e-01   6.2592e+01   4.7912e+00   0.0000e+00   0.0000e+00   2.5559e+02
20240809_18:00:00   2.2725e-01   6.1049e+01   4.6142e+00   0.0000e+00   0.0000e+00   2.5613e+02
20240809_21:00:00   2.2508e-01   6.0588e+01   4.5443e+00   0.0000e+00   0.0000e+00   2.5505e+02
20240810_00:00:00   2.4300e-01   6.4322e+01   4.9046e+00   0.0000e+00   0.0000e+00   2.5163e+02
20240810_03:00:00   2.3062e-01   6.1690e+01   4.6129e+00   0.0000e+00   0.0000e+00   2.5016e+02
20240810_06:00:00   2.2258e-01   5.9998e+01   4.4380e+00   0.0000e+00   0.0000e+00   2.4967e+02
20240810_09:00:00   2.1545e-01   5.8446e+01   4.2896e+00   0.0000e+00   0.0000e+00   2.4914e+02
20240810_12:00:00   2.2523e-01   6.0626e+01   4.5098e+00   0.0000e+00   0.0000e+00   2.4931e+02
20240810_15:00:00   2.3251e-01   6.2248e+01   4.6791e+00   0.0000e+00   0.0000e+00   2.4888e+02
20240810_18:00:00   2.2595e-01   6.0865e+01   4.5040e+00   0.0000e+00   0.0000e+00   2.5150e+02
20240810_21:00:00   2.2532e-01   6.0688e+01   4.5103e+00   0.0000e+00   0.0000e+00   2.5122e+02
20240811_00:00:00   2.1647e-01   5.8646e+01   4.3054e+00   0.0000e+00   0.0000e+00   2.4943e+02
20240811_03:00:00   2.2592e-01   6.0650e+01   4.4747e+00   0.0000e+00   0.0000e+00   2.5069e+02
20240811_06:00:00   2.2012e-01   5.9405e+01   4.3228e+00   0.0000e+00   0.0000e+00   2.5078e+02
20240811_09:00:00   2.0102e-01   5.5196e+01   3.9488e+00   0.0000e+00   0.0000e+00   2.5327e+02
20240811_12:00:00   2.1498e-01   5.8408e+01   4.2240e+00   0.0000e+00   0.0000e+00   2.5205e+02
20240811_15:00:00   2.2500e-01   6.0641e+01   4.3972e+00   0.0000e+00   0.0000e+00   2.5195e+02
20240811_18:00:00   2.0388e-01   5.5917e+01   3.9812e+00   0.0000e+00   0.0000e+00   2.5318e+02
20240811_21:00:00   1.7466e-01   4.9092e+01   3.4032e+00   0.0000e+00   0.0000e+00   2.5716e+02
20240812_00:00:00   1.6272e-01   4.6232e+01   3.1803e+00   0.0000e+00   0.0000e+00   2.5777e+02
20240812_03:00:00   1.4754e-01   4.2551e+01   2.8592e+00   0.0000e+00   0.0000e+00   2.5694e+02
20240812_06:00:00   1.2980e-01   3.8164e+01   2.5073e+00   0.0000e+00   0.0000e+00   2.5359e+02
20240812_09:00:00   1.1196e-01   3.3729e+01   2.1254e+00   0.0000e+00   0.0000e+00   2.5350e+02
20240812_12:00:00   9.7495e-02   2.9976e+01   1.8469e+00   0.0000e+00   0.0000e+00   2.5499e+02
20240812_15:00:00   7.5759e-02   2.4089e+01   1.4742e+00   0.0000e+00   3.0320e-04   2.5537e+02
20240812_18:00:00   1.5805e-01   4.4185e+01   3.3223e+00   0.0000e+00   5.4420e-07   2.5665e+02
20240812_21:00:00   6.5975e-02   2.1902e+01   1.1418e+00   0.0000e+00   0.0000e+00   2.6298e+02
20240813_00:00:00   5.9883e-02   2.0239e+01   1.0352e+00   0.0000e+00   0.0000e+00   2.6325e+02
20240813_03:00:00   7.9420e-02   2.5264e+01   1.4851e+00   0.0000e+00   0.0000e+00   2.7781e+02
20240813_06:00:00   1.1507e-01   3.4225e+01   2.2579e+00   0.0000e+00   0.0000e+00   2.8950e+02
