#            date       tau255        Tb[K]      pwv[mm] lwp[kg*m^-2] iwp[kg*m^-2]       o3[DU]
20250426_06:00:00   6.7863e-01   1.4016e+02   1.2447e+01   0.0000e+00   7.0660e-05   2.6221e+02
20250426_07:00:00   6.8241e-01   1.4066e+02   1.2554e+01   0.0000e+00   0.0000e+00   2.6284e+02
20250426_08:00:00   6.5913e-01   1.3743e+02   1.2218e+01   0.0000e+00   0.0000e+00   2.6251e+02
20250426_09:00:00   6.3917e-01   1.3464e+02   1.1885e+01   0.0000e+00   2.1280e-04   2.6282e+02
20250426_10:00:00   6.3457e-01   1.3408e+02   1.1802e+01   0.0000e+00   5.1400e-06   2.6392e+02
20250426_11:00:00   6.5876e-01   1.3764e+02   1.2301e+01   0.0000e+00   0.0000e+00   2.6231e+02
20250426_12:00:00   6.9460e-01   1.4266e+02   1.3009e+01   0.0000e+00   0.0000e+00   2.6100e+02
20250426_13:00:00   7.1327e-01   1.4523e+02   1.3461e+01   0.0000e+00   0.0000e+00   2.6077e+02
20250426_14:00:00   7.5116e-01   1.5020e+02   1.4174e+01   0.0000e+00   0.0000e+00   2.6119e+02
20250426_15:00:00   7.6430e-01   1.5187e+02   1.4440e+01   0.0000e+00   0.0000e+00   2.6002e+02
20250426_16:00:00   7.6783e-01   1.5232e+02   1.4530e+01   0.0000e+00   0.0000e+00   2.5880e+02
20250426_17:00:00   7.8720e-01   1.5463e+02   1.4863e+01   9.6580e-04   5.0768e-05   2.5760e+02
20250426_18:00:00   7.8359e-01   1.5416e+02   1.4867e+01   0.0000e+00   2.6147e-04   2.5706e+02
20250426_19:00:00   7.7278e-01   1.5283e+02   1.4674e+01   0.0000e+00   6.0100e-06   2.5865e+02
20250426_20:00:00   7.5576e-01   1.5071e+02   1.4383e+01   0.0000e+00   6.0100e-05   2.5947e+02
20250426_21:00:00   7.6974e-01   1.5247e+02   1.4568e+01   0.0000e+00   6.0100e-06   2.5920e+02
20250426_22:00:00   7.8453e-01   1.5433e+02   1.4751e+01   0.0000e+00   1.1420e-04   2.6027e+02
20250426_23:00:00   7.8400e-01   1.5419e+02   1.4762e+01   0.0000e+00   1.0501e-03   2.6041e+02
20250427_00:00:00   8.1105e-01   1.5749e+02   1.5173e+01   0.0000e+00   2.9183e-03   2.6057e+02
20250427_01:00:00   8.2896e-01   1.5970e+02   1.5367e+01   0.0000e+00   1.4788e-03   2.6068e+02
20250427_02:00:00   8.2660e-01   1.5958e+02   1.5228e+01   0.0000e+00   9.5480e-04   2.6149e+02
20250427_03:00:00   8.3971e-01   1.6125e+02   1.5392e+01   0.0000e+00   5.3780e-04   2.6075e+02
20250427_04:00:00   8.4630e-01   1.6212e+02   1.5500e+01   0.0000e+00   9.0800e-05   2.5893e+02
20250427_05:00:00   8.3201e-01   1.6041e+02   1.5343e+01   0.0000e+00   1.5118e-06   2.5937e+02
20250427_06:00:00   8.2417e-01   1.5949e+02   1.5228e+01   0.0000e+00   0.0000e+00   2.5962e+02
20250427_07:00:00   8.3246e-01   1.6051e+02   1.5313e+01   0.0000e+00   0.0000e+00   2.6109e+02
20250427_08:00:00   8.1476e-01   1.5844e+02   1.5026e+01   0.0000e+00   0.0000e+00   2.6123e+02
20250427_09:00:00   7.9991e-01   1.5665e+02   1.4810e+01   0.0000e+00   0.0000e+00   2.5973e+02
20250427_10:00:00   8.0942e-01   1.5786e+02   1.4956e+01   0.0000e+00   0.0000e+00   2.5903e+02
20250427_11:00:00   8.3136e-01   1.6058e+02   1.5341e+01   0.0000e+00   0.0000e+00   2.5940e+02
20250427_12:00:00   8.5524e-01   1.6349e+02   1.5779e+01   0.0000e+00   0.0000e+00   2.6011e+02
20250427_13:00:00   8.7237e-01   1.6552e+02   1.6108e+01   1.3694e-04   0.0000e+00   2.5985e+02
20250427_14:00:00   8.9868e-01   1.6851e+02   1.6564e+01   2.5380e-04   5.3440e-06   2.6042e+02
20250427_15:00:00   9.1096e-01   1.6991e+02   1.6748e+01   1.0086e-03   2.6720e-06   2.6062e+02
20250427_16:00:00   9.1734e-01   1.7065e+02   1.6788e+01   2.9925e-03   5.3440e-06   2.5917e+02
20250427_17:00:00   9.5522e-01   1.7462e+02   1.6893e+01   1.6198e-02   3.0462e-05   2.5942e+02
20250427_18:00:00   1.1554e+00   1.9345e+02   1.7355e+01   8.5020e-02   7.7480e-05   2.6108e+02
20250427_19:00:00   1.3907e+00   2.1127e+02   1.7614e+01   1.7264e-01   1.9930e-04   2.6140e+02
20250427_20:00:00   1.3632e+00   2.0938e+02   1.7207e+01   1.6995e-01   4.8620e-05   2.6115e+02
20250427_21:00:00   8.8690e-01   1.6693e+02   1.6214e+01   2.1760e-03   0.0000e+00   2.6120e+02
20250427_22:00:00   8.5720e-01   1.6357e+02   1.5842e+01   0.0000e+00   0.0000e+00   2.6170e+02
20250427_23:00:00   8.5449e-01   1.6326e+02   1.5795e+01   0.0000e+00   0.0000e+00   2.6232e+02
20250428_00:00:00   8.5885e-01   1.6377e+02   1.5835e+01   0.0000e+00   0.0000e+00   2.6350e+02
20250428_01:00:00   8.6107e-01   1.6400e+02   1.5807e+01   0.0000e+00   0.0000e+00   2.6454e+02
20250428_02:00:00   8.7244e-01   1.6521e+02   1.5932e+01   0.0000e+00   0.0000e+00   2.6264e+02
20250428_03:00:00   8.7122e-01   1.6501e+02   1.5886e+01   0.0000e+00   0.0000e+00   2.6211e+02
20250428_04:00:00   8.7354e-01   1.6518e+02   1.5888e+01   0.0000e+00   0.0000e+00   2.6234e+02
20250428_05:00:00   8.5521e-01   1.6306e+02   1.5600e+01   0.0000e+00   0.0000e+00   2.6225e+02
20250428_06:00:00   8.2935e-01   1.6004e+02   1.5225e+01   0.0000e+00   0.0000e+00   2.6107e+02
20250428_07:00:00   8.0294e-01   1.5691e+02   1.4854e+01   0.0000e+00   0.0000e+00   2.6052e+02
20250428_08:00:00   7.7686e-01   1.5375e+02   1.4466e+01   0.0000e+00   0.0000e+00   2.5997e+02
20250428_09:00:00   7.8706e-01   1.5502e+02   1.4628e+01   0.0000e+00   0.0000e+00   2.5889e+02
20250428_10:00:00   8.0206e-01   1.5693e+02   1.4833e+01   0.0000e+00   0.0000e+00   2.5753e+02
20250428_11:00:00   8.2164e-01   1.5937e+02   1.5118e+01   0.0000e+00   0.0000e+00   2.5817e+02
20250428_12:00:00   8.4190e-01   1.6185e+02   1.5433e+01   3.9420e-04   1.0688e-05   2.5769e+02
20250428_13:00:00   8.6732e-01   1.6486e+02   1.5793e+01   1.8394e-03   4.2740e-05   2.5597e+02
20250428_14:00:00   8.6688e-01   1.6493e+02   1.5716e+01   3.5845e-03   7.8022e-05   2.5472e+02
20250428_15:00:00   9.7375e-01   1.7632e+02   1.5939e+01   4.3045e-02   1.9462e-03   2.5555e+02
20250428_16:00:00   1.1356e+00   1.9141e+02   1.6421e+01   9.9291e-02   1.6198e-02   2.5641e+02
20250428_17:00:00   2.0688e+00   2.4333e+02   1.7739e+01   4.6163e-01   1.1986e-01   2.5614e+02
20250428_18:00:00   2.2900e+00   2.5049e+02   1.8887e+01   5.1154e-01   1.0641e-01   2.5652e+02
20250428_19:00:00   1.9130e+00   2.3809e+02   1.8824e+01   3.5267e-01   4.4708e-02   2.5624e+02
20250428_20:00:00   1.3838e+00   2.1033e+02   1.8294e+01   1.4684e-01   1.9084e-02   2.5616e+02
20250428_21:00:00   1.0600e+00   1.8447e+02   1.7327e+01   3.7982e-02   7.6049e-04   2.5749e+02
20250428_22:00:00   9.6490e-01   1.7506e+02   1.6475e+01   2.2679e-02   6.5976e-05   2.5907e+02
20250428_23:00:00   8.7943e-01   1.6587e+02   1.5631e+01   1.0264e-02   2.4627e-04   2.5972e+02
20250429_00:00:00   8.5385e-01   1.6289e+02   1.5359e+01   5.7460e-03   4.6726e-05   2.5890e+02
20250429_01:00:00   9.1293e-01   1.6930e+02   1.5277e+01   3.1399e-02   3.8881e-04   2.5838e+02
20250429_02:00:00   9.2535e-01   1.7051e+02   1.5051e+01   4.1626e-02   9.8600e-04   2.5924e+02
20250429_03:00:00   8.0642e-01   1.5731e+02   1.4487e+01   3.3400e-03   1.0688e-04   2.6002e+02
20250429_04:00:00   7.7829e-01   1.5395e+02   1.4070e+01   6.6800e-06   2.6720e-06   2.6050e+02
20250429_05:00:00   7.6474e-01   1.5229e+02   1.3797e+01   0.0000e+00   0.0000e+00   2.6039e+02
20250429_06:00:00   7.4310e-01   1.4954e+02   1.3435e+01   0.0000e+00   0.0000e+00   2.6008e+02
20250429_07:00:00   7.2495e-01   1.4720e+02   1.3127e+01   0.0000e+00   0.0000e+00   2.5932e+02
20250429_08:00:00   7.3756e-01   1.4885e+02   1.3282e+01   0.0000e+00   0.0000e+00   2.5831e+02
20250429_09:00:00   7.5140e-01   1.5070e+02   1.3454e+01   0.0000e+00   0.0000e+00   2.5774e+02
20250429_10:00:00   7.6987e-01   1.5316e+02   1.3710e+01   1.6700e-05   0.0000e+00   2.5690e+02
20250429_11:00:00   8.0951e-01   1.5802e+02   1.4325e+01   1.3940e-03   1.0688e-05   2.5686e+02
20250429_12:00:00   8.3109e-01   1.6047e+02   1.4796e+01   2.4760e-03   3.7400e-05   2.5692e+02
20250429_13:00:00   8.5575e-01   1.6318e+02   1.5289e+01   3.8602e-03   3.4394e-04   2.5787e+02
20250429_14:00:00   8.4981e-01   1.6260e+02   1.5301e+01   3.4215e-03   3.1781e-04   2.5933e+02
20250429_15:00:00   9.2082e-01   1.7062e+02   1.5673e+01   2.2923e-02   1.3098e-03   2.6048e+02
20250429_16:00:00   1.0492e+00   1.8352e+02   1.5817e+01   7.1267e-02   4.8562e-05   2.6021e+02
20250429_17:00:00   9.1016e-01   1.6918e+02   1.5795e+01   1.5966e-02   1.9194e-05   2.6055e+02
20250429_18:00:00   8.9854e-01   1.6783e+02   1.6316e+01   0.0000e+00   5.4660e-06   2.6121e+02
20250429_19:00:00   9.3947e-01   1.7196e+02   1.7155e+01   0.0000e+00   5.0900e-06   2.6257e+02
20250429_20:00:00   9.2819e-01   1.7045e+02   1.7164e+01   0.0000e+00   4.9052e-05   2.6256e+02
20250429_21:00:00   9.1085e-01   1.6835e+02   1.6994e+01   0.0000e+00   1.8642e-03   2.6197e+02
20250429_22:00:00   9.2454e-01   1.6973e+02   1.7176e+01   0.0000e+00   2.3253e-04   2.6318e+02
20250429_23:00:00   9.3817e-01   1.7115e+02   1.7358e+01   1.2022e-05   8.4062e-04   2.6384e+02
20250430_00:00:00   9.4698e-01   1.7194e+02   1.7483e+01   2.4960e-04   5.3415e-03   2.6325e+02
20250430_01:00:00   9.3700e-01   1.7092e+02   1.7268e+01   0.0000e+00   9.6364e-03   2.6205e+02
20250430_02:00:00   9.0883e-01   1.6800e+02   1.6758e+01   0.0000e+00   2.4442e-04   2.6184e+02
20250430_03:00:00   9.5487e-01   1.7266e+02   1.7439e+01   4.3977e-03   1.0020e-03   2.6172e+02
20250430_04:00:00   9.9482e-01   1.7652e+02   1.8134e+01   0.0000e+00   3.3145e-03   2.6124e+02
20250430_05:00:00   9.1984e-01   1.6886e+02   1.6972e+01   0.0000e+00   1.0459e-04   2.6144e+02
20250430_06:00:00   8.5977e-01   1.6246e+02   1.5684e+01   0.0000e+00   3.4441e-03   2.6234e+02
20250430_07:00:00   8.1541e-01   1.5750e+02   1.4699e+01   0.0000e+00   2.6771e-03   2.6231e+02
20250430_08:00:00   7.6661e-01   1.5152e+02   1.3972e+01   0.0000e+00   7.1075e-03   2.6312e+02
20250430_09:00:00   7.4741e-01   1.4906e+02   1.3638e+01   0.0000e+00   2.0844e-02   2.6248e+02
20250430_10:00:00   7.1286e-01   1.4447e+02   1.3220e+01   0.0000e+00   2.1273e-03   2.6226e+02
20250430_11:00:00   6.8526e-01   1.4088e+02   1.2682e+01   0.0000e+00   2.4039e-03   2.6260e+02
20250430_12:00:00   6.5438e-01   1.3678e+02   1.2076e+01   0.0000e+00   5.0461e-03   2.6226e+02
20250430_13:00:00   6.4058e-01   1.3519e+02   1.1557e+01   0.0000e+00   1.7584e-03   2.6294e+02
20250430_14:00:00   6.5309e-01   1.3728e+02   1.1488e+01   0.0000e+00   0.0000e+00   2.6404e+02
20250430_15:00:00   6.8916e-01   1.4241e+02   1.1820e+01   0.0000e+00   0.0000e+00   2.6575e+02
20250430_16:00:00   5.8580e-01   1.2753e+02   1.0071e+01   0.0000e+00   0.0000e+00   2.6557e+02
20250430_17:00:00   5.2636e-01   1.1807e+02   9.1927e+00   0.0000e+00   0.0000e+00   2.6591e+02
20250430_18:00:00   5.2097e-01   1.1719e+02   9.0097e+00   0.0000e+00   0.0000e+00   2.6469e+02
20250430_19:00:00   5.1700e-01   1.1642e+02   9.0024e+00   0.0000e+00   0.0000e+00   2.6408e+02
20250430_20:00:00   4.8812e-01   1.1161e+02   8.5445e+00   0.0000e+00   0.0000e+00   2.6362e+02
20250430_21:00:00   4.9147e-01   1.1217e+02   8.5295e+00   0.0000e+00   0.0000e+00   2.6350e+02
20250430_22:00:00   4.7720e-01   1.0973e+02   8.2828e+00   0.0000e+00   0.0000e+00   2.6302e+02
20250430_23:00:00   4.7675e-01   1.0959e+02   8.2887e+00   0.0000e+00   0.0000e+00   2.6290e+02
20250501_00:00:00   4.0794e-01   9.7479e+01   7.2045e+00   0.0000e+00   0.0000e+00   2.6388e+02
20250501_01:00:00   3.7631e-01   9.1443e+01   6.7448e+00   0.0000e+00   0.0000e+00   2.6420e+02
20250501_02:00:00   3.3959e-01   8.4239e+01   6.1783e+00   0.0000e+00   6.6800e-06   2.6422e+02
20250501_03:00:00   3.6313e-01   8.8578e+01   6.6048e+00   0.0000e+00   3.3400e-06   2.6412e+02
20250501_04:00:00   3.4510e-01   8.5226e+01   6.2210e+00   0.0000e+00   9.7044e-06   2.6443e+02
20250501_05:00:00   3.4165e-01   8.4427e+01   6.1871e+00   0.0000e+00   8.7363e-04   2.6421e+02
20250501_06:00:00   3.3037e-01   8.2084e+01   6.0284e+00   0.0000e+00   1.4308e-03   2.6631e+02
20250501_09:00:00   3.4153e-01   8.4118e+01   6.3053e+00   0.0000e+00   3.0860e-04   2.6532e+02
20250501_12:00:00   3.5280e-01   8.5805e+01   6.6885e+00   0.0000e+00   8.6429e-02   2.6824e+02
20250501_15:00:00   3.3626e-01   8.2306e+01   6.5327e+00   0.0000e+00   3.1133e-02   2.6813e+02
20250501_18:00:00   2.5732e-01   6.5742e+01   5.3016e+00   0.0000e+00   1.8609e-02   2.7084e+02
20250501_21:00:00   1.7297e-01   4.6564e+01   3.7889e+00   0.0000e+00   1.3473e-02   2.7322e+02
20250502_00:00:00   1.7277e-01   4.6556e+01   3.6899e+00   0.0000e+00   3.6741e-03   2.7609e+02
20250502_03:00:00   1.8678e-01   5.0204e+01   3.9057e+00   0.0000e+00   2.9413e-03   2.7514e+02
20250502_06:00:00   2.7270e-01   6.8804e+01   5.5941e+00   0.0000e+00   7.0803e-04   2.7885e+02
20250502_09:00:00   1.5255e-01   4.2820e+01   3.0413e+00   0.0000e+00   8.9080e-05   2.7806e+02
20250502_12:00:00   5.2427e-02   1.8292e+01   8.0043e-01   0.0000e+00   1.2810e-04   2.7686e+02
20250502_15:00:00   5.9093e-02   2.0040e+01   9.3246e-01   0.0000e+00   3.8479e-03   2.7327e+02
20250502_18:00:00   4.4601e-02   1.6283e+01   5.9630e-01   0.0000e+00   1.6930e-06   2.7874e+02
20250502_21:00:00   3.8113e-02   1.4574e+01   4.4400e-01   0.0000e+00   0.0000e+00   2.8148e+02
20250503_00:00:00   4.0897e-02   1.5315e+01   5.2065e-01   0.0000e+00   0.0000e+00   2.8179e+02
20250503_03:00:00   4.9217e-02   1.7357e+01   7.6229e-01   0.0000e+00   0.0000e+00   2.7943e+02
20250503_06:00:00   5.7559e-02   1.9367e+01   1.0028e+00   0.0000e+00   0.0000e+00   2.7786e+02
20250503_09:00:00   7.2785e-02   2.3005e+01   1.4228e+00   0.0000e+00   0.0000e+00   2.7425e+02
20250503_12:00:00   9.3541e-02   2.8473e+01   1.8440e+00   0.0000e+00   0.0000e+00   2.7386e+02
20250503_15:00:00   1.1328e-01   3.3322e+01   2.3018e+00   0.0000e+00   0.0000e+00   2.7305e+02
20250503_18:00:00   9.7753e-02   2.9507e+01   1.9855e+00   0.0000e+00   2.7820e-06   2.7195e+02
20250503_21:00:00   8.9671e-02   2.7561e+01   1.7943e+00   0.0000e+00   2.8100e-05   2.7347e+02
20250504_00:00:00   9.6914e-02   2.9420e+01   1.9652e+00   0.0000e+00   0.0000e+00   2.7303e+02
20250504_03:00:00   1.1940e-01   3.4890e+01   2.5076e+00   0.0000e+00   0.0000e+00   2.7113e+02
20250504_06:00:00   1.3453e-01   3.8390e+01   2.8976e+00   0.0000e+00   0.0000e+00   2.6798e+02
20250504_09:00:00   1.5228e-01   4.2594e+01   3.2997e+00   0.0000e+00   0.0000e+00   2.6732e+02
20250504_12:00:00   1.8418e-01   5.0039e+01   3.9619e+00   0.0000e+00   0.0000e+00   2.6632e+02
20250504_15:00:00   2.1224e-01   5.6558e+01   4.4902e+00   0.0000e+00   0.0000e+00   2.6495e+02
20250504_18:00:00   2.1911e-01   5.8308e+01   4.5620e+00   0.0000e+00   0.0000e+00   2.6472e+02
20250504_21:00:00   2.4444e-01   6.4018e+01   5.0502e+00   0.0000e+00   0.0000e+00   2.6538e+02
20250505_00:00:00   2.3485e-01   6.2071e+01   4.8423e+00   0.0000e+00   0.0000e+00   2.6565e+02
20250505_03:00:00   2.1675e-01   5.8183e+01   4.4376e+00   0.0000e+00   0.0000e+00   2.6338e+02
20250505_06:00:00   2.0635e-01   5.5908e+01   4.2091e+00   0.0000e+00   0.0000e+00   2.6273e+02
20250505_09:00:00   2.0086e-01   5.4764e+01   4.0700e+00   0.0000e+00   0.0000e+00   2.6366e+02
20250505_12:00:00   2.2946e-01   6.1220e+01   4.5788e+00   0.0000e+00   0.0000e+00   2.6335e+02
20250505_15:00:00   2.3613e-01   6.2762e+01   4.6688e+00   0.0000e+00   0.0000e+00   2.6367e+02
20250505_18:00:00   2.2734e-01   6.0898e+01   4.4842e+00   0.0000e+00   0.0000e+00   2.6265e+02
20250505_21:00:00   2.0981e-01   5.7072e+01   4.1781e+00   0.0000e+00   0.0000e+00   2.6437e+02
20250506_00:00:00   1.9638e-01   5.4143e+01   3.9154e+00   0.0000e+00   0.0000e+00   2.6541e+02
20250506_03:00:00   1.9513e-01   5.3811e+01   3.8772e+00   0.0000e+00   0.0000e+00   2.6335e+02
20250506_06:00:00   1.9223e-01   5.3115e+01   3.8176e+00   0.0000e+00   0.0000e+00   2.6256e+02
20250506_09:00:00   1.8178e-01   5.0709e+01   3.6108e+00   0.0000e+00   0.0000e+00   2.6137e+02
20250506_12:00:00   2.0569e-01   5.6236e+01   4.0554e+00   0.0000e+00   0.0000e+00   2.6153e+02
20250506_15:00:00   2.2606e-01   6.0791e+01   4.4463e+00   0.0000e+00   0.0000e+00   2.6110e+02
20250506_18:00:00   2.0304e-01   5.5717e+01   3.9813e+00   0.0000e+00   0.0000e+00   2.6116e+02
20250506_21:00:00   1.8163e-01   5.0870e+01   3.5512e+00   0.0000e+00   0.0000e+00   2.6155e+02
20250507_00:00:00   1.7741e-01   4.9883e+01   3.4602e+00   0.0000e+00   0.0000e+00   2.6162e+02
20250507_03:00:00   1.7897e-01   5.0157e+01   3.4904e+00   0.0000e+00   0.0000e+00   2.6171e+02
20250507_06:00:00   1.7497e-01   4.9173e+01   3.4206e+00   0.0000e+00   0.0000e+00   2.5970e+02
20250507_09:00:00   1.6905e-01   4.7807e+01   3.2973e+00   0.0000e+00   0.0000e+00   2.5995e+02
20250507_12:00:00   1.9598e-01   5.4101e+01   3.8339e+00   0.0000e+00   0.0000e+00   2.5970e+02
20250507_15:00:00   2.2350e-01   6.0164e+01   4.4476e+00   0.0000e+00   0.0000e+00   2.5723e+02
20250507_18:00:00   2.1344e-01   5.7734e+01   4.3032e+00   0.0000e+00   0.0000e+00   2.5714e+02
20250507_21:00:00   1.9797e-01   5.4172e+01   4.0138e+00   0.0000e+00   0.0000e+00   2.5692e+02
20250508_00:00:00   1.9627e-01   5.3630e+01   4.0636e+00   0.0000e+00   0.0000e+00   2.5935e+02
20250508_03:00:00   2.2540e-01   5.9917e+01   4.7627e+00   0.0000e+00   0.0000e+00   2.5672e+02
20250508_06:00:00   2.2139e-01   5.8918e+01   4.7094e+00   0.0000e+00   0.0000e+00   2.5387e+02
20250508_09:00:00   2.0604e-01   5.5594e+01   4.3742e+00   0.0000e+00   0.0000e+00   2.5622e+02
20250508_12:00:00   2.5282e-01   6.5983e+01   5.2762e+00   0.0000e+00   0.0000e+00   2.5357e+02
20250508_15:00:00   3.0684e-01   7.7349e+01   6.3503e+00   0.0000e+00   1.2096e-06   2.5154e+02
20250508_18:00:00   3.1451e-01   7.8681e+01   6.5744e+00   0.0000e+00   5.7132e-03   2.5266e+02
20250508_21:00:00   2.9770e-01   7.5254e+01   6.1936e+00   0.0000e+00   3.9593e-03   2.5296e+02
20250509_00:00:00   2.7804e-01   7.1319e+01   5.7692e+00   0.0000e+00   5.8775e-05   2.5230e+02
20250509_03:00:00   2.3569e-01   6.2422e+01   4.8910e+00   0.0000e+00   0.0000e+00   2.5417e+02
20250509_06:00:00   2.1920e-01   5.8695e+01   4.5687e+00   0.0000e+00   3.5342e-04   2.5470e+02
20250509_09:00:00   1.9761e-01   5.3917e+01   4.0683e+00   0.0000e+00   4.5731e-03   2.5363e+02
20250509_12:00:00   2.4534e-01   6.4542e+01   4.9893e+00   0.0000e+00   5.2658e-03   2.5227e+02
20250509_15:00:00   2.9475e-01   7.5032e+01   5.9222e+00   0.0000e+00   1.7700e-03   2.5336e+02
20250509_18:00:00   2.9668e-01   7.5521e+01   5.9087e+00   0.0000e+00   0.0000e+00   2.5109e+02
20250509_21:00:00   2.6958e-01   6.9969e+01   5.3396e+00   0.0000e+00   6.4860e-04   2.5159e+02
20250510_00:00:00   2.1894e-01   5.8895e+01   4.4228e+00   0.0000e+00   1.9600e-03   2.5062e+02
20250510_03:00:00   2.1374e-01   5.7540e+01   4.3646e+00   0.0000e+00   8.4032e-03   2.5230e+02
20250510_06:00:00   2.1400e-01   5.7793e+01   4.2772e+00   0.0000e+00   7.4540e-04   2.5090e+02
20250510_09:00:00   1.9305e-01   5.2988e+01   3.8890e+00   0.0000e+00   2.0494e-02   2.5144e+02
20250510_12:00:00   2.7131e-01   7.0521e+01   5.2339e+00   0.0000e+00   8.8510e-03   2.5155e+02
20250510_15:00:00   3.0726e-01   7.8034e+01   5.9763e+00   0.0000e+00   0.0000e+00   2.5300e+02
20250510_18:00:00   3.1444e-01   7.9550e+01   6.0343e+00   0.0000e+00   0.0000e+00   2.5151e+02
20250510_21:00:00   2.9537e-01   7.5669e+01   5.5293e+00   0.0000e+00   0.0000e+00   2.5083e+02
20250511_00:00:00   2.2426e-01   6.0464e+01   4.2340e+00   0.0000e+00   0.0000e+00   2.5232e+02
20250511_03:00:00   1.7183e-01   4.8516e+01   3.2510e+00   0.0000e+00   0.0000e+00   2.5163e+02
20250511_06:00:00   1.5175e-01   4.3703e+01   2.8956e+00   0.0000e+00   0.0000e+00   2.5020e+02
20250511_09:00:00   1.2536e-01   3.7193e+01   2.4477e+00   0.0000e+00   0.0000e+00   2.5202e+02
20250511_12:00:00   1.9798e-01   5.4451e+01   3.8977e+00   0.0000e+00   0.0000e+00   2.5219e+02
20250511_15:00:00   2.3625e-01   6.2992e+01   4.6472e+00   0.0000e+00   0.0000e+00   2.5070e+02
20250511_18:00:00   2.3722e-01   6.3241e+01   4.6336e+00   0.0000e+00   0.0000e+00   2.4969e+02
20250511_21:00:00   2.3219e-01   6.2166e+01   4.4598e+00   0.0000e+00   0.0000e+00   2.4825e+02
20250512_00:00:00   1.9362e-01   5.3589e+01   3.7266e+00   0.0000e+00   0.0000e+00   2.4901e+02
20250512_03:00:00   1.8332e-01   5.1154e+01   3.5383e+00   0.0000e+00   0.0000e+00   2.4907e+02
20250512_06:00:00   1.8180e-01   5.0757e+01   3.4747e+00   0.0000e+00   0.0000e+00   2.4892e+02
