#            date       tau255        Tb[K]      pwv[mm] lwp[kg*m^-2] iwp[kg*m^-2]       o3[DU]
20250523_12:00:00   1.6513e-01   4.6536e+01   3.1970e+00   0.0000e+00   0.0000e+00   2.4790e+02
20250523_13:00:00   1.6991e-01   4.7690e+01   3.3012e+00   0.0000e+00   0.0000e+00   2.4754e+02
20250523_14:00:00   1.7962e-01   4.9950e+01   3.4982e+00   0.0000e+00   0.0000e+00   2.4795e+02
20250523_15:00:00   1.9210e-01   5.2790e+01   3.7397e+00   0.0000e+00   0.0000e+00   2.4858e+02
20250523_16:00:00   2.0066e-01   5.4714e+01   3.8930e+00   0.0000e+00   0.0000e+00   2.4875e+02
20250523_17:00:00   2.0662e-01   5.6007e+01   4.0162e+00   0.0000e+00   0.0000e+00   2.5010e+02
20250523_18:00:00   2.1474e-01   5.7776e+01   4.1674e+00   0.0000e+00   0.0000e+00   2.5123e+02
20250523_19:00:00   2.2117e-01   5.9143e+01   4.3090e+00   0.0000e+00   0.0000e+00   2.5082e+02
20250523_20:00:00   2.1753e-01   5.8331e+01   4.2359e+00   0.0000e+00   0.0000e+00   2.5016e+02
20250523_21:00:00   2.0280e-01   5.5100e+01   3.9403e+00   0.0000e+00   0.0000e+00   2.4946e+02
20250523_22:00:00   2.0409e-01   5.5350e+01   3.9758e+00   0.0000e+00   0.0000e+00   2.4848e+02
20250523_23:00:00   2.0264e-01   5.4970e+01   3.9627e+00   0.0000e+00   0.0000e+00   2.4823e+02
20250524_00:00:00   2.0222e-01   5.4783e+01   3.9955e+00   0.0000e+00   0.0000e+00   2.5000e+02
20250524_01:00:00   2.0296e-01   5.4884e+01   4.0469e+00   0.0000e+00   0.0000e+00   2.5129e+02
20250524_02:00:00   2.0166e-01   5.4531e+01   4.0455e+00   0.0000e+00   0.0000e+00   2.5286e+02
20250524_03:00:00   1.9684e-01   5.3451e+01   3.9509e+00   0.0000e+00   0.0000e+00   2.5248e+02
20250524_04:00:00   1.9661e-01   5.3334e+01   3.9738e+00   0.0000e+00   0.0000e+00   2.5155e+02
20250524_05:00:00   1.9347e-01   5.2684e+01   3.8952e+00   0.0000e+00   0.0000e+00   2.5071e+02
20250524_06:00:00   2.0500e-01   5.5273e+01   4.1147e+00   0.0000e+00   0.0000e+00   2.5120e+02
20250524_07:00:00   2.2782e-01   6.0355e+01   4.5369e+00   0.0000e+00   0.0000e+00   2.5149e+02
20250524_08:00:00   2.4046e-01   6.3128e+01   4.7672e+00   0.0000e+00   0.0000e+00   2.5101e+02
20250524_09:00:00   2.4792e-01   6.4763e+01   4.8878e+00   0.0000e+00   0.0000e+00   2.5068e+02
20250524_10:00:00   2.6106e-01   6.7559e+01   5.1058e+00   0.0000e+00   0.0000e+00   2.5194e+02
20250524_11:00:00   2.8006e-01   7.1557e+01   5.4436e+00   0.0000e+00   0.0000e+00   2.5176e+02
20250524_12:00:00   2.9357e-01   7.4370e+01   5.7108e+00   0.0000e+00   0.0000e+00   2.5289e+02
20250524_13:00:00   3.1670e-01   7.9034e+01   6.1211e+00   0.0000e+00   0.0000e+00   2.5479e+02
20250524_14:00:00   3.3464e-01   8.2601e+01   6.4308e+00   0.0000e+00   0.0000e+00   2.5455e+02
20250524_15:00:00   3.4208e-01   8.4074e+01   6.5343e+00   0.0000e+00   0.0000e+00   2.5268e+02
20250524_16:00:00   3.3761e-01   8.3281e+01   6.4172e+00   0.0000e+00   0.0000e+00   2.5246e+02
20250524_17:00:00   3.3441e-01   8.2684e+01   6.3325e+00   0.0000e+00   0.0000e+00   2.5341e+02
20250524_18:00:00   3.3411e-01   8.2640e+01   6.3135e+00   0.0000e+00   0.0000e+00   2.5449e+02
20250524_19:00:00   3.3312e-01   8.2466e+01   6.2778e+00   0.0000e+00   0.0000e+00   2.5542e+02
20250524_20:00:00   3.3191e-01   8.2241e+01   6.2495e+00   0.0000e+00   0.0000e+00   2.5740e+02
20250524_21:00:00   3.2964e-01   8.1796e+01   6.1769e+00   0.0000e+00   0.0000e+00   2.5903e+02
20250524_22:00:00   3.2436e-01   8.0774e+01   6.0437e+00   0.0000e+00   0.0000e+00   2.6111e+02
20250524_23:00:00   3.2072e-01   8.0064e+01   5.9384e+00   0.0000e+00   0.0000e+00   2.6129e+02
20250525_00:00:00   3.1316e-01   7.8587e+01   5.7727e+00   0.0000e+00   0.0000e+00   2.6125e+02
20250525_01:00:00   3.0689e-01   7.7361e+01   5.6488e+00   0.0000e+00   0.0000e+00   2.6245e+02
20250525_02:00:00   3.1784e-01   7.9572e+01   5.8037e+00   0.0000e+00   0.0000e+00   2.6260e+02
20250525_03:00:00   3.3028e-01   8.2068e+01   5.9692e+00   0.0000e+00   0.0000e+00   2.6365e+02
20250525_04:00:00   3.2466e-01   8.1006e+01   5.8316e+00   0.0000e+00   0.0000e+00   2.6444e+02
20250525_05:00:00   3.1896e-01   7.9912e+01   5.6927e+00   0.0000e+00   0.0000e+00   2.6453e+02
20250525_06:00:00   3.2147e-01   8.0458e+01   5.7017e+00   0.0000e+00   0.0000e+00   2.6553e+02
20250525_07:00:00   3.1658e-01   7.9521e+01   5.5747e+00   0.0000e+00   0.0000e+00   2.6556e+02
20250525_08:00:00   3.1460e-01   7.9145e+01   5.5182e+00   0.0000e+00   0.0000e+00   2.6547e+02
20250525_09:00:00   3.1761e-01   7.9754e+01   5.5545e+00   0.0000e+00   0.0000e+00   2.6543e+02
20250525_10:00:00   3.2492e-01   8.1224e+01   5.6668e+00   0.0000e+00   0.0000e+00   2.6535e+02
20250525_11:00:00   3.3908e-01   8.4037e+01   5.9499e+00   0.0000e+00   0.0000e+00   2.6554e+02
20250525_12:00:00   3.8217e-01   9.2153e+01   6.7480e+00   0.0000e+00   0.0000e+00   2.6423e+02
20250525_13:00:00   3.9845e-01   9.5171e+01   7.0488e+00   0.0000e+00   0.0000e+00   2.6327e+02
20250525_14:00:00   4.0063e-01   9.5619e+01   7.1029e+00   0.0000e+00   0.0000e+00   2.6225e+02
20250525_15:00:00   4.0743e-01   9.6874e+01   7.2316e+00   0.0000e+00   0.0000e+00   2.6158e+02
20250525_16:00:00   4.1260e-01   9.7779e+01   7.3162e+00   0.0000e+00   0.0000e+00   2.6241e+02
20250525_17:00:00   4.1175e-01   9.7633e+01   7.3028e+00   0.0000e+00   0.0000e+00   2.6223e+02
20250525_18:00:00   4.0758e-01   9.6862e+01   7.2449e+00   0.0000e+00   0.0000e+00   2.6036e+02
20250525_19:00:00   4.0531e-01   9.6437e+01   7.2096e+00   0.0000e+00   0.0000e+00   2.5918e+02
20250525_20:00:00   3.8943e-01   9.3540e+01   6.9428e+00   0.0000e+00   0.0000e+00   2.6030e+02
20250525_21:00:00   3.3422e-01   8.3099e+01   5.9880e+00   0.0000e+00   0.0000e+00   2.6171e+02
20250525_22:00:00   3.1217e-01   7.8764e+01   5.5940e+00   0.0000e+00   0.0000e+00   2.6186e+02
20250525_23:00:00   3.1515e-01   7.9366e+01   5.6297e+00   0.0000e+00   0.0000e+00   2.6299e+02
20250526_00:00:00   3.3433e-01   8.3135e+01   5.9481e+00   0.0000e+00   0.0000e+00   2.6329e+02
20250526_01:00:00   3.6949e-01   8.9843e+01   6.5467e+00   0.0000e+00   0.0000e+00   2.6307e+02
20250526_02:00:00   3.9379e-01   9.4327e+01   6.9466e+00   0.0000e+00   0.0000e+00   2.6230e+02
20250526_03:00:00   3.8490e-01   9.2684e+01   6.7848e+00   0.0000e+00   0.0000e+00   2.6194e+02
20250526_04:00:00   3.8091e-01   9.1899e+01   6.7431e+00   0.0000e+00   0.0000e+00   2.6122e+02
20250526_05:00:00   4.1134e-01   9.7485e+01   7.2563e+00   0.0000e+00   0.0000e+00   2.6185e+02
20250526_06:00:00   3.9804e-01   9.5108e+01   6.9980e+00   0.0000e+00   0.0000e+00   2.6266e+02
20250526_07:00:00   3.8529e-01   9.2764e+01   6.7599e+00   0.0000e+00   0.0000e+00   2.6326e+02
20250526_08:00:00   3.9010e-01   9.3665e+01   6.8587e+00   0.0000e+00   0.0000e+00   2.6329e+02
20250526_09:00:00   3.8577e-01   9.2919e+01   6.7887e+00   0.0000e+00   0.0000e+00   2.6362e+02
20250526_10:00:00   3.8528e-01   9.2853e+01   6.8024e+00   0.0000e+00   0.0000e+00   2.6413e+02
20250526_11:00:00   4.2428e-01   9.9922e+01   7.5469e+00   0.0000e+00   0.0000e+00   2.6448e+02
20250526_12:00:00   4.2535e-01   1.0016e+02   7.6175e+00   0.0000e+00   0.0000e+00   2.6337e+02
20250526_13:00:00   4.2578e-01   1.0031e+02   7.6618e+00   0.0000e+00   0.0000e+00   2.6216e+02
20250526_14:00:00   4.3892e-01   1.0269e+02   7.8866e+00   0.0000e+00   0.0000e+00   2.6215e+02
20250526_15:00:00   4.2858e-01   1.0089e+02   7.7026e+00   0.0000e+00   0.0000e+00   2.6085e+02
20250526_16:00:00   4.2910e-01   1.0094e+02   7.6587e+00   0.0000e+00   0.0000e+00   2.5962e+02
20250526_17:00:00   4.1149e-01   9.7819e+01   7.3224e+00   0.0000e+00   0.0000e+00   2.5934e+02
20250526_18:00:00   3.6768e-01   8.9821e+01   6.4970e+00   0.0000e+00   0.0000e+00   2.5969e+02
20250526_19:00:00   3.4326e-01   8.5119e+01   6.0276e+00   0.0000e+00   0.0000e+00   2.6093e+02
20250526_20:00:00   3.2968e-01   8.2424e+01   5.8114e+00   0.0000e+00   0.0000e+00   2.6154e+02
20250526_21:00:00   3.2568e-01   8.1587e+01   5.7406e+00   0.0000e+00   0.0000e+00   2.6194e+02
20250526_22:00:00   3.1047e-01   7.8546e+01   5.5017e+00   0.0000e+00   0.0000e+00   2.6178e+02
20250526_23:00:00   3.0332e-01   7.7088e+01   5.3836e+00   0.0000e+00   0.0000e+00   2.6188e+02
20250527_00:00:00   2.7907e-01   7.2024e+01   5.0242e+00   0.0000e+00   0.0000e+00   2.6152e+02
20250527_01:00:00   2.5525e-01   6.6958e+01   4.6727e+00   0.0000e+00   0.0000e+00   2.6199e+02
20250527_02:00:00   2.1695e-01   5.8573e+01   4.0409e+00   0.0000e+00   0.0000e+00   2.6188e+02
20250527_03:00:00   1.8755e-01   5.1851e+01   3.5390e+00   0.0000e+00   0.0000e+00   2.6298e+02
20250527_04:00:00   1.6507e-01   4.6615e+01   3.1213e+00   0.0000e+00   0.0000e+00   2.6288e+02
20250527_05:00:00   1.6675e-01   4.7029e+01   3.1470e+00   0.0000e+00   0.0000e+00   2.6329e+02
20250527_06:00:00   1.8158e-01   5.0466e+01   3.4426e+00   0.0000e+00   0.0000e+00   2.6306e+02
20250527_07:00:00   1.9521e-01   5.3548e+01   3.7424e+00   0.0000e+00   0.0000e+00   2.6272e+02
20250527_08:00:00   2.0869e-01   5.6537e+01   4.0426e+00   0.0000e+00   0.0000e+00   2.6234e+02
20250527_09:00:00   2.2291e-01   5.9690e+01   4.3267e+00   0.0000e+00   0.0000e+00   2.6117e+02
20250527_10:00:00   2.3244e-01   6.1775e+01   4.5346e+00   0.0000e+00   0.0000e+00   2.6058e+02
20250527_11:00:00   2.4183e-01   6.3801e+01   4.7726e+00   0.0000e+00   0.0000e+00   2.5996e+02
20250527_12:00:00   2.8209e-01   7.2390e+01   5.5110e+00   0.0000e+00   0.0000e+00   2.5994e+02
20250527_13:00:00   2.9909e-01   7.5960e+01   5.7971e+00   0.0000e+00   0.0000e+00   2.5906e+02
20250527_14:00:00   3.0835e-01   7.7880e+01   5.9557e+00   0.0000e+00   0.0000e+00   2.5851e+02
20250527_15:00:00   3.1843e-01   7.9933e+01   6.1136e+00   0.0000e+00   0.0000e+00   2.5800e+02
20250527_16:00:00   3.2099e-01   8.0464e+01   6.1417e+00   0.0000e+00   0.0000e+00   2.5859e+02
20250527_17:00:00   3.0748e-01   7.7769e+01   5.9004e+00   0.0000e+00   0.0000e+00   2.5873e+02
20250527_18:00:00   2.9105e-01   7.4446e+01   5.6109e+00   0.0000e+00   0.0000e+00   2.5944e+02
20250527_19:00:00   2.8044e-01   7.2248e+01   5.4293e+00   0.0000e+00   0.0000e+00   2.5991e+02
20250527_20:00:00   2.8413e-01   7.2995e+01   5.4891e+00   0.0000e+00   0.0000e+00   2.6002e+02
20250527_21:00:00   2.9883e-01   7.5989e+01   5.7560e+00   0.0000e+00   0.0000e+00   2.5934e+02
20250527_22:00:00   2.9344e-01   7.4921e+01   5.6536e+00   0.0000e+00   0.0000e+00   2.6042e+02
20250527_23:00:00   2.8713e-01   7.3632e+01   5.5415e+00   0.0000e+00   0.0000e+00   2.6080e+02
20250528_00:00:00   2.9143e-01   7.4483e+01   5.6175e+00   0.0000e+00   0.0000e+00   2.6091e+02
20250528_01:00:00   2.9150e-01   7.4484e+01   5.6056e+00   0.0000e+00   0.0000e+00   2.6198e+02
20250528_02:00:00   2.8367e-01   7.2857e+01   5.4604e+00   0.0000e+00   0.0000e+00   2.6238e+02
20250528_03:00:00   2.8170e-01   7.2440e+01   5.4166e+00   0.0000e+00   0.0000e+00   2.6320e+02
20250528_04:00:00   2.7990e-01   7.2054e+01   5.3852e+00   0.0000e+00   0.0000e+00   2.6324e+02
20250528_05:00:00   2.7274e-01   7.0576e+01   5.2531e+00   0.0000e+00   0.0000e+00   2.6335e+02
20250528_06:00:00   2.7224e-01   7.0477e+01   5.2414e+00   0.0000e+00   0.0000e+00   2.6361e+02
20250528_07:00:00   2.7333e-01   7.0714e+01   5.2564e+00   0.0000e+00   0.0000e+00   2.6341e+02
20250528_08:00:00   2.8098e-01   7.2315e+01   5.3829e+00   0.0000e+00   0.0000e+00   2.6338e+02
20250528_09:00:00   2.7599e-01   7.1308e+01   5.2878e+00   0.0000e+00   0.0000e+00   2.6251e+02
20250528_10:00:00   2.8287e-01   7.2756e+01   5.4053e+00   0.0000e+00   0.0000e+00   2.6263e+02
20250528_11:00:00   3.1195e-01   7.8743e+01   5.9184e+00   0.0000e+00   0.0000e+00   2.6224e+02
20250528_12:00:00   3.6321e-01   8.8701e+01   6.8721e+00   0.0000e+00   0.0000e+00   2.6167e+02
20250528_15:00:00   4.0310e-01   9.6176e+01   7.5767e+00   0.0000e+00   0.0000e+00   2.6079e+02
20250528_18:00:00   3.9657e-01   9.5004e+01   7.4423e+00   0.0000e+00   0.0000e+00   2.6106e+02
20250528_21:00:00   3.7625e-01   9.1218e+01   7.0632e+00   0.0000e+00   0.0000e+00   2.6355e+02
20250529_00:00:00   3.6025e-01   8.8071e+01   6.7795e+00   0.0000e+00   0.0000e+00   2.6289e+02
20250529_03:00:00   3.7434e-01   9.0559e+01   7.0262e+00   0.0000e+00   0.0000e+00   2.6384e+02
20250529_06:00:00   3.4125e-01   8.4285e+01   6.4367e+00   0.0000e+00   0.0000e+00   2.5853e+02
20250529_09:00:00   3.2659e-01   8.1467e+01   6.1396e+00   0.0000e+00   0.0000e+00   2.5988e+02
20250529_12:00:00   3.4612e-01   8.5255e+01   6.4904e+00   0.0000e+00   0.0000e+00   2.5598e+02
20250529_15:00:00   3.3499e-01   8.3127e+01   6.2866e+00   0.0000e+00   0.0000e+00   2.5616e+02
20250529_18:00:00   2.7316e-01   7.0731e+01   5.1127e+00   0.0000e+00   0.0000e+00   2.5807e+02
20250529_21:00:00   2.3719e-01   6.3131e+01   4.4453e+00   0.0000e+00   0.0000e+00   2.5894e+02
20250530_00:00:00   2.2158e-01   5.9657e+01   4.1471e+00   0.0000e+00   0.0000e+00   2.5674e+02
20250530_03:00:00   2.0648e-01   5.6214e+01   3.8819e+00   0.0000e+00   0.0000e+00   2.5312e+02
20250530_06:00:00   1.8971e-01   5.2449e+01   3.5534e+00   0.0000e+00   0.0000e+00   2.5081e+02
20250530_09:00:00   1.9402e-01   5.3460e+01   3.6119e+00   0.0000e+00   0.0000e+00   2.5042e+02
20250530_12:00:00   2.0711e-01   5.6529e+01   3.8779e+00   0.0000e+00   0.0000e+00   2.5168e+02
20250530_15:00:00   2.2026e-01   5.9522e+01   4.1532e+00   0.0000e+00   0.0000e+00   2.5258e+02
20250530_18:00:00   2.2455e-01   6.0516e+01   4.2209e+00   0.0000e+00   0.0000e+00   2.5318e+02
20250530_21:00:00   2.3138e-01   6.2031e+01   4.3557e+00   0.0000e+00   0.0000e+00   2.5931e+02
20250531_00:00:00   2.3225e-01   6.2213e+01   4.3568e+00   0.0000e+00   0.0000e+00   2.5868e+02
20250531_03:00:00   2.3220e-01   6.2183e+01   4.3227e+00   0.0000e+00   0.0000e+00   2.6060e+02
20250531_06:00:00   2.2127e-01   5.9820e+01   4.0871e+00   0.0000e+00   0.0000e+00   2.5658e+02
20250531_09:00:00   2.0628e-01   5.6520e+01   3.8125e+00   0.0000e+00   0.0000e+00   2.5772e+02
20250531_12:00:00   2.4299e-01   6.4736e+01   4.5208e+00   0.0000e+00   0.0000e+00   2.5783e+02
20250531_15:00:00   2.7592e-01   7.1823e+01   5.1983e+00   0.0000e+00   0.0000e+00   2.5799e+02
20250531_18:00:00   2.8566e-01   7.3826e+01   5.3567e+00   0.0000e+00   0.0000e+00   2.5513e+02
20250531_21:00:00   2.9194e-01   7.5107e+01   5.4700e+00   0.0000e+00   0.0000e+00   2.5484e+02
20250601_00:00:00   2.8122e-01   7.2805e+01   5.2125e+00   0.0000e+00   0.0000e+00   2.5531e+02
20250601_03:00:00   2.6128e-01   6.8596e+01   4.7996e+00   0.0000e+00   0.0000e+00   2.5775e+02
20250601_06:00:00   2.5457e-01   6.7132e+01   4.6898e+00   0.0000e+00   0.0000e+00   2.5708e+02
20250601_09:00:00   2.4907e-01   6.5985e+01   4.5930e+00   0.0000e+00   0.0000e+00   2.5726e+02
20250601_12:00:00   2.6079e-01   6.8635e+01   4.8663e+00   0.0000e+00   0.0000e+00   2.5097e+02
20250601_15:00:00   2.8623e-01   7.4006e+01   5.4243e+00   0.0000e+00   0.0000e+00   2.4948e+02
20250601_18:00:00   2.8316e-01   7.3314e+01   5.3889e+00   0.0000e+00   0.0000e+00   2.4817e+02
20250601_21:00:00   2.6345e-01   6.9169e+01   4.9928e+00   0.0000e+00   0.0000e+00   2.4861e+02
20250602_00:00:00   2.2631e-01   6.1089e+01   4.2755e+00   0.0000e+00   0.0000e+00   2.5100e+02
20250602_03:00:00   2.0522e-01   5.6324e+01   3.8713e+00   0.0000e+00   0.0000e+00   2.5053e+02
20250602_06:00:00   1.7275e-01   4.8877e+01   3.2545e+00   0.0000e+00   0.0000e+00   2.4942e+02
20250602_09:00:00   1.7437e-01   4.9246e+01   3.2884e+00   0.0000e+00   0.0000e+00   2.4912e+02
20250602_12:00:00   2.0329e-01   5.5984e+01   3.8483e+00   0.0000e+00   0.0000e+00   2.4659e+02
20250602_15:00:00   2.2526e-01   6.0907e+01   4.3341e+00   0.0000e+00   0.0000e+00   2.4543e+02
20250602_18:00:00   2.3366e-01   6.2720e+01   4.4869e+00   0.0000e+00   0.0000e+00   2.4508e+02
20250602_21:00:00   2.1863e-01   5.9381e+01   4.1472e+00   0.0000e+00   0.0000e+00   2.4571e+02
20250603_00:00:00   2.0287e-01   5.5838e+01   3.8084e+00   0.0000e+00   0.0000e+00   2.4871e+02
20250603_03:00:00   1.6129e-01   4.6137e+01   3.0319e+00   0.0000e+00   0.0000e+00   2.4928e+02
20250603_06:00:00   1.6928e-01   4.8009e+01   3.1893e+00   0.0000e+00   0.0000e+00   2.4830e+02
20250603_09:00:00   1.8302e-01   5.1222e+01   3.4372e+00   0.0000e+00   0.0000e+00   2.4945e+02
20250603_12:00:00   1.9432e-01   5.3905e+01   3.6787e+00   0.0000e+00   0.0000e+00   2.4676e+02
20250603_15:00:00   1.9765e-01   5.4689e+01   3.7661e+00   0.0000e+00   0.0000e+00   2.4729e+02
20250603_18:00:00   2.1061e-01   5.7510e+01   4.0033e+00   0.0000e+00   0.0000e+00   2.4845e+02
20250603_21:00:00   1.8495e-01   5.1625e+01   3.5099e+00   0.0000e+00   0.0000e+00   2.4924e+02
20250604_00:00:00   1.9798e-01   5.4571e+01   3.7571e+00   0.0000e+00   0.0000e+00   2.4794e+02
20250604_03:00:00   1.9982e-01   5.4969e+01   3.7684e+00   0.0000e+00   0.0000e+00   2.4823e+02
20250604_06:00:00   2.1221e-01   5.7746e+01   3.9899e+00   0.0000e+00   0.0000e+00   2.4801e+02
20250604_09:00:00   2.0331e-01   5.5761e+01   3.8249e+00   0.0000e+00   0.0000e+00   2.5132e+02
20250604_12:00:00   2.1970e-01   5.9465e+01   4.1492e+00   0.0000e+00   0.0000e+00   2.5139e+02
20250604_15:00:00   2.2498e-01   6.0668e+01   4.2773e+00   0.0000e+00   0.0000e+00   2.5103e+02
20250604_18:00:00   2.2330e-01   6.0258e+01   4.2079e+00   0.0000e+00   0.0000e+00   2.4802e+02
20250604_21:00:00   1.7817e-01   5.0027e+01   3.3786e+00   0.0000e+00   0.0000e+00   2.4872e+02
20250605_00:00:00   1.8089e-01   5.0535e+01   3.4750e+00   0.0000e+00   0.0000e+00   2.5087e+02
20250605_03:00:00   1.8066e-01   5.0411e+01   3.4874e+00   0.0000e+00   0.0000e+00   2.4912e+02
20250605_06:00:00   1.7966e-01   5.0173e+01   3.4722e+00   0.0000e+00   0.0000e+00   2.5089e+02
20250605_09:00:00   1.7981e-01   5.0218e+01   3.4843e+00   0.0000e+00   0.0000e+00   2.5203e+02
20250605_12:00:00   1.9142e-01   5.2949e+01   3.7221e+00   0.0000e+00   0.0000e+00   2.5266e+02
20250605_15:00:00   2.1519e-01   5.8310e+01   4.1737e+00   0.0000e+00   0.0000e+00   2.5170e+02
20250605_18:00:00   1.9854e-01   5.4591e+01   3.8463e+00   0.0000e+00   0.0000e+00   2.5144e+02
20250605_21:00:00   1.8955e-01   5.2491e+01   3.6508e+00   0.0000e+00   0.0000e+00   2.5074e+02
20250606_00:00:00   1.9057e-01   5.2702e+01   3.6320e+00   0.0000e+00   0.0000e+00   2.5508e+02
20250606_03:00:00   1.7422e-01   4.8878e+01   3.3046e+00   0.0000e+00   0.0000e+00   2.5727e+02
20250606_06:00:00   1.6572e-01   4.6902e+01   3.1120e+00   0.0000e+00   0.0000e+00   2.5834e+02
20250606_09:00:00   1.6485e-01   4.6673e+01   3.0933e+00   0.0000e+00   0.0000e+00   2.5956e+02
20250606_12:00:00   2.0085e-01   5.4940e+01   3.7555e+00   0.0000e+00   0.0000e+00   2.5910e+02
20250606_15:00:00   2.0064e-01   5.4868e+01   3.7603e+00   0.0000e+00   0.0000e+00   2.5637e+02
20250606_18:00:00   1.7567e-01   4.9142e+01   3.3086e+00   0.0000e+00   0.0000e+00   2.5574e+02
20250606_21:00:00   2.0524e-01   5.5830e+01   3.8837e+00   0.0000e+00   0.0000e+00   2.5740e+02
20250607_00:00:00   2.0805e-01   5.6379e+01   3.9434e+00   0.0000e+00   0.0000e+00   2.6042e+02
20250607_03:00:00   2.0735e-01   5.6100e+01   3.9623e+00   0.0000e+00   0.0000e+00   2.5929e+02
20250607_06:00:00   2.2836e-01   6.0717e+01   4.3012e+00   0.0000e+00   0.0000e+00   2.5920e+02
20250607_09:00:00   2.1960e-01   5.8829e+01   4.1215e+00   0.0000e+00   0.0000e+00   2.5880e+02
20250607_12:00:00   2.5782e-01   6.6898e+01   4.8830e+00   0.0000e+00   0.0000e+00   2.5966e+02
20250607_15:00:00   2.5494e-01   6.6441e+01   4.7709e+00   0.0000e+00   0.0000e+00   2.5844e+02
20250607_18:00:00   2.5089e-01   6.5591e+01   4.6876e+00   0.0000e+00   0.0000e+00   2.5773e+02
20250607_21:00:00   2.3103e-01   6.1326e+01   4.3263e+00   0.0000e+00   0.0000e+00   2.6249e+02
20250608_00:00:00   2.3144e-01   6.1278e+01   4.3646e+00   0.0000e+00   0.0000e+00   2.6393e+02
20250608_03:00:00   2.2392e-01   5.9571e+01   4.1315e+00   0.0000e+00   0.0000e+00   2.6491e+02
20250608_06:00:00   1.8802e-01   5.1712e+01   3.3576e+00   0.0000e+00   0.0000e+00   2.6586e+02
20250608_09:00:00   1.3087e-01   3.8435e+01   2.2432e+00   0.0000e+00   0.0000e+00   2.6741e+02
20250608_12:00:00   1.1094e-01   3.3550e+01   1.8528e+00   0.0000e+00   0.0000e+00   2.6503e+02
