#            date       tau255        Tb[K]      pwv[mm] lwp[kg*m^-2] iwp[kg*m^-2]       o3[DU]
20260204_12:00:00   2.9099e+00   2.6591e+02   2.4076e+01   6.5292e-01   4.4150e-02   2.6265e+02
20260204_13:00:00   3.6201e+00   2.7304e+02   2.6441e+01   8.9188e-01   3.8365e-01   2.5812e+02
20260204_14:00:00   2.6873e+00   2.6092e+02   2.5871e+01   5.3061e-01   9.8098e-01   2.5741e+02
20260204_15:00:00   2.4728e+00   2.5674e+02   2.6101e+01   4.1703e-01   7.8911e-01   2.5935e+02
20260204_16:00:00   2.2936e+00   2.5204e+02   2.6194e+01   3.4672e-01   4.4406e-01   2.6151e+02
20260204_17:00:00   1.7078e+00   2.2991e+02   2.5640e+01   1.2518e-01   4.1130e-01   2.6150e+02
20260204_18:00:00   1.4923e+00   2.1831e+02   2.5319e+01   4.5715e-02   3.6020e-01   2.6268e+02
20260204_19:00:00   1.3986e+00   2.1215e+02   2.3433e+01   6.9827e-02   4.0862e-01   2.6303e+02
20260204_20:00:00   1.1381e+00   1.9229e+02   2.2003e+01   2.5915e-04   1.3136e-01   2.6528e+02
20260204_21:00:00   1.1199e+00   1.9096e+02   2.1628e+01   2.0040e-05   3.3938e-03   2.6556e+02
20260204_22:00:00   1.2106e+00   1.9864e+02   2.1395e+01   3.8828e-02   2.7383e-03   2.6523e+02
20260204_23:00:00   2.2584e+00   2.5059e+02   2.2751e+01   4.3507e-01   6.2714e-02   2.6613e+02
20260205_00:00:00   1.7891e+00   2.3375e+02   2.2204e+01   2.4739e-01   4.3993e-02   2.6349e+02
20260205_01:00:00   1.1358e+00   1.9224e+02   2.1089e+01   3.0465e-03   5.0049e-03   2.6360e+02
20260205_02:00:00   1.1142e+00   1.9027e+02   2.0786e+01   8.1941e-05   8.6307e-04   2.6615e+02
20260205_03:00:00   1.1483e+00   1.9317e+02   2.1131e+01   1.8452e-03   2.7033e-04   2.6776e+02
20260205_04:00:00   1.3798e+00   2.1086e+02   2.1662e+01   8.1184e-02   3.7048e-03   2.6743e+02
20260205_05:00:00   1.5132e+00   2.1941e+02   2.1744e+01   1.3103e-01   1.1614e-02   2.6476e+02
20260205_06:00:00   1.2906e+00   2.0473e+02   2.1518e+01   4.0612e-02   2.2905e-03   2.6261e+02
20260205_07:00:00   1.1901e+00   1.9695e+02   2.1169e+01   4.6774e-03   2.6874e-04   2.6303e+02
20260205_08:00:00   1.1260e+00   1.9154e+02   2.0338e+01   1.2730e-04   2.1820e-05   2.6240e+02
20260205_09:00:00   1.0539e+00   1.8486e+02   1.9395e+01   9.0720e-07   3.6400e-06   2.6493e+02
20260205_10:00:00   1.1369e+00   1.9269e+02   2.0198e+01   8.5952e-03   1.7916e-05   2.6745e+02
20260205_11:00:00   1.2758e+00   2.0422e+02   2.0924e+01   4.6066e-02   2.8860e-05   2.6577e+02
20260205_12:00:00   1.8823e+00   2.3906e+02   2.2762e+01   2.4156e-01   1.5866e-03   2.6369e+02
20260205_13:00:00   2.7480e+00   2.6336e+02   2.4400e+01   5.5202e-01   3.8079e-02   2.6523e+02
20260205_14:00:00   1.5150e+00   2.2058e+02   2.3778e+01   6.8559e-02   3.8935e-02   2.6647e+02
20260205_15:00:00   1.2237e+00   2.0056e+02   2.1909e+01   3.6168e-04   5.5880e-03   2.6765e+02
20260205_16:00:00   1.1838e+00   1.9737e+02   2.1324e+01   2.6438e-05   6.6461e-04   2.6778e+02
20260205_17:00:00   1.1357e+00   1.9328e+02   2.0572e+01   4.8720e-04   4.5960e-06   2.6639e+02
20260205_18:00:00   1.0952e+00   1.8960e+02   2.0210e+01   4.6660e-04   3.4880e-05   2.6571e+02
20260205_19:00:00   1.0884e+00   1.8883e+02   2.0312e+01   1.3604e-05   1.6542e-05   2.6497e+02
20260205_20:00:00   1.2295e+00   2.0065e+02   2.1229e+01   3.1141e-02   1.6660e-04   2.6431e+02
20260205_21:00:00   1.6021e+00   2.2487e+02   2.1107e+01   1.8712e-01   8.7235e-04   2.6518e+02
20260205_22:00:00   1.4188e+00   2.1358e+02   2.0842e+01   1.2405e-01   1.2508e-02   2.6346e+02
20260205_23:00:00   1.7383e+00   2.3142e+02   2.1739e+01   2.3134e-01   9.6289e-02   2.6086e+02
20260206_00:00:00   1.7961e+00   2.3409e+02   2.2244e+01   2.3817e-01   8.4664e-02   2.6111e+02
20260206_01:00:00   1.3569e+00   2.0945e+02   2.2053e+01   5.9659e-02   1.4824e-02   2.6148e+02
20260206_02:00:00   1.5268e+00   2.2027e+02   2.2039e+01   1.2920e-01   3.7796e-03   2.6157e+02
20260206_03:00:00   1.5035e+00   2.1883e+02   2.2487e+01   1.0585e-01   1.5662e-03   2.6078e+02
20260206_04:00:00   1.4640e+00   2.1638e+02   2.2735e+01   8.4627e-02   1.0245e-02   2.6050e+02
20260206_05:00:00   1.4252e+00   2.1385e+02   2.2690e+01   6.8322e-02   1.2918e-02   2.6159e+02
20260206_06:00:00   1.2600e+00   2.0228e+02   2.2282e+01   1.1137e-02   4.7198e-03   2.6105e+02
20260206_07:00:00   1.2209e+00   1.9924e+02   2.2048e+01   6.4104e-04   5.3158e-03   2.6071e+02
20260206_08:00:00   1.1856e+00   1.9652e+02   2.1563e+01   3.0240e-06   1.8276e-03   2.6321e+02
20260206_09:00:00   1.1756e+00   1.9591e+02   2.1360e+01   1.1777e-03   3.3097e-03   2.6727e+02
20260206_10:00:00   1.2033e+00   1.9849e+02   2.1713e+01   1.3762e-03   1.7894e-03   2.6718e+02
20260206_11:00:00   1.3737e+00   2.1145e+02   2.2079e+01   6.4583e-02   3.4293e-04   2.6492e+02
20260206_12:00:00   1.9692e+00   2.4260e+02   2.3031e+01   2.8258e-01   1.8948e-03   2.6316e+02
20260206_13:00:00   1.5140e+00   2.2067e+02   2.2327e+01   1.1741e-01   1.0980e-02   2.6360e+02
20260206_14:00:00   1.2834e+00   2.0553e+02   2.2473e+01   1.3624e-02   1.6217e-02   2.6296e+02
20260206_15:00:00   2.5806e+00   2.6065e+02   2.5257e+01   4.5837e-01   1.2788e-01   2.6289e+02
20260206_16:00:00   1.9982e+00   2.4349e+02   2.4587e+01   2.4919e-01   2.4446e-02   2.6352e+02
20260206_17:00:00   1.5647e+00   2.2311e+02   2.3603e+01   1.0042e-01   4.6823e-02   2.6439e+02
20260206_18:00:00   1.2500e+00   2.0205e+02   2.1984e+01   2.2283e-02   5.4891e-02   2.6659e+02
20260206_19:00:00   1.4116e+00   2.1335e+02   2.1722e+01   9.7507e-02   1.3220e-02   2.6632e+02
20260206_20:00:00   1.4440e+00   2.1553e+02   2.2066e+01   9.6221e-02   1.0252e-01   2.6409e+02
20260206_21:00:00   1.6192e+00   2.2604e+02   2.2213e+01   1.5864e-01   8.9866e-02   2.6463e+02
20260206_22:00:00   1.2778e+00   2.0420e+02   2.1454e+01   3.9865e-02   5.2917e-02   2.6455e+02
20260206_23:00:00   2.1196e+00   2.4678e+02   2.1544e+01   3.8223e-01   7.8574e-02   2.6258e+02
20260207_00:00:00   2.3536e+00   2.5358e+02   2.1707e+01   4.7014e-01   3.6917e-02   2.6159e+02
20260207_01:00:00   1.6722e+00   2.2810e+02   2.1535e+01   1.9400e-01   6.1937e-02   2.6197e+02
20260207_02:00:00   1.7026e+00   2.2987e+02   2.1818e+01   1.9435e-01   2.3647e-02   2.6181e+02
20260207_03:00:00   1.9212e+00   2.3946e+02   2.1655e+01   2.8821e-01   3.7350e-02   2.6336e+02
20260207_04:00:00   1.6165e+00   2.2538e+02   2.1094e+01   1.7523e-01   9.7480e-03   2.6370e+02
20260207_05:00:00   1.2960e+00   2.0526e+02   2.0644e+01   5.5502e-02   1.1266e-03   2.6413e+02
20260207_06:00:00   1.1138e+00   1.9056e+02   1.9953e+01   1.7695e-03   4.1362e-04   2.6449e+02
20260207_07:00:00   1.0960e+00   1.8897e+02   1.9720e+01   3.7280e-05   5.2064e-04   2.6448e+02
20260207_08:00:00   1.1117e+00   1.9051e+02   1.9938e+01   2.1760e-06   5.4340e-05   2.6360e+02
20260207_09:00:00   1.1198e+00   1.9145e+02   2.0069e+01   0.0000e+00   0.0000e+00   2.6608e+02
20260207_10:00:00   1.1535e+00   1.9455e+02   2.0671e+01   0.0000e+00   2.6720e-06   2.6599e+02
20260207_11:00:00   1.3206e+00   2.0803e+02   2.1441e+01   5.0785e-02   3.1524e-05   2.6331e+02
20260207_12:00:00   1.8571e+00   2.3826e+02   2.2479e+01   2.4558e-01   2.6106e-03   2.6338e+02
20260207_13:00:00   1.7961e+00   2.3578e+02   2.1849e+01   2.3577e-01   1.8364e-02   2.6349e+02
20260207_14:00:00   2.2305e+00   2.5123e+02   2.3643e+01   3.7091e-01   1.3866e-01   2.6296e+02
20260207_15:00:00   3.8484e+00   2.7452e+02   2.5965e+01   9.7643e-01   4.3562e-01   2.6082e+02
20260207_16:00:00   2.0236e+00   2.4276e+02   2.4985e+01   2.6326e-01   5.4288e-01   2.6116e+02
20260207_17:00:00   1.3554e+00   2.0877e+02   2.3281e+01   3.7745e-02   5.8422e-01   2.6205e+02
20260207_18:00:00   1.3909e+00   2.1137e+02   2.1944e+01   9.1066e-02   2.1626e-01   2.6315e+02
20260207_19:00:00   1.1672e+00   1.9485e+02   2.0815e+01   1.8392e-02   8.0103e-02   2.6487e+02
20260207_20:00:00   1.0404e+00   1.8364e+02   1.9587e+01   2.7260e-03   3.8245e-02   2.6462e+02
20260207_21:00:00   1.0210e+00   1.8192e+02   1.9258e+01   2.9500e-04   2.5427e-03   2.6207e+02
20260207_22:00:00   1.1352e+00   1.9226e+02   1.9431e+01   4.2133e-02   4.0297e-03   2.6206e+02
20260207_23:00:00   1.0138e+00   1.8096e+02   1.8677e+01   1.0467e-02   3.1680e-02   2.6270e+02
20260208_00:00:00   1.0108e+00   1.8061e+02   1.8845e+01   1.3244e-03   5.9024e-03   2.6288e+02
20260208_01:00:00   1.0266e+00   1.8209e+02   1.9071e+01   5.1800e-04   2.5437e-03   2.6266e+02
20260208_02:00:00   1.0379e+00   1.8303e+02   1.9304e+01   5.2500e-04   1.3381e-03   2.6252e+02
20260208_03:00:00   1.0691e+00   1.8580e+02   1.9652e+01   3.5309e-03   4.7126e-03   2.6154e+02
20260208_04:00:00   1.0807e+00   1.8684e+02   1.9308e+01   1.2017e-02   8.0363e-02   2.6236e+02
20260208_05:00:00   1.2321e+00   1.9979e+02   1.9434e+01   6.2043e-02   2.8293e-02   2.6197e+02
20260208_06:00:00   1.1392e+00   1.9219e+02   1.8971e+01   3.7724e-02   6.9975e-03   2.6169e+02
20260208_07:00:00   1.0457e+00   1.8385e+02   1.8670e+01   8.1460e-03   7.9851e-04   2.6071e+02
20260208_08:00:00   1.0860e+00   1.8773e+02   1.9219e+01   7.0787e-03   1.9121e-04   2.5926e+02
20260208_09:00:00   1.1437e+00   1.9319e+02   1.9922e+01   9.6740e-03   2.4240e-04   2.5880e+02
20260208_10:00:00   1.1694e+00   1.9580e+02   2.0561e+01   3.1900e-03   1.4780e-04   2.5764e+02
20260208_11:00:00   1.2102e+00   1.9944e+02   2.1355e+01   1.9853e-03   1.4800e-04   2.5624e+02
20260208_12:00:00   1.6006e+00   2.2584e+02   2.2362e+01   1.4039e-01   2.0810e-03   2.5613e+02
20260208_13:00:00   2.3794e+00   2.5536e+02   2.2606e+01   4.6199e-01   2.4633e-02   2.5741e+02
20260208_14:00:00   1.6125e+00   2.2653e+02   2.1922e+01   1.5532e-01   1.9980e-02   2.5723e+02
20260208_15:00:00   1.7520e+00   2.3317e+02   2.2636e+01   2.0318e-01   8.5573e-02   2.5863e+02
20260208_16:00:00   2.4409e+00   2.5615e+02   2.5047e+01   4.2847e-01   4.0385e-01   2.5887e+02
20260208_17:00:00   1.4547e+00   2.1654e+02   2.4035e+01   4.8989e-02   1.7903e-01   2.5906e+02
20260208_18:00:00   1.2726e+00   2.0390e+02   2.2962e+01   3.0779e-03   8.3198e-02   2.5921e+02
20260208_19:00:00   1.4381e+00   2.1528e+02   2.2723e+01   7.6210e-02   2.4559e-02   2.5923e+02
20260208_20:00:00   2.1394e+00   2.4749e+02   2.3666e+01   3.3513e-01   9.0386e-02   2.5828e+02
20260208_21:00:00   1.3440e+00   2.0884e+02   2.2746e+01   3.4395e-02   1.1539e-01   2.5698e+02
20260208_22:00:00   1.6205e+00   2.2576e+02   2.2274e+01   1.5893e-01   9.9148e-03   2.5724e+02
20260208_23:00:00   2.0720e+00   2.4493e+02   2.2097e+01   3.4999e-01   2.1782e-02   2.5605e+02
20260209_00:00:00   1.8489e+00   2.3631e+02   2.1835e+01   2.6575e-01   2.3672e-02   2.5542e+02
20260209_01:00:00   1.7290e+00   2.3096e+02   2.1767e+01   2.1724e-01   1.8722e-02   2.5483e+02
20260209_02:00:00   1.4701e+00   2.1686e+02   2.1267e+01   1.2296e-01   2.3360e-02   2.5489e+02
20260209_03:00:00   1.2150e+00   1.9883e+02   2.0707e+01   3.5943e-02   1.1952e-02   2.5477e+02
20260209_04:00:00   1.1251e+00   1.9140e+02   2.0373e+01   4.4636e-03   1.6328e-03   2.5538e+02
20260209_05:00:00   1.1030e+00   1.8954e+02   2.0192e+01   3.0417e-04   4.3157e-04   2.5650e+02
20260209_06:00:00   1.0877e+00   1.8813e+02   1.9893e+01   0.0000e+00   7.2136e-05   2.5871e+02
20260209_07:00:00   1.0947e+00   1.8885e+02   1.9849e+01   0.0000e+00   0.0000e+00   2.5704e+02
20260209_08:00:00   1.1102e+00   1.9031e+02   1.9983e+01   0.0000e+00   4.3540e-07   2.5970e+02
20260209_09:00:00   1.1337e+00   1.9259e+02   2.0402e+01   0.0000e+00   0.0000e+00   2.5956e+02
20260209_10:00:00   1.1901e+00   1.9763e+02   2.1199e+01   0.0000e+00   2.4040e-05   2.5883e+02
20260209_11:00:00   1.2412e+00   2.0201e+02   2.1413e+01   1.6566e-02   4.3540e-07   2.5560e+02
20260209_12:00:00   1.5214e+00   2.2157e+02   2.1683e+01   1.2633e-01   5.2437e-06   2.5645e+02
20260209_15:00:00   2.1182e+00   2.4757e+02   2.1722e+01   3.8305e-01   6.6976e-02   2.5890e+02
20260209_18:00:00   1.5470e+00   2.2262e+02   2.2213e+01   1.1654e-01   1.6378e-03   2.5502e+02
20260209_21:00:00   1.1747e+00   1.9611e+02   2.0752e+01   1.4764e-02   6.1871e-03   2.5346e+02
20260210_00:00:00   1.0635e+00   1.8621e+02   1.9758e+01   0.0000e+00   1.2678e-04   2.5581e+02
20260210_03:00:00   9.6210e-01   1.7577e+02   1.8006e+01   4.8082e-04   0.0000e+00   2.5269e+02
20260210_06:00:00   8.7188e-01   1.6578e+02   1.6668e+01   0.0000e+00   0.0000e+00   2.5001e+02
20260210_09:00:00   9.4793e-01   1.7484e+02   1.7764e+01   0.0000e+00   0.0000e+00   2.5215e+02
20260210_12:00:00   1.2145e+00   1.9976e+02   1.9618e+01   6.9540e-02   1.1532e-03   2.5210e+02
20260210_15:00:00   2.2778e+00   2.5219e+02   2.1277e+01   4.7561e-01   1.0350e-01   2.5161e+02
20260210_18:00:00   2.2540e+00   2.5218e+02   2.1639e+01   4.0528e-01   9.6327e-03   2.4938e+02
20260210_21:00:00   1.0084e+00   1.8132e+02   1.8589e+01   4.8184e-03   2.4535e-03   2.5095e+02
20260211_00:00:00   9.6004e-01   1.7621e+02   1.7796e+01   0.0000e+00   2.8860e-05   2.5335e+02
20260211_03:00:00   7.7441e-01   1.5425e+02   1.4987e+01   0.0000e+00   2.9288e-05   2.5149e+02
20260211_06:00:00   7.3278e-01   1.4880e+02   1.4273e+01   0.0000e+00   3.7000e-05   2.5220e+02
20260211_09:00:00   7.5917e-01   1.5250e+02   1.4670e+01   0.0000e+00   0.0000e+00   2.5250e+02
20260211_12:00:00   1.0433e+00   1.8416e+02   1.7412e+01   5.1357e-02   1.2371e-03   2.5382e+02
20260211_15:00:00   1.3499e+00   2.0906e+02   1.8376e+01   1.6341e-01   1.5338e-01   2.5282e+02
20260211_18:00:00   1.0514e+00   1.8600e+02   1.8529e+01   9.8483e-03   1.5742e-03   2.5334e+02
20260211_21:00:00   1.3412e+00   2.0859e+02   1.9274e+01   1.1811e-01   1.3721e-02   2.5324e+02
20260212_00:00:00   8.5100e-01   1.6441e+02   1.5849e+01   5.4420e-07   4.3540e-07   2.5373e+02
20260212_03:00:00   7.6364e-01   1.5387e+02   1.4109e+01   0.0000e+00   0.0000e+00   2.5272e+02
20260212_06:00:00   5.3234e-01   1.2042e+02   1.0150e+01   0.0000e+00   0.0000e+00   2.5216e+02
20260212_09:00:00   8.2401e-01   1.6149e+02   1.4903e+01   0.0000e+00   0.0000e+00   2.5194e+02
20260212_12:00:00   1.7474e+00   2.3337e+02   1.8859e+01   2.8386e-01   1.0468e-03   2.5325e+02
20260212_15:00:00   1.1569e+00   1.9657e+02   1.9752e+01   6.8902e-03   1.2302e-04   2.5290e+02
20260212_18:00:00   1.2307e+00   2.0219e+02   2.0798e+01   2.3935e-03   7.1498e-05   2.5448e+02
20260212_21:00:00   1.2753e+00   2.0560e+02   2.0971e+01   2.9508e-02   1.2444e-05   2.5465e+02
20260213_00:00:00   1.1379e+00   1.9389e+02   2.0350e+01   1.9407e-05   1.9352e-06   2.5387e+02
20260213_03:00:00   1.0990e+00   1.9017e+02   1.9326e+01   6.5380e-03   3.2900e-06   2.5262e+02
20260213_06:00:00   1.1644e+00   1.9560e+02   1.9805e+01   3.0758e-02   1.5128e-04   2.5340e+02
20260213_09:00:00   1.0954e+00   1.8984e+02   1.9810e+01   0.0000e+00   0.0000e+00   2.5308e+02
20260213_12:00:00   2.3215e+00   2.5478e+02   2.3478e+01   3.9959e-01   2.1320e-04   2.5192e+02
20260213_15:00:00   3.4166e+00   2.7234e+02   2.4916e+01   8.2300e-01   4.8059e-02   2.5081e+02
20260213_18:00:00   1.3402e+00   2.0918e+02   2.4260e+01   6.5338e-03   7.1528e-02   2.5591e+02
20260213_21:00:00   1.4638e+00   2.1757e+02   2.4031e+01   5.3425e-02   5.9028e-02   2.5619e+02
20260214_00:00:00   2.2951e+00   2.5266e+02   2.3400e+01   4.0312e-01   2.9611e-03   2.5668e+02
20260214_03:00:00   1.3788e+00   2.1101e+02   2.1860e+01   7.3767e-02   4.6659e-03   2.5327e+02
20260214_06:00:00   1.2094e+00   1.9898e+02   2.1818e+01   7.3320e-04   1.5847e-04   2.5687e+02
20260214_09:00:00   1.2538e+00   2.0282e+02   2.2367e+01   3.0160e-03   8.4850e-05   2.6144e+02
20260214_12:00:00   3.6321e+00   2.7402e+02   2.4693e+01   9.3302e-01   3.2193e-02   2.5978e+02
20260214_15:00:00   1.4506e+00   2.1635e+02   2.3936e+01   6.0162e-02   2.5434e-01   2.5822e+02
20260214_18:00:00   2.0763e+00   2.4589e+02   2.4673e+01   2.9331e-01   6.3995e-02   2.5814e+02
20260214_21:00:00   1.2312e+00   2.0131e+02   2.2347e+01   7.5360e-04   1.3142e-02   2.6195e+02
20260215_00:00:00   1.1626e+00   1.9578e+02   2.0803e+01   1.3267e-03   4.6640e-05   2.6061e+02
20260215_03:00:00   1.1495e+00   1.9443e+02   2.0564e+01   2.6660e-03   7.4000e-06   2.6025e+02
20260215_06:00:00   1.1704e+00   1.9592e+02   2.1321e+01   0.0000e+00   3.2046e-04   2.6107e+02
20260215_09:00:00   1.1850e+00   1.9753e+02   2.1497e+01   0.0000e+00   2.7760e-05   2.6096e+02
20260215_12:00:00   1.3428e+00   2.1083e+02   2.1447e+01   5.9143e-02   7.2140e-05   2.5711e+02
20260215_15:00:00   3.3240e+00   2.7309e+02   2.4209e+01   7.8188e-01   5.0308e-03   2.5361e+02
20260215_18:00:00   1.3616e+00   2.1088e+02   2.4759e+01   8.7060e-06   3.7708e-01   2.5294e+02
20260215_21:00:00   1.4411e+00   2.1634e+02   2.5994e+01   8.1883e-05   1.4226e-01   2.5321e+02
20260216_00:00:00   1.5572e+00   2.2310e+02   2.5974e+01   5.4664e-02   3.2456e-02   2.5143e+02
20260216_03:00:00   1.4574e+00   2.1682e+02   2.6142e+01   1.8992e-03   1.4487e-01   2.5104e+02
20260216_06:00:00   1.4283e+00   2.1468e+02   2.5590e+01   1.4653e-04   3.7277e-03   2.5145e+02
20260216_09:00:00   1.5409e+00   2.2205e+02   2.5735e+01   5.1881e-02   2.6929e-04   2.5099e+02
20260216_12:00:00   1.7839e+00   2.3361e+02   2.4307e+01   2.0453e-01   1.5261e-02   2.5362e+02
20260216_15:00:00   1.8623e+00   2.3865e+02   2.5977e+01   1.7392e-01   6.0595e-03   2.5371e+02
20260216_18:00:00   1.9578e+00   2.4320e+02   2.7407e+01   1.5914e-01   3.2404e-01   2.5326e+02
20260216_21:00:00   1.8016e+00   2.3492e+02   2.5658e+01   1.7283e-01   2.4210e-01   2.5270e+02
20260217_00:00:00   1.5458e+00   2.2181e+02   2.6185e+01   4.5754e-02   1.2199e-01   2.5061e+02
20260217_03:00:00   1.3371e+00   2.0865e+02   2.3865e+01   1.5450e-02   1.4284e-02   2.4965e+02
20260217_06:00:00   1.2718e+00   2.0402e+02   2.3136e+01   3.2761e-03   3.3735e-03   2.5083e+02
20260217_09:00:00   1.2710e+00   2.0442e+02   2.2862e+01   0.0000e+00   0.0000e+00   2.5197e+02
20260217_12:00:00   2.1083e+00   2.4933e+02   2.3227e+01   3.1227e-01   8.4120e-05   2.5095e+02
20260217_15:00:00   3.1480e+00   2.6853e+02   2.7211e+01   7.1891e-01   1.4000e+00   2.5047e+02
20260217_18:00:00   1.4304e+00   2.1542e+02   2.4171e+01   4.4917e-02   2.0527e-01   2.5087e+02
20260217_21:00:00   1.5105e+00   2.2054e+02   2.2731e+01   1.1101e-01   4.9680e-02   2.5019e+02
20260218_00:00:00   1.2678e+00   2.0411e+02   2.2730e+01   6.5011e-03   6.7379e-03   2.4832e+02
20260218_03:00:00   1.2136e+00   1.9955e+02   2.2054e+01   7.0559e-04   1.8686e-03   2.5257e+02
20260218_06:00:00   1.1880e+00   1.9740e+02   2.1749e+01   0.0000e+00   3.9929e-03   2.5437e+02
20260218_09:00:00   1.0591e+00   1.8660e+02   1.9373e+01   0.0000e+00   4.7718e-04   2.5445e+02
20260218_12:00:00   1.2659e+00   2.0518e+02   2.0911e+01   3.4523e-02   6.0101e-05   2.5260e+02
20260218_15:00:00   1.1764e+00   1.9790e+02   2.0013e+01   1.4086e-02   4.5420e-05   2.5008e+02
20260218_18:00:00   1.1758e+00   1.9669e+02   2.0917e+01   1.4028e-04   2.9116e-01   2.5311e+02
20260218_21:00:00   1.0584e+00   1.8613e+02   1.9670e+01   0.0000e+00   1.6133e-01   2.5331e+02
20260219_00:00:00   1.0931e+00   1.8927e+02   2.0351e+01   0.0000e+00   7.3163e-03   2.5166e+02
20260219_03:00:00   1.1075e+00   1.9034e+02   2.0782e+01   0.0000e+00   1.3854e-02   2.5293e+02
20260219_06:00:00   1.1296e+00   1.9256e+02   2.0909e+01   0.0000e+00   1.8894e-03   2.5332e+02
20260219_09:00:00   1.1895e+00   1.9796e+02   2.1774e+01   0.0000e+00   0.0000e+00   2.5444e+02
20260219_12:00:00   2.5514e+00   2.6176e+02   2.5185e+01   4.4636e-01   1.5378e-03   2.5295e+02
20260219_15:00:00   2.1944e+00   2.5121e+02   2.7543e+01   2.6975e-01   1.2707e-02   2.5155e+02
20260219_18:00:00   1.9037e+00   2.4069e+02   2.6400e+01   1.6679e-01   2.9374e-01   2.5182e+02
20260219_21:00:00   1.3778e+00   2.1164e+02   2.5163e+01   1.2145e-04   2.1590e-01   2.5169e+02
20260220_00:00:00   1.3669e+00   2.1116e+02   2.5136e+01   0.0000e+00   4.1661e-01   2.5254e+02
20260220_03:00:00   1.4233e+00   2.1497e+02   2.5824e+01   1.6512e-03   1.1454e-01   2.5476e+02
20260220_06:00:00   1.2986e+00   2.0593e+02   2.3751e+01   2.1760e-05   9.9409e-02   2.5565e+02
20260220_09:00:00   1.3085e+00   2.0654e+02   2.4047e+01   0.0000e+00   1.5629e-02   2.5806e+02
20260220_12:00:00   1.3342e+00   2.0875e+02   2.4457e+01   4.3591e-03   3.8194e-02   2.5510e+02
