#            date       tau255        Tb[K]      pwv[mm] lwp[kg*m^-2] iwp[kg*m^-2]       o3[DU]
20201017_00:00:00   5.3328e+00   2.7864e+02   2.8119e+01   1.4117e+00   4.0235e-02   2.6006e+02
20201017_01:00:00   4.5863e+00   2.7616e+02   2.9819e+01   1.0856e+00   5.8019e-02   2.5918e+02
20201017_02:00:00   2.7089e+00   2.5971e+02   2.9065e+01   3.4592e-01   6.1453e-02   2.6147e+02
20201017_03:00:00   3.6532e+00   2.7050e+02   2.7860e+01   7.6816e-01   1.6352e-01   2.6224e+02
20201017_04:00:00   4.0164e+00   2.7272e+02   2.7928e+01   9.1099e-01   2.2227e-01   2.6360e+02
20201017_05:00:00   5.6765e+00   2.7648e+02   2.7514e+01   1.6022e+00   1.5681e-01   2.6590e+02
20201017_06:00:00   5.4522e+00   2.7498e+02   2.7687e+01   1.5257e+00   8.8505e-01   2.6853e+02
20201017_07:00:00   2.7468e+00   2.5769e+02   2.6726e+01   4.3763e-01   7.3358e-01   2.7308e+02
20201017_08:00:00   3.0421e+00   2.6222e+02   2.6508e+01   5.6290e-01   5.0104e-01   2.8001e+02
20201017_09:00:00   3.0529e+00   2.6169e+02   2.5756e+01   5.8918e-01   9.1278e-01   2.8303e+02
20201017_10:00:00   2.4366e+00   2.5013e+02   2.4489e+01   3.6324e-01   1.2446e+00   2.8600e+02
20201017_11:00:00   3.9302e+00   2.6778e+02   2.2106e+01   1.0772e+00   4.5436e-01   2.9234e+02
20201017_12:00:00   1.4597e+00   2.1053e+02   2.0739e+01   4.9927e-02   6.7969e-01   3.0067e+02
20201017_13:00:00   1.2553e+00   1.9608e+02   1.5124e+01   1.0061e-01   1.1391e-01   3.0550e+02
20201017_14:00:00   8.1417e-01   1.5412e+02   1.0304e+01   3.1673e-02   9.4081e-04   3.0698e+02
20201017_15:00:00   4.9877e-01   1.1081e+02   6.7012e+00   0.0000e+00   7.1640e-07   3.1344e+02
20201017_16:00:00   4.7902e-01   1.0783e+02   6.5231e+00   0.0000e+00   0.0000e+00   3.1627e+02
20201017_17:00:00   4.9660e-01   1.1093e+02   6.8568e+00   0.0000e+00   0.0000e+00   3.1891e+02
20201017_18:00:00   5.1585e-01   1.1421e+02   7.1988e+00   0.0000e+00   0.0000e+00   3.1970e+02
20201017_19:00:00   4.9883e-01   1.1159e+02   6.9993e+00   0.0000e+00   0.0000e+00   3.1777e+02
20201017_20:00:00   4.9034e-01   1.1031e+02   6.9069e+00   0.0000e+00   0.0000e+00   3.1075e+02
20201017_21:00:00   4.8133e-01   1.0897e+02   6.7989e+00   0.0000e+00   0.0000e+00   3.0770e+02
20201017_22:00:00   4.5984e-01   1.0533e+02   6.5643e+00   0.0000e+00   0.0000e+00   3.0001e+02
20201017_23:00:00   4.7021e-01   1.0701e+02   6.8307e+00   0.0000e+00   0.0000e+00   2.9423e+02
20201018_00:00:00   4.7732e-01   1.0817e+02   6.9909e+00   0.0000e+00   0.0000e+00   2.9272e+02
20201018_01:00:00   5.0518e-01   1.1270e+02   7.4722e+00   0.0000e+00   0.0000e+00   2.9057e+02
20201018_02:00:00   5.3277e-01   1.1709e+02   7.9349e+00   0.0000e+00   0.0000e+00   2.9074e+02
20201018_03:00:00   5.4301e-01   1.1864e+02   8.1600e+00   0.0000e+00   0.0000e+00   2.8813e+02
20201018_04:00:00   5.2898e-01   1.1640e+02   8.0034e+00   0.0000e+00   5.1800e-06   2.8339e+02
20201018_05:00:00   5.3442e-01   1.1710e+02   8.1885e+00   0.0000e+00   1.0710e-05   2.8274e+02
20201018_06:00:00   5.3852e-01   1.1750e+02   8.4379e+00   0.0000e+00   3.0580e-05   2.8080e+02
20201018_07:00:00   5.1807e-01   1.1402e+02   8.3155e+00   0.0000e+00   0.0000e+00   2.8072e+02
20201018_08:00:00   4.9809e-01   1.1061e+02   8.1436e+00   0.0000e+00   0.0000e+00   2.8270e+02
20201018_09:00:00   4.9315e-01   1.0977e+02   8.1478e+00   0.0000e+00   5.1730e-04   2.8062e+02
20201018_10:00:00   5.0207e-01   1.1120e+02   8.3562e+00   0.0000e+00   0.0000e+00   2.7946e+02
20201018_11:00:00   5.2269e-01   1.1443e+02   8.7358e+00   0.0000e+00   5.0180e-06   2.7829e+02
20201018_12:00:00   5.6160e-01   1.2035e+02   9.5153e+00   0.0000e+00   1.9025e-03   2.7601e+02
20201018_13:00:00   5.9326e-01   1.2502e+02   1.0115e+01   0.0000e+00   1.7807e-03   2.7454e+02
20201018_14:00:00   6.2398e-01   1.2957e+02   1.0692e+01   0.0000e+00   2.6239e-04   2.7589e+02
20201018_15:00:00   6.5581e-01   1.3443e+02   1.1164e+01   0.0000e+00   3.0574e-03   2.7547e+02
20201018_16:00:00   6.9754e-01   1.4055e+02   1.1744e+01   0.0000e+00   1.1454e-02   2.7438e+02
20201018_17:00:00   6.9324e-01   1.4029e+02   1.1595e+01   0.0000e+00   1.3000e-02   2.7222e+02
20201018_18:00:00   6.8600e-01   1.3960e+02   1.1415e+01   0.0000e+00   1.2012e-02   2.6999e+02
20201018_19:00:00   7.1565e-01   1.4375e+02   1.1891e+01   0.0000e+00   6.4870e-03   2.7184e+02
20201018_20:00:00   7.6556e-01   1.5038e+02   1.2640e+01   0.0000e+00   4.9909e-03   2.7293e+02
20201018_21:00:00   8.2699e-01   1.5795e+02   1.3580e+01   0.0000e+00   3.7255e-03   2.7446e+02
20201018_22:00:00   8.4769e-01   1.6036e+02   1.3795e+01   0.0000e+00   4.9458e-03   2.7568e+02
20201018_23:00:00   8.5357e-01   1.6093e+02   1.3895e+01   0.0000e+00   3.2850e-03   2.7618e+02
20201019_00:00:00   8.4486e-01   1.5969e+02   1.3810e+01   0.0000e+00   1.6500e-02   2.7636e+02
20201019_01:00:00   8.2809e-01   1.5770e+02   1.3455e+01   0.0000e+00   3.9927e-04   2.7935e+02
20201019_02:00:00   7.9544e-01   1.5401e+02   1.2741e+01   0.0000e+00   0.0000e+00   2.8242e+02
20201019_03:00:00   8.1110e-01   1.5602e+02   1.2938e+01   0.0000e+00   9.1520e-05   2.8428e+02
20201019_04:00:00   8.4019e-01   1.5954e+02   1.3371e+01   0.0000e+00   1.2471e-03   2.8442e+02
20201019_05:00:00   8.5381e-01   1.6110e+02   1.3602e+01   0.0000e+00   3.2296e-03   2.8343e+02
20201019_06:00:00   8.7845e-01   1.6398e+02   1.4111e+01   0.0000e+00   4.3365e-03   2.8342e+02
20201019_07:00:00   9.2434e-01   1.6898e+02   1.4790e+01   0.0000e+00   8.8105e-02   2.8501e+02
20201019_08:00:00   9.6749e-01   1.7361e+02   1.5454e+01   0.0000e+00   2.5964e-03   2.8537e+02
20201019_09:00:00   1.0339e+00   1.8025e+02   1.6486e+01   0.0000e+00   5.2210e-03   2.8626e+02
20201019_10:00:00   1.1114e+00   1.8740e+02   1.7859e+01   0.0000e+00   2.8388e-03   2.8702e+02
20201019_11:00:00   1.1131e+00   1.8776e+02   1.7853e+01   0.0000e+00   1.6266e-03   2.8984e+02
20201019_12:00:00   1.1476e+00   1.9080e+02   1.8323e+01   0.0000e+00   2.8244e-03   2.8924e+02
20201019_13:00:00   1.2155e+00   1.9644e+02   1.9502e+01   0.0000e+00   5.7940e-03   2.9094e+02
20201019_14:00:00   1.2504e+00   1.9941e+02   2.0013e+01   0.0000e+00   6.1118e-03   2.9385e+02
20201019_15:00:00   1.3254e+00   2.0526e+02   2.1275e+01   0.0000e+00   7.7209e-03   2.9155e+02
20201019_16:00:00   1.3871e+00   2.0996e+02   2.2303e+01   4.9551e-04   1.1383e-02   2.9191e+02
20201019_17:00:00   1.6917e+00   2.2812e+02   2.4947e+01   5.7457e-02   1.2812e-02   2.9245e+02
20201019_18:00:00   1.6574e+00   2.2678e+02   2.5704e+01   2.1231e-02   1.1443e-02   2.9025e+02
20201019_19:00:00   1.6423e+00   2.2636e+02   2.6000e+01   8.5200e-03   7.5402e-03   2.9136e+02
20201019_20:00:00   1.6302e+00   2.2597e+02   2.6175e+01   0.0000e+00   4.9300e-02   2.8946e+02
20201019_21:00:00   1.6612e+00   2.2781e+02   2.6061e+01   8.9130e-03   7.7481e-02   2.9061e+02
20201019_22:00:00   1.7145e+00   2.3058e+02   2.7116e+01   1.4259e-03   7.3696e-02   2.9104e+02
20201019_23:00:00   1.7498e+00   2.3230e+02   2.7605e+01   2.3281e-03   1.1238e-01   2.9225e+02
20201020_00:00:00   1.7543e+00   2.3255e+02   2.7807e+01   0.0000e+00   7.8101e-02   2.9200e+02
20201020_01:00:00   1.7890e+00   2.3419e+02   2.8224e+01   0.0000e+00   5.4886e-02   2.8994e+02
20201020_02:00:00   1.8268e+00   2.3583e+02   2.8760e+01   0.0000e+00   2.1312e-02   2.8953e+02
20201020_03:00:00   1.8659e+00   2.3745e+02   2.9145e+01   7.7457e-03   3.3761e-02   2.8929e+02
20201020_04:00:00   2.5381e+00   2.5811e+02   2.9834e+01   2.6247e-01   1.8264e-01   2.9070e+02
20201020_05:00:00   2.5311e+00   2.5797e+02   3.0152e+01   2.4963e-01   3.3058e-02   2.9195e+02
20201020_06:00:00   2.1426e+00   2.4775e+02   2.9690e+01   1.0338e-01   1.5775e-02   2.9293e+02
20201020_07:00:00   2.3642e+00   2.5408e+02   2.9918e+01   1.8556e-01   4.7616e-02   2.9463e+02
20201020_08:00:00   2.5668e+00   2.5879e+02   3.0283e+01   2.6039e-01   3.0538e-02   2.9582e+02
20201020_09:00:00   3.2326e+00   2.6896e+02   2.9671e+01   5.4520e-01   7.1182e-02   2.9581e+02
20201020_10:00:00   2.1936e+00   2.4948e+02   2.8274e+01   1.5373e-01   2.2994e-03   2.9462e+02
20201020_11:00:00   1.7713e+00   2.3341e+02   2.6714e+01   3.1222e-02   1.0051e-03   2.9350e+02
20201020_12:00:00   1.6611e+00   2.2809e+02   2.6335e+01   2.9780e-03   6.3183e-05   2.9290e+02
20201020_13:00:00   1.7711e+00   2.3400e+02   2.7745e+01   8.9700e-04   1.4637e-04   2.9285e+02
20201020_14:00:00   2.4201e+00   2.5743e+02   3.0759e+01   1.6626e-01   5.8249e-04   2.9426e+02
20201020_15:00:00   2.0403e+00   2.4628e+02   3.1247e+01   2.4590e-03   1.5256e-03   2.9438e+02
20201020_16:00:00   2.7661e+00   2.6609e+02   3.2158e+01   2.5650e-01   3.3303e-05   2.9382e+02
20201020_17:00:00   2.9869e+00   2.7040e+02   3.4590e+01   2.6462e-01   1.0285e-03   2.9233e+02
20201020_18:00:00   2.3544e+00   2.5813e+02   3.4089e+01   2.5558e-02   1.0283e-05   2.9191e+02
20201020_19:00:00   2.4723e+00   2.6185e+02   3.5540e+01   3.1856e-02   1.1741e-02   2.9400e+02
20201020_20:00:00   2.5609e+00   2.6417e+02   3.6544e+01   4.6524e-02   1.1013e-03   2.9600e+02
20201020_21:00:00   2.6578e+00   2.6610e+02   3.7102e+01   6.6028e-02   5.3898e-03   2.9516e+02
20201020_22:00:00   2.6882e+00   2.6662e+02   3.7975e+01   5.9918e-02   8.0236e-02   2.9658e+02
20201020_23:00:00   2.6288e+00   2.6543e+02   3.7214e+01   5.1699e-02   1.1796e-02   2.9795e+02
20201021_00:00:00   3.1706e+00   2.7356e+02   3.7499e+01   2.7278e-01   8.0762e-03   2.9779e+02
20201021_01:00:00   2.9130e+00   2.7020e+02   3.7254e+01   1.6928e-01   6.7107e-04   2.9497e+02
20201021_02:00:00   3.4431e+00   2.7620e+02   3.7166e+01   3.8765e-01   1.9789e-03   2.9394e+02
20201021_03:00:00   3.3321e+00   2.7523e+02   3.5832e+01   3.7383e-01   5.9940e-03   2.9558e+02
20201021_04:00:00   2.8156e+00   2.6843e+02   3.6238e+01   1.5821e-01   6.4178e-03   2.9647e+02
20201021_05:00:00   2.9787e+00   2.7108e+02   3.4630e+01   2.5864e-01   4.1382e-03   2.9777e+02
20201021_06:00:00   2.5756e+00   2.6415e+02   3.4567e+01   9.6361e-02   2.9891e-03   2.9798e+02
20201021_07:00:00   2.4038e+00   2.6014e+02   3.4484e+01   2.8022e-02   1.1285e-02   2.9780e+02
20201021_08:00:00   2.2952e+00   2.5739e+02   3.3119e+01   2.3903e-02   2.0375e-02   2.9600e+02
20201021_09:00:00   2.4023e+00   2.6066e+02   3.3180e+01   6.9120e-02   1.8665e-02   2.9462e+02
20201021_10:00:00   2.4530e+00   2.6208e+02   3.3396e+01   8.3606e-02   3.1330e-03   2.9272e+02
20201021_11:00:00   2.4335e+00   2.6167e+02   3.2963e+01   8.8902e-02   7.4647e-04   2.9260e+02
20201021_12:00:00   2.3561e+00   2.5934e+02   3.3730e+01   3.9200e-02   1.0759e-04   2.9140e+02
20201021_13:00:00   2.3027e+00   2.5788e+02   3.4413e+01   7.7570e-03   4.9683e-04   2.9202e+02
20201021_14:00:00   2.2766e+00   2.5751e+02   3.4308e+01   6.2310e-04   1.3885e-03   2.9239e+02
20201021_15:00:00   2.2964e+00   2.5855e+02   3.4710e+01   0.0000e+00   1.2970e-03   2.9199e+02
20201021_16:00:00   2.2524e+00   2.5791e+02   3.4296e+01   0.0000e+00   1.4862e-03   2.9380e+02
20201021_17:00:00   2.1510e+00   2.5502e+02   3.3171e+01   0.0000e+00   9.6346e-04   2.9312e+02
20201021_18:00:00   1.9772e+00   2.4883e+02   3.1125e+01   0.0000e+00   1.8500e-04   2.9094e+02
20201021_19:00:00   1.8788e+00   2.4480e+02   2.9900e+01   0.0000e+00   6.1363e-03   2.9038e+02
20201021_20:00:00   1.8558e+00   2.4349e+02   2.9807e+01   0.0000e+00   1.0256e-01   2.9128e+02
20201021_21:00:00   1.8463e+00   2.4265e+02   2.9870e+01   0.0000e+00   2.0218e-01   2.9135e+02
20201021_22:00:00   2.1878e+00   2.5548e+02   3.4526e+01   0.0000e+00   1.6325e-01   2.9387e+02
20201021_23:00:00   2.4576e+00   2.6321e+02   3.4084e+01   8.6811e-02   2.1364e-02   2.9367e+02
20201022_00:00:00   2.4076e+00   2.6213e+02   3.3560e+01   7.3402e-02   3.9343e-03   2.9357e+02
20201022_03:00:00   1.4735e+00   2.2170e+02   2.2113e+01   0.0000e+00   3.5138e-04   2.9660e+02
20201022_06:00:00   8.8792e-01   1.6753e+02   1.4497e+01   0.0000e+00   7.0456e-03   2.9920e+02
20201022_09:00:00   8.4961e-01   1.6148e+02   1.4662e+01   0.0000e+00   1.9610e-03   2.9803e+02
20201022_12:00:00   8.2746e-01   1.5852e+02   1.4430e+01   0.0000e+00   9.3505e-04   2.9389e+02
20201022_15:00:00   8.8294e-01   1.6537e+02   1.5454e+01   0.0000e+00   2.5268e-03   2.9672e+02
20201022_18:00:00   9.3906e-01   1.7244e+02   1.6338e+01   0.0000e+00   5.9389e-04   2.9668e+02
20201022_21:00:00   1.0820e+00   1.8695e+02   1.8811e+01   0.0000e+00   6.5580e-04   2.9374e+02
20201023_00:00:00   1.3010e+00   2.0602e+02   2.1810e+01   0.0000e+00   2.3762e-04   2.9002e+02
20201023_03:00:00   1.5185e+00   2.2123e+02   2.4465e+01   0.0000e+00   1.3225e-03   2.8848e+02
20201023_06:00:00   1.6594e+00   2.2935e+02   2.6091e+01   0.0000e+00   2.7450e-03   2.8685e+02
20201023_09:00:00   1.6952e+00   2.3158e+02   2.5893e+01   5.3773e-03   0.0000e+00   2.8861e+02
20201023_12:00:00   1.9046e+00   2.4241e+02   2.5557e+01   5.8682e-02   0.0000e+00   2.8999e+02
20201023_15:00:00   2.2614e+00   2.5645e+02   2.2371e+01   2.6024e-01   1.0895e-02   2.8734e+02
20201023_18:00:00   1.8349e+00   2.4206e+02   2.2685e+01   1.0156e-01   3.5623e-03   2.8501e+02
20201023_21:00:00   1.6319e+00   2.3244e+02   2.1509e+01   5.1106e-02   1.6971e-03   2.8414e+02
20201024_00:00:00   1.4144e+00   2.1841e+02   2.0020e+01   5.5330e-03   4.1982e-03   2.8442e+02
20201024_03:00:00   1.5441e+00   2.2651e+02   2.2740e+01   3.2664e-04   4.5825e-04   2.8068e+02
20201024_06:00:00   2.6493e+00   2.6755e+02   3.1323e+01   1.9954e-01   4.1290e-03   2.8072e+02
20201024_09:00:00   2.4781e+00   2.6274e+02   3.6714e+01   2.0048e-02   1.5695e-01   2.8166e+02
20201024_12:00:00   2.4282e+00   2.6079e+02   3.6485e+01   7.9604e-03   3.9467e-02   2.8401e+02
20201024_15:00:00   2.0942e+00   2.4889e+02   3.1308e+01   5.8364e-03   5.6308e-05   2.9198e+02
20201024_18:00:00   2.2977e+00   2.5412e+02   2.7525e+01   1.8318e-01   1.6308e-04   2.8798e+02
20201024_21:00:00   2.7261e+00   2.6246e+02   2.6516e+01   3.8871e-01   5.2175e-04   2.8800e+02
20201025_00:00:00   1.7204e+00   2.2957e+02   2.4231e+01   5.5272e-02   9.3916e-05   2.9028e+02
20201025_03:00:00   1.6022e+00   2.2260e+02   2.2297e+01   6.4483e-02   1.1446e-04   2.8965e+02
20201025_06:00:00   2.2632e+00   2.4865e+02   2.2473e+01   3.3179e-01   3.7970e-04   2.9264e+02
20201025_09:00:00   1.9965e+00   2.3970e+02   2.3121e+01   2.0123e-01   6.8547e-03   2.9402e+02
20201025_12:00:00   3.2800e+00   2.6574e+02   2.5522e+01   6.6684e-01   2.9640e-02   2.9286e+02
20201025_15:00:00   3.2028e+00   2.6468e+02   2.5350e+01   6.4837e-01   1.9137e-02   2.9088e+02
20201025_18:00:00   1.7870e+00   2.3012e+02   2.4717e+01   8.9265e-02   9.8184e-04   2.9324e+02
20201025_21:00:00   1.9065e+00   2.3524e+02   2.5557e+01   1.1687e-01   2.2074e-02   2.9354e+02
20201026_00:00:00   3.0672e+00   2.6349e+02   2.5362e+01   5.7805e-01   9.8020e-03   2.9238e+02
20201026_03:00:00   3.6345e+00   2.6901e+02   2.5355e+01   8.1462e-01   1.0113e-02   2.9061e+02
20201026_06:00:00   2.8079e+00   2.6040e+02   2.5346e+01   4.6651e-01   3.4741e-04   2.8619e+02
20201026_09:00:00   4.0064e+00   2.7272e+02   2.6772e+01   9.1150e-01   7.0144e-05   2.8402e+02
20201026_12:00:00   5.0184e+00   2.7652e+02   2.7617e+01   1.2948e+00   5.4188e-04   2.7529e+02
20201026_15:00:00   4.4175e+00   2.7608e+02   3.0341e+01   9.7893e-01   1.1462e-05   2.6998e+02
20201026_18:00:00   4.9099e+00   2.7902e+02   3.1726e+01   1.1218e+00   7.7850e-06   2.6763e+02
20201026_21:00:00   4.2498e+00   2.7864e+02   3.3372e+01   8.1004e-01   2.5434e-05   2.6070e+02
20201027_00:00:00   3.3716e+00   2.7459e+02   3.3933e+01   4.3721e-01   2.1685e-02   2.5933e+02
20201027_03:00:00   3.3291e+00   2.7559e+02   3.3114e+01   4.2645e-01   1.2381e-02   2.5416e+02
20201027_06:00:00   2.6918e+00   2.6680e+02   3.3333e+01   1.8416e-01   3.6200e-03   2.5388e+02
20201027_09:00:00   2.6924e+00   2.6694e+02   3.4266e+01   1.7630e-01   2.0050e-02   2.4542e+02
20201027_12:00:00   2.3174e+00   2.5818e+02   3.5111e+01   0.0000e+00   1.9648e-02   2.4538e+02
20201027_15:00:00   2.3762e+00   2.6070e+02   3.4040e+01   3.4040e-02   4.6240e-06   2.4142e+02
20201027_18:00:00   2.1287e+00   2.5419e+02   3.2231e+01   9.6320e-06   0.0000e+00   2.3850e+02
20201027_21:00:00   1.7124e+00   2.3668e+02   2.6997e+01   0.0000e+00   0.0000e+00   2.3578e+02
20201028_00:00:00   1.8127e+00   2.4120e+02   2.6879e+01   0.0000e+00   0.0000e+00   2.3603e+02
20201028_03:00:00   2.1028e+00   2.5344e+02   2.7695e+01   6.8242e-02   0.0000e+00   2.3829e+02
20201028_06:00:00   2.3148e+00   2.6038e+02   2.8251e+01   1.3177e-01   0.0000e+00   2.3504e+02
20201028_09:00:00   2.3170e+00   2.6052e+02   2.7885e+01   1.3871e-01   0.0000e+00   2.3655e+02
20201028_12:00:00   2.1599e+00   2.5564e+02   2.7010e+01   1.0552e-01   7.9020e-04   2.3963e+02
20201028_15:00:00   2.2078e+00   2.5735e+02   3.1707e+01   1.0707e-02   7.3620e-05   2.3551e+02
20201028_18:00:00   2.5369e+00   2.6602e+02   3.4267e+01   9.9403e-02   8.1985e-04   2.3881e+02
20201028_21:00:00   2.1917e+00   2.5677e+02   3.3041e+01   4.8921e-03   3.0016e-04   2.3790e+02
20201029_00:00:00   2.2046e+00   2.5219e+02   2.9353e+01   1.4187e-01   8.4156e-03   2.4397e+02
20201029_03:00:00   2.1796e+00   2.5029e+02   2.7531e+01   1.6260e-01   3.8200e-06   2.3850e+02
20201029_06:00:00   3.6903e+00   2.7202e+02   2.8556e+01   7.6299e-01   2.9660e-03   2.4270e+02
20201029_09:00:00   3.8847e+00   2.7032e+02   2.5968e+01   9.3682e-01   3.9481e-01   2.4213e+02
20201029_12:00:00   1.0389e+00   1.7888e+02   1.5597e+01   1.2451e-02   4.5966e-02   2.5129e+02
20201029_15:00:00   5.9573e-01   1.2624e+02   8.7016e+00   0.0000e+00   0.0000e+00   2.5519e+02
20201029_18:00:00   5.1832e-01   1.1358e+02   7.9306e+00   0.0000e+00   0.0000e+00   2.6305e+02
20201029_21:00:00   6.6357e-01   1.3479e+02   9.8734e+00   2.3880e-04   6.9876e-05   2.7705e+02
20201030_00:00:00   7.2543e-01   1.4285e+02   1.0439e+01   0.0000e+00   2.6775e-03   2.9205e+02
20201030_03:00:00   6.3867e-01   1.3017e+02   9.2302e+00   0.0000e+00   2.8169e-02   3.0224e+02
20201030_06:00:00   5.7178e-01   1.2014e+02   8.1634e+00   0.0000e+00   1.7036e-06   3.1482e+02
20201030_09:00:00   5.3689e-01   1.1512e+02   7.4226e+00   0.0000e+00   1.6133e-05   3.1355e+02
20201030_12:00:00   3.4280e-01   8.1601e+01   4.5857e+00   0.0000e+00   2.3702e-06   3.0644e+02
20201030_15:00:00   2.7587e-01   6.8253e+01   3.6942e+00   0.0000e+00   0.0000e+00   3.0404e+02
20201030_18:00:00   2.9728e-01   7.2427e+01   4.0920e+00   0.0000e+00   0.0000e+00   3.1315e+02
20201030_21:00:00   3.1091e-01   7.5048e+01   4.2599e+00   0.0000e+00   0.0000e+00   3.1506e+02
20201031_00:00:00   3.0493e-01   7.3646e+01   4.1030e+00   0.0000e+00   2.1680e-06   3.1463e+02
20201031_03:00:00   3.0347e-01   7.3160e+01   4.0516e+00   0.0000e+00   0.0000e+00   3.1815e+02
20201031_06:00:00   2.8267e-01   6.8954e+01   3.7201e+00   0.0000e+00   0.0000e+00   3.2197e+02
20201031_09:00:00   2.8762e-01   6.9686e+01   3.8111e+00   0.0000e+00   1.0198e-06   3.2099e+02
20201031_12:00:00   2.8179e-01   6.8366e+01   3.8046e+00   0.0000e+00   5.2660e-07   3.1716e+02
20201031_15:00:00   2.4977e-01   6.1801e+01   3.5670e+00   0.0000e+00   0.0000e+00   3.0519e+02
20201031_18:00:00   2.7674e-01   6.7357e+01   4.0672e+00   0.0000e+00   0.0000e+00   2.9808e+02
20201031_21:00:00   3.0120e-01   7.2459e+01   4.4229e+00   0.0000e+00   0.0000e+00   2.9183e+02
20201101_00:00:00   3.1338e-01   7.4699e+01   4.6497e+00   0.0000e+00   0.0000e+00   2.8581e+02
20201101_03:00:00   3.3567e-01   7.8794e+01   5.0299e+00   0.0000e+00   0.0000e+00   2.7652e+02
20201101_06:00:00   3.9176e-01   8.8983e+01   5.8756e+00   0.0000e+00   3.9800e-06   2.7467e+02
20201101_09:00:00   4.0148e-01   9.0590e+01   6.1868e+00   0.0000e+00   4.6993e-03   2.7594e+02
20201101_12:00:00   3.7658e-01   8.5911e+01   5.9497e+00   0.0000e+00   0.0000e+00   2.8014e+02
20201101_15:00:00   3.5012e-01   8.1315e+01   5.5356e+00   0.0000e+00   0.0000e+00   2.8389e+02
20201101_18:00:00   3.5719e-01   8.2806e+01   5.8563e+00   0.0000e+00   8.7900e-06   2.8491e+02
20201101_21:00:00   3.9614e-01   8.9962e+01   6.5248e+00   0.0000e+00   0.0000e+00   2.8543e+02
20201102_00:00:00   3.9819e-01   9.0277e+01   6.7214e+00   0.0000e+00   2.4080e-07   2.8280e+02
