#            date       tau255        Tb[K]      pwv[mm] lwp[kg*m^-2] iwp[kg*m^-2]       o3[DU]
20211210_18:00:00   8.1525e-01   1.5288e+02   1.2382e+01   1.2570e-03   2.0989e-03   2.8759e+02
20211210_19:00:00   9.2848e-01   1.6589e+02   1.3080e+01   3.2068e-02   2.6688e-03   2.8702e+02
20211210_20:00:00   8.9282e-01   1.6241e+02   1.3477e+01   8.0595e-03   3.5413e-03   2.8573e+02
20211210_21:00:00   9.0796e-01   1.6412e+02   1.4142e+01   1.5347e-05   7.6601e-03   2.8332e+02
20211210_22:00:00   9.1628e-01   1.6519e+02   1.4313e+01   0.0000e+00   2.3427e-02   2.8245e+02
20211210_23:00:00   8.9863e-01   1.6355e+02   1.4077e+01   0.0000e+00   5.8234e-03   2.8127e+02
20211211_00:00:00   8.6473e-01   1.6001e+02   1.3505e+01   0.0000e+00   3.1615e-03   2.8378e+02
20211211_01:00:00   8.5237e-01   1.5868e+02   1.3214e+01   0.0000e+00   5.5025e-03   2.8501e+02
20211211_02:00:00   8.2866e-01   1.5624e+02   1.2652e+01   0.0000e+00   1.0110e-03   2.8294e+02
20211211_03:00:00   8.2400e-01   1.5590e+02   1.2433e+01   0.0000e+00   1.8292e-03   2.8400e+02
20211211_04:00:00   8.2969e-01   1.5665e+02   1.2518e+01   0.0000e+00   6.9334e-03   2.8405e+02
20211211_05:00:00   8.4168e-01   1.5800e+02   1.2840e+01   0.0000e+00   4.8241e-03   2.8244e+02
20211211_06:00:00   8.8061e-01   1.6246e+02   1.3477e+01   0.0000e+00   9.6016e-02   2.8170e+02
20211211_07:00:00   9.8817e-01   1.7378e+02   1.5589e+01   0.0000e+00   6.0862e-03   2.8039e+02
20211211_08:00:00   1.1255e+00   1.8682e+02   1.7651e+01   4.4380e-05   4.4171e-03   2.8196e+02
20211211_09:00:00   1.2826e+00   1.9982e+02   2.0047e+01   4.5843e-03   9.1594e-03   2.8152e+02
20211211_10:00:00   1.3423e+00   2.0449e+02   2.1314e+01   5.8504e-05   9.3152e-04   2.7976e+02
20211211_11:00:00   1.5184e+00   2.1638e+02   2.3651e+01   9.3575e-03   1.7039e-03   2.8077e+02
20211211_12:00:00   3.0346e+00   2.6473e+02   2.8831e+01   4.7073e-01   3.3177e-02   2.8083e+02
20211211_13:00:00   6.4364e+00   2.7844e+02   3.1124e+01   1.7596e+00   2.3346e-01   2.8581e+02
20211211_14:00:00   3.7216e+00   2.7311e+02   3.2883e+01   6.2574e-01   6.3179e-01   2.9032e+02
20211211_15:00:00   4.1502e+00   2.7651e+02   3.4162e+01   7.6056e-01   6.6490e-01   2.9072e+02
20211211_16:00:00   3.6109e+00   2.7333e+02   3.4850e+01   5.3780e-01   1.0311e+00   2.8835e+02
20211211_17:00:00   3.5121e+00   2.7431e+02   3.2914e+01   5.3641e-01   1.3220e-01   2.8719e+02
20211211_18:00:00   3.8046e+00   2.7759e+02   3.1429e+01   6.8100e-01   2.7783e-02   2.8636e+02
20211211_19:00:00   3.4632e+00   2.7567e+02   3.0382e+01   5.8003e-01   1.3340e-01   2.8787e+02
20211211_20:00:00   2.8416e+00   2.6807e+02   2.9206e+01   3.7318e-01   1.5093e-01   2.8696e+02
20211211_21:00:00   2.7788e+00   2.6698e+02   2.9192e+01   3.5061e-01   1.3903e-01   2.8735e+02
20211211_22:00:00   2.6709e+00   2.6492e+02   3.1029e+01   2.5582e-01   1.5203e-01   2.8673e+02
20211211_23:00:00   2.9598e+00   2.7015e+02   3.0458e+01   3.7598e-01   4.2866e-01   2.8903e+02
20211212_00:00:00   3.0297e+00   2.7081e+02   3.4295e+01   3.1299e-01   2.3469e-01   2.8683e+02
20211212_01:00:00   3.7824e+00   2.7782e+02   3.4831e+01   6.0203e-01   4.1193e-01   2.8397e+02
20211212_02:00:00   2.5615e+00   2.6290e+02   3.2808e+01   1.6692e-01   1.4169e-01   2.8587e+02
20211212_03:00:00   2.2597e+00   2.5455e+02   3.2760e+01   5.2383e-02   6.7434e-01   2.8951e+02
20211212_04:00:00   4.7308e+00   2.8135e+02   3.2449e+01   1.0327e+00   4.3864e-01   2.9196e+02
20211212_05:00:00   1.4782e+00   2.1327e+02   2.3444e+01   6.7932e-03   7.9873e-01   2.9469e+02
20211212_06:00:00   7.7297e-01   1.4810e+02   1.3081e+01   3.5283e-04   3.0119e-01   2.9458e+02
20211212_07:00:00   5.4891e-01   1.1645e+02   8.8155e+00   0.0000e+00   3.0866e-01   3.0109e+02
20211212_08:00:00   5.2902e-01   1.1334e+02   8.4630e+00   0.0000e+00   1.3465e-01   3.0602e+02
20211212_09:00:00   4.9617e-01   1.0803e+02   7.5672e+00   0.0000e+00   1.3416e-01   3.0600e+02
20211212_10:00:00   4.5049e-01   1.0065e+02   6.5155e+00   0.0000e+00   1.1494e-01   3.0600e+02
20211212_11:00:00   4.1642e-01   9.4859e+01   5.8265e+00   0.0000e+00   8.7894e-02   3.1202e+02
20211212_12:00:00   3.9688e-01   9.1544e+01   5.3472e+00   0.0000e+00   6.5118e-03   3.2246e+02
20211212_13:00:00   3.5411e-01   8.3765e+01   4.7451e+00   0.0000e+00   5.9695e-03   3.2774e+02
20211212_14:00:00   2.9394e-01   7.2305e+01   3.8611e+00   0.0000e+00   0.0000e+00   3.3580e+02
20211212_15:00:00   2.7129e-01   6.7751e+01   3.5611e+00   0.0000e+00   0.0000e+00   3.3699e+02
20211212_16:00:00   3.1968e-01   7.7290e+01   4.2302e+00   0.0000e+00   0.0000e+00   3.4158e+02
20211212_17:00:00   3.5203e-01   8.3531e+01   4.6867e+00   0.0000e+00   0.0000e+00   3.4629e+02
20211212_18:00:00   3.7549e-01   8.7924e+01   5.0893e+00   0.0000e+00   0.0000e+00   3.4342e+02
20211212_19:00:00   3.8580e-01   8.9941e+01   5.2247e+00   0.0000e+00   0.0000e+00   3.4513e+02
20211212_20:00:00   3.7309e-01   8.7729e+01   5.0559e+00   0.0000e+00   0.0000e+00   3.4531e+02
20211212_21:00:00   3.7448e-01   8.7903e+01   5.1699e+00   0.0000e+00   0.0000e+00   3.5023e+02
20211212_22:00:00   3.5717e-01   8.4601e+01   5.0136e+00   0.0000e+00   0.0000e+00   3.5098e+02
20211212_23:00:00   3.3605e-01   8.0561e+01   4.7675e+00   0.0000e+00   0.0000e+00   3.5288e+02
20211213_00:00:00   3.3567e-01   8.0583e+01   4.7871e+00   0.0000e+00   0.0000e+00   3.5348e+02
20211213_01:00:00   3.2963e-01   7.9477e+01   4.6877e+00   0.0000e+00   0.0000e+00   3.5433e+02
20211213_02:00:00   3.5950e-01   8.4971e+01   5.2497e+00   0.0000e+00   0.0000e+00   3.5322e+02
20211213_03:00:00   3.9855e-01   9.2199e+01   5.9178e+00   0.0000e+00   0.0000e+00   3.4877e+02
20211213_04:00:00   4.3487e-01   9.8662e+01   6.5717e+00   0.0000e+00   0.0000e+00   3.4467e+02
20211213_05:00:00   4.3596e-01   9.8913e+01   6.6534e+00   0.0000e+00   0.0000e+00   3.3970e+02
20211213_06:00:00   4.4331e-01   1.0000e+02   6.8985e+00   0.0000e+00   8.6394e-04   3.3707e+02
20211213_07:00:00   4.3275e-01   9.8260e+01   6.7753e+00   0.0000e+00   3.3491e-03   3.3634e+02
20211213_08:00:00   4.1760e-01   9.5740e+01   6.5070e+00   0.0000e+00   1.3429e-02   3.3203e+02
20211213_09:00:00   4.0567e-01   9.3481e+01   6.4273e+00   0.0000e+00   1.8513e-02   3.2718e+02
20211213_10:00:00   4.0719e-01   9.3512e+01   6.5553e+00   0.0000e+00   3.7813e-02   3.1990e+02
20211213_11:00:00   5.2223e-01   1.1200e+02   8.6812e+00   0.0000e+00   2.7080e-01   3.1809e+02
20211213_12:00:00   5.3265e-01   1.1355e+02   8.8292e+00   0.0000e+00   3.4662e-01   3.1779e+02
20211213_13:00:00   5.2695e-01   1.1290e+02   8.7751e+00   7.1640e-05   1.6431e-01   3.1305e+02
20211213_14:00:00   4.9843e-01   1.0845e+02   8.2661e+00   0.0000e+00   1.6744e-01   3.1127e+02
20211213_15:00:00   5.1302e-01   1.1107e+02   8.4739e+00   1.3326e-03   9.0465e-02   3.1190e+02
20211213_16:00:00   4.9681e-01   1.0887e+02   8.2205e+00   0.0000e+00   1.0208e-02   3.1228e+02
20211213_17:00:00   5.0198e-01   1.1015e+02   8.2506e+00   0.0000e+00   9.7500e-06   3.1079e+02
20211213_18:00:00   5.0349e-01   1.1074e+02   8.2142e+00   0.0000e+00   0.0000e+00   3.0991e+02
20211213_19:00:00   5.3509e-01   1.1611e+02   8.6684e+00   0.0000e+00   0.0000e+00   3.0784e+02
20211213_20:00:00   5.6662e-01   1.2123e+02   9.1045e+00   0.0000e+00   0.0000e+00   3.0712e+02
20211213_21:00:00   5.5716e-01   1.1985e+02   8.8893e+00   0.0000e+00   0.0000e+00   3.0734e+02
20211213_22:00:00   5.5113e-01   1.1896e+02   8.7590e+00   0.0000e+00   0.0000e+00   3.0725e+02
20211213_23:00:00   5.4292e-01   1.1771e+02   8.6345e+00   0.0000e+00   0.0000e+00   3.0784e+02
20211214_00:00:00   5.4202e-01   1.1758e+02   8.6158e+00   0.0000e+00   6.9040e-05   3.0883e+02
20211214_01:00:00   5.3658e-01   1.1679e+02   8.5195e+00   0.0000e+00   4.9320e-06   3.1063e+02
20211214_02:00:00   5.2813e-01   1.1552e+02   8.3679e+00   0.0000e+00   2.2220e-04   3.1229e+02
20211214_03:00:00   5.1430e-01   1.1331e+02   8.1416e+00   0.0000e+00   7.7160e-04   3.1271e+02
20211214_04:00:00   5.0588e-01   1.1186e+02   8.0229e+00   0.0000e+00   8.4020e-04   3.1411e+02
20211214_05:00:00   5.0180e-01   1.1103e+02   7.9764e+00   0.0000e+00   2.5239e-03   3.1494e+02
20211214_06:00:00   4.9930e-01   1.1047e+02   7.8988e+00   0.0000e+00   2.6556e-03   3.1366e+02
20211214_07:00:00   4.9498e-01   1.0963e+02   7.8186e+00   0.0000e+00   3.3840e-03   3.1354e+02
20211214_08:00:00   4.8655e-01   1.0816e+02   7.7045e+00   0.0000e+00   1.8017e-03   3.1436e+02
20211214_09:00:00   4.8985e-01   1.0857e+02   7.7691e+00   0.0000e+00   2.7896e-04   3.1497e+02
20211214_10:00:00   5.1986e-01   1.1322e+02   8.2133e+00   0.0000e+00   0.0000e+00   3.1261e+02
20211214_11:00:00   5.5600e-01   1.1860e+02   8.6907e+00   0.0000e+00   5.5856e-04   3.1049e+02
20211214_12:00:00   5.3584e-01   1.1519e+02   8.3721e+00   0.0000e+00   9.8193e-04   3.1099e+02
20211214_13:00:00   4.7772e-01   1.0548e+02   7.5495e+00   0.0000e+00   8.1206e-04   3.1255e+02
20211214_14:00:00   4.4193e-01   9.9122e+01   7.1031e+00   0.0000e+00   3.2224e-03   3.1667e+02
20211214_15:00:00   4.5359e-01   1.0097e+02   7.3906e+00   0.0000e+00   5.0263e-03   3.2178e+02
20211214_16:00:00   4.6864e-01   1.0340e+02   7.7118e+00   0.0000e+00   5.6337e-03   3.2136e+02
20211214_17:00:00   4.7279e-01   1.0403e+02   7.8319e+00   0.0000e+00   6.8418e-03   3.1828e+02
20211214_18:00:00   4.8353e-01   1.0575e+02   8.0112e+00   0.0000e+00   8.1779e-03   3.1816e+02
20211214_19:00:00   4.8577e-01   1.0605e+02   8.0185e+00   0.0000e+00   4.9863e-03   3.1825e+02
20211214_20:00:00   4.6526e-01   1.0255e+02   7.6846e+00   0.0000e+00   1.1229e-02   3.1843e+02
20211214_21:00:00   4.4005e-01   9.8063e+01   7.2772e+00   0.0000e+00   1.5613e-02   3.2245e+02
20211214_22:00:00   4.1830e-01   9.4064e+01   6.9310e+00   0.0000e+00   3.1704e-02   3.2078e+02
20211214_23:00:00   4.0269e-01   9.1153e+01   6.6946e+00   0.0000e+00   2.5090e-02   3.2027e+02
20211215_00:00:00   3.9530e-01   8.9640e+01   6.6083e+00   0.0000e+00   3.4307e-02   3.2392e+02
20211215_01:00:00   3.6334e-01   8.3729e+01   6.0954e+00   0.0000e+00   2.4356e-02   3.2211e+02
20211215_02:00:00   3.4085e-01   7.9556e+01   5.6773e+00   0.0000e+00   3.5875e-02   3.1659e+02
20211215_03:00:00   3.3596e-01   7.8730e+01   5.4886e+00   0.0000e+00   4.4688e-02   3.1109e+02
20211215_04:00:00   3.4327e-01   8.0173e+01   5.5391e+00   0.0000e+00   1.8055e-02   3.1088e+02
20211215_05:00:00   3.5006e-01   8.1525e+01   5.5861e+00   0.0000e+00   1.3096e-02   3.1331e+02
20211215_06:00:00   3.7922e-01   8.7029e+01   5.9627e+00   0.0000e+00   1.6396e-03   3.1298e+02
20211215_07:00:00   3.9207e-01   8.9518e+01   6.0639e+00   0.0000e+00   4.1099e-05   3.1275e+02
20211215_08:00:00   4.0107e-01   9.1229e+01   6.1524e+00   0.0000e+00   3.8540e-07   3.1260e+02
20211215_09:00:00   4.1149e-01   9.3113e+01   6.2971e+00   0.0000e+00   0.0000e+00   3.1019e+02
20211215_10:00:00   4.1593e-01   9.3914e+01   6.3771e+00   0.0000e+00   0.0000e+00   3.0644e+02
20211215_11:00:00   4.0486e-01   9.2007e+01   6.2364e+00   0.0000e+00   6.9220e-05   3.0506e+02
20211215_12:00:00   4.3200e-01   9.6533e+01   6.8275e+00   0.0000e+00   3.1464e-04   3.0440e+02
20211215_13:00:00   4.7306e-01   1.0333e+02   7.5804e+00   0.0000e+00   1.2396e-03   3.0564e+02
20211215_14:00:00   5.0921e-01   1.0923e+02   8.1859e+00   0.0000e+00   2.8529e-03   3.0619e+02
20211215_15:00:00   5.3328e-01   1.1313e+02   8.5445e+00   0.0000e+00   1.8332e-02   3.0606e+02
20211215_16:00:00   5.5403e-01   1.1649e+02   8.8655e+00   0.0000e+00   1.0279e-02   3.0571e+02
20211215_17:00:00   6.0364e-01   1.2390e+02   9.7421e+00   0.0000e+00   9.9196e-03   3.0701e+02
20211215_18:00:00   6.7140e-01   1.3353e+02   1.0856e+01   0.0000e+00   1.7016e-02   3.0841e+02
20211215_21:00:00   1.6425e+00   2.1850e+02   1.6935e+01   2.5041e-01   4.1186e-02   3.0142e+02
20211216_00:00:00   1.6520e+00   2.2046e+02   1.9754e+01   1.6831e-01   5.4477e-02   3.1009e+02
20211216_03:00:00   3.0091e+00   2.6051e+02   2.3994e+01   6.0332e-01   5.0979e-01   2.9902e+02
20211216_06:00:00   4.0891e+00   2.7222e+02   2.6730e+01   9.6395e-01   2.6495e-01   3.0505e+02
20211216_09:00:00   3.0251e+00   2.6544e+02   2.9761e+01   4.4399e-01   1.7536e-01   2.9814e+02
20211216_12:00:00   2.3943e+00   2.5385e+02   2.8545e+01   2.4996e-01   9.4212e-02   3.0069e+02
20211216_15:00:00   1.5752e+00   2.2316e+02   2.5817e+01   0.0000e+00   2.2096e-01   2.9529e+02
20211216_18:00:00   1.5677e+00   2.2362e+02   2.5508e+01   0.0000e+00   1.2622e-01   2.9300e+02
20211216_21:00:00   1.4725e+00   2.1823e+02   2.4565e+01   0.0000e+00   1.7791e-02   3.0678e+02
20211217_00:00:00   1.5708e+00   2.2445e+02   2.4536e+01   0.0000e+00   5.5763e-03   3.0681e+02
20211217_03:00:00   1.6154e+00   2.2644e+02   2.5152e+01   2.4860e-07   8.4573e-03   3.0279e+02
20211217_06:00:00   1.5223e+00   2.2107e+02   2.3150e+01   2.1300e-04   1.5477e-02   3.0942e+02
20211217_09:00:00   9.0595e-01   1.6870e+02   1.3056e+01   0.0000e+00   9.9345e-04   3.1024e+02
20211217_12:00:00   5.9686e-01   1.2639e+02   8.6881e+00   0.0000e+00   1.9726e-06   3.0904e+02
20211217_15:00:00   4.0955e-01   9.4715e+01   6.1782e+00   0.0000e+00   0.0000e+00   3.0243e+02
20211217_18:00:00   4.0708e-01   9.3718e+01   6.1309e+00   0.0000e+00   0.0000e+00   2.9525e+02
20211217_21:00:00   3.4993e-01   8.2992e+01   5.2196e+00   0.0000e+00   4.0440e-05   3.0357e+02
20211218_00:00:00   3.2925e-01   7.8829e+01   4.8307e+00   0.0000e+00   0.0000e+00   3.0739e+02
20211218_03:00:00   3.8796e-01   8.9216e+01   5.7741e+00   0.0000e+00   2.2239e-04   3.0435e+02
20211218_06:00:00   4.6196e-01   1.0177e+02   6.8934e+00   0.0000e+00   1.4021e-03   3.0282e+02
20211218_09:00:00   4.4524e-01   9.9224e+01   6.5254e+00   0.0000e+00   3.4800e-06   3.1372e+02
20211218_12:00:00   4.1818e-01   9.4579e+01   6.0096e+00   0.0000e+00   1.2747e-03   3.2269e+02
20211218_15:00:00   4.3539e-01   9.7489e+01   6.2471e+00   0.0000e+00   1.7077e-03   3.1705e+02
20211218_18:00:00   3.8079e-01   8.8379e+01   5.3197e+00   0.0000e+00   9.6320e-08   3.1311e+02
20211218_21:00:00   3.1154e-01   7.5190e+01   4.3355e+00   0.0000e+00   4.1187e-03   3.1219e+02
20211219_00:00:00   2.8304e-01   6.8867e+01   4.1146e+00   0.0000e+00   1.3729e-02   3.1807e+02
20211219_03:00:00   2.2592e-01   5.6687e+01   3.4760e+00   0.0000e+00   5.5956e-02   3.1041e+02
20211219_06:00:00   2.4602e-01   6.0383e+01   4.0652e+00   0.0000e+00   9.7528e-02   2.9932e+02
20211219_09:00:00   3.4014e-01   7.8395e+01   5.8187e+00   0.0000e+00   2.4328e-01   2.9626e+02
20211219_12:00:00   5.6908e-01   1.1681e+02   9.5413e+00   0.0000e+00   3.4952e-01   3.0394e+02
20211219_15:00:00   8.8592e-01   1.5766e+02   1.4333e+01   7.3970e-06   5.5348e-01   2.9654e+02
20211219_18:00:00   1.1407e+00   1.8285e+02   1.7600e+01   1.1564e-02   9.6911e-01   2.8833e+02
20211219_21:00:00   1.9184e+00   2.2993e+02   2.0255e+01   2.7925e-01   9.7857e-01   2.7707e+02
20211220_00:00:00   4.0947e+00   2.6686e+02   2.2974e+01   1.1092e+00   8.4326e-01   2.7455e+02
20211220_03:00:00   6.0432e+00   2.7294e+02   2.5612e+01   1.8263e+00   3.7373e-01   2.7310e+02
20211220_06:00:00   3.1809e+00   2.6478e+02   2.8300e+01   5.6998e-01   6.3725e-02   2.6943e+02
20211220_09:00:00   4.4461e+00   2.7288e+02   2.9422e+01   1.0595e+00   3.6403e-01   2.6727e+02
20211220_12:00:00   5.1210e+00   2.7504e+02   2.9788e+01   1.3189e+00   5.5109e-01   2.6415e+02
20211220_15:00:00   4.7847e+00   2.7529e+02   3.1032e+01   1.1394e+00   4.1810e-01   2.6783e+02
20211220_18:00:00   3.7593e+00   2.7162e+02   3.0835e+01   7.1955e-01   1.6425e-01   2.7197e+02
20211220_21:00:00   2.7042e+00   2.5960e+02   2.7498e+01   3.8294e-01   1.0518e-01   2.7395e+02
20211221_00:00:00   1.6474e+00   2.2465e+02   2.4559e+01   4.7235e-02   1.2023e-01   2.7472e+02
20211221_03:00:00   2.1695e+00   2.4578e+02   2.3902e+01   2.6690e-01   4.3914e-02   2.7903e+02
20211221_06:00:00   2.4820e+00   2.4938e+02   2.0798e+01   5.1136e-01   3.1842e-01   2.8515e+02
20211221_09:00:00   8.4982e-01   1.5458e+02   1.3788e+01   1.4139e-02   5.3087e-02   2.8510e+02
20211221_12:00:00   4.6272e-01   1.0052e+02   7.4077e+00   0.0000e+00   1.5810e-03   2.8411e+02
20211221_15:00:00   3.2530e-01   7.6186e+01   4.7271e+00   0.0000e+00   2.2952e-04   2.8846e+02
20211221_18:00:00   2.9219e-01   6.9639e+01   3.9181e+00   0.0000e+00   2.7568e-05   3.0428e+02
20211221_21:00:00   2.6121e-01   6.3214e+01   3.2476e+00   0.0000e+00   1.6622e-04   3.3259e+02
20211222_00:00:00   1.9698e-01   4.9818e+01   2.2689e+00   0.0000e+00   1.5940e-04   3.6213e+02
20211222_03:00:00   1.5219e-01   4.0252e+01   1.5959e+00   0.0000e+00   8.5400e-06   3.6985e+02
20211222_06:00:00   1.5250e-01   4.0311e+01   1.7047e+00   0.0000e+00   5.8323e-06   3.6043e+02
20211222_09:00:00   1.9598e-01   4.9337e+01   2.6640e+00   0.0000e+00   1.3191e-04   3.6219e+02
20211222_12:00:00   2.7148e-01   6.4274e+01   4.1015e+00   0.0000e+00   2.0596e-02   3.5972e+02
20211222_15:00:00   4.2825e-01   9.2792e+01   6.3600e+00   0.0000e+00   1.5564e-01   3.5156e+02
20211222_18:00:00   4.0189e-01   8.9091e+01   6.1404e+00   0.0000e+00   3.4541e-02   3.3656e+02
20211222_21:00:00   5.1137e-01   1.0785e+02   7.4515e+00   0.0000e+00   3.1499e-03   3.2751e+02
20211223_00:00:00   3.8317e-01   8.7402e+01   5.0768e+00   0.0000e+00   2.4231e-05   3.1823e+02
20211223_03:00:00   3.4002e-01   7.9966e+01   4.4064e+00   0.0000e+00   1.3699e-04   3.0989e+02
20211223_06:00:00   2.4551e-01   6.1213e+01   3.1336e+00   0.0000e+00   6.4852e-06   3.0130e+02
20211223_09:00:00   2.1114e-01   5.3655e+01   2.7517e+00   0.0000e+00   2.4344e-06   2.9236e+02
20211223_12:00:00   2.2467e-01   5.6074e+01   3.2230e+00   0.0000e+00   2.4713e-07   2.9419e+02
20211223_15:00:00   2.6501e-01   6.4083e+01   3.9447e+00   0.0000e+00   0.0000e+00   2.9367e+02
20211223_18:00:00   3.0520e-01   7.2057e+01   4.5463e+00   0.0000e+00   0.0000e+00   2.8967e+02
20211223_21:00:00   3.1302e-01   7.3714e+01   4.6224e+00   0.0000e+00   1.5044e-06   2.7632e+02
20211224_00:00:00   3.2619e-01   7.5984e+01   4.9852e+00   0.0000e+00   3.2560e-07   2.7462e+02
20211224_03:00:00   3.4819e-01   7.9881e+01   5.4926e+00   0.0000e+00   0.0000e+00   2.7329e+02
20211224_06:00:00   3.6748e-01   8.3305e+01   5.9339e+00   0.0000e+00   8.5313e-06   2.7716e+02
20211224_09:00:00   3.6873e-01   8.3878e+01   5.8438e+00   0.0000e+00   1.4631e-04   2.7648e+02
20211224_12:00:00   3.3847e-01   7.8510e+01   5.2277e+00   0.0000e+00   8.1700e-04   2.8190e+02
20211224_15:00:00   3.3927e-01   7.8611e+01   5.1803e+00   0.0000e+00   2.4170e-02   2.8518e+02
20211224_18:00:00   3.5785e-01   8.2064e+01   5.5461e+00   0.0000e+00   2.5450e-02   2.8709e+02
20211224_21:00:00   3.6386e-01   8.3355e+01   5.5759e+00   0.0000e+00   2.1354e-02   2.8724e+02
20211225_00:00:00   4.3533e-01   9.5877e+01   6.6059e+00   0.0000e+00   8.7283e-02   2.9159e+02
20211225_03:00:00   5.6496e-01   1.1659e+02   8.4869e+00   0.0000e+00   4.9970e-03   2.9264e+02
20211225_06:00:00   9.8613e-01   1.6859e+02   9.9205e+00   1.3942e-01   1.3954e-02   3.0585e+02
20211225_09:00:00   1.4798e+00   2.0825e+02   1.1524e+01   3.0386e-01   9.7347e-02   3.2438e+02
20211225_12:00:00   1.4105e+00   2.0511e+02   1.2385e+01   2.4398e-01   1.5052e-02   3.4407e+02
20211225_15:00:00   1.0819e+00   1.8078e+02   1.1493e+01   1.2008e-01   6.5363e-03   3.6032e+02
20211225_18:00:00   7.3979e-01   1.4316e+02   1.1060e+01   4.6244e-03   1.0165e-01   3.6358e+02
20211225_21:00:00   8.7126e-01   1.5907e+02   1.3148e+01   0.0000e+00   2.3194e-01   3.5314e+02
20211226_00:00:00   9.2132e-01   1.6494e+02   1.3823e+01   0.0000e+00   5.8204e-02   3.5220e+02
20211226_03:00:00   1.3078e+00   2.0000e+02   1.2961e+01   1.7464e-01   1.1464e-03   3.4614e+02
20211226_06:00:00   7.5172e-01   1.4567e+02   1.0906e+01   1.2644e-03   4.2641e-05   3.4138e+02
20211226_09:00:00   6.4329e-01   1.3129e+02   8.7564e+00   1.0206e-02   1.5132e-04   3.4141e+02
20211226_12:00:00   5.4040e-01   1.1558e+02   7.6140e+00   2.7974e-06   1.1697e-05   3.4943e+02
20211226_15:00:00   4.4335e-01   9.9114e+01   6.3781e+00   0.0000e+00   1.3258e-02   3.5313e+02
20211226_18:00:00   4.0953e-01   9.3794e+01   5.5106e+00   0.0000e+00   3.9794e-06   3.6048e+02
