#            date       tau255        Tb[K]      pwv[mm] lwp[kg*m^-2] iwp[kg*m^-2]       o3[DU]
20221107_12:00:00   2.9670e+00   2.7178e+02   3.4216e+01   2.6261e-01   0.0000e+00   2.4085e+02
20221107_13:00:00   2.0378e+00   2.4989e+02   2.9618e+01   2.5984e-02   0.0000e+00   2.4196e+02
20221107_14:00:00   1.7772e+00   2.3916e+02   2.6763e+01   0.0000e+00   0.0000e+00   2.3998e+02
20221107_15:00:00   1.5612e+00   2.2737e+02   2.3961e+01   2.5368e-03   0.0000e+00   2.4093e+02
20221107_16:00:00   1.1952e+00   2.0057e+02   1.9265e+01   2.2160e-04   0.0000e+00   2.4135e+02
20221107_17:00:00   1.0704e+00   1.8883e+02   1.7317e+01   0.0000e+00   0.0000e+00   2.4418e+02
20221107_18:00:00   9.1688e-01   1.7295e+02   1.4719e+01   0.0000e+00   0.0000e+00   2.4867e+02
20221107_19:00:00   5.6953e-01   1.2620e+02   9.1211e+00   0.0000e+00   0.0000e+00   2.5139e+02
20221107_20:00:00   4.1792e-01   1.0036e+02   6.3906e+00   0.0000e+00   0.0000e+00   2.5161e+02
20221107_21:00:00   3.9371e-01   9.5375e+01   5.9921e+00   0.0000e+00   0.0000e+00   2.5259e+02
20221107_22:00:00   3.5867e-01   8.8061e+01   5.4521e+00   0.0000e+00   0.0000e+00   2.5335e+02
20221107_23:00:00   4.2759e-01   1.0046e+02   6.4378e+00   0.0000e+00   0.0000e+00   2.5280e+02
20221108_00:00:00   4.6385e-01   1.0651e+02   6.9466e+00   0.0000e+00   0.0000e+00   2.5085e+02
20221108_01:00:00   4.9995e-01   1.1232e+02   7.3792e+00   0.0000e+00   0.0000e+00   2.5201e+02
20221108_02:00:00   5.1646e-01   1.1480e+02   7.5206e+00   0.0000e+00   0.0000e+00   2.5539e+02
20221108_03:00:00   5.2948e-01   1.1655e+02   7.7183e+00   0.0000e+00   0.0000e+00   2.5691e+02
20221108_04:00:00   5.3525e-01   1.1724e+02   7.7701e+00   0.0000e+00   0.0000e+00   2.5704e+02
20221108_05:00:00   5.0270e-01   1.1186e+02   7.2879e+00   0.0000e+00   0.0000e+00   2.5521e+02
20221108_06:00:00   4.8264e-01   1.0828e+02   7.0996e+00   0.0000e+00   0.0000e+00   2.5447e+02
20221108_07:00:00   4.5409e-01   1.0322e+02   6.7505e+00   0.0000e+00   5.9680e-05   2.5460e+02
20221108_08:00:00   4.5317e-01   1.0282e+02   6.7634e+00   0.0000e+00   4.4260e-05   2.5599e+02
20221108_09:00:00   4.5237e-01   1.0253e+02   6.7302e+00   0.0000e+00   1.4794e-05   2.6040e+02
20221108_10:00:00   4.4027e-01   1.0028e+02   6.5337e+00   0.0000e+00   0.0000e+00   2.6229e+02
20221108_11:00:00   4.2924e-01   9.8236e+01   6.3530e+00   0.0000e+00   5.9000e-05   2.6396e+02
20221108_12:00:00   4.1241e-01   9.5156e+01   6.0305e+00   0.0000e+00   0.0000e+00   2.6515e+02
20221108_13:00:00   3.9288e-01   9.1584e+01   5.7589e+00   0.0000e+00   0.0000e+00   2.6578e+02
20221108_14:00:00   3.6461e-01   8.6399e+01   5.3244e+00   0.0000e+00   0.0000e+00   2.6316e+02
20221108_15:00:00   3.4557e-01   8.2864e+01   5.0534e+00   0.0000e+00   0.0000e+00   2.6074e+02
20221108_16:00:00   3.3110e-01   8.0171e+01   4.8728e+00   0.0000e+00   0.0000e+00   2.6152e+02
20221108_17:00:00   3.2821e-01   7.9634e+01   4.9245e+00   0.0000e+00   0.0000e+00   2.6080e+02
20221108_18:00:00   3.1481e-01   7.7073e+01   4.7726e+00   0.0000e+00   0.0000e+00   2.5974e+02
20221108_19:00:00   3.0981e-01   7.6094e+01   4.7300e+00   0.0000e+00   0.0000e+00   2.5628e+02
20221108_20:00:00   3.1351e-01   7.6787e+01   4.8013e+00   0.0000e+00   0.0000e+00   2.5810e+02
20221108_21:00:00   3.1124e-01   7.6300e+01   4.7777e+00   0.0000e+00   0.0000e+00   2.6226e+02
20221108_22:00:00   3.0890e-01   7.5786e+01   4.7123e+00   0.0000e+00   0.0000e+00   2.6407e+02
20221108_23:00:00   3.1076e-01   7.5998e+01   4.7935e+00   0.0000e+00   0.0000e+00   2.6413e+02
20221109_00:00:00   3.1675e-01   7.7066e+01   4.9488e+00   0.0000e+00   0.0000e+00   2.6327e+02
20221109_01:00:00   3.1032e-01   7.5837e+01   4.8088e+00   0.0000e+00   0.0000e+00   2.6374e+02
20221109_02:00:00   2.8289e-01   7.0472e+01   4.2911e+00   0.0000e+00   0.0000e+00   2.6363e+02
20221109_03:00:00   2.7017e-01   6.7860e+01   4.0988e+00   0.0000e+00   0.0000e+00   2.6209e+02
20221109_04:00:00   2.6850e-01   6.7409e+01   4.1465e+00   0.0000e+00   0.0000e+00   2.6124e+02
20221109_05:00:00   2.7349e-01   6.8356e+01   4.2994e+00   0.0000e+00   0.0000e+00   2.6092e+02
20221109_06:00:00   2.9297e-01   7.2164e+01   4.7248e+00   0.0000e+00   0.0000e+00   2.6261e+02
20221109_07:00:00   3.1273e-01   7.5963e+01   5.1588e+00   0.0000e+00   0.0000e+00   2.6143e+02
20221109_08:00:00   3.1844e-01   7.7080e+01   5.2845e+00   0.0000e+00   0.0000e+00   2.5956e+02
20221109_09:00:00   3.2175e-01   7.7686e+01   5.3852e+00   0.0000e+00   1.4724e-05   2.6052e+02
20221109_10:00:00   3.2954e-01   7.9195e+01   5.5275e+00   0.0000e+00   0.0000e+00   2.6154e+02
20221109_11:00:00   3.3566e-01   8.0333e+01   5.6573e+00   0.0000e+00   4.9320e-06   2.6094e+02
20221109_12:00:00   3.5252e-01   8.3495e+01   5.9676e+00   0.0000e+00   0.0000e+00   2.6100e+02
20221109_13:00:00   3.7152e-01   8.7122e+01   6.2945e+00   0.0000e+00   0.0000e+00   2.6175e+02
20221109_14:00:00   3.8799e-01   9.0332e+01   6.5661e+00   0.0000e+00   0.0000e+00   2.6124e+02
20221109_15:00:00   4.1477e-01   9.5358e+01   7.0547e+00   0.0000e+00   0.0000e+00   2.6004e+02
20221109_16:00:00   4.3436e-01   9.8997e+01   7.3682e+00   0.0000e+00   0.0000e+00   2.5955e+02
20221109_17:00:00   4.5717e-01   1.0310e+02   7.7953e+00   0.0000e+00   0.0000e+00   2.5921e+02
20221109_18:00:00   4.8775e-01   1.0839e+02   8.3445e+00   0.0000e+00   0.0000e+00   2.6175e+02
20221109_19:00:00   5.1590e-01   1.1320e+02   8.8429e+00   0.0000e+00   0.0000e+00   2.6031e+02
20221109_20:00:00   5.5240e-01   1.1916e+02   9.4797e+00   0.0000e+00   0.0000e+00   2.6002e+02
20221109_21:00:00   5.8563e-01   1.2441e+02   1.0088e+01   0.0000e+00   0.0000e+00   2.6098e+02
20221109_22:00:00   6.0605e-01   1.2751e+02   1.0471e+01   0.0000e+00   0.0000e+00   2.6266e+02
20221109_23:00:00   6.2928e-01   1.3081e+02   1.1015e+01   0.0000e+00   0.0000e+00   2.6151e+02
20221110_00:00:00   6.4609e-01   1.3315e+02   1.1457e+01   0.0000e+00   0.0000e+00   2.5818e+02
20221110_01:00:00   6.2824e-01   1.3053e+02   1.1184e+01   0.0000e+00   0.0000e+00   2.5657e+02
20221110_02:00:00   6.2165e-01   1.2955e+02   1.1116e+01   0.0000e+00   0.0000e+00   2.5321e+02
20221110_03:00:00   6.2180e-01   1.2953e+02   1.1118e+01   0.0000e+00   0.0000e+00   2.5067e+02
20221110_04:00:00   6.1886e-01   1.2924e+02   1.0995e+01   0.0000e+00   0.0000e+00   2.5067e+02
20221110_05:00:00   6.2518e-01   1.3030e+02   1.1038e+01   0.0000e+00   0.0000e+00   2.5184e+02
20221110_06:00:00   6.1866e-01   1.2946e+02   1.0898e+01   0.0000e+00   0.0000e+00   2.5260e+02
20221110_07:00:00   6.3220e-01   1.3159e+02   1.1104e+01   0.0000e+00   0.0000e+00   2.5440e+02
20221110_08:00:00   6.3884e-01   1.3284e+02   1.1106e+01   0.0000e+00   0.0000e+00   2.5336e+02
20221110_09:00:00   6.4394e-01   1.3376e+02   1.1113e+01   0.0000e+00   2.3320e-05   2.5539e+02
20221110_10:00:00   6.4670e-01   1.3424e+02   1.1159e+01   0.0000e+00   3.0580e-05   2.5722e+02
20221110_11:00:00   6.3754e-01   1.3299e+02   1.1028e+01   0.0000e+00   1.3340e-04   2.5772e+02
20221110_12:00:00   6.2483e-01   1.3121e+02   1.0813e+01   0.0000e+00   4.9720e-07   2.5774e+02
20221110_13:00:00   6.2018e-01   1.3076e+02   1.0749e+01   0.0000e+00   0.0000e+00   2.5650e+02
20221110_14:00:00   6.3182e-01   1.3280e+02   1.0971e+01   0.0000e+00   0.0000e+00   2.5547e+02
20221110_15:00:00   6.4769e-01   1.3544e+02   1.1247e+01   0.0000e+00   0.0000e+00   2.5403e+02
20221110_16:00:00   6.6240e-01   1.3784e+02   1.1466e+01   0.0000e+00   0.0000e+00   2.5350e+02
20221110_17:00:00   6.7730e-01   1.4028e+02   1.1681e+01   0.0000e+00   0.0000e+00   2.5553e+02
20221110_18:00:00   7.1628e-01   1.4598e+02   1.2225e+01   0.0000e+00   0.0000e+00   2.5619e+02
20221110_19:00:00   7.3854e-01   1.4913e+02   1.2622e+01   0.0000e+00   0.0000e+00   2.5614e+02
20221110_20:00:00   7.6688e-01   1.5274e+02   1.3220e+01   0.0000e+00   4.7920e-05   2.5602e+02
20221110_21:00:00   7.8570e-01   1.5502e+02   1.3599e+01   0.0000e+00   9.9900e-04   2.5732e+02
20221110_22:00:00   7.8956e-01   1.5562e+02   1.3517e+01   0.0000e+00   1.9974e-05   2.5973e+02
20221110_23:00:00   7.8042e-01   1.5477e+02   1.3090e+01   0.0000e+00   0.0000e+00   2.6024e+02
20221111_00:00:00   7.8284e-01   1.5509e+02   1.3115e+01   0.0000e+00   0.0000e+00   2.5917e+02
20221111_01:00:00   7.9016e-01   1.5591e+02   1.3255e+01   0.0000e+00   0.0000e+00   2.5821e+02
20221111_02:00:00   7.8686e-01   1.5550e+02   1.3189e+01   0.0000e+00   0.0000e+00   2.5622e+02
20221111_03:00:00   7.9434e-01   1.5628e+02   1.3349e+01   0.0000e+00   7.5640e-05   2.5258e+02
20221111_04:00:00   7.7916e-01   1.5446e+02   1.3042e+01   0.0000e+00   9.5520e-06   2.4982e+02
20221111_05:00:00   7.7655e-01   1.5412e+02   1.3001e+01   0.0000e+00   0.0000e+00   2.4940e+02
20221111_06:00:00   7.9588e-01   1.5650e+02   1.3252e+01   0.0000e+00   4.7760e-06   2.4947e+02
20221111_07:00:00   7.7131e-01   1.5350e+02   1.2861e+01   0.0000e+00   2.8962e-04   2.4865e+02
20221111_08:00:00   7.8019e-01   1.5458e+02   1.2958e+01   0.0000e+00   5.1654e-04   2.4918e+02
20221111_09:00:00   7.8788e-01   1.5567e+02   1.3027e+01   0.0000e+00   2.0516e-04   2.5051e+02
20221111_10:00:00   8.1777e-01   1.5945e+02   1.3456e+01   0.0000e+00   3.8460e-05   2.5108e+02
20221111_11:00:00   8.4165e-01   1.6250e+02   1.3729e+01   0.0000e+00   1.9104e-05   2.5281e+02
20221111_12:00:00   8.4307e-01   1.6294e+02   1.3638e+01   0.0000e+00   1.2822e-04   2.5509e+02
20221111_13:00:00   8.6018e-01   1.6528e+02   1.3713e+01   0.0000e+00   4.9820e-05   2.5212e+02
20221111_14:00:00   9.1546e-01   1.7188e+02   1.4408e+01   0.0000e+00   2.4167e-03   2.4965e+02
20221111_15:00:00   9.4868e-01   1.7587e+02   1.4776e+01   0.0000e+00   5.8140e-03   2.4860e+02
20221111_16:00:00   1.0090e+00   1.8261e+02   1.5479e+01   0.0000e+00   9.1990e-03   2.4760e+02
20221111_17:00:00   1.0908e+00   1.9076e+02   1.6546e+01   0.0000e+00   3.1042e-02   2.4565e+02
20221111_18:00:00   1.1173e+00   1.9339e+02   1.6821e+01   0.0000e+00   1.2253e-02   2.4465e+02
20221111_19:00:00   1.1250e+00   1.9430e+02   1.6857e+01   0.0000e+00   2.4662e-02   2.4345e+02
20221111_20:00:00   1.1662e+00   1.9802e+02   1.7369e+01   0.0000e+00   5.1660e-02   2.4240e+02
20221111_21:00:00   1.2562e+00   2.0546e+02   1.8594e+01   0.0000e+00   1.4782e-01   2.4229e+02
20221111_22:00:00   1.2614e+00   2.0582e+02   1.8773e+01   0.0000e+00   2.0509e-01   2.4401e+02
20221111_23:00:00   1.3916e+00   2.1531e+02   2.0751e+01   0.0000e+00   1.7377e-01   2.4651e+02
20221112_00:00:00   1.6276e+00   2.2977e+02   2.3150e+01   2.9880e-02   2.5607e-01   2.4574e+02
20221112_01:00:00   2.2542e+00   2.5532e+02   2.7199e+01   1.7289e-01   1.6533e-01   2.4309e+02
20221112_02:00:00   2.4185e+00   2.6024e+02   2.9353e+01   1.9210e-01   3.7494e-01   2.4277e+02
20221112_03:00:00   2.0363e+00   2.4852e+02   2.8914e+01   5.1956e-02   5.3560e-01   2.4267e+02
20221112_04:00:00   2.3732e+00   2.5840e+02   3.5289e+01   3.9854e-02   8.1993e-01   2.4223e+02
20221112_05:00:00   3.4486e+00   2.7572e+02   3.8996e+01   3.7314e-01   7.5877e-01   2.4055e+02
20221112_06:00:00   4.1247e+00   2.8104e+02   4.1617e+01   5.6499e-01   9.2322e-01   2.4077e+02
20221112_07:00:00   5.5522e+00   2.8549e+02   4.3819e+01   1.0711e+00   1.0833e+00   2.3894e+02
20221112_08:00:00   5.8305e+00   2.8609e+02   4.5335e+01   1.1323e+00   7.0446e-01   2.3985e+02
20221112_09:00:00   6.7198e+00   2.8757e+02   4.6851e+01   1.4525e+00   5.0816e-01   2.3927e+02
20221112_10:00:00   5.6796e+00   2.8814e+02   4.6031e+01   1.0217e+00   7.8800e-02   2.3808e+02
20221112_11:00:00   4.6652e+00   2.8669e+02   4.4668e+01   6.5799e-01   2.3262e-02   2.3787e+02
20221112_12:00:00   3.9503e+00   2.8352e+02   4.3523e+01   4.1538e-01   2.8356e-02   2.3798e+02
20221112_15:00:00   3.0786e+00   2.7440e+02   4.3138e+01   9.6792e-02   2.6075e-01   2.3923e+02
20221112_18:00:00   4.1798e+00   2.8268e+02   4.0317e+01   5.9440e-01   3.2236e-01   2.4190e+02
20221112_21:00:00   4.3853e+00   2.8134e+02   3.8028e+01   7.7022e-01   2.9779e-01   2.4054e+02
20221113_00:00:00   5.0957e+00   2.8245e+02   3.6400e+01   1.0933e+00   5.3495e-02   2.4196e+02
20221113_03:00:00   6.3186e+00   2.8122e+02   3.3596e+01   1.6837e+00   1.7334e-01   2.4515e+02
20221113_06:00:00   1.0343e+00   1.8180e+02   1.5865e+01   1.7644e-03   1.6936e-06   2.4740e+02
20221113_09:00:00   4.8255e-01   1.0861e+02   7.5465e+00   0.0000e+00   0.0000e+00   2.4707e+02
20221113_12:00:00   4.3237e-01   9.9282e+01   6.2953e+00   0.0000e+00   0.0000e+00   2.5313e+02
20221113_15:00:00   4.7022e-01   1.0527e+02   6.6854e+00   0.0000e+00   0.0000e+00   2.5711e+02
20221113_18:00:00   4.5040e-01   1.0155e+02   6.3833e+00   0.0000e+00   6.6340e-04   2.6059e+02
20221113_21:00:00   4.9578e-01   1.0869e+02   7.0752e+00   0.0000e+00   8.0610e-06   2.6364e+02
20221114_00:00:00   4.7688e-01   1.0502e+02   6.9070e+00   0.0000e+00   8.1570e-06   2.6614e+02
20221114_03:00:00   4.9284e-01   1.0724e+02   7.1560e+00   0.0000e+00   5.2660e-07   2.7316e+02
20221114_06:00:00   4.7479e-01   1.0423e+02   6.8030e+00   0.0000e+00   1.0198e-06   2.7518e+02
20221114_09:00:00   4.8826e-01   1.0629e+02   6.9643e+00   0.0000e+00   1.0117e-05   2.7700e+02
20221114_12:00:00   4.7408e-01   1.0387e+02   6.7380e+00   0.0000e+00   8.3883e-06   2.7605e+02
20221114_15:00:00   4.8286e-01   1.0538e+02   6.9423e+00   0.0000e+00   1.9104e-06   2.7744e+02
20221114_18:00:00   5.1977e-01   1.1115e+02   7.5166e+00   2.9680e-03   1.3219e-03   2.8321e+02
20221114_21:00:00   5.0760e-01   1.0936e+02   7.4317e+00   0.0000e+00   1.8552e-05   2.8883e+02
20221115_00:00:00   5.3719e-01   1.1387e+02   7.8520e+00   0.0000e+00   7.5774e-06   2.8783e+02
20221115_03:00:00   4.6982e-01   1.0340e+02   6.6672e+00   0.0000e+00   9.5408e-06   2.8429e+02
20221115_06:00:00   3.6531e-01   8.5215e+01   5.1269e+00   0.0000e+00   0.0000e+00   2.7995e+02
20221115_09:00:00   3.6407e-01   8.4851e+01   5.1800e+00   0.0000e+00   7.2240e-08   2.8361e+02
20221115_12:00:00   3.6173e-01   8.4641e+01   5.0164e+00   0.0000e+00   1.3426e-05   2.9128e+02
20221115_15:00:00   3.9261e-01   9.0451e+01   5.4445e+00   0.0000e+00   7.8072e-05   2.9110e+02
20221115_18:00:00   3.9501e-01   9.1501e+01   5.5121e+00   0.0000e+00   1.6382e-06   2.8696e+02
20221115_21:00:00   3.8807e-01   9.0478e+01   5.4218e+00   0.0000e+00   2.3866e-06   2.9290e+02
20221116_00:00:00   3.9816e-01   9.2428e+01   5.4999e+00   0.0000e+00   6.2150e-08   3.0076e+02
20221116_03:00:00   4.1162e-01   9.4700e+01   5.6484e+00   0.0000e+00   6.9245e-05   3.0423e+02
20221116_06:00:00   4.3423e-01   9.8240e+01   6.1086e+00   0.0000e+00   3.6501e-04   3.0441e+02
20221116_09:00:00   4.6745e-01   1.0398e+02   6.4928e+00   0.0000e+00   1.4291e-05   2.8591e+02
20221116_12:00:00   5.4807e-01   1.1660e+02   7.7976e+00   3.3650e-03   4.6462e-04   2.7388e+02
20221116_15:00:00   5.8805e-01   1.2293e+02   8.8239e+00   0.0000e+00   1.8063e-04   2.8064e+02
20221116_18:00:00   6.2385e-01   1.2893e+02   9.3089e+00   4.7760e-06   6.7023e-03   2.6972e+02
20221116_21:00:00   1.1889e+00   1.9131e+02   1.1402e+01   1.7842e-01   2.5550e-02   2.6457e+02
20221117_00:00:00   8.4915e-01   1.5817e+02   1.2281e+01   1.1884e-02   9.1466e-02   2.6379e+02
20221117_03:00:00   1.5561e+00   2.1717e+02   1.3865e+01   2.5500e-01   1.6445e-01   2.7354e+02
20221117_06:00:00   9.9135e-01   1.7311e+02   1.5287e+01   8.1040e-06   6.5558e-02   2.8334e+02
20221117_09:00:00   9.4162e-01   1.6815e+02   1.4494e+01   4.9720e-06   5.9569e-02   2.8395e+02
20221117_12:00:00   9.6384e-01   1.7039e+02   1.4965e+01   8.0560e-05   3.4207e-02   2.7547e+02
20221117_15:00:00   9.5886e-01   1.6968e+02   1.5181e+01   2.1681e-04   5.5405e-02   2.7463e+02
20221117_18:00:00   9.8754e-01   1.7286e+02   1.5630e+01   0.0000e+00   2.5983e-02   2.7609e+02
20221117_21:00:00   1.1434e+00   1.8721e+02   1.7583e+01   5.3194e-03   1.5279e-01   2.8073e+02
20221118_00:00:00   1.4435e+00   2.0944e+02   1.8130e+01   1.0868e-01   3.7812e-02   2.8173e+02
20221118_03:00:00   1.1279e+00   1.8497e+02   1.7503e+01   4.6740e-05   3.3802e-01   2.8507e+02
20221118_06:00:00   1.0920e+00   1.8117e+02   1.7025e+01   0.0000e+00   5.6051e-01   2.9118e+02
20221118_09:00:00   1.1078e+00   1.8183e+02   1.6986e+01   9.3918e-05   7.5852e-01   2.9059e+02
20221118_12:00:00   1.1144e+00   1.8260e+02   1.5233e+01   4.2259e-02   2.3695e-01   2.9582e+02
20221118_15:00:00   7.3269e-01   1.4365e+02   7.9839e+00   5.6663e-02   3.2845e-04   2.9810e+02
20221118_18:00:00   4.6113e-01   1.0365e+02   6.1444e+00   3.4040e-03   1.0281e-04   2.9785e+02
20221118_21:00:00   4.3219e-01   9.8625e+01   6.0989e+00   0.0000e+00   0.0000e+00   3.0256e+02
20221119_00:00:00   3.8707e-01   8.9766e+01   5.6498e+00   0.0000e+00   0.0000e+00   3.0192e+02
20221119_03:00:00   4.6355e-01   1.0247e+02   6.8791e+00   0.0000e+00   0.0000e+00   3.0011e+02
20221119_06:00:00   3.8357e-01   8.8093e+01   5.5293e+00   0.0000e+00   1.1320e-04   3.0092e+02
20221119_09:00:00   2.8644e-01   6.9022e+01   4.2155e+00   0.0000e+00   9.0740e-05   3.0353e+02
20221119_12:00:00   3.2730e-01   7.6122e+01   4.8521e+00   0.0000e+00   4.8533e-02   3.2856e+02
20221119_15:00:00   2.9536e-01   7.0370e+01   4.0553e+00   0.0000e+00   0.0000e+00   3.4910e+02
20221119_18:00:00   2.8724e-01   6.8641e+01   3.8633e+00   1.0940e-05   1.2736e-03   3.4061e+02
20221119_21:00:00   2.5695e-01   6.2724e+01   3.3366e+00   0.0000e+00   6.5196e-05   3.4202e+02
20221120_00:00:00   2.5679e-01   6.2650e+01   3.2265e+00   0.0000e+00   1.0724e-05   3.4540e+02
20221120_03:00:00   2.7957e-01   6.7058e+01   3.4770e+00   0.0000e+00   1.1644e-05   3.5758e+02
20221120_06:00:00   2.6093e-01   6.3689e+01   3.1774e+00   0.0000e+00   6.3939e-06   3.3698e+02
20221120_09:00:00   2.1618e-01   5.4489e+01   2.7476e+00   0.0000e+00   0.0000e+00   3.2425e+02
20221120_12:00:00   2.1412e-01   5.3992e+01   2.9063e+00   0.0000e+00   0.0000e+00   3.2527e+02
20221120_15:00:00   2.7678e-01   6.6776e+01   4.0433e+00   0.0000e+00   0.0000e+00   3.2176e+02
20221120_18:00:00   3.8626e-01   8.7613e+01   5.7883e+00   0.0000e+00   0.0000e+00   3.1561e+02
20221120_21:00:00   3.8421e-01   8.7435e+01   5.8706e+00   0.0000e+00   5.2580e-06   3.1542e+02
20221121_00:00:00   3.6063e-01   8.3545e+01   5.3876e+00   0.0000e+00   5.0180e-06   3.2120e+02
20221121_03:00:00   3.3062e-01   7.8395e+01   4.8224e+00   0.0000e+00   7.4611e-05   3.2797e+02
20221121_06:00:00   2.6961e-01   6.6390e+01   3.9593e+00   0.0000e+00   4.9320e-06   3.2301e+02
20221121_09:00:00   2.0418e-01   5.2694e+01   2.9040e+00   0.0000e+00   4.2116e-03   3.2329e+02
20221121_12:00:00   2.1469e-01   5.5155e+01   3.0288e+00   0.0000e+00   2.7877e-02   3.1857e+02
20221121_15:00:00   2.9351e-01   7.0904e+01   4.5890e+00   0.0000e+00   3.2980e-03   3.1379e+02
20221121_18:00:00   4.7602e-01   1.0383e+02   7.5103e+00   0.0000e+00   4.5733e-04   3.0669e+02
20221121_21:00:00   4.2556e-01   9.5943e+01   6.5164e+00   0.0000e+00   2.7021e-04   3.0633e+02
20221122_00:00:00   4.3785e-01   9.7922e+01   6.7491e+00   0.0000e+00   7.7840e-02   3.0067e+02
20221122_03:00:00   5.0444e-01   1.0860e+02   8.0477e+00   0.0000e+00   1.7473e-02   3.0868e+02
20221122_06:00:00   5.3354e-01   1.1333e+02   8.5574e+00   0.0000e+00   2.4032e-02   3.0349e+02
20221122_09:00:00   5.2006e-01   1.1135e+02   8.2144e+00   0.0000e+00   4.2300e-03   3.0034e+02
20221122_12:00:00   7.4788e-01   1.4302e+02   1.2129e+01   0.0000e+00   1.7421e-01   3.0084e+02
20221122_15:00:00   8.8684e-01   1.5947e+02   1.4111e+01   0.0000e+00   1.9835e-01   2.9892e+02
20221122_18:00:00   9.3964e-01   1.6632e+02   1.4567e+01   0.0000e+00   5.0105e-03   2.9298e+02
20221122_21:00:00   8.7757e-01   1.6017e+02   1.3647e+01   0.0000e+00   5.4549e-03   2.9353e+02
20221123_00:00:00   8.4255e-01   1.5685e+02   1.3077e+01   0.0000e+00   9.2170e-06   2.9605e+02
20221123_03:00:00   8.7234e-01   1.6063e+02   1.3592e+01   0.0000e+00   1.0728e-02   2.9319e+02
20221123_06:00:00   9.4939e-01   1.6946e+02   1.4989e+01   0.0000e+00   8.5662e-02   2.8623e+02
20221123_09:00:00   1.1007e+00   1.8399e+02   1.7734e+01   7.8880e-04   2.2296e-01   2.7738e+02
20221123_12:00:00   1.1429e+00   1.8746e+02   1.8544e+01   0.0000e+00   2.4866e-01   2.6964e+02
