#            date       tau255        Tb[K]      pwv[mm] lwp[kg*m^-2] iwp[kg*m^-2]       o3[DU]
20240425_18:00:00   2.8840e-01   7.1188e+01   4.3072e+00   0.0000e+00   0.0000e+00   4.4511e+02
20240425_19:00:00   3.0782e-01   7.5029e+01   4.6602e+00   0.0000e+00   0.0000e+00   4.5760e+02
20240425_20:00:00   3.3421e-01   8.0123e+01   5.0808e+00   0.0000e+00   0.0000e+00   4.6246e+02
20240425_21:00:00   3.5330e-01   8.3669e+01   5.4072e+00   0.0000e+00   0.0000e+00   4.5831e+02
20240425_22:00:00   3.7431e-01   8.7488e+01   5.7799e+00   0.0000e+00   7.2320e-04   4.5142e+02
20240425_23:00:00   3.9116e-01   9.0379e+01   6.0940e+00   0.0000e+00   2.6620e-04   4.4779e+02
20240426_00:00:00   3.9651e-01   9.1325e+01   6.1295e+00   0.0000e+00   0.0000e+00   4.5546e+02
20240426_01:00:00   3.9374e-01   9.1101e+01   5.9126e+00   0.0000e+00   0.0000e+00   4.6450e+02
20240426_02:00:00   4.0325e-01   9.2933e+01   5.9259e+00   0.0000e+00   0.0000e+00   4.6331e+02
20240426_03:00:00   4.1483e-01   9.4921e+01   6.0739e+00   0.0000e+00   0.0000e+00   4.5242e+02
20240426_04:00:00   4.1655e-01   9.5112e+01   6.1111e+00   0.0000e+00   0.0000e+00   4.4510e+02
20240426_05:00:00   4.0093e-01   9.2277e+01   5.8911e+00   0.0000e+00   0.0000e+00   4.4375e+02
20240426_06:00:00   3.8687e-01   8.9659e+01   5.6892e+00   0.0000e+00   0.0000e+00   4.4428e+02
20240426_07:00:00   3.7597e-01   8.7551e+01   5.5548e+00   0.0000e+00   0.0000e+00   4.4373e+02
20240426_08:00:00   3.7638e-01   8.7528e+01   5.5780e+00   0.0000e+00   0.0000e+00   4.4269e+02
20240426_09:00:00   3.7758e-01   8.7705e+01   5.6061e+00   0.0000e+00   0.0000e+00   4.4676e+02
20240426_10:00:00   3.7486e-01   8.7216e+01   5.5700e+00   0.0000e+00   0.0000e+00   4.4345e+02
20240426_11:00:00   3.6631e-01   8.5722e+01   5.4248e+00   0.0000e+00   0.0000e+00   4.4126e+02
20240426_12:00:00   3.6282e-01   8.5252e+01   5.3284e+00   0.0000e+00   0.0000e+00   4.3924e+02
20240426_13:00:00   3.6070e-01   8.5055e+01   5.2906e+00   0.0000e+00   0.0000e+00   4.4047e+02
20240426_14:00:00   3.6554e-01   8.6033e+01   5.4304e+00   0.0000e+00   0.0000e+00   4.4157e+02
20240426_15:00:00   3.7085e-01   8.7080e+01   5.6037e+00   0.0000e+00   0.0000e+00   4.3913e+02
20240426_16:00:00   3.9102e-01   9.0860e+01   5.9688e+00   0.0000e+00   0.0000e+00   4.3349e+02
20240426_17:00:00   4.0347e-01   9.3254e+01   6.2113e+00   0.0000e+00   0.0000e+00   4.2562e+02
20240426_18:00:00   4.2341e-01   9.6937e+01   6.5413e+00   0.0000e+00   0.0000e+00   4.2300e+02
20240426_19:00:00   4.3703e-01   9.9523e+01   6.7495e+00   0.0000e+00   0.0000e+00   4.2109e+02
20240426_20:00:00   4.5882e-01   1.0340e+02   7.1105e+00   0.0000e+00   0.0000e+00   4.1980e+02
20240426_21:00:00   4.8943e-01   1.0863e+02   7.5871e+00   0.0000e+00   0.0000e+00   4.2243e+02
20240426_22:00:00   5.0610e-01   1.1163e+02   7.7855e+00   0.0000e+00   0.0000e+00   4.1866e+02
20240426_23:00:00   4.9809e-01   1.1063e+02   7.5091e+00   0.0000e+00   0.0000e+00   4.1017e+02
20240427_00:00:00   5.2589e-01   1.1537e+02   7.7506e+00   0.0000e+00   0.0000e+00   4.0711e+02
20240427_01:00:00   5.7085e-01   1.2256e+02   8.2144e+00   0.0000e+00   0.0000e+00   4.0925e+02
20240427_02:00:00   5.7287e-01   1.2292e+02   8.1961e+00   0.0000e+00   0.0000e+00   4.1144e+02
20240427_03:00:00   5.4543e-01   1.1865e+02   7.8153e+00   0.0000e+00   0.0000e+00   4.1163e+02
20240427_04:00:00   5.2810e-01   1.1589e+02   7.5915e+00   0.0000e+00   0.0000e+00   4.1171e+02
20240427_05:00:00   5.1645e-01   1.1397e+02   7.4350e+00   0.0000e+00   0.0000e+00   4.1157e+02
20240427_06:00:00   5.0294e-01   1.1177e+02   7.2264e+00   0.0000e+00   0.0000e+00   4.1428e+02
20240427_07:00:00   4.9907e-01   1.1111e+02   7.1393e+00   0.0000e+00   0.0000e+00   4.1010e+02
20240427_08:00:00   4.9662e-01   1.1064e+02   7.0648e+00   0.0000e+00   0.0000e+00   4.0252e+02
20240427_09:00:00   4.8931e-01   1.0943e+02   6.9812e+00   0.0000e+00   0.0000e+00   3.9831e+02
20240427_10:00:00   4.8509e-01   1.0870e+02   6.9518e+00   0.0000e+00   0.0000e+00   3.9911e+02
20240427_11:00:00   4.7288e-01   1.0668e+02   6.8234e+00   0.0000e+00   0.0000e+00   4.0187e+02
20240427_12:00:00   4.6899e-01   1.0609e+02   6.8474e+00   0.0000e+00   2.9219e-05   4.0261e+02
20240427_13:00:00   4.9170e-01   1.1009e+02   7.2033e+00   0.0000e+00   3.0954e-03   3.9992e+02
20240427_14:00:00   5.0655e-01   1.1277e+02   7.4123e+00   0.0000e+00   5.9866e-03   3.9152e+02
20240427_15:00:00   5.3471e-01   1.1753e+02   7.8237e+00   0.0000e+00   8.0797e-03   3.9129e+02
20240427_16:00:00   5.5370e-01   1.2078e+02   8.1492e+00   0.0000e+00   1.1931e-02   3.8967e+02
20240427_17:00:00   5.6770e-01   1.2324e+02   8.4147e+00   0.0000e+00   1.1904e-02   3.8747e+02
20240427_18:00:00   6.1223e-01   1.2999e+02   9.1809e+00   0.0000e+00   2.1284e-02   3.8465e+02
20240427_19:00:00   6.0468e-01   1.2898e+02   9.1722e+00   0.0000e+00   3.6002e-02   3.8334e+02
20240427_20:00:00   5.7626e-01   1.2473e+02   8.8182e+00   0.0000e+00   5.8775e-02   3.8304e+02
20240427_21:00:00   5.5773e-01   1.2178e+02   8.6330e+00   0.0000e+00   4.2485e-02   3.8299e+02
20240427_22:00:00   5.6373e-01   1.2268e+02   8.7180e+00   0.0000e+00   7.7669e-02   3.8137e+02
20240427_23:00:00   5.7905e-01   1.2505e+02   8.9176e+00   0.0000e+00   6.2871e-02   3.7762e+02
20240428_00:00:00   5.9663e-01   1.2750e+02   9.0937e+00   0.0000e+00   6.3396e-02   3.7666e+02
20240428_01:00:00   5.6968e-01   1.2289e+02   8.8676e+00   0.0000e+00   3.4922e-02   3.8002e+02
20240428_02:00:00   5.8197e-01   1.2438e+02   9.3467e+00   0.0000e+00   3.2862e-02   3.8094e+02
20240428_03:00:00   6.2064e-01   1.2973e+02   1.0166e+01   0.0000e+00   3.1550e-02   3.8215e+02
20240428_04:00:00   6.8752e-01   1.3869e+02   1.1470e+01   0.0000e+00   1.3968e-01   3.8284e+02
20240428_05:00:00   8.7519e-01   1.6175e+02   1.4904e+01   0.0000e+00   5.0066e-02   3.8382e+02
20240428_06:00:00   1.2848e+00   1.9982e+02   2.0144e+01   2.2397e-02   5.8082e-02   3.8150e+02
20240428_07:00:00   2.9948e+00   2.6211e+02   2.2564e+01   6.3752e-01   2.4225e-01   3.7768e+02
20240428_08:00:00   3.8261e+00   2.7001e+02   2.4672e+01   9.0852e-01   2.3485e-01   3.7744e+02
20240428_09:00:00   3.1256e+00   2.6442e+02   2.4658e+01   5.9799e-01   5.1675e-03   3.7044e+02
20240428_10:00:00   2.9656e+00   2.6288e+02   2.4894e+01   5.1246e-01   1.1860e-03   3.6867e+02
20240428_11:00:00   3.3948e+00   2.6844e+02   2.5685e+01   6.5786e-01   3.0008e-04   3.7057e+02
20240428_12:00:00   2.4963e+00   2.5514e+02   2.5069e+01   3.1198e-01   6.7324e-04   3.6884e+02
20240428_13:00:00   2.4671e+00   2.5495e+02   2.5010e+01   3.0047e-01   4.5430e-07   3.6783e+02
20240428_14:00:00   2.1235e+00   2.4566e+02   2.5625e+01   1.4866e-01   2.9820e-05   3.7331e+02
20240428_15:00:00   2.0314e+00   2.4287e+02   2.6546e+01   9.0133e-02   1.5516e-05   3.7565e+02
20240428_16:00:00   2.0317e+00   2.4343e+02   2.7028e+01   7.9407e-02   8.4669e-05   3.7610e+02
20240428_17:00:00   1.9858e+00   2.4222e+02   2.7101e+01   6.1784e-02   1.1847e-02   3.6891e+02
20240428_18:00:00   1.9390e+00   2.4091e+02   2.7507e+01   3.5587e-02   6.3635e-02   3.6288e+02
20240428_19:00:00   1.8269e+00   2.3672e+02   2.6936e+01   1.3444e-02   1.8652e-01   3.6116e+02
20240428_20:00:00   1.8390e+00   2.3794e+02   2.7340e+01   6.3149e-03   1.6839e-03   3.5932e+02
20240428_21:00:00   1.8732e+00   2.4031e+02   2.7965e+01   2.3920e-04   8.7330e-04   3.6020e+02
20240428_22:00:00   1.8528e+00   2.4007e+02   2.7480e+01   0.0000e+00   1.1192e-03   3.5969e+02
20240428_23:00:00   1.9234e+00   2.4334e+02   2.8213e+01   6.9040e-04   1.4381e-03   3.6033e+02
20240429_00:00:00   2.1385e+00   2.5157e+02   2.9139e+01   4.8325e-02   3.1773e-03   3.5790e+02
20240429_01:00:00   2.8040e+00   2.6799e+02   2.9324e+01   2.8870e-01   4.0669e-03   3.5796e+02
20240429_02:00:00   2.6977e+00   2.6631e+02   3.0134e+01   2.2660e-01   3.8242e-03   3.5625e+02
20240429_03:00:00   2.1487e+00   2.5248e+02   2.9678e+01   2.0498e-02   3.9234e-03   3.5679e+02
20240429_04:00:00   2.8086e+00   2.6766e+02   3.1371e+01   2.4182e-01   1.7545e-02   3.5533e+02
20240429_05:00:00   2.0454e+00   2.4887e+02   2.9286e+01   3.5958e-03   2.9422e-02   3.5528e+02
20240429_06:00:00   2.1568e+00   2.5242e+02   3.0314e+01   3.2788e-02   1.2883e-02   3.5366e+02
20240429_07:00:00   2.0852e+00   2.4971e+02   2.9800e+01   1.7352e-02   4.0799e-03   3.5277e+02
20240429_08:00:00   1.9936e+00   2.4599e+02   2.8377e+01   1.4188e-02   1.9292e-04   3.4995e+02
20240429_09:00:00   2.0731e+00   2.4828e+02   2.7567e+01   5.2217e-02   4.2314e-04   3.4931e+02
20240429_10:00:00   2.3995e+00   2.5800e+02   2.6573e+01   1.9473e-01   4.4043e-04   3.4919e+02
20240429_11:00:00   2.8774e+00   2.6731e+02   2.5806e+01   4.0086e-01   1.3458e-04   3.5020e+02
20240429_12:00:00   3.7065e+00   2.7588e+02   2.5189e+01   7.4483e-01   2.9840e-04   3.5328e+02
20240429_13:00:00   3.6404e+00   2.7490e+02   2.3589e+01   7.6330e-01   3.4920e-04   3.5507e+02
20240429_14:00:00   2.9106e+00   2.6650e+02   2.2882e+01   5.0329e-01   2.4790e-04   3.5363e+02
20240429_15:00:00   2.7025e+00   2.6269e+02   2.2318e+01   4.3813e-01   5.8419e-05   3.5110e+02
20240429_16:00:00   2.2689e+00   2.5272e+02   2.1712e+01   2.8580e-01   1.1791e-03   3.5136e+02
20240429_17:00:00   2.1076e+00   2.4790e+02   2.1824e+01   2.2315e-01   1.6839e-03   3.5224e+02
20240429_18:00:00   1.6842e+00   2.3044e+02   2.1023e+01   8.5285e-02   2.4108e-03   3.5395e+02
20240429_19:00:00   1.8935e+00   2.4037e+02   2.2029e+01   1.4418e-01   1.4945e-04   3.5217e+02
20240429_20:00:00   1.8205e+00   2.3697e+02   2.3288e+01   9.0203e-02   1.8826e-04   3.5319e+02
20240429_21:00:00   1.7820e+00   2.3499e+02   2.3870e+01   6.5175e-02   3.0680e-05   3.5370e+02
20240429_22:00:00   1.6879e+00   2.3000e+02   2.4519e+01   1.3882e-02   1.5644e-04   3.5420e+02
20240429_23:00:00   1.7271e+00   2.3152e+02   2.5394e+01   6.5935e-03   4.3411e-04   3.5040e+02
20240430_00:00:00   1.7549e+00   2.3267e+02   2.4964e+01   3.0653e-02   1.5564e-04   3.4999e+02
20240430_01:00:00   1.6677e+00   2.2819e+02   2.4007e+01   1.5844e-02   2.3780e-04   3.5123e+02
20240430_02:00:00   1.5879e+00   2.2383e+02   2.3393e+01   1.0170e-03   9.1227e-05   3.5030e+02
20240430_03:00:00   1.6497e+00   2.2688e+02   2.3490e+01   1.8910e-02   4.5420e-07   3.5176e+02
20240430_04:00:00   2.1228e+00   2.4663e+02   2.3998e+01   1.9214e-01   3.9880e-05   3.5088e+02
20240430_05:00:00   2.7487e+00   2.6183e+02   2.5006e+01   4.1795e-01   7.4540e-04   3.4940e+02
20240430_06:00:00   2.7502e+00   2.6170e+02   2.5431e+01   4.1085e-01   1.6914e-05   3.4872e+02
20240430_07:00:00   2.8275e+00   2.6291e+02   2.6466e+01   4.2037e-01   4.2619e-03   3.4724e+02
20240430_08:00:00   2.6419e+00   2.5935e+02   2.7490e+01   3.2426e-01   1.4216e-02   3.4459e+02
20240430_09:00:00   2.5623e+00   2.5771e+02   2.7471e+01   2.8879e-01   5.3440e-04   3.4265e+02
20240430_10:00:00   2.7512e+00   2.6150e+02   2.8935e+01   3.2032e-01   1.1466e-03   3.4336e+02
20240430_11:00:00   3.3641e+00   2.6944e+02   2.8520e+01   5.6898e-01   0.0000e+00   3.4509e+02
20240430_12:00:00   3.0569e+00   2.6633e+02   2.7706e+01   4.6618e-01   3.1560e-05   3.4472e+02
20240430_13:00:00   3.1336e+00   2.6715e+02   2.8122e+01   4.9032e-01   4.4230e-04   3.4524e+02
20240430_14:00:00   2.6640e+00   2.5993e+02   2.8864e+01   2.8753e-01   2.1937e-03   3.4335e+02
20240430_15:00:00   2.5346e+00   2.5726e+02   2.9521e+01   2.2145e-01   1.4163e-03   3.4432e+02
20240430_16:00:00   4.1662e+00   2.7488e+02   3.0903e+01   8.5118e-01   9.4984e-03   3.4423e+02
20240430_17:00:00   2.8329e+00   2.6308e+02   3.1211e+01   2.9425e-01   1.5775e-02   3.4548e+02
20240430_18:00:00   3.5648e+00   2.7138e+02   3.2565e+01   5.6406e-01   4.0859e-01   3.4405e+02
20240430_21:00:00   2.5218e+00   2.5787e+02   3.0633e+01   1.9560e-01   2.2468e-02   3.4994e+02
20240501_00:00:00   3.1654e+00   2.6811e+02   3.2160e+01   4.1394e-01   2.3831e-01   3.4866e+02
20240501_03:00:00   3.2071e+00   2.6927e+02   3.2795e+01   3.8549e-01   8.3829e-02   3.5442e+02
20240501_06:00:00   2.6940e+00   2.6255e+02   2.7287e+01   2.8738e-01   9.8690e-04   3.5672e+02
20240501_09:00:00   2.2444e+00   2.5178e+02   2.4381e+01   1.8710e-01   0.0000e+00   3.5336e+02
20240501_12:00:00   1.5830e+00   2.2459e+02   2.0604e+01   3.6579e-02   1.9481e-04   3.5667e+02
20240501_15:00:00   1.8345e+00   2.3757e+02   2.0071e+01   1.5110e-01   8.4520e-05   3.5837e+02
20240501_18:00:00   1.9501e+00   2.4298e+02   1.9370e+01   2.1969e-01   0.0000e+00   3.5780e+02
20240501_21:00:00   1.8922e+00   2.4076e+02   2.5952e+01   5.3702e-02   8.1118e-04   3.6165e+02
20240502_00:00:00   2.3973e+00   2.5741e+02   3.2567e+01   7.4768e-02   2.5023e-01   3.5780e+02
20240502_03:00:00   2.4218e+00   2.5775e+02   3.4931e+01   4.8981e-03   3.9982e-02   3.5508e+02
20240502_06:00:00   2.8040e+00   2.6707e+02   3.1559e+01   2.1643e-01   0.0000e+00   3.5733e+02
20240502_09:00:00   2.2862e+00   2.5654e+02   2.8285e+01   1.0958e-01   6.5688e-04   3.5906e+02
20240502_12:00:00   1.1992e+00   1.9932e+02   1.8183e+01   1.5450e-02   2.0127e-03   3.6333e+02
20240502_15:00:00   1.0183e+00   1.8238e+02   1.7358e+01   0.0000e+00   5.4111e-03   3.5862e+02
20240502_18:00:00   9.4543e-01   1.7479e+02   1.6359e+01   0.0000e+00   1.3214e-02   3.5670e+02
20240502_21:00:00   9.3620e-01   1.7522e+02   1.5574e+01   0.0000e+00   4.1384e-02   3.5659e+02
20240503_00:00:00   9.3170e-01   1.7453e+02   1.5317e+01   0.0000e+00   7.8266e-02   3.5809e+02
20240503_03:00:00   1.1084e+00   1.9019e+02   1.8309e+01   0.0000e+00   2.8194e-02   3.5651e+02
20240503_06:00:00   1.2564e+00   2.0141e+02   2.0991e+01   0.0000e+00   1.2410e-01   3.5360e+02
20240503_09:00:00   1.5323e+00   2.1943e+02   2.4745e+01   0.0000e+00   2.7757e-01   3.4712e+02
20240503_12:00:00   2.0518e+00   2.4279e+02   2.8361e+01   9.4740e-02   6.0375e-01   3.4391e+02
20240503_15:00:00   4.1587e+00   2.7312e+02   3.1137e+01   8.6938e-01   3.5823e-01   3.4144e+02
20240503_18:00:00   4.2144e+00   2.7335e+02   3.1501e+01   8.6971e-01   5.0107e-01   3.3819e+02
20240503_21:00:00   4.4360e+00   2.7397e+02   3.1428e+01   9.7079e-01   5.8490e-01   3.3882e+02
20240504_00:00:00   4.9233e+00   2.7440e+02   2.9602e+01   1.2344e+00   1.9429e-01   3.4470e+02
20240504_03:00:00   3.8999e+00   2.7065e+02   2.5055e+01   9.0768e-01   8.1971e-04   3.4616e+02
20240504_06:00:00   2.6987e+00   2.5817e+02   2.0894e+01   5.0834e-01   6.4730e-05   3.5093e+02
20240504_09:00:00   1.6465e+00   2.2434e+02   1.7815e+01   1.6215e-01   0.0000e+00   3.5202e+02
20240504_12:00:00   1.4674e+00   2.1387e+02   1.7052e+01   1.0571e-01   2.5869e-03   3.5515e+02
20240504_15:00:00   1.0338e+00   1.7992e+02   1.4863e+01   2.0177e-03   9.5122e-03   3.5713e+02
20240504_18:00:00   9.3122e-01   1.6974e+02   1.3716e+01   3.4380e-04   1.6000e-02   3.5955e+02
20240504_21:00:00   9.3947e-01   1.7056e+02   1.3525e+01   5.4683e-03   3.8245e-03   3.6445e+02
20240505_00:00:00   1.2619e+00   1.9880e+02   1.3167e+01   1.5054e-01   4.1289e-03   3.7013e+02
20240505_03:00:00   1.0913e+00   1.8411e+02   1.1763e+01   1.2608e-01   3.8977e-03   3.7227e+02
20240505_06:00:00   7.7547e-01   1.5054e+02   1.1341e+01   1.4096e-03   1.0586e-03   3.7248e+02
20240505_09:00:00   7.6438e-01   1.4889e+02   1.1097e+01   0.0000e+00   5.9760e-06   3.8020e+02
20240505_12:00:00   8.5696e-01   1.5977e+02   1.2338e+01   0.0000e+00   2.0513e-04   3.8602e+02
20240505_15:00:00   9.2749e-01   1.6814e+02   1.3185e+01   9.0477e-03   7.8212e-05   4.0464e+02
20240505_18:00:00   1.1619e+00   1.8992e+02   1.3300e+01   1.0720e-01   2.5175e-03   4.0970e+02
20240505_21:00:00   8.9452e-01   1.6414e+02   1.2962e+01   7.0360e-03   1.8643e-04   4.0887e+02
20240506_00:00:00   7.9322e-01   1.5161e+02   1.1948e+01   0.0000e+00   2.2691e-03   4.0976e+02
20240506_03:00:00   8.7090e-01   1.6003e+02   1.2956e+01   0.0000e+00   6.0228e-03   4.0983e+02
20240506_06:00:00   8.8236e-01   1.6117e+02   1.3001e+01   4.8280e-06   1.0242e-02   4.1253e+02
20240506_09:00:00   8.2000e-01   1.5400e+02   1.2169e+01   9.9780e-04   1.7653e-03   4.1408e+02
20240506_12:00:00   8.3680e-01   1.5644e+02   1.2261e+01   0.0000e+00   2.3565e-03   4.0885e+02
20240506_15:00:00   1.1823e+00   1.9099e+02   1.3401e+01   1.0971e-01   2.0922e-02   4.0776e+02
20240506_18:00:00   1.2102e+00   1.9349e+02   1.4867e+01   8.3800e-02   8.6733e-02   4.0529e+02
20240506_21:00:00   1.2685e+00   1.9824e+02   1.6242e+01   7.7360e-02   1.9164e-01   4.0466e+02
20240507_00:00:00   1.1771e+00   1.9064e+02   1.6913e+01   2.7512e-02   2.1502e-01   4.0072e+02
20240507_03:00:00   1.1628e+00   1.8968e+02   1.6689e+01   2.4657e-02   5.8108e-02   4.0175e+02
20240507_06:00:00   1.3253e+00   2.0196e+02   1.8254e+01   4.6656e-02   1.9964e-01   4.0279e+02
20240507_09:00:00   1.6848e+00   2.2397e+02   1.6980e+01   2.3013e-01   5.6826e-02   4.0333e+02
20240507_12:00:00   2.7843e+00   2.5803e+02   1.8168e+01   6.4138e-01   9.7380e-02   4.0715e+02
20240507_15:00:00   3.1560e+00   2.6380e+02   1.8183e+01   7.8202e-01   1.7318e-01   4.0938e+02
20240507_18:00:00   3.0392e+00   2.6233e+02   1.9754e+01   7.0016e-01   1.9427e-01   4.0949e+02
20240507_21:00:00   3.1078e+00   2.6348e+02   1.9391e+01   7.3158e-01   1.7759e-01   4.1025e+02
20240508_00:00:00   3.0803e+00   2.6292e+02   1.8645e+01   7.4115e-01   6.0610e-03   4.1425e+02
20240508_03:00:00   2.7347e+00   2.5783e+02   1.8490e+01   6.0286e-01   4.0748e-03   4.1435e+02
20240508_06:00:00   1.4102e+00   2.0821e+02   1.7817e+01   8.3657e-02   2.5159e-03   4.1695e+02
20240508_09:00:00   1.8374e+00   2.3072e+02   1.7533e+01   2.7649e-01   1.3127e-02   4.1823e+02
20240508_12:00:00   1.5053e+00   2.1411e+02   1.6447e+01   1.6394e-01   3.9423e-03   4.1985e+02
20240508_15:00:00   1.5520e+00   2.1785e+02   1.7661e+01   1.4830e-01   2.6311e-03   4.1687e+02
20240508_18:00:00   1.5568e+00   2.1811e+02   1.7946e+01   1.4748e-01   1.9190e-03   4.1492e+02
20240508_21:00:00   1.4508e+00   2.1138e+02   1.7560e+01   1.1479e-01   5.7011e-04   4.1638e+02
20240509_00:00:00   1.5338e+00   2.1650e+02   1.7397e+01   1.5272e-01   3.2366e-04   4.1856e+02
20240509_03:00:00   2.0640e+00   2.4031e+02   1.7501e+01   3.7097e-01   1.1661e-03   4.1725e+02
20240509_06:00:00   1.3468e+00   2.0454e+02   1.8035e+01   5.6163e-02   2.8032e-04   4.2088e+02
20240509_09:00:00   1.1801e+00   1.9160e+02   1.7656e+01   1.5670e-05   3.4860e-05   4.4278e+02
20240509_12:00:00   1.2860e+00   2.0013e+02   1.7948e+01   3.3868e-02   1.4662e-02   4.4419e+02
20240509_15:00:00   1.4430e+00   2.1192e+02   1.7918e+01   1.0290e-01   1.7171e-02   4.4608e+02
20240509_18:00:00   1.2875e+00   2.0220e+02   1.8076e+01   3.3512e-02   4.1063e-03   4.3891e+02
20240509_21:00:00   1.8882e+00   2.3607e+02   1.9600e+01   2.3544e-01   1.5287e-02   4.4496e+02
20240510_00:00:00   1.5766e+00   2.2074e+02   2.0541e+01   7.0006e-02   9.4369e-02   4.3410e+02
20240510_03:00:00   1.8602e+00   2.3420e+02   2.0543e+01   1.8198e-01   2.1961e-02   4.3521e+02
20240510_06:00:00   1.9334e+00   2.3704e+02   2.0052e+01   2.2414e-01   8.8794e-03   4.3925e+02
20240510_09:00:00   1.6273e+00   2.2232e+02   1.8294e+01   1.5018e-01   1.9996e-03   4.4006e+02
20240510_12:00:00   1.2156e+00   1.9441e+02   1.6818e+01   3.0751e-02   1.8118e-03   4.3938e+02
20240510_15:00:00   1.7418e+00   2.2839e+02   1.7541e+01   2.2485e-01   5.2578e-03   4.3611e+02
20240510_18:00:00   1.4769e+00   2.1439e+02   1.7453e+01   1.1555e-01   1.6234e-02   4.3177e+02
20240510_21:00:00   2.4254e+00   2.5266e+02   1.8886e+01   4.7021e-01   9.6892e-02   4.3021e+02
20240511_00:00:00   1.3037e+00   2.0277e+02   1.8904e+01   2.9695e-03   9.8500e-03   4.3253e+02
20240511_03:00:00   1.3167e+00   2.0348e+02   1.8310e+01   2.6768e-02   2.3336e-03   4.3711e+02
20240511_06:00:00   1.1146e+00   1.8664e+02   1.6578e+01   2.5561e-03   9.4152e-05   4.3263e+02
20240511_09:00:00   1.0806e+00   1.8324e+02   1.6172e+01   0.0000e+00   7.4314e-04   4.3446e+02
20240511_12:00:00   1.1133e+00   1.8635e+02   1.6528e+01   0.0000e+00   6.8386e-04   4.3983e+02
20240511_15:00:00   1.2666e+00   2.0003e+02   1.7535e+01   3.1665e-02   7.3645e-04   4.5082e+02
20240511_18:00:00   1.2787e+00   2.0134e+02   1.7291e+01   4.6970e-02   4.9744e-04   4.5878e+02
