#            date       tau255        Tb[K]      pwv[mm] lwp[kg*m^-2] iwp[kg*m^-2]       o3[DU]
20240817_12:00:00   2.2883e+00   2.5906e+02   3.2150e+01   7.7160e-03   8.7617e-03   3.1384e+02
20240817_13:00:00   2.3084e+00   2.5984e+02   3.2426e+01   9.5155e-03   1.6839e-02   3.1348e+02
20240817_14:00:00   2.3162e+00   2.6044e+02   3.2864e+01   1.0830e-02   1.6062e-01   3.1407e+02
20240817_15:00:00   2.1732e+00   2.5674e+02   3.0587e+01   1.0144e-02   1.5544e-03   3.1756e+02
20240817_16:00:00   2.0821e+00   2.5447e+02   2.9107e+01   1.2885e-02   0.0000e+00   3.1769e+02
20240817_17:00:00   2.0916e+00   2.5542e+02   3.0336e+01   7.3353e-03   0.0000e+00   3.1669e+02
20240817_18:00:00   2.0749e+00   2.5529e+02   3.0544e+01   7.5640e-03   0.0000e+00   3.1766e+02
20240817_19:00:00   2.0748e+00   2.5558e+02   3.1695e+01   6.0360e-04   0.0000e+00   3.1845e+02
20240817_20:00:00   2.2587e+00   2.6162e+02   3.4543e+01   7.2420e-05   1.2080e-04   3.1767e+02
20240817_21:00:00   2.3033e+00   2.6283e+02   3.4856e+01   1.6380e-03   3.4181e-03   3.1669e+02
20240817_22:00:00   2.3489e+00   2.6346e+02   3.5216e+01   9.2920e-03   6.5100e-03   3.1584e+02
20240817_23:00:00   2.3891e+00   2.6400e+02   3.5989e+01   1.2718e-02   1.2982e-02   3.1214e+02
20240818_00:00:00   2.3333e+00   2.6174e+02   3.6016e+01   0.0000e+00   2.8890e-03   3.1070e+02
20240818_01:00:00   2.3181e+00   2.6080e+02   3.6053e+01   0.0000e+00   1.9512e-03   3.0877e+02
20240818_02:00:00   2.3465e+00   2.6109e+02   3.6716e+01   0.0000e+00   2.0349e-02   3.1033e+02
20240818_03:00:00   2.5545e+00   2.6563e+02   3.7268e+01   7.0560e-02   1.5705e-01   3.1152e+02
20240818_04:00:00   2.4673e+00   2.6359e+02   3.6669e+01   5.1090e-02   2.5445e-02   3.1212e+02
20240818_05:00:00   2.3248e+00   2.5974e+02   3.6294e+01   1.8417e-03   2.0522e-02   3.1273e+02
20240818_06:00:00   2.5495e+00   2.6503e+02   3.8175e+01   3.3346e-02   1.4618e-02   3.1267e+02
20240818_07:00:00   2.7531e+00   2.6903e+02   4.0598e+01   3.6875e-02   3.4840e-02   3.1199e+02
20240818_08:00:00   4.3214e+00   2.8272e+02   4.2975e+01   6.0909e-01   3.0792e-01   3.1141e+02
20240818_09:00:00   5.0482e+00   2.8465e+02   4.2759e+01   9.0621e-01   4.6762e-01   3.1199e+02
20240818_10:00:00   3.6537e+00   2.7882e+02   4.2289e+01   3.4574e-01   4.0552e-01   3.1353e+02
20240818_11:00:00   3.2641e+00   2.7597e+02   4.2588e+01   1.6442e-01   4.1461e-01   3.1582e+02
20240818_12:00:00   3.5030e+00   2.7845e+02   4.3554e+01   2.1967e-01   6.8666e-01   3.1686e+02
20240818_13:00:00   3.3746e+00   2.7714e+02   4.4029e+01   1.5453e-01   3.6075e-01   3.1851e+02
20240818_14:00:00   2.9193e+00   2.7190e+02   4.2371e+01   2.8695e-02   1.0173e-01   3.1850e+02
20240818_15:00:00   2.8027e+00   2.7046e+02   4.1611e+01   2.2678e-03   1.9426e-02   3.1834e+02
20240818_16:00:00   2.9821e+00   2.7384e+02   4.1499e+01   7.6761e-02   3.0482e-02   3.1737e+02
20240818_17:00:00   3.2897e+00   2.7779e+02   4.0813e+01   2.2705e-01   9.4009e-03   3.1687e+02
20240818_18:00:00   3.0710e+00   2.7561e+02   4.0514e+01   1.4201e-01   2.4632e-03   3.1511e+02
20240818_19:00:00   2.9876e+00   2.7509e+02   4.1287e+01   8.1139e-02   1.7270e-04   3.1290e+02
20240818_20:00:00   2.8858e+00   2.7414e+02   4.1684e+01   2.3045e-02   6.8996e-04   3.1193e+02
20240818_21:00:00   2.8745e+00   2.7414e+02   4.1632e+01   1.9920e-02   5.4440e-04   3.1063e+02
20240818_22:00:00   2.7986e+00   2.7267e+02   4.1320e+01   9.5600e-04   1.0804e-04   3.1147e+02
20240818_23:00:00   2.8457e+00   2.7319e+02   4.1806e+01   2.1240e-04   0.0000e+00   3.1117e+02
20240819_00:00:00   2.8285e+00   2.7235e+02   4.1521e+01   1.1962e-03   8.6160e-05   3.1052e+02
20240819_01:00:00   2.6918e+00   2.6946e+02   3.9858e+01   5.5055e-04   2.8279e-04   3.1019e+02
20240819_02:00:00   2.5692e+00   2.6668e+02   3.8347e+01   2.3100e-07   8.3864e-04   3.0927e+02
20240819_03:00:00   2.5006e+00   2.6481e+02   3.7412e+01   3.5360e-04   9.9351e-04   3.1116e+02
20240819_04:00:00   2.4865e+00   2.6429e+02   3.7719e+01   0.0000e+00   7.2304e-03   3.0951e+02
20240819_05:00:00   2.5656e+00   2.6589e+02   3.9215e+01   5.8920e-05   4.7960e-03   3.0839e+02
20240819_06:00:00   2.6646e+00   2.6782e+02   4.0696e+01   5.3109e-04   4.5299e-02   3.0714e+02
20240819_07:00:00   2.7828e+00   2.6995e+02   4.1747e+01   1.1605e-02   6.5308e-02   3.0474e+02
20240819_08:00:00   3.0994e+00   2.7469e+02   4.3143e+01   9.9761e-02   2.9389e-02   3.0387e+02
20240819_09:00:00   3.8211e+00   2.8108e+02   4.4628e+01   3.4284e-01   3.2129e-02   3.0446e+02
20240819_10:00:00   4.6319e+00   2.8459e+02   4.5823e+01   6.3296e-01   4.4715e-02   3.0511e+02
20240819_11:00:00   5.1267e+00   2.8582e+02   4.7180e+01   7.8290e-01   1.1121e-01   3.0566e+02
20240819_12:00:00   5.2372e+00   2.8640e+02   4.8322e+01   7.6045e-01   3.0405e-02   3.0466e+02
20240819_13:00:00   4.4644e+00   2.8513e+02   4.8587e+01   4.2102e-01   1.5077e-01   3.0533e+02
20240819_14:00:00   3.5757e+00   2.8097e+02   4.7478e+01   9.6403e-02   1.6378e-01   3.0661e+02
20240819_15:00:00   3.9882e+00   2.8478e+02   4.5932e+01   2.9061e-01   5.6072e-02   3.0811e+02
20240819_16:00:00   4.2771e+00   2.8683e+02   4.5485e+01   4.1357e-01   3.7726e-02   3.0890e+02
20240819_17:00:00   3.5163e+00   2.8212e+02   4.5500e+01   1.3414e-01   1.7215e-02   3.1016e+02
20240819_18:00:00   3.5032e+00   2.8209e+02   4.7039e+01   8.9739e-02   1.9970e-01   3.1370e+02
20240819_19:00:00   3.6579e+00   2.8342e+02   4.6925e+01   1.6941e-01   1.3535e-01   3.1468e+02
20240819_20:00:00   3.1051e+00   2.7861e+02   4.4818e+01   8.0744e-03   6.8469e-03   3.1663e+02
20240819_21:00:00   3.1641e+00   2.7954e+02   4.5597e+01   7.5126e-03   1.2522e-02   3.2163e+02
20240819_22:00:00   3.5674e+00   2.8327e+02   4.6392e+01   1.4857e-01   1.6978e-02   3.2453e+02
20240819_23:00:00   3.1510e+00   2.7923e+02   4.5826e+01   1.0335e-04   3.8828e-03   3.2316e+02
20240820_00:00:00   3.0542e+00   2.7789e+02   4.4448e+01   2.3261e-04   1.4961e-03   3.2244e+02
20240820_01:00:00   3.1223e+00   2.7833e+02   4.5021e+01   8.2376e-04   2.8050e-03   3.2169e+02
20240820_02:00:00   3.0619e+00   2.7704e+02   4.4434e+01   8.1490e-05   6.5363e-04   3.2100e+02
20240820_03:00:00   3.0701e+00   2.7661e+02   4.4493e+01   6.3260e-04   3.1170e-03   3.1977e+02
20240820_04:00:00   3.0852e+00   2.7638e+02   4.4403e+01   2.4411e-03   5.3309e-04   3.1795e+02
20240820_05:00:00   3.2267e+00   2.7761e+02   4.4280e+01   5.0594e-02   3.7210e-04   3.1652e+02
20240820_06:00:00   3.2698e+00   2.7712e+02   4.3226e+01   1.0541e-01   4.0565e-03   3.1612e+02
20240820_07:00:00   2.9768e+00   2.7231e+02   4.1652e+01   5.2691e-02   5.1863e-03   3.1757e+02
20240820_08:00:00   2.8332e+00   2.6912e+02   4.1401e+01   1.6065e-02   3.8654e-02   3.1799e+02
20240820_09:00:00   3.3574e+00   2.7492e+02   4.1197e+01   2.3573e-01   1.1364e-01   3.1706e+02
20240820_10:00:00   3.8605e+00   2.7820e+02   4.0936e+01   4.4070e-01   2.9881e-01   3.1703e+02
20240820_11:00:00   5.1301e+00   2.8226e+02   4.0494e+01   9.6679e-01   4.7538e-01   3.1926e+02
20240820_12:00:00   4.4945e+00   2.8027e+02   3.9457e+01   7.2362e-01   3.6748e-01   3.2095e+02
20240820_13:00:00   5.9175e+00   2.8248e+02   3.8051e+01   1.3315e+00   2.3306e-01   3.2304e+02
20240820_14:00:00   5.6536e+00   2.8155e+02   3.7388e+01   1.2587e+00   2.8540e-01   3.2081e+02
20240820_15:00:00   5.2115e+00   2.8032e+02   3.6703e+01   1.1117e+00   3.4600e-01   3.2026e+02
20240820_16:00:00   5.0096e+00   2.7956e+02   3.6211e+01   1.0441e+00   4.2431e-01   3.1992e+02
20240820_17:00:00   5.1912e+00   2.7953e+02   3.5382e+01   1.1443e+00   4.1156e-01   3.2152e+02
20240820_18:00:00   4.3732e+00   2.7744e+02   3.4021e+01   8.6430e-01   5.0355e-01   3.2069e+02
20240820_19:00:00   3.2580e+00   2.7003e+02   3.1016e+01   5.0958e-01   3.8752e-01   3.2059e+02
20240820_20:00:00   1.8477e+00   2.3741e+02   2.5569e+01   7.9361e-02   3.1465e-01   3.2417e+02
20240820_21:00:00   1.3082e+00   2.0697e+02   1.9726e+01   7.0578e-04   1.5053e-01   3.2728e+02
20240820_22:00:00   1.1581e+00   1.9544e+02   1.7145e+01   0.0000e+00   1.9526e-04   3.3394e+02
20240820_23:00:00   1.1729e+00   1.9686e+02   1.6904e+01   1.1482e-03   2.8581e-04   3.3507e+02
20240821_00:00:00   1.1749e+00   1.9668e+02   1.6795e+01   0.0000e+00   9.2400e-07   3.3549e+02
20240821_01:00:00   1.0557e+00   1.8534e+02   1.5376e+01   0.0000e+00   0.0000e+00   3.3791e+02
20240821_02:00:00   1.0319e+00   1.8262e+02   1.5162e+01   0.0000e+00   0.0000e+00   3.3759e+02
20240821_03:00:00   9.9431e-01   1.7869e+02   1.4749e+01   0.0000e+00   0.0000e+00   3.3794e+02
20240821_04:00:00   9.5778e-01   1.7473e+02   1.4311e+01   0.0000e+00   0.0000e+00   3.3811e+02
20240821_05:00:00   9.3721e-01   1.7229e+02   1.4166e+01   0.0000e+00   0.0000e+00   3.3632e+02
20240821_06:00:00   9.2614e-01   1.7095e+02   1.4097e+01   0.0000e+00   0.0000e+00   3.3646e+02
20240821_07:00:00   9.3785e-01   1.7213e+02   1.4239e+01   0.0000e+00   0.0000e+00   3.3878e+02
20240821_08:00:00   9.6541e-01   1.7497e+02   1.4543e+01   0.0000e+00   0.0000e+00   3.4515e+02
20240821_09:00:00   9.7004e-01   1.7522e+02   1.4708e+01   0.0000e+00   0.0000e+00   3.4681e+02
20240821_10:00:00   9.4253e-01   1.7227e+02   1.4382e+01   0.0000e+00   0.0000e+00   3.4739e+02
20240821_11:00:00   9.1953e-01   1.6978e+02   1.4084e+01   0.0000e+00   0.0000e+00   3.4831e+02
20240821_12:00:00   9.2833e-01   1.7084e+02   1.4233e+01   0.0000e+00   8.5860e-04   3.4870e+02
20240821_13:00:00   9.9007e-01   1.7753e+02   1.5083e+01   6.7600e-05   4.5118e-04   3.4786e+02
20240821_14:00:00   1.0493e+00   1.8366e+02   1.5646e+01   4.5420e-03   1.9400e-04   3.4790e+02
20240821_15:00:00   1.1223e+00   1.9069e+02   1.5834e+01   2.4459e-02   2.7076e-05   3.4853e+02
20240821_16:00:00   1.1871e+00   1.9632e+02   1.5956e+01   4.7040e-02   4.6824e-05   3.4872e+02
20240821_17:00:00   1.3584e+00   2.0918e+02   1.6170e+01   1.1291e-01   1.4888e-04   3.4832e+02
20240821_18:00:00   1.5885e+00   2.2362e+02   1.6469e+01   1.9872e-01   1.9374e-04   3.5169e+02
20240821_19:00:00   1.4106e+00   2.1330e+02   1.6558e+01   1.1914e-01   9.1600e-05   3.5945e+02
20240821_20:00:00   1.3505e+00   2.0961e+02   1.7610e+01   6.6157e-02   6.9600e-05   3.6046e+02
20240821_21:00:00   1.5478e+00   2.2251e+02   1.9488e+01   1.0182e-01   2.0498e-04   3.6041e+02
20240821_22:00:00   1.7817e+00   2.3458e+02   2.1116e+01   1.5650e-01   3.9182e-04   3.6154e+02
20240821_23:00:00   1.4372e+00   2.1608e+02   2.1396e+01   0.0000e+00   4.0780e-06   3.6260e+02
20240822_00:00:00   1.4657e+00   2.1778e+02   2.1504e+01   0.0000e+00   6.0431e-06   3.6305e+02
20240822_01:00:00   1.3738e+00   2.1143e+02   2.0090e+01   0.0000e+00   4.1360e-06   3.6390e+02
20240822_02:00:00   1.2865e+00   2.0483e+02   1.8874e+01   0.0000e+00   9.0840e-08   3.6317e+02
20240822_03:00:00   1.2310e+00   2.0028e+02   1.8319e+01   0.0000e+00   0.0000e+00   3.6108e+02
20240822_04:00:00   1.2183e+00   1.9915e+02   1.8414e+01   0.0000e+00   0.0000e+00   3.5977e+02
20240822_05:00:00   1.2068e+00   1.9815e+02   1.8407e+01   0.0000e+00   0.0000e+00   3.5917e+02
20240822_06:00:00   1.2040e+00   1.9798e+02   1.8422e+01   0.0000e+00   0.0000e+00   3.5580e+02
20240822_07:00:00   1.2471e+00   2.0142e+02   1.9029e+01   0.0000e+00   0.0000e+00   3.5340e+02
20240822_08:00:00   1.2840e+00   2.0419e+02   1.9699e+01   0.0000e+00   1.9314e-05   3.4986e+02
20240822_09:00:00   1.2710e+00   2.0339e+02   1.9461e+01   0.0000e+00   4.5220e-05   3.4681e+02
20240822_10:00:00   1.2469e+00   2.0164e+02   1.9177e+01   0.0000e+00   1.2933e-04   3.4527e+02
20240822_11:00:00   1.2551e+00   2.0228e+02   1.9396e+01   0.0000e+00   4.9620e-03   3.4399e+02
20240822_12:00:00   1.2592e+00   2.0276e+02   1.9557e+01   0.0000e+00   1.6004e-03   3.4415e+02
20240822_15:00:00   1.3323e+00   2.0977e+02   2.0403e+01   0.0000e+00   0.0000e+00   3.4862e+02
20240822_18:00:00   1.5737e+00   2.2620e+02   2.0381e+01   9.9740e-02   8.2100e-05   3.4327e+02
20240822_21:00:00   1.4266e+00   2.1764e+02   2.1418e+01   1.6256e-02   5.3244e-05   3.3447e+02
20240823_00:00:00   1.4309e+00   2.1818e+02   2.0851e+01   3.2120e-02   2.1140e-06   3.3188e+02
20240823_03:00:00   1.3379e+00   2.1192e+02   2.0503e+01   2.1720e-04   0.0000e+00   3.3269e+02
20240823_06:00:00   1.3820e+00   2.1552e+02   2.1096e+01   0.0000e+00   1.6170e-03   3.2900e+02
20240823_09:00:00   1.3117e+00   2.1013e+02   2.0631e+01   0.0000e+00   0.0000e+00   3.3075e+02
20240823_12:00:00   1.1555e+00   1.9746e+02   1.8108e+01   0.0000e+00   0.0000e+00   3.3568e+02
20240823_15:00:00   1.0512e+00   1.8854e+02   1.7283e+01   0.0000e+00   0.0000e+00   3.2818e+02
20240823_18:00:00   1.3429e+00   2.1350e+02   2.2656e+01   0.0000e+00   2.2031e-03   3.2031e+02
20240823_21:00:00   1.9534e+00   2.4867e+02   3.2140e+01   0.0000e+00   2.8727e-01   3.1219e+02
20240824_00:00:00   2.1248e+00   2.5488e+02   3.4854e+01   0.0000e+00   1.1737e-02   3.1064e+02
20240824_03:00:00   2.2923e+00   2.6000e+02   3.6935e+01   0.0000e+00   3.5997e-02   3.0574e+02
20240824_06:00:00   2.1979e+00   2.5747e+02   3.5627e+01   9.4640e-04   2.5230e-02   3.0278e+02
20240824_09:00:00   2.0679e+00   2.5284e+02   3.4430e+01   5.7940e-04   4.7675e-03   2.9938e+02
20240824_12:00:00   1.9803e+00   2.4931e+02   3.3311e+01   1.9314e-05   1.2709e-02   2.9692e+02
20240824_15:00:00   1.7678e+00   2.4049e+02   3.0377e+01   0.0000e+00   2.9809e-01   2.9678e+02
20240824_18:00:00   1.8139e+00   2.4344e+02   3.1269e+01   0.0000e+00   6.0988e-01   2.9709e+02
20240824_21:00:00   1.7928e+00   2.4313e+02   2.9342e+01   2.2199e-02   4.1707e-02   3.0522e+02
20240825_00:00:00   2.0300e+00   2.5465e+02   3.1620e+01   0.0000e+00   0.0000e+00   3.0912e+02
20240825_03:00:00   2.1557e+00   2.5948e+02   3.2931e+01   0.0000e+00   0.0000e+00   3.0343e+02
20240825_06:00:00   2.3097e+00   2.6446e+02   3.4845e+01   0.0000e+00   0.0000e+00   3.0052e+02
20240825_09:00:00   2.4186e+00   2.6764e+02   3.6358e+01   0.0000e+00   1.4114e-04   3.0025e+02
20240825_12:00:00   2.3961e+00   2.6717e+02   3.7069e+01   0.0000e+00   0.0000e+00   3.0391e+02
20240825_15:00:00   1.9775e+00   2.5455e+02   3.2222e+01   0.0000e+00   0.0000e+00   3.0842e+02
20240825_18:00:00   2.0134e+00   2.5804e+02   3.2817e+01   0.0000e+00   0.0000e+00   3.0783e+02
20240825_21:00:00   2.0652e+00   2.6102e+02   3.2517e+01   0.0000e+00   9.8220e-06   3.0753e+02
20240826_00:00:00   2.0146e+00   2.5819e+02   3.1597e+01   0.0000e+00   3.9580e-05   3.0921e+02
20240826_03:00:00   2.5192e+00   2.7244e+02   3.8317e+01   0.0000e+00   4.5420e-07   3.0737e+02
20240826_06:00:00   2.7976e+00   2.7701e+02   4.2864e+01   0.0000e+00   3.4681e-03   3.0994e+02
20240826_09:00:00   2.9641e+00   2.7952e+02   4.4074e+01   0.0000e+00   1.6288e-04   3.1393e+02
20240826_12:00:00   2.8535e+00   2.7800e+02   4.2245e+01   0.0000e+00   0.0000e+00   3.1462e+02
20240826_15:00:00   2.7270e+00   2.7690e+02   4.0568e+01   0.0000e+00   0.0000e+00   3.0754e+02
20240826_18:00:00   2.4304e+00   2.7119e+02   3.6807e+01   1.6308e-04   0.0000e+00   3.0776e+02
20240826_21:00:00   2.4261e+00   2.7044e+02   3.6573e+01   4.4580e-03   0.0000e+00   3.0760e+02
20240827_00:00:00   2.2846e+00   2.6475e+02   3.4203e+01   0.0000e+00   0.0000e+00   3.0625e+02
20240827_03:00:00   2.1748e+00   2.6023e+02   3.2433e+01   0.0000e+00   0.0000e+00   3.0269e+02
20240827_06:00:00   2.1108e+00   2.5746e+02   3.1144e+01   0.0000e+00   0.0000e+00   2.9917e+02
20240827_09:00:00   2.0504e+00   2.5500e+02   2.9550e+01   0.0000e+00   0.0000e+00   2.9773e+02
20240827_12:00:00   2.0410e+00   2.5462e+02   2.9423e+01   0.0000e+00   0.0000e+00   3.0023e+02
20240827_15:00:00   2.2396e+00   2.6318e+02   3.2707e+01   0.0000e+00   0.0000e+00   2.9866e+02
20240827_18:00:00   2.5067e+00   2.7311e+02   3.6847e+01   0.0000e+00   0.0000e+00   2.9907e+02
20240827_21:00:00   2.5355e+00   2.7462e+02   3.7934e+01   0.0000e+00   3.7760e-05   2.9951e+02
20240828_00:00:00   2.7430e+00   2.7820e+02   4.0088e+01   0.0000e+00   0.0000e+00   2.9616e+02
20240828_03:00:00   2.5705e+00   2.7336e+02   3.7893e+01   0.0000e+00   0.0000e+00   2.9435e+02
20240828_06:00:00   2.2229e+00   2.6390e+02   3.3766e+01   0.0000e+00   0.0000e+00   2.9511e+02
20240828_09:00:00   2.2205e+00   2.6377e+02   3.3114e+01   0.0000e+00   0.0000e+00   2.9613e+02
20240828_12:00:00   2.1127e+00   2.6077e+02   3.1881e+01   0.0000e+00   0.0000e+00   2.9850e+02
20240828_15:00:00   2.0703e+00   2.6111e+02   3.1335e+01   0.0000e+00   0.0000e+00   2.9888e+02
20240828_18:00:00   2.0365e+00   2.6066e+02   3.1790e+01   0.0000e+00   0.0000e+00   2.9751e+02
20240828_21:00:00   2.1192e+00   2.6420e+02   3.2799e+01   0.0000e+00   0.0000e+00   2.9839e+02
20240829_00:00:00   2.2563e+00   2.6780e+02   3.4105e+01   0.0000e+00   0.0000e+00   2.9772e+02
20240829_03:00:00   2.0411e+00   2.5964e+02   3.1170e+01   0.0000e+00   0.0000e+00   3.0065e+02
20240829_06:00:00   2.3261e+00   2.6857e+02   3.4684e+01   0.0000e+00   0.0000e+00   3.0012e+02
20240829_09:00:00   2.2799e+00   2.6680e+02   3.4216e+01   0.0000e+00   0.0000e+00   3.0038e+02
20240829_12:00:00   1.9921e+00   2.5665e+02   3.0391e+01   0.0000e+00   0.0000e+00   2.9757e+02
20240829_15:00:00   2.1898e+00   2.6527e+02   3.2777e+01   0.0000e+00   0.0000e+00   2.9609e+02
20240829_18:00:00   2.4718e+00   2.7367e+02   3.7766e+01   0.0000e+00   4.5771e-03   2.9669e+02
20240829_21:00:00   4.6863e+00   2.9391e+02   4.6753e+01   6.2041e-01   2.3818e-02   2.9729e+02
20240830_00:00:00   3.4239e+00   2.8315e+02   4.7098e+01   6.4561e-02   1.0531e-01   2.9822e+02
20240830_03:00:00   4.0041e+00   2.8598e+02   5.0963e+01   1.9316e-01   7.8485e-02   2.9623e+02
20240830_06:00:00   4.5941e+00   2.8744e+02   5.0006e+01   5.0196e-01   2.4784e-01   2.9656e+02
20240830_09:00:00   3.1791e+00   2.7735e+02   4.6412e+01   2.1112e-02   3.6629e-03   2.9746e+02
20240830_12:00:00   3.3520e+00   2.7875e+02   4.8940e+01   3.6001e-03   1.7857e-02   2.9550e+02
20240830_15:00:00   4.0987e+00   2.8424e+02   5.1733e+01   2.3222e-01   1.0375e-02   2.9458e+02
20240830_18:00:00   3.8508e+00   2.8309e+02   5.1427e+01   1.2599e-01   2.1785e-03   2.9485e+02
20240830_21:00:00   3.5681e+00   2.8109e+02   4.9627e+01   4.8574e-02   1.0053e-05   2.9620e+02
20240831_00:00:00   3.8649e+00   2.8297e+02   4.9509e+01   1.4653e-01   2.6968e-04   2.9771e+02
20240831_03:00:00   4.0307e+00   2.8417e+02   4.8884e+01   2.2481e-01   7.2008e-05   2.9539e+02
20240831_06:00:00   4.0799e+00   2.8510e+02   4.9984e+01   2.2799e-01   0.0000e+00   2.9654e+02
20240831_09:00:00   4.0615e+00   2.8601e+02   5.1662e+01   1.9271e-01   3.0442e-02   2.9818e+02
20240831_12:00:00   3.7204e+00   2.8550e+02   5.2097e+01   5.7975e-02   1.0923e-01   2.9987e+02
20240831_15:00:00   3.7254e+00   2.8836e+02   5.4118e+01   0.0000e+00   3.4089e-02   2.9905e+02
20240831_18:00:00   3.9502e+00   2.9072e+02   5.6197e+01   2.9888e-02   1.9224e-01   3.0154e+02
20240831_21:00:00   3.5311e+00   2.8518e+02   5.1880e+01   1.5119e-02   1.9968e-02   3.0210e+02
20240901_00:00:00   3.1334e+00   2.7971e+02   4.6517e+01   1.2263e-03   1.9855e-01   3.0425e+02
20240901_03:00:00   2.0287e+00   2.5056e+02   3.1208e+01   0.0000e+00   9.0473e-04   3.0484e+02
20240901_06:00:00   8.6713e-01   1.6797e+02   1.3056e+01   0.0000e+00   2.4704e-02   3.0908e+02
20240901_09:00:00   8.3707e-01   1.6298e+02   1.2177e+01   0.0000e+00   4.9475e-03   3.1565e+02
20240901_12:00:00   6.8006e-01   1.4164e+02   1.0064e+01   0.0000e+00   2.3359e-03   3.2140e+02
20240901_15:00:00   5.8557e-01   1.2784e+02   9.1827e+00   0.0000e+00   0.0000e+00   3.2460e+02
20240901_18:00:00   6.0491e-01   1.3148e+02   9.6109e+00   0.0000e+00   0.0000e+00   3.2962e+02
20240901_21:00:00   6.2941e-01   1.3522e+02   1.0084e+01   0.0000e+00   0.0000e+00   3.3110e+02
20240902_00:00:00   6.5369e-01   1.3827e+02   1.0257e+01   0.0000e+00   0.0000e+00   3.2521e+02
20240902_03:00:00   6.6040e-01   1.3891e+02   1.0347e+01   0.0000e+00   0.0000e+00   3.2733e+02
20240902_06:00:00   7.2490e-01   1.4806e+02   1.1243e+01   0.0000e+00   0.0000e+00   3.2595e+02
20240902_09:00:00   8.1654e-01   1.5983e+02   1.2601e+01   0.0000e+00   0.0000e+00   3.3079e+02
20240902_12:00:00   8.8665e-01   1.6813e+02   1.3770e+01   0.0000e+00   0.0000e+00   3.3165e+02
