#            date       tau255        Tb[K]      pwv[mm] lwp[kg*m^-2] iwp[kg*m^-2]       o3[DU]
20241208_18:00:00   7.2092e-01   1.4200e+02   1.0392e+01   2.5009e-03   9.2459e-04   3.2123e+02
20241208_19:00:00   8.0984e-01   1.5317e+02   1.1014e+01   2.2279e-02   5.7095e-04   3.2172e+02
20241208_20:00:00   1.1398e+00   1.8651e+02   1.1250e+01   1.5309e-01   5.4047e-04   3.1851e+02
20241208_21:00:00   1.4726e+00   2.1068e+02   1.0865e+01   3.0120e-01   1.3533e-03   3.2175e+02
20241208_22:00:00   9.9384e-01   1.7305e+02   1.0001e+01   1.2144e-01   1.7403e-03   3.1852e+02
20241208_23:00:00   8.6783e-01   1.5984e+02   9.3904e+00   8.7013e-02   5.6843e-04   3.1638e+02
20241209_00:00:00   7.5875e-01   1.4671e+02   9.1562e+00   4.9968e-02   7.6039e-04   3.2067e+02
20241209_01:00:00   1.0055e+00   1.7377e+02   9.0589e+00   1.5748e-01   8.6913e-04   3.1948e+02
20241209_02:00:00   9.8479e-01   1.7147e+02   9.0031e+00   1.5686e-01   6.9494e-04   3.1558e+02
20241209_03:00:00   7.6258e-01   1.4665e+02   9.2292e+00   6.2840e-02   4.2568e-04   3.1251e+02
20241209_04:00:00   6.0827e-01   1.2579e+02   9.5195e+00   0.0000e+00   1.0310e-06   3.0798e+02
20241209_05:00:00   6.1001e-01   1.2570e+02   9.9465e+00   0.0000e+00   8.0578e-05   3.0118e+02
20241209_06:00:00   6.2287e-01   1.2722e+02   1.0325e+01   0.0000e+00   9.1046e-04   2.9092e+02
20241209_07:00:00   5.9153e-01   1.2257e+02   9.9004e+00   0.0000e+00   2.9082e-03   2.8548e+02
20241209_08:00:00   5.9094e-01   1.2232e+02   9.9502e+00   0.0000e+00   2.1383e-02   2.8748e+02
20241209_09:00:00   6.0186e-01   1.2395e+02   1.0200e+01   0.0000e+00   5.5531e-04   2.8641e+02
20241209_10:00:00   5.9769e-01   1.2343e+02   1.0150e+01   0.0000e+00   2.2692e-03   2.9054e+02
20241209_11:00:00   6.7168e-01   1.3384e+02   1.1361e+01   0.0000e+00   1.1891e-03   2.9446e+02
20241209_12:00:00   6.9734e-01   1.3752e+02   1.1690e+01   0.0000e+00   2.7308e-03   2.9514e+02
20241209_13:00:00   7.4122e-01   1.4350e+02   1.2268e+01   0.0000e+00   2.8700e-03   2.9300e+02
20241209_14:00:00   7.1134e-01   1.3984e+02   1.1533e+01   0.0000e+00   4.8384e-03   2.9107e+02
20241209_15:00:00   6.9604e-01   1.3813e+02   1.1108e+01   0.0000e+00   2.3725e-03   2.8873e+02
20241209_16:00:00   6.1859e-01   1.2799e+02   9.6468e+00   0.0000e+00   2.9468e-03   2.8829e+02
20241209_17:00:00   6.7324e-01   1.3549e+02   1.0583e+01   0.0000e+00   1.4903e-02   2.8881e+02
20241209_18:00:00   9.1130e-01   1.6392e+02   1.4871e+01   0.0000e+00   1.0688e-01   2.8333e+02
20241209_19:00:00   1.3043e+00   1.9873e+02   1.8740e+01   5.3547e-02   3.1525e-01   2.8219e+02
20241209_20:00:00   1.5538e+00   2.1492e+02   1.9968e+01   1.1511e-01   5.1109e-01   2.8518e+02
20241209_21:00:00   2.6220e+00   2.5262e+02   2.1094e+01   5.1670e-01   7.5034e-01   2.8448e+02
20241209_22:00:00   2.5543e+00   2.5097e+02   2.1373e+01   4.7256e-01   8.9503e-01   2.8690e+02
20241209_23:00:00   2.2042e+00   2.4222e+02   2.0876e+01   3.3564e-01   1.0158e+00   2.8870e+02
20241210_00:00:00   3.0530e+00   2.6001e+02   2.0641e+01   6.9180e-01   5.8346e-01   2.9112e+02
20241210_01:00:00   4.4769e+00   2.7049e+02   2.0373e+01   1.2810e+00   2.2554e-01   2.8969e+02
20241210_02:00:00   4.2936e+00   2.7003e+02   2.1149e+01   1.1875e+00   2.0556e-01   2.8486e+02
20241210_03:00:00   5.1683e+00   2.7232e+02   2.0129e+01   1.5762e+00   3.8005e-02   2.8332e+02
20241210_04:00:00   4.6457e+00   2.7132e+02   1.9360e+01   1.3705e+00   8.9161e-03   2.8001e+02
20241210_05:00:00   4.7280e+00   2.7160e+02   1.8586e+01   1.4219e+00   2.0646e-02   2.8124e+02
20241210_06:00:00   4.1671e+00   2.6993e+02   1.7916e+01   1.2047e+00   7.4772e-03   2.8639e+02
20241210_07:00:00   3.6372e+00   2.6726e+02   1.6839e+01   1.0110e+00   1.7190e-02   2.8860e+02
20241210_08:00:00   3.7094e+00   2.6775e+02   1.6193e+01   1.0580e+00   2.7342e-02   2.8997e+02
20241210_09:00:00   3.0433e+00   2.6144e+02   1.5953e+01   7.9016e-01   3.3118e-02   2.9151e+02
20241210_10:00:00   2.4492e+00   2.5097e+02   1.5997e+01   5.4669e-01   3.9658e-02   2.9459e+02
20241210_11:00:00   2.2609e+00   2.4600e+02   1.7025e+01   4.4712e-01   3.5158e-02   2.9175e+02
20241210_12:00:00   2.2215e+00   2.4470e+02   1.7717e+01   4.1549e-01   6.1799e-02   2.9049e+02
20241210_13:00:00   2.2609e+00   2.4568e+02   1.8698e+01   4.0943e-01   2.0538e-01   2.8933e+02
20241210_14:00:00   2.1876e+00   2.4359e+02   1.8525e+01   3.8229e-01   1.6405e-01   2.9287e+02
20241210_15:00:00   2.3775e+00   2.4895e+02   1.7954e+01   4.7307e-01   7.3369e-02   2.9590e+02
20241210_16:00:00   2.4134e+00   2.4985e+02   1.7701e+01   4.9582e-01   2.7066e-02   2.9781e+02
20241210_17:00:00   2.3863e+00   2.4933e+02   1.7460e+01   4.9023e-01   9.6360e-03   2.9673e+02
20241210_18:00:00   2.0855e+00   2.4083e+02   1.7115e+01   3.7089e-01   2.4879e-03   2.9520e+02
20241210_19:00:00   2.4059e+00   2.5003e+02   1.6922e+01   5.0269e-01   2.2589e-03   2.9330e+02
20241210_20:00:00   2.9482e+00   2.6028e+02   1.6584e+01   7.3646e-01   2.2977e-03   2.8877e+02
20241210_21:00:00   3.0001e+00   2.6113e+02   1.6790e+01   7.5459e-01   3.3842e-03   2.9286e+02
20241210_22:00:00   2.7830e+00   2.5802e+02   1.7214e+01   6.5628e-01   3.1355e-03   2.9629e+02
20241210_23:00:00   2.5887e+00   2.5466e+02   1.7827e+01   5.6001e-01   5.0088e-03   3.0237e+02
20241211_00:00:00   2.2102e+00   2.4562e+02   1.8195e+01   3.9297e-01   1.2854e-03   3.0575e+02
20241211_01:00:00   2.7099e+00   2.5771e+02   1.9350e+01   5.5932e-01   4.5743e-04   3.0752e+02
20241211_02:00:00   3.2938e+00   2.6617e+02   2.1245e+01   7.4063e-01   1.5416e-04   3.0633e+02
20241211_03:00:00   3.0313e+00   2.6365e+02   2.1902e+01   6.1418e-01   3.3960e-03   2.9780e+02
20241211_04:00:00   3.4931e+00   2.6906e+02   2.3827e+01   7.5000e-01   3.3902e-02   2.9849e+02
20241211_05:00:00   2.9480e+00   2.6342e+02   2.5811e+01   4.7608e-01   1.1216e-01   3.0191e+02
20241211_06:00:00   3.2844e+00   2.6793e+02   2.6930e+01   5.8596e-01   6.9923e-02   3.0309e+02
20241211_07:00:00   4.2266e+00   2.7499e+02   2.7773e+01   9.3253e-01   6.2183e-02   3.0620e+02
20241211_08:00:00   4.1068e+00   2.7572e+02   2.9421e+01   8.1610e-01   6.1768e-01   3.0170e+02
20241211_09:00:00   4.3877e+00   2.7720e+02   3.0503e+01   9.1619e-01   8.0829e-01   3.0253e+02
20241211_10:00:00   4.8185e+00   2.7864e+02   3.1802e+01   1.0649e+00   6.8975e-01   3.0005e+02
20241211_11:00:00   4.0307e+00   2.7610e+02   3.1889e+01   7.3863e-01   9.4815e-01   3.0122e+02
20241211_12:00:00   4.0158e+00   2.7691e+02   3.2781e+01   6.9179e-01   5.3500e-01   3.0326e+02
20241211_13:00:00   4.7203e+00   2.7985e+02   3.2797e+01   9.8061e-01   5.9790e-01   3.0453e+02
20241211_14:00:00   3.7568e+00   2.7596e+02   3.2771e+01   5.8776e-01   3.9399e-01   3.0386e+02
20241211_15:00:00   3.6042e+00   2.7482e+02   3.2293e+01   5.5108e-01   4.2029e-01   3.0632e+02
20241211_16:00:00   4.9800e+00   2.8064e+02   3.3178e+01   1.0917e+00   5.0276e-01   3.0374e+02
20241211_17:00:00   3.0412e+00   2.6968e+02   3.3075e+01   3.0745e-01   6.2772e-01   3.0117e+02
20241211_18:00:00   3.1027e+00   2.7088e+02   3.3919e+01   3.0444e-01   5.0867e-01   3.0122e+02
20241211_19:00:00   2.6837e+00   2.6467e+02   3.3510e+01   1.5029e-01   2.4165e-01   3.0099e+02
20241211_20:00:00   4.2773e+00   2.7999e+02   3.5105e+01   7.3741e-01   1.0238e+00   2.9431e+02
20241211_21:00:00   4.3321e+00   2.8109e+02   3.5841e+01   7.3146e-01   6.1759e-01   2.9163e+02
20241211_22:00:00   5.0723e+00   2.8297e+02   3.6411e+01   1.0269e+00   6.1049e-01   2.9216e+02
20241211_23:00:00   3.8458e+00   2.7932e+02   3.5354e+01   5.4954e-01   2.9818e-01   2.8917e+02
20241212_00:00:00   4.1303e+00   2.8109e+02   3.6139e+01   6.3085e-01   3.9956e-01   2.9299e+02
20241212_01:00:00   3.8735e+00   2.7918e+02   3.6052e+01   5.5145e-01   6.3368e-01   2.9841e+02
20241212_02:00:00   5.2090e+00   2.8302e+02   3.6126e+01   1.1077e+00   7.4686e-01   3.0224e+02
20241212_03:00:00   5.8644e+00   2.8420e+02   3.6746e+01   1.3373e+00   8.3896e-01   3.0440e+02
20241212_04:00:00   2.8707e+00   2.6442e+02   3.0636e+01   3.3678e-01   8.9368e-01   3.1896e+02
20241212_05:00:00   3.4109e+00   2.7090e+02   2.1277e+01   7.7134e-01   2.2543e-01   3.3468e+02
20241212_06:00:00   1.2769e+00   1.9933e+02   1.3748e+01   1.3319e-01   4.0650e-02   3.4213e+02
20241212_07:00:00   6.6018e-01   1.3420e+02   9.3892e+00   0.0000e+00   7.3675e-06   3.4876e+02
20241212_08:00:00   6.0333e-01   1.2557e+02   8.3931e+00   0.0000e+00   8.9118e-06   3.5114e+02
20241212_09:00:00   5.5052e-01   1.1737e+02   7.5538e+00   2.8095e-04   6.0454e-05   3.5426e+02
20241212_10:00:00   4.9894e-01   1.0895e+02   6.7771e+00   3.2170e-04   2.3339e-04   3.5665e+02
20241212_11:00:00   4.4108e-01   9.9112e+01   5.9736e+00   0.0000e+00   1.2801e-05   3.7198e+02
20241212_12:00:00   3.6453e-01   8.5296e+01   4.9535e+00   0.0000e+00   1.7693e-06   3.7648e+02
20241212_13:00:00   3.2794e-01   7.8268e+01   4.4281e+00   0.0000e+00   1.9519e-06   3.7354e+02
20241212_14:00:00   3.7303e-01   8.6509e+01   4.9476e+00   0.0000e+00   1.6792e-04   3.7401e+02
20241212_15:00:00   3.4217e-01   8.0846e+01   4.4903e+00   2.3100e-07   1.7938e-05   3.7149e+02
20241212_16:00:00   3.6324e-01   8.4545e+01   4.7777e+00   2.4060e-04   5.8534e-04   3.6664e+02
20241212_17:00:00   3.7467e-01   8.6292e+01   4.9261e+00   3.9400e-03   3.4555e-03   3.5738e+02
20241212_18:00:00   3.7070e-01   8.5402e+01   4.8679e+00   5.0060e-03   2.2613e-03   3.5612e+02
20241212_19:00:00   3.1446e-01   7.5026e+01   4.1409e+00   8.3160e-06   1.3392e-04   3.6417e+02
20241212_20:00:00   2.9753e-01   7.1701e+01   3.9568e+00   0.0000e+00   4.0780e-06   3.6748e+02
20241212_21:00:00   3.0815e-01   7.3650e+01   4.0890e+00   0.0000e+00   5.5268e-06   3.7038e+02
20241212_22:00:00   3.1369e-01   7.4587e+01   4.1366e+00   0.0000e+00   1.2413e-05   3.6689e+02
20241212_23:00:00   3.2902e-01   7.7300e+01   4.3201e+00   0.0000e+00   1.2235e-03   3.6794e+02
20241213_00:00:00   3.2819e-01   7.7078e+01   4.2638e+00   0.0000e+00   1.2368e-04   3.6994e+02
20241213_01:00:00   2.7863e-01   6.7417e+01   3.6068e+00   0.0000e+00   4.8167e-05   3.6687e+02
20241213_02:00:00   2.2475e-01   5.6544e+01   2.8609e+00   0.0000e+00   2.0560e-06   3.6738e+02
20241213_03:00:00   2.0256e-01   5.1911e+01   2.5412e+00   0.0000e+00   0.0000e+00   3.6825e+02
20241213_04:00:00   2.1185e-01   5.3779e+01   2.6520e+00   0.0000e+00   2.0221e-06   3.7346e+02
20241213_05:00:00   2.2101e-01   5.5636e+01   2.7770e+00   0.0000e+00   2.1492e-06   3.8123e+02
20241213_06:00:00   2.0820e-01   5.3126e+01   2.5674e+00   0.0000e+00   0.0000e+00   3.7994e+02
20241213_07:00:00   2.0536e-01   5.2607e+01   2.5296e+00   0.0000e+00   0.0000e+00   3.7945e+02
20241213_08:00:00   2.0356e-01   5.2273e+01   2.5282e+00   0.0000e+00   0.0000e+00   3.6987e+02
20241213_09:00:00   2.0159e-01   5.1867e+01   2.5261e+00   0.0000e+00   0.0000e+00   3.6348e+02
20241213_10:00:00   2.0936e-01   5.3520e+01   2.6732e+00   0.0000e+00   7.2420e-07   3.6328e+02
20241213_11:00:00   2.1097e-01   5.3856e+01   2.7495e+00   0.0000e+00   1.2070e-06   3.6328e+02
20241213_12:00:00   2.2518e-01   5.6808e+01   3.0139e+00   0.0000e+00   1.2070e-06   3.6676e+02
20241213_13:00:00   2.3265e-01   5.8370e+01   3.1973e+00   0.0000e+00   0.0000e+00   3.6779e+02
20241213_14:00:00   2.4234e-01   6.0373e+01   3.4357e+00   0.0000e+00   0.0000e+00   3.6450e+02
20241213_15:00:00   2.6151e-01   6.4238e+01   3.8228e+00   0.0000e+00   0.0000e+00   3.6275e+02
20241213_16:00:00   2.9224e-01   7.0252e+01   4.4028e+00   0.0000e+00   9.8220e-06   3.6039e+02
20241213_17:00:00   3.1373e-01   7.4429e+01   4.8616e+00   0.0000e+00   2.2040e-05   3.5313e+02
20241213_18:00:00   3.3410e-01   7.8358e+01   5.2692e+00   0.0000e+00   1.0746e-05   3.4066e+02
20241213_21:00:00   4.3223e-01   9.6012e+01   6.9917e+00   0.0000e+00   9.7543e-04   3.3207e+02
20241214_00:00:00   3.6006e-01   8.3920e+01   5.4490e+00   0.0000e+00   3.4230e-03   3.2724e+02
20241214_03:00:00   4.7512e-01   1.0317e+02   7.8280e+00   0.0000e+00   6.3840e-03   3.2423e+02
20241214_06:00:00   4.4186e-01   9.7932e+01   7.3339e+00   0.0000e+00   6.7120e-03   3.1394e+02
20241214_09:00:00   4.4658e-01   9.8764e+01   7.4965e+00   0.0000e+00   4.1017e-02   3.0381e+02
20241214_12:00:00   4.7184e-01   1.0300e+02   7.9971e+00   0.0000e+00   3.2186e-02   3.0720e+02
20241214_15:00:00   5.1681e-01   1.1033e+02   8.6687e+00   0.0000e+00   8.2596e-03   3.0246e+02
20241214_18:00:00   6.0241e-01   1.2362e+02   9.9500e+00   0.0000e+00   1.0156e-02   2.9747e+02
20241214_21:00:00   7.3368e-01   1.4166e+02   1.1942e+01   0.0000e+00   6.3994e-02   2.9995e+02
20241215_00:00:00   8.5931e-01   1.5700e+02   1.3777e+01   0.0000e+00   1.5058e-01   3.0277e+02
20241215_03:00:00   9.5206e-01   1.6718e+02   1.4841e+01   0.0000e+00   2.5740e-01   3.0592e+02
20241215_06:00:00   9.7301e-01   1.6966e+02   1.5059e+01   4.8280e-06   2.8414e-01   3.1204e+02
20241215_09:00:00   1.1050e+00   1.8262e+02   1.5612e+01   3.3207e-02   3.2097e-01   3.1774e+02
20241215_12:00:00   1.4580e+00   2.0993e+02   1.7539e+01   1.1562e-01   3.4827e-01   3.2185e+02
20241215_15:00:00   1.6618e+00   2.2244e+02   1.7718e+01   1.8734e-01   9.2079e-03   3.2574e+02
20241215_18:00:00   2.1281e+00   2.4233e+02   1.9540e+01   3.2483e-01   2.2303e-01   3.2784e+02
20241215_21:00:00   1.8123e+00   2.3005e+02   2.1377e+01   1.4077e-01   4.4291e-01   3.3448e+02
20241216_00:00:00   2.0568e+00   2.4026e+02   2.1201e+01   2.4590e-01   3.9062e-01   3.2550e+02
20241216_03:00:00   2.2259e+00   2.4583e+02   2.0730e+01   3.2285e-01   2.5901e-01   3.1686e+02
20241216_06:00:00   1.5655e+00   2.1814e+02   1.6824e+01   1.4815e-01   6.2858e-06   3.0232e+02
20241216_09:00:00   1.4414e+00   2.1027e+02   1.5279e+01   1.4348e-01   2.1778e-05   3.0191e+02
20241216_12:00:00   1.0694e+00   1.8135e+02   1.3679e+01   3.6310e-02   1.5365e-04   2.9418e+02
20241216_15:00:00   1.1345e+00   1.8752e+02   1.2456e+01   1.0088e-01   1.1050e-05   2.9741e+02
20241216_18:00:00   8.8592e-01   1.6315e+02   1.2469e+01   4.8849e-03   7.4069e-04   3.0137e+02
20241216_21:00:00   8.3364e-01   1.5741e+02   1.1887e+01   2.0500e-03   4.6606e-04   3.0174e+02
20241217_00:00:00   8.4454e-01   1.5854e+02   1.2024e+01   1.4222e-03   8.3756e-04   2.9910e+02
20241217_03:00:00   9.5223e-01   1.6978e+02   1.3458e+01   1.4457e-02   2.5359e-03   2.9428e+02
20241217_06:00:00   1.1499e+00   1.8775e+02   1.5764e+01   5.1855e-02   6.0106e-03   2.8595e+02
20241217_09:00:00   1.0972e+00   1.8323e+02   1.5577e+01   3.4767e-02   1.8651e-02   2.8327e+02
20241217_12:00:00   1.3455e+00   2.0302e+02   1.6403e+01   1.1110e-01   6.7398e-03   2.8803e+02
20241217_15:00:00   1.5169e+00   2.1426e+02   1.6794e+01   1.7494e-01   5.8904e-02   2.8754e+02
20241217_18:00:00   1.3603e+00   2.0493e+02   1.8235e+01   6.3836e-02   3.3054e-01   2.9173e+02
20241217_21:00:00   1.2964e+00   2.0174e+02   1.5481e+01   9.5284e-02   1.5187e-01   2.9684e+02
20241218_00:00:00   2.6269e+00   2.5797e+02   1.7194e+01   5.6957e-01   7.8424e-02   3.0768e+02
20241218_03:00:00   3.6325e+00   2.7137e+02   2.0410e+01   8.9170e-01   1.4690e-02   3.0268e+02
20241218_06:00:00   3.4448e+00   2.7048e+02   2.5350e+01   6.8709e-01   2.9571e-02   2.9859e+02
20241218_09:00:00   4.3718e+00   2.7587e+02   2.4512e+01   1.0816e+00   6.7043e-02   3.0058e+02
20241218_12:00:00   2.2920e+00   2.4951e+02   2.1995e+01   3.1599e-01   2.3114e-01   3.0130e+02
20241218_15:00:00   2.6966e+00   2.5796e+02   2.1762e+01   5.0022e-01   3.5940e-01   3.0100e+02
20241218_18:00:00   3.0693e+00   2.6269e+02   2.1199e+01   6.7836e-01   3.8363e-01   3.0864e+02
20241218_21:00:00   3.3729e+00   2.6548e+02   2.1059e+01   8.0866e-01   1.1413e-01   3.2375e+02
20241219_00:00:00   1.5399e+00   2.1517e+02   1.7252e+01   1.6896e-01   1.4075e-01   3.3671e+02
20241219_03:00:00   6.0414e-01   1.2585e+02   8.8023e+00   0.0000e+00   6.3527e-03   3.4313e+02
20241219_06:00:00   4.9398e-01   1.0843e+02   7.2435e+00   0.0000e+00   6.3122e-06   3.3779e+02
20241219_09:00:00   3.4127e-01   8.2019e+01   4.6222e+00   0.0000e+00   1.0198e-06   3.2047e+02
20241219_12:00:00   3.0656e-01   7.4830e+01   4.3358e+00   0.0000e+00   1.9438e-06   3.1449e+02
20241219_15:00:00   3.6999e-01   8.6498e+01   5.5920e+00   0.0000e+00   2.0056e-05   3.1552e+02
20241219_18:00:00   4.1908e-01   9.5312e+01   6.5761e+00   0.0000e+00   4.9884e-05   3.0806e+02
20241219_21:00:00   4.6716e-01   1.0359e+02   7.4674e+00   0.0000e+00   1.4615e-02   3.0959e+02
20241220_00:00:00   5.6367e-01   1.1894e+02   9.0821e+00   0.0000e+00   3.2345e-03   3.1009e+02
20241220_03:00:00   7.0710e-01   1.3888e+02   1.1666e+01   0.0000e+00   6.2174e-03   3.1026e+02
20241220_06:00:00   7.9408e-01   1.4993e+02   1.3032e+01   0.0000e+00   5.5722e-02   3.0871e+02
20241220_09:00:00   8.1277e-01   1.5270e+02   1.2933e+01   0.0000e+00   3.5494e-02   3.0985e+02
20241220_12:00:00   9.9421e-01   1.7276e+02   1.5470e+01   0.0000e+00   1.7989e-01   3.1445e+02
20241220_15:00:00   1.1344e+00   1.8637e+02   1.7264e+01   2.4140e-05   1.9328e-01   3.1114e+02
20241220_18:00:00   1.0642e+00   1.8025e+02   1.6281e+01   0.0000e+00   3.0907e-01   3.1254e+02
20241220_21:00:00   1.1009e+00   1.8399e+02   1.6225e+01   2.8680e-03   1.2351e-02   3.2047e+02
20241221_00:00:00   1.5232e+00   2.1491e+02   1.5333e+01   1.8886e-01   2.0635e-04   3.2136e+02
20241221_03:00:00   2.1495e+00   2.4134e+02   1.3061e+01   5.1589e-01   1.0436e-02   3.2732e+02
20241221_06:00:00   5.6317e-01   1.1826e+02   8.1509e+00   5.0240e-06   6.5213e-05   3.3100e+02
20241221_09:00:00   3.1667e-01   7.5782e+01   4.2750e+00   0.0000e+00   8.7430e-04   3.3149e+02
20241221_12:00:00   2.6481e-01   6.4894e+01   3.6378e+00   0.0000e+00   2.3719e-04   3.5485e+02
20241221_15:00:00   2.4402e-01   6.1041e+01   3.0691e+00   0.0000e+00   4.3457e-06   3.5696e+02
20241221_18:00:00   2.4594e-01   6.1268e+01   3.1005e+00   0.0000e+00   3.9280e-06   3.6351e+02
20241221_21:00:00   2.4466e-01   6.0870e+01   3.0347e+00   0.0000e+00   2.1140e-06   3.5633e+02
20241222_00:00:00   2.1763e-01   5.5236e+01   2.7497e+00   0.0000e+00   3.7597e-06   3.2759e+02
20241222_03:00:00   2.6149e-01   6.3800e+01   3.7594e+00   0.0000e+00   1.0783e-04   3.1160e+02
20241222_06:00:00   2.6886e-01   6.5276e+01   4.1269e+00   0.0000e+00   2.8971e-06   3.0588e+02
20241222_09:00:00   3.1045e-01   7.3396e+01   5.1685e+00   0.0000e+00   5.0560e-07   3.0230e+02
20241222_12:00:00   3.4892e-01   8.0880e+01   5.9357e+00   0.0000e+00   0.0000e+00   3.0021e+02
20241222_15:00:00   4.6762e-01   1.0181e+02   7.9924e+00   0.0000e+00   0.0000e+00   2.9776e+02
20241222_18:00:00   5.7019e-01   1.1834e+02   9.6421e+00   0.0000e+00   2.2475e-05   2.9704e+02
20241222_21:00:00   6.2611e-01   1.2691e+02   1.0511e+01   0.0000e+00   2.4769e-02   2.9760e+02
20241223_00:00:00   4.5919e-01   1.0276e+02   7.0604e+00   0.0000e+00   0.0000e+00   3.0096e+02
20241223_03:00:00   4.7677e-01   1.0597e+02   7.3933e+00   0.0000e+00   0.0000e+00   2.9711e+02
20241223_06:00:00   4.7980e-01   1.0696e+02   7.4256e+00   0.0000e+00   0.0000e+00   3.0718e+02
20241223_09:00:00   4.9326e-01   1.0939e+02   7.6406e+00   0.0000e+00   0.0000e+00   3.0380e+02
20241223_12:00:00   5.5319e-01   1.1898e+02   8.8118e+00   0.0000e+00   1.1134e-04   3.1032e+02
20241223_15:00:00   6.1172e-01   1.2798e+02   9.9723e+00   0.0000e+00   5.2840e-05   3.1131e+02
20241223_18:00:00   6.2737e-01   1.3080e+02   1.0250e+01   0.0000e+00   0.0000e+00   3.0853e+02
20241223_21:00:00   6.2011e-01   1.3006e+02   1.0136e+01   0.0000e+00   0.0000e+00   3.0304e+02
20241224_00:00:00   5.5990e-01   1.2130e+02   8.9917e+00   0.0000e+00   0.0000e+00   3.0199e+02
20241224_03:00:00   5.6211e-01   1.2158e+02   8.9391e+00   0.0000e+00   1.2118e-03   2.9873e+02
20241224_06:00:00   7.7868e-01   1.5175e+02   1.1823e+01   0.0000e+00   3.8768e-03   2.9361e+02
20241224_09:00:00   1.0580e+00   1.8186e+02   1.6194e+01   0.0000e+00   1.7674e-02   2.9538e+02
20241224_12:00:00   1.0140e+00   1.7799e+02   1.5310e+01   0.0000e+00   6.8706e-04   2.9275e+02
20241224_15:00:00   1.6270e+00   2.2424e+02   1.7517e+01   1.7074e-01   4.0338e-03   2.8779e+02
20241224_18:00:00   1.6098e+00   2.2424e+02   1.9701e+01   9.6768e-02   5.4817e-04   2.9108e+02
