#            date       tau255        Tb[K]      pwv[mm] lwp[kg*m^-2] iwp[kg*m^-2]       o3[DU]
20251001_06:00:00   6.9185e-01   1.4245e+02   1.0474e+01   0.0000e+00   0.0000e+00   2.6904e+02
20251001_07:00:00   7.0070e-01   1.4338e+02   1.0556e+01   0.0000e+00   0.0000e+00   2.6896e+02
20251001_08:00:00   6.7087e-01   1.3903e+02   1.0139e+01   0.0000e+00   0.0000e+00   2.6915e+02
20251001_09:00:00   6.4545e-01   1.3524e+02   9.8094e+00   0.0000e+00   0.0000e+00   2.7034e+02
20251001_10:00:00   6.4682e-01   1.3531e+02   9.8735e+00   0.0000e+00   0.0000e+00   2.7241e+02
20251001_11:00:00   6.6866e-01   1.3822e+02   1.0229e+01   0.0000e+00   0.0000e+00   2.7300e+02
20251001_12:00:00   6.8108e-01   1.3983e+02   1.0408e+01   0.0000e+00   0.0000e+00   2.7292e+02
20251001_13:00:00   6.7838e-01   1.3957e+02   1.0315e+01   0.0000e+00   0.0000e+00   2.7340e+02
20251001_14:00:00   6.7035e-01   1.3863e+02   1.0290e+01   0.0000e+00   0.0000e+00   2.7372e+02
20251001_15:00:00   6.9897e-01   1.4263e+02   1.0890e+01   0.0000e+00   0.0000e+00   2.7305e+02
20251001_16:00:00   7.0363e-01   1.4351e+02   1.1077e+01   0.0000e+00   0.0000e+00   2.7207e+02
20251001_17:00:00   6.8180e-01   1.4083e+02   1.0825e+01   0.0000e+00   0.0000e+00   2.7194e+02
20251001_18:00:00   6.7945e-01   1.4070e+02   1.0793e+01   0.0000e+00   0.0000e+00   2.7139e+02
20251001_19:00:00   7.0479e-01   1.4429e+02   1.1018e+01   0.0000e+00   0.0000e+00   2.7157e+02
20251001_20:00:00   7.1699e-01   1.4601e+02   1.1017e+01   0.0000e+00   0.0000e+00   2.7087e+02
20251001_21:00:00   7.2743e-01   1.4734e+02   1.1131e+01   0.0000e+00   0.0000e+00   2.6888e+02
20251001_22:00:00   7.4028e-01   1.4887e+02   1.1214e+01   0.0000e+00   0.0000e+00   2.6809e+02
20251001_23:00:00   7.3433e-01   1.4751e+02   1.0821e+01   0.0000e+00   0.0000e+00   2.6871e+02
20251002_00:00:00   6.7699e-01   1.3941e+02   1.0075e+01   0.0000e+00   0.0000e+00   2.6874e+02
20251002_01:00:00   6.5637e-01   1.3634e+02   9.8532e+00   0.0000e+00   0.0000e+00   2.6965e+02
20251002_02:00:00   6.1825e-01   1.3075e+02   9.3089e+00   0.0000e+00   0.0000e+00   2.7172e+02
20251002_03:00:00   5.6763e-01   1.2299e+02   8.5962e+00   0.0000e+00   0.0000e+00   2.7019e+02
20251002_04:00:00   5.5504e-01   1.2089e+02   8.4391e+00   0.0000e+00   0.0000e+00   2.6795e+02
20251002_05:00:00   5.4932e-01   1.1983e+02   8.4735e+00   0.0000e+00   0.0000e+00   2.6744e+02
20251002_06:00:00   5.7748e-01   1.2409e+02   8.9052e+00   0.0000e+00   0.0000e+00   2.6367e+02
20251002_07:00:00   5.7709e-01   1.2402e+02   8.8770e+00   0.0000e+00   0.0000e+00   2.6300e+02
20251002_08:00:00   5.7804e-01   1.2408e+02   8.9858e+00   0.0000e+00   0.0000e+00   2.6224e+02
20251002_09:00:00   5.5939e-01   1.2121e+02   8.7761e+00   0.0000e+00   0.0000e+00   2.6045e+02
20251002_10:00:00   5.5590e-01   1.2069e+02   8.7725e+00   0.0000e+00   0.0000e+00   2.5911e+02
20251002_11:00:00   5.5957e-01   1.2121e+02   8.8026e+00   0.0000e+00   0.0000e+00   2.5732e+02
20251002_12:00:00   5.6007e-01   1.2124e+02   8.8147e+00   0.0000e+00   0.0000e+00   2.5690e+02
20251002_13:00:00   5.5965e-01   1.2131e+02   8.8370e+00   0.0000e+00   0.0000e+00   2.5735e+02
20251002_14:00:00   5.6373e-01   1.2217e+02   8.9715e+00   0.0000e+00   0.0000e+00   2.5661e+02
20251002_15:00:00   5.7623e-01   1.2428e+02   9.2125e+00   0.0000e+00   0.0000e+00   2.5693e+02
20251002_16:00:00   5.6631e-01   1.2307e+02   9.1196e+00   0.0000e+00   0.0000e+00   2.5690e+02
20251002_17:00:00   5.6799e-01   1.2361e+02   9.1931e+00   0.0000e+00   0.0000e+00   2.5577e+02
20251002_18:00:00   6.0241e-01   1.2896e+02   9.7823e+00   0.0000e+00   2.9060e-04   2.5482e+02
20251002_19:00:00   6.3153e-01   1.3337e+02   1.0298e+01   0.0000e+00   4.1898e-03   2.5491e+02
20251002_20:00:00   6.4757e-01   1.3577e+02   1.0632e+01   0.0000e+00   4.7161e-03   2.5527e+02
20251002_21:00:00   6.5351e-01   1.3661e+02   1.0837e+01   0.0000e+00   3.6892e-03   2.5506e+02
20251002_22:00:00   6.6399e-01   1.3812e+02   1.1035e+01   0.0000e+00   3.4299e-03   2.5576e+02
20251002_23:00:00   6.9212e-01   1.4186e+02   1.1513e+01   0.0000e+00   5.3777e-03   2.5654e+02
20251003_00:00:00   6.9464e-01   1.4224e+02   1.1479e+01   0.0000e+00   6.7780e-03   2.5582e+02
20251003_01:00:00   7.0193e-01   1.4319e+02   1.1662e+01   0.0000e+00   1.5071e-04   2.5576e+02
20251003_02:00:00   7.1495e-01   1.4482e+02   1.1956e+01   0.0000e+00   1.9396e-05   2.5501e+02
20251003_03:00:00   7.2567e-01   1.4621e+02   1.2095e+01   0.0000e+00   2.3197e-05   2.5542e+02
20251003_04:00:00   7.6091e-01   1.5072e+02   1.2708e+01   0.0000e+00   6.8520e-07   2.5367e+02
20251003_05:00:00   7.9491e-01   1.5499e+02   1.3233e+01   0.0000e+00   1.0278e-04   2.5512e+02
20251003_06:00:00   8.0617e-01   1.5629e+02   1.3542e+01   0.0000e+00   2.5824e-03   2.5675e+02
20251003_07:00:00   8.0740e-01   1.5634e+02   1.3717e+01   0.0000e+00   4.6854e-03   2.5579e+02
20251003_08:00:00   7.9366e-01   1.5456e+02   1.3598e+01   0.0000e+00   5.7319e-03   2.5483e+02
20251003_09:00:00   7.6781e-01   1.5134e+02   1.3202e+01   0.0000e+00   7.2466e-04   2.5592e+02
20251003_10:00:00   7.7623e-01   1.5253e+02   1.3310e+01   0.0000e+00   1.9931e-03   2.5683e+02
20251003_11:00:00   7.9020e-01   1.5456e+02   1.3422e+01   0.0000e+00   1.7717e-03   2.5758e+02
20251003_12:00:00   8.0572e-01   1.5659e+02   1.3646e+01   0.0000e+00   1.9433e-03   2.5912e+02
20251003_13:00:00   8.1592e-01   1.5797e+02   1.3824e+01   0.0000e+00   3.9199e-03   2.6206e+02
20251003_14:00:00   8.3806e-01   1.6101e+02   1.4067e+01   0.0000e+00   4.2202e-03   2.6555e+02
20251003_15:00:00   8.5584e-01   1.6350e+02   1.4293e+01   0.0000e+00   8.5995e-03   2.6795e+02
20251003_16:00:00   8.8192e-01   1.6691e+02   1.4679e+01   0.0000e+00   3.0672e-03   2.6765e+02
20251003_17:00:00   8.9462e-01   1.6886e+02   1.4892e+01   0.0000e+00   9.1520e-04   2.6652e+02
20251003_18:00:00   8.9529e-01   1.6942e+02   1.4906e+01   0.0000e+00   5.5175e-04   2.6667e+02
20251003_19:00:00   9.2487e-01   1.7308e+02   1.5321e+01   0.0000e+00   6.6980e-05   2.6849e+02
20251003_20:00:00   9.5234e-01   1.7630e+02   1.5726e+01   0.0000e+00   2.3100e-07   2.7048e+02
20251003_21:00:00   9.8153e-01   1.7952e+02   1.6220e+01   0.0000e+00   0.0000e+00   2.6708e+02
20251003_22:00:00   1.0033e+00   1.8189e+02   1.6536e+01   0.0000e+00   0.0000e+00   2.6697e+02
20251003_23:00:00   1.0263e+00   1.8428e+02   1.6847e+01   0.0000e+00   0.0000e+00   2.6806e+02
20251004_00:00:00   1.0508e+00   1.8657e+02   1.7253e+01   0.0000e+00   0.0000e+00   2.6749e+02
20251004_01:00:00   1.0751e+00   1.8884e+02   1.7675e+01   0.0000e+00   0.0000e+00   2.6685e+02
20251004_02:00:00   1.1410e+00   1.9496e+02   1.8625e+01   0.0000e+00   0.0000e+00   2.6628e+02
20251004_03:00:00   1.2057e+00   2.0058e+02   1.9550e+01   0.0000e+00   0.0000e+00   2.6565e+02
20251004_04:00:00   1.2308e+00   2.0263e+02   1.9906e+01   0.0000e+00   0.0000e+00   2.6515e+02
20251004_05:00:00   1.2272e+00   2.0235e+02   1.9860e+01   0.0000e+00   0.0000e+00   2.6504e+02
20251004_06:00:00   1.2057e+00   2.0060e+02   1.9553e+01   0.0000e+00   0.0000e+00   2.6468e+02
20251004_07:00:00   1.1691e+00   1.9751e+02   1.9004e+01   0.0000e+00   0.0000e+00   2.6357e+02
20251004_08:00:00   1.1238e+00   1.9344e+02   1.8362e+01   0.0000e+00   0.0000e+00   2.6392e+02
20251004_09:00:00   1.0769e+00   1.8904e+02   1.7717e+01   0.0000e+00   7.2740e-04   2.6409e+02
20251004_10:00:00   1.0571e+00   1.8696e+02   1.7507e+01   0.0000e+00   6.5253e-04   2.6519e+02
20251004_11:00:00   1.0553e+00   1.8671e+02   1.7521e+01   0.0000e+00   7.4740e-05   2.6665e+02
20251004_12:00:00   1.0678e+00   1.8787e+02   1.7789e+01   0.0000e+00   0.0000e+00   2.6730e+02
20251004_13:00:00   1.0988e+00   1.9096e+02   1.8345e+01   0.0000e+00   0.0000e+00   2.6880e+02
20251004_14:00:00   1.1934e+00   1.9973e+02   1.9759e+01   0.0000e+00   0.0000e+00   2.7053e+02
20251004_15:00:00   1.2982e+00   2.0863e+02   2.1414e+01   0.0000e+00   9.0850e-07   2.7364e+02
20251004_16:00:00   1.4165e+00   2.1765e+02   2.3247e+01   0.0000e+00   8.9640e-05   2.7558e+02
20251004_17:00:00   1.5245e+00   2.2515e+02   2.4760e+01   0.0000e+00   1.9712e-04   2.7503e+02
20251004_18:00:00   1.6006e+00   2.3007e+02   2.5800e+01   0.0000e+00   1.9046e-03   2.7514e+02
20251004_19:00:00   1.6718e+00   2.3433e+02   2.6857e+01   0.0000e+00   3.7849e-03   2.7582e+02
20251004_20:00:00   1.7084e+00   2.3653e+02   2.7317e+01   0.0000e+00   6.2320e-03   2.7584e+02
20251004_21:00:00   1.7306e+00   2.3779e+02   2.7473e+01   0.0000e+00   1.2764e-02   2.7613e+02
20251004_22:00:00   1.7619e+00   2.3941e+02   2.7776e+01   0.0000e+00   1.5022e-02   2.7659e+02
20251004_23:00:00   1.7702e+00   2.3980e+02   2.7771e+01   0.0000e+00   1.1776e-02   2.7906e+02
20251005_00:00:00   1.7610e+00   2.3931e+02   2.7509e+01   0.0000e+00   8.1039e-03   2.8037e+02
20251005_01:00:00   1.7484e+00   2.3862e+02   2.7295e+01   0.0000e+00   3.3689e-03   2.8072e+02
20251005_02:00:00   1.7415e+00   2.3819e+02   2.7220e+01   0.0000e+00   8.0356e-04   2.8055e+02
20251005_03:00:00   1.7528e+00   2.3861e+02   2.7391e+01   0.0000e+00   2.8718e-05   2.8062e+02
20251005_04:00:00   1.7466e+00   2.3825e+02   2.7369e+01   0.0000e+00   0.0000e+00   2.8009e+02
20251005_05:00:00   1.7585e+00   2.3870e+02   2.7552e+01   0.0000e+00   0.0000e+00   2.8048e+02
20251005_06:00:00   1.7540e+00   2.3840e+02   2.7460e+01   0.0000e+00   0.0000e+00   2.8091e+02
20251005_07:00:00   1.7500e+00   2.3809e+02   2.7359e+01   0.0000e+00   0.0000e+00   2.7976e+02
20251005_08:00:00   1.7397e+00   2.3752e+02   2.7156e+01   0.0000e+00   0.0000e+00   2.7893e+02
20251005_09:00:00   1.7284e+00   2.3697e+02   2.6916e+01   0.0000e+00   2.0220e-05   2.7919e+02
20251005_10:00:00   1.7076e+00   2.3594e+02   2.6541e+01   0.0000e+00   1.4940e-05   2.7936e+02
20251005_11:00:00   1.6861e+00   2.3490e+02   2.6172e+01   0.0000e+00   0.0000e+00   2.7916e+02
20251005_12:00:00   1.6604e+00   2.3360e+02   2.5746e+01   0.0000e+00   0.0000e+00   2.7946e+02
20251005_13:00:00   1.6410e+00   2.3265e+02   2.5475e+01   0.0000e+00   1.5393e-05   2.8009e+02
20251005_14:00:00   1.6227e+00   2.3206e+02   2.5242e+01   0.0000e+00   1.5621e-05   2.7982e+02
20251005_15:00:00   1.6066e+00   2.3161e+02   2.5114e+01   0.0000e+00   2.0440e-06   2.8081e+02
20251005_16:00:00   1.5943e+00   2.3137e+02   2.5083e+01   0.0000e+00   5.2380e-05   2.8119e+02
20251005_17:00:00   1.5943e+00   2.3184e+02   2.5141e+01   0.0000e+00   4.5800e-07   2.8212e+02
20251005_18:00:00   1.5821e+00   2.3157e+02   2.5040e+01   0.0000e+00   0.0000e+00   2.8181e+02
20251005_19:00:00   1.6020e+00   2.3307e+02   2.5208e+01   0.0000e+00   0.0000e+00   2.8340e+02
20251005_20:00:00   1.6042e+00   2.3343e+02   2.5108e+01   0.0000e+00   0.0000e+00   2.8140e+02
20251005_21:00:00   1.5720e+00   2.3162e+02   2.4545e+01   0.0000e+00   0.0000e+00   2.8132e+02
20251005_22:00:00   1.5011e+00   2.2715e+02   2.3464e+01   0.0000e+00   0.0000e+00   2.8296e+02
20251005_23:00:00   1.3937e+00   2.1972e+02   2.1953e+01   0.0000e+00   0.0000e+00   2.8359e+02
20251006_00:00:00   1.3122e+00   2.1349e+02   2.0744e+01   0.0000e+00   0.0000e+00   2.8423e+02
20251006_01:00:00   1.2283e+00   2.0637e+02   1.9561e+01   0.0000e+00   0.0000e+00   2.8411e+02
20251006_02:00:00   1.1476e+00   1.9904e+02   1.8456e+01   0.0000e+00   0.0000e+00   2.8372e+02
20251006_03:00:00   1.1133e+00   1.9569e+02   1.7948e+01   0.0000e+00   0.0000e+00   2.8336e+02
20251006_04:00:00   1.0581e+00   1.9023e+02   1.7160e+01   0.0000e+00   0.0000e+00   2.8280e+02
20251006_05:00:00   9.7295e-01   1.8139e+02   1.5935e+01   0.0000e+00   0.0000e+00   2.8226e+02
20251006_06:00:00   9.1678e-01   1.7519e+02   1.5070e+01   0.0000e+00   0.0000e+00   2.8165e+02
20251006_09:00:00   8.6899e-01   1.6954e+02   1.4146e+01   0.0000e+00   0.0000e+00   2.7592e+02
20251006_12:00:00   8.7500e-01   1.7022e+02   1.4132e+01   0.0000e+00   0.0000e+00   2.7345e+02
20251006_15:00:00   8.6858e-01   1.7043e+02   1.3883e+01   0.0000e+00   0.0000e+00   2.7271e+02
20251006_18:00:00   9.8106e-01   1.8395e+02   1.5602e+01   0.0000e+00   0.0000e+00   2.7353e+02
20251006_21:00:00   1.0467e+00   1.9085e+02   1.6476e+01   0.0000e+00   0.0000e+00   2.7658e+02
20251007_00:00:00   1.0765e+00   1.9326e+02   1.6851e+01   0.0000e+00   8.5120e-06   2.7518e+02
20251007_03:00:00   1.2610e+00   2.0849e+02   2.0240e+01   0.0000e+00   1.2502e-02   2.7155e+02
20251007_06:00:00   1.5159e+00   2.2581e+02   2.4693e+01   0.0000e+00   2.4102e-03   2.7546e+02
20251007_09:00:00   1.4582e+00   2.2211e+02   2.3500e+01   0.0000e+00   5.6038e-03   2.7862e+02
20251007_12:00:00   1.7689e+00   2.3993e+02   2.7419e+01   0.0000e+00   3.3850e-03   2.7958e+02
20251007_15:00:00   1.9445e+00   2.4848e+02   2.9837e+01   0.0000e+00   3.9842e-02   2.7975e+02
20251007_18:00:00   1.8824e+00   2.4694e+02   2.9303e+01   0.0000e+00   7.3059e-04   2.8053e+02
20251007_21:00:00   1.8106e+00   2.4372e+02   2.8306e+01   3.5840e-04   8.8962e-06   2.8186e+02
20251008_00:00:00   1.7051e+00   2.3820e+02   2.6910e+01   0.0000e+00   0.0000e+00   2.8663e+02
20251008_03:00:00   1.7905e+00   2.4217e+02   2.7615e+01   0.0000e+00   0.0000e+00   2.8965e+02
20251008_06:00:00   2.0286e+00   2.5162e+02   3.0746e+01   0.0000e+00   6.7725e-05   2.8906e+02
20251008_09:00:00   2.0809e+00   2.5315e+02   3.1354e+01   0.0000e+00   1.2201e-02   2.8909e+02
20251008_12:00:00   2.0973e+00   2.5292e+02   3.2090e+01   0.0000e+00   2.7420e-03   2.8860e+02
20251008_15:00:00   2.7924e+00   2.7098e+02   3.9915e+01   2.1314e-02   4.0143e-03   2.8718e+02
20251008_18:00:00   3.5793e+00   2.8013e+02   4.1426e+01   2.8515e-01   5.3078e-02   2.9156e+02
20251008_21:00:00   7.8488e+00   2.8814e+02   4.3256e+01   1.9221e+00   9.0521e-01   2.9183e+02
20251009_00:00:00   3.9326e+00   2.7836e+02   3.4880e+01   6.1605e-01   2.9308e-01   2.9511e+02
20251009_03:00:00   1.5656e+00   2.2259e+02   1.9423e+01   8.2745e-02   9.1333e-04   3.0302e+02
20251009_06:00:00   1.2427e+00   1.9817e+02   1.2949e+01   1.4122e-01   1.4377e-04   3.0727e+02
20251009_09:00:00   6.8437e-01   1.3894e+02   9.5389e+00   1.2992e-03   1.0356e-05   3.2507e+02
20251009_12:00:00   5.0852e-01   1.1200e+02   7.0029e+00   0.0000e+00   0.0000e+00   3.3948e+02
20251009_15:00:00   5.1351e-01   1.1273e+02   7.1982e+00   0.0000e+00   6.8140e-06   3.5038e+02
20251009_18:00:00   4.0004e-01   9.3728e+01   5.7564e+00   0.0000e+00   0.0000e+00   3.5308e+02
20251009_21:00:00   3.8779e-01   9.1771e+01   5.5475e+00   0.0000e+00   0.0000e+00   3.3887e+02
20251010_00:00:00   3.8640e-01   9.1231e+01   5.7070e+00   0.0000e+00   0.0000e+00   3.1234e+02
20251010_03:00:00   4.0417e-01   9.3975e+01   6.4837e+00   0.0000e+00   0.0000e+00   3.1286e+02
20251010_06:00:00   3.8118e-01   9.0097e+01   6.1557e+00   0.0000e+00   0.0000e+00   3.1630e+02
20251010_09:00:00   3.3847e-01   8.2379e+01   5.3947e+00   0.0000e+00   0.0000e+00   3.1261e+02
20251010_12:00:00   2.9350e-01   7.3562e+01   4.6798e+00   0.0000e+00   4.7365e-03   3.1259e+02
20251010_15:00:00   3.2187e-01   7.9601e+01   5.1209e+00   0.0000e+00   8.8215e-03   3.0822e+02
20251010_18:00:00   4.9588e-01   1.1140e+02   8.3024e+00   0.0000e+00   3.9403e-02   3.0178e+02
20251010_21:00:00   1.0827e+00   1.8492e+02   1.8301e+01   0.0000e+00   6.0327e-01   2.9821e+02
20251011_00:00:00   3.4334e+00   2.6958e+02   3.0500e+01   5.9791e-01   8.2717e-01   3.0483e+02
20251011_03:00:00   5.1702e+00   2.7801e+02   2.6518e+01   1.3379e+00   9.3569e-04   3.1653e+02
20251011_06:00:00   2.9787e+00   2.6659e+02   2.3836e+01   4.9613e-01   0.0000e+00   3.1328e+02
20251011_09:00:00   1.8008e+00   2.3542e+02   2.1060e+01   1.1590e-01   7.3565e-02   3.1207e+02
20251011_12:00:00   1.4327e+00   2.1505e+02   2.0639e+01   0.0000e+00   5.4622e-03   3.1286e+02
20251011_15:00:00   1.9848e+00   2.4291e+02   2.2974e+01   1.7148e-01   4.1097e-03   3.1083e+02
20251011_18:00:00   1.5072e+00   2.2007e+02   2.3236e+01   9.6560e-06   1.0686e-02   3.0879e+02
20251011_21:00:00   1.7205e+00   2.3216e+02   2.6331e+01   1.1718e-02   1.2200e-01   3.0694e+02
20251012_00:00:00   1.9502e+00   2.4194e+02   3.0266e+01   6.9520e-04   4.2838e-01   3.0538e+02
20251012_03:00:00   3.0941e+00   2.6841e+02   3.2985e+01   3.6571e-01   8.4552e-01   3.0402e+02
20251012_06:00:00   3.4500e+00   2.7306e+02   3.3455e+01   4.8576e-01   7.8192e-01   3.0511e+02
20251012_09:00:00   3.1306e+00   2.6938e+02   2.5506e+01   5.3747e-01   1.4840e-02   3.0665e+02
20251012_12:00:00   7.9753e-01   1.5492e+02   1.1368e+01   5.6620e-04   1.6046e-05   3.1228e+02
20251012_15:00:00   6.9741e-01   1.4094e+02   9.6941e+00   2.2611e-03   1.1588e-05   3.1238e+02
20251012_18:00:00   6.8238e-01   1.3842e+02   9.7730e+00   2.6240e-04   2.6936e-05   3.1541e+02
20251012_21:00:00   5.1663e-01   1.1343e+02   7.3863e+00   0.0000e+00   0.0000e+00   3.2022e+02
20251013_00:00:00   4.9545e-01   1.0944e+02   6.9662e+00   0.0000e+00   0.0000e+00   3.2815e+02
20251013_03:00:00   4.4380e-01   1.0049e+02   6.2510e+00   0.0000e+00   0.0000e+00   3.3417e+02
20251013_06:00:00   4.5411e-01   1.0144e+02   6.9087e+00   0.0000e+00   0.0000e+00   3.3429e+02
20251013_09:00:00   4.3437e-01   9.7656e+01   6.8003e+00   0.0000e+00   0.0000e+00   3.3009e+02
20251013_12:00:00   3.6646e-01   8.5805e+01   5.6955e+00   0.0000e+00   0.0000e+00   3.2485e+02
20251013_15:00:00   3.6394e-01   8.5522e+01   5.8355e+00   0.0000e+00   0.0000e+00   3.1377e+02
20251013_18:00:00   4.3738e-01   9.8868e+01   7.2933e+00   0.0000e+00   0.0000e+00   3.0424e+02
20251013_21:00:00   5.3854e-01   1.1605e+02   8.6563e+00   0.0000e+00   0.0000e+00   3.0784e+02
20251014_00:00:00   5.8704e-01   1.2366e+02   9.2937e+00   0.0000e+00   5.6145e-03   3.0497e+02
20251014_03:00:00   6.3963e-01   1.3109e+02   1.0057e+01   0.0000e+00   3.2393e-02   3.0197e+02
20251014_06:00:00   6.5422e-01   1.3300e+02   1.0311e+01   0.0000e+00   5.1104e-03   3.0118e+02
20251014_09:00:00   6.3372e-01   1.3046e+02   9.7653e+00   0.0000e+00   9.5480e-05   3.0152e+02
20251014_12:00:00   6.0299e-01   1.2636e+02   9.0940e+00   0.0000e+00   0.0000e+00   3.0491e+02
20251014_15:00:00   6.0205e-01   1.2695e+02   8.9534e+00   0.0000e+00   0.0000e+00   3.0205e+02
20251014_18:00:00   6.2627e-01   1.3127e+02   9.2658e+00   0.0000e+00   0.0000e+00   3.0168e+02
20251014_21:00:00   6.4442e-01   1.3425e+02   9.5100e+00   0.0000e+00   0.0000e+00   3.0097e+02
20251015_00:00:00   6.4645e-01   1.3440e+02   9.5213e+00   0.0000e+00   0.0000e+00   2.9748e+02
20251015_03:00:00   6.4866e-01   1.3461e+02   9.5167e+00   0.0000e+00   0.0000e+00   3.0056e+02
20251015_06:00:00   6.5202e-01   1.3493e+02   9.4979e+00   0.0000e+00   0.0000e+00   2.9696e+02
20251015_09:00:00   6.4660e-01   1.3407e+02   9.4417e+00   0.0000e+00   0.0000e+00   2.9773e+02
20251015_12:00:00   6.2952e-01   1.3155e+02   9.2446e+00   0.0000e+00   0.0000e+00   2.9876e+02
20251015_15:00:00   6.7802e-01   1.3894e+02   9.9710e+00   0.0000e+00   0.0000e+00   2.9882e+02
20251015_18:00:00   6.9487e-01   1.4157e+02   1.0487e+01   0.0000e+00   0.0000e+00   2.9532e+02
20251015_21:00:00   6.3917e-01   1.3386e+02   9.7354e+00   0.0000e+00   0.0000e+00   3.0028e+02
20251016_00:00:00   5.9418e-01   1.2698e+02   9.1384e+00   0.0000e+00   1.6232e-04   2.9584e+02
20251016_03:00:00   5.8838e-01   1.2608e+02   8.9667e+00   0.0000e+00   2.0298e-04   2.9249e+02
20251016_06:00:00   6.1180e-01   1.2947e+02   9.1890e+00   0.0000e+00   0.0000e+00   2.9069e+02
20251016_09:00:00   6.3520e-01   1.3266e+02   9.4449e+00   0.0000e+00   0.0000e+00   2.9163e+02
20251016_12:00:00   6.3381e-01   1.3238e+02   9.4005e+00   0.0000e+00   0.0000e+00   2.9271e+02
20251016_15:00:00   6.9423e-01   1.4126e+02   1.0297e+01   0.0000e+00   0.0000e+00   2.9098e+02
20251016_18:00:00   6.7026e-01   1.3881e+02   1.0113e+01   0.0000e+00   0.0000e+00   2.9276e+02
20251016_21:00:00   6.8833e-01   1.4151e+02   1.0062e+01   0.0000e+00   0.0000e+00   2.9805e+02
20251017_00:00:00   6.6022e-01   1.3728e+02   9.4804e+00   0.0000e+00   0.0000e+00   2.8977e+02
20251017_03:00:00   6.9900e-01   1.4243e+02   9.8952e+00   0.0000e+00   0.0000e+00   2.8740e+02
20251017_06:00:00   7.2911e-01   1.4624e+02   1.0464e+01   1.4205e-04   0.0000e+00   2.8517e+02
