#            date       tau255        Tb[K]      pwv[mm] lwp[kg*m^-2] iwp[kg*m^-2]       o3[DU]
20250526_18:00:00   1.4637e+00   2.1538e+02   1.4926e+01   1.9528e-01   1.0254e-03   3.9105e+02
20250526_19:00:00   1.1813e+00   1.9546e+02   1.4868e+01   7.8520e-02   3.9783e-04   3.9268e+02
20250526_20:00:00   9.5202e-01   1.7463e+02   1.4304e+01   5.3820e-05   7.0240e-06   3.9218e+02
20250526_21:00:00   1.0973e+00   1.8898e+02   1.5428e+01   2.6400e-02   4.1206e-03   3.9005e+02
20250526_22:00:00   1.1236e+00   1.9148e+02   1.6465e+01   6.3929e-03   7.2818e-04   3.9023e+02
20250526_23:00:00   1.1062e+00   1.8996e+02   1.6564e+01   7.1600e-06   2.3802e-05   3.9050e+02
20250527_00:00:00   1.1393e+00   1.9285e+02   1.7043e+01   3.8620e-05   2.0163e-05   3.8906e+02
20250527_01:00:00   1.1857e+00   1.9667e+02   1.7628e+01   1.1738e-04   3.0037e-04   3.8890e+02
20250527_02:00:00   1.1668e+00   1.9509e+02   1.7386e+01   7.5940e-04   5.4400e-04   3.9282e+02
20250527_03:00:00   1.1531e+00   1.9396e+02   1.7189e+01   0.0000e+00   2.1140e-06   3.9593e+02
20250527_04:00:00   1.1387e+00   1.9272e+02   1.7013e+01   0.0000e+00   4.1716e-06   3.9597e+02
20250527_05:00:00   1.1069e+00   1.8993e+02   1.6613e+01   0.0000e+00   2.2386e-06   3.9649e+02
20250527_06:00:00   1.0860e+00   1.8806e+02   1.6325e+01   0.0000e+00   2.1492e-06   3.8910e+02
20250527_07:00:00   1.0726e+00   1.8680e+02   1.6116e+01   0.0000e+00   2.0560e-06   3.8889e+02
20250527_08:00:00   1.0715e+00   1.8664e+02   1.6095e+01   0.0000e+00   0.0000e+00   3.8564e+02
20250527_09:00:00   1.0532e+00   1.8492e+02   1.5839e+01   0.0000e+00   0.0000e+00   3.7744e+02
20250527_10:00:00   9.9539e-01   1.7940e+02   1.5068e+01   0.0000e+00   0.0000e+00   3.7179e+02
20250527_11:00:00   9.7688e-01   1.7750e+02   1.4832e+01   0.0000e+00   0.0000e+00   3.6971e+02
20250527_12:00:00   9.6257e-01   1.7610e+02   1.4671e+01   0.0000e+00   0.0000e+00   3.6715e+02
20250527_13:00:00   9.7768e-01   1.7807e+02   1.4880e+01   0.0000e+00   2.9460e-05   3.6781e+02
20250527_14:00:00   9.7008e-01   1.7779e+02   1.4745e+01   0.0000e+00   5.1640e-04   3.6609e+02
20250527_15:00:00   9.6026e-01   1.7701e+02   1.4685e+01   0.0000e+00   7.7843e-04   3.6606e+02
20250527_16:00:00   9.8510e-01   1.7962e+02   1.5175e+01   0.0000e+00   5.6593e-04   3.6400e+02
20250527_17:00:00   1.0087e+00   1.8212e+02   1.5652e+01   0.0000e+00   1.9074e-03   3.6167e+02
20250527_18:00:00   1.0551e+00   1.8679e+02   1.6365e+01   0.0000e+00   1.4432e-03   3.5933e+02
20250527_19:00:00   1.0870e+00   1.8987e+02   1.6902e+01   6.2320e-04   2.6229e-03   3.5803e+02
20250527_20:00:00   1.1331e+00   1.9413e+02   1.7533e+01   1.9310e-03   6.7919e-03   3.5658e+02
20250527_21:00:00   1.5109e+00   2.2124e+02   1.8288e+01   1.3988e-01   2.6700e-02   3.5275e+02
20250527_22:00:00   2.3685e+00   2.5526e+02   1.9062e+01   4.8044e-01   9.3108e-02   3.5259e+02
20250527_23:00:00   2.3056e+00   2.5413e+02   1.9810e+01   4.2273e-01   5.8328e-02   3.5306e+02
20250528_00:00:00   2.1194e+00   2.4868e+02   1.9925e+01   3.3686e-01   3.3542e-02   3.5440e+02
20250528_01:00:00   2.1757e+00   2.5034e+02   2.0157e+01   3.5269e-01   4.9268e-02   3.5410e+02
20250528_02:00:00   1.7715e+00   2.3496e+02   1.9896e+01   1.9110e-01   7.6692e-02   3.5478e+02
20250528_03:00:00   1.5354e+00   2.2269e+02   2.0001e+01   9.2382e-02   4.9073e-02   3.5717e+02
20250528_04:00:00   1.3938e+00   2.1385e+02   1.9864e+01   3.8498e-02   5.5810e-02   3.5607e+02
20250528_05:00:00   1.2896e+00   2.0647e+02   1.9653e+01   3.0600e-03   5.5007e-02   3.5517e+02
20250528_06:00:00   1.2973e+00   2.0696e+02   1.9907e+01   2.4300e-05   4.3311e-02   3.5291e+02
20250528_07:00:00   1.3089e+00   2.0770e+02   2.0015e+01   1.5318e-03   4.5934e-02   3.5168e+02
20250528_08:00:00   1.3149e+00   2.0807e+02   2.0215e+01   2.1260e-04   5.7700e-02   3.5085e+02
20250528_09:00:00   1.3024e+00   2.0703e+02   2.0189e+01   1.0110e-05   1.0644e-01   3.5046e+02
20250528_10:00:00   1.3026e+00   2.0691e+02   2.0348e+01   0.0000e+00   9.2816e-02   3.4974e+02
20250528_11:00:00   1.3255e+00   2.0848e+02   2.0705e+01   0.0000e+00   1.5807e-01   3.4875e+02
20250528_12:00:00   1.3785e+00   2.1216e+02   2.1397e+01   0.0000e+00   2.8625e-01   3.4944e+02
20250528_13:00:00   1.4232e+00   2.1518e+02   2.1990e+01   0.0000e+00   3.0818e-01   3.5333e+02
20250528_14:00:00   1.4287e+00   2.1578e+02   2.2093e+01   0.0000e+00   1.9573e-01   3.5287e+02
20250528_15:00:00   1.4377e+00   2.1679e+02   2.2318e+01   0.0000e+00   1.5416e-02   3.5168e+02
20250528_16:00:00   1.4354e+00   2.1711e+02   2.2396e+01   0.0000e+00   2.4605e-02   3.5024e+02
20250528_17:00:00   1.4498e+00   2.1815e+02   2.2692e+01   4.8280e-06   1.2409e-02   3.4818e+02
20250528_18:00:00   1.4577e+00   2.1846e+02   2.2852e+01   5.5960e-03   2.2746e-02   3.4734e+02
20250528_19:00:00   1.3920e+00   2.1393e+02   2.2191e+01   4.8040e-03   1.0190e-02   3.4572e+02
20250528_20:00:00   1.3761e+00   2.1269e+02   2.2276e+01   3.7660e-04   4.1762e-03   3.4385e+02
20250528_21:00:00   1.3761e+00   2.1242e+02   2.2391e+01   8.9320e-04   1.7165e-02   3.4226e+02
20250528_22:00:00   1.2754e+00   2.0425e+02   2.1200e+01   0.0000e+00   5.6512e-02   3.4069e+02
20250528_23:00:00   1.1528e+00   1.9305e+02   1.9639e+01   0.0000e+00   1.3736e-01   3.3891e+02
20250529_00:00:00   1.1044e+00   1.8775e+02   1.8989e+01   0.0000e+00   3.2210e-01   3.3731e+02
20250529_01:00:00   1.1389e+00   1.9028e+02   1.9505e+01   0.0000e+00   4.0772e-01   3.4002e+02
20250529_02:00:00   1.4066e+00   2.1072e+02   2.1481e+01   5.0783e-02   5.9351e-01   3.4120e+02
20250529_03:00:00   2.0977e+00   2.4464e+02   2.4436e+01   2.4672e-01   3.0425e-01   3.4448e+02
20250529_04:00:00   2.4615e+00   2.5573e+02   2.6455e+01   3.1739e-01   7.3828e-02   3.4274e+02
20250529_05:00:00   2.9390e+00   2.6528e+02   2.7848e+01   4.4599e-01   3.4848e-03   3.4201e+02
20250529_06:00:00   3.1097e+00   2.6777e+02   2.9372e+01   4.5902e-01   1.5749e-02   3.4020e+02
20250529_07:00:00   3.6741e+00   2.7344e+02   2.9756e+01   6.5461e-01   1.9577e-01   3.3986e+02
20250529_08:00:00   4.3060e+00   2.7774e+02   3.0147e+01   8.7588e-01   1.1503e-01   3.4078e+02
20250529_09:00:00   4.3010e+00   2.7808e+02   2.9991e+01   8.7382e-01   2.6368e-02   3.4744e+02
20250529_10:00:00   3.4537e+00   2.7373e+02   2.9778e+01   5.3134e-01   1.4347e-02   3.5197e+02
20250529_11:00:00   4.3789e+00   2.7880e+02   3.1623e+01   8.8510e-01   2.6229e-01   3.5285e+02
20250529_12:00:00   4.0511e+00   2.7790e+02   3.0688e+01   7.5407e-01   2.9284e-02   3.5107e+02
20250529_13:00:00   5.5091e+00   2.8183e+02   3.1917e+01   1.3163e+00   1.5100e-01   3.4562e+02
20250529_14:00:00   6.4634e+00   2.8287e+02   3.2671e+01   1.6855e+00   2.4197e-02   3.4638e+02
20250529_15:00:00   5.4902e+00   2.8263e+02   2.9918e+01   1.3189e+00   1.5311e-02   3.4652e+02
20250529_16:00:00   4.8889e+00   2.8200e+02   2.9818e+01   1.0775e+00   4.0129e-03   3.4701e+02
20250529_17:00:00   5.3582e+00   2.8293e+02   2.8270e+01   1.2961e+00   1.3771e-02   3.4512e+02
20250529_18:00:00   4.3027e+00   2.8068e+02   2.6972e+01   9.1010e-01   2.6300e-02   3.4436e+02
20250529_19:00:00   3.6929e+00   2.7754e+02   2.5574e+01   7.1443e-01   8.4671e-04   3.4757e+02
20250529_20:00:00   3.1187e+00   2.7208e+02   2.4180e+01   5.3395e-01   1.8669e-03   3.4727e+02
20250529_21:00:00   2.5244e+00   2.6176e+02   2.3415e+01   3.2997e-01   2.2335e-03   3.4997e+02
20250529_22:00:00   2.0989e+00   2.4938e+02   2.3030e+01   1.7871e-01   6.9809e-04   3.4839e+02
20250529_23:00:00   1.6931e+00   2.3185e+02   2.2540e+01   4.5608e-02   7.8546e-04   3.4802e+02
20250530_00:00:00   1.6564e+00   2.2974e+02   2.3667e+01   1.0317e-02   1.1538e-04   3.4749e+02
20250530_01:00:00   1.7332e+00   2.3359e+02   2.4584e+01   1.9606e-02   1.3612e-03   3.4778e+02
20250530_02:00:00   1.6447e+00   2.2918e+02   2.4214e+01   0.0000e+00   8.4245e-04   3.4620e+02
20250530_03:00:00   1.6790e+00   2.3088e+02   2.4753e+01   0.0000e+00   9.2234e-04   3.4589e+02
20250530_04:00:00   1.6347e+00   2.2852e+02   2.4389e+01   9.6560e-06   2.5518e-04   3.4174e+02
20250530_05:00:00   1.6135e+00   2.2724e+02   2.4404e+01   0.0000e+00   0.0000e+00   3.4090e+02
20250530_06:00:00   1.6375e+00   2.2821e+02   2.4995e+01   2.9960e-03   2.6440e-04   3.4030e+02
20250530_07:00:00   1.5764e+00   2.2463e+02   2.4549e+01   1.4090e-04   3.9135e-04   3.3907e+02
20250530_08:00:00   1.5424e+00   2.2252e+02   2.4032e+01   0.0000e+00   1.8309e-04   3.3969e+02
20250530_09:00:00   1.5513e+00   2.2290e+02   2.4159e+01   0.0000e+00   1.7588e-03   3.3994e+02
20250530_10:00:00   1.5328e+00   2.2180e+02   2.4079e+01   0.0000e+00   1.5656e-02   3.3886e+02
20250530_11:00:00   1.5363e+00   2.2192e+02   2.4000e+01   0.0000e+00   1.5108e-02   3.3915e+02
20250530_12:00:00   1.5457e+00   2.2253e+02   2.4499e+01   0.0000e+00   5.0668e-02   3.3963e+02
20250530_13:00:00   1.5511e+00   2.2300e+02   2.4779e+01   0.0000e+00   1.0539e-01   3.3854e+02
20250530_14:00:00   1.6735e+00   2.2964e+02   2.6931e+01   0.0000e+00   4.7867e-01   3.3783e+02
20250530_15:00:00   1.8247e+00   2.3714e+02   2.9302e+01   0.0000e+00   2.6564e-01   3.3655e+02
20250530_16:00:00   2.1300e+00   2.4943e+02   3.1828e+01   4.6901e-02   2.6953e-01   3.3665e+02
20250530_17:00:00   3.3493e+00   2.7328e+02   3.5012e+01   4.3350e-01   5.9420e-01   3.3569e+02
20250530_18:00:00   3.9703e+00   2.7799e+02   3.7732e+01   5.8642e-01   3.3809e-01   3.3483e+02
20250530_19:00:00   5.9430e+00   2.8370e+02   3.9527e+01   1.3035e+00   6.0590e-01   3.3568e+02
20250530_20:00:00   6.6457e+00   2.8457e+02   4.0388e+01   1.5596e+00   2.3662e-01   3.3450e+02
20250530_21:00:00   7.3595e+00   2.8522e+02   4.0624e+01   1.8293e+00   2.1073e-01   3.3394e+02
20250530_22:00:00   7.4971e+00   2.8589e+02   4.0557e+01   1.8461e+00   6.4046e-02   3.3478e+02
20250530_23:00:00   7.6930e+00   2.8630e+02   4.1716e+01   1.9001e+00   2.4725e-01   3.3838e+02
20250531_00:00:00   5.7090e+00   2.8559e+02   4.1813e+01   1.1015e+00   1.3857e-01   3.4051e+02
20250531_01:00:00   6.6539e+00   2.8631e+02   4.1598e+01   1.4642e+00   2.1240e-01   3.4185e+02
20250531_02:00:00   4.7118e+00   2.8365e+02   4.0320e+01   7.5564e-01   1.8538e-01   3.4042e+02
20250531_03:00:00   4.7166e+00   2.8364e+02   3.9613e+01   7.6414e-01   1.8785e-01   3.3988e+02
20250531_04:00:00   4.3912e+00   2.8202e+02   3.9690e+01   6.5455e-01   4.1892e-01   3.3792e+02
20250531_05:00:00   3.9536e+00   2.7967e+02   3.8785e+01   5.1960e-01   4.1441e-01   3.3837e+02
20250531_06:00:00   3.8964e+00   2.7896e+02   3.8366e+01   5.0930e-01   3.7830e-01   3.4026e+02
20250531_07:00:00   5.0353e+00   2.8261e+02   3.7829e+01   9.9004e-01   2.5153e-01   3.4447e+02
20250531_08:00:00   5.6812e+00   2.8396e+02   3.8022e+01   1.2096e+00   2.7934e-01   3.4714e+02
20250531_09:00:00   6.3959e+00   2.8392e+02   3.4893e+01   1.5755e+00   2.3941e-02   3.4835e+02
20250531_10:00:00   2.5671e+00   2.6226e+02   3.1095e+01   1.4743e-01   3.5167e-03   3.5440e+02
20250531_11:00:00   3.4769e+00   2.7554e+02   2.9933e+01   5.2549e-01   0.0000e+00   3.6237e+02
20250531_12:00:00   2.1284e+00   2.5083e+02   2.6562e+01   1.0092e-01   6.5660e-05   3.6791e+02
20250531_13:00:00   2.4700e+00   2.6092e+02   2.4264e+01   2.7884e-01   0.0000e+00   3.6921e+02
20250531_14:00:00   2.8255e+00   2.6785e+02   2.4969e+01   3.9650e-01   0.0000e+00   3.7785e+02
20250531_15:00:00   3.6751e+00   2.7686e+02   2.4995e+01   7.3883e-01   0.0000e+00   3.8579e+02
20250531_16:00:00   1.8727e+00   2.3999e+02   2.4956e+01   4.7791e-02   0.0000e+00   3.9570e+02
20250531_17:00:00   1.7507e+00   2.3476e+02   2.4926e+01   1.9241e-02   0.0000e+00   3.9703e+02
20250531_18:00:00   1.5945e+00   2.2690e+02   2.3163e+01   4.3696e-03   1.1588e-04   3.9418e+02
20250531_21:00:00   1.5537e+00   2.2414e+02   2.3327e+01   1.7732e-02   9.6967e-03   3.7946e+02
20250601_00:00:00   2.3602e+00   2.5509e+02   2.6133e+01   2.3754e-01   6.0706e-02   3.9733e+02
20250601_03:00:00   2.3329e+00   2.5295e+02   2.2765e+01   3.0159e-01   1.2682e-03   4.0576e+02
20250601_06:00:00   1.1469e+00   1.9148e+02   1.7074e+01   0.0000e+00   3.9880e-06   4.1305e+02
20250601_09:00:00   9.8882e-01   1.7754e+02   1.3983e+01   0.0000e+00   0.0000e+00   4.0671e+02
20250601_12:00:00   8.9868e-01   1.6778e+02   1.2689e+01   0.0000e+00   0.0000e+00   3.8559e+02
20250601_15:00:00   8.5749e-01   1.6272e+02   1.2938e+01   0.0000e+00   0.0000e+00   3.8299e+02
20250601_18:00:00   8.0680e-01   1.5741e+02   1.2719e+01   0.0000e+00   0.0000e+00   3.6695e+02
20250601_21:00:00   8.8028e-01   1.6658e+02   1.4130e+01   0.0000e+00   2.8376e-03   3.6002e+02
20250602_00:00:00   1.1030e+00   1.8920e+02   1.7977e+01   0.0000e+00   5.7219e-02   3.5868e+02
20250602_03:00:00   1.2178e+00   1.9863e+02   1.9826e+01   0.0000e+00   2.3721e-01   3.5386e+02
20250602_06:00:00   1.4426e+00   2.1465e+02   2.3193e+01   0.0000e+00   3.1983e-01   3.5819e+02
20250602_09:00:00   2.9566e+00   2.6539e+02   2.6827e+01   4.9392e-01   3.5085e-01   3.6255e+02
20250602_12:00:00   4.3072e+00   2.7699e+02   2.9741e+01   9.1302e-01   7.3280e-01   3.6381e+02
20250602_15:00:00   4.2633e+00   2.7607e+02   2.6200e+01   1.0015e+00   1.4145e-01   3.6564e+02
20250602_18:00:00   1.6320e+00   2.2745e+02   2.3021e+01   1.1933e-02   3.4375e-03   3.7594e+02
20250602_21:00:00   1.4793e+00   2.1920e+02   2.1752e+01   1.2126e-06   2.4911e-04   3.8541e+02
20250603_00:00:00   1.6120e+00   2.2694e+02   1.9868e+01   9.6659e-02   3.7470e-02   4.0017e+02
20250603_03:00:00   1.1300e+00   1.9198e+02   1.7066e+01   0.0000e+00   1.9642e-06   4.1679e+02
20250603_06:00:00   9.4621e-01   1.7444e+02   1.4112e+01   0.0000e+00   0.0000e+00   4.0325e+02
20250603_09:00:00   9.2202e-01   1.7059e+02   1.4246e+01   0.0000e+00   4.0440e-06   3.9140e+02
20250603_12:00:00   9.9068e-01   1.7809e+02   1.4920e+01   0.0000e+00   0.0000e+00   3.9502e+02
20250603_15:00:00   9.0801e-01   1.6901e+02   1.4300e+01   0.0000e+00   5.3080e-03   3.9486e+02
20250603_18:00:00   1.1242e+00   1.9103e+02   1.7655e+01   3.8500e-03   1.1149e-01   3.8545e+02
20250603_21:00:00   1.0423e+00   1.8259e+02   1.7141e+01   0.0000e+00   2.9786e-01   3.7857e+02
20250604_00:00:00   1.1917e+00   1.9604e+02   1.9469e+01   0.0000e+00   2.8079e-01   3.7226e+02
20250604_03:00:00   1.4468e+00   2.1347e+02   2.3347e+01   4.8280e-06   6.1836e-01   3.6544e+02
20250604_06:00:00   3.0533e+00   2.6517e+02   2.6801e+01   5.3940e-01   4.1011e-01   3.6151e+02
20250604_09:00:00   2.0023e+00   2.4094e+02   2.5998e+01   1.3656e-01   1.3026e-01   3.6087e+02
20250604_12:00:00   1.1357e+00   1.9050e+02   1.8498e+01   0.0000e+00   1.3504e-01   3.6235e+02
20250604_15:00:00   8.8949e-01   1.6798e+02   1.3964e+01   0.0000e+00   9.1047e-03   3.6404e+02
20250604_18:00:00   1.0374e+00   1.8528e+02   1.6073e+01   0.0000e+00   3.2482e-03   3.5957e+02
20250604_21:00:00   1.4094e+00   2.1693e+02   2.2093e+01   2.8840e-03   3.3948e-02   3.5329e+02
20250605_00:00:00   1.5258e+00   2.2480e+02   2.3753e+01   5.8920e-05   1.1634e-02   3.5147e+02
20250605_03:00:00   3.4278e+00   2.7420e+02   3.3042e+01   5.5432e-01   3.1714e-02   3.4073e+02
20250605_06:00:00   2.6319e+00   2.6425e+02   3.2751e+01   2.0772e-01   2.8872e-04   3.3624e+02
20250605_09:00:00   3.1092e+00   2.7218e+02   3.7546e+01   2.6307e-01   4.7702e-02   3.2839e+02
20250605_12:00:00   3.9129e+00   2.7880e+02   4.0197e+01   5.1401e-01   1.4211e-01   3.3138e+02
20250605_15:00:00   3.1762e+00   2.7347e+02   4.1317e+01   1.4723e-01   3.3285e-02   3.3151e+02
20250605_18:00:00   2.8272e+00   2.6992e+02   4.1036e+01   1.2976e-02   1.7852e-04   3.3277e+02
20250605_21:00:00   2.7060e+00   2.6985e+02   3.9664e+01   0.0000e+00   1.3768e-05   3.3098e+02
20250606_00:00:00   2.5834e+00   2.6729e+02   3.7554e+01   0.0000e+00   0.0000e+00   3.3150e+02
20250606_03:00:00   2.6216e+00   2.6816e+02   3.7654e+01   0.0000e+00   4.0690e-05   3.3049e+02
20250606_06:00:00   2.4261e+00   2.6405e+02   3.4274e+01   0.0000e+00   7.5410e-05   3.2694e+02
20250606_09:00:00   2.4120e+00   2.6396e+02   3.4178e+01   0.0000e+00   1.6353e-04   3.2850e+02
20250606_12:00:00   2.6720e+00   2.7064e+02   3.8201e+01   0.0000e+00   8.2275e-03   3.2676e+02
20250606_15:00:00   3.1985e+00   2.8127e+02   4.6851e+01   0.0000e+00   4.6744e-03   3.2625e+02
20250606_18:00:00   3.2018e+00   2.8385e+02   4.7966e+01   3.7500e-05   5.4194e-02   3.2241e+02
20250606_21:00:00   3.3478e+00   2.8646e+02   4.8971e+01   1.7972e-02   4.6563e-04   3.2022e+02
20250607_00:00:00   3.7700e+00   2.8880e+02   5.3473e+01   4.8861e-02   3.8527e-02   3.1589e+02
20250607_03:00:00   3.9306e+00   2.8631e+02   5.1975e+01   1.4346e-01   1.2728e+00   3.1812e+02
20250607_06:00:00   3.5333e+00   2.8338e+02   4.6864e+01   1.4542e-01   8.7826e-03   3.2014e+02
20250607_09:00:00   2.2848e+00   2.6231e+02   3.2256e+01   0.0000e+00   3.9306e-03   3.3347e+02
20250607_12:00:00   1.4046e+00   2.2110e+02   2.0051e+01   8.3840e-05   0.0000e+00   3.3802e+02
20250607_15:00:00   1.1422e+00   2.0041e+02   1.7028e+01   0.0000e+00   0.0000e+00   3.3957e+02
20250607_18:00:00   1.3501e+00   2.1812e+02   2.0627e+01   0.0000e+00   0.0000e+00   3.4207e+02
20250607_21:00:00   1.5288e+00   2.3043e+02   2.3605e+01   0.0000e+00   3.1293e-03   3.4055e+02
20250608_00:00:00   1.3904e+00   2.2074e+02   2.1730e+01   0.0000e+00   4.4978e-04   3.4309e+02
20250608_03:00:00   1.4710e+00   2.2517e+02   2.3663e+01   0.0000e+00   0.0000e+00   3.4348e+02
20250608_06:00:00   1.4807e+00   2.2526e+02   2.4095e+01   0.0000e+00   1.8352e-04   3.4737e+02
20250608_09:00:00   1.5322e+00   2.2822e+02   2.4554e+01   0.0000e+00   1.8404e-03   3.4579e+02
20250608_12:00:00   1.6649e+00   2.3578e+02   2.6298e+01   0.0000e+00   4.4487e-03   3.3748e+02
20250608_15:00:00   1.7178e+00   2.3941e+02   2.7181e+01   0.0000e+00   1.4651e-01   3.2893e+02
20250608_18:00:00   1.5199e+00   2.2688e+02   2.6048e+01   0.0000e+00   1.9284e-01   3.2521e+02
20250608_21:00:00   4.0326e+00   2.8166e+02   3.6323e+01   7.3963e-01   2.9780e-01   3.3054e+02
20250609_00:00:00   3.6233e+00   2.8080e+02   4.0521e+01   3.2652e-01   1.7260e-06   3.3588e+02
20250609_03:00:00   3.4880e+00   2.8085e+02   3.9686e+01   2.1987e-01   1.0746e-05   3.2830e+02
20250609_06:00:00   2.4707e+00   2.6631e+02   3.1926e+01   5.2472e-02   0.0000e+00   3.2816e+02
20250609_09:00:00   1.8860e+00   2.4595e+02   2.7462e+01   0.0000e+00   3.1060e-04   3.3063e+02
20250609_12:00:00   1.7309e+00   2.3850e+02   2.5978e+01   0.0000e+00   3.0266e-03   3.2845e+02
20250609_15:00:00   1.8101e+00   2.4349e+02   2.8169e+01   0.0000e+00   2.7021e-02   3.3197e+02
20250609_18:00:00   2.1480e+00   2.5752e+02   3.3788e+01   0.0000e+00   7.9910e-02   3.2705e+02
20250609_21:00:00   4.1161e+00   2.8479e+02   3.9662e+01   6.4638e-01   1.0413e-01   3.2996e+02
20250610_00:00:00   2.5962e+00   2.6788e+02   3.8210e+01   2.6634e-02   2.3833e-02   3.3519e+02
20250610_03:00:00   3.5111e+00   2.7966e+02   4.1858e+01   2.4518e-01   2.9542e-04   3.3829e+02
20250610_06:00:00   3.0061e+00   2.7303e+02   3.7063e+01   1.7979e-01   7.2500e-03   3.4053e+02
20250610_09:00:00   2.8118e+00   2.6835e+02   3.1728e+01   2.6870e-01   5.6212e-05   3.4844e+02
20250610_12:00:00   9.8482e-01   1.8100e+02   1.4968e+01   0.0000e+00   0.0000e+00   3.5901e+02
20250610_15:00:00   8.6119e-01   1.6710e+02   1.2866e+01   0.0000e+00   0.0000e+00   3.6595e+02
20250610_18:00:00   8.9518e-01   1.7136e+02   1.3553e+01   0.0000e+00   0.0000e+00   3.8372e+02
20250610_21:00:00   1.0724e+00   1.9001e+02   1.5863e+01   0.0000e+00   0.0000e+00   3.9075e+02
20250611_00:00:00   1.1490e+00   1.9655e+02   1.6736e+01   0.0000e+00   0.0000e+00   3.8170e+02
20250611_03:00:00   1.0681e+00   1.8855e+02   1.5796e+01   0.0000e+00   0.0000e+00   3.7856e+02
20250611_06:00:00   9.0831e-01   1.7145e+02   1.3790e+01   0.0000e+00   0.0000e+00   3.7824e+02
20250611_09:00:00   9.0009e-01   1.7042e+02   1.3582e+01   0.0000e+00   0.0000e+00   3.8910e+02
20250611_12:00:00   8.9463e-01   1.6990e+02   1.3504e+01   0.0000e+00   0.0000e+00   3.8835e+02
20250611_15:00:00   9.2094e-01   1.7308e+02   1.4010e+01   0.0000e+00   0.0000e+00   3.8509e+02
20250611_18:00:00   1.0228e+00   1.8482e+02   1.5632e+01   0.0000e+00   0.0000e+00   3.6949e+02
