#            date       tau255        Tb[K]      pwv[mm] lwp[kg*m^-2] iwp[kg*m^-2]       o3[DU]
20251217_00:00:00   3.8025e-01   8.7037e+01   6.4222e+00   0.0000e+00   6.7926e-03   2.7298e+02
20251217_01:00:00   4.0158e-01   9.0767e+01   6.8787e+00   0.0000e+00   3.4051e-02   2.7636e+02
20251217_02:00:00   4.3792e-01   9.7428e+01   7.4636e+00   0.0000e+00   7.0884e-02   2.7476e+02
20251217_03:00:00   5.1568e-01   1.1041e+02   8.7686e+00   0.0000e+00   4.0807e-02   2.7234e+02
20251217_04:00:00   5.6424e-01   1.1799e+02   9.6210e+00   0.0000e+00   3.1390e-02   2.6737e+02
20251217_05:00:00   5.8434e-01   1.2122e+02   9.9196e+00   0.0000e+00   2.0627e-02   2.6396e+02
20251217_06:00:00   6.0020e-01   1.2385e+02   1.0033e+01   0.0000e+00   1.1822e-02   2.6438e+02
20251217_07:00:00   6.0740e-01   1.2523e+02   1.0056e+01   0.0000e+00   4.5107e-03   2.6682e+02
20251217_08:00:00   5.9319e-01   1.2354e+02   9.7698e+00   0.0000e+00   1.7930e-03   2.6188e+02
20251217_09:00:00   6.0732e-01   1.2603e+02   9.9107e+00   0.0000e+00   0.0000e+00   2.5915e+02
20251217_10:00:00   6.2862e-01   1.2946e+02   1.0259e+01   0.0000e+00   0.0000e+00   2.5607e+02
20251217_11:00:00   6.3635e-01   1.3078e+02   1.0334e+01   0.0000e+00   4.7185e-04   2.5746e+02
20251217_12:00:00   6.9612e-01   1.3903e+02   1.1233e+01   0.0000e+00   5.5535e-03   2.6223e+02
20251217_13:00:00   6.3616e-01   1.3090e+02   1.0035e+01   0.0000e+00   1.0283e-02   2.6396e+02
20251217_14:00:00   6.8994e-01   1.3811e+02   1.0903e+01   0.0000e+00   3.2346e-03   2.6150e+02
20251217_15:00:00   8.1924e-01   1.5490e+02   1.2065e+01   1.1266e-02   4.4186e-03   2.6207e+02
20251217_16:00:00   8.0828e-01   1.5340e+02   1.2367e+01   3.0020e-06   4.8975e-03   2.6377e+02
20251217_17:00:00   7.7856e-01   1.4956e+02   1.2164e+01   0.0000e+00   3.3428e-03   2.6863e+02
20251217_18:00:00   7.7494e-01   1.4902e+02   1.2232e+01   0.0000e+00   1.2563e-03   2.7186e+02
20251217_19:00:00   9.6135e-01   1.7079e+02   1.4951e+01   0.0000e+00   2.7018e-04   2.7659e+02
20251217_20:00:00   9.7227e-01   1.7108e+02   1.5139e+01   1.7471e-03   2.6234e-04   2.8035e+02
20251217_21:00:00   7.1562e-01   1.4200e+02   9.3715e+00   2.3602e-02   1.7709e-03   2.9134e+02
20251217_22:00:00   5.8458e-01   1.2382e+02   7.7716e+00   6.6028e-03   3.2700e-04   2.9656e+02
20251217_23:00:00   5.2822e-01   1.1510e+02   7.1475e+00   1.3403e-03   6.0102e-05   2.9885e+02
20251218_00:00:00   4.9785e-01   1.1007e+02   6.4111e+00   7.9110e-03   1.4811e-04   3.0525e+02
20251218_01:00:00   3.7412e-01   8.8619e+01   4.9500e+00   0.0000e+00   9.4582e-05   3.0975e+02
20251218_02:00:00   3.0420e-01   7.5180e+01   4.0364e+00   0.0000e+00   1.5670e-04   3.0937e+02
20251218_03:00:00   2.9450e-01   7.3073e+01   3.8973e+00   0.0000e+00   2.2420e-05   3.0985e+02
20251218_04:00:00   2.6359e-01   6.6694e+01   3.5215e+00   0.0000e+00   8.3516e-04   3.1285e+02
20251218_05:00:00   2.1994e-01   5.7502e+01   2.9802e+00   0.0000e+00   0.0000e+00   3.1889e+02
20251218_06:00:00   2.2410e-01   5.7921e+01   3.3103e+00   0.0000e+00   4.8148e-03   3.1896e+02
20251218_07:00:00   2.4833e-01   6.2849e+01   3.8150e+00   0.0000e+00   9.8310e-04   3.1801e+02
20251218_08:00:00   2.6064e-01   6.5477e+01   3.9811e+00   0.0000e+00   0.0000e+00   3.1681e+02
20251218_09:00:00   2.6973e-01   6.7216e+01   4.1512e+00   0.0000e+00   9.8220e-06   3.1841e+02
20251218_10:00:00   2.5507e-01   6.4205e+01   3.9684e+00   0.0000e+00   6.1380e-05   3.2083e+02
20251218_11:00:00   2.2816e-01   5.8626e+01   3.5651e+00   0.0000e+00   2.9035e-04   3.2432e+02
20251218_12:00:00   2.0997e-01   5.4817e+01   3.2507e+00   0.0000e+00   2.8417e-04   3.2492e+02
20251218_13:00:00   2.0065e-01   5.2908e+01   3.0581e+00   0.0000e+00   5.5247e-05   3.1484e+02
20251218_14:00:00   2.0967e-01   5.4857e+01   3.2446e+00   0.0000e+00   8.9190e-05   3.1092e+02
20251218_15:00:00   2.1660e-01   5.6401e+01   3.3854e+00   0.0000e+00   2.0425e-03   3.0666e+02
20251218_16:00:00   2.6406e-01   6.6545e+01   4.1737e+00   0.0000e+00   0.0000e+00   3.0167e+02
20251218_17:00:00   3.2282e-01   7.8374e+01   5.1730e+00   0.0000e+00   0.0000e+00   2.9816e+02
20251218_18:00:00   3.4249e-01   8.2440e+01   5.4183e+00   0.0000e+00   0.0000e+00   2.9440e+02
20251218_19:00:00   3.5047e-01   8.4113e+01   5.4230e+00   0.0000e+00   2.8707e-04   2.9563e+02
20251218_20:00:00   4.5193e-01   1.0241e+02   7.0121e+00   0.0000e+00   8.4881e-04   2.9404e+02
20251218_21:00:00   6.1662e-01   1.2864e+02   9.6447e+00   0.0000e+00   0.0000e+00   2.9250e+02
20251218_22:00:00   7.8602e-01   1.5174e+02   1.2120e+01   0.0000e+00   5.0560e-06   2.9095e+02
20251218_23:00:00   1.0774e+00   1.8311e+02   1.6366e+01   0.0000e+00   0.0000e+00   2.9300e+02
20251219_00:00:00   1.2739e+00   1.9961e+02   1.9123e+01   2.1724e-05   5.9257e-04   2.9314e+02
20251219_01:00:00   1.0931e+00   1.8471e+02   1.6279e+01   5.5164e-03   6.1780e-03   2.9748e+02
20251219_02:00:00   1.1228e+00   1.8741e+02   1.4576e+01   6.6054e-02   3.8327e-02   2.9790e+02
20251219_03:00:00   1.3436e+00   2.0534e+02   1.6424e+01   1.0999e-01   8.1612e-02   2.9964e+02
20251219_04:00:00   1.6940e+00   2.2689e+02   2.1148e+01   1.1668e-01   2.9104e-02   2.9901e+02
20251219_05:00:00   1.6756e+00   2.2619e+02   2.2315e+01   6.4669e-02   1.2126e-01   2.9808e+02
20251219_06:00:00   1.4337e+00   2.1295e+02   2.0241e+01   1.7095e-02   3.8460e-02   2.9852e+02
20251219_07:00:00   3.2777e+00   2.6907e+02   2.7283e+01   5.6540e-01   1.4081e-01   3.0016e+02
20251219_08:00:00   3.1245e+00   2.6883e+02   2.5440e+01   5.3461e-01   9.0196e-02   2.9821e+02
20251219_09:00:00   2.6098e+00   2.6097e+02   2.3114e+01   3.9922e-01   6.5653e-02   3.0084e+02
20251219_10:00:00   2.3856e+00   2.5593e+02   2.3660e+01   2.9725e-01   7.1283e-02   3.0180e+02
20251219_11:00:00   2.0758e+00   2.4646e+02   2.2993e+01   2.0130e-01   3.4147e-01   3.0064e+02
20251219_12:00:00   1.6167e+00   2.2484e+02   2.4602e+01   4.4007e-04   4.9200e-01   2.9697e+02
20251219_13:00:00   1.7580e+00   2.3173e+02   2.6507e+01   0.0000e+00   7.3005e-01   2.9154e+02
20251219_14:00:00   2.5777e+00   2.5922e+02   2.8948e+01   2.5021e-01   3.5803e-01   2.9072e+02
20251219_15:00:00   3.1315e+00   2.6895e+02   2.9799e+01   4.3952e-01   6.6199e-01   2.9345e+02
20251219_16:00:00   6.4087e+00   2.8149e+02   3.1622e+01   1.7437e+00   4.7021e-01   2.9409e+02
20251219_17:00:00   6.1044e+00   2.8184e+02   3.0673e+01   1.6040e+00   1.0794e-01   2.9724e+02
20251219_18:00:00   5.4263e+00   2.8162e+02   3.0162e+01   1.3346e+00   1.1785e-01   2.9868e+02
20251219_19:00:00   4.9994e+00   2.7971e+02   2.9303e+01   1.2117e+00   2.9499e-01   3.0463e+02
20251219_20:00:00   3.8130e+00   2.7202e+02   2.5568e+01   8.5735e-01   3.3654e-01   3.0736e+02
20251219_21:00:00   2.5500e+00   2.5449e+02   2.2871e+01   4.2440e-01   6.1893e-01   3.1621e+02
20251219_22:00:00   1.7019e+00   2.2476e+02   1.7859e+01   2.1511e-01   1.3410e-01   3.2489e+02
20251219_23:00:00   7.5202e-01   1.4596e+02   1.1648e+01   6.1045e-04   4.0072e-02   3.3170e+02
20251220_00:00:00   5.3372e-01   1.1544e+02   7.7130e+00   0.0000e+00   9.2400e-08   3.3861e+02
20251220_01:00:00   6.2147e-01   1.2789e+02   8.9082e+00   0.0000e+00   7.9760e-06   3.4516e+02
20251220_02:00:00   7.2054e-01   1.4063e+02   1.0080e+01   2.4790e-03   2.4917e-02   3.5360e+02
20251220_03:00:00   5.8525e-01   1.2089e+02   8.4677e+00   2.3849e-06   5.5358e-03   3.5475e+02
20251220_04:00:00   5.8113e-01   1.1966e+02   8.4056e+00   0.0000e+00   7.4211e-02   3.5667e+02
20251220_05:00:00   5.3938e-01   1.1290e+02   7.8470e+00   0.0000e+00   6.7308e-02   3.6342e+02
20251220_06:00:00   4.8692e-01   1.0451e+02   7.0936e+00   0.0000e+00   8.2403e-04   3.6797e+02
20251220_07:00:00   4.2186e-01   9.3803e+01   6.0447e+00   0.0000e+00   2.1654e-05   3.7106e+02
20251220_08:00:00   4.1069e-01   9.1802e+01   5.8945e+00   0.0000e+00   1.4048e-05   3.7495e+02
20251220_09:00:00   4.0144e-01   9.0185e+01   5.7828e+00   0.0000e+00   8.3830e-06   3.7094e+02
20251220_10:00:00   4.0290e-01   9.0548e+01   5.6515e+00   0.0000e+00   4.1125e-04   3.6496e+02
20251220_11:00:00   3.3243e-01   7.8116e+01   4.4903e+00   0.0000e+00   2.2013e-04   3.6215e+02
20251220_12:00:00   2.6872e-01   6.5912e+01   3.5568e+00   0.0000e+00   8.0939e-06   3.6273e+02
20251220_13:00:00   2.3411e-01   5.9072e+01   3.0425e+00   0.0000e+00   3.6023e-06   3.5303e+02
20251220_14:00:00   2.2814e-01   5.7834e+01   3.0220e+00   0.0000e+00   9.7400e-07   3.4545e+02
20251220_15:00:00   2.2789e-01   5.7761e+01   3.1131e+00   0.0000e+00   0.0000e+00   3.4397e+02
20251220_16:00:00   2.1843e-01   5.5949e+01   3.0124e+00   0.0000e+00   0.0000e+00   3.4786e+02
20251220_17:00:00   2.1941e-01   5.6220e+01   3.1138e+00   0.0000e+00   0.0000e+00   3.4958e+02
20251220_18:00:00   2.2684e-01   5.7751e+01   3.3130e+00   0.0000e+00   0.0000e+00   3.4789e+02
20251220_19:00:00   2.4767e-01   6.1960e+01   3.7704e+00   0.0000e+00   0.0000e+00   3.4219e+02
20251220_20:00:00   2.6182e-01   6.4800e+01   4.0493e+00   0.0000e+00   2.2087e-03   3.3468e+02
20251220_21:00:00   2.8045e-01   6.8288e+01   4.5189e+00   0.0000e+00   4.5720e-02   3.2780e+02
20251220_22:00:00   3.0823e-01   7.3490e+01   5.1827e+00   0.0000e+00   1.6539e-02   3.2489e+02
20251220_23:00:00   3.5560e-01   8.2128e+01   6.0708e+00   0.0000e+00   1.4085e-02   3.2367e+02
20251221_00:00:00   4.2028e-01   9.3372e+01   7.1922e+00   0.0000e+00   1.7514e-02   3.2461e+02
20251221_01:00:00   5.0099e-01   1.0655e+02   8.4134e+00   0.0000e+00   2.7239e-01   3.2111e+02
20251221_02:00:00   5.9956e-01   1.2173e+02   1.0048e+01   0.0000e+00   6.7603e-02   3.2087e+02
20251221_03:00:00   6.6961e-01   1.3172e+02   1.1064e+01   0.0000e+00   1.2663e-01   3.1964e+02
20251221_04:00:00   7.0271e-01   1.3619e+02   1.1373e+01   0.0000e+00   5.1825e-01   3.1959e+02
20251221_05:00:00   5.9450e-01   1.2125e+02   9.8601e+00   0.0000e+00   6.5412e-02   3.1782e+02
20251221_06:00:00   6.8254e-01   1.3389e+02   1.1122e+01   0.0000e+00   1.2248e-01   3.1861e+02
20251221_07:00:00   6.5362e-01   1.3016e+02   1.0711e+01   0.0000e+00   7.4238e-03   3.1913e+02
20251221_08:00:00   6.8879e-01   1.3515e+02   1.1262e+01   0.0000e+00   1.0796e-02   3.1669e+02
20251221_09:00:00   7.6940e-01   1.4545e+02   1.2381e+01   0.0000e+00   8.7708e-02   3.1314e+02
20251221_10:00:00   8.7862e-01   1.5858e+02   1.3934e+01   0.0000e+00   5.6194e-02   3.1206e+02
20251221_11:00:00   8.7083e-01   1.5779e+02   1.3623e+01   0.0000e+00   7.2270e-03   3.1223e+02
20251221_12:00:00   9.7491e-01   1.6912e+02   1.4708e+01   7.3326e-03   4.7832e-02   3.1307e+02
20251221_13:00:00   9.0778e-01   1.6191e+02   1.3884e+01   7.5725e-05   8.0765e-02   3.1364e+02
20251221_14:00:00   8.7780e-01   1.5853e+02   1.3273e+01   0.0000e+00   2.0943e-01   3.1658e+02
20251221_15:00:00   7.8525e-01   1.4799e+02   1.1955e+01   0.0000e+00   9.7106e-03   3.2158e+02
20251221_16:00:00   6.9230e-01   1.3636e+02   1.0495e+01   0.0000e+00   1.9519e-02   3.2426e+02
20251221_17:00:00   5.3389e-01   1.1404e+02   7.8996e+00   0.0000e+00   6.4420e-03   3.2543e+02
20251221_18:00:00   4.0475e-01   9.3435e+01   5.6108e+00   0.0000e+00   0.0000e+00   3.2875e+02
20251221_19:00:00   3.5256e-01   8.4097e+01   4.7467e+00   0.0000e+00   0.0000e+00   3.3037e+02
20251221_20:00:00   3.1218e-01   7.6338e+01   4.1569e+00   0.0000e+00   0.0000e+00   3.3076e+02
20251221_21:00:00   2.7047e-01   6.7917e+01   3.5581e+00   0.0000e+00   0.0000e+00   3.3386e+02
20251221_22:00:00   2.5683e-01   6.5038e+01   3.3372e+00   0.0000e+00   0.0000e+00   3.3211e+02
20251221_23:00:00   2.5097e-01   6.3758e+01   3.2499e+00   0.0000e+00   0.0000e+00   3.3293e+02
20251222_00:00:00   2.4301e-01   6.2031e+01   3.1704e+00   0.0000e+00   0.0000e+00   3.3984e+02
20251222_03:00:00   3.6217e-01   8.4811e+01   4.8106e+00   0.0000e+00   6.1341e-05   3.5813e+02
20251222_06:00:00   4.3899e-01   9.7324e+01   5.7610e+00   0.0000e+00   4.1458e-02   3.6975e+02
20251222_09:00:00   2.6058e-01   6.3981e+01   3.3686e+00   0.0000e+00   1.2855e-06   3.6993e+02
20251222_12:00:00   2.3744e-01   5.9071e+01   2.9908e+00   0.0000e+00   2.0221e-06   3.8005e+02
20251222_15:00:00   2.6088e-01   6.3475e+01   3.3321e+00   0.0000e+00   3.2368e-04   3.7091e+02
20251222_18:00:00   2.4524e-01   6.0489e+01   3.1341e+00   0.0000e+00   0.0000e+00   3.8118e+02
20251222_21:00:00   2.2660e-01   5.6886e+01   2.8106e+00   0.0000e+00   1.4485e-06   3.8231e+02
20251223_00:00:00   2.0209e-01   5.1822e+01   2.4252e+00   0.0000e+00   5.0560e-07   3.8527e+02
20251223_03:00:00   1.7320e-01   4.5652e+01   2.0265e+00   0.0000e+00   2.2720e-08   3.9761e+02
20251223_06:00:00   1.8654e-01   4.8140e+01   2.4016e+00   0.0000e+00   0.0000e+00   3.8879e+02
20251223_09:00:00   2.4934e-01   6.1099e+01   3.4962e+00   0.0000e+00   0.0000e+00   3.8176e+02
20251223_12:00:00   2.5191e-01   6.1851e+01   3.6119e+00   0.0000e+00   3.6386e-03   3.7884e+02
20251223_15:00:00   3.2230e-01   7.4978e+01   4.9320e+00   0.0000e+00   1.1534e-01   3.6625e+02
20251223_18:00:00   3.7810e-01   8.5375e+01   5.8770e+00   0.0000e+00   4.1763e-02   3.4876e+02
20251223_21:00:00   4.4908e-01   9.7751e+01   6.9580e+00   0.0000e+00   1.9285e-01   3.4479e+02
20251224_00:00:00   4.9378e-01   1.0569e+02   7.6722e+00   0.0000e+00   1.2543e-01   3.4580e+02
20251224_03:00:00   5.8980e-01   1.2103e+02   8.5371e+00   8.5980e-03   1.2692e-01   3.4918e+02
20251224_06:00:00   5.5310e-01   1.1601e+02   7.9302e+00   0.0000e+00   8.0586e-04   3.5596e+02
20251224_09:00:00   5.2860e-01   1.1239e+02   7.5145e+00   0.0000e+00   3.5428e-05   3.4161e+02
20251224_12:00:00   4.8705e-01   1.0585e+02   6.8661e+00   0.0000e+00   1.3401e-05   3.4356e+02
20251224_15:00:00   3.7438e-01   8.6795e+01   5.1651e+00   0.0000e+00   4.8437e-04   3.4696e+02
20251224_18:00:00   3.4190e-01   8.0604e+01   4.7877e+00   0.0000e+00   1.7980e-05   3.4582e+02
20251224_21:00:00   2.1598e-01   5.5142e+01   3.0278e+00   0.0000e+00   0.0000e+00   3.3781e+02
20251225_00:00:00   1.8945e-01   4.9258e+01   2.5873e+00   0.0000e+00   0.0000e+00   3.3329e+02
20251225_03:00:00   1.6531e-01   4.3951e+01   2.2637e+00   0.0000e+00   0.0000e+00   3.2725e+02
20251225_06:00:00   1.6627e-01   4.4057e+01   2.3563e+00   0.0000e+00   8.8156e-03   3.2157e+02
20251225_09:00:00   1.8745e-01   4.8469e+01   2.8534e+00   0.0000e+00   1.7792e-02   3.0569e+02
20251225_12:00:00   2.2161e-01   5.5471e+01   3.5484e+00   0.0000e+00   1.2911e-01   3.0692e+02
20251225_15:00:00   3.5364e-01   8.1094e+01   5.6511e+00   0.0000e+00   2.5000e-01   3.1007e+02
20251225_18:00:00   5.9574e-01   1.2060e+02   9.4702e+00   0.0000e+00   4.7307e-01   3.0797e+02
20251225_21:00:00   8.1191e-01   1.4919e+02   1.2740e+01   1.3521e-04   3.4211e-01   3.1996e+02
20251226_00:00:00   9.5483e-01   1.6564e+02   1.4111e+01   1.1837e-02   1.1885e-01   3.1835e+02
20251226_03:00:00   1.1631e+00   1.8585e+02   1.4575e+01   7.9224e-02   2.1806e-01   3.2028e+02
20251226_06:00:00   3.1315e+00   2.5959e+02   1.6172e+01   8.5968e-01   9.2588e-02   3.2582e+02
20251226_09:00:00   2.6887e+00   2.5381e+02   1.1734e+01   7.6872e-01   4.7527e-02   3.2317e+02
20251226_12:00:00   5.2139e-01   1.1269e+02   7.2234e+00   0.0000e+00   3.5376e-05   3.4786e+02
20251226_15:00:00   3.6985e-01   8.6660e+01   5.0266e+00   0.0000e+00   3.0371e-06   3.6719e+02
20251226_18:00:00   3.4458e-01   8.1166e+01   4.8462e+00   0.0000e+00   0.0000e+00   3.8951e+02
20251226_21:00:00   4.0084e-01   9.0707e+01   5.5651e+00   0.0000e+00   3.8620e-06   4.3057e+02
20251227_00:00:00   3.8908e-01   8.8403e+01   5.3116e+00   0.0000e+00   6.1010e-06   4.3050e+02
20251227_03:00:00   4.3504e-01   9.6310e+01   5.7332e+00   2.8860e-04   5.1988e-02   4.3495e+02
20251227_06:00:00   3.2730e-01   7.6558e+01   4.2568e+00   0.0000e+00   6.1923e-04   4.3028e+02
20251227_09:00:00   2.6771e-01   6.4637e+01   3.4548e+00   0.0000e+00   8.9715e-06   4.2536e+02
20251227_12:00:00   2.3979e-01   5.8845e+01   3.0198e+00   0.0000e+00   9.5429e-06   4.2567e+02
20251227_15:00:00   2.2853e-01   5.6512e+01   2.8746e+00   0.0000e+00   6.5847e-06   4.1386e+02
20251227_18:00:00   2.3554e-01   5.7965e+01   3.0024e+00   0.0000e+00   3.9860e-06   4.1953e+02
20251227_21:00:00   2.5703e-01   6.2171e+01   3.2887e+00   0.0000e+00   1.7785e-05   4.3162e+02
20251228_00:00:00   2.3804e-01   5.8377e+01   2.9655e+00   0.0000e+00   2.2247e-05   4.3305e+02
20251228_03:00:00   2.0537e-01   5.1696e+01   2.5424e+00   0.0000e+00   5.0528e-06   4.2203e+02
20251228_06:00:00   2.0166e-01   5.0800e+01   2.5269e+00   0.0000e+00   0.0000e+00   4.4350e+02
20251228_09:00:00   1.8875e-01   4.8087e+01   2.3331e+00   0.0000e+00   0.0000e+00   4.2175e+02
20251228_12:00:00   1.8101e-01   4.6537e+01   2.2113e+00   0.0000e+00   0.0000e+00   4.2196e+02
20251228_15:00:00   1.8657e-01   4.7751e+01   2.2900e+00   0.0000e+00   0.0000e+00   4.2718e+02
20251228_18:00:00   1.9728e-01   5.0063e+01   2.4468e+00   0.0000e+00   0.0000e+00   4.3407e+02
20251228_21:00:00   2.3878e-01   5.8376e+01   3.1277e+00   0.0000e+00   4.0958e-04   4.4115e+02
20251229_00:00:00   3.0231e-01   7.0497e+01   4.2162e+00   0.0000e+00   9.4642e-05   4.4860e+02
20251229_03:00:00   3.5067e-01   7.9501e+01   5.0285e+00   0.0000e+00   7.2969e-04   4.5414e+02
20251229_06:00:00   3.7339e-01   8.3847e+01   5.4320e+00   0.0000e+00   1.7338e-03   4.5107e+02
20251229_09:00:00   4.0959e-01   9.0255e+01   6.1169e+00   0.0000e+00   7.1901e-02   4.4196e+02
20251229_12:00:00   4.4445e-01   9.6276e+01   6.7819e+00   0.0000e+00   1.1848e-02   4.3554e+02
20251229_15:00:00   4.4128e-01   9.6076e+01   6.7669e+00   0.0000e+00   7.1082e-05   4.2519e+02
20251229_18:00:00   4.2648e-01   9.4056e+01   6.4745e+00   0.0000e+00   1.9642e-06   4.2122e+02
20251229_21:00:00   3.7861e-01   8.5978e+01   5.6194e+00   0.0000e+00   4.9188e-06   4.1934e+02
20251230_00:00:00   3.5744e-01   8.2290e+01   5.1279e+00   0.0000e+00   4.6792e-06   4.2237e+02
20251230_03:00:00   3.8193e-01   8.6506e+01   5.5006e+00   0.0000e+00   4.1569e-06   4.1972e+02
20251230_06:00:00   4.3201e-01   9.4722e+01   6.2500e+00   0.0000e+00   5.1027e-04   4.3401e+02
20251230_09:00:00   4.2255e-01   9.3191e+01   5.9975e+00   0.0000e+00   7.0519e-04   4.3791e+02
20251230_12:00:00   3.9164e-01   8.7933e+01   5.4407e+00   0.0000e+00   3.3800e-05   4.3312e+02
20251230_15:00:00   3.4545e-01   7.9864e+01   4.8017e+00   0.0000e+00   0.0000e+00   4.2189e+02
20251230_18:00:00   2.8701e-01   6.9297e+01   3.9602e+00   0.0000e+00   0.0000e+00   4.2319e+02
20251230_21:00:00   3.6553e-01   8.3755e+01   5.2967e+00   0.0000e+00   5.5724e-05   4.0103e+02
20251231_00:00:00   3.8023e-01   8.6217e+01   5.6186e+00   0.0000e+00   1.1187e-03   3.9740e+02
20251231_03:00:00   2.7655e-01   6.7304e+01   3.9717e+00   0.0000e+00   0.0000e+00   3.9321e+02
20251231_06:00:00   2.9337e-01   7.0792e+01   4.3489e+00   0.0000e+00   2.0227e-03   3.8666e+02
20251231_09:00:00   2.7362e-01   6.7211e+01   4.0402e+00   0.0000e+00   0.0000e+00   3.7584e+02
20251231_12:00:00   2.6270e-01   6.4695e+01   4.0354e+00   0.0000e+00   0.0000e+00   3.6162e+02
20251231_15:00:00   2.9966e-01   7.1892e+01   4.7677e+00   0.0000e+00   9.1223e-03   3.5038e+02
20251231_18:00:00   5.9255e-01   1.2174e+02   9.7154e+00   0.0000e+00   1.8910e-01   3.1143e+02
20251231_21:00:00   7.1100e-01   1.3892e+02   1.1480e+01   3.9620e-04   1.9132e-01   3.0445e+02
20260101_00:00:00   6.0161e-01   1.2493e+02   9.6783e+00   0.0000e+00   2.8196e-04   2.9161e+02
20260101_03:00:00   5.5697e-01   1.1874e+02   8.9882e+00   0.0000e+00   1.1699e-06   2.9145e+02
20260101_06:00:00   4.7017e-01   1.0497e+02   7.6074e+00   0.0000e+00   2.7348e-04   2.9151e+02
20260101_09:00:00   4.0793e-01   9.4312e+01   6.4305e+00   0.0000e+00   0.0000e+00   2.9207e+02
20260101_12:00:00   3.9704e-01   9.2336e+01   6.0827e+00   0.0000e+00   2.1476e-06   2.9577e+02
20260101_15:00:00   4.1478e-01   9.5421e+01   6.1481e+00   0.0000e+00   5.0560e-07   2.9975e+02
20260101_18:00:00   5.0324e-01   1.1029e+02   7.5855e+00   0.0000e+00   6.9249e-06   3.0269e+02
20260101_21:00:00   5.0825e-01   1.1111e+02   7.6439e+00   0.0000e+00   1.2137e-05   3.0411e+02
20260102_00:00:00   3.8668e-01   8.9760e+01   5.9196e+00   0.0000e+00   6.9414e-03   3.0516e+02
