#            date       tau255        Tb[K]      pwv[mm] lwp[kg*m^-2] iwp[kg*m^-2]       o3[DU]
20200829_18:00:00   2.6242e-02   1.0110e+01   8.6570e-02   0.0000e+00   6.9778e-05   2.1614e+02
20200829_19:00:00   2.6130e-02   1.0083e+01   8.5136e-02   0.0000e+00   5.9113e-05   2.1739e+02
20200829_20:00:00   2.6058e-02   1.0068e+01   8.4738e-02   0.0000e+00   7.0253e-05   2.1664e+02
20200829_21:00:00   2.6153e-02   1.0089e+01   8.6530e-02   0.0000e+00   9.2224e-05   2.1525e+02
20200829_22:00:00   2.6330e-02   1.0126e+01   8.9002e-02   0.0000e+00   2.5321e-04   2.1435e+02
20200829_23:00:00   2.6379e-02   1.0130e+01   8.8244e-02   0.0000e+00   1.2149e-04   2.1302e+02
20200830_00:00:00   2.6281e-02   1.0102e+01   8.4697e-02   0.0000e+00   6.9539e-05   2.1157e+02
20200830_01:00:00   2.5985e-02   1.0027e+01   7.7145e-02   0.0000e+00   5.3294e-05   2.0983e+02
20200830_02:00:00   2.5685e-02   9.9525e+00   6.9695e-02   0.0000e+00   6.1320e-05   2.0819e+02
20200830_03:00:00   2.5567e-02   9.9236e+00   6.6417e-02   0.0000e+00   2.7060e-04   2.0821e+02
20200830_04:00:00   2.5638e-02   9.9453e+00   6.7943e-02   0.0000e+00   5.0893e-04   2.0826e+02
20200830_05:00:00   2.5991e-02   1.0035e+01   7.4624e-02   0.0000e+00   8.0461e-04   2.0871e+02
20200830_06:00:00   2.6449e-02   1.0146e+01   8.2123e-02   0.0000e+00   1.5109e-03   2.1053e+02
20200830_07:00:00   2.6956e-02   1.0272e+01   9.1360e-02   0.0000e+00   1.4105e-03   2.1145e+02
20200830_08:00:00   2.7415e-02   1.0381e+01   9.8895e-02   0.0000e+00   1.7579e-03   2.1129e+02
20200830_09:00:00   2.7855e-02   1.0489e+01   1.0613e-01   0.0000e+00   2.4349e-03   2.1078e+02
20200830_10:00:00   2.8217e-02   1.0578e+01   1.1211e-01   0.0000e+00   1.9084e-03   2.1042e+02
20200830_11:00:00   2.8632e-02   1.0679e+01   1.1897e-01   0.0000e+00   1.3955e-03   2.0996e+02
20200830_12:00:00   2.8981e-02   1.0768e+01   1.2498e-01   0.0000e+00   1.2502e-03   2.0995e+02
20200830_13:00:00   2.9276e-02   1.0845e+01   1.3018e-01   0.0000e+00   1.2533e-03   2.1032e+02
20200830_14:00:00   2.9509e-02   1.0906e+01   1.3432e-01   0.0000e+00   1.3040e-03   2.1039e+02
20200830_15:00:00   2.9888e-02   1.1000e+01   1.4059e-01   0.0000e+00   1.2431e-03   2.1052e+02
20200830_16:00:00   3.0283e-02   1.1100e+01   1.4695e-01   0.0000e+00   9.8740e-04   2.1079e+02
20200830_17:00:00   3.0576e-02   1.1176e+01   1.5174e-01   0.0000e+00   8.7014e-04   2.1296e+02
20200830_18:00:00   3.0765e-02   1.1228e+01   1.5438e-01   0.0000e+00   8.8959e-04   2.1490e+02
20200830_19:00:00   3.0843e-02   1.1251e+01   1.5451e-01   0.0000e+00   9.2167e-04   2.1464e+02
20200830_20:00:00   3.0751e-02   1.1237e+01   1.5278e-01   0.0000e+00   9.2233e-04   2.1259e+02
20200830_21:00:00   3.0633e-02   1.1219e+01   1.5161e-01   0.0000e+00   6.2377e-04   2.0974e+02
20200830_22:00:00   3.0578e-02   1.1214e+01   1.5189e-01   0.0000e+00   3.9731e-04   2.0662e+02
20200830_23:00:00   3.0775e-02   1.1263e+01   1.5779e-01   0.0000e+00   2.9593e-04   2.0441e+02
20200831_00:00:00   3.1167e-02   1.1355e+01   1.6811e-01   0.0000e+00   1.5216e-04   2.0259e+02
20200831_01:00:00   3.1372e-02   1.1416e+01   1.7716e-01   0.0000e+00   3.7029e-04   1.9947e+02
20200831_02:00:00   3.2136e-02   1.1596e+01   1.9495e-01   0.0000e+00   1.0087e-03   1.9605e+02
20200831_03:00:00   3.2967e-02   1.1800e+01   2.1392e-01   0.0000e+00   1.1289e-03   1.9231e+02
20200831_04:00:00   3.4135e-02   1.2082e+01   2.3776e-01   0.0000e+00   1.7204e-03   1.8813e+02
20200831_05:00:00   3.5441e-02   1.2400e+01   2.6442e-01   0.0000e+00   4.5972e-03   1.8304e+02
20200831_06:00:00   3.7306e-02   1.2845e+01   2.9927e-01   0.0000e+00   6.9666e-03   1.8059e+02
20200831_07:00:00   3.8723e-02   1.3184e+01   3.2531e-01   0.0000e+00   8.2355e-03   1.8015e+02
20200831_08:00:00   4.0316e-02   1.3560e+01   3.5297e-01   0.0000e+00   1.5881e-02   1.7927e+02
20200831_09:00:00   4.2330e-02   1.4039e+01   3.8760e-01   0.0000e+00   2.1337e-02   1.7688e+02
20200831_10:00:00   4.4271e-02   1.4505e+01   4.2364e-01   0.0000e+00   2.0571e-02   1.7764e+02
20200831_11:00:00   4.5738e-02   1.4852e+01   4.4946e-01   0.0000e+00   2.2659e-02   1.7858e+02
20200831_12:00:00   4.6621e-02   1.5048e+01   4.5788e-01   0.0000e+00   3.8040e-02   1.7982e+02
20200831_13:00:00   4.7149e-02   1.5171e+01   4.6078e-01   0.0000e+00   5.1810e-02   1.8041e+02
20200831_14:00:00   4.6485e-02   1.5008e+01   4.4778e-01   0.0000e+00   5.5255e-02   1.8033e+02
20200831_15:00:00   4.3750e-02   1.4369e+01   4.0107e-01   0.0000e+00   3.1866e-02   1.8001e+02
20200831_16:00:00   4.1420e-02   1.3831e+01   3.5665e-01   0.0000e+00   1.8156e-02   1.8007e+02
20200831_17:00:00   3.8951e-02   1.3294e+01   3.1713e-01   0.0000e+00   6.5561e-04   1.7897e+02
20200831_18:00:00   3.6822e-02   1.2807e+01   2.8012e-01   0.0000e+00   5.4880e-05   1.7822e+02
20200831_19:00:00   3.5730e-02   1.2561e+01   2.6194e-01   0.0000e+00   5.7395e-05   1.7762e+02
20200831_20:00:00   3.4290e-02   1.2234e+01   2.4076e-01   0.0000e+00   1.7199e-05   1.7738e+02
20200831_21:00:00   3.2650e-02   1.1851e+01   2.1581e-01   0.0000e+00   6.6480e-07   1.7688e+02
20200831_22:00:00   3.1707e-02   1.1626e+01   2.0044e-01   0.0000e+00   1.9282e-05   1.7654e+02
20200831_23:00:00   3.0911e-02   1.1435e+01   1.8661e-01   0.0000e+00   1.1480e-05   1.7697e+02
20200901_00:00:00   3.0444e-02   1.1324e+01   1.7751e-01   0.0000e+00   2.1453e-05   1.7809e+02
20200901_01:00:00   3.2142e-02   1.1734e+01   2.0301e-01   0.0000e+00   2.2324e-05   1.7908e+02
20200901_02:00:00   3.2239e-02   1.1763e+01   2.0337e-01   0.0000e+00   2.5824e-05   1.7919e+02
20200901_03:00:00   3.2373e-02   1.1803e+01   2.0567e-01   0.0000e+00   1.3482e-05   1.7905e+02
20200901_04:00:00   3.2618e-02   1.1866e+01   2.0943e-01   0.0000e+00   1.1761e-05   1.7863e+02
20200901_05:00:00   3.2680e-02   1.1889e+01   2.0947e-01   0.0000e+00   1.1696e-05   1.7789e+02
20200901_06:00:00   3.2628e-02   1.1880e+01   2.0742e-01   0.0000e+00   1.1651e-05   1.7725e+02
20200901_07:00:00   3.2552e-02   1.1868e+01   2.0532e-01   0.0000e+00   1.1688e-05   1.7743e+02
20200901_08:00:00   3.2989e-02   1.1981e+01   2.1363e-01   0.0000e+00   1.1699e-05   1.7750e+02
20200901_09:00:00   3.2748e-02   1.1928e+01   2.1060e-01   0.0000e+00   1.1712e-05   1.7759e+02
20200901_10:00:00   3.2471e-02   1.1866e+01   2.0728e-01   0.0000e+00   1.4463e-05   1.7820e+02
20200901_11:00:00   3.2169e-02   1.1796e+01   2.0220e-01   0.0000e+00   6.9454e-06   1.7904e+02
20200901_12:00:00   3.1958e-02   1.1741e+01   1.9697e-01   0.0000e+00   6.7560e-06   1.8078e+02
20200901_13:00:00   3.1897e-02   1.1724e+01   1.9486e-01   0.0000e+00   6.7594e-06   1.8057e+02
20200901_14:00:00   3.1950e-02   1.1734e+01   1.9513e-01   0.0000e+00   1.4912e-05   1.8038e+02
20200901_15:00:00   3.1981e-02   1.1742e+01   1.9548e-01   0.0000e+00   1.1686e-05   1.7951e+02
20200901_16:00:00   3.2294e-02   1.1819e+01   2.0010e-01   0.0000e+00   1.1760e-05   1.7902e+02
20200901_17:00:00   3.2748e-02   1.1931e+01   2.0742e-01   0.0000e+00   3.5844e-06   1.7910e+02
20200901_18:00:00   3.3096e-02   1.2016e+01   2.1299e-01   0.0000e+00   6.8278e-06   1.7917e+02
20200901_19:00:00   3.3294e-02   1.2064e+01   2.1575e-01   0.0000e+00   3.6024e-06   1.8023e+02
20200901_20:00:00   3.3502e-02   1.2114e+01   2.1938e-01   0.0000e+00   3.7036e-06   1.8139e+02
20200901_21:00:00   3.3724e-02   1.2165e+01   2.2353e-01   0.0000e+00   7.0040e-06   1.8281e+02
20200901_22:00:00   3.3668e-02   1.2150e+01   2.2221e-01   0.0000e+00   4.5200e-07   1.8465e+02
20200901_23:00:00   3.3776e-02   1.2175e+01   2.2389e-01   0.0000e+00   6.9746e-06   1.8531e+02
20200902_00:00:00   3.3697e-02   1.2154e+01   2.2222e-01   0.0000e+00   6.9534e-06   1.8614e+02
20200902_01:00:00   3.3690e-02   1.2149e+01   2.2151e-01   0.0000e+00   6.9600e-06   1.8685e+02
20200902_02:00:00   3.3702e-02   1.2152e+01   2.2110e-01   0.0000e+00   4.0880e-07   1.8797e+02
20200902_03:00:00   3.3703e-02   1.2150e+01   2.2079e-01   0.0000e+00   3.6086e-06   1.8853e+02
20200902_04:00:00   3.3952e-02   1.2208e+01   2.2397e-01   0.0000e+00   1.1692e-05   1.8835e+02
20200902_05:00:00   3.4182e-02   1.2261e+01   2.2661e-01   0.0000e+00   1.2313e-05   1.8890e+02
20200902_06:00:00   3.4336e-02   1.2297e+01   2.2736e-01   0.0000e+00   1.2463e-05   1.8987e+02
20200902_07:00:00   3.4413e-02   1.2316e+01   2.2704e-01   0.0000e+00   3.4598e-06   1.9052e+02
20200902_08:00:00   3.4538e-02   1.2345e+01   2.2849e-01   0.0000e+00   3.3949e-06   1.9066e+02
20200902_09:00:00   3.4815e-02   1.2411e+01   2.3197e-01   0.0000e+00   3.3161e-06   1.9148e+02
20200902_10:00:00   3.4994e-02   1.2450e+01   2.3371e-01   0.0000e+00   3.2838e-06   1.9166e+02
20200902_11:00:00   3.4323e-02   1.2284e+01   2.2058e-01   0.0000e+00   6.5393e-06   1.9204e+02
20200902_12:00:00   3.4487e-02   1.2320e+01   2.2237e-01   0.0000e+00   6.5347e-06   1.9257e+02
20200902_13:00:00   3.4558e-02   1.2335e+01   2.2320e-01   0.0000e+00   3.2682e-06   1.9269e+02
20200902_14:00:00   3.4742e-02   1.2375e+01   2.2573e-01   0.0000e+00   3.2670e-06   1.9302e+02
20200902_15:00:00   3.4842e-02   1.2393e+01   2.2698e-01   0.0000e+00   1.1424e-05   1.9301e+02
20200902_16:00:00   3.4980e-02   1.2422e+01   2.2924e-01   0.0000e+00   1.1424e-05   1.9289e+02
20200902_17:00:00   3.5132e-02   1.2455e+01   2.3177e-01   0.0000e+00   3.2655e-06   1.9226e+02
20200902_18:00:00   3.5210e-02   1.2472e+01   2.3311e-01   0.0000e+00   3.2648e-06   1.9207e+02
20200902_19:00:00   3.5204e-02   1.2470e+01   2.3311e-01   0.0000e+00   6.5276e-06   1.9225e+02
20200902_20:00:00   3.5049e-02   1.2435e+01   2.3063e-01   0.0000e+00   3.2651e-06   1.9300e+02
20200902_21:00:00   3.4808e-02   1.2381e+01   2.2691e-01   0.0000e+00   3.2660e-06   1.9354e+02
20200902_22:00:00   3.5379e-02   1.2520e+01   2.3802e-01   0.0000e+00   6.5285e-06   1.9431e+02
20200902_23:00:00   3.4976e-02   1.2424e+01   2.3254e-01   0.0000e+00   3.2653e-06   1.9500e+02
20200903_00:00:00   3.4588e-02   1.2332e+01   2.2874e-01   0.0000e+00   3.2652e-06   1.9517e+02
20200903_01:00:00   3.4458e-02   1.2304e+01   2.3206e-01   0.0000e+00   3.2663e-06   1.9464e+02
20200903_02:00:00   3.5857e-02   1.2642e+01   2.6158e-01   0.0000e+00   3.9184e-06   1.9371e+02
20200903_03:00:00   4.0239e-02   1.3694e+01   3.4071e-01   0.0000e+00   3.2654e-06   1.9217e+02
20200903_04:00:00   4.4701e-02   1.4752e+01   4.1750e-01   0.0000e+00   3.2644e-06   1.9098e+02
20200903_05:00:00   4.5506e-02   1.4945e+01   4.3298e-01   0.0000e+00   3.2641e-06   1.9031e+02
20200903_06:00:00   4.5850e-02   1.5029e+01   4.4089e-01   0.0000e+00   1.2238e-05   1.8953e+02
20200903_07:00:00   4.5739e-02   1.5004e+01   4.4046e-01   0.0000e+00   1.1422e-05   1.8934e+02
20200903_08:00:00   4.5254e-02   1.4896e+01   4.3275e-01   0.0000e+00   1.1423e-05   1.8937e+02
20200903_09:00:00   4.5184e-02   1.4885e+01   4.3182e-01   0.0000e+00   3.2659e-06   1.8984e+02
20200903_10:00:00   4.5472e-02   1.4945e+01   4.3917e-01   0.0000e+00   3.2669e-06   1.9138e+02
20200903_11:00:00   4.6728e-02   1.5229e+01   4.6445e-01   0.0000e+00   1.1425e-05   1.9309e+02
20200903_12:00:00   4.7774e-02   1.5477e+01   4.8407e-01   0.0000e+00   2.2846e-05   1.9342e+02
20200903_13:00:00   4.8486e-02   1.5648e+01   4.9709e-01   0.0000e+00   1.4688e-05   1.9272e+02
20200903_14:00:00   4.9943e-02   1.5999e+01   5.2253e-01   0.0000e+00   1.1426e-05   1.9260e+02
20200903_15:00:00   5.1478e-02   1.6363e+01   5.4986e-01   0.0000e+00   3.2686e-06   1.9304e+02
20200903_16:00:00   5.1675e-02   1.6410e+01   5.5316e-01   0.0000e+00   3.2705e-06   1.9381e+02
20200903_17:00:00   5.0716e-02   1.6186e+01   5.3563e-01   0.0000e+00   3.2724e-06   1.9465e+02
20200903_18:00:00   4.9378e-02   1.5870e+01   5.1144e-01   0.0000e+00   3.2754e-06   1.9480e+02
20200903_21:00:00   4.3989e-02   1.4608e+01   4.1377e-01   0.0000e+00   3.2932e-06   1.9604e+02
20200904_00:00:00   4.2840e-02   1.4346e+01   3.9506e-01   0.0000e+00   1.1466e-05   1.9623e+02
20200904_03:00:00   4.4410e-02   1.4691e+01   4.2439e-01   0.0000e+00   1.1492e-05   2.0048e+02
20200904_06:00:00   4.3916e-02   1.4547e+01   4.1429e-01   0.0000e+00   3.3364e-06   2.0324e+02
20200904_09:00:00   3.6830e-02   1.2845e+01   2.8450e-01   0.0000e+00   2.1220e-07   2.0622e+02
20200904_12:00:00   3.3042e-02   1.1901e+01   2.1313e-01   0.0000e+00   6.7708e-06   2.1316e+02
20200904_15:00:00   3.2403e-02   1.1718e+01   1.9972e-01   0.0000e+00   6.8980e-06   2.1850e+02
20200904_18:00:00   2.9931e-02   1.1117e+01   1.5307e-01   0.0000e+00   4.7160e-07   2.2284e+02
20200904_21:00:00   3.0862e-02   1.1326e+01   1.6790e-01   0.0000e+00   7.0320e-07   2.2763e+02
20200905_00:00:00   3.3916e-02   1.2027e+01   2.2035e-01   0.0000e+00   1.1677e-04   2.3298e+02
20200905_03:00:00   3.4799e-02   1.2211e+01   2.3675e-01   0.0000e+00   2.0385e-03   2.3501e+02
20200905_06:00:00   3.4309e-02   1.2089e+01   2.2931e-01   0.0000e+00   2.9654e-03   2.3484e+02
20200905_09:00:00   3.3179e-02   1.1819e+01   2.1095e-01   0.0000e+00   7.4795e-04   2.3440e+02
20200905_12:00:00   3.2267e-02   1.1602e+01   1.9505e-01   0.0000e+00   6.4532e-04   2.3288e+02
20200905_15:00:00   3.1675e-02   1.1462e+01   1.8428e-01   0.0000e+00   4.6483e-04   2.3356e+02
20200905_18:00:00   3.1195e-02   1.1355e+01   1.7572e-01   0.0000e+00   5.4041e-04   2.3292e+02
20200905_21:00:00   3.0764e-02   1.1259e+01   1.6781e-01   0.0000e+00   5.0108e-04   2.3268e+02
20200906_00:00:00   3.0482e-02   1.1198e+01   1.6317e-01   0.0000e+00   4.0757e-04   2.2898e+02
20200906_03:00:00   3.0385e-02   1.1185e+01   1.6259e-01   0.0000e+00   4.2781e-04   2.2384e+02
20200906_06:00:00   2.9939e-02   1.1092e+01   1.5569e-01   0.0000e+00   3.8632e-04   2.2068e+02
20200906_09:00:00   2.9011e-02   1.0883e+01   1.4318e-01   0.0000e+00   3.4360e-04   2.1492e+02
20200906_12:00:00   3.0716e-02   1.1299e+01   1.7798e-01   0.0000e+00   4.0553e-04   2.1201e+02
20200906_15:00:00   3.2577e-02   1.1756e+01   2.1354e-01   0.0000e+00   3.8506e-04   2.1019e+02
20200906_18:00:00   3.2047e-02   1.1642e+01   2.0413e-01   0.0000e+00   3.3184e-04   2.0963e+02
20200906_21:00:00   4.3030e-02   1.4203e+01   4.0404e-01   0.0000e+00   2.0417e-02   2.0919e+02
20200907_00:00:00   4.4434e-02   1.4520e+01   4.2310e-01   0.0000e+00   5.1305e-02   2.0497e+02
20200907_03:00:00   4.4767e-02   1.4605e+01   4.3424e-01   0.0000e+00   3.8207e-02   2.0583e+02
20200907_06:00:00   4.8112e-02   1.5392e+01   4.9507e-01   0.0000e+00   2.7791e-02   2.0786e+02
20200907_09:00:00   4.8038e-02   1.5378e+01   4.9563e-01   0.0000e+00   1.4754e-02   2.0782e+02
20200907_12:00:00   4.4503e-02   1.4557e+01   4.3345e-01   0.0000e+00   7.3788e-03   2.0667e+02
20200907_15:00:00   4.4167e-02   1.4484e+01   4.2625e-01   0.0000e+00   4.2315e-03   2.0466e+02
20200907_18:00:00   4.3352e-02   1.4287e+01   4.0738e-01   0.0000e+00   7.6237e-03   2.0471e+02
20200907_21:00:00   4.3355e-02   1.4298e+01   4.0542e-01   0.0000e+00   6.0531e-03   2.0554e+02
20200908_00:00:00   4.2703e-02   1.4145e+01   3.9467e-01   0.0000e+00   1.7986e-03   2.0603e+02
20200908_03:00:00   4.2220e-02   1.4022e+01   3.8563e-01   0.0000e+00   2.4272e-03   2.0640e+02
20200908_06:00:00   4.2136e-02   1.4009e+01   3.8512e-01   0.0000e+00   9.3353e-04   2.0701e+02
20200908_09:00:00   4.2001e-02   1.3970e+01   3.8232e-01   0.0000e+00   7.1832e-04   2.0660e+02
20200908_12:00:00   4.1557e-02   1.3866e+01   3.7447e-01   0.0000e+00   5.4446e-04   2.0608e+02
20200908_15:00:00   4.1009e-02   1.3738e+01   3.6425e-01   0.0000e+00   1.8002e-03   2.0583e+02
20200908_18:00:00   4.0882e-02   1.3711e+01   3.6266e-01   0.0000e+00   2.0153e-04   2.0378e+02
20200908_21:00:00   4.1418e-02   1.3824e+01   3.7056e-01   0.0000e+00   2.5986e-03   2.0441e+02
20200909_00:00:00   4.2309e-02   1.4036e+01   3.8783e-01   0.0000e+00   1.2950e-03   2.0217e+02
20200909_03:00:00   4.2785e-02   1.4142e+01   3.9304e-01   0.0000e+00   6.2910e-03   2.0313e+02
20200909_06:00:00   4.3099e-02   1.4209e+01   3.9432e-01   0.0000e+00   8.3017e-03   2.0396e+02
20200909_09:00:00   4.3597e-02   1.4331e+01   4.0190e-01   0.0000e+00   5.3269e-03   2.0448e+02
20200909_12:00:00   4.3232e-02   1.4238e+01   3.9469e-01   0.0000e+00   5.7280e-03   2.0530e+02
20200909_15:00:00   4.2684e-02   1.4110e+01   3.8567e-01   0.0000e+00   2.8444e-03   2.0660e+02
20200909_18:00:00   4.2349e-02   1.4024e+01   3.7902e-01   0.0000e+00   3.8220e-03   2.0771e+02
20200909_21:00:00   4.1735e-02   1.3886e+01   3.6864e-01   0.0000e+00   4.9114e-04   2.0692e+02
20200910_00:00:00   4.1012e-02   1.3723e+01   3.5548e-01   0.0000e+00   1.5604e-04   2.0624e+02
20200910_03:00:00   4.0123e-02   1.3525e+01   3.3847e-01   0.0000e+00   1.6670e-04   2.0420e+02
20200910_06:00:00   3.8783e-02   1.3213e+01   3.1372e-01   0.0000e+00   1.9098e-04   2.0166e+02
20200910_09:00:00   3.7726e-02   1.2967e+01   2.9507e-01   0.0000e+00   1.5162e-04   2.0149e+02
20200910_12:00:00   3.6945e-02   1.2780e+01   2.8120e-01   0.0000e+00   1.0088e-04   2.0108e+02
20200910_15:00:00   3.6333e-02   1.2632e+01   2.7081e-01   0.0000e+00   4.7818e-05   2.0284e+02
20200910_18:00:00   3.6244e-02   1.2604e+01   2.6952e-01   0.0000e+00   1.9525e-04   2.0437e+02
20200910_21:00:00   3.6457e-02   1.2641e+01   2.7265e-01   0.0000e+00   1.1441e-03   2.0584e+02
20200911_00:00:00   3.6473e-02   1.2632e+01   2.7512e-01   0.0000e+00   1.7442e-04   2.1211e+02
20200911_03:00:00   3.6395e-02   1.2599e+01   2.7476e-01   0.0000e+00   1.3963e-04   2.1450e+02
20200911_06:00:00   3.4802e-02   1.2218e+01   2.4697e-01   0.0000e+00   1.2693e-04   2.1541e+02
20200911_09:00:00   3.3752e-02   1.1962e+01   2.2806e-01   0.0000e+00   6.0109e-05   2.1568e+02
20200911_12:00:00   3.1825e-02   1.1505e+01   1.9226e-01   0.0000e+00   3.0269e-05   2.1883e+02
20200911_15:00:00   3.0524e-02   1.1192e+01   1.6827e-01   0.0000e+00   2.2138e-05   2.2169e+02
20200911_18:00:00   3.0226e-02   1.1111e+01   1.6372e-01   0.0000e+00   2.2167e-05   2.2272e+02
20200911_21:00:00   2.9789e-02   1.1001e+01   1.5561e-01   0.0000e+00   1.0010e-05   2.2289e+02
20200912_00:00:00   2.9422e-02   1.0913e+01   1.4964e-01   0.0000e+00   1.5475e-05   2.2073e+02
20200912_03:00:00   2.9109e-02   1.0837e+01   1.4413e-01   0.0000e+00   1.4097e-05   2.1985e+02
20200912_06:00:00   2.8899e-02   1.0789e+01   1.3998e-01   0.0000e+00   1.1434e-05   2.1979e+02
20200912_09:00:00   2.8705e-02   1.0742e+01   1.3567e-01   0.0000e+00   1.4143e-05   2.1970e+02
20200912_12:00:00   2.8373e-02   1.0667e+01   1.2949e-01   0.0000e+00   1.1382e-05   2.1973e+02
20200912_15:00:00   2.8384e-02   1.0669e+01   1.2962e-01   0.0000e+00   5.9462e-06   2.2014e+02
20200912_18:00:00   2.9132e-02   1.0843e+01   1.4338e-01   0.0000e+00   3.0358e-05   2.2151e+02
20200912_21:00:00   3.1106e-02   1.1303e+01   1.7962e-01   0.0000e+00   3.0263e-05   2.2073e+02
20200913_00:00:00   3.3294e-02   1.1818e+01   2.1748e-01   0.0000e+00   1.1062e-03   2.2104e+02
20200913_03:00:00   3.4573e-02   1.2118e+01   2.3780e-01   0.0000e+00   1.8590e-03   2.1847e+02
20200913_06:00:00   3.5185e-02   1.2269e+01   2.4503e-01   0.0000e+00   2.7730e-03   2.1747e+02
20200913_09:00:00   3.5572e-02   1.2364e+01   2.4978e-01   0.0000e+00   3.9056e-03   2.1896e+02
20200913_12:00:00   3.5782e-02   1.2419e+01   2.5306e-01   0.0000e+00   3.8014e-03   2.1871e+02
20200913_15:00:00   3.6341e-02   1.2557e+01   2.6262e-01   0.0000e+00   2.6296e-03   2.1965e+02
20200913_18:00:00   3.8297e-02   1.3014e+01   2.9675e-01   0.0000e+00   5.1680e-03   2.2192e+02
20200913_21:00:00   4.0935e-02   1.3640e+01   3.3846e-01   0.0000e+00   1.9657e-02   2.1869e+02
20200914_00:00:00   4.2561e-02   1.4037e+01   3.6453e-01   0.0000e+00   2.5398e-02   2.1465e+02
20200914_03:00:00   4.2122e-02   1.3938e+01   3.5817e-01   0.0000e+00   8.9981e-03   2.1410e+02
20200914_06:00:00   4.2323e-02   1.3986e+01   3.5857e-01   0.0000e+00   8.7553e-03   2.1291e+02
20200914_09:00:00   4.2511e-02   1.4029e+01   3.5707e-01   0.0000e+00   1.7649e-02   2.1137e+02
20200914_12:00:00   4.2387e-02   1.3999e+01   3.5281e-01   0.0000e+00   1.8935e-02   2.1098e+02
20200914_15:00:00   4.3799e-02   1.4339e+01   3.7927e-01   0.0000e+00   2.1962e-02   2.0996e+02
20200914_18:00:00   4.5717e-02   1.4803e+01   4.1381e-01   0.0000e+00   2.6454e-02   2.0830e+02
