#            date       tau255        Tb[K]      pwv[mm] lwp[kg*m^-2] iwp[kg*m^-2]       o3[DU]
20201221_00:00:00   8.2158e-02   2.3739e+01   1.1789e+00   0.0000e+00   3.4091e-05   2.2276e+02
20201221_01:00:00   8.1949e-02   2.3688e+01   1.1739e+00   0.0000e+00   4.7960e-06   2.2301e+02
20201221_02:00:00   8.1541e-02   2.3584e+01   1.1641e+00   0.0000e+00   4.7980e-06   2.2291e+02
20201221_03:00:00   8.1311e-02   2.3524e+01   1.1569e+00   0.0000e+00   4.7940e-06   2.2242e+02
20201221_04:00:00   8.0792e-02   2.3407e+01   1.1439e+00   0.0000e+00   4.7910e-06   2.2214e+02
20201221_05:00:00   7.9349e-02   2.3088e+01   1.1131e+00   0.0000e+00   9.5640e-06   2.2225e+02
20201221_06:00:00   7.7508e-02   2.2682e+01   1.0757e+00   0.0000e+00   4.7830e-06   2.2212e+02
20201221_07:00:00   7.4978e-02   2.2116e+01   1.0248e+00   0.0000e+00   4.7820e-06   2.2152e+02
20201221_08:00:00   7.3120e-02   2.1696e+01   9.8571e-01   0.0000e+00   4.7770e-06   2.2103e+02
20201221_09:00:00   7.2079e-02   2.1453e+01   9.6182e-01   0.0000e+00   4.7710e-06   2.2123e+02
20201221_10:00:00   7.1676e-02   2.1362e+01   9.5215e-01   0.0000e+00   9.5390e-06   2.2134e+02
20201221_11:00:00   7.1384e-02   2.1296e+01   9.4583e-01   0.0000e+00   9.5200e-06   2.2135e+02
20201221_12:00:00   7.1067e-02   2.1225e+01   9.4010e-01   0.0000e+00   0.0000e+00   2.2094e+02
20201221_13:00:00   7.0730e-02   2.1152e+01   9.3433e-01   0.0000e+00   9.4980e-06   2.2045e+02
20201221_14:00:00   6.9987e-02   2.0979e+01   9.2074e-01   0.0000e+00   9.5130e-06   2.2030e+02
20201221_15:00:00   6.9642e-02   2.0894e+01   9.1489e-01   0.0000e+00   9.5360e-06   2.2030e+02
20201221_16:00:00   6.9247e-02   2.0801e+01   9.0798e-01   0.0000e+00   4.7710e-06   2.2011e+02
20201221_17:00:00   6.8520e-02   2.0641e+01   8.9514e-01   0.0000e+00   4.7580e-06   2.1977e+02
20201221_18:00:00   6.7492e-02   2.0410e+01   8.7715e-01   0.0000e+00   4.7580e-06   2.1956e+02
20201221_19:00:00   6.6847e-02   2.0264e+01   8.6587e-01   0.0000e+00   4.7580e-06   2.1919e+02
20201221_20:00:00   6.6264e-02   2.0128e+01   8.5535e-01   0.0000e+00   4.7550e-06   2.1871e+02
20201221_21:00:00   6.5833e-02   2.0031e+01   8.4813e-01   0.0000e+00   4.7570e-06   2.1804e+02
20201221_22:00:00   6.5059e-02   1.9855e+01   8.3525e-01   0.0000e+00   4.7630e-06   2.1726e+02
20201221_23:00:00   6.4572e-02   1.9747e+01   8.2760e-01   0.0000e+00   4.7600e-06   2.1653e+02
20201222_00:00:00   6.4051e-02   1.9628e+01   8.1882e-01   0.0000e+00   0.0000e+00   2.1585e+02
20201222_01:00:00   6.3592e-02   1.9529e+01   8.1211e-01   0.0000e+00   0.0000e+00   2.1498e+02
20201222_02:00:00   6.2853e-02   1.9362e+01   8.0004e-01   0.0000e+00   4.7600e-06   2.1415e+02
20201222_03:00:00   6.2284e-02   1.9236e+01   7.9142e-01   0.0000e+00   0.0000e+00   2.1366e+02
20201222_04:00:00   6.2194e-02   1.9219e+01   7.9104e-01   0.0000e+00   0.0000e+00   2.1318e+02
20201222_05:00:00   6.2305e-02   1.9242e+01   7.9415e-01   0.0000e+00   0.0000e+00   2.1237e+02
20201222_06:00:00   6.2822e-02   1.9362e+01   8.0443e-01   0.0000e+00   0.0000e+00   2.1187e+02
20201222_07:00:00   6.2829e-02   1.9363e+01   8.0531e-01   0.0000e+00   0.0000e+00   2.1172e+02
20201222_08:00:00   6.2652e-02   1.9327e+01   8.0364e-01   0.0000e+00   0.0000e+00   2.1170e+02
20201222_09:00:00   6.2298e-02   1.9247e+01   7.9884e-01   0.0000e+00   0.0000e+00   2.1147e+02
20201222_10:00:00   6.2565e-02   1.9313e+01   8.0624e-01   0.0000e+00   0.0000e+00   2.1116e+02
20201222_11:00:00   6.3780e-02   1.9599e+01   8.3132e-01   0.0000e+00   0.0000e+00   2.1100e+02
20201222_12:00:00   6.5969e-02   2.0103e+01   8.7372e-01   0.0000e+00   0.0000e+00   2.1108e+02
20201222_13:00:00   6.8733e-02   2.0739e+01   9.2633e-01   0.0000e+00   0.0000e+00   2.1116e+02
20201222_14:00:00   7.1753e-02   2.1430e+01   9.8236e-01   0.0000e+00   0.0000e+00   2.1122e+02
20201222_15:00:00   7.4978e-02   2.2169e+01   1.0416e+00   0.0000e+00   8.1580e-06   2.1168e+02
20201222_16:00:00   7.7310e-02   2.2704e+01   1.0833e+00   0.0000e+00   8.1580e-06   2.1204e+02
20201222_17:00:00   7.8372e-02   2.2955e+01   1.1036e+00   0.0000e+00   2.5931e-05   2.1257e+02
20201222_18:00:00   7.8317e-02   2.2954e+01   1.1033e+00   0.0000e+00   2.5922e-05   2.1299e+02
20201222_19:00:00   7.7764e-02   2.2838e+01   1.0943e+00   0.0000e+00   2.5932e-05   2.1333e+02
20201222_20:00:00   7.7026e-02   2.2678e+01   1.0824e+00   0.0000e+00   1.6316e-05   2.1350e+02
20201222_21:00:00   7.5982e-02   2.2444e+01   1.0644e+00   0.0000e+00   1.6316e-05   2.1358e+02
20201222_22:00:00   7.4876e-02   2.2196e+01   1.0456e+00   0.0000e+00   3.6716e-05   2.1378e+02
20201222_23:00:00   7.3771e-02   2.1945e+01   1.0269e+00   0.0000e+00   4.8938e-05   2.1386e+02
20201223_00:00:00   7.2708e-02   2.1705e+01   1.0093e+00   0.0000e+00   2.0400e-05   2.1389e+02
20201223_01:00:00   7.2049e-02   2.1551e+01   9.9856e-01   0.0000e+00   1.0198e-05   2.1406e+02
20201223_02:00:00   7.1854e-02   2.1502e+01   9.9575e-01   0.0000e+00   1.0198e-05   2.1426e+02
20201223_03:00:00   7.1553e-02   2.1431e+01   9.9038e-01   0.0000e+00   0.0000e+00   2.1440e+02
20201223_04:00:00   7.1278e-02   2.1370e+01   9.8596e-01   0.0000e+00   0.0000e+00   2.1489e+02
20201223_05:00:00   7.0715e-02   2.1242e+01   9.7554e-01   0.0000e+00   0.0000e+00   2.1536e+02
20201223_06:00:00   6.9984e-02   2.1075e+01   9.6199e-01   0.0000e+00   0.0000e+00   2.1582e+02
20201223_07:00:00   6.8664e-02   2.0772e+01   9.3711e-01   0.0000e+00   0.0000e+00   2.1630e+02
20201223_08:00:00   6.7100e-02   2.0416e+01   9.0788e-01   0.0000e+00   0.0000e+00   2.1727e+02
20201223_09:00:00   6.5551e-02   2.0057e+01   8.7933e-01   0.0000e+00   0.0000e+00   2.1779e+02
20201223_10:00:00   6.4573e-02   1.9828e+01   8.6272e-01   0.0000e+00   0.0000e+00   2.1818e+02
20201223_11:00:00   6.5007e-02   1.9922e+01   8.7282e-01   0.0000e+00   0.0000e+00   2.1879e+02
20201223_12:00:00   6.6196e-02   2.0188e+01   8.9666e-01   0.0000e+00   0.0000e+00   2.1984e+02
20201223_13:00:00   6.7667e-02   2.0523e+01   9.2505e-01   0.0000e+00   0.0000e+00   2.2060e+02
20201223_14:00:00   6.9250e-02   2.0889e+01   9.5505e-01   0.0000e+00   8.1580e-06   2.2131e+02
20201223_15:00:00   7.0874e-02   2.1262e+01   9.8594e-01   0.0000e+00   8.1580e-06   2.2271e+02
20201223_16:00:00   7.2485e-02   2.1628e+01   1.0168e+00   0.0000e+00   1.6316e-05   2.2392e+02
20201223_17:00:00   7.3595e-02   2.1882e+01   1.0386e+00   0.0000e+00   1.6316e-05   2.2509e+02
20201223_18:00:00   7.4009e-02   2.1976e+01   1.0468e+00   0.0000e+00   1.6316e-05   2.2670e+02
20201223_19:00:00   7.4420e-02   2.2073e+01   1.0544e+00   0.0000e+00   2.4474e-05   2.2852e+02
20201223_20:00:00   7.4623e-02   2.2116e+01   1.0579e+00   0.0000e+00   2.4474e-05   2.3023e+02
20201223_21:00:00   7.5011e-02   2.2203e+01   1.0655e+00   0.0000e+00   2.4474e-05   2.3157e+02
20201223_22:00:00   7.4908e-02   2.2178e+01   1.0641e+00   0.0000e+00   2.4474e-05   2.3251e+02
20201223_23:00:00   7.4430e-02   2.2068e+01   1.0550e+00   0.0000e+00   2.4474e-05   2.3332e+02
20201224_00:00:00   7.4070e-02   2.1980e+01   1.0493e+00   0.0000e+00   2.4474e-05   2.3413e+02
20201224_01:00:00   7.3548e-02   2.1855e+01   1.0412e+00   0.0000e+00   2.4474e-05   2.3524e+02
20201224_02:00:00   7.2660e-02   2.1653e+01   1.0247e+00   0.0000e+00   2.4474e-05   2.3691e+02
20201224_03:00:00   7.1820e-02   2.1464e+01   1.0080e+00   0.0000e+00   3.2632e-05   2.3852e+02
20201224_04:00:00   7.0791e-02   2.1232e+01   9.8669e-01   0.0000e+00   2.4474e-05   2.4042e+02
20201224_05:00:00   7.0128e-02   2.1085e+01   9.7298e-01   0.0000e+00   1.6316e-05   2.4231e+02
20201224_06:00:00   6.9810e-02   2.1012e+01   9.6582e-01   0.0000e+00   2.4474e-05   2.4446e+02
20201224_07:00:00   6.9682e-02   2.0983e+01   9.6265e-01   0.0000e+00   1.6316e-05   2.4738e+02
20201224_08:00:00   6.9497e-02   2.0941e+01   9.5906e-01   0.0000e+00   1.6316e-05   2.4884e+02
20201224_09:00:00   6.9082e-02   2.0849e+01   9.5101e-01   0.0000e+00   3.2632e-05   2.5009e+02
20201224_10:00:00   6.8771e-02   2.0785e+01   9.4444e-01   0.0000e+00   1.6316e-05   2.5165e+02
20201224_11:00:00   6.8479e-02   2.0718e+01   9.3762e-01   0.0000e+00   0.0000e+00   2.5312e+02
20201224_12:00:00   6.7874e-02   2.0582e+01   9.2471e-01   0.0000e+00   2.8559e-05   2.5392e+02
20201224_13:00:00   6.6926e-02   2.0367e+01   9.0547e-01   0.0000e+00   1.8354e-04   2.5440e+02
20201224_14:00:00   6.6258e-02   2.0218e+01   8.9264e-01   0.0000e+00   6.5259e-05   2.5468e+02
20201224_15:00:00   6.5592e-02   2.0068e+01   8.7867e-01   0.0000e+00   1.8355e-05   2.5530e+02
20201224_16:00:00   6.5188e-02   1.9979e+01   8.7002e-01   0.0000e+00   0.0000e+00   2.5603e+02
20201224_17:00:00   6.4921e-02   1.9919e+01   8.6403e-01   0.0000e+00   8.1580e-06   2.5645e+02
20201224_18:00:00   6.4482e-02   1.9823e+01   8.5563e-01   0.0000e+00   0.0000e+00   2.5755e+02
20201224_19:00:00   6.4026e-02   1.9720e+01   8.4703e-01   0.0000e+00   0.0000e+00   2.5856e+02
20201224_20:00:00   6.3974e-02   1.9711e+01   8.4584e-01   0.0000e+00   0.0000e+00   2.5887e+02
20201224_21:00:00   6.3773e-02   1.9660e+01   8.4223e-01   0.0000e+00   0.0000e+00   2.5894e+02
20201224_22:00:00   6.3695e-02   1.9642e+01   8.4165e-01   0.0000e+00   0.0000e+00   2.5897e+02
20201224_23:00:00   6.3462e-02   1.9584e+01   8.3859e-01   0.0000e+00   0.0000e+00   2.5857e+02
20201225_00:00:00   6.3704e-02   1.9635e+01   8.4402e-01   0.0000e+00   0.0000e+00   2.5844e+02
20201225_01:00:00   6.3818e-02   1.9656e+01   8.4735e-01   0.0000e+00   0.0000e+00   2.5878e+02
20201225_02:00:00   6.3950e-02   1.9684e+01   8.5091e-01   0.0000e+00   0.0000e+00   2.5906e+02
20201225_03:00:00   6.3763e-02   1.9637e+01   8.4841e-01   0.0000e+00   0.0000e+00   2.5884e+02
20201225_04:00:00   6.3560e-02   1.9590e+01   8.4589e-01   0.0000e+00   8.1580e-06   2.5763e+02
20201225_05:00:00   6.3638e-02   1.9606e+01   8.4775e-01   0.0000e+00   8.1580e-06   2.5639e+02
20201225_06:00:00   6.3578e-02   1.9592e+01   8.4717e-01   0.0000e+00   8.1580e-06   2.5527e+02
20201225_07:00:00   6.3267e-02   1.9525e+01   8.4223e-01   0.0000e+00   8.1580e-06   2.5528e+02
20201225_08:00:00   6.3175e-02   1.9505e+01   8.4055e-01   0.0000e+00   8.1580e-06   2.5741e+02
20201225_09:00:00   6.2875e-02   1.9435e+01   8.3493e-01   0.0000e+00   8.1580e-06   2.6152e+02
20201225_10:00:00   6.2693e-02   1.9393e+01   8.3156e-01   0.0000e+00   8.1580e-06   2.6722e+02
20201225_11:00:00   6.2655e-02   1.9384e+01   8.3137e-01   0.0000e+00   8.1580e-06   2.7289e+02
20201225_12:00:00   6.2531e-02   1.9360e+01   8.2942e-01   0.0000e+00   8.1580e-06   2.7818e+02
20201225_13:00:00   6.2350e-02   1.9319e+01   8.2606e-01   0.0000e+00   8.1580e-06   2.8483e+02
20201225_14:00:00   6.2015e-02   1.9244e+01   8.2015e-01   0.0000e+00   8.1580e-06   2.8899e+02
20201225_15:00:00   6.1765e-02   1.9190e+01   8.1547e-01   0.0000e+00   0.0000e+00   2.9083e+02
20201225_16:00:00   6.1491e-02   1.9127e+01   8.0918e-01   0.0000e+00   0.0000e+00   2.9429e+02
20201225_17:00:00   6.1172e-02   1.9060e+01   8.0345e-01   0.0000e+00   0.0000e+00   2.9394e+02
20201225_18:00:00   6.0607e-02   1.8933e+01   7.9241e-01   0.0000e+00   0.0000e+00   2.9546e+02
20201225_19:00:00   6.0446e-02   1.8901e+01   7.8884e-01   0.0000e+00   0.0000e+00   2.9960e+02
20201225_20:00:00   6.0435e-02   1.8902e+01   7.8827e-01   0.0000e+00   0.0000e+00   2.9951e+02
20201225_21:00:00   6.0232e-02   1.8853e+01   7.8418e-01   0.0000e+00   0.0000e+00   2.9905e+02
20201225_22:00:00   5.9922e-02   1.8783e+01   7.7903e-01   0.0000e+00   0.0000e+00   3.0055e+02
20201225_23:00:00   5.9806e-02   1.8756e+01   7.7675e-01   0.0000e+00   0.0000e+00   3.0267e+02
20201226_00:00:00   5.9753e-02   1.8742e+01   7.7633e-01   0.0000e+00   0.0000e+00   3.0391e+02
20201226_03:00:00   5.9764e-02   1.8732e+01   7.7792e-01   0.0000e+00   0.0000e+00   3.0710e+02
20201226_06:00:00   6.1400e-02   1.9086e+01   8.1125e-01   0.0000e+00   0.0000e+00   3.0741e+02
20201226_09:00:00   6.6562e-02   2.0241e+01   9.1147e-01   0.0000e+00   4.0789e-05   3.0565e+02
20201226_12:00:00   6.8710e-02   2.0711e+01   9.4978e-01   0.0000e+00   1.3869e-04   3.1234e+02
20201226_15:00:00   6.7693e-02   2.0457e+01   9.2965e-01   0.0000e+00   2.4474e-05   3.1583e+02
20201226_18:00:00   6.6785e-02   2.0226e+01   9.1023e-01   0.0000e+00   2.4474e-05   3.1379e+02
20201226_21:00:00   6.5821e-02   1.9987e+01   8.8827e-01   0.0000e+00   3.2635e-05   3.1225e+02
20201227_00:00:00   6.5571e-02   1.9919e+01   8.7965e-01   0.0000e+00   2.4474e-05   3.1047e+02
20201227_03:00:00   6.4958e-02   1.9762e+01   8.6575e-01   0.0000e+00   2.5293e-04   3.0758e+02
20201227_06:00:00   6.4716e-02   1.9695e+01   8.5813e-01   0.0000e+00   7.4242e-04   3.0896e+02
20201227_09:00:00   6.3856e-02   1.9487e+01   8.3921e-01   0.0000e+00   8.9737e-05   3.0321e+02
20201227_12:00:00   6.2508e-02   1.9176e+01   8.1057e-01   0.0000e+00   8.1580e-06   2.9581e+02
20201227_15:00:00   6.1936e-02   1.9035e+01   7.9689e-01   0.0000e+00   0.0000e+00   2.9007e+02
20201227_18:00:00   6.1663e-02   1.8959e+01   7.8938e-01   0.0000e+00   0.0000e+00   2.8654e+02
20201227_21:00:00   5.8347e-02   1.8201e+01   7.2599e-01   0.0000e+00   0.0000e+00   2.8887e+02
20201228_00:00:00   5.7162e-02   1.7919e+01   7.0280e-01   0.0000e+00   0.0000e+00   2.9431e+02
20201228_03:00:00   5.6906e-02   1.7858e+01   6.9513e-01   0.0000e+00   9.8470e-06   3.0103e+02
20201228_06:00:00   5.7669e-02   1.8032e+01   7.0479e-01   0.0000e+00   8.9950e-06   3.0077e+02
20201228_09:00:00   5.8022e-02   1.8127e+01   7.0523e-01   0.0000e+00   1.3056e-05   2.9887e+02
20201228_12:00:00   5.9213e-02   1.8397e+01   7.2284e-01   0.0000e+00   1.6316e-05   2.9304e+02
20201228_15:00:00   6.3442e-02   1.9357e+01   7.9328e-01   0.0000e+00   3.2632e-05   2.8850e+02
20201228_18:00:00   6.5675e-02   1.9858e+01   8.2998e-01   0.0000e+00   1.3014e-04   2.8270e+02
20201228_21:00:00   6.5386e-02   1.9777e+01   8.2307e-01   0.0000e+00   1.7679e-04   2.7829e+02
20201229_00:00:00   6.5338e-02   1.9760e+01   8.1912e-01   0.0000e+00   1.1007e-03   2.8636e+02
20201229_03:00:00   6.5497e-02   1.9800e+01   8.2031e-01   0.0000e+00   2.5355e-03   2.8351e+02
20201229_06:00:00   6.5716e-02   1.9852e+01   8.2445e-01   0.0000e+00   3.7417e-03   2.8484e+02
20201229_09:00:00   6.5995e-02   1.9935e+01   8.3107e-01   0.0000e+00   2.8129e-03   2.8619e+02
20201229_12:00:00   6.4049e-02   1.9514e+01   8.0445e-01   0.0000e+00   1.3129e-03   2.8197e+02
20201229_15:00:00   6.0682e-02   1.8766e+01   7.5351e-01   0.0000e+00   0.0000e+00   2.8253e+02
20201229_18:00:00   5.9156e-02   1.8430e+01   7.3360e-01   0.0000e+00   0.0000e+00   2.8278e+02
20201229_21:00:00   6.5389e-02   1.9891e+01   8.4182e-01   0.0000e+00   0.0000e+00   2.7951e+02
20201230_00:00:00   6.3259e-02   1.9413e+01   8.0515e-01   0.0000e+00   8.1580e-06   2.7743e+02
20201230_03:00:00   5.9057e-02   1.8451e+01   7.3211e-01   0.0000e+00   0.0000e+00   2.7795e+02
20201230_06:00:00   6.5455e-02   1.9923e+01   8.4408e-01   0.0000e+00   0.0000e+00   2.7503e+02
20201230_09:00:00   7.0019e-02   2.0956e+01   9.2369e-01   0.0000e+00   0.0000e+00   2.7672e+02
20201230_12:00:00   6.7823e-02   2.0440e+01   8.8518e-01   0.0000e+00   4.8930e-06   2.7675e+02
20201230_15:00:00   6.4178e-02   1.9583e+01   8.2074e-01   0.0000e+00   0.0000e+00   2.7940e+02
20201230_18:00:00   6.5573e-02   1.9894e+01   8.3787e-01   0.0000e+00   8.1581e-04   2.8054e+02
20201230_21:00:00   6.7955e-02   2.0437e+01   8.7231e-01   0.0000e+00   1.7329e-03   2.8657e+02
20201231_00:00:00   6.6565e-02   2.0132e+01   8.4286e-01   0.0000e+00   2.5966e-03   2.8818e+02
20201231_03:00:00   6.1980e-02   1.9089e+01   7.6351e-01   0.0000e+00   1.4405e-03   2.8436e+02
20201231_06:00:00   5.9854e-02   1.8587e+01   7.3589e-01   0.0000e+00   3.7310e-04   2.8136e+02
20201231_09:00:00   5.8128e-02   1.8183e+01   7.1202e-01   0.0000e+00   1.3061e-05   2.7925e+02
20201231_12:00:00   5.5693e-02   1.7624e+01   6.7048e-01   0.0000e+00   0.0000e+00   2.7572e+02
20201231_15:00:00   5.5391e-02   1.7563e+01   6.6379e-01   0.0000e+00   0.0000e+00   2.7935e+02
20201231_18:00:00   5.7275e-02   1.8008e+01   6.9483e-01   0.0000e+00   0.0000e+00   2.7967e+02
20201231_21:00:00   6.1767e-02   1.9039e+01   7.7279e-01   0.0000e+00   0.0000e+00   2.8330e+02
20210101_00:00:00   6.1688e-02   1.9004e+01   7.7341e-01   0.0000e+00   5.3777e-05   2.8682e+02
20210101_03:00:00   6.1443e-02   1.8925e+01   7.6957e-01   0.0000e+00   3.3926e-04   2.8974e+02
20210101_06:00:00   6.2329e-02   1.9106e+01   7.8686e-01   0.0000e+00   9.6594e-04   2.8729e+02
20210101_09:00:00   6.4485e-02   1.9573e+01   8.2857e-01   0.0000e+00   1.4929e-03   2.8784e+02
20210101_12:00:00   6.9341e-02   2.0660e+01   9.1354e-01   0.0000e+00   2.9976e-03   2.8512e+02
20210101_15:00:00   7.2611e-02   2.1400e+01   9.6718e-01   0.0000e+00   3.5201e-03   2.8132e+02
20210101_18:00:00   7.3485e-02   2.1601e+01   9.7967e-01   0.0000e+00   3.1409e-03   2.7890e+02
20210101_21:00:00   7.3375e-02   2.1581e+01   9.7991e-01   0.0000e+00   4.8264e-04   2.8121e+02
20210102_00:00:00   7.2388e-02   2.1366e+01   9.6581e-01   0.0000e+00   4.5562e-05   2.8288e+02
20210102_03:00:00   7.2561e-02   2.1421e+01   9.7222e-01   0.0000e+00   3.2632e-05   2.8592e+02
20210102_06:00:00   6.9686e-02   2.0816e+01   9.2189e-01   0.0000e+00   0.0000e+00   2.8988e+02
20210102_09:00:00   6.8105e-02   2.0510e+01   8.9164e-01   0.0000e+00   0.0000e+00   2.9418e+02
20210102_12:00:00   5.6042e-02   1.7776e+01   6.8147e-01   0.0000e+00   0.0000e+00   2.9534e+02
20210102_15:00:00   6.1381e-02   1.9028e+01   7.8458e-01   0.0000e+00   6.0470e-05   3.0697e+02
20210102_18:00:00   8.0691e-02   2.3401e+01   1.1438e+00   0.0000e+00   1.7339e-03   3.1162e+02
20210102_21:00:00   8.7251e-02   2.4878e+01   1.2646e+00   0.0000e+00   4.0238e-03   3.1631e+02
20210103_00:00:00   8.8787e-02   2.5217e+01   1.2927e+00   0.0000e+00   9.4400e-03   3.1895e+02
20210103_03:00:00   8.5639e-02   2.4475e+01   1.2348e+00   0.0000e+00   8.3727e-03   3.1531e+02
20210103_06:00:00   7.7787e-02   2.2724e+01   1.0872e+00   0.0000e+00   1.2980e-03   3.1567e+02
20210103_09:00:00   7.5927e-02   2.2308e+01   1.0596e+00   0.0000e+00   1.6360e-04   3.1316e+02
20210103_12:00:00   8.0294e-02   2.3287e+01   1.1437e+00   0.0000e+00   2.5095e-03   3.1132e+02
20210103_15:00:00   8.1169e-02   2.3459e+01   1.1530e+00   0.0000e+00   2.0382e-03   3.1152e+02
20210103_18:00:00   7.7714e-02   2.2680e+01   1.0912e+00   0.0000e+00   1.0054e-03   3.0920e+02
20210103_21:00:00   8.2081e-02   2.3659e+01   1.1584e+00   0.0000e+00   2.3179e-03   3.0756e+02
20210104_00:00:00   7.7730e-02   2.2691e+01   1.0766e+00   0.0000e+00   3.9302e-04   3.0488e+02
20210104_03:00:00   7.4573e-02   2.1988e+01   1.0225e+00   0.0000e+00   9.9780e-06   3.0473e+02
20210104_06:00:00   7.2616e-02   2.1557e+01   9.8855e-01   0.0000e+00   0.0000e+00   3.0567e+02
20210104_09:00:00   7.0863e-02   2.1170e+01   9.6233e-01   0.0000e+00   0.0000e+00   3.0402e+02
20210104_12:00:00   7.1381e-02   2.1303e+01   9.7842e-01   0.0000e+00   0.0000e+00   2.9929e+02
20210104_15:00:00   6.7951e-02   2.0559e+01   9.1590e-01   0.0000e+00   0.0000e+00   2.9907e+02
20210104_18:00:00   7.0783e-02   2.1226e+01   9.6543e-01   0.0000e+00   8.1580e-06   2.9854e+02
20210104_21:00:00   7.7711e-02   2.2811e+01   1.0907e+00   0.0000e+00   1.7050e-04   2.9829e+02
20210105_00:00:00   8.4337e-02   2.4310e+01   1.2064e+00   0.0000e+00   3.3325e-03   2.9870e+02
20210105_03:00:00   7.6882e-02   2.2605e+01   1.0736e+00   0.0000e+00   1.1627e-03   3.0105e+02
20210105_06:00:00   8.4962e-02   2.4387e+01   1.2216e+00   0.0000e+00   3.2732e-03   3.0207e+02
20210105_09:00:00   8.7267e-02   2.4908e+01   1.2580e+00   0.0000e+00   1.1071e-02   2.9983e+02
20210105_12:00:00   8.4303e-02   2.4226e+01   1.2059e+00   0.0000e+00   6.3709e-03   2.9864e+02
20210105_15:00:00   8.2500e-02   2.3826e+01   1.1774e+00   0.0000e+00   2.0169e-03   2.9858e+02
20210105_18:00:00   8.5410e-02   2.4459e+01   1.2335e+00   0.0000e+00   2.0904e-03   2.9771e+02
20210105_21:00:00   8.6233e-02   2.4649e+01   1.2508e+00   0.0000e+00   1.7639e-03   2.9680e+02
20210106_00:00:00   8.1364e-02   2.3553e+01   1.1673e+00   0.0000e+00   6.3120e-04   2.9838e+02
