#            date       tau255        Tb[K]      pwv[mm] lwp[kg*m^-2] iwp[kg*m^-2]       o3[DU]
20220113_00:00:00   8.2160e-02   2.3637e+01   1.1398e+00   0.0000e+00   1.2465e-02   2.7172e+02
20220113_01:00:00   8.1940e-02   2.3592e+01   1.1342e+00   0.0000e+00   1.5254e-02   2.7164e+02
20220113_02:00:00   8.2121e-02   2.3643e+01   1.1360e+00   0.0000e+00   1.6526e-02   2.7129e+02
20220113_03:00:00   8.2066e-02   2.3640e+01   1.1324e+00   0.0000e+00   1.7789e-02   2.7152e+02
20220113_04:00:00   8.2263e-02   2.3691e+01   1.1344e+00   0.0000e+00   1.9147e-02   2.7167e+02
20220113_05:00:00   8.2140e-02   2.3669e+01   1.1299e+00   0.0000e+00   2.0044e-02   2.7237e+02
20220113_06:00:00   8.2113e-02   2.3668e+01   1.1282e+00   0.0000e+00   2.1134e-02   2.7282e+02
20220113_07:00:00   8.2070e-02   2.3662e+01   1.1258e+00   0.0000e+00   2.2422e-02   2.7259e+02
20220113_08:00:00   8.2023e-02   2.3658e+01   1.1241e+00   0.0000e+00   2.3060e-02   2.7161e+02
20220113_09:00:00   8.2191e-02   2.3706e+01   1.1276e+00   0.0000e+00   2.1133e-02   2.7026e+02
20220113_10:00:00   8.2328e-02   2.3745e+01   1.1298e+00   0.0000e+00   2.0377e-02   2.6945e+02
20220113_11:00:00   8.2440e-02   2.3778e+01   1.1312e+00   0.0000e+00   2.0152e-02   2.6947e+02
20220113_12:00:00   8.2568e-02   2.3813e+01   1.1334e+00   0.0000e+00   1.9360e-02   2.6918e+02
20220113_13:00:00   8.2718e-02   2.3851e+01   1.1366e+00   0.0000e+00   1.8923e-02   2.6898e+02
20220113_14:00:00   8.2297e-02   2.3748e+01   1.1324e+00   0.0000e+00   1.7569e-02   2.6794e+02
20220113_15:00:00   8.1801e-02   2.3641e+01   1.1237e+00   0.0000e+00   1.7030e-02   2.6758e+02
20220113_16:00:00   8.1402e-02   2.3555e+01   1.1173e+00   0.0000e+00   1.5764e-02   2.6757e+02
20220113_17:00:00   8.1248e-02   2.3518e+01   1.1150e+00   0.0000e+00   1.6421e-02   2.6630e+02
20220113_18:00:00   8.1345e-02   2.3541e+01   1.1178e+00   0.0000e+00   1.5890e-02   2.6569e+02
20220113_19:00:00   8.1367e-02   2.3546e+01   1.1183e+00   0.0000e+00   1.5174e-02   2.6557e+02
20220113_20:00:00   8.1495e-02   2.3576e+01   1.1217e+00   0.0000e+00   1.2392e-02   2.6481e+02
20220113_21:00:00   8.1287e-02   2.3530e+01   1.1186e+00   0.0000e+00   1.1115e-02   2.6354e+02
20220113_22:00:00   8.0823e-02   2.3430e+01   1.1103e+00   0.0000e+00   1.0571e-02   2.6276e+02
20220113_23:00:00   8.0828e-02   2.3437e+01   1.1095e+00   0.0000e+00   1.1287e-02   2.6181e+02
20220114_00:00:00   8.0952e-02   2.3473e+01   1.1106e+00   0.0000e+00   1.2144e-02   2.6191e+02
20220114_01:00:00   8.1022e-02   2.3492e+01   1.1131e+00   0.0000e+00   9.8125e-03   2.6243e+02
20220114_02:00:00   8.0626e-02   2.3398e+01   1.1077e+00   0.0000e+00   8.3912e-03   2.6290e+02
20220114_03:00:00   8.0218e-02   2.3298e+01   1.1028e+00   0.0000e+00   7.3664e-03   2.6334e+02
20220114_04:00:00   8.0310e-02   2.3310e+01   1.1074e+00   0.0000e+00   7.6659e-03   2.6342e+02
20220114_05:00:00   8.0719e-02   2.3394e+01   1.1182e+00   0.0000e+00   7.4512e-03   2.6394e+02
20220114_06:00:00   8.1709e-02   2.3616e+01   1.1383e+00   0.0000e+00   7.1080e-03   2.6393e+02
20220114_07:00:00   8.2365e-02   2.3761e+01   1.1521e+00   0.0000e+00   7.1639e-03   2.6388e+02
20220114_08:00:00   8.2499e-02   2.3790e+01   1.1554e+00   0.0000e+00   7.9503e-03   2.6390e+02
20220114_09:00:00   8.2763e-02   2.3850e+01   1.1606e+00   0.0000e+00   9.0623e-03   2.6412e+02
20220114_10:00:00   8.2757e-02   2.3850e+01   1.1607e+00   0.0000e+00   1.0240e-02   2.6427e+02
20220114_11:00:00   8.3018e-02   2.3913e+01   1.1647e+00   0.0000e+00   1.1375e-02   2.6442e+02
20220114_12:00:00   8.2836e-02   2.3874e+01   1.1607e+00   0.0000e+00   1.2754e-02   2.6487e+02
20220114_13:00:00   8.2487e-02   2.3791e+01   1.1543e+00   0.0000e+00   1.4756e-02   2.6480e+02
20220114_14:00:00   8.2054e-02   2.3691e+01   1.1452e+00   0.0000e+00   1.7897e-02   2.6490e+02
20220114_15:00:00   8.1786e-02   2.3629e+01   1.1415e+00   0.0000e+00   1.6564e-02   2.6478e+02
20220114_16:00:00   8.1079e-02   2.3467e+01   1.1303e+00   0.0000e+00   1.3360e-02   2.6445e+02
20220114_17:00:00   8.0049e-02   2.3234e+01   1.1102e+00   0.0000e+00   1.2437e-02   2.6352e+02
20220114_18:00:00   7.8965e-02   2.2990e+01   1.0870e+00   0.0000e+00   1.5228e-02   2.6212e+02
20220114_19:00:00   7.7895e-02   2.2753e+01   1.0652e+00   0.0000e+00   1.4865e-02   2.6150e+02
20220114_20:00:00   7.6679e-02   2.2481e+01   1.0419e+00   0.0000e+00   1.2211e-02   2.6171e+02
20220114_21:00:00   7.5266e-02   2.2165e+01   1.0132e+00   0.0000e+00   1.1700e-02   2.6257e+02
20220114_22:00:00   7.3926e-02   2.1860e+01   9.8792e-01   0.0000e+00   1.1991e-02   2.6333e+02
20220114_23:00:00   7.2669e-02   2.1575e+01   9.6231e-01   0.0000e+00   1.2072e-02   2.6378e+02
20220115_00:00:00   7.1177e-02   2.1239e+01   9.3341e-01   0.0000e+00   1.0061e-02   2.6512e+02
20220115_01:00:00   6.9435e-02   2.0840e+01   8.9952e-01   0.0000e+00   1.0238e-02   2.6683e+02
20220115_02:00:00   6.8235e-02   2.0562e+01   8.7677e-01   0.0000e+00   9.4542e-03   2.6838e+02
20220115_03:00:00   6.7013e-02   2.0275e+01   8.5465e-01   0.0000e+00   9.3440e-03   2.6802e+02
20220115_04:00:00   6.5739e-02   1.9972e+01   8.3291e-01   0.0000e+00   7.2161e-03   2.6750e+02
20220115_05:00:00   6.4560e-02   1.9691e+01   8.0992e-01   0.0000e+00   5.8601e-03   2.6661e+02
20220115_06:00:00   6.2760e-02   1.9270e+01   7.7690e-01   0.0000e+00   4.5042e-03   2.6626e+02
20220115_07:00:00   6.1415e-02   1.8952e+01   7.5155e-01   0.0000e+00   3.3669e-03   2.6599e+02
20220115_08:00:00   6.0583e-02   1.8751e+01   7.3539e-01   0.0000e+00   2.7937e-03   2.6651e+02
20220115_09:00:00   5.6618e-02   1.7837e+01   6.6483e-01   0.0000e+00   2.3998e-03   2.6694e+02
20220115_10:00:00   5.5837e-02   1.7646e+01   6.5022e-01   0.0000e+00   2.1060e-03   2.6741e+02
20220115_11:00:00   5.5127e-02   1.7474e+01   6.3735e-01   0.0000e+00   1.4497e-03   2.6832e+02
20220115_12:00:00   5.4551e-02   1.7339e+01   6.2728e-01   0.0000e+00   1.1944e-03   2.6922e+02
20220115_13:00:00   5.4639e-02   1.7357e+01   6.2887e-01   0.0000e+00   1.2938e-03   2.7009e+02
20220115_14:00:00   5.4743e-02   1.7381e+01   6.3099e-01   0.0000e+00   1.5422e-03   2.7081e+02
20220115_15:00:00   5.5313e-02   1.7520e+01   6.4248e-01   0.0000e+00   1.7394e-03   2.7110e+02
20220115_16:00:00   5.8895e-02   1.8343e+01   7.0698e-01   0.0000e+00   1.8323e-03   2.7102e+02
20220115_17:00:00   6.0352e-02   1.8691e+01   7.3573e-01   0.0000e+00   1.6379e-03   2.7111e+02
20220115_18:00:00   6.2796e-02   1.9263e+01   7.8269e-01   0.0000e+00   1.7485e-03   2.7134e+02
20220115_19:00:00   6.6177e-02   2.0046e+01   8.4623e-01   0.0000e+00   1.5426e-03   2.7172e+02
20220115_20:00:00   6.9542e-02   2.0826e+01   9.0836e-01   0.0000e+00   3.2781e-03   2.7150e+02
20220115_21:00:00   6.9894e-02   2.0930e+01   9.1523e-01   0.0000e+00   4.3629e-03   2.7138e+02
20220115_22:00:00   7.0684e-02   2.1120e+01   9.3588e-01   0.0000e+00   2.4236e-03   2.7066e+02
20220115_23:00:00   7.2486e-02   2.1518e+01   9.7581e-01   0.0000e+00   1.3234e-03   2.7132e+02
20220116_00:00:00   7.2591e-02   2.1545e+01   9.7985e-01   0.0000e+00   1.2347e-03   2.7327e+02
20220116_01:00:00   7.1943e-02   2.1414e+01   9.6603e-01   0.0000e+00   1.1116e-03   2.7575e+02
20220116_02:00:00   7.0451e-02   2.1097e+01   9.3409e-01   0.0000e+00   1.2931e-03   2.7626e+02
20220116_03:00:00   6.9784e-02   2.0948e+01   9.3019e-01   0.0000e+00   1.0966e-03   2.7493e+02
20220116_04:00:00   7.3628e-02   2.1805e+01   1.0157e+00   0.0000e+00   4.8456e-04   2.7369e+02
20220116_05:00:00   8.6575e-02   2.4682e+01   1.2698e+00   0.0000e+00   2.1122e-02   2.7219e+02
20220116_06:00:00   1.0155e-01   2.7957e+01   1.5587e+00   0.0000e+00   7.3341e-02   2.7048e+02
20220116_07:00:00   1.0385e-01   2.8454e+01   1.6128e+00   0.0000e+00   7.5770e-02   2.6841e+02
20220116_08:00:00   1.0667e-01   2.9090e+01   1.6855e+00   0.0000e+00   5.4701e-02   2.6755e+02
20220116_09:00:00   1.0983e-01   2.9803e+01   1.7413e+00   0.0000e+00   7.6130e-02   2.6690e+02
20220116_10:00:00   1.1266e-01   3.0446e+01   1.7910e+00   0.0000e+00   9.0779e-02   2.6609e+02
20220116_11:00:00   1.1468e-01   3.0906e+01   1.8280e+00   0.0000e+00   9.2932e-02   2.6553e+02
20220116_12:00:00   1.1634e-01   3.1289e+01   1.8638e+00   0.0000e+00   8.2728e-02   2.6523e+02
20220116_13:00:00   1.1781e-01   3.1630e+01   1.8976e+00   0.0000e+00   6.7874e-02   2.6485e+02
20220116_14:00:00   1.1891e-01   3.1886e+01   1.9222e+00   0.0000e+00   5.7634e-02   2.6540e+02
20220116_15:00:00   1.1942e-01   3.2003e+01   1.9323e+00   0.0000e+00   5.2193e-02   2.6551e+02
20220116_16:00:00   1.2000e-01   3.2141e+01   1.9416e+00   0.0000e+00   5.1008e-02   2.6612e+02
20220116_17:00:00   1.1998e-01   3.2143e+01   1.9435e+00   0.0000e+00   3.9049e-02   2.6597e+02
20220116_18:00:00   1.1971e-01   3.2088e+01   1.9409e+00   0.0000e+00   2.4140e-02   2.6636e+02
20220116_19:00:00   1.2051e-01   3.2276e+01   1.9566e+00   0.0000e+00   1.7661e-02   2.6632e+02
20220116_20:00:00   1.2104e-01   3.2403e+01   1.9637e+00   0.0000e+00   1.5670e-02   2.6698e+02
20220116_21:00:00   1.2140e-01   3.2495e+01   1.9666e+00   0.0000e+00   1.6484e-02   2.6746e+02
20220116_22:00:00   1.2063e-01   3.2330e+01   1.9453e+00   0.0000e+00   2.1684e-02   2.6816e+02
20220116_23:00:00   1.1988e-01   3.2165e+01   1.9264e+00   0.0000e+00   2.4737e-02   2.6784e+02
20220117_00:00:00   1.1843e-01   3.1855e+01   1.8949e+00   0.0000e+00   1.9153e-02   2.6924e+02
20220117_01:00:00   1.1735e-01   3.1633e+01   1.8713e+00   0.0000e+00   1.1868e-02   2.7050e+02
20220117_02:00:00   1.1525e-01   3.1187e+01   1.8244e+00   0.0000e+00   8.1232e-03   2.7174e+02
20220117_03:00:00   1.1182e-01   3.0442e+01   1.7480e+00   0.0000e+00   1.0143e-02   2.7345e+02
20220117_04:00:00   1.1005e-01   3.0048e+01   1.7063e+00   0.0000e+00   1.6945e-02   2.7448e+02
20220117_05:00:00   1.0972e-01   2.9959e+01   1.7013e+00   0.0000e+00   1.4276e-02   2.7550e+02
20220117_06:00:00   1.0988e-01   2.9981e+01   1.7093e+00   0.0000e+00   8.3743e-03   2.7477e+02
20220117_07:00:00   1.1036e-01   3.0068e+01   1.7203e+00   0.0000e+00   1.2136e-02   2.7385e+02
20220117_08:00:00   1.1046e-01   3.0081e+01   1.7253e+00   0.0000e+00   1.3137e-02   2.7384e+02
20220117_09:00:00   1.1048e-01   3.0075e+01   1.7327e+00   0.0000e+00   9.7960e-03   2.7408e+02
20220117_10:00:00   1.1008e-01   2.9987e+01   1.7286e+00   0.0000e+00   8.4148e-03   2.7346e+02
20220117_11:00:00   1.0555e-01   2.9026e+01   1.6362e+00   0.0000e+00   7.8412e-03   2.7286e+02
20220117_12:00:00   1.0157e-01   2.8173e+01   1.5565e+00   0.0000e+00   6.8848e-03   2.7191e+02
20220117_13:00:00   1.0264e-01   2.8395e+01   1.5842e+00   0.0000e+00   6.4992e-03   2.7079e+02
20220117_14:00:00   1.0559e-01   2.9023e+01   1.6533e+00   0.0000e+00   6.5309e-03   2.6920e+02
20220117_15:00:00   1.0726e-01   2.9372e+01   1.6907e+00   0.0000e+00   8.7974e-03   2.6876e+02
20220117_16:00:00   1.0806e-01   2.9549e+01   1.7117e+00   0.0000e+00   8.0927e-03   2.6830e+02
20220117_17:00:00   1.0959e-01   2.9881e+01   1.7453e+00   0.0000e+00   8.4838e-03   2.6802e+02
20220117_18:00:00   1.1109e-01   3.0197e+01   1.7792e+00   0.0000e+00   9.9013e-03   2.6730e+02
20220117_19:00:00   1.1069e-01   3.0110e+01   1.7801e+00   0.0000e+00   9.0815e-03   2.6616e+02
20220117_20:00:00   1.0973e-01   2.9896e+01   1.7666e+00   0.0000e+00   1.0861e-02   2.6559e+02
20220117_21:00:00   1.0866e-01   2.9664e+01   1.7505e+00   0.0000e+00   9.4555e-03   2.6562e+02
20220117_22:00:00   1.0724e-01   2.9357e+01   1.7264e+00   0.0000e+00   8.2526e-03   2.6601e+02
20220117_23:00:00   1.0608e-01   2.9110e+01   1.7064e+00   0.0000e+00   1.2049e-02   2.6679e+02
20220118_00:00:00   1.0490e-01   2.8862e+01   1.6859e+00   0.0000e+00   1.2138e-02   2.6697e+02
20220118_03:00:00   1.0192e-01   2.8184e+01   1.6321e+00   0.0000e+00   8.9948e-03   2.6842e+02
20220118_06:00:00   9.8277e-02   2.7385e+01   1.5679e+00   0.0000e+00   1.4561e-03   2.6873e+02
20220118_09:00:00   9.2387e-02   2.6087e+01   1.4550e+00   0.0000e+00   1.3992e-03   2.7088e+02
20220118_12:00:00   8.4088e-02   2.4244e+01   1.2884e+00   0.0000e+00   8.1577e-05   2.7111e+02
20220118_15:00:00   7.6660e-02   2.2580e+01   1.1331e+00   0.0000e+00   1.6316e-05   2.7344e+02
20220118_18:00:00   7.3796e-02   2.1929e+01   1.0721e+00   0.0000e+00   8.1580e-06   2.7512e+02
20220118_21:00:00   6.7374e-02   2.0473e+01   9.4932e-01   0.0000e+00   8.1580e-06   2.7661e+02
20220119_00:00:00   5.8273e-02   1.8391e+01   7.6642e-01   0.0000e+00   0.0000e+00   2.7343e+02
20220119_03:00:00   5.5024e-02   1.7649e+01   7.0189e-01   0.0000e+00   0.0000e+00   2.7171e+02
20220119_06:00:00   5.4901e-02   1.7624e+01   6.9813e-01   0.0000e+00   0.0000e+00   2.7127e+02
20220119_09:00:00   5.9360e-02   1.8656e+01   7.8204e-01   0.0000e+00   0.0000e+00   2.6955e+02
20220119_12:00:00   6.4505e-02   1.9844e+01   8.7728e-01   0.0000e+00   0.0000e+00   2.6852e+02
20220119_15:00:00   6.7253e-02   2.0485e+01   9.2455e-01   0.0000e+00   0.0000e+00   2.6921e+02
20220119_18:00:00   6.9162e-02   2.0933e+01   9.5816e-01   0.0000e+00   0.0000e+00   2.6943e+02
20220119_21:00:00   7.1396e-02   2.1460e+01   9.9486e-01   0.0000e+00   0.0000e+00   2.6988e+02
20220120_00:00:00   7.2121e-02   2.1631e+01   1.0056e+00   0.0000e+00   0.0000e+00   2.7067e+02
20220120_03:00:00   7.0884e-02   2.1324e+01   9.8500e-01   0.0000e+00   0.0000e+00   2.7028e+02
20220120_06:00:00   7.1280e-02   2.1397e+01   9.9097e-01   0.0000e+00   1.4276e-04   2.6991e+02
20220120_09:00:00   7.7827e-02   2.2847e+01   1.1129e+00   0.0000e+00   1.2135e-03   2.7122e+02
20220120_12:00:00   8.9248e-02   2.5428e+01   1.3091e+00   0.0000e+00   2.2511e-04   2.7353e+02
20220120_15:00:00   9.1926e-02   2.6028e+01   1.3627e+00   0.0000e+00   1.7829e-04   2.7174e+02
20220120_18:00:00   8.6628e-02   2.4852e+01   1.2710e+00   0.0000e+00   0.0000e+00   2.7177e+02
20220120_21:00:00   8.1017e-02   2.3594e+01   1.1801e+00   0.0000e+00   0.0000e+00   2.7348e+02
20220121_00:00:00   8.2289e-02   2.3851e+01   1.2251e+00   0.0000e+00   9.1769e-05   2.7399e+02
20220121_03:00:00   8.1576e-02   2.3703e+01   1.2207e+00   0.0000e+00   8.1580e-06   2.7314e+02
20220121_06:00:00   8.0012e-02   2.3364e+01   1.1931e+00   0.0000e+00   1.8355e-05   2.7332e+02
20220121_09:00:00   8.0461e-02   2.3507e+01   1.1968e+00   0.0000e+00   1.6316e-05   2.7623e+02
20220121_12:00:00   8.2205e-02   2.3964e+01   1.2174e+00   0.0000e+00   8.1580e-06   2.7679e+02
20220121_15:00:00   8.2571e-02   2.4088e+01   1.2222e+00   0.0000e+00   0.0000e+00   2.7461e+02
20220121_18:00:00   8.2769e-02   2.4167e+01   1.2291e+00   0.0000e+00   0.0000e+00   2.7494e+02
20220121_21:00:00   8.1636e-02   2.3929e+01   1.2169e+00   0.0000e+00   0.0000e+00   2.7394e+02
20220122_00:00:00   7.9504e-02   2.3438e+01   1.1891e+00   0.0000e+00   0.0000e+00   2.7370e+02
20220122_03:00:00   7.6654e-02   2.2785e+01   1.1435e+00   0.0000e+00   0.0000e+00   2.7325e+02
20220122_06:00:00   7.5078e-02   2.2420e+01   1.1181e+00   0.0000e+00   1.8355e-04   2.7314e+02
20220122_09:00:00   7.4874e-02   2.2363e+01   1.1143e+00   0.0000e+00   1.4358e-03   2.7244e+02
20220122_12:00:00   7.7703e-02   2.2988e+01   1.1767e+00   0.0000e+00   1.8008e-03   2.7199e+02
20220122_15:00:00   7.9517e-02   2.3391e+01   1.2081e+00   0.0000e+00   1.8864e-03   2.7145e+02
20220122_18:00:00   8.4028e-02   2.4422e+01   1.2847e+00   0.0000e+00   4.6872e-03   2.7432e+02
20220122_21:00:00   9.2775e-02   2.6385e+01   1.4398e+00   0.0000e+00   6.5391e-04   2.7699e+02
20220123_00:00:00   9.3212e-02   2.6508e+01   1.4353e+00   0.0000e+00   7.3978e-05   2.7774e+02
20220123_03:00:00   9.0098e-02   2.5827e+01   1.3671e+00   0.0000e+00   4.7840e-04   2.7922e+02
20220123_06:00:00   9.2132e-02   2.6248e+01   1.4104e+00   0.0000e+00   7.3578e-04   2.7856e+02
20220123_09:00:00   9.7834e-02   2.7486e+01   1.5272e+00   0.0000e+00   9.3770e-04   2.7881e+02
20220123_12:00:00   1.0262e-01   2.8514e+01   1.6227e+00   0.0000e+00   2.6403e-03   2.7921e+02
20220123_15:00:00   1.0512e-01   2.9084e+01   1.6669e+00   0.0000e+00   1.4271e-03   2.7958e+02
20220123_18:00:00   1.0484e-01   2.9033e+01   1.6548e+00   0.0000e+00   1.6081e-04   2.7880e+02
20220123_21:00:00   1.0125e-01   2.8257e+01   1.5811e+00   0.0000e+00   3.7790e-04   2.7934e+02
20220124_00:00:00   9.6756e-02   2.7265e+01   1.4983e+00   0.0000e+00   1.8928e-05   2.7879e+02
20220124_03:00:00   9.4463e-02   2.6752e+01   1.4564e+00   0.0000e+00   4.7440e-06   2.7884e+02
20220124_06:00:00   9.4747e-02   2.6812e+01   1.4661e+00   0.0000e+00   4.7650e-06   2.7954e+02
20220124_09:00:00   9.5047e-02   2.6869e+01   1.4785e+00   0.0000e+00   4.7790e-06   2.7900e+02
20220124_12:00:00   9.3964e-02   2.6626e+01   1.4600e+00   0.0000e+00   0.0000e+00   2.7796e+02
20220124_15:00:00   8.9363e-02   2.5616e+01   1.3671e+00   0.0000e+00   0.0000e+00   2.7713e+02
20220124_18:00:00   8.2323e-02   2.4027e+01   1.2351e+00   0.0000e+00   0.0000e+00   2.7649e+02
20220124_21:00:00   7.3320e-02   2.1983e+01   1.0628e+00   0.0000e+00   0.0000e+00   2.7412e+02
20220125_00:00:00   6.8194e-02   2.0816e+01   9.5512e-01   0.0000e+00   0.0000e+00   2.7527e+02
20220125_03:00:00   6.3190e-02   1.9650e+01   8.5997e-01   0.0000e+00   0.0000e+00   2.7687e+02
20220125_06:00:00   6.0654e-02   1.9047e+01   8.1435e-01   0.0000e+00   0.0000e+00   2.7619e+02
20220125_09:00:00   5.9726e-02   1.8836e+01   7.9400e-01   0.0000e+00   0.0000e+00   2.7647e+02
20220125_12:00:00   5.9073e-02   1.8691e+01   7.7870e-01   0.0000e+00   0.0000e+00   2.7598e+02
20220125_15:00:00   5.5598e-02   1.7875e+01   7.1663e-01   0.0000e+00   0.0000e+00   2.7646e+02
20220125_18:00:00   5.5293e-02   1.7800e+01   7.1699e-01   0.0000e+00   0.0000e+00   2.7551e+02
20220125_21:00:00   5.6845e-02   1.8165e+01   7.4582e-01   0.0000e+00   0.0000e+00   2.7500e+02
20220126_00:00:00   5.5645e-02   1.7887e+01   7.2030e-01   0.0000e+00   0.0000e+00   2.7582e+02
20220126_03:00:00   5.1517e-02   1.6910e+01   6.4061e-01   0.0000e+00   0.0000e+00   2.7611e+02
20220126_06:00:00   4.9831e-02   1.6498e+01   6.1025e-01   0.0000e+00   0.0000e+00   2.7519e+02
20220126_09:00:00   5.0323e-02   1.6597e+01   6.2825e-01   0.0000e+00   0.0000e+00   2.7473e+02
20220126_12:00:00   5.1353e-02   1.6831e+01   6.5402e-01   0.0000e+00   0.0000e+00   2.7506e+02
20220126_15:00:00   5.2875e-02   1.7178e+01   6.9525e-01   0.0000e+00   0.0000e+00   2.7433e+02
20220126_18:00:00   5.8012e-02   1.8361e+01   8.1488e-01   0.0000e+00   2.9575e-04   2.7314e+02
20220126_21:00:00   6.3102e-02   1.9514e+01   9.3198e-01   0.0000e+00   2.5477e-03   2.7170e+02
20220127_00:00:00   6.8785e-02   2.0814e+01   1.0511e+00   0.0000e+00   8.8310e-03   2.7119e+02
20220127_03:00:00   7.1725e-02   2.1483e+01   1.1129e+00   0.0000e+00   6.3940e-03   2.7046e+02
20220127_06:00:00   7.4023e-02   2.2001e+01   1.1536e+00   0.0000e+00   9.2143e-03   2.6947e+02
20220127_09:00:00   7.5269e-02   2.2286e+01   1.1669e+00   0.0000e+00   1.2946e-02   2.6894e+02
20220127_12:00:00   8.1678e-02   2.3729e+01   1.2901e+00   0.0000e+00   1.5500e-02   2.6899e+02
20220127_15:00:00   9.0802e-02   2.5783e+01   1.4499e+00   0.0000e+00   1.9042e-02   2.6864e+02
20220127_18:00:00   1.0578e-01   2.9104e+01   1.7195e+00   0.0000e+00   3.0124e-02   2.7098e+02
20220127_21:00:00   1.1348e-01   3.0778e+01   1.8436e+00   0.0000e+00   2.7763e-02   2.6821e+02
20220128_00:00:00   1.1779e-01   3.1707e+01   1.9152e+00   0.0000e+00   2.2636e-02   2.6302e+02
20220128_03:00:00   1.1480e-01   3.1046e+01   1.8606e+00   0.0000e+00   1.8277e-02   2.6748e+02
20220128_06:00:00   1.1021e-01   3.0032e+01   1.7811e+00   0.0000e+00   1.9887e-02   2.7159e+02
20220128_09:00:00   1.0126e-01   2.8055e+01   1.6225e+00   0.0000e+00   2.1354e-02   2.6969e+02
20220128_12:00:00   8.7700e-02   2.5038e+01   1.3686e+00   0.0000e+00   1.4811e-02   2.6945e+02
20220128_15:00:00   7.5802e-02   2.2372e+01   1.1373e+00   0.0000e+00   9.7759e-03   2.7231e+02
20220128_18:00:00   6.8074e-02   2.0624e+01   9.8714e-01   0.0000e+00   6.4202e-03   2.7393e+02
20220128_21:00:00   6.0856e-02   1.8991e+01   8.3592e-01   0.0000e+00   5.9606e-03   2.7063e+02
20220129_00:00:00   5.7651e-02   1.8260e+01   7.6729e-01   0.0000e+00   8.0252e-03   2.6802e+02
