#            date       tau255        Tb[K]      pwv[mm] lwp[kg*m^-2] iwp[kg*m^-2]       o3[DU]
20220811_06:00:00   6.8440e-02   2.0180e+01   8.6813e-01   0.0000e+00   1.0153e-02   2.4473e+02
20220811_07:00:00   6.4827e-02   1.9374e+01   7.9742e-01   0.0000e+00   1.2191e-02   2.4421e+02
20220811_08:00:00   6.4212e-02   1.9239e+01   7.8335e-01   0.0000e+00   1.4737e-02   2.4408e+02
20220811_09:00:00   6.4275e-02   1.9270e+01   7.8109e-01   0.0000e+00   1.7956e-02   2.4565e+02
20220811_10:00:00   6.3735e-02   1.9157e+01   7.6995e-01   0.0000e+00   1.9049e-02   2.4802e+02
20220811_11:00:00   6.2552e-02   1.8879e+01   7.4561e-01   0.0000e+00   2.3352e-02   2.4974e+02
20220811_12:00:00   6.1664e-02   1.8672e+01   7.3029e-01   0.0000e+00   2.0533e-02   2.4908e+02
20220811_13:00:00   6.1176e-02   1.8561e+01   7.2299e-01   0.0000e+00   1.6108e-02   2.4772e+02
20220811_14:00:00   6.0719e-02   1.8451e+01   7.1301e-01   0.0000e+00   1.8426e-02   2.4829e+02
20220811_15:00:00   5.9259e-02   1.8095e+01   6.8128e-01   0.0000e+00   2.6766e-02   2.4805e+02
20220811_16:00:00   5.7326e-02   1.7633e+01   6.4618e-01   0.0000e+00   2.2345e-02   2.5100e+02
20220811_17:00:00   5.6487e-02   1.7420e+01   6.3143e-01   0.0000e+00   1.9444e-02   2.5603e+02
20220811_18:00:00   5.5713e-02   1.7214e+01   6.1938e-01   0.0000e+00   1.9022e-02   2.5960e+02
20220811_19:00:00   5.5466e-02   1.7137e+01   6.1759e-01   0.0000e+00   1.4944e-02   2.6491e+02
20220811_20:00:00   4.8199e-02   1.5451e+01   4.9344e-01   0.0000e+00   1.0570e-02   2.6556e+02
20220811_21:00:00   4.7331e-02   1.5242e+01   4.7720e-01   0.0000e+00   8.8783e-03   2.6536e+02
20220811_22:00:00   4.6198e-02   1.4968e+01   4.5685e-01   0.0000e+00   6.7719e-03   2.6372e+02
20220811_23:00:00   4.5622e-02   1.4830e+01   4.4801e-01   0.0000e+00   4.7177e-03   2.6255e+02
20220812_00:00:00   4.4856e-02   1.4654e+01   4.3436e-01   0.0000e+00   4.1909e-03   2.6232e+02
20220812_01:00:00   4.2035e-02   1.4014e+01   3.8119e-01   0.0000e+00   2.1829e-03   2.6376e+02
20220812_02:00:00   3.7592e-02   1.2983e+01   3.0137e-01   0.0000e+00   4.4938e-05   2.6717e+02
20220812_03:00:00   3.3240e-02   1.1956e+01   2.2351e-01   0.0000e+00   8.5142e-06   2.7092e+02
20220812_04:00:00   3.1424e-02   1.1511e+01   1.9196e-01   0.0000e+00   8.5320e-06   2.7114e+02
20220812_05:00:00   3.0504e-02   1.1283e+01   1.7556e-01   0.0000e+00   8.5420e-06   2.7299e+02
20220812_06:00:00   2.9752e-02   1.1092e+01   1.6066e-01   0.0000e+00   5.2690e-06   2.7620e+02
20220812_07:00:00   2.8912e-02   1.0880e+01   1.4391e-01   0.0000e+00   8.5360e-06   2.7959e+02
20220812_08:00:00   2.7602e-02   1.0559e+01   1.1857e-01   0.0000e+00   2.0000e-06   2.8161e+02
20220812_09:00:00   2.7322e-02   1.0486e+01   1.1265e-01   0.0000e+00   8.5520e-06   2.8132e+02
20220812_10:00:00   2.7498e-02   1.0520e+01   1.1498e-01   0.0000e+00   8.5148e-06   2.8055e+02
20220812_11:00:00   2.7583e-02   1.0536e+01   1.1658e-01   0.0000e+00   8.5206e-06   2.8007e+02
20220812_12:00:00   2.7601e-02   1.0537e+01   1.1674e-01   0.0000e+00   8.5072e-06   2.8063e+02
20220812_13:00:00   2.7647e-02   1.0542e+01   1.1693e-01   0.0000e+00   1.9864e-06   2.8194e+02
20220812_14:00:00   2.7813e-02   1.0577e+01   1.1873e-01   0.0000e+00   1.9922e-06   2.8223e+02
20220812_15:00:00   2.8031e-02   1.0625e+01   1.2184e-01   0.0000e+00   3.3643e-05   2.8174e+02
20220812_16:00:00   2.8002e-02   1.0616e+01   1.2117e-01   0.0000e+00   1.0760e-04   2.8097e+02
20220812_17:00:00   2.7937e-02   1.0599e+01   1.1996e-01   0.0000e+00   1.4984e-04   2.8319e+02
20220812_18:00:00   2.7882e-02   1.0588e+01   1.1911e-01   0.0000e+00   1.8142e-04   2.8571e+02
20220812_19:00:00   2.7944e-02   1.0600e+01   1.1975e-01   0.0000e+00   2.0178e-04   2.8690e+02
20220812_20:00:00   2.8053e-02   1.0629e+01   1.2266e-01   0.0000e+00   1.8042e-04   2.8603e+02
20220812_21:00:00   2.8622e-02   1.0764e+01   1.3329e-01   0.0000e+00   1.4837e-04   2.8679e+02
20220812_22:00:00   2.9926e-02   1.1072e+01   1.5690e-01   0.0000e+00   9.5690e-05   2.8868e+02
20220812_23:00:00   3.1253e-02   1.1385e+01   1.8101e-01   0.0000e+00   6.4242e-05   2.8885e+02
20220813_00:00:00   3.3454e-02   1.1907e+01   2.1860e-01   0.0000e+00   3.5555e-04   2.8780e+02
20220813_01:00:00   3.5222e-02   1.2324e+01   2.4704e-01   0.0000e+00   3.1364e-03   2.8563e+02
20220813_02:00:00   3.5738e-02   1.2441e+01   2.5633e-01   0.0000e+00   5.6020e-03   2.8450e+02
20220813_03:00:00   3.6630e-02   1.2651e+01   2.7299e-01   0.0000e+00   6.3756e-03   2.8326e+02
20220813_04:00:00   3.7652e-02   1.2896e+01   2.9240e-01   0.0000e+00   6.3418e-03   2.8236e+02
20220813_05:00:00   3.8078e-02   1.2999e+01   2.9968e-01   0.0000e+00   7.1473e-03   2.8147e+02
20220813_06:00:00   3.9419e-02   1.3317e+01   3.2556e-01   0.0000e+00   6.7642e-03   2.8003e+02
20220813_07:00:00   3.9794e-02   1.3405e+01   3.3025e-01   0.0000e+00   9.9482e-03   2.8025e+02
20220813_08:00:00   4.0741e-02   1.3632e+01   3.4692e-01   0.0000e+00   1.1082e-02   2.7799e+02
20220813_09:00:00   4.1523e-02   1.3819e+01   3.6025e-01   0.0000e+00   1.3132e-02   2.7574e+02
20220813_10:00:00   4.2112e-02   1.3962e+01   3.7064e-01   0.0000e+00   1.3631e-02   2.7530e+02
20220813_11:00:00   4.3040e-02   1.4183e+01   3.8681e-01   0.0000e+00   1.4644e-02   2.7364e+02
20220813_12:00:00   4.4268e-02   1.4467e+01   4.0803e-01   0.0000e+00   1.7988e-02   2.7091e+02
20220813_13:00:00   4.4740e-02   1.4577e+01   4.1584e-01   0.0000e+00   1.9523e-02   2.6856e+02
20220813_14:00:00   4.5394e-02   1.4738e+01   4.2935e-01   0.0000e+00   1.5679e-02   2.6672e+02
20220813_15:00:00   4.6149e-02   1.4918e+01   4.4146e-01   0.0000e+00   2.1061e-02   2.6565e+02
20220813_16:00:00   4.6591e-02   1.5022e+01   4.4436e-01   0.0000e+00   3.4382e-02   2.6529e+02
20220813_17:00:00   5.0242e-02   1.5872e+01   5.0826e-01   0.0000e+00   3.5148e-02   2.6642e+02
20220813_18:00:00   5.1296e-02   1.6128e+01   5.3112e-01   0.0000e+00   2.6747e-02   2.6457e+02
20220813_19:00:00   5.1443e-02   1.6174e+01   5.3672e-01   0.0000e+00   1.9672e-02   2.6347e+02
20220813_20:00:00   5.0449e-02   1.5945e+01   5.2060e-01   0.0000e+00   1.1397e-02   2.6284e+02
20220813_21:00:00   5.0141e-02   1.5881e+01   5.1634e-01   0.0000e+00   5.6315e-03   2.6243e+02
20220813_22:00:00   4.9417e-02   1.5720e+01   5.0286e-01   0.0000e+00   3.8843e-03   2.6190e+02
20220813_23:00:00   4.8247e-02   1.5454e+01   4.7990e-01   0.0000e+00   4.0522e-03   2.5983e+02
20220814_00:00:00   4.7888e-02   1.5366e+01   4.7127e-01   0.0000e+00   4.9704e-03   2.5908e+02
20220814_01:00:00   4.8199e-02   1.5437e+01   4.7667e-01   0.0000e+00   4.7698e-03   2.5795e+02
20220814_02:00:00   4.8550e-02   1.5521e+01   4.8348e-01   0.0000e+00   3.2296e-03   2.5617e+02
20220814_03:00:00   4.8259e-02   1.5450e+01   4.7885e-01   0.0000e+00   1.7733e-03   2.5553e+02
20220814_04:00:00   4.7880e-02   1.5360e+01   4.7229e-01   0.0000e+00   1.3505e-03   2.5592e+02
20220814_05:00:00   4.7527e-02   1.5266e+01   4.6504e-01   0.0000e+00   1.7646e-03   2.5623e+02
20220814_06:00:00   4.4449e-02   1.4546e+01   4.1184e-01   0.0000e+00   1.2271e-03   2.5868e+02
20220814_07:00:00   4.3656e-02   1.4367e+01   3.9787e-01   0.0000e+00   5.0074e-04   2.5987e+02
20220814_08:00:00   4.2695e-02   1.4149e+01   3.8107e-01   0.0000e+00   8.2707e-05   2.5999e+02
20220814_09:00:00   4.1836e-02   1.3946e+01   3.6596e-01   0.0000e+00   7.1422e-05   2.5778e+02
20220814_10:00:00   4.0759e-02   1.3696e+01   3.4746e-01   0.0000e+00   5.4045e-05   2.5792e+02
20220814_11:00:00   3.9930e-02   1.3504e+01   3.3379e-01   0.0000e+00   6.8079e-05   2.5757e+02
20220814_12:00:00   3.8088e-02   1.3068e+01   3.0087e-01   0.0000e+00   4.3595e-05   2.5692e+02
20220814_13:00:00   3.6516e-02   1.2701e+01   2.7293e-01   0.0000e+00   9.1328e-05   2.5715e+02
20220814_14:00:00   3.5953e-02   1.2571e+01   2.6445e-01   0.0000e+00   1.1214e-04   2.5714e+02
20220814_15:00:00   3.5272e-02   1.2408e+01   2.5444e-01   0.0000e+00   2.0230e-04   2.5780e+02
20220814_16:00:00   3.4916e-02   1.2326e+01   2.4976e-01   0.0000e+00   2.9085e-04   2.5730e+02
20220814_17:00:00   3.5234e-02   1.2398e+01   2.5838e-01   0.0000e+00   3.9611e-04   2.5631e+02
20220814_18:00:00   3.5725e-02   1.2507e+01   2.6916e-01   0.0000e+00   3.2264e-04   2.5713e+02
20220814_19:00:00   3.6727e-02   1.2740e+01   2.9024e-01   0.0000e+00   4.2869e-04   2.5727e+02
20220814_20:00:00   3.7992e-02   1.3029e+01   3.1484e-01   0.0000e+00   9.1360e-04   2.5791e+02
20220814_21:00:00   3.9137e-02   1.3289e+01   3.3577e-01   0.0000e+00   4.1952e-03   2.5702e+02
20220814_22:00:00   3.9982e-02   1.3486e+01   3.4934e-01   0.0000e+00   9.6057e-03   2.5687e+02
20220814_23:00:00   4.0400e-02   1.3577e+01   3.5087e-01   0.0000e+00   1.9966e-02   2.5847e+02
20220815_00:00:00   4.1373e-02   1.3799e+01   3.6663e-01   0.0000e+00   1.7143e-02   2.6032e+02
20220815_01:00:00   4.2405e-02   1.4048e+01   3.8629e-01   0.0000e+00   1.3830e-02   2.6080e+02
20220815_02:00:00   4.2110e-02   1.3966e+01   3.7818e-01   0.0000e+00   1.6943e-02   2.6227e+02
20220815_03:00:00   4.2100e-02   1.3962e+01   3.7700e-01   0.0000e+00   1.7966e-02   2.6327e+02
20220815_04:00:00   4.2215e-02   1.3989e+01   3.7923e-01   0.0000e+00   1.6881e-02   2.6295e+02
20220815_05:00:00   4.1836e-02   1.3893e+01   3.7029e-01   0.0000e+00   2.0001e-02   2.6332e+02
20220815_06:00:00   4.1303e-02   1.3759e+01   3.5794e-01   0.0000e+00   2.4408e-02   2.6392e+02
20220815_07:00:00   4.0863e-02   1.3650e+01   3.4820e-01   0.0000e+00   2.7278e-02   2.6457e+02
20220815_08:00:00   4.0810e-02   1.3637e+01   3.4722e-01   0.0000e+00   2.5994e-02   2.6491e+02
20220815_09:00:00   4.0658e-02   1.3599e+01   3.4458e-01   0.0000e+00   2.3672e-02   2.6396e+02
20220815_10:00:00   4.0201e-02   1.3484e+01   3.3650e-01   0.0000e+00   2.0645e-02   2.6375e+02
20220815_11:00:00   3.9784e-02   1.3382e+01   3.2939e-01   0.0000e+00   1.7271e-02   2.6433e+02
20220815_12:00:00   3.9387e-02   1.3288e+01   3.2260e-01   0.0000e+00   1.5233e-02   2.6577e+02
20220815_13:00:00   3.8904e-02   1.3174e+01   3.1414e-01   0.0000e+00   1.4812e-02   2.6681e+02
20220815_14:00:00   3.8339e-02   1.3039e+01   3.0452e-01   0.0000e+00   1.3264e-02   2.6753e+02
20220815_15:00:00   3.7966e-02   1.2948e+01   2.9829e-01   0.0000e+00   1.0512e-02   2.6722e+02
20220815_16:00:00   3.7755e-02   1.2895e+01   2.9412e-01   0.0000e+00   1.0288e-02   2.6761e+02
20220815_17:00:00   3.7714e-02   1.2883e+01   2.9237e-01   0.0000e+00   1.1750e-02   2.6899e+02
20220815_18:00:00   3.7893e-02   1.2925e+01   2.9480e-01   0.0000e+00   1.3141e-02   2.7005e+02
20220815_19:00:00   3.7958e-02   1.2938e+01   2.9547e-01   0.0000e+00   1.3196e-02   2.6998e+02
20220815_20:00:00   3.7788e-02   1.2896e+01   2.9255e-01   0.0000e+00   1.2239e-02   2.7049e+02
20220815_21:00:00   3.7543e-02   1.2835e+01   2.8729e-01   0.0000e+00   1.2131e-02   2.7147e+02
20220815_22:00:00   3.7288e-02   1.2773e+01   2.8255e-01   0.0000e+00   1.2062e-02   2.7224e+02
20220815_23:00:00   3.6966e-02   1.2693e+01   2.7584e-01   0.0000e+00   1.2633e-02   2.7183e+02
20220816_00:00:00   3.6824e-02   1.2659e+01   2.7314e-01   0.0000e+00   1.1507e-02   2.7167e+02
20220816_01:00:00   3.6637e-02   1.2616e+01   2.6983e-01   0.0000e+00   9.8511e-03   2.7158e+02
20220816_02:00:00   3.6335e-02   1.2543e+01   2.6409e-01   0.0000e+00   8.0470e-03   2.7189e+02
20220816_03:00:00   3.5973e-02   1.2458e+01   2.5706e-01   0.0000e+00   7.5417e-03   2.7141e+02
20220816_04:00:00   3.5670e-02   1.2383e+01   2.5142e-01   0.0000e+00   6.8910e-03   2.7180e+02
20220816_05:00:00   3.5541e-02   1.2349e+01   2.4891e-01   0.0000e+00   7.2717e-03   2.7260e+02
20220816_06:00:00   3.5673e-02   1.2378e+01   2.5106e-01   0.0000e+00   7.2589e-03   2.7277e+02
20220816_09:00:00   3.5738e-02   1.2392e+01   2.5202e-01   0.0000e+00   6.7115e-03   2.7232e+02
20220816_12:00:00   3.5917e-02   1.2441e+01   2.5572e-01   0.0000e+00   5.1140e-03   2.7310e+02
20220816_15:00:00   3.5990e-02   1.2455e+01   2.5563e-01   0.0000e+00   6.3963e-03   2.7160e+02
20220816_18:00:00   3.6038e-02   1.2472e+01   2.5632e-01   0.0000e+00   4.7580e-03   2.7202e+02
20220816_21:00:00   3.5922e-02   1.2454e+01   2.5420e-01   0.0000e+00   2.5421e-03   2.7205e+02
20220817_00:00:00   3.5062e-02   1.2265e+01   2.3774e-01   0.0000e+00   1.6503e-03   2.7324e+02
20220817_03:00:00   3.5886e-02   1.2454e+01   2.5541e-01   0.0000e+00   1.4472e-03   2.7311e+02
20220817_06:00:00   3.6814e-02   1.2683e+01   2.7277e-01   0.0000e+00   1.3642e-03   2.7219e+02
20220817_09:00:00   3.8200e-02   1.3021e+01   2.9654e-01   0.0000e+00   3.6165e-03   2.7059e+02
20220817_12:00:00   3.8735e-02   1.3154e+01   3.0784e-01   0.0000e+00   3.7278e-03   2.6969e+02
20220817_15:00:00   3.9042e-02   1.3243e+01   3.1434e-01   0.0000e+00   4.1752e-03   2.6717e+02
20220817_18:00:00   3.7828e-02   1.2985e+01   2.9248e-01   0.0000e+00   2.9972e-03   2.6638e+02
20220817_21:00:00   3.7420e-02   1.2904e+01   2.8477e-01   0.0000e+00   1.8636e-03   2.6522e+02
20220818_00:00:00   3.7477e-02   1.2927e+01   2.8476e-01   0.0000e+00   1.2845e-03   2.6720e+02
20220818_03:00:00   3.7013e-02   1.2818e+01   2.7634e-01   0.0000e+00   6.4014e-04   2.6721e+02
20220818_06:00:00   3.6563e-02   1.2719e+01   2.6964e-01   0.0000e+00   5.3469e-04   2.6954e+02
20220818_09:00:00   3.7012e-02   1.2822e+01   2.7859e-01   0.0000e+00   8.5648e-05   2.6884e+02
20220818_12:00:00   3.8376e-02   1.3138e+01   3.0574e-01   0.0000e+00   8.9676e-05   2.6845e+02
20220818_15:00:00   3.9481e-02   1.3384e+01   3.2579e-01   0.0000e+00   5.5270e-04   2.7722e+02
20220818_18:00:00   3.9429e-02   1.3379e+01   3.2507e-01   0.0000e+00   7.3558e-05   2.7435e+02
20220818_21:00:00   3.7961e-02   1.3046e+01   2.9939e-01   0.0000e+00   5.7340e-07   2.7133e+02
20220819_00:00:00   3.4089e-02   1.2147e+01   2.3386e-01   0.0000e+00   3.6390e-06   2.6606e+02
20220819_03:00:00   2.9236e-02   1.1005e+01   1.4593e-01   0.0000e+00   9.0120e-07   2.7540e+02
20220819_06:00:00   3.0198e-02   1.1241e+01   1.6710e-01   0.0000e+00   1.7784e-06   2.7774e+02
20220819_09:00:00   3.4918e-02   1.2365e+01   2.5289e-01   0.0000e+00   1.9922e-06   2.7589e+02
20220819_12:00:00   3.5466e-02   1.2484e+01   2.6403e-01   0.0000e+00   1.9892e-06   2.7198e+02
20220819_15:00:00   3.5606e-02   1.2498e+01   2.6754e-01   0.0000e+00   1.9062e-06   2.7846e+02
20220819_18:00:00   3.4128e-02   1.2149e+01   2.3840e-01   0.0000e+00   1.8990e-06   2.8167e+02
20220819_21:00:00   3.3334e-02   1.1944e+01   2.2337e-01   0.0000e+00   1.2177e-05   2.7973e+02
20220820_00:00:00   3.2992e-02   1.1853e+01   2.1739e-01   0.0000e+00   7.1032e-06   2.8005e+02
20220820_03:00:00   3.3026e-02   1.1845e+01   2.1771e-01   0.0000e+00   1.9914e-06   2.8062e+02
20220820_06:00:00   3.2976e-02   1.1823e+01   2.1600e-01   0.0000e+00   1.9832e-06   2.8227e+02
20220820_09:00:00   3.3094e-02   1.1843e+01   2.1789e-01   0.0000e+00   1.9798e-06   2.8445e+02
20220820_12:00:00   3.3479e-02   1.1922e+01   2.2364e-01   0.0000e+00   1.9846e-06   2.8235e+02
20220820_15:00:00   3.3595e-02   1.1947e+01   2.2462e-01   0.0000e+00   1.2436e-04   2.8258e+02
20220820_18:00:00   3.6522e-02   1.2617e+01   2.7457e-01   0.0000e+00   5.0567e-03   2.8605e+02
20220820_21:00:00   3.7324e-02   1.2806e+01   2.8794e-01   0.0000e+00   4.4183e-03   2.8694e+02
20220821_00:00:00   3.8056e-02   1.2978e+01   2.9843e-01   0.0000e+00   9.6694e-03   2.8895e+02
20220821_03:00:00   3.8907e-02   1.3178e+01   3.1026e-01   0.0000e+00   1.9846e-02   2.8620e+02
20220821_06:00:00   3.9559e-02   1.3327e+01   3.2039e-01   0.0000e+00   2.5814e-02   2.7936e+02
20220821_09:00:00   3.9831e-02   1.3398e+01   3.2802e-01   0.0000e+00   1.9939e-02   2.7588e+02
20220821_12:00:00   3.9968e-02   1.3428e+01   3.2688e-01   0.0000e+00   2.7576e-02   2.7948e+02
20220821_15:00:00   3.9454e-02   1.3301e+01   3.1653e-01   0.0000e+00   2.6981e-02   2.8230e+02
20220821_18:00:00   3.9015e-02   1.3200e+01   3.1032e-01   0.0000e+00   1.9638e-02   2.7763e+02
20220821_21:00:00   3.8406e-02   1.3053e+01   3.0132e-01   0.0000e+00   1.2745e-02   2.8072e+02
20220822_00:00:00   3.7476e-02   1.2826e+01   2.8242e-01   0.0000e+00   1.6899e-02   2.8111e+02
20220822_03:00:00   3.6728e-02   1.2646e+01   2.7114e-01   0.0000e+00   1.0800e-02   2.8334e+02
20220822_06:00:00   3.5975e-02   1.2465e+01   2.5822e-01   0.0000e+00   9.1349e-03   2.8126e+02
20220822_09:00:00   3.5138e-02   1.2262e+01   2.4318e-01   0.0000e+00   8.3480e-03   2.9120e+02
20220822_12:00:00   3.4398e-02   1.2084e+01   2.3049e-01   0.0000e+00   6.3124e-03   2.8823e+02
20220822_15:00:00   3.3531e-02   1.1879e+01   2.1525e-01   0.0000e+00   5.3411e-03   2.8379e+02
20220822_18:00:00   3.2868e-02   1.1720e+01   2.0483e-01   0.0000e+00   1.7817e-03   2.7779e+02
20220822_21:00:00   3.2146e-02   1.1549e+01   1.9289e-01   0.0000e+00   2.1600e-04   2.7651e+02
20220823_00:00:00   3.1105e-02   1.1309e+01   1.7524e-01   0.0000e+00   2.4474e-05   2.7869e+02
20220823_03:00:00   2.9552e-02   1.0954e+01   1.4855e-01   0.0000e+00   3.5234e-05   2.7872e+02
20220823_06:00:00   2.7437e-02   1.0462e+01   1.1401e-01   0.0000e+00   0.0000e+00   2.6703e+02
20220823_09:00:00   2.6211e-02   1.0171e+01   9.3376e-02   0.0000e+00   0.0000e+00   2.6912e+02
20220823_12:00:00   2.6314e-02   1.0193e+01   9.5230e-02   0.0000e+00   0.0000e+00   2.7235e+02
20220823_15:00:00   2.6452e-02   1.0224e+01   9.7112e-02   0.0000e+00   0.0000e+00   2.7438e+02
20220823_18:00:00   2.6395e-02   1.0206e+01   9.5685e-02   0.0000e+00   0.0000e+00   2.7847e+02
20220823_21:00:00   2.6494e-02   1.0223e+01   9.5874e-02   0.0000e+00   5.4190e-06   2.7879e+02
20220824_00:00:00   2.6668e-02   1.0259e+01   9.8312e-02   0.0000e+00   5.4170e-06   2.7801e+02
20220824_03:00:00   2.6785e-02   1.0282e+01   9.9815e-02   0.0000e+00   0.0000e+00   2.7998e+02
20220824_06:00:00   2.6751e-02   1.0273e+01   9.8580e-02   0.0000e+00   1.0841e-05   2.7968e+02
20220824_09:00:00   2.6827e-02   1.0291e+01   9.9449e-02   0.0000e+00   1.0842e-05   2.7949e+02
20220824_12:00:00   2.6681e-02   1.0258e+01   9.6910e-02   0.0000e+00   1.0865e-05   2.7864e+02
20220824_15:00:00   2.6411e-02   1.0195e+01   9.2419e-02   0.0000e+00   1.0888e-05   2.7702e+02
20220824_18:00:00   2.6262e-02   1.0162e+01   9.0622e-02   0.0000e+00   1.0922e-05   2.7639e+02
20220824_21:00:00   2.6265e-02   1.0164e+01   9.1433e-02   0.0000e+00   0.0000e+00   2.7695e+02
20220825_00:00:00   2.6188e-02   1.0151e+01   9.1276e-02   0.0000e+00   0.0000e+00   2.7240e+02
20220825_03:00:00   2.5993e-02   1.0110e+01   8.9380e-02   0.0000e+00   0.0000e+00   2.6986e+02
20220825_06:00:00   2.5841e-02   1.0076e+01   8.8328e-02   0.0000e+00   0.0000e+00   2.6712e+02
20220825_09:00:00   2.5799e-02   1.0068e+01   8.8861e-02   0.0000e+00   5.5800e-06   2.6821e+02
20220825_12:00:00   2.5784e-02   1.0068e+01   8.9689e-02   0.0000e+00   0.0000e+00   2.6984e+02
20220825_15:00:00   2.5701e-02   1.0051e+01   8.8971e-02   0.0000e+00   0.0000e+00   2.7115e+02
20220825_18:00:00   2.5622e-02   1.0034e+01   8.7815e-02   0.0000e+00   5.6030e-06   2.7045e+02
20220825_21:00:00   2.5541e-02   1.0022e+01   8.7387e-02   0.0000e+00   5.6081e-06   2.6687e+02
20220826_00:00:00   2.6059e-02   1.0153e+01   9.6653e-02   0.0000e+00   3.5900e-10   2.6775e+02
20220826_03:00:00   2.7349e-02   1.0464e+01   1.2055e-01   0.0000e+00   2.0400e-05   2.6873e+02
20220826_06:00:00   3.0131e-02   1.1114e+01   1.8088e-01   0.0000e+00   1.8956e-03   2.6499e+02
20220826_09:00:00   3.7297e-02   1.2793e+01   3.0885e-01   0.0000e+00   2.4724e-02   2.6161e+02
20220826_12:00:00   3.7760e-02   1.2905e+01   3.1241e-01   0.0000e+00   3.5328e-02   2.5992e+02
20220826_15:00:00   3.7482e-02   1.2837e+01   3.0188e-01   0.0000e+00   3.8008e-02   2.6090e+02
20220826_18:00:00   3.7028e-02   1.2729e+01   2.9037e-01   0.0000e+00   3.7252e-02   2.6458e+02
20220826_21:00:00   3.7297e-02   1.2795e+01   2.9777e-01   0.0000e+00   2.6438e-02   2.6479e+02
20220827_00:00:00   3.7001e-02   1.2729e+01   2.9569e-01   0.0000e+00   1.2244e-02   2.6226e+02
20220827_03:00:00   3.7540e-02   1.2857e+01   3.0807e-01   0.0000e+00   7.0524e-03   2.6359e+02
20220827_06:00:00   3.8363e-02   1.3050e+01   3.2117e-01   0.0000e+00   1.1584e-02   2.6401e+02
