#            date       tau255        Tb[K]      pwv[mm] lwp[kg*m^-2] iwp[kg*m^-2]       o3[DU]
20220728_00:00:00   4.2068e-02   1.3933e+01   3.5278e-01   0.0000e+00   7.9714e-03   2.6936e+02
20220728_01:00:00   4.1406e-02   1.3781e+01   3.4233e-01   0.0000e+00   6.3188e-03   2.7006e+02
20220728_02:00:00   4.0618e-02   1.3592e+01   3.2936e-01   0.0000e+00   5.5856e-03   2.6472e+02
20220728_03:00:00   3.9986e-02   1.3439e+01   3.1743e-01   0.0000e+00   8.0223e-03   2.6011e+02
20220728_04:00:00   3.9790e-02   1.3403e+01   3.1451e-01   0.0000e+00   7.9469e-03   2.5659e+02
20220728_05:00:00   3.9498e-02   1.3339e+01   3.1023e-01   0.0000e+00   5.8997e-03   2.5698e+02
20220728_06:00:00   3.9285e-02   1.3288e+01   3.0766e-01   0.0000e+00   3.6641e-03   2.5916e+02
20220728_07:00:00   3.8938e-02   1.3200e+01   3.0127e-01   0.0000e+00   2.9939e-03   2.6272e+02
20220728_08:00:00   3.8763e-02   1.3156e+01   2.9865e-01   0.0000e+00   2.5482e-03   2.6337e+02
20220728_09:00:00   3.8303e-02   1.3046e+01   2.9048e-01   0.0000e+00   1.6158e-03   2.6171e+02
20220728_10:00:00   3.8159e-02   1.3014e+01   2.8862e-01   0.0000e+00   7.5328e-04   2.6078e+02
20220728_11:00:00   3.8080e-02   1.2997e+01   2.8767e-01   0.0000e+00   1.3934e-04   2.6119e+02
20220728_12:00:00   3.8247e-02   1.3028e+01   2.8951e-01   0.0000e+00   3.3573e-04   2.6083e+02
20220728_13:00:00   3.7812e-02   1.2928e+01   2.8164e-01   0.0000e+00   3.2484e-04   2.6057e+02
20220728_14:00:00   3.7094e-02   1.2761e+01   2.6919e-01   0.0000e+00   4.6643e-05   2.5993e+02
20220728_15:00:00   3.6076e-02   1.2522e+01   2.5176e-01   0.0000e+00   4.7599e-05   2.6097e+02
20220728_16:00:00   3.4795e-02   1.2217e+01   2.2901e-01   0.0000e+00   3.2737e-05   2.6402e+02
20220728_17:00:00   3.4090e-02   1.2046e+01   2.1671e-01   0.0000e+00   2.1048e-05   2.6761e+02
20220728_18:00:00   3.3861e-02   1.1990e+01   2.1409e-01   0.0000e+00   1.0892e-05   2.6895e+02
20220728_19:00:00   3.3885e-02   1.1991e+01   2.1643e-01   0.0000e+00   1.0658e-05   2.6756e+02
20220728_20:00:00   3.3430e-02   1.1879e+01   2.0993e-01   0.0000e+00   2.8302e-05   2.6659e+02
20220728_21:00:00   3.2834e-02   1.1735e+01   1.9998e-01   0.0000e+00   3.0914e-05   2.6578e+02
20220728_22:00:00   3.1922e-02   1.1519e+01   1.8365e-01   0.0000e+00   3.1030e-05   2.6611e+02
20220728_23:00:00   3.1351e-02   1.1382e+01   1.7161e-01   0.0000e+00   3.3982e-05   2.6901e+02
20220729_00:00:00   3.1024e-02   1.1302e+01   1.6348e-01   0.0000e+00   7.0709e-05   2.7083e+02
20220729_01:00:00   3.0651e-02   1.1214e+01   1.5540e-01   0.0000e+00   1.8019e-04   2.7002e+02
20220729_02:00:00   3.0423e-02   1.1162e+01   1.5024e-01   0.0000e+00   4.1423e-04   2.6887e+02
20220729_03:00:00   3.0427e-02   1.1166e+01   1.4946e-01   0.0000e+00   5.5037e-04   2.7021e+02
20220729_04:00:00   3.0658e-02   1.1223e+01   1.5278e-01   0.0000e+00   5.9892e-04   2.7178e+02
20220729_05:00:00   3.0791e-02   1.1255e+01   1.5447e-01   0.0000e+00   6.9998e-04   2.7098e+02
20220729_06:00:00   3.0810e-02   1.1260e+01   1.5464e-01   0.0000e+00   8.9045e-04   2.7064e+02
20220729_07:00:00   3.1010e-02   1.1308e+01   1.5810e-01   0.0000e+00   1.0505e-03   2.6931e+02
20220729_08:00:00   3.1614e-02   1.1454e+01   1.6825e-01   0.0000e+00   1.1477e-03   2.6763e+02
20220729_09:00:00   3.2304e-02   1.1618e+01   1.7977e-01   0.0000e+00   1.3851e-03   2.6825e+02
20220729_10:00:00   3.3005e-02   1.1780e+01   1.9113e-01   0.0000e+00   1.9906e-03   2.6812e+02
20220729_11:00:00   3.3678e-02   1.1941e+01   2.0251e-01   0.0000e+00   2.0689e-03   2.6925e+02
20220729_12:00:00   3.4011e-02   1.2024e+01   2.0829e-01   0.0000e+00   2.0758e-03   2.7050e+02
20220729_13:00:00   3.4166e-02   1.2063e+01   2.1037e-01   0.0000e+00   2.4362e-03   2.7024e+02
20220729_14:00:00   3.4521e-02   1.2143e+01   2.1549e-01   0.0000e+00   2.8985e-03   2.6673e+02
20220729_15:00:00   3.5112e-02   1.2278e+01   2.2536e-01   0.0000e+00   3.2095e-03   2.6621e+02
20220729_16:00:00   3.5520e-02   1.2372e+01   2.3254e-01   0.0000e+00   3.5202e-03   2.6886e+02
20220729_17:00:00   3.5733e-02   1.2423e+01   2.3665e-01   0.0000e+00   3.0007e-03   2.6976e+02
20220729_18:00:00   3.5895e-02   1.2458e+01   2.4007e-01   0.0000e+00   2.8545e-03   2.6981e+02
20220729_19:00:00   3.6066e-02   1.2493e+01   2.4343e-01   0.0000e+00   2.9308e-03   2.6866e+02
20220729_20:00:00   3.5866e-02   1.2442e+01   2.3957e-01   0.0000e+00   2.1491e-03   2.6864e+02
20220729_21:00:00   3.4835e-02   1.2203e+01   2.2064e-01   0.0000e+00   1.8312e-03   2.6967e+02
20220729_22:00:00   3.4276e-02   1.2073e+01   2.0986e-01   0.0000e+00   1.6781e-03   2.7015e+02
20220729_23:00:00   3.4119e-02   1.2034e+01   2.0665e-01   0.0000e+00   2.0919e-03   2.6910e+02
20220730_00:00:00   3.3865e-02   1.1973e+01   2.0230e-01   0.0000e+00   2.3615e-03   2.6828e+02
20220730_01:00:00   3.3615e-02   1.1915e+01   1.9824e-01   0.0000e+00   2.1326e-03   2.6878e+02
20220730_02:00:00   3.3535e-02   1.1895e+01   1.9640e-01   0.0000e+00   2.6115e-03   2.6950e+02
20220730_03:00:00   3.3248e-02   1.1827e+01   1.9125e-01   0.0000e+00   2.9965e-03   2.6986e+02
20220730_04:00:00   3.3132e-02   1.1802e+01   1.8948e-01   0.0000e+00   2.5083e-03   2.7161e+02
20220730_05:00:00   3.3372e-02   1.1860e+01   1.9401e-01   0.0000e+00   2.2140e-03   2.7256e+02
20220730_06:00:00   3.3623e-02   1.1921e+01   1.9854e-01   0.0000e+00   2.2968e-03   2.7190e+02
20220730_07:00:00   3.4110e-02   1.2044e+01   2.0739e-01   0.0000e+00   1.8097e-03   2.7016e+02
20220730_08:00:00   3.4369e-02   1.2110e+01   2.1111e-01   0.0000e+00   1.8857e-03   2.6874e+02
20220730_09:00:00   3.4360e-02   1.2116e+01   2.1038e-01   0.0000e+00   1.6171e-03   2.6838e+02
20220730_10:00:00   3.4147e-02   1.2072e+01   2.0661e-01   0.0000e+00   1.5113e-03   2.6869e+02
20220730_11:00:00   3.4030e-02   1.2049e+01   2.0540e-01   0.0000e+00   1.3970e-03   2.7033e+02
20220730_12:00:00   3.4298e-02   1.2115e+01   2.1067e-01   0.0000e+00   1.4018e-03   2.7123e+02
20220730_13:00:00   3.5020e-02   1.2285e+01   2.2411e-01   0.0000e+00   1.4193e-03   2.6939e+02
20220730_14:00:00   3.6342e-02   1.2592e+01   2.4857e-01   0.0000e+00   1.4276e-03   2.6875e+02
20220730_15:00:00   3.7781e-02   1.2929e+01   2.7586e-01   0.0000e+00   1.2943e-03   2.6710e+02
20220730_16:00:00   3.8809e-02   1.3168e+01   2.9422e-01   0.0000e+00   1.3693e-03   2.6699e+02
20220730_17:00:00   3.9553e-02   1.3340e+01   3.0685e-01   0.0000e+00   1.4306e-03   2.6702e+02
20220730_18:00:00   3.9961e-02   1.3439e+01   3.1385e-01   0.0000e+00   1.6837e-03   2.6450e+02
20220730_19:00:00   4.0519e-02   1.3572e+01   3.2287e-01   0.0000e+00   1.8787e-03   2.6012e+02
20220730_20:00:00   4.0847e-02   1.3654e+01   3.2783e-01   0.0000e+00   1.9330e-03   2.5812e+02
20220730_21:00:00   4.1417e-02   1.3788e+01   3.3575e-01   0.0000e+00   2.4976e-03   2.5706e+02
20220730_22:00:00   4.1672e-02   1.3850e+01   3.3868e-01   0.0000e+00   2.9356e-03   2.5764e+02
20220730_23:00:00   4.1717e-02   1.3862e+01   3.3804e-01   0.0000e+00   3.5181e-03   2.5935e+02
20220731_00:00:00   4.1952e-02   1.3920e+01   3.4167e-01   0.0000e+00   3.2676e-03   2.6196e+02
20220731_01:00:00   4.2040e-02   1.3940e+01   3.4304e-01   0.0000e+00   3.0174e-03   2.6354e+02
20220731_02:00:00   4.2276e-02   1.3995e+01   3.4682e-01   0.0000e+00   2.9631e-03   2.6377e+02
20220731_03:00:00   4.2516e-02   1.4050e+01   3.5056e-01   0.0000e+00   2.8530e-03   2.6528e+02
20220731_04:00:00   4.2621e-02   1.4077e+01   3.5220e-01   0.0000e+00   2.8156e-03   2.6584e+02
20220731_05:00:00   4.2741e-02   1.4107e+01   3.5458e-01   0.0000e+00   2.7855e-03   2.6661e+02
20220731_06:00:00   4.1729e-02   1.3875e+01   3.3834e-01   0.0000e+00   8.2383e-04   2.6733e+02
20220731_07:00:00   3.9602e-02   1.3388e+01   3.0159e-01   0.0000e+00   1.7500e-04   2.6778e+02
20220731_08:00:00   3.8613e-02   1.3164e+01   2.8334e-01   0.0000e+00   1.0877e-04   2.6838e+02
20220731_09:00:00   3.8526e-02   1.3143e+01   2.8281e-01   0.0000e+00   2.8230e-05   2.6818e+02
20220731_10:00:00   3.8456e-02   1.3127e+01   2.8407e-01   0.0000e+00   3.2994e-05   2.6903e+02
20220731_11:00:00   3.7939e-02   1.3003e+01   2.7759e-01   0.0000e+00   1.0139e-05   2.7005e+02
20220731_12:00:00   3.6760e-02   1.2723e+01   2.5924e-01   0.0000e+00   1.3411e-05   2.6966e+02
20220731_13:00:00   3.5270e-02   1.2375e+01   2.3520e-01   0.0000e+00   8.5260e-06   2.6898e+02
20220731_14:00:00   3.4488e-02   1.2191e+01   2.2219e-01   0.0000e+00   8.5230e-06   2.6851e+02
20220731_15:00:00   3.4474e-02   1.2194e+01   2.2297e-01   0.0000e+00   1.0144e-05   2.6973e+02
20220731_16:00:00   3.5348e-02   1.2406e+01   2.3849e-01   0.0000e+00   8.5206e-06   2.6930e+02
20220731_17:00:00   3.6471e-02   1.2675e+01   2.5764e-01   0.0000e+00   1.6681e-05   2.6825e+02
20220731_18:00:00   3.6677e-02   1.2731e+01   2.6163e-01   0.0000e+00   5.2600e-06   2.6578e+02
20220731_19:00:00   3.6551e-02   1.2707e+01   2.6125e-01   0.0000e+00   6.2090e-06   2.6475e+02
20220731_20:00:00   3.6553e-02   1.2710e+01   2.6370e-01   0.0000e+00   1.1021e-05   2.6335e+02
20220731_21:00:00   3.6692e-02   1.2745e+01   2.6846e-01   0.0000e+00   1.9325e-05   2.6362e+02
20220731_22:00:00   3.7351e-02   1.2903e+01   2.8171e-01   0.0000e+00   1.7193e-05   2.6347e+02
20220731_23:00:00   3.8985e-02   1.3290e+01   3.1040e-01   0.0000e+00   1.5893e-05   2.6398e+02
20220801_00:00:00   4.1627e-02   1.3907e+01   3.5495e-01   0.0000e+00   1.9954e-03   2.6587e+02
20220801_01:00:00   4.3598e-02   1.4363e+01   3.8653e-01   0.0000e+00   4.8287e-03   2.6468e+02
20220801_02:00:00   4.4537e-02   1.4582e+01   4.0413e-01   0.0000e+00   5.1163e-03   2.6079e+02
20220801_03:00:00   4.4997e-02   1.4687e+01   4.1247e-01   0.0000e+00   6.5291e-03   2.5935e+02
20220801_04:00:00   4.5289e-02   1.4748e+01   4.1659e-01   0.0000e+00   9.7949e-03   2.5953e+02
20220801_05:00:00   4.5490e-02   1.4793e+01   4.1998e-01   0.0000e+00   1.0393e-02   2.6006e+02
20220801_06:00:00   4.5510e-02   1.4798e+01   4.2170e-01   0.0000e+00   7.4137e-03   2.6152e+02
20220801_07:00:00   4.4973e-02   1.4666e+01   4.1315e-01   0.0000e+00   6.5613e-03   2.6244e+02
20220801_08:00:00   4.3754e-02   1.4376e+01   3.9395e-01   0.0000e+00   5.7919e-03   2.6417e+02
20220801_09:00:00   4.2546e-02   1.4094e+01   3.7560e-01   0.0000e+00   4.3468e-03   2.6448e+02
20220801_10:00:00   4.1322e-02   1.3805e+01   3.5569e-01   0.0000e+00   4.1717e-03   2.6592e+02
20220801_11:00:00   3.8666e-02   1.3177e+01   3.0973e-01   0.0000e+00   4.3651e-03   2.6823e+02
20220801_12:00:00   3.7000e-02   1.2775e+01   2.7923e-01   0.0000e+00   4.5170e-03   2.6804e+02
20220801_13:00:00   3.5825e-02   1.2495e+01   2.5746e-01   0.0000e+00   3.8462e-03   2.6729e+02
20220801_14:00:00   3.4761e-02   1.2243e+01   2.3753e-01   0.0000e+00   2.8809e-03   2.6683e+02
20220801_15:00:00   3.5674e-02   1.2449e+01   2.5187e-01   0.0000e+00   3.3054e-03   2.6850e+02
20220801_16:00:00   4.0038e-02   1.3449e+01   3.2343e-01   0.0000e+00   6.6622e-03   2.6780e+02
20220801_17:00:00   4.0877e-02   1.3634e+01   3.3304e-01   0.0000e+00   1.3725e-02   2.6689e+02
20220801_18:00:00   3.9324e-02   1.3276e+01   3.0330e-01   0.0000e+00   7.9108e-03   2.6603e+02
20220801_19:00:00   3.6650e-02   1.2657e+01   2.5425e-01   0.0000e+00   3.3624e-03   2.6587e+02
20220801_20:00:00   3.5004e-02   1.2271e+01   2.2527e-01   0.0000e+00   1.7186e-03   2.6588e+02
20220801_21:00:00   3.5166e-02   1.2306e+01   2.2975e-01   0.0000e+00   1.0535e-03   2.6735e+02
20220801_22:00:00   3.6164e-02   1.2535e+01   2.4854e-01   0.0000e+00   1.0048e-03   2.6871e+02
20220801_23:00:00   3.7123e-02   1.2756e+01   2.6499e-01   0.0000e+00   1.0105e-03   2.6904e+02
20220802_00:00:00   3.8273e-02   1.3017e+01   2.8477e-01   0.0000e+00   9.0561e-04   2.6938e+02
20220802_03:00:00   4.0335e-02   1.3495e+01   3.1476e-01   0.0000e+00   1.2370e-02   2.7638e+02
20220802_06:00:00   3.9714e-02   1.3338e+01   2.9572e-01   0.0000e+00   2.4333e-02   2.7764e+02
20220802_09:00:00   3.8639e-02   1.3079e+01   2.7562e-01   0.0000e+00   1.7337e-02   2.7703e+02
20220802_12:00:00   3.9605e-02   1.3315e+01   2.9083e-01   0.0000e+00   2.1190e-02   2.8041e+02
20220802_15:00:00   3.9947e-02   1.3396e+01   2.9554e-01   0.0000e+00   2.7807e-02   2.7597e+02
20220802_18:00:00   3.9405e-02   1.3263e+01   2.8970e-01   0.0000e+00   1.9153e-02   2.7744e+02
20220802_21:00:00   3.9021e-02   1.3171e+01   2.8203e-01   0.0000e+00   1.8625e-02   2.7821e+02
20220803_00:00:00   3.8493e-02   1.3045e+01   2.7135e-01   0.0000e+00   1.8615e-02   2.7792e+02
20220803_03:00:00   3.8097e-02   1.2952e+01   2.6505e-01   0.0000e+00   1.5313e-02   2.7911e+02
20220803_06:00:00   3.8209e-02   1.2979e+01   2.6882e-01   0.0000e+00   1.1812e-02   2.7737e+02
20220803_09:00:00   3.8152e-02   1.2974e+01   2.6973e-01   0.0000e+00   6.5563e-03   2.7461e+02
20220803_12:00:00   3.7968e-02   1.2943e+01   2.6904e-01   0.0000e+00   2.7773e-03   2.7270e+02
20220803_15:00:00   3.8282e-02   1.3020e+01   2.7633e-01   0.0000e+00   2.0168e-03   2.7257e+02
20220803_18:00:00   3.8472e-02   1.3088e+01   2.8164e-01   0.0000e+00   1.4447e-03   2.7378e+02
20220803_21:00:00   3.9214e-02   1.3275e+01   2.9731e-01   0.0000e+00   1.1843e-03   2.7261e+02
20220804_00:00:00   4.0353e-02   1.3566e+01   3.2071e-01   0.0000e+00   4.5249e-04   2.6883e+02
20220804_03:00:00   4.0633e-02   1.3633e+01   3.2624e-01   0.0000e+00   1.6628e-03   2.6777e+02
20220804_06:00:00   4.0848e-02   1.3710e+01   3.3221e-01   0.0000e+00   3.6699e-04   2.6662e+02
20220804_09:00:00   4.0893e-02   1.3713e+01   3.3277e-01   0.0000e+00   1.2803e-03   2.6904e+02
20220804_12:00:00   4.1745e-02   1.3912e+01   3.4744e-01   0.0000e+00   1.5594e-03   2.6604e+02
20220804_15:00:00   4.0993e-02   1.3734e+01   3.3142e-01   0.0000e+00   3.1057e-03   2.6353e+02
20220804_18:00:00   3.9077e-02   1.3294e+01   2.9755e-01   0.0000e+00   2.0776e-03   2.6467e+02
20220804_21:00:00   4.1368e-02   1.3795e+01   3.4438e-01   0.0000e+00   4.3800e-03   2.6486e+02
20220805_00:00:00   3.9057e-02   1.3296e+01   2.9903e-01   0.0000e+00   5.4004e-04   2.6672e+02
20220805_03:00:00   3.6160e-02   1.2605e+01   2.4874e-01   0.0000e+00   1.1683e-03   2.7014e+02
20220805_06:00:00   3.8088e-02   1.3054e+01   2.8878e-01   0.0000e+00   4.9892e-04   2.6907e+02
20220805_09:00:00   4.4640e-02   1.4567e+01   4.0160e-01   0.0000e+00   4.0206e-03   2.7703e+02
20220805_12:00:00   4.6940e-02   1.5098e+01   4.4660e-01   0.0000e+00   9.6804e-03   2.7293e+02
20220805_15:00:00   5.2337e-02   1.6358e+01   5.2840e-01   0.0000e+00   4.0229e-02   2.6846e+02
20220805_18:00:00   4.9500e-02   1.5681e+01   4.7209e-01   0.0000e+00   8.8683e-02   2.7114e+02
20220805_21:00:00   4.9283e-02   1.5625e+01   4.6629e-01   0.0000e+00   9.5543e-02   2.6479e+02
20220806_00:00:00   4.7392e-02   1.5179e+01   4.3696e-01   0.0000e+00   6.9236e-02   2.6681e+02
20220806_03:00:00   4.6245e-02   1.4912e+01   4.1692e-01   0.0000e+00   5.5256e-02   2.6864e+02
20220806_06:00:00   4.5502e-02   1.4735e+01   4.0288e-01   0.0000e+00   4.3674e-02   2.7168e+02
20220806_09:00:00   4.5403e-02   1.4715e+01   4.0126e-01   0.0000e+00   3.4106e-02   2.7588e+02
20220806_12:00:00   4.4677e-02   1.4539e+01   3.8688e-01   0.0000e+00   3.2897e-02   2.8168e+02
20220806_15:00:00   4.4271e-02   1.4444e+01   3.8260e-01   0.0000e+00   2.1954e-02   2.7891e+02
20220806_18:00:00   4.4118e-02   1.4411e+01   3.7989e-01   0.0000e+00   2.2039e-02   2.8224e+02
20220806_21:00:00   4.3280e-02   1.4210e+01   3.6629e-01   0.0000e+00   1.6183e-02   2.8248e+02
20220807_00:00:00   4.2653e-02   1.4073e+01   3.5783e-01   0.0000e+00   8.6710e-03   2.7561e+02
20220807_03:00:00   4.1226e-02   1.3752e+01   3.3153e-01   0.0000e+00   7.9348e-03   2.7355e+02
20220807_06:00:00   4.1090e-02   1.3723e+01   3.3484e-01   0.0000e+00   4.8051e-03   2.7592e+02
20220807_09:00:00   4.3936e-02   1.4374e+01   3.8432e-01   0.0000e+00   1.7547e-02   2.7605e+02
20220807_12:00:00   4.4031e-02   1.4404e+01   3.8356e-01   0.0000e+00   1.8836e-02   2.7534e+02
20220807_15:00:00   4.4474e-02   1.4540e+01   4.0119e-01   0.0000e+00   2.8956e-03   2.7125e+02
20220807_18:00:00   4.8777e-02   1.5538e+01   4.8227e-01   0.0000e+00   1.7291e-02   2.6750e+02
20220807_21:00:00   5.4656e-02   1.6921e+01   5.8923e-01   0.0000e+00   1.5355e-02   2.6805e+02
20220808_00:00:00   6.0861e-02   1.8359e+01   6.9990e-01   0.0000e+00   2.9513e-02   2.6855e+02
20220808_03:00:00   6.3354e-02   1.8958e+01   7.3865e-01   0.0000e+00   4.8746e-02   2.6670e+02
20220808_06:00:00   6.5714e-02   1.9519e+01   7.8352e-01   0.0000e+00   4.5655e-02   2.5439e+02
20220808_09:00:00   6.5883e-02   1.9559e+01   7.8517e-01   0.0000e+00   4.6850e-02   2.4490e+02
20220808_12:00:00   6.5169e-02   1.9393e+01   7.6665e-01   0.0000e+00   5.3075e-02   2.3638e+02
20220808_15:00:00   6.4645e-02   1.9266e+01   7.6076e-01   0.0000e+00   3.6835e-02   2.3481e+02
20220808_18:00:00   6.4514e-02   1.9244e+01   7.5838e-01   0.0000e+00   3.3202e-02   2.3621e+02
20220808_21:00:00   6.4443e-02   1.9220e+01   7.5460e-01   0.0000e+00   3.4795e-02   2.3867e+02
20220809_00:00:00   6.3053e-02   1.8902e+01   7.3501e-01   0.0000e+00   1.9633e-02   2.4158e+02
20220809_03:00:00   5.7831e-02   1.7705e+01   6.4965e-01   0.0000e+00   1.1065e-02   2.4589e+02
20220809_06:00:00   5.4019e-02   1.6826e+01   5.8622e-01   0.0000e+00   3.1121e-03   2.4823e+02
20220809_09:00:00   4.7271e-02   1.5256e+01   4.7083e-01   0.0000e+00   1.4720e-04   2.5287e+02
20220809_12:00:00   3.8425e-02   1.3183e+01   3.1232e-01   0.0000e+00   1.6674e-05   2.5019e+02
20220809_15:00:00   3.1529e-02   1.1533e+01   1.8671e-01   0.0000e+00   8.5230e-06   2.5249e+02
20220809_18:00:00   3.0794e-02   1.1346e+01   1.6780e-01   0.0000e+00   8.5206e-06   2.5444e+02
20220809_21:00:00   3.1269e-02   1.1453e+01   1.7113e-01   0.0000e+00   8.5246e-06   2.6001e+02
20220810_00:00:00   3.1494e-02   1.1492e+01   1.7291e-01   0.0000e+00   1.9986e-06   2.6898e+02
20220810_03:00:00   3.3038e-02   1.1850e+01   1.9700e-01   0.0000e+00   1.9904e-06   2.7291e+02
20220810_06:00:00   3.5724e-02   1.2474e+01   2.4736e-01   0.0000e+00   1.7906e-06   2.7722e+02
20220810_09:00:00   3.6104e-02   1.2561e+01   2.5656e-01   0.0000e+00   1.8314e-06   2.7967e+02
20220810_12:00:00   3.5181e-02   1.2342e+01   2.4385e-01   0.0000e+00   1.6380e-06   2.7976e+02
20220810_15:00:00   3.3969e-02   1.2049e+01   2.2266e-01   0.0000e+00   1.9245e-04   2.7765e+02
20220810_18:00:00   3.6191e-02   1.2554e+01   2.5300e-01   0.0000e+00   1.3687e-03   2.6900e+02
20220810_21:00:00   3.5518e-02   1.2382e+01   2.3415e-01   0.0000e+00   1.7004e-03   2.9452e+02
20220811_00:00:00   3.5585e-02   1.2383e+01   2.3580e-01   0.0000e+00   1.6559e-03   2.9979e+02
20220811_03:00:00   3.6760e-02   1.2655e+01   2.5463e-01   0.0000e+00   2.0386e-03   2.9528e+02
20220811_06:00:00   3.8653e-02   1.3116e+01   2.9201e-01   0.0000e+00   3.9974e-03   2.8063e+02
20220811_09:00:00   4.1544e-02   1.3798e+01   3.4039e-01   0.0000e+00   1.4628e-02   2.7528e+02
20220811_12:00:00   4.3737e-02   1.4332e+01   3.7354e-01   0.0000e+00   3.1534e-02   2.8181e+02
20220811_15:00:00   4.5892e-02   1.4851e+01   4.0411e-01   0.0000e+00   5.6773e-02   2.8228e+02
20220811_18:00:00   4.5327e-02   1.4714e+01   3.8534e-01   0.0000e+00   7.9432e-02   2.8117e+02
20220811_21:00:00   4.2413e-02   1.4044e+01   3.4485e-01   0.0000e+00   2.8300e-02   2.8193e+02
20220812_00:00:00   4.3810e-02   1.4363e+01   3.7834e-01   0.0000e+00   1.5013e-02   2.8814e+02
20220812_03:00:00   4.5510e-02   1.4774e+01   4.0778e-01   0.0000e+00   2.1444e-02   2.8835e+02
20220812_06:00:00   4.9033e-02   1.5602e+01   4.6977e-01   0.0000e+00   3.0106e-02   2.8447e+02
20220812_09:00:00   5.3739e-02   1.6712e+01   5.5374e-01   0.0000e+00   2.3046e-02   2.8156e+02
20220812_12:00:00   5.9383e-02   1.8023e+01   6.5471e-01   0.0000e+00   2.4306e-02   2.7974e+02
20220812_15:00:00   6.1803e-02   1.8595e+01   7.0502e-01   0.0000e+00   1.7749e-02   2.7663e+02
20220812_18:00:00   5.5355e-02   1.7145e+01   6.0942e-01   0.0000e+00   5.3333e-03   2.7617e+02
20220812_21:00:00   4.7618e-02   1.5389e+01   4.7274e-01   0.0000e+00   1.8616e-03   2.7731e+02
20220813_00:00:00   4.0870e-02   1.3842e+01   3.4915e-01   0.0000e+00   1.4343e-04   2.8065e+02
