#            date       tau255        Tb[K]      pwv[mm] lwp[kg*m^-2] iwp[kg*m^-2]       o3[DU]
20221108_06:00:00   4.4425e-02   1.4625e+01   4.4105e-01   0.0000e+00   2.5924e-02   1.6011e+02
20221108_07:00:00   4.4529e-02   1.4649e+01   4.4218e-01   0.0000e+00   2.7405e-02   1.6074e+02
20221108_08:00:00   4.4623e-02   1.4672e+01   4.4281e-01   0.0000e+00   2.9804e-02   1.6220e+02
20221108_09:00:00   4.4769e-02   1.4709e+01   4.4601e-01   0.0000e+00   2.9302e-02   1.6243e+02
20221108_10:00:00   4.4748e-02   1.4702e+01   4.4571e-01   0.0000e+00   2.9245e-02   1.6319e+02
20221108_11:00:00   4.4809e-02   1.4715e+01   4.4696e-01   0.0000e+00   2.9107e-02   1.6420e+02
20221108_12:00:00   4.4913e-02   1.4741e+01   4.4921e-01   0.0000e+00   2.7779e-02   1.6540e+02
20221108_13:00:00   4.7851e-02   1.5425e+01   4.9820e-01   0.0000e+00   2.4656e-02   1.6427e+02
20221108_14:00:00   4.7911e-02   1.5441e+01   5.0011e-01   0.0000e+00   2.1958e-02   1.6304e+02
20221108_15:00:00   4.8066e-02   1.5479e+01   5.0293e-01   0.0000e+00   2.1442e-02   1.6341e+02
20221108_16:00:00   4.8161e-02   1.5502e+01   5.0491e-01   0.0000e+00   2.0812e-02   1.6559e+02
20221108_17:00:00   4.8319e-02   1.5540e+01   5.0743e-01   0.0000e+00   2.0479e-02   1.6702e+02
20221108_18:00:00   4.8355e-02   1.5547e+01   5.0718e-01   0.0000e+00   2.1067e-02   1.6537e+02
20221108_19:00:00   4.8446e-02   1.5570e+01   5.0825e-01   0.0000e+00   2.1282e-02   1.6560e+02
20221108_20:00:00   4.8379e-02   1.5557e+01   5.0671e-01   0.0000e+00   2.0609e-02   1.6562e+02
20221108_21:00:00   4.8368e-02   1.5555e+01   5.0551e-01   0.0000e+00   2.2142e-02   1.6543e+02
20221108_22:00:00   4.8366e-02   1.5556e+01   5.0581e-01   0.0000e+00   2.0467e-02   1.6565e+02
20221108_23:00:00   4.8344e-02   1.5549e+01   5.0526e-01   0.0000e+00   1.9465e-02   1.6909e+02
20221109_00:00:00   4.8294e-02   1.5537e+01   5.0413e-01   0.0000e+00   1.9431e-02   1.7121e+02
20221109_01:00:00   4.8238e-02   1.5524e+01   5.0308e-01   0.0000e+00   1.8943e-02   1.7204e+02
20221109_02:00:00   4.8110e-02   1.5493e+01   5.0038e-01   0.0000e+00   1.9115e-02   1.7448e+02
20221109_03:00:00   4.8069e-02   1.5483e+01   4.9894e-01   0.0000e+00   1.9989e-02   1.7497e+02
20221109_04:00:00   4.7796e-02   1.5417e+01   4.9405e-01   0.0000e+00   1.9018e-02   1.7601e+02
20221109_05:00:00   4.7704e-02   1.5393e+01   4.9247e-01   0.0000e+00   1.8446e-02   1.7650e+02
20221109_06:00:00   4.7545e-02   1.5354e+01   4.8928e-01   0.0000e+00   1.7763e-02   1.7490e+02
20221109_07:00:00   4.7365e-02   1.5312e+01   4.8600e-01   0.0000e+00   1.5602e-02   1.7717e+02
20221109_08:00:00   4.7160e-02   1.5265e+01   4.8233e-01   0.0000e+00   1.3699e-02   1.8132e+02
20221109_09:00:00   4.7069e-02   1.5242e+01   4.8103e-01   0.0000e+00   1.3144e-02   1.8271e+02
20221109_10:00:00   4.7051e-02   1.5235e+01   4.8167e-01   0.0000e+00   1.2171e-02   1.8458e+02
20221109_11:00:00   4.6963e-02   1.5213e+01   4.8109e-01   0.0000e+00   1.0816e-02   1.8385e+02
20221109_12:00:00   4.4043e-02   1.4530e+01   4.3302e-01   0.0000e+00   1.2263e-02   1.8193e+02
20221109_13:00:00   4.4124e-02   1.4549e+01   4.3492e-01   0.0000e+00   1.2182e-02   1.8042e+02
20221109_14:00:00   4.4081e-02   1.4539e+01   4.3395e-01   0.0000e+00   1.2295e-02   1.7902e+02
20221109_15:00:00   4.4137e-02   1.4552e+01   4.3430e-01   0.0000e+00   1.3598e-02   1.7764e+02
20221109_16:00:00   4.3866e-02   1.4487e+01   4.2930e-01   0.0000e+00   1.4485e-02   1.7515e+02
20221109_17:00:00   4.3844e-02   1.4482e+01   4.2809e-01   0.0000e+00   1.5829e-02   1.7452e+02
20221109_18:00:00   4.3896e-02   1.4495e+01   4.2896e-01   0.0000e+00   1.5226e-02   1.7237e+02
20221109_19:00:00   4.3859e-02   1.4486e+01   4.2784e-01   0.0000e+00   1.5015e-02   1.7156e+02
20221109_20:00:00   4.3838e-02   1.4481e+01   4.2751e-01   0.0000e+00   1.5095e-02   1.7164e+02
20221109_21:00:00   4.3878e-02   1.4487e+01   4.2872e-01   0.0000e+00   1.4692e-02   1.7130e+02
20221109_22:00:00   4.3771e-02   1.4461e+01   4.2740e-01   0.0000e+00   1.4304e-02   1.7195e+02
20221109_23:00:00   4.3748e-02   1.4453e+01   4.2676e-01   0.0000e+00   1.4919e-02   1.7282e+02
20221110_00:00:00   4.3662e-02   1.4431e+01   4.2529e-01   0.0000e+00   1.5576e-02   1.7390e+02
20221110_01:00:00   4.3512e-02   1.4393e+01   4.2229e-01   0.0000e+00   1.5679e-02   1.7472e+02
20221110_02:00:00   4.3549e-02   1.4400e+01   4.2346e-01   0.0000e+00   1.5873e-02   1.7671e+02
20221110_03:00:00   4.3546e-02   1.4398e+01   4.2318e-01   0.0000e+00   1.6671e-02   1.7713e+02
20221110_04:00:00   4.3627e-02   1.4417e+01   4.2478e-01   0.0000e+00   1.6935e-02   1.7692e+02
20221110_05:00:00   4.3665e-02   1.4427e+01   4.2543e-01   0.0000e+00   1.7200e-02   1.7537e+02
20221110_06:00:00   4.3669e-02   1.4428e+01   4.2539e-01   0.0000e+00   1.7376e-02   1.7539e+02
20221110_07:00:00   4.3725e-02   1.4440e+01   4.2597e-01   0.0000e+00   1.7833e-02   1.7681e+02
20221110_08:00:00   4.3731e-02   1.4441e+01   4.2632e-01   0.0000e+00   1.6942e-02   1.7762e+02
20221110_09:00:00   4.3691e-02   1.4431e+01   4.2561e-01   0.0000e+00   1.6212e-02   1.7805e+02
20221110_10:00:00   4.3690e-02   1.4429e+01   4.2544e-01   0.0000e+00   1.5240e-02   1.7851e+02
20221110_11:00:00   4.3780e-02   1.4451e+01   4.2733e-01   0.0000e+00   1.4831e-02   1.7856e+02
20221110_12:00:00   4.3818e-02   1.4460e+01   4.2852e-01   0.0000e+00   1.3177e-02   1.7854e+02
20221110_13:00:00   4.3972e-02   1.4498e+01   4.3167e-01   0.0000e+00   1.2167e-02   1.7766e+02
20221110_14:00:00   4.4153e-02   1.4543e+01   4.3538e-01   0.0000e+00   1.1376e-02   1.7720e+02
20221110_15:00:00   4.4278e-02   1.4573e+01   4.3759e-01   0.0000e+00   1.0968e-02   1.7684e+02
20221110_16:00:00   4.4392e-02   1.4600e+01   4.3903e-01   0.0000e+00   1.1023e-02   1.7640e+02
20221110_17:00:00   4.4421e-02   1.4607e+01   4.3912e-01   0.0000e+00   1.0629e-02   1.7788e+02
20221110_18:00:00   4.4559e-02   1.4640e+01   4.4189e-01   0.0000e+00   9.3478e-03   1.7833e+02
20221110_19:00:00   4.4620e-02   1.4654e+01   4.4256e-01   0.0000e+00   9.4660e-03   1.7775e+02
20221110_20:00:00   4.4739e-02   1.4683e+01   4.4498e-01   0.0000e+00   8.5793e-03   1.7759e+02
20221110_21:00:00   4.3942e-02   1.4500e+01   4.3357e-01   0.0000e+00   7.6574e-03   1.7730e+02
20221110_22:00:00   4.4005e-02   1.4516e+01   4.3484e-01   0.0000e+00   6.1104e-03   1.7688e+02
20221110_23:00:00   4.4143e-02   1.4547e+01   4.3728e-01   0.0000e+00   5.8339e-03   1.7619e+02
20221111_00:00:00   4.4279e-02   1.4580e+01   4.4006e-01   0.0000e+00   5.5251e-03   1.7650e+02
20221111_01:00:00   4.4402e-02   1.4609e+01   4.4201e-01   0.0000e+00   5.5173e-03   1.7698e+02
20221111_02:00:00   4.4527e-02   1.4638e+01   4.4436e-01   0.0000e+00   5.9778e-03   1.7689e+02
20221111_03:00:00   4.4698e-02   1.4676e+01   4.4622e-01   0.0000e+00   9.4529e-03   1.7593e+02
20221111_04:00:00   4.4828e-02   1.4708e+01   4.4852e-01   0.0000e+00   1.0304e-02   1.7570e+02
20221111_05:00:00   4.4841e-02   1.4711e+01   4.4877e-01   0.0000e+00   9.7875e-03   1.7618e+02
20221111_06:00:00   4.5034e-02   1.4758e+01   4.5217e-01   0.0000e+00   9.5076e-03   1.7724e+02
20221111_07:00:00   4.5216e-02   1.4801e+01   4.5547e-01   0.0000e+00   8.4686e-03   1.7606e+02
20221111_08:00:00   4.5338e-02   1.4831e+01   4.5845e-01   0.0000e+00   6.0298e-03   1.7655e+02
20221111_09:00:00   4.5443e-02   1.4856e+01   4.6025e-01   0.0000e+00   6.4118e-03   1.7666e+02
20221111_10:00:00   4.5566e-02   1.4885e+01   4.6234e-01   0.0000e+00   6.6358e-03   1.7561e+02
20221111_11:00:00   4.5681e-02   1.4913e+01   4.6464e-01   0.0000e+00   5.8246e-03   1.7384e+02
20221111_12:00:00   4.5762e-02   1.4933e+01   4.6636e-01   0.0000e+00   6.1336e-03   1.7413e+02
20221111_13:00:00   4.5918e-02   1.4969e+01   4.6861e-01   0.0000e+00   7.2540e-03   1.7448e+02
20221111_14:00:00   4.6235e-02   1.5046e+01   4.7485e-01   0.0000e+00   5.8239e-03   1.7594e+02
20221111_15:00:00   4.6312e-02   1.5063e+01   4.7582e-01   0.0000e+00   6.6650e-03   1.7568e+02
20221111_16:00:00   4.6383e-02   1.5081e+01   4.7751e-01   0.0000e+00   6.4464e-03   1.7626e+02
20221111_17:00:00   4.6313e-02   1.5066e+01   4.7624e-01   0.0000e+00   6.4512e-03   1.7568e+02
20221111_18:00:00   4.6326e-02   1.5070e+01   4.7697e-01   0.0000e+00   5.4377e-03   1.7642e+02
20221111_19:00:00   4.6351e-02   1.5078e+01   4.7786e-01   0.0000e+00   4.6086e-03   1.7679e+02
20221111_20:00:00   4.6256e-02   1.5056e+01   4.7631e-01   0.0000e+00   3.9443e-03   1.7758e+02
20221111_21:00:00   4.6227e-02   1.5053e+01   4.7663e-01   0.0000e+00   2.6012e-03   1.7710e+02
20221111_22:00:00   4.6001e-02   1.5001e+01   4.7269e-01   0.0000e+00   2.2890e-03   1.7853e+02
20221111_23:00:00   4.5592e-02   1.4905e+01   4.6537e-01   0.0000e+00   1.5787e-03   1.7942e+02
20221112_00:00:00   4.5174e-02   1.4808e+01   4.5793e-01   0.0000e+00   1.2339e-03   1.7934e+02
20221112_01:00:00   4.4641e-02   1.4687e+01   4.4876e-01   0.0000e+00   8.9546e-04   1.7825e+02
20221112_02:00:00   4.4160e-02   1.4576e+01   4.4000e-01   0.0000e+00   7.0968e-04   1.7753e+02
20221112_03:00:00   4.3719e-02   1.4472e+01   4.3168e-01   0.0000e+00   8.8718e-04   1.7780e+02
20221112_04:00:00   4.3247e-02   1.4363e+01   4.2308e-01   0.0000e+00   5.2015e-04   1.7863e+02
20221112_05:00:00   4.2789e-02   1.4258e+01   4.1471e-01   0.0000e+00   4.0591e-04   1.7883e+02
20221112_06:00:00   4.2301e-02   1.4145e+01   4.0542e-01   0.0000e+00   2.8346e-04   1.7899e+02
20221112_07:00:00   4.1872e-02   1.4045e+01   3.9736e-01   0.0000e+00   2.0802e-04   1.7856e+02
20221112_08:00:00   4.1250e-02   1.3901e+01   3.8590e-01   0.0000e+00   1.4888e-04   1.7947e+02
20221112_09:00:00   4.0609e-02   1.3754e+01   3.7430e-01   0.0000e+00   1.0810e-04   1.7903e+02
20221112_10:00:00   3.9974e-02   1.3606e+01   3.6262e-01   0.0000e+00   7.9535e-05   1.7905e+02
20221112_11:00:00   3.9241e-02   1.3436e+01   3.4932e-01   0.0000e+00   6.9346e-05   1.7852e+02
20221112_12:00:00   3.8549e-02   1.3276e+01   3.3706e-01   0.0000e+00   4.8957e-05   1.7788e+02
20221112_13:00:00   3.7929e-02   1.3131e+01   3.2566e-01   0.0000e+00   1.0198e-05   1.7820e+02
20221112_14:00:00   3.7271e-02   1.2977e+01   3.1333e-01   0.0000e+00   2.0398e-05   1.7817e+02
20221112_15:00:00   3.6713e-02   1.2847e+01   3.0309e-01   0.0000e+00   0.0000e+00   1.7845e+02
20221112_16:00:00   3.6262e-02   1.2741e+01   2.9462e-01   0.0000e+00   0.0000e+00   1.7854e+02
20221112_17:00:00   3.5905e-02   1.2657e+01   2.8794e-01   0.0000e+00   0.0000e+00   1.7769e+02
20221112_18:00:00   3.5434e-02   1.2548e+01   2.7923e-01   0.0000e+00   1.0198e-05   1.7758e+02
20221112_19:00:00   3.6552e-02   1.2818e+01   2.9677e-01   0.0000e+00   0.0000e+00   1.7845e+02
20221112_20:00:00   3.6249e-02   1.2747e+01   2.9091e-01   0.0000e+00   0.0000e+00   1.7888e+02
20221112_21:00:00   3.5966e-02   1.2682e+01   2.8562e-01   0.0000e+00   0.0000e+00   1.7901e+02
20221112_22:00:00   3.5832e-02   1.2651e+01   2.8265e-01   0.0000e+00   0.0000e+00   1.7791e+02
20221112_23:00:00   3.5777e-02   1.2639e+01   2.8145e-01   0.0000e+00   0.0000e+00   1.7709e+02
20221113_00:00:00   3.5849e-02   1.2659e+01   2.8214e-01   0.0000e+00   0.0000e+00   1.7712e+02
20221113_01:00:00   3.5998e-02   1.2695e+01   2.8423e-01   0.0000e+00   8.1580e-06   1.7851e+02
20221113_02:00:00   3.6228e-02   1.2751e+01   2.8786e-01   0.0000e+00   0.0000e+00   1.7769e+02
20221113_03:00:00   3.6567e-02   1.2832e+01   2.9347e-01   0.0000e+00   0.0000e+00   1.7686e+02
20221113_04:00:00   3.6948e-02   1.2922e+01   2.9966e-01   0.0000e+00   0.0000e+00   1.7654e+02
20221113_05:00:00   3.7388e-02   1.3028e+01   3.0727e-01   0.0000e+00   0.0000e+00   1.7661e+02
20221113_06:00:00   3.7823e-02   1.3133e+01   3.1448e-01   0.0000e+00   0.0000e+00   1.7613e+02
20221113_09:00:00   3.9119e-02   1.3442e+01   3.3684e-01   0.0000e+00   0.0000e+00   1.7720e+02
20221113_12:00:00   4.1456e-02   1.3992e+01   3.7612e-01   0.0000e+00   9.9520e-06   1.7534e+02
20221113_15:00:00   4.1979e-02   1.4114e+01   3.8607e-01   0.0000e+00   9.9860e-06   1.7580e+02
20221113_18:00:00   4.1593e-02   1.4029e+01   3.8034e-01   0.0000e+00   0.0000e+00   1.7725e+02
20221113_21:00:00   4.0320e-02   1.3738e+01   3.5968e-01   0.0000e+00   0.0000e+00   1.7724e+02
20221114_00:00:00   3.8745e-02   1.3366e+01   3.3434e-01   0.0000e+00   0.0000e+00   1.7771e+02
20221114_03:00:00   3.7030e-02   1.2961e+01   3.0667e-01   0.0000e+00   0.0000e+00   1.7807e+02
20221114_06:00:00   3.5453e-02   1.2587e+01   2.8100e-01   0.0000e+00   0.0000e+00   1.7674e+02
20221114_09:00:00   3.3943e-02   1.2223e+01   2.5727e-01   0.0000e+00   0.0000e+00   1.7542e+02
20221114_12:00:00   3.3884e-02   1.2201e+01   2.5870e-01   0.0000e+00   0.0000e+00   1.7347e+02
20221114_15:00:00   3.1493e-02   1.1634e+01   2.1472e-01   0.0000e+00   0.0000e+00   1.7222e+02
20221114_18:00:00   3.3106e-02   1.2029e+01   2.3820e-01   0.0000e+00   1.0592e-05   1.7118e+02
20221114_21:00:00   3.5293e-02   1.2552e+01   2.7451e-01   0.0000e+00   1.0593e-05   1.7128e+02
20221115_00:00:00   3.6403e-02   1.2816e+01   2.9251e-01   0.0000e+00   0.0000e+00   1.6988e+02
20221115_03:00:00   3.4511e-02   1.2363e+01   2.6117e-01   0.0000e+00   0.0000e+00   1.7094e+02
20221115_06:00:00   3.4145e-02   1.2272e+01   2.5482e-01   0.0000e+00   0.0000e+00   1.7090e+02
20221115_09:00:00   3.4177e-02   1.2276e+01   2.5519e-01   0.0000e+00   0.0000e+00   1.7209e+02
20221115_12:00:00   3.4159e-02   1.2265e+01   2.5399e-01   0.0000e+00   0.0000e+00   1.7121e+02
20221115_15:00:00   3.4092e-02   1.2240e+01   2.5104e-01   0.0000e+00   0.0000e+00   1.7029e+02
20221115_18:00:00   3.3817e-02   1.2168e+01   2.4508e-01   0.0000e+00   0.0000e+00   1.7014e+02
20221115_21:00:00   3.3565e-02   1.2098e+01   2.3862e-01   0.0000e+00   6.8100e-04   1.7021e+02
20221116_00:00:00   3.3343e-02   1.2035e+01   2.3304e-01   0.0000e+00   8.3020e-04   1.6984e+02
20221116_03:00:00   3.3060e-02   1.1961e+01   2.2704e-01   0.0000e+00   8.2290e-04   1.6908e+02
20221116_06:00:00   3.3176e-02   1.1983e+01   2.2902e-01   0.0000e+00   9.0140e-04   1.6806e+02
20221116_09:00:00   3.5443e-02   1.2503e+01   2.7300e-01   0.0000e+00   6.6420e-04   1.6615e+02
20221116_12:00:00   3.6459e-02   1.2746e+01   2.9177e-01   0.0000e+00   2.3601e-04   1.6433e+02
20221116_15:00:00   3.6663e-02   1.2798e+01   2.9543e-01   0.0000e+00   4.8008e-04   1.6276e+02
20221116_18:00:00   3.8300e-02   1.3195e+01   3.1845e-01   0.0000e+00   2.5259e-03   1.6371e+02
20221116_21:00:00   4.5612e-02   1.4886e+01   4.4230e-01   0.0000e+00   1.5545e-02   1.6243e+02
20221117_00:00:00   5.1588e-02   1.6310e+01   5.3856e-01   0.0000e+00   2.7892e-02   1.6274e+02
20221117_03:00:00   5.2106e-02   1.6437e+01   5.4845e-01   0.0000e+00   2.3226e-02   1.6569e+02
20221117_06:00:00   5.2824e-02   1.6609e+01   5.6306e-01   0.0000e+00   1.9085e-02   1.6440e+02
20221117_09:00:00   5.3298e-02   1.6720e+01   5.7413e-01   0.0000e+00   1.5637e-02   1.6273e+02
20221117_12:00:00   5.3576e-02   1.6794e+01   5.8169e-01   0.0000e+00   1.1858e-02   1.6523e+02
20221117_15:00:00   5.3385e-02   1.6748e+01   5.8032e-01   0.0000e+00   1.1196e-02   1.6793e+02
20221117_18:00:00   5.3088e-02   1.6684e+01   5.7968e-01   0.0000e+00   6.9918e-03   1.6790e+02
20221117_21:00:00   5.2313e-02   1.6526e+01   5.7299e-01   0.0000e+00   2.4657e-03   1.6765e+02
20221118_00:00:00   4.7581e-02   1.5473e+01   5.0077e-01   0.0000e+00   5.7106e-05   1.6667e+02
20221118_03:00:00   4.1412e-02   1.4060e+01   4.0359e-01   0.0000e+00   8.3620e-05   1.6514e+02
20221118_06:00:00   3.4782e-02   1.2499e+01   2.9535e-01   0.0000e+00   2.4477e-04   1.6447e+02
20221118_09:00:00   3.4227e-02   1.2386e+01   2.8717e-01   0.0000e+00   5.4047e-04   1.6540e+02
20221118_12:00:00   3.3677e-02   1.2267e+01   2.7808e-01   0.0000e+00   3.5699e-04   1.6630e+02
20221118_15:00:00   3.5922e-02   1.2809e+01   3.1802e-01   0.0000e+00   1.3766e-03   1.6953e+02
20221118_18:00:00   3.9814e-02   1.3741e+01   3.8734e-01   0.0000e+00   6.1386e-03   1.7190e+02
20221118_21:00:00   4.3555e-02   1.4613e+01   4.5182e-01   0.0000e+00   1.3336e-02   1.7371e+02
20221119_00:00:00   4.7958e-02   1.5613e+01   5.3494e-01   0.0000e+00   1.7548e-02   1.7199e+02
20221119_03:00:00   5.1010e-02   1.6301e+01   5.9002e-01   0.0000e+00   1.1258e-02   1.7277e+02
20221119_06:00:00   5.7097e-02   1.7691e+01   6.9562e-01   0.0000e+00   1.7607e-02   1.7043e+02
20221119_09:00:00   6.0659e-02   1.8503e+01   7.5516e-01   0.0000e+00   1.6307e-02   1.6945e+02
20221119_12:00:00   6.4854e-02   1.9449e+01   8.1614e-01   0.0000e+00   3.2308e-02   1.7092e+02
20221119_15:00:00   6.5367e-02   1.9554e+01   8.1588e-01   0.0000e+00   3.1081e-02   1.7143e+02
20221119_18:00:00   6.4973e-02   1.9477e+01   8.0866e-01   0.0000e+00   1.3083e-02   1.7252e+02
20221119_21:00:00   6.5131e-02   1.9536e+01   8.0554e-01   0.0000e+00   1.1137e-02   1.7546e+02
20221120_00:00:00   6.6420e-02   1.9827e+01   8.2375e-01   0.0000e+00   1.8094e-02   1.7556e+02
20221120_03:00:00   6.6979e-02   1.9953e+01   8.2741e-01   0.0000e+00   2.6610e-02   1.7515e+02
20221120_06:00:00   6.6399e-02   1.9822e+01   8.1450e-01   0.0000e+00   2.0179e-02   1.7840e+02
20221120_09:00:00   6.5594e-02   1.9659e+01   8.0051e-01   0.0000e+00   5.2556e-03   1.7863e+02
20221120_12:00:00   6.7633e-02   2.0131e+01   8.3799e-01   0.0000e+00   4.1548e-03   1.7670e+02
20221120_15:00:00   6.8558e-02   2.0344e+01   8.5593e-01   0.0000e+00   4.6057e-03   1.7644e+02
20221120_18:00:00   6.7460e-02   2.0090e+01   8.3968e-01   0.0000e+00   1.4839e-03   1.7695e+02
20221120_21:00:00   6.5184e-02   1.9586e+01   8.0413e-01   0.0000e+00   6.1053e-05   1.7695e+02
20221121_00:00:00   6.1218e-02   1.8714e+01   7.4423e-01   0.0000e+00   2.4474e-05   1.7636e+02
20221121_03:00:00   6.0327e-02   1.8517e+01   7.4417e-01   0.0000e+00   2.5493e-04   1.7801e+02
20221121_06:00:00   6.6215e-02   1.9874e+01   8.6811e-01   0.0000e+00   3.0816e-03   1.7991e+02
20221121_09:00:00   7.8545e-02   2.2687e+01   1.0967e+00   0.0000e+00   1.6741e-02   1.7909e+02
20221121_12:00:00   8.6879e-02   2.4594e+01   1.2563e+00   0.0000e+00   2.3748e-02   1.8026e+02
20221121_15:00:00   9.3264e-02   2.6059e+01   1.3817e+00   0.0000e+00   2.3991e-02   1.7717e+02
20221121_18:00:00   1.0140e-01   2.7880e+01   1.5472e+00   0.0000e+00   2.8843e-02   1.7875e+02
20221121_21:00:00   1.0434e-01   2.8562e+01   1.6169e+00   0.0000e+00   2.3970e-02   1.7582e+02
20221122_00:00:00   1.0964e-01   2.9764e+01   1.7118e+00   0.0000e+00   3.2627e-02   1.7383e+02
20221122_03:00:00   1.1228e-01   3.0368e+01   1.7554e+00   0.0000e+00   4.5890e-02   1.7402e+02
20221122_06:00:00   1.1339e-01   3.0630e+01   1.7841e+00   0.0000e+00   2.4447e-02   1.7377e+02
20221122_09:00:00   1.1296e-01   3.0533e+01   1.7774e+00   0.0000e+00   2.0361e-02   1.7474e+02
20221122_12:00:00   1.1158e-01   3.0223e+01   1.7503e+00   0.0000e+00   1.5420e-02   1.7577e+02
20221122_15:00:00   1.0461e-01   2.8659e+01   1.6269e+00   0.0000e+00   1.3102e-02   1.7631e+02
20221122_18:00:00   9.6962e-02   2.6932e+01   1.4903e+00   0.0000e+00   1.4446e-02   1.7532e+02
20221122_21:00:00   9.0320e-02   2.5452e+01   1.3528e+00   0.0000e+00   2.0441e-02   1.7567e+02
20221123_00:00:00   8.6844e-02   2.4644e+01   1.2798e+00   0.0000e+00   2.0789e-02   1.8001e+02
20221123_03:00:00   8.3236e-02   2.3822e+01   1.2065e+00   0.0000e+00   1.8827e-02   1.7996e+02
20221123_06:00:00   7.8180e-02   2.2660e+01   1.1105e+00   0.0000e+00   1.4289e-02   1.8016e+02
20221123_09:00:00   7.3072e-02   2.1503e+01   1.0146e+00   0.0000e+00   6.9466e-03   1.7942e+02
20221123_12:00:00   7.0034e-02   2.0809e+01   9.5170e-01   0.0000e+00   2.9572e-03   1.7901e+02
20221123_15:00:00   6.8082e-02   2.0378e+01   9.0836e-01   0.0000e+00   1.6316e-05   1.8140e+02
20221123_18:00:00   6.6344e-02   2.0001e+01   8.7046e-01   0.0000e+00   8.1580e-06   1.8634e+02
20221123_21:00:00   6.5234e-02   1.9760e+01   8.4539e-01   0.0000e+00   0.0000e+00   1.8808e+02
20221124_00:00:00   6.6298e-02   1.9989e+01   8.6972e-01   0.0000e+00   0.0000e+00   1.8703e+02
20221124_03:00:00   6.6251e-02   1.9973e+01   8.7019e-01   0.0000e+00   5.9149e-05   1.8789e+02
20221124_06:00:00   6.5764e-02   1.9867e+01   8.6429e-01   0.0000e+00   2.9363e-03   1.8657e+02
