#            date       tau255        Tb[K]      pwv[mm] lwp[kg*m^-2] iwp[kg*m^-2]       o3[DU]
20231220_06:00:00   1.2337e-01   3.3045e+01   2.0293e+00   0.0000e+00   4.2588e-02   2.7496e+02
20231220_07:00:00   1.2463e-01   3.3335e+01   2.0556e+00   0.0000e+00   3.8632e-02   2.8163e+02
20231220_08:00:00   1.2586e-01   3.3618e+01   2.0809e+00   0.0000e+00   3.5904e-02   2.7921e+02
20231220_09:00:00   1.2702e-01   3.3883e+01   2.1072e+00   0.0000e+00   2.9711e-02   2.8318e+02
20231220_10:00:00   1.2723e-01   3.3930e+01   2.1107e+00   0.0000e+00   3.0125e-02   2.8780e+02
20231220_11:00:00   1.2818e-01   3.4143e+01   2.1281e+00   0.0000e+00   3.3284e-02   2.9336e+02
20231220_12:00:00   1.2899e-01   3.4326e+01   2.1422e+00   0.0000e+00   3.5619e-02   3.0104e+02
20231220_13:00:00   1.2927e-01   3.4385e+01   2.1471e+00   0.0000e+00   3.8682e-02   3.0607e+02
20231220_14:00:00   1.2958e-01   3.4456e+01   2.1513e+00   0.0000e+00   4.1805e-02   3.1265e+02
20231220_15:00:00   1.2969e-01   3.4483e+01   2.1538e+00   0.0000e+00   4.2502e-02   3.0717e+02
20231220_16:00:00   1.2843e-01   3.4225e+01   2.1289e+00   0.0000e+00   3.2815e-02   3.0262e+02
20231220_17:00:00   1.2695e-01   3.3931e+01   2.0937e+00   0.0000e+00   2.7735e-02   3.0374e+02
20231220_18:00:00   1.2754e-01   3.4061e+01   2.1074e+00   0.0000e+00   2.2461e-02   3.0354e+02
20231220_19:00:00   1.2769e-01   3.4091e+01   2.1105e+00   0.0000e+00   2.1933e-02   3.0362e+02
20231220_20:00:00   1.2845e-01   3.4260e+01   2.1267e+00   0.0000e+00   2.0979e-02   3.0546e+02
20231220_21:00:00   1.2825e-01   3.4209e+01   2.1215e+00   0.0000e+00   2.4077e-02   3.0867e+02
20231220_22:00:00   1.2777e-01   3.4113e+01   2.1064e+00   0.0000e+00   2.9266e-02   3.1243e+02
20231220_23:00:00   1.2734e-01   3.4014e+01   2.0996e+00   0.0000e+00   2.7821e-02   3.1372e+02
20231221_00:00:00   1.2756e-01   3.4045e+01   2.1089e+00   0.0000e+00   2.4293e-02   3.1192e+02
20231221_01:00:00   1.2774e-01   3.4064e+01   2.1153e+00   0.0000e+00   2.5475e-02   3.1265e+02
20231221_02:00:00   1.2764e-01   3.4037e+01   2.1146e+00   0.0000e+00   2.3129e-02   3.1594e+02
20231221_03:00:00   1.2671e-01   3.3831e+01   2.0902e+00   0.0000e+00   3.1825e-02   3.1799e+02
20231221_04:00:00   1.2603e-01   3.3685e+01   2.0735e+00   0.0000e+00   3.5814e-02   3.1583e+02
20231221_05:00:00   1.2556e-01   3.3581e+01   2.0648e+00   0.0000e+00   3.4645e-02   3.1775e+02
20231221_06:00:00   1.2527e-01   3.3509e+01   2.0602e+00   0.0000e+00   3.3432e-02   3.1669e+02
20231221_07:00:00   1.2492e-01   3.3414e+01   2.0564e+00   0.0000e+00   3.1335e-02   3.1561e+02
20231221_08:00:00   1.2483e-01   3.3391e+01   2.0514e+00   0.0000e+00   3.9125e-02   3.2183e+02
20231221_09:00:00   1.2388e-01   3.3182e+01   2.0322e+00   0.0000e+00   3.5216e-02   3.2294e+02
20231221_10:00:00   1.2308e-01   3.3006e+01   2.0138e+00   0.0000e+00   3.7395e-02   3.2725e+02
20231221_11:00:00   1.2289e-01   3.2960e+01   2.0048e+00   0.0000e+00   4.6833e-02   3.3026e+02
20231221_12:00:00   1.2265e-01   3.2905e+01   2.0000e+00   0.0000e+00   4.7729e-02   3.3052e+02
20231221_13:00:00   1.2203e-01   3.2757e+01   1.9882e+00   0.0000e+00   4.8670e-02   3.2930e+02
20231221_14:00:00   1.2118e-01   3.2568e+01   1.9688e+00   0.0000e+00   5.0480e-02   3.2614e+02
20231221_15:00:00   1.2023e-01   3.2364e+01   1.9506e+00   0.0000e+00   4.3877e-02   3.2314e+02
20231221_16:00:00   1.1929e-01   3.2157e+01   1.9308e+00   0.0000e+00   4.1928e-02   3.2483e+02
20231221_17:00:00   1.1840e-01   3.1963e+01   1.9123e+00   0.0000e+00   4.0184e-02   3.2474e+02
20231221_18:00:00   1.1826e-01   3.1929e+01   1.9087e+00   0.0000e+00   4.1466e-02   3.2527e+02
20231221_19:00:00   1.1772e-01   3.1800e+01   1.8967e+00   0.0000e+00   4.3556e-02   3.2686e+02
20231221_20:00:00   1.1770e-01   3.1789e+01   1.8930e+00   0.0000e+00   4.9326e-02   3.3053e+02
20231221_21:00:00   1.1739e-01   3.1719e+01   1.8871e+00   0.0000e+00   4.7539e-02   3.3198e+02
20231221_22:00:00   1.1646e-01   3.1513e+01   1.8698e+00   0.0000e+00   4.1966e-02   3.3222e+02
20231221_23:00:00   1.1511e-01   3.1221e+01   1.8418e+00   0.0000e+00   3.9704e-02   3.3211e+02
20231222_00:00:00   1.1341e-01   3.0855e+01   1.8064e+00   0.0000e+00   3.5177e-02   3.3293e+02
20231222_01:00:00   1.1165e-01   3.0472e+01   1.7723e+00   0.0000e+00   2.8660e-02   3.3343e+02
20231222_02:00:00   1.0905e-01   2.9909e+01   1.7240e+00   0.0000e+00   1.7100e-02   3.3403e+02
20231222_03:00:00   1.0650e-01   2.9350e+01   1.6745e+00   0.0000e+00   1.3601e-02   3.3349e+02
20231222_04:00:00   1.0502e-01   2.9022e+01   1.6469e+00   0.0000e+00   1.2384e-02   3.3197e+02
20231222_05:00:00   1.0437e-01   2.8868e+01   1.6349e+00   0.0000e+00   1.1830e-02   3.2897e+02
20231222_06:00:00   1.0420e-01   2.8822e+01   1.6320e+00   0.0000e+00   1.1034e-02   3.2716e+02
20231222_07:00:00   1.0363e-01   2.8686e+01   1.6201e+00   0.0000e+00   1.1112e-02   3.2637e+02
20231222_08:00:00   1.0319e-01   2.8585e+01   1.6117e+00   0.0000e+00   1.0127e-02   3.2658e+02
20231222_09:00:00   1.0240e-01   2.8404e+01   1.5960e+00   0.0000e+00   8.4116e-03   3.2748e+02
20231222_10:00:00   1.0184e-01   2.8271e+01   1.5836e+00   0.0000e+00   8.6535e-03   3.2866e+02
20231222_11:00:00   1.0130e-01   2.8143e+01   1.5722e+00   0.0000e+00   1.0418e-02   3.2986e+02
20231222_12:00:00   1.0079e-01   2.8027e+01   1.5621e+00   0.0000e+00   9.0398e-03   3.2982e+02
20231222_13:00:00   1.0029e-01   2.7916e+01   1.5523e+00   0.0000e+00   8.5949e-03   3.2850e+02
20231222_14:00:00   9.9825e-02   2.7808e+01   1.5418e+00   0.0000e+00   9.7098e-03   3.2907e+02
20231222_15:00:00   9.9937e-02   2.7830e+01   1.5406e+00   0.0000e+00   1.3663e-02   3.2989e+02
20231222_16:00:00   1.0009e-01   2.7858e+01   1.5424e+00   0.0000e+00   1.5833e-02   3.3012e+02
20231222_17:00:00   9.9806e-02   2.7786e+01   1.5359e+00   0.0000e+00   1.7889e-02   3.3152e+02
20231222_18:00:00   9.9912e-02   2.7804e+01   1.5392e+00   0.0000e+00   1.6710e-02   3.3202e+02
20231222_19:00:00   9.7934e-02   2.7380e+01   1.4960e+00   0.0000e+00   1.8114e-02   3.3372e+02
20231222_20:00:00   9.7899e-02   2.7366e+01   1.4941e+00   0.0000e+00   2.0319e-02   3.3454e+02
20231222_21:00:00   9.8188e-02   2.7430e+01   1.4993e+00   0.0000e+00   2.0318e-02   3.3426e+02
20231222_22:00:00   9.7956e-02   2.7375e+01   1.4954e+00   0.0000e+00   1.9038e-02   3.3511e+02
20231222_23:00:00   9.7956e-02   2.7376e+01   1.4936e+00   0.0000e+00   2.1656e-02   3.3660e+02
20231223_00:00:00   9.7514e-02   2.7274e+01   1.4842e+00   0.0000e+00   2.3082e-02   3.3619e+02
20231223_01:00:00   9.6886e-02   2.7132e+01   1.4718e+00   0.0000e+00   2.1442e-02   3.3577e+02
20231223_02:00:00   9.6063e-02   2.6942e+01   1.4553e+00   0.0000e+00   2.1399e-02   3.3503e+02
20231223_03:00:00   9.5599e-02   2.6837e+01   1.4479e+00   0.0000e+00   1.8277e-02   3.3469e+02
20231223_04:00:00   9.5083e-02   2.6716e+01   1.4387e+00   0.0000e+00   1.7586e-02   3.3376e+02
20231223_05:00:00   9.4162e-02   2.6506e+01   1.4225e+00   0.0000e+00   1.4381e-02   3.3195e+02
20231223_06:00:00   9.2973e-02   2.6238e+01   1.4027e+00   0.0000e+00   1.1420e-02   3.3056e+02
20231223_07:00:00   9.1025e-02   2.5798e+01   1.3685e+00   0.0000e+00   8.9772e-03   3.3131e+02
20231223_08:00:00   8.8429e-02   2.5215e+01   1.3246e+00   0.0000e+00   6.1746e-03   3.3120e+02
20231223_09:00:00   8.5798e-02   2.4619e+01   1.2803e+00   0.0000e+00   4.1782e-03   3.3030e+02
20231223_10:00:00   8.3359e-02   2.4067e+01   1.2394e+00   0.0000e+00   3.6767e-03   3.3078e+02
20231223_11:00:00   8.1379e-02   2.3613e+01   1.2050e+00   0.0000e+00   2.7334e-03   3.3180e+02
20231223_12:00:00   8.0300e-02   2.3363e+01   1.1855e+00   0.0000e+00   2.9455e-03   3.3266e+02
20231223_13:00:00   7.9168e-02   2.3103e+01   1.1651e+00   0.0000e+00   3.0056e-03   3.3366e+02
20231223_14:00:00   7.8180e-02   2.2875e+01   1.1484e+00   0.0000e+00   2.8304e-03   3.3622e+02
20231223_15:00:00   7.7338e-02   2.2675e+01   1.1356e+00   0.0000e+00   2.8470e-03   3.3644e+02
20231223_16:00:00   7.6748e-02   2.2534e+01   1.1261e+00   0.0000e+00   2.3253e-03   3.3654e+02
20231223_17:00:00   7.6507e-02   2.2475e+01   1.1229e+00   0.0000e+00   2.4188e-03   3.3670e+02
20231223_18:00:00   7.6155e-02   2.2389e+01   1.1169e+00   0.0000e+00   3.0303e-03   3.3835e+02
20231223_19:00:00   7.5725e-02   2.2286e+01   1.1087e+00   0.0000e+00   3.5036e-03   3.4065e+02
20231223_20:00:00   7.5381e-02   2.2208e+01   1.1026e+00   0.0000e+00   3.4490e-03   3.4106e+02
20231223_21:00:00   7.5044e-02   2.2127e+01   1.0967e+00   0.0000e+00   3.3586e-03   3.4038e+02
20231223_22:00:00   7.4670e-02   2.2033e+01   1.0902e+00   0.0000e+00   3.9200e-03   3.4058e+02
20231223_23:00:00   7.4377e-02   2.1963e+01   1.0860e+00   0.0000e+00   4.1229e-03   3.4102e+02
20231224_00:00:00   7.3859e-02   2.1839e+01   1.0776e+00   0.0000e+00   4.4944e-03   3.4083e+02
20231224_01:00:00   7.3471e-02   2.1746e+01   1.0706e+00   0.0000e+00   5.4843e-03   3.4007e+02
20231224_02:00:00   7.3209e-02   2.1687e+01   1.0679e+00   0.0000e+00   4.2663e-03   3.3716e+02
20231224_03:00:00   7.2505e-02   2.1525e+01   1.0572e+00   0.0000e+00   2.8696e-03   3.3391e+02
20231224_04:00:00   7.2122e-02   2.1435e+01   1.0511e+00   0.0000e+00   4.0711e-03   3.3127e+02
20231224_05:00:00   7.1518e-02   2.1293e+01   1.0393e+00   0.0000e+00   5.7979e-03   3.2990e+02
20231224_06:00:00   7.1208e-02   2.1216e+01   1.0324e+00   0.0000e+00   7.4917e-03   3.3096e+02
20231224_07:00:00   7.0995e-02   2.1165e+01   1.0282e+00   0.0000e+00   7.3527e-03   3.3233e+02
20231224_08:00:00   7.0877e-02   2.1139e+01   1.0282e+00   0.0000e+00   6.3488e-03   3.3214e+02
20231224_09:00:00   7.0834e-02   2.1130e+01   1.0282e+00   0.0000e+00   5.9066e-03   3.3291e+02
20231224_10:00:00   7.0812e-02   2.1127e+01   1.0296e+00   0.0000e+00   5.6242e-03   3.3402e+02
20231224_11:00:00   7.0769e-02   2.1118e+01   1.0295e+00   0.0000e+00   6.2428e-03   3.3506e+02
20231224_12:00:00   7.1055e-02   2.1185e+01   1.0351e+00   0.0000e+00   6.1003e-03   3.3673e+02
20231224_13:00:00   7.1497e-02   2.1284e+01   1.0413e+00   0.0000e+00   6.9762e-03   3.3900e+02
20231224_14:00:00   7.1781e-02   2.1347e+01   1.0453e+00   0.0000e+00   7.2639e-03   3.4081e+02
20231224_15:00:00   7.2317e-02   2.1472e+01   1.0553e+00   0.0000e+00   7.0332e-03   3.4106e+02
20231224_16:00:00   7.2382e-02   2.1491e+01   1.0579e+00   0.0000e+00   5.7374e-03   3.3986e+02
20231224_17:00:00   7.2343e-02   2.1486e+01   1.0561e+00   0.0000e+00   6.3530e-03   3.3855e+02
20231224_18:00:00   7.1969e-02   2.1403e+01   1.0486e+00   0.0000e+00   7.5619e-03   3.3743e+02
20231224_19:00:00   7.1626e-02   2.1331e+01   1.0431e+00   0.0000e+00   7.0466e-03   3.3474e+02
20231224_20:00:00   7.1059e-02   2.1207e+01   1.0331e+00   0.0000e+00   6.3003e-03   3.3363e+02
20231224_21:00:00   7.0610e-02   2.1110e+01   1.0249e+00   0.0000e+00   6.0792e-03   3.3495e+02
20231224_22:00:00   7.0477e-02   2.1084e+01   1.0212e+00   0.0000e+00   7.2770e-03   3.3514e+02
20231224_23:00:00   7.0710e-02   2.1141e+01   1.0238e+00   0.0000e+00   8.7800e-03   3.3609e+02
20231225_00:00:00   7.0817e-02   2.1167e+01   1.0248e+00   0.0000e+00   9.6832e-03   3.3700e+02
20231225_01:00:00   7.1486e-02   2.1326e+01   1.0374e+00   0.0000e+00   7.9605e-03   3.3780e+02
20231225_02:00:00   7.2181e-02   2.1486e+01   1.0481e+00   0.0000e+00   7.3629e-03   3.3688e+02
20231225_03:00:00   7.2936e-02   2.1665e+01   1.0613e+00   0.0000e+00   6.7850e-03   3.3340e+02
20231225_04:00:00   7.3125e-02   2.1709e+01   1.0640e+00   0.0000e+00   6.8252e-03   3.3260e+02
20231225_05:00:00   7.3181e-02   2.1725e+01   1.0646e+00   0.0000e+00   7.9952e-03   3.3226e+02
20231225_06:00:00   7.3129e-02   2.1713e+01   1.0629e+00   0.0000e+00   9.1189e-03   3.3075e+02
20231225_09:00:00   7.3154e-02   2.1717e+01   1.0637e+00   0.0000e+00   9.8055e-03   3.2970e+02
20231225_12:00:00   7.3404e-02   2.1768e+01   1.0704e+00   0.0000e+00   8.5014e-03   3.2990e+02
20231225_15:00:00   7.2768e-02   2.1618e+01   1.0593e+00   0.0000e+00   7.9012e-03   3.2125e+02
20231225_18:00:00   7.2939e-02   2.1646e+01   1.0594e+00   0.0000e+00   1.0258e-02   3.1898e+02
20231225_21:00:00   7.5142e-02   2.2145e+01   1.0997e+00   0.0000e+00   8.6310e-03   3.1806e+02
20231226_00:00:00   7.7791e-02   2.2738e+01   1.1475e+00   0.0000e+00   7.0402e-03   3.1550e+02
20231226_03:00:00   8.0085e-02   2.3241e+01   1.1831e+00   0.0000e+00   1.1105e-02   3.1406e+02
20231226_06:00:00   8.2391e-02   2.3742e+01   1.2217e+00   0.0000e+00   1.0221e-02   3.1132e+02
20231226_09:00:00   8.4096e-02   2.4112e+01   1.2477e+00   0.0000e+00   1.2336e-02   3.1374e+02
20231226_12:00:00   8.5157e-02   2.4333e+01   1.2620e+00   0.0000e+00   1.0520e-02   3.1338e+02
20231226_15:00:00   8.4971e-02   2.4271e+01   1.2494e+00   0.0000e+00   1.9752e-02   3.1639e+02
20231226_18:00:00   8.3863e-02   2.4009e+01   1.2239e+00   0.0000e+00   2.4134e-02   3.1771e+02
20231226_21:00:00   8.2124e-02   2.3600e+01   1.1939e+00   0.0000e+00   1.5731e-02   3.1685e+02
20231227_00:00:00   7.9131e-02   2.2899e+01   1.1404e+00   0.0000e+00   1.1326e-02   3.1606e+02
20231227_03:00:00   7.6085e-02   2.2186e+01   1.0839e+00   0.0000e+00   1.0962e-02   3.1576e+02
20231227_06:00:00   7.3340e-02   2.1560e+01   1.0349e+00   0.0000e+00   6.0761e-03   3.1383e+02
20231227_09:00:00   7.1628e-02   2.1169e+01   1.0033e+00   0.0000e+00   3.6656e-03   3.1394e+02
20231227_12:00:00   7.1058e-02   2.1037e+01   9.9031e-01   0.0000e+00   4.5304e-03   3.1057e+02
20231227_15:00:00   7.0757e-02   2.0965e+01   9.8351e-01   0.0000e+00   4.8687e-03   3.1022e+02
20231227_18:00:00   6.9694e-02   2.0731e+01   9.6376e-01   0.0000e+00   5.5984e-03   3.0883e+02
20231227_21:00:00   6.8342e-02   2.0431e+01   9.3939e-01   0.0000e+00   4.5596e-03   3.0625e+02
20231228_00:00:00   6.7412e-02   2.0224e+01   9.2123e-01   0.0000e+00   5.6137e-03   3.0807e+02
20231228_03:00:00   6.4683e-02   1.9616e+01   8.6704e-01   0.0000e+00   3.7195e-03   3.1100e+02
20231228_06:00:00   6.2970e-02   1.9234e+01   8.3700e-01   0.0000e+00   1.3053e-04   3.0965e+02
20231228_09:00:00   6.1740e-02   1.8966e+01   8.1375e-01   0.0000e+00   8.1580e-06   3.0848e+02
20231228_12:00:00   6.2331e-02   1.9108e+01   8.2507e-01   0.0000e+00   1.6316e-05   3.0833e+02
20231228_15:00:00   6.4814e-02   1.9680e+01   8.7574e-01   0.0000e+00   1.6316e-05   3.0644e+02
20231228_18:00:00   6.4038e-02   1.9514e+01   8.6686e-01   0.0000e+00   1.6316e-05   3.0302e+02
20231228_21:00:00   6.3589e-02   1.9423e+01   8.6289e-01   0.0000e+00   8.1580e-06   3.0222e+02
20231229_00:00:00   6.5539e-02   1.9878e+01   9.0398e-01   0.0000e+00   2.5901e-04   3.0024e+02
20231229_03:00:00   7.1432e-02   2.1204e+01   1.0236e+00   0.0000e+00   1.5704e-04   2.9828e+02
20231229_06:00:00   7.5716e-02   2.2172e+01   1.1058e+00   0.0000e+00   9.5853e-04   2.9543e+02
20231229_09:00:00   7.8628e-02   2.2837e+01   1.1593e+00   0.0000e+00   1.2970e-03   2.9182e+02
20231229_12:00:00   8.1331e-02   2.3455e+01   1.2047e+00   0.0000e+00   2.3148e-03   2.8803e+02
20231229_15:00:00   8.3250e-02   2.3895e+01   1.2365e+00   0.0000e+00   4.0505e-03   2.8698e+02
20231229_18:00:00   8.4831e-02   2.4252e+01   1.2638e+00   0.0000e+00   1.8927e-03   2.8666e+02
20231229_21:00:00   8.4272e-02   2.4132e+01   1.2507e+00   0.0000e+00   4.7160e-04   2.8567e+02
20231230_00:00:00   8.3137e-02   2.3878e+01   1.2284e+00   0.0000e+00   2.1162e-04   2.8608e+02
20231230_03:00:00   8.1051e-02   2.3407e+01   1.1882e+00   0.0000e+00   1.2597e-04   2.8948e+02
20231230_06:00:00   7.8536e-02   2.2831e+01   1.1424e+00   0.0000e+00   2.4474e-05   2.9245e+02
20231230_09:00:00   7.6113e-02   2.2271e+01   1.0984e+00   0.0000e+00   2.4474e-05   2.9149e+02
20231230_12:00:00   6.9727e-02   2.0820e+01   9.8260e-01   0.0000e+00   2.4474e-05   2.8995e+02
20231230_15:00:00   5.7987e-02   1.8140e+01   7.6389e-01   0.0000e+00   4.0790e-05   2.8849e+02
20231230_18:00:00   5.2436e-02   1.6858e+01   6.5808e-01   0.0000e+00   0.0000e+00   2.8942e+02
20231230_21:00:00   5.0410e-02   1.6395e+01   6.1278e-01   0.0000e+00   0.0000e+00   2.8855e+02
20231231_00:00:00   5.0258e-02   1.6361e+01   6.0294e-01   0.0000e+00   0.0000e+00   2.8906e+02
20231231_03:00:00   5.1131e-02   1.6562e+01   6.1480e-01   0.0000e+00   0.0000e+00   2.9142e+02
20231231_06:00:00   5.3894e-02   1.7187e+01   6.6163e-01   0.0000e+00   0.0000e+00   2.9212e+02
20231231_09:00:00   5.6712e-02   1.7812e+01   7.1038e-01   0.0000e+00   0.0000e+00   2.9186e+02
20231231_12:00:00   5.8050e-02   1.8097e+01   7.3255e-01   0.0000e+00   0.0000e+00   2.9097e+02
20231231_15:00:00   5.9020e-02   1.8301e+01   7.4778e-01   0.0000e+00   0.0000e+00   2.9124e+02
20231231_18:00:00   6.0107e-02   1.8534e+01   7.6405e-01   0.0000e+00   3.0590e-04   2.9222e+02
20231231_21:00:00   6.1032e-02   1.8730e+01   7.7776e-01   0.0000e+00   1.2551e-03   2.9258e+02
20240101_00:00:00   6.1222e-02   1.8758e+01   7.8049e-01   0.0000e+00   1.8684e-03   2.9324e+02
20240101_03:00:00   6.1142e-02   1.8725e+01   7.7829e-01   0.0000e+00   2.8923e-03   2.9429e+02
20240101_06:00:00   6.0892e-02   1.8655e+01   7.7268e-01   0.0000e+00   3.2467e-03   2.9503e+02
20240101_09:00:00   6.0652e-02   1.8589e+01   7.6757e-01   0.0000e+00   3.2607e-03   2.9628e+02
20240101_12:00:00   6.0414e-02   1.8525e+01   7.6263e-01   0.0000e+00   2.7394e-03   2.9612e+02
20240101_15:00:00   6.0155e-02   1.8463e+01   7.5754e-01   0.0000e+00   2.3164e-03   2.9558e+02
20240101_18:00:00   6.0024e-02   1.8428e+01   7.5450e-01   0.0000e+00   1.8951e-03   2.9631e+02
20240101_21:00:00   6.0168e-02   1.8462e+01   7.5753e-01   0.0000e+00   1.3087e-04   2.9649e+02
20240102_00:00:00   6.0126e-02   1.8453e+01   7.5649e-01   0.0000e+00   2.3263e-04   2.9754e+02
20240102_03:00:00   6.0065e-02   1.8438e+01   7.5516e-01   0.0000e+00   2.3023e-04   2.9907e+02
20240102_06:00:00   5.9883e-02   1.8400e+01   7.5182e-01   0.0000e+00   9.1012e-05   3.0113e+02
20240102_09:00:00   5.9584e-02   1.8334e+01   7.4628e-01   0.0000e+00   4.0790e-05   3.0237e+02
20240102_12:00:00   5.9782e-02   1.8379e+01   7.4876e-01   0.0000e+00   2.3049e-04   3.0175e+02
20240102_15:00:00   5.9956e-02   1.8421e+01   7.5123e-01   0.0000e+00   5.0472e-04   3.0300e+02
20240102_18:00:00   6.0023e-02   1.8435e+01   7.5253e-01   0.0000e+00   4.7243e-04   3.0296e+02
20240102_21:00:00   6.0613e-02   1.8569e+01   7.6236e-01   0.0000e+00   5.2281e-04   3.0293e+02
20240103_00:00:00   6.0502e-02   1.8542e+01   7.5999e-01   0.0000e+00   2.2217e-03   3.0348e+02
20240103_03:00:00   6.0270e-02   1.8486e+01   7.5483e-01   0.0000e+00   4.3572e-03   3.0338e+02
20240103_06:00:00   5.7295e-02   1.7810e+01   7.0238e-01   0.0000e+00   2.8259e-03   3.0331e+02
20240103_09:00:00   5.7252e-02   1.7800e+01   7.0182e-01   0.0000e+00   3.1599e-03   3.0326e+02
20240103_12:00:00   5.6909e-02   1.7718e+01   6.9587e-01   0.0000e+00   3.2230e-03   3.0178e+02
20240103_15:00:00   5.6678e-02   1.7665e+01   6.9256e-01   0.0000e+00   1.6795e-03   3.0225e+02
20240103_18:00:00   5.6661e-02   1.7659e+01   6.9154e-01   0.0000e+00   2.5951e-03   3.0208e+02
20240103_21:00:00   5.6226e-02   1.7561e+01   6.8463e-01   0.0000e+00   1.7938e-03   3.0068e+02
20240104_00:00:00   5.6610e-02   1.7649e+01   6.8958e-01   0.0000e+00   4.0106e-03   3.0143e+02
20240104_03:00:00   5.7208e-02   1.7793e+01   6.9931e-01   0.0000e+00   3.6060e-03   3.0242e+02
20240104_06:00:00   5.7676e-02   1.7904e+01   7.0681e-01   0.0000e+00   2.9515e-03   3.0185e+02
20240104_09:00:00   5.7967e-02   1.7976e+01   7.1138e-01   0.0000e+00   2.1127e-03   3.0190e+02
20240104_12:00:00   5.8409e-02   1.8081e+01   7.1890e-01   0.0000e+00   2.0072e-03   3.0182e+02
20240104_15:00:00   5.8618e-02   1.8133e+01   7.2213e-01   0.0000e+00   1.9396e-03   2.9689e+02
20240104_18:00:00   5.9159e-02   1.8267e+01   7.3223e-01   0.0000e+00   1.5510e-03   2.9479e+02
20240104_21:00:00   6.3559e-02   1.9276e+01   8.0898e-01   0.0000e+00   4.0429e-03   2.9450e+02
20240105_00:00:00   6.5364e-02   1.9706e+01   8.3930e-01   0.0000e+00   7.7092e-03   3.0791e+02
20240105_03:00:00   6.6891e-02   2.0075e+01   8.6577e-01   0.0000e+00   1.0309e-02   3.1318e+02
20240105_06:00:00   6.8602e-02   2.0495e+01   8.9708e-01   0.0000e+00   1.0260e-02   3.1318e+02
