#            date       tau255        Tb[K]      pwv[mm] lwp[kg*m^-2] iwp[kg*m^-2]       o3[DU]
20230906_06:00:00   4.0140e-02   1.3491e+01   3.5131e-01   0.0000e+00   4.7143e-02   2.1452e+02
20230906_07:00:00   4.1160e-02   1.3736e+01   3.6736e-01   0.0000e+00   6.1454e-02   2.1139e+02
20230906_08:00:00   4.1961e-02   1.3929e+01   3.8231e-01   0.0000e+00   6.7815e-02   2.0587e+02
20230906_09:00:00   4.2626e-02   1.4093e+01   3.9933e-01   0.0000e+00   6.3212e-02   2.0622e+02
20230906_10:00:00   4.3369e-02   1.4273e+01   4.1434e-01   0.0000e+00   6.9087e-02   2.0910e+02
20230906_11:00:00   4.4265e-02   1.4490e+01   4.3269e-01   0.0000e+00   7.3092e-02   2.1413e+02
20230906_12:00:00   4.5271e-02   1.4732e+01   4.5031e-01   0.0000e+00   8.2639e-02   2.1925e+02
20230906_13:00:00   4.6220e-02   1.4961e+01   4.6658e-01   0.0000e+00   9.1350e-02   2.2082e+02
20230906_14:00:00   4.6995e-02   1.5143e+01   4.7086e-01   0.0000e+00   1.2309e-01   2.1570e+02
20230906_15:00:00   4.7170e-02   1.5191e+01   4.8029e-01   0.0000e+00   1.0774e-01   2.1306e+02
20230906_16:00:00   4.6887e-02   1.5125e+01   4.7215e-01   0.0000e+00   1.0816e-01   2.1013e+02
20230906_17:00:00   4.9546e-02   1.5747e+01   5.2257e-01   0.0000e+00   9.2497e-02   2.0256e+02
20230906_18:00:00   4.9736e-02   1.5799e+01   5.2556e-01   0.0000e+00   8.8775e-02   1.9492e+02
20230906_19:00:00   4.6376e-02   1.5027e+01   4.7180e-01   0.0000e+00   6.5306e-02   1.9276e+02
20230906_20:00:00   4.5200e-02   1.4767e+01   4.6460e-01   0.0000e+00   1.7560e-02   1.9715e+02
20230906_21:00:00   4.5282e-02   1.4796e+01   4.6911e-01   0.0000e+00   1.1721e-02   1.9694e+02
20230906_22:00:00   5.0497e-02   1.6004e+01   5.5973e-01   0.0000e+00   3.1279e-02   1.9369e+02
20230906_23:00:00   5.4711e-02   1.6973e+01   6.1672e-01   0.0000e+00   7.4006e-02   1.9044e+02
20230907_00:00:00   5.5909e-02   1.7253e+01   6.3228e-01   0.0000e+00   9.5966e-02   1.8998e+02
20230907_01:00:00   5.7152e-02   1.7539e+01   6.4372e-01   0.0000e+00   1.2970e-01   1.9057e+02
20230907_02:00:00   5.7672e-02   1.7666e+01   6.6149e-01   0.0000e+00   1.1225e-01   1.9164e+02
20230907_03:00:00   5.8745e-02   1.7924e+01   6.8869e-01   0.0000e+00   1.0041e-01   1.8944e+02
20230907_04:00:00   5.9858e-02   1.8190e+01   7.1476e-01   0.0000e+00   9.3031e-02   1.8826e+02
20230907_05:00:00   6.0960e-02   1.8453e+01   7.3959e-01   0.0000e+00   8.7802e-02   1.8881e+02
20230907_06:00:00   6.1712e-02   1.8632e+01   7.5502e-01   0.0000e+00   9.1102e-02   1.8956e+02
20230907_07:00:00   6.5995e-02   1.9612e+01   8.3522e-01   0.0000e+00   1.0029e-01   1.9137e+02
20230907_08:00:00   6.8180e-02   2.0122e+01   8.8193e-01   0.0000e+00   7.9262e-02   1.9031e+02
20230907_09:00:00   6.9303e-02   2.0388e+01   9.0113e-01   0.0000e+00   8.7208e-02   1.9241e+02
20230907_10:00:00   6.9840e-02   2.0513e+01   9.0928e-01   0.0000e+00   9.4184e-02   1.9128e+02
20230907_11:00:00   6.8858e-02   2.0286e+01   8.9972e-01   0.0000e+00   6.6373e-02   1.9279e+02
20230907_12:00:00   6.8017e-02   2.0089e+01   8.8700e-01   0.0000e+00   5.2164e-02   1.9605e+02
20230907_13:00:00   6.4411e-02   1.9273e+01   8.1579e-01   0.0000e+00   5.1944e-02   1.9299e+02
20230907_14:00:00   6.3413e-02   1.9036e+01   7.9637e-01   0.0000e+00   4.6186e-02   1.9303e+02
20230907_15:00:00   6.2462e-02   1.8811e+01   7.7704e-01   0.0000e+00   4.1263e-02   1.9192e+02
20230907_16:00:00   6.0810e-02   1.8429e+01   7.4836e-01   0.0000e+00   2.4301e-02   1.9000e+02
20230907_17:00:00   5.5210e-02   1.7161e+01   6.3973e-01   0.0000e+00   1.2050e-02   1.9301e+02
20230907_18:00:00   5.1663e-02   1.6339e+01   5.6958e-01   0.0000e+00   1.2341e-02   1.9581e+02
20230907_19:00:00   4.9674e-02   1.5874e+01   5.3012e-01   0.0000e+00   1.3022e-02   2.0251e+02
20230907_20:00:00   4.7454e-02   1.5349e+01   4.8779e-01   0.0000e+00   1.3894e-02   2.0745e+02
20230907_21:00:00   4.7472e-02   1.5344e+01   4.8590e-01   0.0000e+00   1.6284e-02   2.0968e+02
20230907_22:00:00   4.7847e-02   1.5420e+01   4.9089e-01   0.0000e+00   1.9786e-02   2.0935e+02
20230907_23:00:00   4.8325e-02   1.5521e+01   4.9725e-01   0.0000e+00   2.3332e-02   2.1095e+02
20230908_00:00:00   4.8564e-02   1.5573e+01   5.0160e-01   0.0000e+00   2.1432e-02   2.0913e+02
20230908_01:00:00   4.7702e-02   1.5374e+01   4.8609e-01   0.0000e+00   1.6418e-02   2.0654e+02
20230908_02:00:00   4.5740e-02   1.4919e+01   4.5076e-01   0.0000e+00   9.1039e-03   1.9779e+02
20230908_03:00:00   4.0979e-02   1.3817e+01   3.6633e-01   0.0000e+00   1.8320e-03   1.9060e+02
20230908_04:00:00   3.7113e-02   1.2916e+01   2.9115e-01   0.0000e+00   3.6380e-04   1.8824e+02
20230908_05:00:00   3.5471e-02   1.2529e+01   2.5972e-01   0.0000e+00   3.9031e-04   1.8896e+02
20230908_06:00:00   3.5319e-02   1.2487e+01   2.5653e-01   0.0000e+00   4.4950e-04   1.9245e+02
20230908_07:00:00   3.5165e-02   1.2439e+01   2.5639e-01   0.0000e+00   5.2148e-04   1.9380e+02
20230908_08:00:00   3.4609e-02   1.2293e+01   2.5100e-01   0.0000e+00   8.9461e-04   1.9238e+02
20230908_09:00:00   3.5621e-02   1.2526e+01   2.7621e-01   0.0000e+00   9.7288e-04   1.9167e+02
20230908_10:00:00   3.6963e-02   1.2843e+01   3.0434e-01   0.0000e+00   8.9964e-04   1.9405e+02
20230908_11:00:00   3.8727e-02   1.3262e+01   3.4066e-01   0.0000e+00   9.1214e-04   1.9567e+02
20230908_12:00:00   4.0114e-02   1.3590e+01   3.6888e-01   0.0000e+00   1.6422e-03   1.9428e+02
20230908_13:00:00   4.1552e-02   1.3932e+01   3.9689e-01   0.0000e+00   1.5034e-03   1.9184e+02
20230908_14:00:00   4.2538e-02   1.4166e+01   4.1625e-01   0.0000e+00   2.1990e-03   1.9251e+02
20230908_15:00:00   4.2693e-02   1.4205e+01   4.1886e-01   0.0000e+00   3.6106e-03   1.9295e+02
20230908_16:00:00   4.3273e-02   1.4343e+01   4.2754e-01   0.0000e+00   4.5288e-03   1.9614e+02
20230908_17:00:00   4.4083e-02   1.4537e+01   4.4048e-01   0.0000e+00   6.1131e-03   2.0113e+02
20230908_18:00:00   4.5342e-02   1.4836e+01   4.6438e-01   0.0000e+00   6.3919e-03   1.9461e+02
20230908_19:00:00   4.7337e-02   1.5307e+01   5.0162e-01   0.0000e+00   7.4235e-03   1.8678e+02
20230908_20:00:00   5.0305e-02   1.6002e+01   5.5372e-01   0.0000e+00   7.0551e-03   1.8908e+02
20230908_21:00:00   5.3710e-02   1.6791e+01   6.1310e-01   0.0000e+00   6.3385e-03   1.9327e+02
20230908_22:00:00   5.4006e-02   1.6862e+01   6.1934e-01   0.0000e+00   4.5766e-03   2.0060e+02
20230908_23:00:00   5.3931e-02   1.6845e+01   6.1778e-01   0.0000e+00   3.8995e-03   2.0158e+02
20230909_00:00:00   5.4743e-02   1.7029e+01   6.3234e-01   0.0000e+00   3.6719e-03   1.9946e+02
20230909_01:00:00   5.5618e-02   1.7234e+01   6.4933e-01   0.0000e+00   2.0784e-03   1.9288e+02
20230909_02:00:00   5.6176e-02   1.7361e+01   6.5911e-01   0.0000e+00   1.6350e-03   1.8310e+02
20230909_03:00:00   5.6273e-02   1.7388e+01   6.6044e-01   0.0000e+00   1.2667e-03   1.7960e+02
20230909_04:00:00   5.6434e-02   1.7427e+01   6.6198e-01   0.0000e+00   1.2086e-03   1.7956e+02
20230909_05:00:00   5.6370e-02   1.7416e+01   6.5926e-01   0.0000e+00   9.6856e-04   1.8040e+02
20230909_06:00:00   5.6220e-02   1.7386e+01   6.5716e-01   0.0000e+00   5.9803e-04   1.8127e+02
20230909_07:00:00   5.5716e-02   1.7270e+01   6.4913e-01   0.0000e+00   5.6916e-04   1.8227e+02
20230909_08:00:00   5.5221e-02   1.7155e+01   6.3973e-01   0.0000e+00   6.3228e-04   1.8352e+02
20230909_09:00:00   5.4380e-02   1.6968e+01   6.2494e-01   0.0000e+00   3.7125e-04   1.8567e+02
20230909_10:00:00   5.3122e-02   1.6687e+01   6.0337e-01   0.0000e+00   2.4068e-04   1.8590e+02
20230909_11:00:00   5.2002e-02   1.6433e+01   5.8407e-01   0.0000e+00   1.4743e-04   1.8665e+02
20230909_12:00:00   5.1058e-02   1.6214e+01   5.6769e-01   0.0000e+00   2.1219e-04   1.8970e+02
20230909_13:00:00   5.0087e-02   1.5990e+01   5.5105e-01   0.0000e+00   2.4896e-04   1.9325e+02
20230909_14:00:00   4.8632e-02   1.5656e+01   5.2489e-01   0.0000e+00   2.4408e-04   1.9382e+02
20230909_15:00:00   4.7079e-02   1.5298e+01   4.9676e-01   0.0000e+00   2.2827e-04   1.9529e+02
20230909_16:00:00   4.5603e-02   1.4959e+01   4.6933e-01   0.0000e+00   1.0973e-04   1.9470e+02
20230909_17:00:00   4.5654e-02   1.4974e+01   4.7085e-01   0.0000e+00   1.2546e-04   1.9435e+02
20230909_18:00:00   4.4320e-02   1.4667e+01   4.4452e-01   0.0000e+00   1.7644e-04   1.9163e+02
20230909_19:00:00   4.3086e-02   1.4382e+01   4.2115e-01   0.0000e+00   1.9008e-04   1.9274e+02
20230909_20:00:00   4.0999e-02   1.3897e+01   3.8126e-01   0.0000e+00   2.0231e-04   1.9420e+02
20230909_21:00:00   3.9078e-02   1.3444e+01   3.4376e-01   0.0000e+00   1.5582e-04   1.9125e+02
20230909_22:00:00   3.7343e-02   1.3045e+01   3.1051e-01   0.0000e+00   1.6274e-04   1.8426e+02
20230909_23:00:00   3.5563e-02   1.2620e+01   2.7517e-01   0.0000e+00   4.2469e-04   1.7789e+02
20230910_00:00:00   3.5912e-02   1.2698e+01   2.8351e-01   0.0000e+00   3.4426e-03   1.7653e+02
20230910_01:00:00   3.7651e-02   1.3102e+01   3.1894e-01   0.0000e+00   5.9493e-03   1.7893e+02
20230910_02:00:00   4.0339e-02   1.3724e+01   3.7154e-01   0.0000e+00   1.3467e-02   1.7842e+02
20230910_03:00:00   4.4980e-02   1.4805e+01   4.6225e-01   0.0000e+00   2.2754e-02   1.7886e+02
20230910_04:00:00   4.8657e-02   1.5655e+01   5.3420e-01   0.0000e+00   2.2453e-02   1.8119e+02
20230910_05:00:00   5.3980e-02   1.6872e+01   6.2997e-01   0.0000e+00   4.2859e-02   1.8258e+02
20230910_06:00:00   5.9283e-02   1.8076e+01   7.1486e-01   0.0000e+00   7.0511e-02   1.8583e+02
20230910_07:00:00   6.3135e-02   1.8953e+01   7.7836e-01   0.0000e+00   8.2446e-02   1.9048e+02
20230910_08:00:00   6.6096e-02   1.9624e+01   8.3125e-01   0.0000e+00   7.5867e-02   1.9424e+02
20230910_09:00:00   7.0350e-02   2.0579e+01   9.1821e-01   0.0000e+00   6.0235e-02   1.9512e+02
20230910_10:00:00   7.0593e-02   2.0634e+01   9.2614e-01   0.0000e+00   5.4841e-02   1.9616e+02
20230910_11:00:00   7.0933e-02   2.0704e+01   9.1726e-01   0.0000e+00   9.4854e-02   1.9834e+02
20230910_12:00:00   7.1673e-02   2.0878e+01   9.2575e-01   0.0000e+00   1.0866e-01   1.9834e+02
20230910_13:00:00   7.1498e-02   2.0847e+01   9.2798e-01   0.0000e+00   9.1166e-02   2.0005e+02
20230910_14:00:00   7.0177e-02   2.0546e+01   9.0916e-01   0.0000e+00   6.5702e-02   2.0014e+02
20230910_15:00:00   6.8853e-02   2.0248e+01   8.9477e-01   0.0000e+00   3.1456e-02   2.0139e+02
20230910_16:00:00   6.8745e-02   2.0227e+01   8.9708e-01   0.0000e+00   1.9517e-02   2.0191e+02
20230910_17:00:00   6.8397e-02   2.0148e+01   8.8907e-01   0.0000e+00   1.8120e-02   2.0268e+02
20230910_18:00:00   7.0727e-02   2.0675e+01   9.2489e-01   0.0000e+00   1.5322e-02   2.0351e+02
20230910_19:00:00   7.1092e-02   2.0770e+01   9.3284e-01   0.0000e+00   1.0755e-02   2.0401e+02
20230910_20:00:00   7.0946e-02   2.0740e+01   9.2850e-01   0.0000e+00   9.5258e-03   2.0410e+02
20230910_21:00:00   6.7689e-02   2.0020e+01   8.6355e-01   0.0000e+00   8.7237e-03   2.0357e+02
20230910_22:00:00   6.7764e-02   2.0040e+01   8.6703e-01   0.0000e+00   4.8694e-03   2.0362e+02
20230910_23:00:00   6.4073e-02   1.9191e+01   8.0597e-01   0.0000e+00   3.9789e-03   2.0301e+02
20230911_00:00:00   6.3687e-02   1.9104e+01   7.9845e-01   0.0000e+00   3.0441e-03   2.0196e+02
20230911_01:00:00   6.3545e-02   1.9067e+01   7.9550e-01   0.0000e+00   3.3291e-03   2.0145e+02
20230911_02:00:00   6.3404e-02   1.9040e+01   7.9448e-01   0.0000e+00   5.1540e-03   2.0311e+02
20230911_03:00:00   6.3358e-02   1.9020e+01   7.9258e-01   0.0000e+00   7.2127e-03   2.0400e+02
20230911_04:00:00   6.2938e-02   1.8927e+01   7.8431e-01   0.0000e+00   5.9640e-03   2.0507e+02
20230911_05:00:00   6.1999e-02   1.8711e+01   7.6594e-01   0.0000e+00   5.4080e-03   2.0817e+02
20230911_06:00:00   6.1849e-02   1.8679e+01   7.6266e-01   0.0000e+00   5.2094e-03   2.1047e+02
20230911_09:00:00   6.1072e-02   1.8504e+01   7.4891e-01   0.0000e+00   6.5205e-03   2.1153e+02
20230911_12:00:00   6.1833e-02   1.8666e+01   7.5840e-01   0.0000e+00   1.7423e-02   2.0529e+02
20230911_15:00:00   6.2922e-02   1.8904e+01   7.6442e-01   0.0000e+00   4.4675e-02   2.0213e+02
20230911_18:00:00   6.0889e-02   1.8407e+01   7.1357e-01   0.0000e+00   7.7514e-02   2.0201e+02
20230911_21:00:00   5.4667e-02   1.6949e+01   5.9979e-01   0.0000e+00   7.6622e-02   2.0446e+02
20230912_00:00:00   4.7241e-02   1.5195e+01   4.6879e-01   0.0000e+00   5.0247e-02   2.0521e+02
20230912_03:00:00   4.5075e-02   1.4674e+01   4.2570e-01   0.0000e+00   4.7660e-02   2.0668e+02
20230912_06:00:00   4.4358e-02   1.4502e+01   4.1372e-01   0.0000e+00   3.8949e-02   2.0837e+02
20230912_09:00:00   4.3958e-02   1.4417e+01   4.1383e-01   0.0000e+00   1.8636e-02   2.0173e+02
20230912_12:00:00   4.3348e-02   1.4276e+01   4.0629e-01   0.0000e+00   8.6001e-03   1.9650e+02
20230912_15:00:00   4.2410e-02   1.4063e+01   3.9217e-01   0.0000e+00   2.3019e-03   2.0121e+02
20230912_18:00:00   3.7191e-02   1.2842e+01   3.0346e-01   0.0000e+00   4.0999e-04   1.9218e+02
20230912_21:00:00   2.8743e-02   1.0851e+01   1.4396e-01   0.0000e+00   0.0000e+00   1.9726e+02
20230913_00:00:00   2.8827e-02   1.0869e+01   1.4328e-01   0.0000e+00   0.0000e+00   1.9403e+02
20230913_03:00:00   3.4480e-02   1.2230e+01   2.4860e-01   0.0000e+00   0.0000e+00   1.9706e+02
20230913_06:00:00   3.1475e-02   1.1564e+01   1.9689e-01   0.0000e+00   0.0000e+00   2.0251e+02
20230913_09:00:00   3.2378e-02   1.1815e+01   2.2330e-01   0.0000e+00   0.0000e+00   2.0335e+02
20230913_12:00:00   3.4087e-02   1.2219e+01   2.7977e-01   0.0000e+00   5.9494e-03   2.0680e+02
20230913_15:00:00   5.4261e-02   1.6957e+01   6.4680e-01   0.0000e+00   3.0794e-03   2.1038e+02
20230913_18:00:00   5.5009e-02   1.7114e+01   6.5576e-01   0.0000e+00   9.1233e-03   2.0995e+02
20230913_21:00:00   5.2300e-02   1.6452e+01   5.7606e-01   0.0000e+00   4.1709e-02   2.1615e+02
20230914_00:00:00   4.3191e-02   1.4289e+01   4.0554e-01   0.0000e+00   2.4066e-02   2.1516e+02
20230914_03:00:00   3.5083e-02   1.2296e+01   2.5458e-01   0.0000e+00   7.0205e-03   2.2235e+02
20230914_06:00:00   3.3026e-02   1.1778e+01   2.1349e-01   0.0000e+00   4.0387e-03   2.2342e+02
20230914_09:00:00   3.5032e-02   1.2246e+01   2.4563e-01   0.0000e+00   1.4401e-02   2.1901e+02
20230914_12:00:00   3.1591e-02   1.1448e+01   1.8692e-01   0.0000e+00   7.9815e-04   2.1745e+02
20230914_15:00:00   3.7112e-02   1.2760e+01   2.8682e-01   0.0000e+00   6.9830e-03   2.1383e+02
20230914_18:00:00   3.8083e-02   1.3014e+01   3.0666e-01   0.0000e+00   2.9656e-03   2.1828e+02
20230914_21:00:00   3.6532e-02   1.2684e+01   2.7978e-01   0.0000e+00   7.0929e-04   2.1737e+02
20230915_00:00:00   3.4826e-02   1.2318e+01   2.5383e-01   0.0000e+00   1.0964e-06   2.1633e+02
20230915_03:00:00   3.4397e-02   1.2247e+01   2.4989e-01   0.0000e+00   1.2946e-06   2.1295e+02
20230915_06:00:00   3.5735e-02   1.2586e+01   2.7074e-01   0.0000e+00   2.0457e-05   2.1602e+02
20230915_09:00:00   3.6678e-02   1.2843e+01   2.8426e-01   0.0000e+00   8.8352e-04   2.1240e+02
20230915_12:00:00   4.8558e-02   1.5610e+01   5.0881e-01   0.0000e+00   1.2459e-03   1.9651e+02
20230915_15:00:00   5.5572e-02   1.7194e+01   6.4944e-01   0.0000e+00   8.9829e-03   1.9491e+02
20230915_18:00:00   5.5614e-02   1.7204e+01   6.4618e-01   0.0000e+00   1.8701e-02   1.9655e+02
20230915_21:00:00   4.5556e-02   1.4904e+01   4.5382e-01   0.0000e+00   2.2250e-02   1.9999e+02
20230916_00:00:00   4.0596e-02   1.3739e+01   3.5857e-01   0.0000e+00   1.0793e-02   2.0403e+02
20230916_03:00:00   3.6768e-02   1.2826e+01   2.8475e-01   0.0000e+00   6.1793e-03   2.0818e+02
20230916_06:00:00   3.5455e-02   1.2495e+01   2.6041e-01   0.0000e+00   3.8339e-03   2.0707e+02
20230916_09:00:00   3.4864e-02   1.2349e+01   2.4969e-01   0.0000e+00   1.2328e-03   2.0482e+02
20230916_12:00:00   3.4762e-02   1.2337e+01   2.4981e-01   0.0000e+00   2.8157e-04   2.0458e+02
20230916_15:00:00   3.8148e-02   1.3147e+01   3.1912e-01   0.0000e+00   2.9517e-05   2.0233e+02
20230916_18:00:00   3.9326e-02   1.3424e+01   3.4928e-01   0.0000e+00   9.8384e-04   2.0152e+02
20230916_21:00:00   5.1217e-02   1.6182e+01   5.6998e-01   0.0000e+00   2.1187e-02   2.0241e+02
20230917_00:00:00   5.1709e-02   1.6278e+01   5.7641e-01   0.0000e+00   3.0601e-02   2.0400e+02
20230917_03:00:00   5.0487e-02   1.5978e+01   5.5535e-01   0.0000e+00   1.6248e-02   2.0462e+02
20230917_06:00:00   4.6267e-02   1.4989e+01   4.7665e-01   0.0000e+00   1.3488e-02   2.0465e+02
20230917_09:00:00   4.5075e-02   1.4707e+01   4.5076e-01   0.0000e+00   1.0950e-02   2.0559e+02
20230917_12:00:00   4.4521e-02   1.4568e+01   4.3668e-01   0.0000e+00   1.3675e-02   2.0806e+02
20230917_15:00:00   4.3544e-02   1.4330e+01   4.1597e-01   0.0000e+00   1.2775e-02   2.0744e+02
20230917_18:00:00   4.2498e-02   1.4082e+01   3.9682e-01   0.0000e+00   7.4922e-03   2.0563e+02
20230917_21:00:00   4.1423e-02   1.3825e+01   3.7383e-01   0.0000e+00   9.1514e-03   2.0670e+02
20230918_00:00:00   4.1615e-02   1.3863e+01   3.7547e-01   0.0000e+00   1.2652e-02   2.0503e+02
20230918_03:00:00   4.1180e-02   1.3760e+01   3.6593e-01   0.0000e+00   1.5682e-02   1.9602e+02
20230918_06:00:00   4.0591e-02   1.3619e+01   3.5323e-01   0.0000e+00   1.6210e-02   1.9222e+02
20230918_09:00:00   4.0090e-02   1.3504e+01   3.4449e-01   0.0000e+00   1.2395e-02   1.8733e+02
20230918_12:00:00   3.9586e-02   1.3373e+01   3.3256e-01   0.0000e+00   1.4962e-02   1.9188e+02
20230918_15:00:00   3.9397e-02   1.3329e+01   3.3028e-01   0.0000e+00   1.1299e-02   1.8914e+02
20230918_18:00:00   3.8727e-02   1.3164e+01   3.1770e-01   0.0000e+00   9.6814e-03   1.8870e+02
20230918_21:00:00   3.7749e-02   1.2943e+01   2.9731e-01   0.0000e+00   6.7852e-03   1.9011e+02
20230919_00:00:00   3.7364e-02   1.2851e+01   2.8986e-01   0.0000e+00   5.3003e-03   1.9059e+02
20230919_03:00:00   3.6961e-02   1.2757e+01   2.8386e-01   0.0000e+00   2.2167e-03   1.9113e+02
20230919_06:00:00   3.6218e-02   1.2595e+01   2.7022e-01   0.0000e+00   9.6344e-04   1.9102e+02
20230919_09:00:00   3.5423e-02   1.2413e+01   2.5753e-01   0.0000e+00   1.0216e-03   1.9050e+02
20230919_12:00:00   3.5969e-02   1.2534e+01   2.7255e-01   0.0000e+00   1.0097e-03   1.9404e+02
20230919_15:00:00   3.6711e-02   1.2705e+01   2.8854e-01   0.0000e+00   1.2210e-03   1.9772e+02
20230919_18:00:00   3.6226e-02   1.2599e+01   2.8167e-01   0.0000e+00   5.6322e-04   1.9728e+02
20230919_21:00:00   3.4667e-02   1.2246e+01   2.5379e-01   0.0000e+00   2.2634e-04   2.1285e+02
20230920_00:00:00   3.2986e-02   1.1868e+01   2.2482e-01   0.0000e+00   9.3240e-07   2.1594e+02
20230920_03:00:00   3.0419e-02   1.1273e+01   1.7979e-01   0.0000e+00   6.1668e-06   2.1452e+02
20230920_06:00:00   3.0075e-02   1.1203e+01   1.8072e-01   0.0000e+00   7.3740e-07   2.1206e+02
20230920_09:00:00   3.4746e-02   1.2293e+01   2.7171e-01   0.0000e+00   3.7472e-03   2.0820e+02
20230920_12:00:00   3.6484e-02   1.2694e+01   2.8747e-01   0.0000e+00   1.1747e-02   2.0785e+02
20230920_15:00:00   3.1521e-02   1.1515e+01   1.9321e-01   0.0000e+00   1.5417e-03   2.0580e+02
20230920_18:00:00   3.4806e-02   1.2270e+01   2.5196e-01   0.0000e+00   2.8538e-03   2.0651e+02
20230920_21:00:00   3.4400e-02   1.2164e+01   2.4522e-01   0.0000e+00   1.3761e-03   2.0567e+02
20230921_00:00:00   3.8931e-02   1.3222e+01   3.1875e-01   0.0000e+00   1.4686e-02   2.0472e+02
20230921_03:00:00   3.8201e-02   1.3062e+01   3.0047e-01   0.0000e+00   1.4425e-02   2.0313e+02
20230921_06:00:00   3.6703e-02   1.2731e+01   2.7653e-01   0.0000e+00   1.4425e-03   2.0176e+02
20230921_09:00:00   3.7573e-02   1.2941e+01   2.9726e-01   0.0000e+00   2.5141e-04   2.0378e+02
20230921_12:00:00   3.5962e-02   1.2563e+01   2.7385e-01   0.0000e+00   6.2398e-04   2.0296e+02
20230921_15:00:00   3.6402e-02   1.2675e+01   2.7675e-01   0.0000e+00   1.4229e-03   2.0179e+02
20230921_18:00:00   4.0227e-02   1.3543e+01   3.4872e-01   0.0000e+00   5.0417e-03   2.0311e+02
20230921_21:00:00   3.9600e-02   1.3394e+01   3.3776e-01   0.0000e+00   5.6486e-03   2.0324e+02
20230922_00:00:00   3.9695e-02   1.3405e+01   3.4014e-01   0.0000e+00   8.8574e-03   2.0253e+02
20230922_03:00:00   3.9143e-02   1.3276e+01   3.3341e-01   0.0000e+00   4.0505e-03   2.0766e+02
20230922_06:00:00   3.8623e-02   1.3149e+01   3.2542e-01   0.0000e+00   2.4623e-03   2.0991e+02
