#            date       tau255        Tb[K]      pwv[mm] lwp[kg*m^-2] iwp[kg*m^-2]       o3[DU]
20231214_12:00:00   7.8362e-02   2.2865e+01   1.1358e+00   0.0000e+00   6.7296e-05   2.3789e+02
20231214_13:00:00   7.7589e-02   2.2703e+01   1.1233e+00   0.0000e+00   1.0198e-05   2.3988e+02
20231214_14:00:00   7.6411e-02   2.2449e+01   1.1011e+00   0.0000e+00   0.0000e+00   2.4692e+02
20231214_15:00:00   7.5325e-02   2.2215e+01   1.0799e+00   0.0000e+00   1.0198e-05   2.5251e+02
20231214_16:00:00   7.4148e-02   2.1955e+01   1.0582e+00   0.0000e+00   3.0600e-05   2.5216e+02
20231214_17:00:00   7.2936e-02   2.1685e+01   1.0351e+00   0.0000e+00   0.0000e+00   2.5260e+02
20231214_18:00:00   7.1659e-02   2.1403e+01   1.0119e+00   0.0000e+00   0.0000e+00   2.5003e+02
20231214_19:00:00   7.0994e-02   2.1246e+01   1.0019e+00   0.0000e+00   2.0400e-05   2.5034e+02
20231214_20:00:00   7.0552e-02   2.1141e+01   9.9467e-01   0.0000e+00   5.6078e-04   2.5172e+02
20231214_21:00:00   7.0219e-02   2.1064e+01   9.8889e-01   0.0000e+00   3.1615e-04   2.4892e+02
20231214_22:00:00   6.9905e-02   2.0992e+01   9.8270e-01   0.0000e+00   3.0600e-05   2.4824e+02
20231214_23:00:00   6.9554e-02   2.0916e+01   9.7397e-01   0.0000e+00   1.0198e-05   2.4992e+02
20231215_00:00:00   6.9163e-02   2.0829e+01   9.6291e-01   0.0000e+00   0.0000e+00   2.5239e+02
20231215_01:00:00   6.9560e-02   2.0919e+01   9.6825e-01   0.0000e+00   0.0000e+00   2.5432e+02
20231215_02:00:00   7.1029e-02   2.1240e+01   9.9603e-01   0.0000e+00   0.0000e+00   2.5435e+02
20231215_03:00:00   7.2270e-02   2.1511e+01   1.0207e+00   0.0000e+00   0.0000e+00   2.5310e+02
20231215_04:00:00   7.3972e-02   2.1885e+01   1.0499e+00   0.0000e+00   0.0000e+00   2.5155e+02
20231215_05:00:00   7.5560e-02   2.2238e+01   1.0753e+00   0.0000e+00   0.0000e+00   2.4708e+02
20231215_06:00:00   7.7816e-02   2.2742e+01   1.1127e+00   0.0000e+00   2.4480e-05   2.4558e+02
20231215_07:00:00   8.0264e-02   2.3281e+01   1.1557e+00   0.0000e+00   2.2026e-04   2.4513e+02
20231215_08:00:00   8.2540e-02   2.3785e+01   1.1955e+00   0.0000e+00   5.6433e-04   2.4511e+02
20231215_09:00:00   8.4352e-02   2.4178e+01   1.2253e+00   0.0000e+00   1.2647e-03   2.4111e+02
20231215_10:00:00   8.5698e-02   2.4469e+01   1.2479e+00   0.0000e+00   3.3936e-03   2.3410e+02
20231215_11:00:00   8.6280e-02   2.4594e+01   1.2584e+00   0.0000e+00   4.3273e-03   2.3017e+02
20231215_12:00:00   8.6357e-02   2.4606e+01   1.2594e+00   0.0000e+00   5.0772e-03   2.3166e+02
20231215_13:00:00   8.6104e-02   2.4544e+01   1.2537e+00   0.0000e+00   6.6592e-03   2.2818e+02
20231215_14:00:00   8.5436e-02   2.4393e+01   1.2404e+00   0.0000e+00   7.4623e-03   2.2418e+02
20231215_15:00:00   8.4571e-02   2.4196e+01   1.2224e+00   0.0000e+00   8.0082e-03   2.2463e+02
20231215_16:00:00   8.4036e-02   2.4071e+01   1.2129e+00   0.0000e+00   7.6318e-03   2.2196e+02
20231215_17:00:00   8.4293e-02   2.4120e+01   1.2212e+00   0.0000e+00   6.2048e-03   2.1907e+02
20231215_18:00:00   8.5010e-02   2.4268e+01   1.2353e+00   0.0000e+00   8.6395e-03   2.1747e+02
20231215_19:00:00   8.5492e-02   2.4378e+01   1.2435e+00   0.0000e+00   8.8079e-03   2.2176e+02
20231215_20:00:00   8.5501e-02   2.4385e+01   1.2420e+00   0.0000e+00   8.4437e-03   2.2872e+02
20231215_21:00:00   8.5743e-02   2.4442e+01   1.2464e+00   0.0000e+00   7.2870e-03   2.2890e+02
20231215_22:00:00   8.6090e-02   2.4515e+01   1.2525e+00   0.0000e+00   9.3630e-03   2.3114e+02
20231215_23:00:00   8.5774e-02   2.4442e+01   1.2446e+00   0.0000e+00   1.0946e-02   2.3465e+02
20231216_00:00:00   8.5359e-02   2.4352e+01   1.2348e+00   0.0000e+00   1.0576e-02   2.3940e+02
20231216_01:00:00   8.4627e-02   2.4192e+01   1.2213e+00   0.0000e+00   7.1729e-03   2.4047e+02
20231216_02:00:00   8.3423e-02   2.3921e+01   1.1980e+00   0.0000e+00   5.1862e-03   2.3948e+02
20231216_03:00:00   8.2705e-02   2.3760e+01   1.1831e+00   0.0000e+00   4.0315e-03   2.3912e+02
20231216_04:00:00   8.1607e-02   2.3519e+01   1.1624e+00   0.0000e+00   2.0620e-03   2.3797e+02
20231216_05:00:00   8.0682e-02   2.3322e+01   1.1454e+00   0.0000e+00   1.4179e-03   2.3576e+02
20231216_06:00:00   8.0004e-02   2.3172e+01   1.1340e+00   0.0000e+00   1.2571e-03   2.3428e+02
20231216_07:00:00   7.9671e-02   2.3103e+01   1.1291e+00   0.0000e+00   1.0854e-03   2.3144e+02
20231216_08:00:00   7.9401e-02   2.3045e+01   1.1253e+00   0.0000e+00   1.0052e-03   2.3064e+02
20231216_09:00:00   7.9210e-02   2.3007e+01   1.1228e+00   0.0000e+00   6.9166e-04   2.3111e+02
20231216_10:00:00   7.8501e-02   2.2853e+01   1.1110e+00   0.0000e+00   5.4936e-04   2.3141e+02
20231216_11:00:00   7.7996e-02   2.2739e+01   1.1033e+00   0.0000e+00   7.9260e-04   2.3219e+02
20231216_12:00:00   7.7274e-02   2.2580e+01   1.0909e+00   0.0000e+00   3.9880e-04   2.3539e+02
20231216_13:00:00   7.6467e-02   2.2407e+01   1.0772e+00   0.0000e+00   3.0756e-04   2.4298e+02
20231216_14:00:00   7.6376e-02   2.2384e+01   1.0759e+00   0.0000e+00   4.5496e-04   2.4625e+02
20231216_15:00:00   7.6027e-02   2.2310e+01   1.0702e+00   0.0000e+00   2.7906e-04   2.4759e+02
20231216_16:00:00   7.5957e-02   2.2299e+01   1.0691e+00   0.0000e+00   1.9100e-04   2.5092e+02
20231216_17:00:00   7.5402e-02   2.2180e+01   1.0589e+00   0.0000e+00   1.3400e-04   2.5266e+02
20231216_18:00:00   7.5182e-02   2.2137e+01   1.0545e+00   0.0000e+00   1.2385e-04   2.5225e+02
20231216_19:00:00   7.4937e-02   2.2087e+01   1.0496e+00   0.0000e+00   1.3263e-04   2.5124e+02
20231216_20:00:00   7.4722e-02   2.2039e+01   1.0464e+00   0.0000e+00   7.6210e-05   2.5194e+02
20231216_21:00:00   7.4920e-02   2.2086e+01   1.0508e+00   0.0000e+00   9.9290e-05   2.5273e+02
20231216_22:00:00   7.5120e-02   2.2126e+01   1.0556e+00   0.0000e+00   2.7204e-04   2.5269e+02
20231216_23:00:00   7.5080e-02   2.2118e+01   1.0569e+00   0.0000e+00   9.1120e-05   2.5384e+02
20231217_00:00:00   7.5791e-02   2.2277e+01   1.0713e+00   0.0000e+00   1.9751e-05   2.5916e+02
20231217_01:00:00   7.7065e-02   2.2557e+01   1.0959e+00   0.0000e+00   9.5560e-06   2.6680e+02
20231217_02:00:00   7.7226e-02   2.2594e+01   1.1022e+00   0.0000e+00   9.5790e-06   2.7059e+02
20231217_03:00:00   7.7445e-02   2.2649e+01   1.1075e+00   0.0000e+00   1.8355e-05   2.7300e+02
20231217_04:00:00   7.8430e-02   2.2871e+01   1.1261e+00   0.0000e+00   3.8400e-05   2.7460e+02
20231217_05:00:00   7.9917e-02   2.3203e+01   1.1545e+00   0.0000e+00   9.3787e-05   2.7661e+02
20231217_06:00:00   8.1249e-02   2.3508e+01   1.1806e+00   0.0000e+00   8.7708e-05   2.7841e+02
20231217_07:00:00   8.2302e-02   2.3741e+01   1.2017e+00   0.0000e+00   2.2258e-04   2.7979e+02
20231217_08:00:00   8.3133e-02   2.3929e+01   1.2185e+00   0.0000e+00   1.8325e-03   2.7976e+02
20231217_09:00:00   8.3994e-02   2.4122e+01   1.2357e+00   0.0000e+00   4.0614e-03   2.8007e+02
20231217_10:00:00   8.4654e-02   2.4268e+01   1.2495e+00   0.0000e+00   5.8444e-03   2.7924e+02
20231217_11:00:00   8.4952e-02   2.4334e+01   1.2579e+00   0.0000e+00   7.2924e-03   2.7824e+02
20231217_12:00:00   8.4843e-02   2.4311e+01   1.2585e+00   0.0000e+00   7.3963e-03   2.7758e+02
20231217_13:00:00   8.4278e-02   2.4183e+01   1.2500e+00   0.0000e+00   5.0026e-03   2.7662e+02
20231217_14:00:00   8.3834e-02   2.4092e+01   1.2421e+00   0.0000e+00   3.8733e-03   2.7689e+02
20231217_15:00:00   8.2930e-02   2.3895e+01   1.2243e+00   0.0000e+00   3.5825e-03   2.7862e+02
20231217_16:00:00   8.2364e-02   2.3771e+01   1.2122e+00   0.0000e+00   3.4095e-03   2.7677e+02
20231217_17:00:00   8.1743e-02   2.3634e+01   1.1993e+00   0.0000e+00   3.6970e-03   2.7596e+02
20231217_18:00:00   8.0796e-02   2.3427e+01   1.1807e+00   0.0000e+00   3.2320e-03   2.7491e+02
20231217_19:00:00   7.9725e-02   2.3186e+01   1.1588e+00   0.0000e+00   3.4661e-03   2.7552e+02
20231217_20:00:00   7.8892e-02   2.3003e+01   1.1427e+00   0.0000e+00   2.5432e-03   2.7569e+02
20231217_21:00:00   7.8587e-02   2.2937e+01   1.1369e+00   0.0000e+00   3.1381e-03   2.7727e+02
20231217_22:00:00   7.8562e-02   2.2929e+01   1.1353e+00   0.0000e+00   3.7624e-03   2.8088e+02
20231217_23:00:00   7.8806e-02   2.2982e+01   1.1400e+00   0.0000e+00   4.0106e-03   2.8521e+02
20231218_00:00:00   7.9515e-02   2.3142e+01   1.1555e+00   0.0000e+00   2.7503e-03   2.8648e+02
20231218_01:00:00   8.0318e-02   2.3318e+01   1.1717e+00   0.0000e+00   2.0282e-03   2.8749e+02
20231218_02:00:00   8.1519e-02   2.3583e+01   1.1961e+00   0.0000e+00   2.5359e-03   2.8776e+02
20231218_03:00:00   8.2966e-02   2.3899e+01   1.2249e+00   0.0000e+00   4.8452e-03   2.8718e+02
20231218_04:00:00   8.4100e-02   2.4150e+01   1.2465e+00   0.0000e+00   5.5992e-03   2.8626e+02
20231218_05:00:00   8.5152e-02   2.4385e+01   1.2668e+00   0.0000e+00   5.4105e-03   2.8679e+02
20231218_06:00:00   8.6018e-02   2.4580e+01   1.2850e+00   0.0000e+00   3.4060e-03   2.8619e+02
20231218_07:00:00   8.6724e-02   2.4741e+01   1.3005e+00   0.0000e+00   1.6081e-03   2.8632e+02
20231218_08:00:00   8.6792e-02   2.4758e+01   1.3030e+00   0.0000e+00   5.8859e-04   2.8590e+02
20231218_09:00:00   8.6779e-02   2.4756e+01   1.3046e+00   0.0000e+00   6.4891e-04   2.8499e+02
20231218_10:00:00   8.6513e-02   2.4697e+01   1.3016e+00   0.0000e+00   9.8714e-04   2.8559e+02
20231218_11:00:00   8.5905e-02   2.4562e+01   1.2909e+00   0.0000e+00   3.2739e-03   2.8396e+02
20231218_12:00:00   8.5370e-02   2.4446e+01   1.2811e+00   0.0000e+00   5.7333e-03   2.8368e+02
20231218_13:00:00   8.4615e-02   2.4279e+01   1.2685e+00   0.0000e+00   5.4000e-03   2.8213e+02
20231218_14:00:00   8.3978e-02   2.4142e+01   1.2596e+00   0.0000e+00   3.8781e-03   2.7808e+02
20231218_15:00:00   8.3158e-02   2.3959e+01   1.2441e+00   0.0000e+00   4.9334e-03   2.7770e+02
20231218_16:00:00   8.2517e-02   2.3816e+01   1.2327e+00   0.0000e+00   4.5117e-03   2.7790e+02
20231218_17:00:00   8.1872e-02   2.3674e+01   1.2215e+00   0.0000e+00   3.7994e-03   2.7581e+02
20231218_18:00:00   8.1147e-02   2.3510e+01   1.2090e+00   0.0000e+00   3.0464e-03   2.7370e+02
20231218_19:00:00   8.0589e-02   2.3382e+01   1.1985e+00   0.0000e+00   3.3446e-03   2.7424e+02
20231218_20:00:00   8.0440e-02   2.3346e+01   1.1951e+00   0.0000e+00   4.0971e-03   2.7288e+02
20231218_21:00:00   7.9770e-02   2.3194e+01   1.1832e+00   0.0000e+00   3.7301e-03   2.6751e+02
20231218_22:00:00   7.9502e-02   2.3131e+01   1.1774e+00   0.0000e+00   4.0627e-03   2.6347e+02
20231218_23:00:00   7.9159e-02   2.3051e+01   1.1712e+00   0.0000e+00   4.7695e-03   2.6144e+02
20231219_00:00:00   7.8672e-02   2.2939e+01   1.1612e+00   0.0000e+00   5.4314e-03   2.6135e+02
20231219_01:00:00   7.8336e-02   2.2858e+01   1.1539e+00   0.0000e+00   6.4880e-03   2.6165e+02
20231219_02:00:00   7.8207e-02   2.2823e+01   1.1507e+00   0.0000e+00   7.0908e-03   2.6335e+02
20231219_03:00:00   7.8469e-02   2.2877e+01   1.1539e+00   0.0000e+00   7.7776e-03   2.6554e+02
20231219_04:00:00   7.8821e-02   2.2954e+01   1.1583e+00   0.0000e+00   7.6091e-03   2.6793e+02
20231219_05:00:00   7.9297e-02   2.3063e+01   1.1661e+00   0.0000e+00   6.7315e-03   2.6888e+02
20231219_06:00:00   7.9623e-02   2.3132e+01   1.1690e+00   0.0000e+00   7.2420e-03   2.6978e+02
20231219_07:00:00   8.0536e-02   2.3337e+01   1.1818e+00   0.0000e+00   7.7575e-03   2.7005e+02
20231219_08:00:00   8.1133e-02   2.3470e+01   1.1888e+00   0.0000e+00   7.4135e-03   2.7001e+02
20231219_09:00:00   8.2008e-02   2.3669e+01   1.2019e+00   0.0000e+00   6.0240e-03   2.7092e+02
20231219_10:00:00   8.2615e-02   2.3805e+01   1.2108e+00   0.0000e+00   4.5773e-03   2.7210e+02
20231219_11:00:00   8.2984e-02   2.3889e+01   1.2159e+00   0.0000e+00   3.2076e-03   2.7290e+02
20231219_12:00:00   8.3336e-02   2.3965e+01   1.2194e+00   0.0000e+00   4.0205e-03   2.7310e+02
20231219_15:00:00   8.3712e-02   2.4041e+01   1.2232e+00   0.0000e+00   2.2308e-03   2.7022e+02
20231219_18:00:00   8.1383e-02   2.3539e+01   1.1792e+00   0.0000e+00   1.6316e-05   2.7270e+02
20231219_21:00:00   8.2476e-02   2.3778e+01   1.2009e+00   0.0000e+00   6.5760e-04   2.7608e+02
20231220_00:00:00   8.5483e-02   2.4439e+01   1.2620e+00   0.0000e+00   1.8187e-03   2.7744e+02
20231220_03:00:00   8.7068e-02   2.4796e+01   1.2906e+00   0.0000e+00   9.9439e-03   2.8538e+02
20231220_06:00:00   8.9672e-02   2.5401e+01   1.3373e+00   0.0000e+00   2.3692e-02   2.8194e+02
20231220_09:00:00   9.2940e-02   2.6171e+01   1.4018e+00   0.0000e+00   2.1892e-02   2.8981e+02
20231220_12:00:00   9.5242e-02   2.6702e+01   1.4476e+00   0.0000e+00   2.3436e-02   2.9026e+02
20231220_15:00:00   9.7297e-02   2.7175e+01   1.4832e+00   0.0000e+00   3.8396e-02   2.9932e+02
20231220_18:00:00   9.8758e-02   2.7516e+01   1.5077e+00   0.0000e+00   4.2360e-02   3.0956e+02
20231220_21:00:00   9.8454e-02   2.7453e+01   1.5012e+00   0.0000e+00   4.7534e-02   3.1424e+02
20231221_00:00:00   9.7935e-02   2.7342e+01   1.4810e+00   0.0000e+00   6.5315e-02   3.1592e+02
20231221_03:00:00   9.6420e-02   2.7023e+01   1.4507e+00   0.0000e+00   5.3430e-02   3.1626e+02
20231221_06:00:00   9.4650e-02   2.6628e+01   1.4205e+00   0.0000e+00   3.4985e-02   3.2385e+02
20231221_09:00:00   9.2968e-02   2.6245e+01   1.3914e+00   0.0000e+00   2.0929e-02   3.2759e+02
20231221_12:00:00   9.0951e-02   2.5787e+01   1.3581e+00   0.0000e+00   9.1059e-03   3.2794e+02
20231221_15:00:00   8.9354e-02   2.5428e+01   1.3305e+00   0.0000e+00   4.5516e-03   3.3409e+02
20231221_18:00:00   8.8106e-02   2.5146e+01   1.3067e+00   0.0000e+00   2.9866e-03   3.3692e+02
20231221_21:00:00   8.6278e-02   2.4729e+01   1.2758e+00   0.0000e+00   3.7513e-04   3.3494e+02
20231222_00:00:00   8.6752e-02   2.4835e+01   1.2830e+00   0.0000e+00   5.5281e-04   3.3465e+02
20231222_03:00:00   8.8729e-02   2.5278e+01   1.3136e+00   0.0000e+00   1.6189e-03   3.3709e+02
20231222_06:00:00   8.9451e-02   2.5437e+01   1.3238e+00   0.0000e+00   1.9231e-03   3.4081e+02
20231222_09:00:00   8.8029e-02   2.5088e+01   1.2980e+00   0.0000e+00   3.3925e-03   3.4196e+02
20231222_12:00:00   8.5651e-02   2.4539e+01   1.2575e+00   0.0000e+00   1.2785e-03   3.4291e+02
20231222_15:00:00   8.0150e-02   2.3278e+01   1.1673e+00   0.0000e+00   7.1460e-04   3.4249e+02
20231222_18:00:00   7.8605e-02   2.2919e+01   1.1402e+00   0.0000e+00   5.4023e-04   3.4215e+02
20231222_21:00:00   7.6850e-02   2.2517e+01   1.1081e+00   0.0000e+00   1.3478e-03   3.3972e+02
20231223_00:00:00   7.4358e-02   2.1939e+01   1.0653e+00   0.0000e+00   1.1992e-03   3.3744e+02
20231223_03:00:00   7.1221e-02   2.1214e+01   1.0103e+00   0.0000e+00   6.4543e-04   3.3584e+02
20231223_06:00:00   6.8367e-02   2.0559e+01   9.5857e-01   0.0000e+00   1.2869e-03   3.3736e+02
20231223_09:00:00   6.8180e-02   2.0511e+01   9.5160e-01   0.0000e+00   1.9669e-03   3.3730e+02
20231223_12:00:00   7.0890e-02   2.1125e+01   9.9562e-01   0.0000e+00   3.0977e-04   3.3735e+02
20231223_15:00:00   7.3814e-02   2.1780e+01   1.0430e+00   0.0000e+00   1.3886e-03   3.3567e+02
20231223_18:00:00   7.5641e-02   2.2183e+01   1.0730e+00   0.0000e+00   1.2064e-03   3.3494e+02
20231223_21:00:00   7.6459e-02   2.2362e+01   1.0852e+00   0.0000e+00   2.3012e-03   3.3466e+02
20231224_00:00:00   7.6869e-02   2.2444e+01   1.0912e+00   0.0000e+00   2.8636e-03   3.3710e+02
20231224_03:00:00   7.6620e-02   2.2381e+01   1.0853e+00   0.0000e+00   3.8068e-03   3.3893e+02
20231224_06:00:00   7.3340e-02   2.1655e+01   1.0227e+00   0.0000e+00   4.0618e-03   3.3825e+02
20231224_09:00:00   7.3118e-02   2.1599e+01   1.0175e+00   0.0000e+00   4.8505e-03   3.3730e+02
20231224_12:00:00   7.2453e-02   2.1442e+01   1.0043e+00   0.0000e+00   4.0573e-03   3.3431e+02
20231224_15:00:00   7.2188e-02   2.1378e+01   9.9817e-01   0.0000e+00   6.0391e-03   3.3110e+02
20231224_18:00:00   7.1775e-02   2.1279e+01   9.8992e-01   0.0000e+00   5.3661e-03   3.3244e+02
20231224_21:00:00   7.1537e-02   2.1224e+01   9.8465e-01   0.0000e+00   3.7149e-03   3.3622e+02
20231225_00:00:00   7.1632e-02   2.1241e+01   9.8357e-01   0.0000e+00   5.9640e-03   3.3838e+02
20231225_03:00:00   7.1426e-02   2.1195e+01   9.7887e-01   0.0000e+00   5.5401e-03   3.3830e+02
20231225_06:00:00   7.1098e-02   2.1120e+01   9.7403e-01   0.0000e+00   1.6569e-03   3.4286e+02
20231225_09:00:00   7.0927e-02   2.1078e+01   9.7031e-01   0.0000e+00   2.6338e-03   3.3372e+02
20231225_12:00:00   7.1551e-02   2.1226e+01   9.7885e-01   0.0000e+00   4.8113e-03   3.2819e+02
20231225_15:00:00   7.1677e-02   2.1255e+01   9.8026e-01   0.0000e+00   3.4830e-03   3.3078e+02
20231225_18:00:00   7.1356e-02   2.1168e+01   9.7415e-01   0.0000e+00   1.0920e-03   3.3407e+02
20231225_21:00:00   7.0254e-02   2.0918e+01   9.5458e-01   0.0000e+00   7.3874e-05   3.2977e+02
20231226_00:00:00   6.9838e-02   2.0812e+01   9.4571e-01   0.0000e+00   3.5705e-04   3.2669e+02
20231226_03:00:00   6.8922e-02   2.0599e+01   9.2901e-01   0.0000e+00   4.2442e-05   3.2869e+02
20231226_06:00:00   6.8211e-02   2.0439e+01   9.1619e-01   0.0000e+00   4.2415e-05   3.3044e+02
20231226_09:00:00   6.8717e-02   2.0551e+01   9.2239e-01   0.0000e+00   7.3572e-05   3.2685e+02
20231226_12:00:00   6.8125e-02   2.0425e+01   9.0938e-01   0.0000e+00   4.3875e-05   3.2753e+02
20231226_15:00:00   6.6904e-02   2.0150e+01   8.8718e-01   0.0000e+00   3.4160e-05   3.3056e+02
20231226_18:00:00   6.7369e-02   2.0247e+01   8.9422e-01   0.0000e+00   1.2680e-03   3.3418e+02
20231226_21:00:00   6.7476e-02   2.0275e+01   8.9727e-01   0.0000e+00   4.0796e-05   3.3286e+02
20231227_00:00:00   6.7954e-02   2.0382e+01   9.0461e-01   0.0000e+00   2.8740e-03   3.3048e+02
20231227_03:00:00   6.9018e-02   2.0619e+01   9.2236e-01   0.0000e+00   3.3335e-03   3.3205e+02
20231227_06:00:00   6.9482e-02   2.0728e+01   9.2886e-01   0.0000e+00   2.6119e-03   3.3538e+02
20231227_09:00:00   6.9567e-02   2.0751e+01   9.3077e-01   0.0000e+00   6.5437e-04   3.3308e+02
20231227_12:00:00   6.9332e-02   2.0700e+01   9.2590e-01   0.0000e+00   5.8474e-05   3.3305e+02
20231227_15:00:00   6.9339e-02   2.0696e+01   9.2831e-01   0.0000e+00   4.6916e-05   3.2632e+02
20231227_18:00:00   6.9419e-02   2.0719e+01   9.3263e-01   0.0000e+00   2.4474e-05   3.1908e+02
20231227_21:00:00   6.9338e-02   2.0709e+01   9.3436e-01   0.0000e+00   2.4474e-05   3.1354e+02
20231228_00:00:00   6.8965e-02   2.0641e+01   9.3099e-01   0.0000e+00   1.6316e-05   3.1398e+02
20231228_03:00:00   7.1203e-02   2.1163e+01   9.7427e-01   0.0000e+00   3.2632e-05   3.1395e+02
20231228_06:00:00   7.9204e-02   2.2935e+01   1.1375e+00   0.0000e+00   1.3189e-04   3.1294e+02
20231228_09:00:00   8.3696e-02   2.3958e+01   1.2225e+00   0.0000e+00   4.9678e-03   3.0962e+02
20231228_12:00:00   8.7400e-02   2.4810e+01   1.2926e+00   0.0000e+00   1.1363e-02   3.0644e+02
20231228_15:00:00   8.9860e-02   2.5377e+01   1.3349e+00   0.0000e+00   2.5457e-02   3.0579e+02
20231228_18:00:00   9.1182e-02   2.5692e+01   1.3632e+00   0.0000e+00   1.8908e-02   3.0330e+02
20231228_21:00:00   9.4475e-02   2.6465e+01   1.4226e+00   0.0000e+00   2.3921e-02   2.9844e+02
20231229_00:00:00   9.8992e-02   2.7528e+01   1.5029e+00   0.0000e+00   2.7316e-02   2.9430e+02
20231229_03:00:00   1.0299e-01   2.8468e+01   1.5700e+00   0.0000e+00   3.9551e-02   2.8860e+02
20231229_06:00:00   1.0687e-01   2.9396e+01   1.6433e+00   0.0000e+00   2.7650e-02   2.9016e+02
20231229_09:00:00   1.1163e-01   3.0526e+01   1.7308e+00   0.0000e+00   1.5287e-02   2.9116e+02
20231229_12:00:00   1.1219e-01   3.0691e+01   1.7430e+00   0.0000e+00   1.3516e-02   2.8964e+02
20231229_15:00:00   1.0048e-01   2.8015e+01   1.5448e+00   0.0000e+00   5.4523e-03   2.8677e+02
20231229_18:00:00   9.9813e-02   2.7851e+01   1.5247e+00   0.0000e+00   5.9085e-03   2.8267e+02
20231229_21:00:00   9.8620e-02   2.7567e+01   1.5009e+00   0.0000e+00   2.2914e-03   2.8328e+02
20231230_00:00:00   9.6105e-02   2.6982e+01   1.4518e+00   0.0000e+00   3.0804e-03   2.7935e+02
20231230_03:00:00   9.5218e-02   2.6773e+01   1.4294e+00   0.0000e+00   1.5267e-03   2.7999e+02
20231230_06:00:00   9.1542e-02   2.5939e+01   1.3619e+00   0.0000e+00   5.0103e-05   2.7915e+02
20231230_09:00:00   9.0344e-02   2.5634e+01   1.3362e+00   0.0000e+00   2.7113e-03   2.8210e+02
20231230_12:00:00   9.1865e-02   2.5976e+01   1.3541e+00   0.0000e+00   5.1388e-03   2.8450e+02
