#            date       tau255        Tb[K]      pwv[mm] lwp[kg*m^-2] iwp[kg*m^-2]       o3[DU]
20240929_06:00:00   4.4442e-02   1.4551e+01   4.2253e-01   0.0000e+00   2.6550e-02   1.3877e+02
20240929_07:00:00   4.4465e-02   1.4559e+01   4.2509e-01   0.0000e+00   1.9581e-02   1.4296e+02
20240929_08:00:00   4.4420e-02   1.4548e+01   4.2456e-01   0.0000e+00   1.7776e-02   1.4323e+02
20240929_09:00:00   4.4538e-02   1.4577e+01   4.2682e-01   0.0000e+00   1.7585e-02   1.4029e+02
20240929_10:00:00   4.4391e-02   1.4541e+01   4.2376e-01   0.0000e+00   1.6529e-02   1.3744e+02
20240929_11:00:00   4.4220e-02   1.4498e+01   4.1984e-01   0.0000e+00   1.6239e-02   1.3843e+02
20240929_12:00:00   4.4176e-02   1.4486e+01   4.1837e-01   0.0000e+00   1.6079e-02   1.3881e+02
20240929_13:00:00   4.3978e-02   1.4438e+01   4.1446e-01   0.0000e+00   1.5247e-02   1.3737e+02
20240929_14:00:00   4.3564e-02   1.4339e+01   4.0730e-01   0.0000e+00   1.3047e-02   1.3713e+02
20240929_15:00:00   4.3238e-02   1.4261e+01   4.0212e-01   0.0000e+00   1.0036e-02   1.3873e+02
20240929_16:00:00   4.2761e-02   1.4144e+01   3.9406e-01   0.0000e+00   7.3468e-03   1.3444e+02
20240929_17:00:00   4.2456e-02   1.4068e+01   3.8815e-01   0.0000e+00   7.3252e-03   1.3312e+02
20240929_18:00:00   4.2232e-02   1.4013e+01   3.8318e-01   0.0000e+00   8.1627e-03   1.3388e+02
20240929_19:00:00   4.2158e-02   1.3998e+01   3.8280e-01   0.0000e+00   5.5857e-03   1.3257e+02
20240929_20:00:00   4.1486e-02   1.3847e+01   3.7148e-01   0.0000e+00   3.6868e-03   1.3540e+02
20240929_21:00:00   4.0598e-02   1.3643e+01   3.5509e-01   0.0000e+00   3.2819e-03   1.3549e+02
20240929_22:00:00   4.0275e-02   1.3571e+01   3.4960e-01   0.0000e+00   2.4849e-03   1.3874e+02
20240929_23:00:00   4.0184e-02   1.3552e+01   3.4756e-01   0.0000e+00   2.5292e-03   1.3885e+02
20240930_00:00:00   4.0261e-02   1.3569e+01   3.4832e-01   0.0000e+00   2.9485e-03   1.3920e+02
20240930_01:00:00   4.0204e-02   1.3558e+01   3.4712e-01   0.0000e+00   3.3530e-03   1.4009e+02
20240930_02:00:00   3.9722e-02   1.3452e+01   3.3849e-01   0.0000e+00   3.1364e-03   1.4049e+02
20240930_03:00:00   3.9320e-02   1.3367e+01   3.3167e-01   0.0000e+00   3.2622e-03   1.4143e+02
20240930_04:00:00   3.9132e-02   1.3322e+01   3.2927e-01   0.0000e+00   4.0257e-03   1.4431e+02
20240930_05:00:00   3.9177e-02   1.3332e+01   3.3149e-01   0.0000e+00   4.2149e-03   1.4618e+02
20240930_06:00:00   3.9188e-02   1.3341e+01   3.3372e-01   0.0000e+00   3.8735e-03   1.4815e+02
20240930_07:00:00   3.9596e-02   1.3437e+01   3.4395e-01   0.0000e+00   6.2045e-03   1.5071e+02
20240930_08:00:00   4.0519e-02   1.3650e+01   3.6388e-01   0.0000e+00   8.4737e-03   1.4930e+02
20240930_09:00:00   4.2340e-02   1.4064e+01   3.9903e-01   0.0000e+00   1.6871e-02   1.5160e+02
20240930_10:00:00   4.4140e-02   1.4483e+01   4.3266e-01   0.0000e+00   2.4453e-02   1.5313e+02
20240930_11:00:00   4.5396e-02   1.4781e+01   4.5688e-01   0.0000e+00   2.7594e-02   1.5215e+02
20240930_12:00:00   4.6491e-02   1.5040e+01   4.7452e-01   0.0000e+00   4.0358e-02   1.5191e+02
20240930_13:00:00   4.7296e-02   1.5231e+01   4.8645e-01   0.0000e+00   5.5768e-02   1.4968e+02
20240930_14:00:00   4.7849e-02   1.5364e+01   4.9548e-01   0.0000e+00   6.3890e-02   1.4936e+02
20240930_15:00:00   4.8026e-02   1.5406e+01   4.9853e-01   0.0000e+00   6.7885e-02   1.4797e+02
20240930_16:00:00   4.8207e-02   1.5450e+01   5.0130e-01   0.0000e+00   7.2088e-02   1.4631e+02
20240930_17:00:00   4.8417e-02   1.5502e+01   5.0666e-01   0.0000e+00   7.0077e-02   1.4904e+02
20240930_18:00:00   4.8753e-02   1.5584e+01   5.1417e-01   0.0000e+00   6.7729e-02   1.5396e+02
20240930_19:00:00   4.8699e-02   1.5572e+01   5.1413e-01   0.0000e+00   6.5348e-02   1.5242e+02
20240930_20:00:00   4.8927e-02   1.5630e+01   5.2031e-01   0.0000e+00   6.2753e-02   1.5302e+02
20240930_21:00:00   4.8795e-02   1.5598e+01   5.1683e-01   0.0000e+00   6.3930e-02   1.5636e+02
20240930_22:00:00   4.8516e-02   1.5532e+01   5.1289e-01   0.0000e+00   5.8925e-02   1.5756e+02
20240930_23:00:00   4.8469e-02   1.5521e+01   5.1142e-01   0.0000e+00   6.0582e-02   1.5840e+02
20241001_00:00:00   4.8211e-02   1.5457e+01   5.0446e-01   0.0000e+00   6.5505e-02   1.5898e+02
20241001_01:00:00   4.7965e-02   1.5399e+01   5.0102e-01   0.0000e+00   6.0423e-02   1.6002e+02
20241001_02:00:00   4.7944e-02   1.5395e+01   5.0132e-01   0.0000e+00   5.8069e-02   1.6141e+02
20241001_03:00:00   4.7823e-02   1.5367e+01   5.0132e-01   0.0000e+00   5.1570e-02   1.6301e+02
20241001_04:00:00   4.7862e-02   1.5381e+01   5.0637e-01   0.0000e+00   4.1595e-02   1.6375e+02
20241001_05:00:00   4.8174e-02   1.5461e+01   5.1713e-01   0.0000e+00   3.0156e-02   1.6429e+02
20241001_06:00:00   4.8539e-02   1.5554e+01   5.2901e-01   0.0000e+00   1.7750e-02   1.6574e+02
20241001_07:00:00   4.8807e-02   1.5618e+01   5.3519e-01   0.0000e+00   1.6044e-02   1.6696e+02
20241001_08:00:00   4.9179e-02   1.5706e+01   5.4224e-01   0.0000e+00   1.9452e-02   1.6761e+02
20241001_09:00:00   4.9724e-02   1.5835e+01   5.5114e-01   0.0000e+00   2.5902e-02   1.6493e+02
20241001_10:00:00   5.0482e-02   1.6018e+01   5.6662e-01   0.0000e+00   3.0082e-02   1.6617e+02
20241001_11:00:00   5.3845e-02   1.6799e+01   6.2727e-01   0.0000e+00   3.5357e-02   1.6818e+02
20241001_12:00:00   5.3786e-02   1.6789e+01   6.2534e-01   0.0000e+00   4.3187e-02   1.6768e+02
20241001_13:00:00   5.3949e-02   1.6828e+01   6.2881e-01   0.0000e+00   4.5207e-02   1.6843e+02
20241001_14:00:00   5.4330e-02   1.6919e+01   6.3486e-01   0.0000e+00   4.8757e-02   1.6885e+02
20241001_15:00:00   5.5008e-02   1.7080e+01   6.4610e-01   0.0000e+00   5.6591e-02   1.6764e+02
20241001_16:00:00   5.5122e-02   1.7105e+01   6.4706e-01   0.0000e+00   6.1017e-02   1.6707e+02
20241001_17:00:00   5.5814e-02   1.7269e+01   6.6027e-01   0.0000e+00   6.1411e-02   1.6758e+02
20241001_18:00:00   5.6352e-02   1.7395e+01   6.7112e-01   0.0000e+00   6.1753e-02   1.6925e+02
20241001_19:00:00   5.6775e-02   1.7494e+01   6.7837e-01   0.0000e+00   6.5824e-02   1.6878e+02
20241001_20:00:00   5.7065e-02   1.7565e+01   6.8460e-01   0.0000e+00   6.6072e-02   1.7091e+02
20241001_21:00:00   5.7540e-02   1.7680e+01   6.9466e-01   0.0000e+00   6.6702e-02   1.7147e+02
20241001_22:00:00   5.7643e-02   1.7704e+01   6.9584e-01   0.0000e+00   7.1405e-02   1.7166e+02
20241001_23:00:00   5.7417e-02   1.7649e+01   6.8947e-01   0.0000e+00   7.7584e-02   1.7287e+02
20241002_00:00:00   5.7343e-02   1.7633e+01   6.8844e-01   0.0000e+00   7.8049e-02   1.7426e+02
20241002_01:00:00   5.6885e-02   1.7524e+01   6.8045e-01   0.0000e+00   7.7192e-02   1.7373e+02
20241002_02:00:00   5.6179e-02   1.7355e+01   6.6523e-01   0.0000e+00   8.0998e-02   1.7290e+02
20241002_03:00:00   5.2637e-02   1.6540e+01   6.0012e-01   0.0000e+00   8.4210e-02   1.7345e+02
20241002_04:00:00   5.2164e-02   1.6430e+01   5.9277e-01   0.0000e+00   7.8586e-02   1.7356e+02
20241002_05:00:00   5.1640e-02   1.6304e+01   5.7839e-01   0.0000e+00   8.6227e-02   1.7447e+02
20241002_06:00:00   5.0714e-02   1.6082e+01   5.5736e-01   0.0000e+00   9.0163e-02   1.7517e+02
20241002_07:00:00   4.9827e-02   1.5875e+01   5.4368e-01   0.0000e+00   7.6522e-02   1.7547e+02
20241002_08:00:00   4.8499e-02   1.5560e+01   5.2131e-01   0.0000e+00   6.4618e-02   1.7627e+02
20241002_09:00:00   4.7196e-02   1.5251e+01   5.0216e-01   0.0000e+00   4.5629e-02   1.7521e+02
20241002_10:00:00   4.6413e-02   1.5064e+01   4.8702e-01   0.0000e+00   4.3915e-02   1.7425e+02
20241002_11:00:00   4.5652e-02   1.4882e+01   4.7213e-01   0.0000e+00   4.3337e-02   1.7197e+02
20241002_12:00:00   4.4659e-02   1.4643e+01   4.5083e-01   0.0000e+00   4.7439e-02   1.7089e+02
20241002_13:00:00   4.3723e-02   1.4422e+01   4.3088e-01   0.0000e+00   4.7703e-02   1.7274e+02
20241002_14:00:00   4.2890e-02   1.4222e+01   4.1340e-01   0.0000e+00   4.8097e-02   1.7265e+02
20241002_15:00:00   4.2005e-02   1.4015e+01   3.9739e-01   0.0000e+00   4.1599e-02   1.7261e+02
20241002_16:00:00   4.1174e-02   1.3820e+01   3.8184e-01   0.0000e+00   3.6489e-02   1.7209e+02
20241002_17:00:00   4.0419e-02   1.3641e+01   3.6779e-01   0.0000e+00   3.2901e-02   1.7094e+02
20241002_18:00:00   3.9817e-02   1.3498e+01   3.5561e-01   0.0000e+00   3.1811e-02   1.7072e+02
20241002_19:00:00   3.9431e-02   1.3409e+01   3.4762e-01   0.0000e+00   3.1965e-02   1.7111e+02
20241002_20:00:00   3.8878e-02   1.3281e+01   3.3731e-01   0.0000e+00   2.9521e-02   1.7209e+02
20241002_21:00:00   3.8503e-02   1.3195e+01   3.2972e-01   0.0000e+00   2.9385e-02   1.7212e+02
20241002_22:00:00   3.8461e-02   1.3187e+01   3.3001e-01   0.0000e+00   2.7828e-02   1.7201e+02
20241002_23:00:00   3.8246e-02   1.3140e+01   3.2850e-01   0.0000e+00   2.5703e-02   1.7225e+02
20241003_00:00:00   3.7362e-02   1.2933e+01   3.1684e-01   0.0000e+00   2.1862e-02   1.7272e+02
20241003_01:00:00   3.6059e-02   1.2628e+01   2.9906e-01   0.0000e+00   1.6773e-02   1.7303e+02
20241003_02:00:00   3.4907e-02   1.2356e+01   2.8186e-01   0.0000e+00   1.6189e-02   1.7304e+02
20241003_03:00:00   3.4390e-02   1.2235e+01   2.7547e-01   0.0000e+00   1.5299e-02   1.7315e+02
20241003_04:00:00   3.3370e-02   1.1995e+01   2.5981e-01   0.0000e+00   1.1335e-02   1.7298e+02
20241003_05:00:00   3.1896e-02   1.1647e+01   2.3493e-01   0.0000e+00   7.2980e-03   1.7405e+02
20241003_06:00:00   3.1016e-02   1.1441e+01   2.1995e-01   0.0000e+00   4.3866e-03   1.7387e+02
20241003_07:00:00   2.9592e-02   1.1105e+01   1.9361e-01   0.0000e+00   2.1496e-03   1.7356e+02
20241003_08:00:00   2.7247e-02   1.0549e+01   1.4691e-01   0.0000e+00   7.4439e-04   1.7290e+02
20241003_09:00:00   2.6745e-02   1.0431e+01   1.3453e-01   0.0000e+00   4.1876e-04   1.7291e+02
20241003_10:00:00   2.9997e-02   1.1216e+01   1.9027e-01   0.0000e+00   1.2554e-03   1.7274e+02
20241003_11:00:00   3.4856e-02   1.2363e+01   2.8026e-01   0.0000e+00   4.8165e-03   1.7185e+02
20241003_12:00:00   3.8536e-02   1.3210e+01   3.5080e-01   0.0000e+00   1.4245e-02   1.7114e+02
20241003_13:00:00   3.9317e-02   1.3379e+01   3.6700e-01   0.0000e+00   1.5943e-02   1.7036e+02
20241003_14:00:00   3.9330e-02   1.3378e+01   3.6884e-01   0.0000e+00   1.2837e-02   1.6894e+02
20241003_15:00:00   3.9217e-02   1.3346e+01   3.6788e-01   0.0000e+00   1.0070e-02   1.6753e+02
20241003_16:00:00   3.8995e-02   1.3292e+01   3.6459e-01   0.0000e+00   7.9327e-03   1.6746e+02
20241003_17:00:00   3.8705e-02   1.3221e+01   3.5962e-01   0.0000e+00   4.5059e-03   1.6709e+02
20241003_18:00:00   3.8112e-02   1.3084e+01   3.4836e-01   0.0000e+00   2.9741e-03   1.6640e+02
20241003_19:00:00   3.7242e-02   1.2881e+01   3.3148e-01   0.0000e+00   2.2663e-03   1.6545e+02
20241003_20:00:00   3.6242e-02   1.2645e+01   3.1162e-01   0.0000e+00   2.3930e-03   1.6499e+02
20241003_21:00:00   3.5594e-02   1.2495e+01   2.9870e-01   0.0000e+00   1.9226e-03   1.6439e+02
20241003_22:00:00   3.5243e-02   1.2414e+01   2.9136e-01   0.0000e+00   1.5935e-03   1.6330e+02
20241003_23:00:00   3.5171e-02   1.2396e+01   2.8897e-01   0.0000e+00   1.5366e-03   1.6295e+02
20241004_00:00:00   3.5438e-02   1.2456e+01   2.9336e-01   0.0000e+00   1.5523e-03   1.6226e+02
20241004_01:00:00   3.5929e-02   1.2570e+01   3.0235e-01   0.0000e+00   1.7748e-03   1.6164e+02
20241004_02:00:00   3.6739e-02   1.2755e+01   3.1669e-01   0.0000e+00   3.4532e-03   1.6143e+02
20241004_03:00:00   3.7578e-02   1.2948e+01   3.3174e-01   0.0000e+00   5.4321e-03   1.6055e+02
20241004_04:00:00   3.7949e-02   1.3033e+01   3.3758e-01   0.0000e+00   7.3822e-03   1.6028e+02
20241004_05:00:00   3.7905e-02   1.3019e+01   3.3468e-01   0.0000e+00   9.3403e-03   1.5961e+02
20241004_06:00:00   3.7763e-02   1.2983e+01   3.2978e-01   0.0000e+00   1.1395e-02   1.5962e+02
20241004_09:00:00   3.7418e-02   1.2900e+01   3.2021e-01   0.0000e+00   1.0416e-02   1.5796e+02
20241004_12:00:00   3.6351e-02   1.2651e+01   2.9540e-01   0.0000e+00   9.3776e-03   1.5742e+02
20241004_15:00:00   3.4677e-02   1.2256e+01   2.5989e-01   0.0000e+00   6.4689e-03   1.5765e+02
20241004_18:00:00   3.4816e-02   1.2269e+01   2.6519e-01   0.0000e+00   3.0190e-03   1.5922e+02
20241004_21:00:00   3.5222e-02   1.2364e+01   2.7283e-01   0.0000e+00   1.0955e-03   1.5643e+02
20241005_00:00:00   3.5604e-02   1.2459e+01   2.7818e-01   0.0000e+00   1.5987e-03   1.5574e+02
20241005_03:00:00   3.5539e-02   1.2460e+01   2.7708e-01   0.0000e+00   1.7347e-03   1.4968e+02
20241005_06:00:00   3.5626e-02   1.2494e+01   2.8093e-01   0.0000e+00   5.2713e-04   1.4879e+02
20241005_09:00:00   3.6026e-02   1.2599e+01   2.9037e-01   0.0000e+00   2.1235e-03   1.5082e+02
20241005_12:00:00   3.8402e-02   1.3157e+01   3.4259e-01   0.0000e+00   2.3828e-03   1.5217e+02
20241005_15:00:00   4.2565e-02   1.4118e+01   4.2675e-01   0.0000e+00   7.8556e-03   1.4986e+02
20241005_18:00:00   4.3288e-02   1.4300e+01   4.4170e-01   0.0000e+00   5.5665e-03   1.5113e+02
20241005_21:00:00   4.3224e-02   1.4286e+01   4.3572e-01   0.0000e+00   1.2208e-02   1.5564e+02
20241006_00:00:00   4.4435e-02   1.4561e+01   4.5526e-01   0.0000e+00   3.1667e-02   1.5958e+02
20241006_03:00:00   4.4438e-02   1.4560e+01   4.5548e-01   0.0000e+00   3.4762e-02   1.5843e+02
20241006_06:00:00   4.4969e-02   1.4687e+01   4.6844e-01   0.0000e+00   3.0029e-02   1.5869e+02
20241006_09:00:00   4.5642e-02   1.4849e+01   4.7937e-01   0.0000e+00   3.7279e-02   1.5901e+02
20241006_12:00:00   4.5960e-02   1.4928e+01   4.8414e-01   0.0000e+00   3.5346e-02   1.5950e+02
20241006_15:00:00   4.6249e-02   1.5000e+01   4.8884e-01   0.0000e+00   2.9903e-02   1.5917e+02
20241006_18:00:00   4.6245e-02   1.5000e+01   4.8504e-01   0.0000e+00   2.6362e-02   1.6113e+02
20241006_21:00:00   4.5496e-02   1.4821e+01   4.6608e-01   0.0000e+00   2.0381e-02   1.6264e+02
20241007_00:00:00   4.4803e-02   1.4661e+01   4.5092e-01   0.0000e+00   9.4411e-03   1.6381e+02
20241007_03:00:00   4.4228e-02   1.4521e+01   4.3519e-01   0.0000e+00   9.8101e-03   1.6343e+02
20241007_06:00:00   4.4175e-02   1.4516e+01   4.3127e-01   0.0000e+00   5.9648e-03   1.6589e+02
20241007_09:00:00   4.3209e-02   1.4296e+01   4.1268e-01   0.0000e+00   1.6581e-03   1.7003e+02
20241007_12:00:00   4.2904e-02   1.4229e+01   4.0608e-01   0.0000e+00   1.1509e-03   1.7700e+02
20241007_15:00:00   4.2641e-02   1.4172e+01   4.0112e-01   0.0000e+00   7.3641e-04   1.8367e+02
20241007_18:00:00   4.3228e-02   1.4314e+01   4.1467e-01   0.0000e+00   2.6771e-04   1.8888e+02
20241007_21:00:00   4.4142e-02   1.4530e+01   4.3288e-01   0.0000e+00   3.0306e-04   1.9233e+02
20241008_00:00:00   4.7163e-02   1.5244e+01   4.8507e-01   0.0000e+00   1.5203e-04   1.9454e+02
20241008_03:00:00   4.6606e-02   1.5131e+01   4.7666e-01   0.0000e+00   4.9737e-05   1.9743e+02
20241008_06:00:00   4.3736e-02   1.4489e+01   4.1971e-01   0.0000e+00   1.9748e-05   1.9902e+02
20241008_09:00:00   4.7077e-02   1.5246e+01   4.7958e-01   0.0000e+00   3.2819e-02   1.9928e+02
20241008_12:00:00   4.7548e-02   1.5363e+01   4.8688e-01   0.0000e+00   4.2506e-02   2.0055e+02
20241008_15:00:00   5.1839e-02   1.6377e+01   5.7642e-01   0.0000e+00   2.5885e-02   2.0325e+02
20241008_18:00:00   5.8800e-02   1.7997e+01   7.1037e-01   0.0000e+00   2.5877e-02   2.0392e+02
20241008_21:00:00   6.9134e-02   2.0372e+01   8.9556e-01   0.0000e+00   8.0711e-02   2.0715e+02
20241009_00:00:00   7.1191e-02   2.0863e+01   9.4634e-01   0.0000e+00   5.9065e-02   2.0915e+02
20241009_03:00:00   7.6000e-02   2.1960e+01   1.0227e+00   0.0000e+00   7.9065e-02   2.1009e+02
20241009_06:00:00   6.6781e-02   1.9979e+01   8.4739e-01   0.0000e+00   2.1584e-02   2.1286e+02
20241009_09:00:00   8.3526e-02   2.3735e+01   1.1697e+00   0.0000e+00   7.1992e-02   2.1267e+02
20241009_12:00:00   9.0238e-02   2.5285e+01   1.2951e+00   0.0000e+00   8.7179e-02   2.1806e+02
20241009_15:00:00   9.5933e-02   2.6596e+01   1.3834e+00   0.0000e+00   1.3848e-01   2.2538e+02
20241009_18:00:00   9.4024e-02   2.6158e+01   1.3570e+00   0.0000e+00   1.0890e-01   2.3072e+02
20241009_21:00:00   8.9285e-02   2.5080e+01   1.2911e+00   0.0000e+00   3.3051e-02   2.3506e+02
20241010_00:00:00   8.8341e-02   2.4876e+01   1.2596e+00   0.0000e+00   3.5764e-02   2.3801e+02
20241010_03:00:00   6.8945e-02   2.0628e+01   8.8701e-01   0.0000e+00   1.5367e-03   2.4414e+02
20241010_06:00:00   6.1636e-02   1.8903e+01   7.6520e-01   0.0000e+00   1.8170e-03   2.4404e+02
20241010_09:00:00   5.9572e-02   1.8417e+01   7.3078e-01   0.0000e+00   1.3198e-03   2.4490e+02
20241010_12:00:00   5.9762e-02   1.8469e+01   7.3514e-01   0.0000e+00   9.6846e-04   2.4912e+02
20241010_15:00:00   6.1543e-02   1.8882e+01   7.6299e-01   0.0000e+00   2.9192e-03   2.4862e+02
20241010_18:00:00   6.4164e-02   1.9483e+01   8.1156e-01   0.0000e+00   3.4297e-03   2.4538e+02
20241010_21:00:00   6.7078e-02   2.0172e+01   8.7350e-01   0.0000e+00   3.6487e-03   2.4461e+02
20241011_00:00:00   7.2751e-02   2.1449e+01   9.8243e-01   0.0000e+00   9.3774e-03   2.4329e+02
20241011_03:00:00   7.6769e-02   2.2332e+01   1.0643e+00   0.0000e+00   1.9910e-02   2.4132e+02
20241011_06:00:00   8.4762e-02   2.4127e+01   1.2309e+00   0.0000e+00   2.8061e-02   2.4486e+02
20241011_09:00:00   9.3641e-02   2.6135e+01   1.4055e+00   0.0000e+00   1.5013e-02   2.4347e+02
20241011_12:00:00   9.1900e-02   2.5767e+01   1.3805e+00   0.0000e+00   6.5679e-03   2.3753e+02
20241011_15:00:00   9.2699e-02   2.5953e+01   1.4010e+00   0.0000e+00   8.6374e-03   2.3196e+02
20241011_18:00:00   9.3237e-02   2.6121e+01   1.4206e+00   0.0000e+00   1.0820e-02   2.3103e+02
20241011_21:00:00   8.2838e-02   2.3824e+01   1.2312e+00   0.0000e+00   8.0758e-03   2.3012e+02
20241012_00:00:00   7.4998e-02   2.2053e+01   1.0794e+00   0.0000e+00   9.7195e-03   2.2902e+02
20241012_03:00:00   7.1468e-02   2.1289e+01   1.0075e+00   0.0000e+00   8.6170e-03   2.2976e+02
20241012_06:00:00   6.9564e-02   2.0869e+01   9.8042e-01   0.0000e+00   5.6774e-03   2.2995e+02
20241012_09:00:00   7.1590e-02   2.1302e+01   1.0215e+00   0.0000e+00   4.4254e-03   2.2563e+02
20241012_12:00:00   8.7894e-02   2.4954e+01   1.3093e+00   0.0000e+00   3.6765e-03   2.2426e+02
20241012_15:00:00   9.5579e-02   2.6553e+01   1.4444e+00   0.0000e+00   1.9324e-02   2.2490e+02
20241012_18:00:00   8.8129e-02   2.4810e+01   1.3033e+00   0.0000e+00   1.6328e-02   2.2457e+02
20241012_21:00:00   8.3154e-02   2.3647e+01   1.2047e+00   0.0000e+00   2.1145e-02   2.2590e+02
20241013_00:00:00   7.8967e-02   2.2669e+01   1.1213e+00   0.0000e+00   2.0820e-02   2.2811e+02
20241013_03:00:00   7.5212e-02   2.1802e+01   1.0486e+00   0.0000e+00   1.6982e-02   2.2894e+02
20241013_06:00:00   6.8833e-02   2.0366e+01   9.4310e-01   0.0000e+00   6.1587e-03   2.3013e+02
20241013_09:00:00   6.3715e-02   1.9187e+01   8.4999e-01   0.0000e+00   6.5670e-03   2.3036e+02
20241013_12:00:00   6.0218e-02   1.8381e+01   7.8546e-01   0.0000e+00   3.3611e-03   2.2911e+02
20241013_15:00:00   5.4282e-02   1.7000e+01   6.7400e-01   0.0000e+00   2.2025e-03   2.3077e+02
20241013_18:00:00   4.9225e-02   1.5809e+01   5.7047e-01   0.0000e+00   2.6143e-03   2.3232e+02
20241013_21:00:00   4.9352e-02   1.5819e+01   5.6474e-01   0.0000e+00   4.1348e-03   2.3288e+02
20241014_00:00:00   4.6387e-02   1.5114e+01   5.0244e-01   0.0000e+00   4.3324e-03   2.3357e+02
20241014_03:00:00   4.3063e-02   1.4335e+01   4.3538e-01   0.0000e+00   1.5280e-03   2.3129e+02
20241014_06:00:00   4.1463e-02   1.3949e+01   4.0176e-01   0.0000e+00   1.1912e-04   2.2458e+02
20241014_09:00:00   4.0189e-02   1.3645e+01   3.7339e-01   0.0000e+00   2.1233e-04   2.1946e+02
20241014_12:00:00   3.9935e-02   1.3578e+01   3.6621e-01   0.0000e+00   1.0708e-04   2.1312e+02
20241014_15:00:00   3.9527e-02   1.3482e+01   3.5522e-01   0.0000e+00   1.1899e-04   2.0485e+02
20241014_18:00:00   3.9793e-02   1.3530e+01   3.5750e-01   0.0000e+00   2.1581e-04   2.0052e+02
20241014_21:00:00   3.9126e-02   1.3372e+01   3.4406e-01   0.0000e+00   5.5078e-04   1.9878e+02
20241015_00:00:00   3.8204e-02   1.3157e+01   3.2662e-01   0.0000e+00   1.4338e-04   1.9888e+02
20241015_03:00:00   3.7413e-02   1.2975e+01   3.1141e-01   0.0000e+00   6.8697e-05   1.9515e+02
20241015_06:00:00   3.7944e-02   1.3099e+01   3.2280e-01   0.0000e+00   7.3420e-05   1.9244e+02
