#            date       tau255        Tb[K]      pwv[mm] lwp[kg*m^-2] iwp[kg*m^-2]       o3[DU]
20240703_12:00:00   4.0987e-02   1.3684e+01   3.4808e-01   0.0000e+00   3.5602e-02   2.8096e+02
20240703_13:00:00   4.0800e-02   1.3640e+01   3.4684e-01   0.0000e+00   2.8809e-02   2.8424e+02
20240703_14:00:00   4.0420e-02   1.3547e+01   3.4073e-01   0.0000e+00   2.5001e-02   2.8660e+02
20240703_15:00:00   4.0260e-02   1.3507e+01   3.3714e-01   0.0000e+00   2.6154e-02   2.8799e+02
20240703_16:00:00   4.0095e-02   1.3469e+01   3.3604e-01   0.0000e+00   2.2178e-02   2.8851e+02
20240703_17:00:00   3.9891e-02   1.3429e+01   3.3518e-01   0.0000e+00   1.6768e-02   2.8695e+02
20240703_18:00:00   3.9982e-02   1.3451e+01   3.4095e-01   0.0000e+00   1.2372e-02   2.8038e+02
20240703_19:00:00   4.0148e-02   1.3485e+01   3.4414e-01   0.0000e+00   1.7323e-02   2.7262e+02
20240703_20:00:00   4.0947e-02   1.3676e+01   3.5916e-01   0.0000e+00   2.4602e-02   2.6884e+02
20240703_21:00:00   4.1813e-02   1.3886e+01   3.7647e-01   0.0000e+00   2.8485e-02   2.6896e+02
20240703_22:00:00   4.2621e-02   1.4080e+01   3.9172e-01   0.0000e+00   3.4866e-02   2.7022e+02
20240703_23:00:00   4.3371e-02   1.4262e+01   4.0777e-01   0.0000e+00   3.5464e-02   2.7289e+02
20240704_00:00:00   4.4151e-02   1.4447e+01   4.1536e-01   0.0000e+00   5.8834e-02   2.7489e+02
20240704_01:00:00   4.4783e-02   1.4597e+01   4.2003e-01   0.0000e+00   8.2196e-02   2.7506e+02
20240704_02:00:00   4.5131e-02   1.4682e+01   4.2488e-01   0.0000e+00   8.9974e-02   2.7306e+02
20240704_03:00:00   4.5399e-02   1.4750e+01   4.3372e-01   0.0000e+00   8.4160e-02   2.7295e+02
20240704_04:00:00   4.5466e-02   1.4767e+01   4.3790e-01   0.0000e+00   7.7636e-02   2.7227e+02
20240704_05:00:00   4.5532e-02   1.4785e+01   4.4157e-01   0.0000e+00   7.3256e-02   2.7309e+02
20240704_06:00:00   4.5378e-02   1.4749e+01   4.3926e-01   0.0000e+00   7.1568e-02   2.7109e+02
20240704_07:00:00   4.5372e-02   1.4746e+01   4.3714e-01   0.0000e+00   7.8709e-02   2.6868e+02
20240704_08:00:00   4.5455e-02   1.4764e+01   4.3620e-01   0.0000e+00   8.4919e-02   2.6775e+02
20240704_09:00:00   4.5716e-02   1.4826e+01   4.4044e-01   0.0000e+00   8.7711e-02   2.6773e+02
20240704_10:00:00   4.5121e-02   1.4682e+01   4.2938e-01   0.0000e+00   8.4928e-02   2.6818e+02
20240704_11:00:00   4.4800e-02   1.4608e+01   4.2714e-01   0.0000e+00   7.2588e-02   2.6806e+02
20240704_12:00:00   4.4397e-02   1.4513e+01   4.2307e-01   0.0000e+00   6.0473e-02   2.6802e+02
20240704_13:00:00   4.3922e-02   1.4400e+01   4.1389e-01   0.0000e+00   5.9352e-02   2.7161e+02
20240704_14:00:00   4.3672e-02   1.4339e+01   4.0830e-01   0.0000e+00   5.8709e-02   2.7402e+02
20240704_15:00:00   4.3477e-02   1.4293e+01   4.0559e-01   0.0000e+00   5.4808e-02   2.7426e+02
20240704_16:00:00   4.3394e-02   1.4273e+01   4.0508e-01   0.0000e+00   5.0675e-02   2.7615e+02
20240704_17:00:00   4.3493e-02   1.4296e+01   4.0651e-01   0.0000e+00   5.1163e-02   2.7994e+02
20240704_18:00:00   4.3159e-02   1.4217e+01   4.0296e-01   0.0000e+00   4.2545e-02   2.8185e+02
20240704_19:00:00   4.2789e-02   1.4129e+01   3.9794e-01   0.0000e+00   3.5932e-02   2.7945e+02
20240704_20:00:00   4.2594e-02   1.4082e+01   3.9342e-01   0.0000e+00   3.6585e-02   2.7065e+02
20240704_21:00:00   4.2356e-02   1.4028e+01   3.9037e-01   0.0000e+00   3.3250e-02   2.6601e+02
20240704_22:00:00   4.2092e-02   1.3966e+01   3.8561e-01   0.0000e+00   3.3266e-02   2.6338e+02
20240704_23:00:00   4.1776e-02   1.3889e+01   3.7901e-01   0.0000e+00   3.3510e-02   2.6140e+02
20240705_00:00:00   4.1535e-02   1.3831e+01   3.7365e-01   0.0000e+00   3.5750e-02   2.6155e+02
20240705_01:00:00   4.1306e-02   1.3775e+01   3.6839e-01   0.0000e+00   3.6389e-02   2.6176e+02
20240705_02:00:00   4.1142e-02   1.3734e+01   3.6561e-01   0.0000e+00   3.7075e-02   2.6317e+02
20240705_03:00:00   4.0889e-02   1.3671e+01   3.5995e-01   0.0000e+00   3.7832e-02   2.6316e+02
20240705_04:00:00   4.0628e-02   1.3608e+01   3.5609e-01   0.0000e+00   3.4203e-02   2.6314e+02
20240705_05:00:00   4.0470e-02   1.3571e+01   3.5523e-01   0.0000e+00   2.9428e-02   2.6368e+02
20240705_06:00:00   3.9965e-02   1.3449e+01   3.4733e-01   0.0000e+00   2.5140e-02   2.6236e+02
20240705_07:00:00   3.9159e-02   1.3258e+01   3.3508e-01   0.0000e+00   1.7825e-02   2.6111e+02
20240705_08:00:00   3.8482e-02   1.3104e+01   3.2599e-01   0.0000e+00   1.1938e-02   2.6116e+02
20240705_09:00:00   3.7586e-02   1.2892e+01   3.1038e-01   0.0000e+00   9.1106e-03   2.6098e+02
20240705_10:00:00   3.6691e-02   1.2681e+01   2.9475e-01   0.0000e+00   6.4550e-03   2.6165e+02
20240705_11:00:00   3.6101e-02   1.2538e+01   2.8334e-01   0.0000e+00   4.8820e-03   2.6335e+02
20240705_12:00:00   3.5510e-02   1.2398e+01   2.7188e-01   0.0000e+00   3.6612e-03   2.6441e+02
20240705_13:00:00   3.4748e-02   1.2221e+01   2.5774e-01   0.0000e+00   2.0560e-03   2.6486e+02
20240705_14:00:00   3.4032e-02   1.2054e+01   2.4434e-01   0.0000e+00   1.3771e-03   2.6512e+02
20240705_15:00:00   3.3684e-02   1.1971e+01   2.3791e-01   0.0000e+00   5.8195e-04   2.6675e+02
20240705_16:00:00   3.3041e-02   1.1817e+01   2.2427e-01   0.0000e+00   5.9262e-04   2.6853e+02
20240705_17:00:00   3.2492e-02   1.1683e+01   2.1291e-01   0.0000e+00   8.7892e-04   2.6968e+02
20240705_18:00:00   3.2239e-02   1.1620e+01   2.0725e-01   0.0000e+00   2.3699e-03   2.7110e+02
20240705_19:00:00   3.2122e-02   1.1588e+01   2.0428e-01   0.0000e+00   2.6982e-03   2.6983e+02
20240705_20:00:00   3.1942e-02   1.1546e+01   2.0115e-01   0.0000e+00   1.2916e-03   2.6926e+02
20240705_21:00:00   3.1936e-02   1.1544e+01   2.0060e-01   0.0000e+00   6.6084e-04   2.7121e+02
20240705_22:00:00   3.1870e-02   1.1527e+01   1.9814e-01   0.0000e+00   6.7438e-04   2.7335e+02
20240705_23:00:00   3.1832e-02   1.1515e+01   1.9626e-01   0.0000e+00   6.9650e-04   2.7617e+02
20240706_00:00:00   3.1736e-02   1.1489e+01   1.9375e-01   0.0000e+00   6.0340e-04   2.7781e+02
20240706_01:00:00   3.1501e-02   1.1437e+01   1.9036e-01   0.0000e+00   4.3960e-04   2.7986e+02
20240706_02:00:00   3.1522e-02   1.1440e+01   1.9081e-01   0.0000e+00   4.6170e-04   2.8089e+02
20240706_03:00:00   3.1378e-02   1.1402e+01   1.8796e-01   0.0000e+00   8.4879e-04   2.8307e+02
20240706_04:00:00   3.1084e-02   1.1331e+01   1.8247e-01   0.0000e+00   9.0099e-04   2.8610e+02
20240706_05:00:00   3.0976e-02   1.1303e+01   1.8052e-01   0.0000e+00   9.5319e-04   2.8789e+02
20240706_06:00:00   3.0934e-02   1.1295e+01   1.8067e-01   0.0000e+00   6.6170e-04   2.8983e+02
20240706_07:00:00   3.1128e-02   1.1340e+01   1.8458e-01   0.0000e+00   4.3999e-04   2.9051e+02
20240706_08:00:00   3.1189e-02   1.1355e+01   1.8616e-01   0.0000e+00   4.4796e-04   2.9141e+02
20240706_09:00:00   3.1067e-02   1.1324e+01   1.8427e-01   0.0000e+00   4.7948e-04   2.9169e+02
20240706_10:00:00   3.0903e-02   1.1285e+01   1.8158e-01   0.0000e+00   4.5776e-04   2.9115e+02
20240706_11:00:00   3.0768e-02   1.1250e+01   1.7911e-01   0.0000e+00   6.2397e-04   2.9075e+02
20240706_12:00:00   3.0755e-02   1.1246e+01   1.7843e-01   0.0000e+00   1.4995e-03   2.9201e+02
20240706_13:00:00   3.0738e-02   1.1244e+01   1.7825e-01   0.0000e+00   1.7506e-03   2.9266e+02
20240706_14:00:00   3.1036e-02   1.1313e+01   1.8477e-01   0.0000e+00   1.7249e-03   2.9315e+02
20240706_15:00:00   3.1554e-02   1.1436e+01   1.9474e-01   0.0000e+00   3.0247e-03   2.9383e+02
20240706_16:00:00   3.3124e-02   1.1804e+01   2.2324e-01   0.0000e+00   3.0599e-03   2.9306e+02
20240706_17:00:00   3.4137e-02   1.2045e+01   2.4039e-01   0.0000e+00   1.7914e-03   2.9270e+02
20240706_18:00:00   3.5593e-02   1.2384e+01   2.6323e-01   0.0000e+00   5.4167e-03   2.9200e+02
20240706_19:00:00   3.6040e-02   1.2490e+01   2.6920e-01   0.0000e+00   1.0022e-02   2.9311e+02
20240706_20:00:00   3.6291e-02   1.2552e+01   2.7352e-01   0.0000e+00   9.1588e-03   2.9528e+02
20240706_21:00:00   3.6290e-02   1.2548e+01   2.7156e-01   0.0000e+00   1.1642e-02   2.9847e+02
20240706_22:00:00   3.6282e-02   1.2547e+01   2.6994e-01   0.0000e+00   1.3355e-02   2.9995e+02
20240706_23:00:00   3.6441e-02   1.2586e+01   2.7238e-01   0.0000e+00   1.3377e-02   3.0010e+02
20240707_00:00:00   3.6801e-02   1.2674e+01   2.7787e-01   0.0000e+00   1.6103e-02   2.9947e+02
20240707_01:00:00   3.7071e-02   1.2743e+01   2.8330e-01   0.0000e+00   1.5798e-02   2.9918e+02
20240707_02:00:00   3.7239e-02   1.2786e+01   2.8683e-01   0.0000e+00   1.5507e-02   2.9927e+02
20240707_03:00:00   3.7301e-02   1.2799e+01   2.8762e-01   0.0000e+00   1.5712e-02   2.9926e+02
20240707_04:00:00   3.7260e-02   1.2790e+01   2.8662e-01   0.0000e+00   1.6197e-02   3.0036e+02
20240707_05:00:00   3.7030e-02   1.2734e+01   2.8326e-01   0.0000e+00   1.3246e-02   3.0089e+02
20240707_06:00:00   3.6935e-02   1.2713e+01   2.8228e-01   0.0000e+00   1.1646e-02   3.0118e+02
20240707_07:00:00   3.6720e-02   1.2659e+01   2.7695e-01   0.0000e+00   1.5793e-02   3.0094e+02
20240707_08:00:00   3.6511e-02   1.2609e+01   2.7376e-01   0.0000e+00   1.3249e-02   3.0151e+02
20240707_09:00:00   3.6541e-02   1.2617e+01   2.7494e-01   0.0000e+00   1.2651e-02   3.0175e+02
20240707_10:00:00   3.6611e-02   1.2635e+01   2.7644e-01   0.0000e+00   1.3769e-02   3.0121e+02
20240707_11:00:00   3.6831e-02   1.2692e+01   2.8170e-01   0.0000e+00   1.2330e-02   3.0056e+02
20240707_12:00:00   3.6937e-02   1.2720e+01   2.8498e-01   0.0000e+00   1.0678e-02   2.9965e+02
20240707_13:00:00   3.7051e-02   1.2748e+01   2.8768e-01   0.0000e+00   1.1376e-02   2.9985e+02
20240707_14:00:00   3.7325e-02   1.2818e+01   2.9400e-01   0.0000e+00   1.2541e-02   3.0042e+02
20240707_15:00:00   3.7408e-02   1.2840e+01   2.9602e-01   0.0000e+00   1.4616e-02   3.0068e+02
20240707_16:00:00   3.7688e-02   1.2913e+01   3.0226e-01   0.0000e+00   1.5847e-02   3.0065e+02
20240707_17:00:00   3.7794e-02   1.2944e+01   3.0660e-01   0.0000e+00   1.2104e-02   3.0028e+02
20240707_18:00:00   3.7744e-02   1.2937e+01   3.0909e-01   0.0000e+00   7.5600e-03   3.0093e+02
20240707_19:00:00   3.8271e-02   1.3070e+01   3.2026e-01   0.0000e+00   9.7122e-03   2.9908e+02
20240707_20:00:00   3.9191e-02   1.3295e+01   3.3852e-01   0.0000e+00   1.2253e-02   2.9787e+02
20240707_21:00:00   3.9869e-02   1.3461e+01   3.5409e-01   0.0000e+00   1.1278e-02   2.9713e+02
20240707_22:00:00   4.0474e-02   1.3614e+01   3.6839e-01   0.0000e+00   9.4550e-03   2.9742e+02
20240707_23:00:00   4.0775e-02   1.3693e+01   3.7590e-01   0.0000e+00   8.6921e-03   2.9756e+02
20240708_00:00:00   4.1409e-02   1.3853e+01   3.9032e-01   0.0000e+00   8.6389e-03   2.9807e+02
20240708_01:00:00   4.2517e-02   1.4119e+01   4.1066e-01   0.0000e+00   1.7824e-02   2.9742e+02
20240708_02:00:00   4.3243e-02   1.4296e+01   4.2507e-01   0.0000e+00   2.1058e-02   2.9668e+02
20240708_03:00:00   4.3810e-02   1.4433e+01   4.3382e-01   0.0000e+00   2.9111e-02   2.9694e+02
20240708_04:00:00   4.4091e-02   1.4505e+01   4.4037e-01   0.0000e+00   2.9140e-02   2.9761e+02
20240708_05:00:00   4.4411e-02   1.4584e+01   4.4794e-01   0.0000e+00   2.5610e-02   2.9720e+02
20240708_06:00:00   4.4516e-02   1.4609e+01   4.5026e-01   0.0000e+00   2.4206e-02   2.9788e+02
20240708_07:00:00   4.4450e-02   1.4592e+01   4.4671e-01   0.0000e+00   2.6799e-02   2.9684e+02
20240708_08:00:00   4.4403e-02   1.4581e+01   4.4331e-01   0.0000e+00   3.0559e-02   2.9713e+02
20240708_09:00:00   4.8157e-02   1.5450e+01   4.9866e-01   0.0000e+00   3.9581e-02   2.9671e+02
20240708_10:00:00   4.8065e-02   1.5429e+01   4.9520e-01   0.0000e+00   3.9922e-02   2.9768e+02
20240708_11:00:00   4.7639e-02   1.5327e+01   4.8609e-01   0.0000e+00   3.8033e-02   2.9787e+02
20240708_12:00:00   4.7185e-02   1.5218e+01   4.7542e-01   0.0000e+00   3.8321e-02   2.9809e+02
20240708_15:00:00   4.1424e-02   1.3837e+01   3.6910e-01   0.0000e+00   2.7906e-02   3.0317e+02
20240708_18:00:00   3.7047e-02   1.2772e+01   2.8425e-01   0.0000e+00   1.9764e-02   3.0630e+02
20240708_21:00:00   3.4330e-02   1.2088e+01   2.2892e-01   0.0000e+00   1.6330e-02   3.0282e+02
20240709_00:00:00   3.2605e-02   1.1646e+01   1.9444e-01   0.0000e+00   1.2653e-02   2.9745e+02
20240709_03:00:00   3.1825e-02   1.1440e+01   1.7718e-01   0.0000e+00   9.7860e-03   2.9623e+02
20240709_06:00:00   3.1676e-02   1.1394e+01   1.7166e-01   0.0000e+00   7.0689e-03   2.9727e+02
20240709_09:00:00   3.1508e-02   1.1350e+01   1.6699e-01   0.0000e+00   5.8972e-03   2.9377e+02
20240709_12:00:00   3.1585e-02   1.1365e+01   1.6709e-01   0.0000e+00   4.9787e-03   2.9038e+02
20240709_15:00:00   3.1801e-02   1.1416e+01   1.7068e-01   0.0000e+00   3.3824e-03   2.9094e+02
20240709_18:00:00   3.2108e-02   1.1493e+01   1.7633e-01   0.0000e+00   3.5207e-03   2.9299e+02
20240709_21:00:00   3.2402e-02   1.1564e+01   1.8165e-01   0.0000e+00   4.2557e-03   2.9324e+02
20240710_00:00:00   3.2487e-02   1.1586e+01   1.8308e-01   0.0000e+00   6.7271e-03   2.9252e+02
20240710_03:00:00   3.2309e-02   1.1544e+01   1.8252e-01   0.0000e+00   6.2820e-03   2.9303e+02
20240710_06:00:00   3.2110e-02   1.1501e+01   1.8125e-01   0.0000e+00   5.2604e-03   2.9293e+02
20240710_09:00:00   3.2037e-02   1.1492e+01   1.8385e-01   0.0000e+00   3.5212e-03   2.9644e+02
20240710_12:00:00   3.1920e-02   1.1476e+01   1.8600e-01   0.0000e+00   2.4920e-03   3.0062e+02
20240710_15:00:00   3.1533e-02   1.1398e+01   1.8292e-01   0.0000e+00   2.1492e-03   3.0235e+02
20240710_18:00:00   3.1029e-02   1.1288e+01   1.7716e-01   0.0000e+00   9.5474e-04   3.0259e+02
20240710_21:00:00   3.0690e-02   1.1215e+01   1.7323e-01   0.0000e+00   1.2366e-03   3.0212e+02
20240711_00:00:00   3.0715e-02   1.1225e+01   1.7475e-01   0.0000e+00   1.1735e-03   3.0466e+02
20240711_03:00:00   3.0342e-02   1.1147e+01   1.6826e-01   0.0000e+00   5.1542e-04   3.0427e+02
20240711_06:00:00   2.9951e-02   1.1065e+01   1.6210e-01   0.0000e+00   1.0774e-04   3.0453e+02
20240711_09:00:00   2.9367e-02   1.0941e+01   1.5269e-01   0.0000e+00   1.2426e-05   3.0352e+02
20240711_12:00:00   2.9495e-02   1.0978e+01   1.5863e-01   0.0000e+00   1.4903e-04   3.0509e+02
20240711_15:00:00   3.0924e-02   1.1326e+01   1.8978e-01   0.0000e+00   4.4786e-04   3.0350e+02
20240711_18:00:00   3.2536e-02   1.1724e+01   2.2129e-01   0.0000e+00   2.2442e-04   2.9899e+02
20240711_21:00:00   3.2557e-02   1.1752e+01   2.2590e-01   0.0000e+00   2.9568e-04   2.9513e+02
20240712_00:00:00   3.2003e-02   1.1639e+01   2.1870e-01   0.0000e+00   3.4670e-04   2.9032e+02
20240712_03:00:00   3.1147e-02   1.1456e+01   2.0094e-01   0.0000e+00   3.7929e-04   2.8946e+02
20240712_06:00:00   3.2231e-02   1.1746e+01   2.1641e-01   0.0000e+00   4.2671e-04   2.9208e+02
20240712_09:00:00   3.8757e-02   1.3320e+01   3.3893e-01   0.0000e+00   8.6437e-05   2.9272e+02
20240712_12:00:00   4.0215e-02   1.3642e+01   3.7307e-01   0.0000e+00   1.4411e-03   2.8865e+02
20240712_15:00:00   3.5534e-02   1.2531e+01   2.8788e-01   0.0000e+00   4.8619e-04   2.8925e+02
20240712_18:00:00   3.6446e-02   1.2747e+01   2.9605e-01   0.0000e+00   1.3052e-03   2.8367e+02
20240712_21:00:00   4.0748e-02   1.3739e+01   3.7751e-01   0.0000e+00   2.6105e-03   2.7963e+02
20240713_00:00:00   5.0189e-02   1.5925e+01   5.4225e-01   0.0000e+00   5.1212e-03   2.8072e+02
20240713_03:00:00   4.9608e-02   1.5783e+01   5.2832e-01   0.0000e+00   4.3045e-03   2.7859e+02
20240713_06:00:00   5.1139e-02   1.6134e+01   5.4840e-01   0.0000e+00   1.2262e-02   2.7855e+02
20240713_09:00:00   4.6618e-02   1.5069e+01   4.6550e-01   0.0000e+00   2.3436e-02   2.8023e+02
20240713_12:00:00   4.1145e-02   1.3757e+01   3.6212e-01   0.0000e+00   2.6889e-02   2.8237e+02
20240713_15:00:00   3.8149e-02   1.3028e+01   3.0354e-01   0.0000e+00   1.2469e-02   2.9364e+02
20240713_18:00:00   3.6213e-02   1.2553e+01   2.6764e-01   0.0000e+00   6.4357e-03   2.9694e+02
20240713_21:00:00   3.5143e-02   1.2284e+01   2.4688e-01   0.0000e+00   9.2990e-03   3.0121e+02
20240714_00:00:00   3.3964e-02   1.1987e+01   2.2417e-01   0.0000e+00   8.3210e-03   3.0292e+02
20240714_03:00:00   3.3171e-02   1.1784e+01   2.0589e-01   0.0000e+00   1.0937e-02   3.0322e+02
20240714_06:00:00   3.2877e-02   1.1713e+01   2.0049e-01   0.0000e+00   5.9809e-03   3.0542e+02
20240714_09:00:00   3.3146e-02   1.1786e+01   2.0753e-01   0.0000e+00   1.8673e-03   3.0609e+02
20240714_12:00:00   3.3900e-02   1.1994e+01   2.2369e-01   0.0000e+00   3.7189e-03   3.1054e+02
20240714_15:00:00   3.6735e-02   1.2683e+01   2.8073e-01   0.0000e+00   1.0070e-02   3.0481e+02
20240714_18:00:00   3.9664e-02   1.3400e+01   3.4226e-01   0.0000e+00   1.4242e-02   2.9872e+02
20240714_21:00:00   3.9206e-02   1.3325e+01   3.4040e-01   0.0000e+00   5.2457e-03   2.9745e+02
20240715_00:00:00   4.1935e-02   1.3968e+01   3.8987e-01   0.0000e+00   1.6670e-02   2.9921e+02
20240715_03:00:00   4.1689e-02   1.3905e+01   3.8366e-01   0.0000e+00   2.1209e-02   2.9589e+02
20240715_06:00:00   4.1135e-02   1.3774e+01   3.7392e-01   0.0000e+00   1.3711e-02   2.8950e+02
20240715_09:00:00   4.1260e-02   1.3798e+01   3.7408e-01   0.0000e+00   1.2272e-02   2.9601e+02
20240715_12:00:00   4.1129e-02   1.3760e+01   3.6642e-01   0.0000e+00   1.5300e-02   3.0569e+02
20240715_15:00:00   4.0540e-02   1.3621e+01   3.4853e-01   0.0000e+00   2.4896e-02   3.0611e+02
20240715_18:00:00   4.0666e-02   1.3649e+01   3.5155e-01   0.0000e+00   3.0780e-02   3.0353e+02
20240715_21:00:00   3.7842e-02   1.2992e+01   3.0564e-01   0.0000e+00   1.0800e-02   3.0612e+02
20240716_00:00:00   3.7813e-02   1.2994e+01   3.0781e-01   0.0000e+00   5.5730e-03   3.0169e+02
20240716_03:00:00   3.9236e-02   1.3327e+01   3.3326e-01   0.0000e+00   9.3934e-03   3.0117e+02
20240716_06:00:00   3.9667e-02   1.3429e+01   3.3463e-01   0.0000e+00   2.8354e-02   3.0084e+02
20240716_09:00:00   3.8110e-02   1.3052e+01   3.0734e-01   0.0000e+00   2.1151e-02   2.9753e+02
20240716_12:00:00   3.6551e-02   1.2664e+01   2.7999e-01   0.0000e+00   1.3233e-02   2.9954e+02
20240716_15:00:00   3.5617e-02   1.2432e+01   2.6429e-01   0.0000e+00   9.4332e-03   2.9916e+02
20240716_18:00:00   3.4230e-02   1.2122e+01   2.3979e-01   0.0000e+00   4.3290e-03   2.9558e+02
20240716_21:00:00   3.3531e-02   1.1980e+01   2.3135e-01   0.0000e+00   2.3562e-03   2.9658e+02
20240717_00:00:00   3.2770e-02   1.1823e+01   2.2009e-01   0.0000e+00   1.5838e-03   2.8841e+02
20240717_03:00:00   3.7558e-02   1.2954e+01   3.1993e-01   0.0000e+00   2.3363e-03   2.8420e+02
20240717_06:00:00   3.5941e-02   1.2569e+01   3.0200e-01   0.0000e+00   1.6009e-03   2.8487e+02
20240717_09:00:00   3.6685e-02   1.2749e+01   3.1624e-01   0.0000e+00   6.1171e-04   2.8750e+02
20240717_12:00:00   3.4874e-02   1.2316e+01   2.8018e-01   0.0000e+00   1.9759e-04   2.9045e+02
20240717_15:00:00   3.4742e-02   1.2278e+01   2.7279e-01   0.0000e+00   5.8966e-05   2.9104e+02
20240717_18:00:00   3.5106e-02   1.2378e+01   2.7635e-01   0.0000e+00   5.7055e-05   2.8851e+02
20240717_21:00:00   3.3872e-02   1.2094e+01   2.5148e-01   0.0000e+00   1.0041e-04   2.8572e+02
20240718_00:00:00   3.1219e-02   1.1463e+01   2.0219e-01   0.0000e+00   4.8935e-05   2.9094e+02
20240718_03:00:00   3.0235e-02   1.1217e+01   1.8271e-01   0.0000e+00   1.2515e-05   2.9213e+02
20240718_06:00:00   3.0573e-02   1.1285e+01   1.8766e-01   0.0000e+00   1.6406e-04   2.9157e+02
20240718_09:00:00   3.0382e-02   1.1228e+01   1.8341e-01   0.0000e+00   6.2905e-04   2.8990e+02
20240718_12:00:00   3.0531e-02   1.1251e+01   1.8628e-01   0.0000e+00   1.1589e-03   2.8944e+02
20240718_15:00:00   3.3329e-02   1.1889e+01   2.4551e-01   0.0000e+00   1.6431e-03   2.9341e+02
20240718_18:00:00   3.6389e-02   1.2595e+01   3.0212e-01   0.0000e+00   9.5594e-03   2.9356e+02
20240718_21:00:00   3.7213e-02   1.2788e+01   3.1472e-01   0.0000e+00   1.3736e-02   2.9190e+02
20240719_00:00:00   3.7375e-02   1.2824e+01   3.1536e-01   0.0000e+00   1.4794e-02   2.9144e+02
20240719_03:00:00   3.7283e-02   1.2800e+01   3.0977e-01   0.0000e+00   1.6477e-02   2.9123e+02
20240719_06:00:00   3.7425e-02   1.2832e+01   3.0961e-01   0.0000e+00   1.5626e-02   2.8982e+02
20240719_09:00:00   3.7643e-02   1.2886e+01   3.1176e-01   0.0000e+00   1.1912e-02   2.9124e+02
20240719_12:00:00   3.7701e-02   1.2902e+01   3.1209e-01   0.0000e+00   7.7573e-03   2.8145e+02
