#            date       tau255        Tb[K]      pwv[mm] lwp[kg*m^-2] iwp[kg*m^-2]       o3[DU]
20240702_12:00:00   3.8645e-02   1.3117e+01   3.0709e-01   0.0000e+00   1.4066e-02   2.8137e+02
20240702_13:00:00   3.9524e-02   1.3327e+01   3.2127e-01   0.0000e+00   2.2255e-02   2.8022e+02
20240702_14:00:00   4.0342e-02   1.3527e+01   3.3714e-01   0.0000e+00   2.3873e-02   2.7978e+02
20240702_15:00:00   4.1110e-02   1.3714e+01   3.5181e-01   0.0000e+00   2.4957e-02   2.7938e+02
20240702_16:00:00   4.1844e-02   1.3890e+01   3.6407e-01   0.0000e+00   2.9940e-02   2.8065e+02
20240702_17:00:00   4.2627e-02   1.4078e+01   3.7260e-01   0.0000e+00   4.7039e-02   2.8289e+02
20240702_18:00:00   4.3335e-02   1.4254e+01   3.8575e-01   0.0000e+00   4.9009e-02   2.8134e+02
20240702_19:00:00   4.3502e-02   1.4295e+01   3.9317e-01   0.0000e+00   3.8962e-02   2.7930e+02
20240702_20:00:00   4.3707e-02   1.4344e+01   3.9658e-01   0.0000e+00   4.1454e-02   2.7782e+02
20240702_21:00:00   4.3680e-02   1.4341e+01   3.9862e-01   0.0000e+00   3.5037e-02   2.7804e+02
20240702_22:00:00   4.3600e-02   1.4318e+01   3.9514e-01   0.0000e+00   3.9334e-02   2.7889e+02
20240702_23:00:00   4.3127e-02   1.4202e+01   3.8671e-01   0.0000e+00   3.9047e-02   2.7659e+02
20240703_00:00:00   4.2719e-02   1.4101e+01   3.7884e-01   0.0000e+00   3.9925e-02   2.7100e+02
20240703_01:00:00   4.2598e-02   1.4068e+01   3.7228e-01   0.0000e+00   5.2869e-02   2.6728e+02
20240703_02:00:00   4.2229e-02   1.3976e+01   3.6609e-01   0.0000e+00   4.9037e-02   2.7138e+02
20240703_03:00:00   4.1699e-02   1.3847e+01   3.5787e-01   0.0000e+00   4.3344e-02   2.7821e+02
20240703_04:00:00   4.1169e-02   1.3716e+01   3.4752e-01   0.0000e+00   4.2801e-02   2.8286e+02
20240703_05:00:00   4.0709e-02   1.3605e+01   3.3908e-01   0.0000e+00   4.2230e-02   2.8037e+02
20240703_06:00:00   4.0353e-02   1.3518e+01   3.3251e-01   0.0000e+00   4.0824e-02   2.7572e+02
20240703_07:00:00   4.0251e-02   1.3496e+01   3.3226e-01   0.0000e+00   3.6314e-02   2.7363e+02
20240703_08:00:00   4.0035e-02   1.3447e+01   3.2967e-01   0.0000e+00   3.1558e-02   2.7458e+02
20240703_09:00:00   3.9747e-02   1.3383e+01   3.2639e-01   0.0000e+00   2.6411e-02   2.7627e+02
20240703_10:00:00   3.9690e-02   1.3373e+01   3.2854e-01   0.0000e+00   1.8378e-02   2.7426e+02
20240703_11:00:00   3.9519e-02   1.3330e+01   3.2602e-01   0.0000e+00   1.5964e-02   2.7544e+02
20240703_12:00:00   3.9274e-02   1.3272e+01   3.2097e-01   0.0000e+00   1.7282e-02   2.7743e+02
20240703_13:00:00   3.9179e-02   1.3251e+01   3.2003e-01   0.0000e+00   1.6060e-02   2.7711e+02
20240703_14:00:00   3.8951e-02   1.3195e+01   3.1589e-01   0.0000e+00   1.5753e-02   2.7636e+02
20240703_15:00:00   3.8892e-02   1.3180e+01   3.1495e-01   0.0000e+00   1.4296e-02   2.7702e+02
20240703_16:00:00   3.8710e-02   1.3146e+01   3.1389e-01   0.0000e+00   1.0048e-02   2.7924e+02
20240703_17:00:00   3.8581e-02   1.3116e+01   3.1323e-01   0.0000e+00   8.8179e-03   2.7933e+02
20240703_18:00:00   3.8798e-02   1.3164e+01   3.1926e-01   0.0000e+00   8.0354e-03   2.7786e+02
20240703_19:00:00   3.9541e-02   1.3332e+01   3.3284e-01   0.0000e+00   1.3675e-02   2.7788e+02
20240703_20:00:00   3.9991e-02   1.3446e+01   3.4253e-01   0.0000e+00   1.6038e-02   2.7527e+02
20240703_21:00:00   4.0972e-02   1.3684e+01   3.6366e-01   0.0000e+00   1.9070e-02   2.7677e+02
20240703_22:00:00   4.1660e-02   1.3847e+01   3.7686e-01   0.0000e+00   2.6378e-02   2.7732e+02
20240703_23:00:00   4.2301e-02   1.4007e+01   3.9173e-01   0.0000e+00   2.5853e-02   2.7501e+02
20240704_00:00:00   4.2678e-02   1.4102e+01   3.9623e-01   0.0000e+00   3.4683e-02   2.7415e+02
20240704_01:00:00   4.3706e-02   1.4334e+01   4.0372e-01   0.0000e+00   7.4486e-02   2.7387e+02
20240704_02:00:00   4.4159e-02   1.4440e+01   4.0406e-01   0.0000e+00   9.9795e-02   2.7235e+02
20240704_03:00:00   4.4259e-02   1.4472e+01   4.1506e-01   0.0000e+00   7.6729e-02   2.7002e+02
20240704_04:00:00   4.4422e-02   1.4511e+01   4.1710e-01   0.0000e+00   8.0584e-02   2.7039e+02
20240704_05:00:00   4.4516e-02   1.4536e+01   4.2217e-01   0.0000e+00   7.4107e-02   2.7015e+02
20240704_06:00:00   4.4862e-02   1.4620e+01   4.2781e-01   0.0000e+00   7.7479e-02   2.7021e+02
20240704_07:00:00   4.5292e-02   1.4724e+01   4.3511e-01   0.0000e+00   8.2079e-02   2.6949e+02
20240704_08:00:00   4.5303e-02   1.4725e+01   4.3532e-01   0.0000e+00   8.4348e-02   2.6831e+02
20240704_09:00:00   4.5415e-02   1.4751e+01   4.3547e-01   0.0000e+00   8.9810e-02   2.6928e+02
20240704_10:00:00   4.5446e-02   1.4751e+01   4.3002e-01   0.0000e+00   1.0401e-01   2.7017e+02
20240704_11:00:00   4.4834e-02   1.4609e+01   4.2274e-01   0.0000e+00   8.9421e-02   2.7228e+02
20240704_12:00:00   4.4200e-02   1.4458e+01   4.1240e-01   0.0000e+00   7.9677e-02   2.7331e+02
20240704_13:00:00   4.3897e-02   1.4386e+01   4.0818e-01   0.0000e+00   7.4095e-02   2.7448e+02
20240704_14:00:00   4.3484e-02   1.4286e+01   4.0042e-01   0.0000e+00   7.4068e-02   2.7425e+02
20240704_15:00:00   4.3212e-02   1.4223e+01   3.9714e-01   0.0000e+00   6.9359e-02   2.7172e+02
20240704_16:00:00   4.3028e-02   1.4181e+01   3.9516e-01   0.0000e+00   6.4164e-02   2.6704e+02
20240704_17:00:00   4.2893e-02   1.4150e+01   3.9364e-01   0.0000e+00   6.0630e-02   2.6527e+02
20240704_18:00:00   4.2582e-02   1.4077e+01   3.8900e-01   0.0000e+00   5.6824e-02   2.6553e+02
20240704_19:00:00   4.2054e-02   1.3951e+01   3.8415e-01   0.0000e+00   4.2035e-02   2.6644e+02
20240704_20:00:00   4.1686e-02   1.3863e+01   3.7617e-01   0.0000e+00   4.1215e-02   2.6766e+02
20240704_21:00:00   4.1545e-02   1.3831e+01   3.7329e-01   0.0000e+00   4.0630e-02   2.6738e+02
20240704_22:00:00   4.1015e-02   1.3704e+01   3.6225e-01   0.0000e+00   4.3485e-02   2.6810e+02
20240704_23:00:00   4.0616e-02   1.3603e+01   3.5190e-01   0.0000e+00   5.0713e-02   2.6901e+02
20240705_00:00:00   4.0236e-02   1.3512e+01   3.4320e-01   0.0000e+00   5.2600e-02   2.7076e+02
20240705_01:00:00   3.9743e-02   1.3389e+01   3.3323e-01   0.0000e+00   5.3049e-02   2.7027e+02
20240705_02:00:00   3.9425e-02   1.3312e+01   3.2953e-01   0.0000e+00   4.6014e-02   2.7159e+02
20240705_03:00:00   3.9090e-02   1.3234e+01   3.2617e-01   0.0000e+00   3.8757e-02   2.7226e+02
20240705_04:00:00   3.8819e-02   1.3168e+01   3.2058e-01   0.0000e+00   3.9322e-02   2.7242e+02
20240705_05:00:00   3.8558e-02   1.3102e+01   3.1689e-01   0.0000e+00   3.4871e-02   2.7184e+02
20240705_06:00:00   3.8468e-02   1.3078e+01   3.1564e-01   0.0000e+00   3.3154e-02   2.7161e+02
20240705_07:00:00   3.8271e-02   1.3031e+01   3.1199e-01   0.0000e+00   3.0740e-02   2.7100e+02
20240705_08:00:00   3.8044e-02   1.2976e+01   3.0778e-01   0.0000e+00   2.9743e-02   2.7051e+02
20240705_09:00:00   3.7646e-02   1.2878e+01   3.0106e-01   0.0000e+00   2.6381e-02   2.7027e+02
20240705_10:00:00   3.7331e-02   1.2799e+01   2.9434e-01   0.0000e+00   2.6278e-02   2.7075e+02
20240705_11:00:00   3.6999e-02   1.2717e+01   2.8752e-01   0.0000e+00   2.6809e-02   2.7207e+02
20240705_12:00:00   3.6660e-02   1.2634e+01   2.8098e-01   0.0000e+00   2.5028e-02   2.7262e+02
20240705_13:00:00   3.6235e-02   1.2528e+01   2.7214e-01   0.0000e+00   2.4825e-02   2.7422e+02
20240705_14:00:00   3.6054e-02   1.2486e+01   2.6961e-01   0.0000e+00   2.2956e-02   2.7531e+02
20240705_15:00:00   3.5678e-02   1.2391e+01   2.6194e-01   0.0000e+00   2.1930e-02   2.7637e+02
20240705_16:00:00   3.5426e-02   1.2331e+01   2.5830e-01   0.0000e+00   1.8287e-02   2.7863e+02
20240705_17:00:00   3.5197e-02   1.2276e+01   2.5465e-01   0.0000e+00   1.6433e-02   2.8234e+02
20240705_18:00:00   3.5009e-02   1.2230e+01   2.5124e-01   0.0000e+00   1.4869e-02   2.8455e+02
20240705_19:00:00   3.4648e-02   1.2140e+01   2.4357e-01   0.0000e+00   1.6043e-02   2.8690e+02
20240705_20:00:00   3.4460e-02   1.2094e+01   2.3920e-01   0.0000e+00   1.7988e-02   2.8836e+02
20240705_21:00:00   3.4347e-02   1.2067e+01   2.3755e-01   0.0000e+00   1.5235e-02   2.8929e+02
20240705_22:00:00   3.4091e-02   1.2004e+01   2.3263e-01   0.0000e+00   1.3305e-02   2.8910e+02
20240705_23:00:00   3.3906e-02   1.1959e+01   2.2904e-01   0.0000e+00   1.2696e-02   2.8938e+02
20240706_00:00:00   3.3863e-02   1.1951e+01   2.2867e-01   0.0000e+00   1.1696e-02   2.8834e+02
20240706_01:00:00   3.3571e-02   1.1878e+01   2.2318e-01   0.0000e+00   1.0191e-02   2.8846e+02
20240706_02:00:00   3.3336e-02   1.1823e+01   2.1911e-01   0.0000e+00   7.6601e-03   2.8979e+02
20240706_03:00:00   3.3069e-02   1.1763e+01   2.1421e-01   0.0000e+00   7.1054e-03   2.9058e+02
20240706_04:00:00   3.3303e-02   1.1816e+01   2.1888e-01   0.0000e+00   7.6958e-03   2.9070e+02
20240706_05:00:00   3.3478e-02   1.1861e+01   2.2282e-01   0.0000e+00   7.1064e-03   2.9063e+02
20240706_06:00:00   3.3471e-02   1.1862e+01   2.2366e-01   0.0000e+00   6.0539e-03   2.9152e+02
20240706_07:00:00   3.3575e-02   1.1888e+01   2.2581e-01   0.0000e+00   6.1226e-03   2.9172e+02
20240706_08:00:00   3.3684e-02   1.1911e+01   2.2752e-01   0.0000e+00   7.0945e-03   2.9166e+02
20240706_09:00:00   3.3827e-02   1.1946e+01   2.3012e-01   0.0000e+00   7.4855e-03   2.9283e+02
20240706_10:00:00   3.3564e-02   1.1883e+01   2.2510e-01   0.0000e+00   7.5819e-03   2.9477e+02
20240706_11:00:00   3.3355e-02   1.1833e+01   2.2182e-01   0.0000e+00   7.2993e-03   2.9726e+02
20240706_12:00:00   3.3109e-02   1.1777e+01   2.1822e-01   0.0000e+00   6.5984e-03   2.9864e+02
20240706_13:00:00   3.2911e-02   1.1733e+01   2.1491e-01   0.0000e+00   6.8931e-03   2.9878e+02
20240706_14:00:00   3.2742e-02   1.1692e+01   2.1145e-01   0.0000e+00   7.5082e-03   2.9972e+02
20240706_15:00:00   3.2754e-02   1.1696e+01   2.1158e-01   0.0000e+00   8.5511e-03   3.0112e+02
20240706_16:00:00   3.2905e-02   1.1732e+01   2.1375e-01   0.0000e+00   8.6453e-03   3.0201e+02
20240706_17:00:00   3.3126e-02   1.1782e+01   2.1692e-01   0.0000e+00   9.0331e-03   3.0289e+02
20240706_18:00:00   3.3267e-02   1.1813e+01   2.1807e-01   0.0000e+00   1.0289e-02   3.0360e+02
20240706_19:00:00   3.3199e-02   1.1794e+01   2.1533e-01   0.0000e+00   1.2552e-02   3.0480e+02
20240706_20:00:00   3.3026e-02   1.1749e+01   2.1060e-01   0.0000e+00   1.3963e-02   3.0466e+02
20240706_21:00:00   3.2814e-02   1.1698e+01   2.0662e-01   0.0000e+00   1.2343e-02   3.0555e+02
20240706_22:00:00   3.2645e-02   1.1655e+01   2.0251e-01   0.0000e+00   1.2445e-02   3.0683e+02
20240706_23:00:00   3.2573e-02   1.1638e+01   2.0124e-01   0.0000e+00   1.1201e-02   3.0686e+02
20240707_00:00:00   3.2519e-02   1.1629e+01   2.0064e-01   0.0000e+00   9.6510e-03   3.0765e+02
20240707_01:00:00   3.2475e-02   1.1616e+01   1.9904e-01   0.0000e+00   9.6705e-03   3.0647e+02
20240707_02:00:00   3.2519e-02   1.1628e+01   1.9941e-01   0.0000e+00   9.8291e-03   3.0474e+02
20240707_03:00:00   3.2470e-02   1.1617e+01   1.9771e-01   0.0000e+00   9.4498e-03   3.0423e+02
20240707_04:00:00   3.2425e-02   1.1609e+01   1.9602e-01   0.0000e+00   9.4615e-03   3.0293e+02
20240707_05:00:00   3.2502e-02   1.1632e+01   1.9783e-01   0.0000e+00   7.2510e-03   3.0152e+02
20240707_06:00:00   3.2492e-02   1.1631e+01   1.9722e-01   0.0000e+00   7.0813e-03   3.0156e+02
20240707_07:00:00   3.2572e-02   1.1652e+01   1.9855e-01   0.0000e+00   7.2124e-03   3.0035e+02
20240707_08:00:00   3.2579e-02   1.1657e+01   1.9861e-01   0.0000e+00   6.7029e-03   3.0158e+02
20240707_09:00:00   3.2631e-02   1.1673e+01   2.0002e-01   0.0000e+00   5.4293e-03   3.0071e+02
20240707_10:00:00   3.2673e-02   1.1686e+01   2.0108e-01   0.0000e+00   4.4264e-03   3.0083e+02
20240707_11:00:00   3.2736e-02   1.1704e+01   2.0251e-01   0.0000e+00   3.5999e-03   2.9907e+02
20240707_12:00:00   3.2687e-02   1.1702e+01   2.0272e-01   0.0000e+00   3.0573e-03   2.9759e+02
20240707_15:00:00   3.2400e-02   1.1650e+01   1.9953e-01   0.0000e+00   2.4803e-03   2.9400e+02
20240707_18:00:00   3.2272e-02   1.1632e+01   1.9843e-01   0.0000e+00   1.6138e-03   2.9761e+02
20240707_21:00:00   3.2186e-02   1.1621e+01   1.9889e-01   0.0000e+00   1.1320e-03   2.9900e+02
20240708_00:00:00   3.2054e-02   1.1599e+01   1.9873e-01   0.0000e+00   1.1086e-03   2.9928e+02
20240708_03:00:00   3.2083e-02   1.1621e+01   2.0173e-01   0.0000e+00   8.8653e-04   2.9854e+02
20240708_06:00:00   3.2778e-02   1.1798e+01   2.1565e-01   0.0000e+00   5.2474e-04   2.9865e+02
20240708_09:00:00   3.3891e-02   1.2076e+01   2.3653e-01   0.0000e+00   1.2901e-03   2.9867e+02
20240708_12:00:00   3.5037e-02   1.2356e+01   2.5736e-01   0.0000e+00   3.0289e-03   3.0117e+02
20240708_15:00:00   3.5628e-02   1.2502e+01   2.6864e-01   0.0000e+00   3.3464e-03   2.9883e+02
20240708_18:00:00   3.5559e-02   1.2485e+01   2.6577e-01   0.0000e+00   4.8890e-03   2.9984e+02
20240708_21:00:00   3.5335e-02   1.2427e+01   2.6093e-01   0.0000e+00   3.6637e-03   3.0088e+02
20240709_00:00:00   3.4569e-02   1.2247e+01   2.4802e-01   0.0000e+00   3.1135e-03   2.9981e+02
20240709_03:00:00   3.5491e-02   1.2458e+01   2.6840e-01   0.0000e+00   2.8989e-03   2.9702e+02
20240709_06:00:00   3.5917e-02   1.2560e+01   2.7568e-01   0.0000e+00   3.3494e-03   2.9542e+02
20240709_09:00:00   3.8835e-02   1.3243e+01   3.3052e-01   0.0000e+00   5.5682e-03   2.9742e+02
20240709_12:00:00   4.0141e-02   1.3556e+01   3.5762e-01   0.0000e+00   6.2899e-03   2.9802e+02
20240709_15:00:00   4.0672e-02   1.3688e+01   3.7215e-01   0.0000e+00   3.9021e-03   3.0086e+02
20240709_18:00:00   4.0487e-02   1.3667e+01   3.7248e-01   0.0000e+00   2.9793e-03   2.9889e+02
20240709_21:00:00   4.2230e-02   1.4115e+01   4.0605e-01   0.0000e+00   2.4474e-05   3.0064e+02
20240710_00:00:00   4.1522e-02   1.3972e+01   3.9544e-01   0.0000e+00   2.7193e-05   3.0014e+02
20240710_03:00:00   4.2036e-02   1.4101e+01   4.0186e-01   0.0000e+00   1.8973e-05   2.9752e+02
20240710_06:00:00   4.2471e-02   1.4191e+01   4.0588e-01   0.0000e+00   1.0141e-04   2.9006e+02
20240710_09:00:00   4.2466e-02   1.4158e+01   4.0386e-01   0.0000e+00   2.7818e-04   2.8229e+02
20240710_12:00:00   4.1229e-02   1.3813e+01   3.8219e-01   0.0000e+00   3.7084e-03   2.7998e+02
20240710_15:00:00   3.9705e-02   1.3416e+01   3.4500e-01   0.0000e+00   6.4921e-03   2.8408e+02
20240710_18:00:00   3.8504e-02   1.3097e+01   3.1018e-01   0.0000e+00   8.5713e-03   2.9420e+02
20240710_21:00:00   3.6910e-02   1.2696e+01   2.7095e-01   0.0000e+00   1.4753e-02   2.9561e+02
20240711_00:00:00   3.5631e-02   1.2387e+01   2.3993e-01   0.0000e+00   1.5926e-02   2.9890e+02
20240711_03:00:00   3.5045e-02   1.2243e+01   2.2810e-01   0.0000e+00   1.0707e-02   3.0357e+02
20240711_06:00:00   3.5447e-02   1.2350e+01   2.4489e-01   0.0000e+00   5.7678e-03   2.9397e+02
20240711_09:00:00   4.0421e-02   1.3532e+01   3.2961e-01   0.0000e+00   3.9480e-02   2.9040e+02
20240711_12:00:00   4.2021e-02   1.3915e+01   3.5505e-01   0.0000e+00   5.3689e-02   2.8657e+02
20240711_15:00:00   4.2835e-02   1.4129e+01   3.7589e-01   0.0000e+00   4.0858e-02   2.9014e+02
20240711_18:00:00   4.3161e-02   1.4204e+01   3.8612e-01   0.0000e+00   3.4484e-02   2.9153e+02
20240711_21:00:00   4.4359e-02   1.4489e+01   4.1869e-01   0.0000e+00   3.1810e-02   2.9028e+02
20240712_00:00:00   4.5020e-02   1.4655e+01   4.4000e-01   0.0000e+00   2.5098e-02   2.9110e+02
20240712_03:00:00   4.5009e-02   1.4655e+01   4.4479e-01   0.0000e+00   1.7848e-02   2.8879e+02
20240712_06:00:00   4.4509e-02   1.4546e+01   4.3722e-01   0.0000e+00   1.3327e-02   2.8864e+02
20240712_09:00:00   4.4342e-02   1.4525e+01   4.3649e-01   0.0000e+00   7.6449e-03   2.9130e+02
20240712_12:00:00   4.1175e-02   1.3827e+01   3.8363e-01   0.0000e+00   3.4520e-05   2.9314e+02
20240712_15:00:00   3.0101e-02   1.1249e+01   1.8086e-01   0.0000e+00   1.4668e-06   2.9778e+02
20240712_18:00:00   2.8653e-02   1.0925e+01   1.6019e-01   0.0000e+00   6.3150e-05   2.9991e+02
20240712_21:00:00   4.1279e-02   1.3899e+01   4.2263e-01   0.0000e+00   1.4629e-02   2.9675e+02
20240713_00:00:00   5.6473e-02   1.7413e+01   6.7480e-01   0.0000e+00   5.2206e-02   2.9086e+02
20240713_03:00:00   4.3051e-02   1.4330e+01   4.3825e-01   0.0000e+00   9.4055e-03   2.9436e+02
20240713_06:00:00   3.9403e-02   1.3474e+01   3.5616e-01   0.0000e+00   2.3933e-03   2.9640e+02
20240713_09:00:00   3.6485e-02   1.2765e+01   3.0056e-01   0.0000e+00   2.6809e-03   2.9928e+02
20240713_12:00:00   3.6462e-02   1.2714e+01   2.9647e-01   0.0000e+00   4.9450e-03   3.0068e+02
20240713_15:00:00   3.6143e-02   1.2613e+01   2.8722e-01   0.0000e+00   1.6525e-03   3.0244e+02
20240713_18:00:00   3.6031e-02   1.2572e+01   2.7834e-01   0.0000e+00   1.6401e-03   2.9874e+02
20240713_21:00:00   3.5716e-02   1.2475e+01   2.7051e-01   0.0000e+00   5.9405e-03   2.9441e+02
20240714_00:00:00   3.5963e-02   1.2516e+01   2.6594e-01   0.0000e+00   2.5711e-02   2.9330e+02
20240714_03:00:00   3.4702e-02   1.2195e+01   2.4588e-01   0.0000e+00   1.5213e-02   2.9583e+02
20240714_06:00:00   3.4587e-02   1.2142e+01   2.4476e-01   0.0000e+00   1.1405e-02   3.0416e+02
20240714_09:00:00   3.4379e-02   1.2085e+01   2.3801e-01   0.0000e+00   9.8081e-03   3.0611e+02
20240714_12:00:00   3.4357e-02   1.2077e+01   2.3439e-01   0.0000e+00   8.1913e-03   3.0861e+02
20240714_15:00:00   3.4675e-02   1.2152e+01   2.4077e-01   0.0000e+00   2.3583e-03   3.0949e+02
20240714_18:00:00   3.4981e-02   1.2229e+01   2.4548e-01   0.0000e+00   3.4642e-04   3.0910e+02
20240714_21:00:00   3.4603e-02   1.2153e+01   2.3813e-01   0.0000e+00   2.2298e-04   3.0350e+02
20240715_00:00:00   3.5877e-02   1.2466e+01   2.6166e-01   0.0000e+00   1.8079e-04   3.0156e+02
20240715_03:00:00   3.5669e-02   1.2433e+01   2.5784e-01   0.0000e+00   1.4211e-04   2.9882e+02
20240715_06:00:00   3.4857e-02   1.2251e+01   2.4433e-01   0.0000e+00   1.1603e-04   2.9948e+02
20240715_09:00:00   3.4106e-02   1.2071e+01   2.3149e-01   0.0000e+00   7.4126e-04   3.0086e+02
20240715_12:00:00   3.4248e-02   1.2100e+01   2.3581e-01   0.0000e+00   1.1427e-03   3.0057e+02
20240715_15:00:00   3.5978e-02   1.2497e+01   2.6875e-01   0.0000e+00   2.6668e-03   3.0047e+02
20240715_18:00:00   3.7961e-02   1.2962e+01   3.0337e-01   0.0000e+00   7.2310e-03   3.0152e+02
20240715_21:00:00   3.9144e-02   1.3237e+01   3.2299e-01   0.0000e+00   1.1172e-02   3.0100e+02
20240716_00:00:00   3.9964e-02   1.3426e+01   3.3065e-01   0.0000e+00   2.9202e-02   2.9913e+02
20240716_03:00:00   3.9404e-02   1.3292e+01   3.2102e-01   0.0000e+00   2.5276e-02   2.9486e+02
20240716_06:00:00   3.8988e-02   1.3194e+01   3.1377e-01   0.0000e+00   2.0558e-02   2.9636e+02
20240716_09:00:00   3.8730e-02   1.3131e+01   3.0843e-01   0.0000e+00   1.7960e-02   2.9731e+02
20240716_12:00:00   3.8280e-02   1.3030e+01   2.9884e-01   0.0000e+00   1.4933e-02   3.0057e+02
20240716_15:00:00   3.6662e-02   1.2665e+01   2.7434e-01   0.0000e+00   2.0053e-03   2.9509e+02
20240716_18:00:00   3.9259e-02   1.3267e+01   3.2177e-01   0.0000e+00   1.3248e-02   2.9518e+02
20240716_21:00:00   4.0741e-02   1.3623e+01   3.5017e-01   0.0000e+00   1.9924e-02   2.9563e+02
20240717_00:00:00   4.2242e-02   1.3985e+01   3.7678e-01   0.0000e+00   2.9000e-02   2.9397e+02
20240717_03:00:00   4.3154e-02   1.4212e+01   3.9797e-01   0.0000e+00   2.4482e-02   2.9567e+02
20240717_06:00:00   4.4653e-02   1.4580e+01   4.2825e-01   0.0000e+00   2.4728e-02   2.9520e+02
20240717_09:00:00   4.7148e-02   1.5177e+01   4.7107e-01   0.0000e+00   5.3098e-02   2.9187e+02
20240717_12:00:00   5.3693e-02   1.6716e+01   5.9240e-01   0.0000e+00   7.1019e-02   2.8644e+02
20240717_15:00:00   5.9804e-02   1.8140e+01   6.8799e-01   0.0000e+00   1.1300e-01   2.7968e+02
20240717_18:00:00   6.4510e-02   1.9257e+01   7.8443e-01   0.0000e+00   8.0580e-02   2.7125e+02
20240717_21:00:00   5.5100e-02   1.7126e+01   6.4433e-01   0.0000e+00   3.5643e-02   2.6190e+02
20240718_00:00:00   6.1918e-02   1.8706e+01   7.6143e-01   0.0000e+00   3.8168e-02   2.6829e+02
20240718_03:00:00   6.3209e-02   1.8983e+01   7.7135e-01   0.0000e+00   6.3292e-02   2.7602e+02
20240718_06:00:00   4.9676e-02   1.5825e+01   5.3767e-01   0.0000e+00   3.9751e-02   2.7627e+02
20240718_09:00:00   4.8748e-02   1.5563e+01   4.9600e-01   0.0000e+00   7.1127e-02   2.7521e+02
20240718_12:00:00   4.4751e-02   1.4638e+01   4.3286e-01   0.0000e+00   1.7976e-02   2.7758e+02
