#            date       tau255        Tb[K]      pwv[mm] lwp[kg*m^-2] iwp[kg*m^-2]       o3[DU]
20200904_00:00:00   2.6366e+00   2.8280e+02   3.6961e+01   0.0000e+00   9.8690e-03   3.3863e+02
20200904_01:00:00   2.6797e+00   2.8344e+02   3.7579e+01   0.0000e+00   9.1780e-03   3.3962e+02
20200904_02:00:00   2.5029e+00   2.7950e+02   3.5507e+01   0.0000e+00   5.9748e-03   3.4089e+02
20200904_03:00:00   2.0908e+00   2.6731e+02   3.0482e+01   0.0000e+00   1.4086e-02   3.4356e+02
20200904_04:00:00   1.7703e+00   2.5275e+02   2.6390e+01   0.0000e+00   2.3587e-02   3.4391e+02
20200904_05:00:00   1.7071e+00   2.4900e+02   2.5544e+01   0.0000e+00   1.0086e-01   3.4345e+02
20200904_06:00:00   1.4584e+00   2.3347e+02   2.2568e+01   0.0000e+00   4.9022e-02   3.4302e+02
20200904_07:00:00   1.7495e+00   2.5082e+02   2.6328e+01   0.0000e+00   1.5748e-02   3.4128e+02
20200904_08:00:00   1.7437e+00   2.5033e+02   2.6035e+01   0.0000e+00   2.1215e-02   3.4123e+02
20200904_09:00:00   1.7457e+00   2.5018e+02   2.6051e+01   0.0000e+00   3.7384e-02   3.4280e+02
20200904_10:00:00   1.6853e+00   2.4678e+02   2.5255e+01   0.0000e+00   4.0806e-02   3.4610e+02
20200904_11:00:00   1.7591e+00   2.5039e+02   2.6096e+01   0.0000e+00   4.2353e-02   3.4681e+02
20200904_12:00:00   1.5386e+00   2.3765e+02   2.3145e+01   0.0000e+00   2.1652e-02   3.5082e+02
20200904_13:00:00   1.4933e+00   2.3532e+02   2.2597e+01   0.0000e+00   1.1793e-02   3.5097e+02
20200904_14:00:00   1.7617e+00   2.5166e+02   2.6149e+01   0.0000e+00   6.1301e-03   3.5092e+02
20200904_15:00:00   1.7795e+00   2.5312e+02   2.6534e+01   0.0000e+00   7.1547e-04   3.5007e+02
20200904_16:00:00   1.5523e+00   2.4042e+02   2.3712e+01   0.0000e+00   1.6178e-05   3.5185e+02
20200904_17:00:00   1.5378e+00   2.3964e+02   2.3615e+01   0.0000e+00   0.0000e+00   3.5324e+02
20200904_18:00:00   1.4995e+00   2.3724e+02   2.3069e+01   0.0000e+00   0.0000e+00   3.5462e+02
20200904_19:00:00   1.5992e+00   2.4356e+02   2.4450e+01   0.0000e+00   0.0000e+00   3.5390e+02
20200904_20:00:00   1.9644e+00   2.6211e+02   2.9252e+01   0.0000e+00   0.0000e+00   3.5419e+02
20200904_21:00:00   2.2317e+00   2.7177e+02   3.2486e+01   0.0000e+00   0.0000e+00   3.5426e+02
20200904_22:00:00   2.6598e+00   2.8291e+02   3.7362e+01   0.0000e+00   0.0000e+00   3.5501e+02
20200904_23:00:00   2.9677e+00   2.8749e+02   4.0434e+01   0.0000e+00   0.0000e+00   3.5624e+02
20200905_00:00:00   3.0116e+00   2.8787e+02   4.0679e+01   0.0000e+00   0.0000e+00   3.5787e+02
20200905_01:00:00   2.6657e+00   2.8188e+02   3.6752e+01   0.0000e+00   0.0000e+00   3.6045e+02
20200905_02:00:00   2.3997e+00   2.7525e+02   3.3599e+01   0.0000e+00   0.0000e+00   3.6211e+02
20200905_03:00:00   2.3406e+00   2.7258e+02   3.2698e+01   0.0000e+00   0.0000e+00   3.6292e+02
20200905_04:00:00   2.3641e+00   2.7328e+02   3.2961e+01   0.0000e+00   0.0000e+00   3.6420e+02
20200905_05:00:00   2.4308e+00   2.7456e+02   3.3674e+01   0.0000e+00   0.0000e+00   3.6207e+02
20200905_06:00:00   2.4001e+00   2.7392e+02   3.3346e+01   0.0000e+00   0.0000e+00   3.6439e+02
20200905_07:00:00   2.4189e+00   2.7394e+02   3.3444e+01   0.0000e+00   0.0000e+00   3.6548e+02
20200905_08:00:00   2.4232e+00   2.7387e+02   3.3472e+01   0.0000e+00   0.0000e+00   3.6522e+02
20200905_09:00:00   2.3653e+00   2.7208e+02   3.2804e+01   0.0000e+00   0.0000e+00   3.6566e+02
20200905_10:00:00   2.2123e+00   2.6746e+02   3.1026e+01   0.0000e+00   0.0000e+00   3.6656e+02
20200905_11:00:00   2.0544e+00   2.6170e+02   2.9111e+01   0.0000e+00   0.0000e+00   3.6832e+02
20200905_12:00:00   2.0478e+00   2.6147e+02   2.8989e+01   0.0000e+00   0.0000e+00   3.6947e+02
20200905_13:00:00   2.2173e+00   2.6863e+02   3.1200e+01   0.0000e+00   0.0000e+00   3.7084e+02
20200905_14:00:00   2.3129e+00   2.7167e+02   3.2478e+01   0.0000e+00   0.0000e+00   3.6961e+02
20200905_15:00:00   2.2366e+00   2.7003e+02   3.1768e+01   0.0000e+00   0.0000e+00   3.6920e+02
20200905_16:00:00   2.1031e+00   2.6540e+02   3.0185e+01   0.0000e+00   0.0000e+00   3.6742e+02
20200905_17:00:00   1.9502e+00   2.5973e+02   2.8439e+01   0.0000e+00   0.0000e+00   3.6689e+02
20200905_18:00:00   1.8127e+00   2.5373e+02   2.6741e+01   0.0000e+00   0.0000e+00   3.6672e+02
20200905_19:00:00   1.7924e+00   2.5280e+02   2.6463e+01   0.0000e+00   0.0000e+00   3.6653e+02
20200905_20:00:00   1.9489e+00   2.5962e+02   2.8378e+01   0.0000e+00   0.0000e+00   3.6496e+02
20200905_21:00:00   2.2043e+00   2.6953e+02   3.1385e+01   0.0000e+00   0.0000e+00   3.6305e+02
20200905_22:00:00   2.3926e+00   2.7470e+02   3.3395e+01   0.0000e+00   0.0000e+00   3.6066e+02
20200905_23:00:00   2.5160e+00   2.7751e+02   3.4553e+01   0.0000e+00   0.0000e+00   3.5871e+02
20200906_00:00:00   2.3906e+00   2.7392e+02   3.2962e+01   0.0000e+00   5.8977e-04   3.6000e+02
20200906_01:00:00   2.1344e+00   2.6587e+02   2.9883e+01   0.0000e+00   1.5549e-03   3.6216e+02
20200906_02:00:00   2.0394e+00   2.6231e+02   2.8738e+01   0.0000e+00   1.9072e-03   3.6351e+02
20200906_03:00:00   1.9501e+00   2.5821e+02   2.7603e+01   0.0000e+00   2.7576e-03   3.6286e+02
20200906_04:00:00   1.7989e+00   2.5126e+02   2.5742e+01   0.0000e+00   4.0125e-03   3.6219e+02
20200906_05:00:00   1.6631e+00   2.4419e+02   2.4063e+01   0.0000e+00   3.1775e-03   3.6072e+02
20200906_06:00:00   1.5685e+00   2.3854e+02   2.2852e+01   0.0000e+00   4.1430e-03   3.6025e+02
20200906_07:00:00   1.4890e+00   2.3348e+02   2.1853e+01   0.0000e+00   3.6738e-03   3.5972e+02
20200906_08:00:00   1.4167e+00   2.2829e+02   2.0903e+01   0.0000e+00   3.7823e-03   3.5857e+02
20200906_09:00:00   1.3783e+00   2.2546e+02   2.0382e+01   0.0000e+00   3.3961e-03   3.5748e+02
20200906_10:00:00   1.3532e+00   2.2331e+02   1.9997e+01   0.0000e+00   3.8064e-03   3.5795e+02
20200906_11:00:00   1.3589e+00   2.2394e+02   2.0055e+01   0.0000e+00   3.0463e-03   3.5891e+02
20200906_12:00:00   1.3050e+00   2.1962e+02   1.9306e+01   0.0000e+00   2.1422e-03   3.5978e+02
20200906_13:00:00   1.3773e+00   2.2598e+02   2.0393e+01   0.0000e+00   1.9016e-03   3.5942e+02
20200906_14:00:00   1.4658e+00   2.3272e+02   2.1694e+01   0.0000e+00   1.3129e-03   3.6054e+02
20200906_15:00:00   1.5420e+00   2.3839e+02   2.2952e+01   0.0000e+00   1.5216e-03   3.6081e+02
20200906_16:00:00   1.5778e+00   2.4083e+02   2.3620e+01   0.0000e+00   1.6784e-03   3.6000e+02
20200906_17:00:00   1.5815e+00   2.4128e+02   2.3823e+01   0.0000e+00   1.9229e-03   3.5918e+02
20200906_18:00:00   1.5959e+00   2.4258e+02   2.4163e+01   0.0000e+00   2.2635e-03   3.5914e+02
20200906_19:00:00   1.6969e+00   2.4845e+02   2.5495e+01   0.0000e+00   3.7035e-04   3.6000e+02
20200906_20:00:00   1.8105e+00   2.5435e+02   2.6921e+01   0.0000e+00   2.1460e-06   3.6148e+02
20200906_21:00:00   2.0760e+00   2.6575e+02   3.0104e+01   0.0000e+00   0.0000e+00   3.6501e+02
20200906_22:00:00   2.5740e+00   2.8023e+02   3.5773e+01   0.0000e+00   0.0000e+00   3.6600e+02
20200906_23:00:00   3.2186e+00   2.9041e+02   4.2588e+01   0.0000e+00   0.0000e+00   3.6719e+02
20200907_00:00:00   3.3666e+00   2.9168e+02   4.4016e+01   0.0000e+00   0.0000e+00   3.7013e+02
20200907_01:00:00   3.3242e+00   2.9108e+02   4.3443e+01   0.0000e+00   0.0000e+00   3.7281e+02
20200907_02:00:00   3.1771e+00   2.8916e+02   4.1773e+01   0.0000e+00   0.0000e+00   3.7197e+02
20200907_03:00:00   3.0475e+00   2.8729e+02   4.0279e+01   0.0000e+00   0.0000e+00   3.7150e+02
20200907_04:00:00   2.9010e+00   2.8498e+02   3.8667e+01   0.0000e+00   0.0000e+00   3.7245e+02
20200907_05:00:00   2.8365e+00   2.8359e+02   3.7869e+01   0.0000e+00   0.0000e+00   3.7538e+02
20200907_06:00:00   2.6473e+00   2.7982e+02   3.5782e+01   0.0000e+00   0.0000e+00   3.7325e+02
20200907_07:00:00   2.6185e+00   2.7908e+02   3.5400e+01   0.0000e+00   0.0000e+00   3.7305e+02
20200907_08:00:00   2.4995e+00   2.7626e+02   3.4012e+01   0.0000e+00   0.0000e+00   3.7519e+02
20200907_09:00:00   2.4285e+00   2.7411e+02   3.3115e+01   0.0000e+00   0.0000e+00   3.7678e+02
20200907_10:00:00   2.2253e+00   2.6832e+02   3.0640e+01   0.0000e+00   0.0000e+00   3.7652e+02
20200907_11:00:00   1.8534e+00   2.5388e+02   2.6053e+01   0.0000e+00   0.0000e+00   3.7660e+02
20200907_12:00:00   1.6833e+00   2.4551e+02   2.3906e+01   0.0000e+00   0.0000e+00   3.7373e+02
20200907_13:00:00   1.6057e+00   2.4179e+02   2.3092e+01   0.0000e+00   0.0000e+00   3.7322e+02
20200907_14:00:00   1.8517e+00   2.5544e+02   2.6435e+01   0.0000e+00   0.0000e+00   3.6995e+02
20200907_15:00:00   1.6810e+00   2.4754e+02   2.4613e+01   0.0000e+00   0.0000e+00   3.7081e+02
20200907_16:00:00   1.6604e+00   2.4664e+02   2.4699e+01   0.0000e+00   1.9998e-03   3.7060e+02
20200907_17:00:00   1.6122e+00   2.4419e+02   2.4316e+01   0.0000e+00   2.8263e-03   3.7158e+02
20200907_18:00:00   1.5709e+00   2.4214e+02   2.3937e+01   0.0000e+00   2.3178e-03   3.7162e+02
20200907_19:00:00   1.6261e+00   2.4609e+02   2.4816e+01   0.0000e+00   1.3068e-04   3.7192e+02
20200907_20:00:00   1.8389e+00   2.5820e+02   2.7816e+01   0.0000e+00   3.1003e-06   3.7104e+02
20200907_21:00:00   2.0673e+00   2.6787e+02   3.0597e+01   0.0000e+00   0.0000e+00   3.7008e+02
20200907_22:00:00   2.3464e+00   2.7678e+02   3.3987e+01   0.0000e+00   0.0000e+00   3.7053e+02
20200907_23:00:00   2.9921e+00   2.8980e+02   4.1371e+01   0.0000e+00   0.0000e+00   3.7196e+02
20200908_00:00:00   3.1650e+00   2.9182e+02   4.3057e+01   0.0000e+00   0.0000e+00   3.7275e+02
20200908_01:00:00   2.8573e+00   2.8736e+02   3.9504e+01   0.0000e+00   0.0000e+00   3.7206e+02
20200908_02:00:00   2.5549e+00   2.8106e+02   3.5978e+01   0.0000e+00   0.0000e+00   3.7223e+02
20200908_03:00:00   2.6325e+00   2.8220e+02   3.6785e+01   0.0000e+00   0.0000e+00   3.7288e+02
20200908_04:00:00   2.5751e+00   2.8055e+02   3.6120e+01   0.0000e+00   0.0000e+00   3.7143e+02
20200908_05:00:00   2.5239e+00   2.7908e+02   3.5534e+01   0.0000e+00   3.2342e-05   3.7257e+02
20200908_06:00:00   2.1934e+00   2.6959e+02   3.1643e+01   0.0000e+00   0.0000e+00   3.7341e+02
20200908_07:00:00   2.1106e+00   2.6649e+02   3.0602e+01   0.0000e+00   0.0000e+00   3.7445e+02
20200908_08:00:00   2.2384e+00   2.7058e+02   3.2030e+01   0.0000e+00   1.0690e-04   3.7297e+02
20200908_09:00:00   2.2006e+00   2.6937e+02   3.1546e+01   0.0000e+00   2.0838e-03   3.7207e+02
20200908_10:00:00   2.2161e+00   2.6972e+02   3.1692e+01   0.0000e+00   8.9178e-04   3.7188e+02
20200908_11:00:00   1.9346e+00   2.5874e+02   2.8257e+01   0.0000e+00   2.0106e-03   3.7145e+02
20200908_12:00:00   2.1890e+00   2.6825e+02   3.1308e+01   0.0000e+00   1.4535e-03   3.7182e+02
20200908_13:00:00   2.1948e+00   2.6924e+02   3.1613e+01   0.0000e+00   2.1700e-03   3.7190e+02
20200908_14:00:00   2.1819e+00   2.6980e+02   3.1740e+01   0.0000e+00   1.5171e-03   3.7206e+02
20200908_15:00:00   1.9883e+00   2.6243e+02   2.9629e+01   0.0000e+00   8.3727e-04   3.7196e+02
20200908_16:00:00   1.8081e+00   2.5437e+02   2.7650e+01   0.0000e+00   4.4114e-03   3.7174e+02
20200908_17:00:00   1.7279e+00   2.5014e+02   2.6773e+01   0.0000e+00   4.5351e-03   3.7099e+02
20200908_18:00:00   1.8023e+00   2.5433e+02   2.7980e+01   0.0000e+00   2.8680e-03   3.7200e+02
20200908_19:00:00   2.1719e+00   2.7040e+02   3.2879e+01   0.0000e+00   2.9454e-03   3.7163e+02
20200908_20:00:00   2.5438e+00   2.8140e+02   3.7436e+01   0.0000e+00   2.6976e-03   3.6985e+02
20200908_21:00:00   2.8129e+00   2.8699e+02   4.0561e+01   0.0000e+00   2.8154e-03   3.6651e+02
20200908_22:00:00   3.0187e+00   2.9001e+02   4.2737e+01   0.0000e+00   1.3246e-02   3.6490e+02
20200908_23:00:00   3.1509e+00   2.9136e+02   4.3939e+01   0.0000e+00   4.1173e-03   3.6776e+02
20200909_00:00:00   2.9386e+00   2.8781e+02   4.1432e+01   0.0000e+00   1.1889e-02   3.6866e+02
20200909_03:00:00   2.4943e+00   2.7944e+02   3.6114e+01   0.0000e+00   0.0000e+00   3.7199e+02
20200909_06:00:00   1.8147e+00   2.5469e+02   2.7644e+01   0.0000e+00   2.0300e-05   3.6961e+02
20200909_09:00:00   1.5170e+00   2.3718e+02   2.3772e+01   0.0000e+00   6.0180e-05   3.6686e+02
20200909_12:00:00   1.3247e+00   2.2294e+02   2.1144e+01   0.0000e+00   0.0000e+00   3.6790e+02
20200909_15:00:00   1.3851e+00   2.2984e+02   2.2366e+01   0.0000e+00   0.0000e+00   3.6347e+02
20200909_18:00:00   1.4641e+00   2.3680e+02   2.3896e+01   0.0000e+00   0.0000e+00   3.5670e+02
20200909_21:00:00   2.2791e+00   2.7773e+02   3.5078e+01   0.0000e+00   8.5610e-05   3.5085e+02
20200910_00:00:00   2.5783e+00   2.8451e+02   3.8085e+01   0.0000e+00   0.0000e+00   3.5075e+02
20200910_03:00:00   2.1561e+00   2.7203e+02   3.2664e+01   0.0000e+00   1.4088e-04   3.5331e+02
20200910_06:00:00   2.0702e+00   2.6840e+02   3.1452e+01   0.0000e+00   1.6755e-03   3.5337e+02
20200910_09:00:00   1.9440e+00   2.6286e+02   2.9743e+01   0.0000e+00   2.8596e-04   3.5318e+02
20200910_12:00:00   1.8101e+00   2.5642e+02   2.7846e+01   0.0000e+00   0.0000e+00   3.5358e+02
20200910_15:00:00   1.9605e+00   2.6591e+02   3.0391e+01   0.0000e+00   0.0000e+00   3.5066e+02
20200910_18:00:00   2.1018e+00   2.7306e+02   3.2923e+01   0.0000e+00   0.0000e+00   3.4591e+02
20200910_21:00:00   2.8457e+00   2.9341e+02   4.2503e+01   0.0000e+00   0.0000e+00   3.3933e+02
20200911_00:00:00   3.4112e+00   2.9947e+02   4.8398e+01   0.0000e+00   0.0000e+00   3.3817e+02
20200911_03:00:00   3.1457e+00   2.9660e+02   4.5281e+01   0.0000e+00   0.0000e+00   3.3945e+02
20200911_06:00:00   2.8023e+00   2.9073e+02   4.1010e+01   0.0000e+00   0.0000e+00   3.3899e+02
20200911_09:00:00   2.3769e+00   2.8051e+02   3.5701e+01   0.0000e+00   0.0000e+00   3.3931e+02
20200911_12:00:00   2.5584e+00   2.8578e+02   3.7890e+01   0.0000e+00   0.0000e+00   3.4074e+02
20200911_15:00:00   2.8649e+00   2.9267e+02   4.2156e+01   0.0000e+00   0.0000e+00   3.3889e+02
20200911_18:00:00   3.3213e+00   3.0009e+02   4.8302e+01   0.0000e+00   0.0000e+00   3.3781e+02
20200911_21:00:00   4.1222e+00   3.0642e+02   5.7281e+01   0.0000e+00   0.0000e+00   3.3906e+02
20200912_00:00:00   4.6234e+00   3.0692e+02   6.1475e+01   0.0000e+00   0.0000e+00   3.4108e+02
20200912_03:00:00   4.1197e+00   3.0445e+02   5.5743e+01   0.0000e+00   0.0000e+00   3.4352e+02
20200912_06:00:00   3.4283e+00   2.9889e+02   4.7797e+01   0.0000e+00   0.0000e+00   3.4434e+02
20200912_09:00:00   2.9768e+00   2.9248e+02   4.2483e+01   0.0000e+00   0.0000e+00   3.4629e+02
20200912_12:00:00   2.8257e+00   2.8927e+02   4.0571e+01   0.0000e+00   0.0000e+00   3.5058e+02
20200912_15:00:00   3.4695e+00   3.0045e+02   4.9095e+01   0.0000e+00   0.0000e+00   3.5137e+02
20200912_18:00:00   3.8086e+00   3.0448e+02   5.3849e+01   0.0000e+00   0.0000e+00   3.5000e+02
20200912_21:00:00   4.5022e+00   3.0721e+02   6.0739e+01   0.0000e+00   0.0000e+00   3.4817e+02
20200913_00:00:00   5.1173e+00   3.0658e+02   6.5627e+01   0.0000e+00   0.0000e+00   3.4792e+02
20200913_03:00:00   4.4248e+00   3.0545e+02   5.8814e+01   0.0000e+00   0.0000e+00   3.4977e+02
20200913_06:00:00   4.0086e+00   3.0297e+02   5.4282e+01   0.0000e+00   0.0000e+00   3.5062e+02
20200913_09:00:00   3.4047e+00   2.9774e+02   4.7410e+01   0.0000e+00   0.0000e+00   3.5259e+02
20200913_12:00:00   3.4010e+00   2.9665e+02   4.6876e+01   0.0000e+00   0.0000e+00   3.5665e+02
20200913_15:00:00   3.6088e+00   3.0061e+02   5.0133e+01   0.0000e+00   0.0000e+00   3.5862e+02
20200913_18:00:00   3.0514e+00   2.9602e+02   4.4786e+01   0.0000e+00   0.0000e+00   3.5745e+02
20200913_21:00:00   3.5755e+00   3.0169e+02   5.0539e+01   0.0000e+00   0.0000e+00   3.5350e+02
20200914_00:00:00   3.9945e+00   3.0338e+02   5.3872e+01   0.0000e+00   0.0000e+00   3.5039e+02
20200914_03:00:00   2.8766e+00   2.9169e+02   4.1094e+01   0.0000e+00   1.8812e-03   3.5419e+02
20200914_06:00:00   2.5217e+00   2.8373e+02   3.6532e+01   0.0000e+00   4.3101e-03   3.5340e+02
20200914_09:00:00   2.3415e+00   2.7827e+02   3.4315e+01   0.0000e+00   5.0482e-03   3.5304e+02
20200914_12:00:00   2.5896e+00   2.8399e+02   3.7423e+01   0.0000e+00   5.3694e-03   3.5274e+02
20200914_15:00:00   2.5556e+00   2.8579e+02   3.7804e+01   0.0000e+00   9.7809e-03   3.5220e+02
20200914_18:00:00   2.1055e+00   2.7345e+02   3.2595e+01   0.0000e+00   4.0558e-03   3.5034e+02
20200914_21:00:00   2.7227e+00   2.9107e+02   4.0460e+01   0.0000e+00   1.6010e-02   3.4489e+02
20200915_00:00:00   3.4141e+00   3.0023e+02   4.7870e+01   0.0000e+00   2.2097e-02   3.4304e+02
20200915_03:00:00   2.8417e+00   2.9214e+02   4.1268e+01   0.0000e+00   3.0576e-02   3.4650e+02
20200915_06:00:00   2.1991e+00   2.7491e+02   3.3206e+01   0.0000e+00   1.4164e-02   3.4480e+02
20200915_09:00:00   1.4787e+00   2.3817e+02   2.3943e+01   0.0000e+00   6.7887e-03   3.4484e+02
20200915_12:00:00   1.3459e+00   2.2721e+02   2.2427e+01   0.0000e+00   1.1537e-02   3.4558e+02
20200915_15:00:00   2.5875e+00   2.8566e+02   4.0796e+01   0.0000e+00   1.7492e-01   3.4505e+02
20200915_18:00:00   4.2652e+00   3.0586e+02   6.0893e+01   0.0000e+00   2.9912e-03   3.3872e+02
20200915_21:00:00   4.5727e+00   3.0613e+02   6.5091e+01   0.0000e+00   1.1692e-01   3.4150e+02
20200916_00:00:00   4.4991e+00   3.0378e+02   6.3196e+01   0.0000e+00   1.2460e-01   3.5048e+02
20200916_03:00:00   4.6714e+00   3.0412e+02   6.4916e+01   0.0000e+00   5.5504e-02   3.5747e+02
20200916_06:00:00   4.7063e+00   3.0490e+02   6.5610e+01   0.0000e+00   1.5528e-01   3.5519e+02
20200916_09:00:00   5.9116e+00   3.0395e+02   7.5714e+01   3.7383e-03   3.9517e-01   3.5060e+02
20200916_12:00:00   4.9073e+00   3.0201e+02   6.5266e+01   2.7435e-03   3.1204e-01   3.6028e+02
20200916_15:00:00   4.6418e+00   3.0238e+02   6.2443e+01   2.5738e-02   7.6254e-02   3.5829e+02
20200916_18:00:00   4.4025e+00   3.0303e+02   5.9779e+01   5.6486e-02   2.4644e-02   3.5574e+02
20200916_21:00:00   4.8655e+00   3.0437e+02   6.5358e+01   1.6924e-02   3.9312e-03   3.4662e+02
20200917_00:00:00   5.5897e+00   3.0399e+02   7.1874e+01   1.9453e-03   2.4388e-03   3.4469e+02
20200917_03:00:00   5.4415e+00   3.0381e+02   6.9732e+01   9.0980e-05   1.2696e-04   3.4782e+02
20200917_06:00:00   5.1435e+00   3.0291e+02   6.6532e+01   0.0000e+00   0.0000e+00   3.4959e+02
20200917_09:00:00   4.8539e+00   3.0195e+02   6.3705e+01   5.3942e-04   3.1940e-02   3.5743e+02
20200917_12:00:00   4.2724e+00   3.0059e+02   5.6825e+01   0.0000e+00   6.8473e-05   3.6597e+02
20200917_15:00:00   3.7651e+00   2.9986e+02   5.2047e+01   1.7113e-04   1.3957e-04   3.6793e+02
20200917_18:00:00   3.6020e+00   2.9932e+02   5.0727e+01   7.1560e-05   2.8134e-03   3.6803e+02
20200917_21:00:00   3.7287e+00   3.0021e+02   5.1456e+01   0.0000e+00   3.4716e-05   3.7002e+02
20200918_00:00:00   4.2707e+00   3.0438e+02   5.6031e+01   0.0000e+00   0.0000e+00   3.6696e+02
20200918_03:00:00   3.6639e+00   2.9792e+02   4.8868e+01   0.0000e+00   0.0000e+00   3.6251e+02
20200918_06:00:00   2.9608e+00   2.8838e+02   4.0777e+01   0.0000e+00   0.0000e+00   3.6308e+02
20200918_09:00:00   2.3628e+00   2.7738e+02   3.3887e+01   0.0000e+00   0.0000e+00   3.6064e+02
20200918_12:00:00   1.1843e+00   2.0788e+02   1.7951e+01   0.0000e+00   0.0000e+00   3.6566e+02
20200918_15:00:00   1.1034e+00   2.0453e+02   1.7495e+01   0.0000e+00   0.0000e+00   3.6348e+02
20200918_18:00:00   1.5233e+00   2.4151e+02   2.4550e+01   0.0000e+00   0.0000e+00   3.6310e+02
20200918_21:00:00   2.2139e+00   2.7590e+02   3.4227e+01   0.0000e+00   0.0000e+00   3.6205e+02
20200919_00:00:00   2.9848e+00   2.9341e+02   4.3151e+01   0.0000e+00   0.0000e+00   3.6091e+02
20200919_03:00:00   2.4551e+00   2.8188e+02   3.6425e+01   0.0000e+00   0.0000e+00   3.6160e+02
20200919_06:00:00   2.1557e+00   2.7195e+02   3.2647e+01   0.0000e+00   0.0000e+00   3.6124e+02
20200919_09:00:00   1.9219e+00   2.6224e+02   2.9667e+01   0.0000e+00   0.0000e+00   3.6017e+02
20200919_12:00:00   1.9134e+00   2.6110e+02   2.9414e+01   0.0000e+00   0.0000e+00   3.6014e+02
20200919_15:00:00   2.3715e+00   2.8044e+02   3.6052e+01   0.0000e+00   0.0000e+00   3.5826e+02
20200919_18:00:00   2.7118e+00   2.9026e+02   4.1104e+01   0.0000e+00   0.0000e+00   3.5749e+02
20200919_21:00:00   3.6209e+00   3.0216e+02   5.1658e+01   0.0000e+00   4.2998e-03   3.5049e+02
20200920_00:00:00   4.3385e+00   3.0506e+02   5.8216e+01   0.0000e+00   5.7722e-05   3.4846e+02
