#            date       tau255        Tb[K]      pwv[mm] lwp[kg*m^-2] iwp[kg*m^-2]       o3[DU]
20200810_00:00:00   4.0062e+00   3.0363e+02   5.4815e+01   0.0000e+00   5.2076e-03   3.1570e+02
20200810_01:00:00   3.7071e+00   3.0167e+02   5.1460e+01   0.0000e+00   8.4506e-03   3.1747e+02
20200810_02:00:00   3.4587e+00   2.9888e+02   4.8382e+01   0.0000e+00   5.8114e-03   3.1680e+02
20200810_03:00:00   3.2617e+00   2.9637e+02   4.5928e+01   0.0000e+00   5.8898e-03   3.1615e+02
20200810_04:00:00   2.9642e+00   2.9220e+02   4.2469e+01   0.0000e+00   3.7901e-03   3.1560e+02
20200810_05:00:00   2.6125e+00   2.8555e+02   3.8362e+01   0.0000e+00   5.7781e-03   3.1663e+02
20200810_06:00:00   2.4146e+00   2.8035e+02   3.5853e+01   0.0000e+00   1.6300e-02   3.1724e+02
20200810_07:00:00   2.1772e+00   2.7288e+02   3.2835e+01   0.0000e+00   1.8639e-02   3.2066e+02
20200810_08:00:00   1.8997e+00   2.6161e+02   2.9230e+01   0.0000e+00   6.1099e-03   3.2195e+02
20200810_09:00:00   1.8039e+00   2.5682e+02   2.7873e+01   0.0000e+00   3.8415e-03   3.2265e+02
20200810_10:00:00   1.7571e+00   2.5422e+02   2.7119e+01   0.0000e+00   3.5544e-03   3.2219e+02
20200810_11:00:00   1.8670e+00   2.5932e+02   2.8406e+01   0.0000e+00   6.9601e-03   3.2452e+02
20200810_12:00:00   1.8084e+00   2.5640e+02   2.7642e+01   0.0000e+00   1.2088e-02   3.2730e+02
20200810_13:00:00   1.8830e+00   2.6007e+02   2.8707e+01   0.0000e+00   8.0182e-03   3.2787e+02
20200810_14:00:00   2.0477e+00   2.6780e+02   3.0955e+01   0.0000e+00   1.4050e-02   3.2615e+02
20200810_15:00:00   2.2614e+00   2.7588e+02   3.3773e+01   0.0000e+00   2.1681e-02   3.2416e+02
20200810_16:00:00   2.2251e+00   2.7484e+02   3.3413e+01   0.0000e+00   2.4243e-02   3.2255e+02
20200810_17:00:00   2.0683e+00   2.6955e+02   3.1441e+01   0.0000e+00   2.2402e-02   3.2136e+02
20200810_18:00:00   1.9738e+00   2.6591e+02   3.0261e+01   0.0000e+00   1.9198e-02   3.2165e+02
20200810_19:00:00   2.0714e+00   2.6977e+02   3.1606e+01   0.0000e+00   1.7359e-02   3.2367e+02
20200810_20:00:00   2.2081e+00   2.7493e+02   3.3409e+01   0.0000e+00   2.0662e-02   3.2154e+02
20200810_21:00:00   2.3194e+00   2.7848e+02   3.4800e+01   0.0000e+00   1.0838e-02   3.2145e+02
20200810_22:00:00   2.5997e+00   2.8537e+02   3.8102e+01   0.0000e+00   9.3658e-03   3.2265e+02
20200810_23:00:00   2.6735e+00   2.8689e+02   3.8911e+01   0.0000e+00   1.4069e-02   3.2382e+02
20200811_00:00:00   2.5164e+00   2.8325e+02   3.6975e+01   0.0000e+00   1.1238e-02   3.2657e+02
20200811_01:00:00   2.3604e+00   2.7890e+02   3.5039e+01   0.0000e+00   1.4959e-02   3.2976e+02
20200811_02:00:00   2.2085e+00   2.7390e+02   3.3100e+01   0.0000e+00   6.7701e-03   3.3239e+02
20200811_03:00:00   2.1591e+00   2.7201e+02   3.2434e+01   0.0000e+00   4.9515e-03   3.3303e+02
20200811_04:00:00   2.2597e+00   2.7504e+02   3.3657e+01   0.0000e+00   8.1842e-04   3.3106e+02
20200811_05:00:00   2.2249e+00   2.7352e+02   3.3079e+01   0.0000e+00   1.9082e-06   3.3079e+02
20200811_06:00:00   2.0044e+00   2.6536e+02   3.0187e+01   0.0000e+00   2.4940e-05   3.3182e+02
20200811_07:00:00   2.0207e+00   2.6583e+02   3.0244e+01   0.0000e+00   7.4606e-04   3.3142e+02
20200811_08:00:00   2.0252e+00   2.6527e+02   3.0121e+01   0.0000e+00   2.1103e-03   3.2926e+02
20200811_09:00:00   1.9563e+00   2.6239e+02   2.9213e+01   0.0000e+00   2.9879e-03   3.2881e+02
20200811_10:00:00   1.9468e+00   2.6166e+02   2.9014e+01   0.0000e+00   7.5056e-03   3.2949e+02
20200811_11:00:00   1.8865e+00   2.5878e+02   2.8175e+01   0.0000e+00   1.9908e-02   3.3208e+02
20200811_12:00:00   1.8982e+00   2.5895e+02   2.8365e+01   0.0000e+00   5.0170e-02   3.3391e+02
20200811_13:00:00   2.0094e+00   2.6355e+02   2.9762e+01   0.0000e+00   7.6435e-02   3.3736e+02
20200811_14:00:00   2.1602e+00   2.6986e+02   3.1699e+01   0.0000e+00   6.2147e-02   3.3944e+02
20200811_15:00:00   2.2722e+00   2.7383e+02   3.3080e+01   0.0000e+00   2.7812e-02   3.4033e+02
20200811_16:00:00   2.3108e+00   2.7535e+02   3.3739e+01   0.0000e+00   2.0277e-02   3.4096e+02
20200811_17:00:00   2.2229e+00   2.7261e+02   3.2779e+01   0.0000e+00   1.6224e-02   3.4406e+02
20200811_18:00:00   2.1607e+00   2.7087e+02   3.2139e+01   0.0000e+00   1.6535e-02   3.4577e+02
20200811_19:00:00   2.3040e+00   2.7535e+02   3.3940e+01   0.0000e+00   1.3581e-02   3.4591e+02
20200811_20:00:00   2.6293e+00   2.8392e+02   3.7818e+01   0.0000e+00   1.4251e-02   3.4628e+02
20200811_21:00:00   3.0102e+00   2.9067e+02   4.1946e+01   0.0000e+00   1.0593e-02   3.4670e+02
20200811_22:00:00   3.3455e+00   2.9438e+02   4.5351e+01   0.0000e+00   2.0374e-03   3.4581e+02
20200811_23:00:00   3.7052e+00   2.9767e+02   4.8980e+01   0.0000e+00   3.5221e-03   3.4648e+02
20200812_00:00:00   3.7318e+00   2.9762e+02   4.9073e+01   0.0000e+00   7.3980e-04   3.4782e+02
20200812_01:00:00   3.8067e+00   2.9823e+02   4.9702e+01   0.0000e+00   5.8240e-04   3.4793e+02
20200812_02:00:00   3.7433e+00   2.9693e+02   4.8784e+01   0.0000e+00   0.0000e+00   3.4697e+02
20200812_03:00:00   3.5972e+00   2.9579e+02   4.7200e+01   0.0000e+00   0.0000e+00   3.4711e+02
20200812_04:00:00   3.4740e+00   2.9431e+02   4.5802e+01   0.0000e+00   4.2940e-06   3.4744e+02
20200812_05:00:00   3.3468e+00   2.9223e+02   4.4325e+01   0.0000e+00   0.0000e+00   3.4714e+02
20200812_06:00:00   3.4554e+00   2.9345e+02   4.5411e+01   0.0000e+00   0.0000e+00   3.4725e+02
20200812_07:00:00   3.4268e+00   2.9287e+02   4.4925e+01   0.0000e+00   0.0000e+00   3.4742e+02
20200812_08:00:00   3.3010e+00   2.9158e+02   4.3444e+01   0.0000e+00   0.0000e+00   3.4827e+02
20200812_09:00:00   3.1122e+00   2.8884e+02   4.1259e+01   0.0000e+00   0.0000e+00   3.5011e+02
20200812_10:00:00   2.8529e+00   2.8468e+02   3.8303e+01   0.0000e+00   0.0000e+00   3.5137e+02
20200812_11:00:00   2.7742e+00   2.8270e+02   3.7257e+01   0.0000e+00   0.0000e+00   3.5100e+02
20200812_12:00:00   2.7414e+00   2.8164e+02   3.6747e+01   0.0000e+00   0.0000e+00   3.5223e+02
20200812_13:00:00   2.7973e+00   2.8303e+02   3.7470e+01   0.0000e+00   0.0000e+00   3.5333e+02
20200812_14:00:00   3.0263e+00   2.8761e+02   4.0237e+01   0.0000e+00   0.0000e+00   3.5305e+02
20200812_15:00:00   3.3245e+00   2.9183e+02   4.3791e+01   0.0000e+00   0.0000e+00   3.5288e+02
20200812_16:00:00   3.4245e+00   2.9339e+02   4.5196e+01   0.0000e+00   0.0000e+00   3.5363e+02
20200812_17:00:00   3.3240e+00   2.9269e+02   4.4378e+01   0.0000e+00   0.0000e+00   3.5336e+02
20200812_18:00:00   3.1893e+00   2.9119e+02   4.3078e+01   0.0000e+00   0.0000e+00   3.5310e+02
20200812_19:00:00   3.0280e+00   2.8894e+02   4.1327e+01   0.0000e+00   0.0000e+00   3.5239e+02
20200812_20:00:00   3.0424e+00   2.8910e+02   4.1437e+01   0.0000e+00   0.0000e+00   3.5152e+02
20200812_21:00:00   3.4371e+00   2.9332e+02   4.5560e+01   0.0000e+00   0.0000e+00   3.4968e+02
20200812_22:00:00   4.0134e+00   2.9660e+02   5.1032e+01   0.0000e+00   0.0000e+00   3.4721e+02
20200812_23:00:00   4.2747e+00   2.9778e+02   5.3073e+01   0.0000e+00   0.0000e+00   3.4733e+02
20200813_00:00:00   4.1138e+00   2.9696e+02   5.1212e+01   0.0000e+00   0.0000e+00   3.4885e+02
20200813_01:00:00   4.0137e+00   2.9596e+02   4.9939e+01   0.0000e+00   1.2262e-03   3.5001e+02
20200813_02:00:00   3.6510e+00   2.9346e+02   4.6197e+01   0.0000e+00   1.7020e-03   3.5346e+02
20200813_03:00:00   3.3203e+00   2.9071e+02   4.2737e+01   0.0000e+00   8.5780e-04   3.5636e+02
20200813_04:00:00   2.9648e+00   2.8516e+02   3.8808e+01   0.0000e+00   1.7675e-03   3.5571e+02
20200813_05:00:00   2.8756e+00   2.8332e+02   3.7782e+01   0.0000e+00   2.3527e-03   3.5400e+02
20200813_06:00:00   2.7758e+00   2.8125e+02   3.6629e+01   0.0000e+00   4.3741e-03   3.5318e+02
20200813_07:00:00   2.3850e+00   2.7202e+02   3.2204e+01   0.0000e+00   4.6048e-03   3.5119e+02
20200813_08:00:00   2.2651e+00   2.6851e+02   3.0847e+01   0.0000e+00   3.8041e-03   3.5195e+02
20200813_09:00:00   2.3236e+00   2.7016e+02   3.1531e+01   0.0000e+00   1.0531e-03   3.5324e+02
20200813_10:00:00   2.2764e+00   2.6853e+02   3.0957e+01   0.0000e+00   6.6343e-05   3.5134e+02
20200813_11:00:00   2.0994e+00   2.6257e+02   2.8836e+01   0.0000e+00   0.0000e+00   3.5116e+02
20200813_12:00:00   2.0065e+00   2.5907e+02   2.7668e+01   0.0000e+00   0.0000e+00   3.5441e+02
20200813_13:00:00   2.0161e+00   2.5999e+02   2.7830e+01   0.0000e+00   0.0000e+00   3.5673e+02
20200813_14:00:00   1.9720e+00   2.5887e+02   2.7432e+01   0.0000e+00   0.0000e+00   3.5561e+02
20200813_15:00:00   2.0289e+00   2.6178e+02   2.8331e+01   0.0000e+00   0.0000e+00   3.5384e+02
20200813_16:00:00   2.0528e+00   2.6325e+02   2.8875e+01   0.0000e+00   0.0000e+00   3.5364e+02
20200813_17:00:00   2.1327e+00   2.6647e+02   3.0166e+01   0.0000e+00   0.0000e+00   3.5561e+02
20200813_18:00:00   2.1319e+00   2.6664e+02   3.0447e+01   0.0000e+00   0.0000e+00   3.5551e+02
20200813_19:00:00   2.0237e+00   2.6247e+02   2.9249e+01   0.0000e+00   0.0000e+00   3.5529e+02
20200813_20:00:00   2.1106e+00   2.6579e+02   3.0305e+01   0.0000e+00   0.0000e+00   3.5479e+02
20200813_21:00:00   2.4882e+00   2.7706e+02   3.4651e+01   0.0000e+00   0.0000e+00   3.5348e+02
20200813_22:00:00   2.9124e+00   2.8539e+02   3.9143e+01   0.0000e+00   0.0000e+00   3.5332e+02
20200813_23:00:00   3.3533e+00   2.9078e+02   4.3507e+01   0.0000e+00   0.0000e+00   3.5192e+02
20200814_00:00:00   3.3461e+00   2.9064e+02   4.3306e+01   0.0000e+00   0.0000e+00   3.5320e+02
20200814_01:00:00   3.4116e+00   2.9137e+02   4.3917e+01   0.0000e+00   0.0000e+00   3.5376e+02
20200814_02:00:00   3.2125e+00   2.8890e+02   4.1804e+01   0.0000e+00   0.0000e+00   3.5447e+02
20200814_03:00:00   3.1883e+00   2.8859e+02   4.1585e+01   0.0000e+00   0.0000e+00   3.5608e+02
20200814_04:00:00   3.0691e+00   2.8685e+02   4.0359e+01   0.0000e+00   0.0000e+00   3.5708e+02
20200814_05:00:00   3.1420e+00   2.8748e+02   4.1114e+01   0.0000e+00   0.0000e+00   3.5924e+02
20200814_06:00:00   3.0391e+00   2.8540e+02   3.9889e+01   0.0000e+00   0.0000e+00   3.6014e+02
20200814_07:00:00   2.8470e+00   2.8240e+02   3.7776e+01   0.0000e+00   0.0000e+00   3.6028e+02
20200814_08:00:00   2.6561e+00   2.7926e+02   3.5693e+01   0.0000e+00   0.0000e+00   3.5794e+02
20200814_09:00:00   2.5507e+00   2.7679e+02   3.4477e+01   0.0000e+00   0.0000e+00   3.5392e+02
20200814_10:00:00   2.3688e+00   2.7182e+02   3.2360e+01   0.0000e+00   0.0000e+00   3.5284e+02
20200814_11:00:00   2.1667e+00   2.6556e+02   3.0005e+01   0.0000e+00   0.0000e+00   3.5299e+02
20200814_12:00:00   1.9623e+00   2.5736e+02   2.7495e+01   0.0000e+00   0.0000e+00   3.5466e+02
20200814_13:00:00   1.8416e+00   2.5266e+02   2.6116e+01   0.0000e+00   0.0000e+00   3.5651e+02
20200814_14:00:00   1.8252e+00   2.5268e+02   2.6147e+01   0.0000e+00   0.0000e+00   3.5680e+02
20200814_15:00:00   1.9167e+00   2.5716e+02   2.7537e+01   0.0000e+00   0.0000e+00   3.5652e+02
20200814_16:00:00   1.9567e+00   2.5916e+02   2.8344e+01   0.0000e+00   0.0000e+00   3.5544e+02
20200814_17:00:00   1.9990e+00   2.6114e+02   2.9133e+01   0.0000e+00   0.0000e+00   3.5428e+02
20200814_18:00:00   1.9777e+00   2.6015e+02   2.9063e+01   0.0000e+00   0.0000e+00   3.5469e+02
20200814_19:00:00   1.9292e+00   2.5821e+02   2.8509e+01   0.0000e+00   0.0000e+00   3.5726e+02
20200814_20:00:00   1.9119e+00   2.5739e+02   2.8223e+01   0.0000e+00   0.0000e+00   3.5867e+02
20200814_21:00:00   2.0724e+00   2.6365e+02   3.0013e+01   0.0000e+00   0.0000e+00   3.6005e+02
20200814_22:00:00   2.4024e+00   2.7467e+02   3.3747e+01   0.0000e+00   0.0000e+00   3.6110e+02
20200814_23:00:00   2.7496e+00   2.8198e+02   3.7337e+01   0.0000e+00   0.0000e+00   3.6027e+02
20200815_00:00:00   2.6961e+00   2.8076e+02   3.6498e+01   0.0000e+00   0.0000e+00   3.6233e+02
20200815_03:00:00   2.5086e+00   2.7575e+02   3.4067e+01   0.0000e+00   0.0000e+00   3.6643e+02
20200815_06:00:00   2.2197e+00   2.6710e+02   3.0499e+01   0.0000e+00   1.0647e-03   3.6225e+02
20200815_09:00:00   1.8920e+00   2.5404e+02   2.6736e+01   0.0000e+00   3.5339e-03   3.6342e+02
20200815_12:00:00   1.9134e+00   2.5396e+02   2.6787e+01   0.0000e+00   6.9703e-03   3.5428e+02
20200815_15:00:00   2.0754e+00   2.6145e+02   2.8966e+01   0.0000e+00   5.4632e-03   3.5098e+02
20200815_18:00:00   1.6767e+00   2.4329e+02   2.4344e+01   0.0000e+00   3.2661e-03   3.4941e+02
20200815_21:00:00   2.0217e+00   2.5922e+02   2.8412e+01   0.0000e+00   3.1941e-03   3.5367e+02
20200816_00:00:00   3.4744e+00   2.8837e+02   4.3490e+01   0.0000e+00   6.2998e-06   3.5515e+02
20200816_03:00:00   3.6884e+00   2.8890e+02   4.4971e+01   3.1220e-03   0.0000e+00   3.6236e+02
20200816_06:00:00   3.4432e+00   2.8558e+02   4.2261e+01   1.2674e-02   2.2035e-03   3.6637e+02
20200816_09:00:00   3.6842e+00   2.8682e+02   4.3610e+01   4.3131e-02   3.0310e-04   3.7150e+02
20200816_12:00:00   3.4364e+00   2.8424e+02   4.1489e+01   1.5114e-02   3.3723e-05   3.8383e+02
20200816_15:00:00   3.3576e+00   2.8401e+02   3.9749e+01   6.7409e-02   1.8764e-04   3.9792e+02
20200816_18:00:00   3.4556e+00   2.8517e+02   4.0215e+01   1.0818e-01   1.9753e-03   3.9774e+02
20200816_21:00:00   3.9147e+00   2.8761e+02   4.4399e+01   1.0641e-01   7.3445e-03   3.9468e+02
20200817_00:00:00   4.1260e+00   2.8877e+02   4.6959e+01   6.6145e-02   1.0333e-02   3.8673e+02
20200817_03:00:00   4.1787e+00   2.8880e+02   4.7566e+01   5.4725e-02   1.4780e-02   3.8935e+02
20200817_06:00:00   4.6095e+00   2.8885e+02   4.6708e+01   2.7206e-01   6.2937e-02   3.8785e+02
20200817_09:00:00   4.2899e+00   2.8710e+02   4.5234e+01   1.7718e-01   1.3042e-01   3.8944e+02
20200817_12:00:00   4.1822e+00   2.8608e+02   4.3787e+01   1.7784e-01   1.4378e-01   3.9035e+02
20200817_15:00:00   3.4123e+00   2.8140e+02   4.0494e+01   3.8788e-03   3.2126e-02   3.8750e+02
20200817_18:00:00   2.9277e+00   2.7667e+02   3.6186e+01   5.6172e-03   1.0925e-03   3.8296e+02
20200817_21:00:00   2.7540e+00   2.7406e+02   3.4861e+01   3.0882e-03   9.3259e-04   3.8038e+02
20200818_00:00:00   2.8474e+00   2.7569e+02   3.5425e+01   0.0000e+00   0.0000e+00   3.7827e+02
20200818_03:00:00   2.2278e+00   2.6111e+02   2.8644e+01   0.0000e+00   0.0000e+00   3.8080e+02
20200818_06:00:00   1.5982e+00   2.3385e+02   2.1452e+01   0.0000e+00   0.0000e+00   3.8088e+02
20200818_09:00:00   1.4021e+00   2.2094e+02   1.9157e+01   0.0000e+00   0.0000e+00   3.8196e+02
20200818_12:00:00   1.2752e+00   2.1110e+02   1.7604e+01   0.0000e+00   0.0000e+00   3.8683e+02
20200818_15:00:00   1.6560e+00   2.3821e+02   2.2643e+01   0.0000e+00   0.0000e+00   3.8458e+02
20200818_18:00:00   1.8650e+00   2.4985e+02   2.5737e+01   0.0000e+00   0.0000e+00   3.7761e+02
20200818_21:00:00   2.1583e+00   2.6215e+02   2.9217e+01   0.0000e+00   0.0000e+00   3.7656e+02
20200819_00:00:00   2.8745e+00   2.7876e+02   3.6461e+01   0.0000e+00   0.0000e+00   3.8045e+02
20200819_03:00:00   2.5585e+00   2.7160e+02   3.2698e+01   0.0000e+00   0.0000e+00   3.8425e+02
20200819_06:00:00   2.2972e+00   2.6484e+02   2.9778e+01   0.0000e+00   0.0000e+00   3.8620e+02
20200819_09:00:00   1.8991e+00   2.5095e+02   2.5319e+01   0.0000e+00   0.0000e+00   3.8195e+02
20200819_12:00:00   1.4119e+00   2.2270e+02   1.9334e+01   0.0000e+00   0.0000e+00   3.7703e+02
20200819_15:00:00   1.4983e+00   2.3115e+02   2.0841e+01   0.0000e+00   0.0000e+00   3.7261e+02
20200819_18:00:00   1.4016e+00   2.2572e+02   2.0168e+01   0.0000e+00   0.0000e+00   3.6671e+02
20200819_21:00:00   1.6346e+00   2.4171e+02   2.3497e+01   0.0000e+00   0.0000e+00   3.6176e+02
20200820_00:00:00   1.6798e+00   2.4420e+02   2.3741e+01   0.0000e+00   0.0000e+00   3.5750e+02
20200820_03:00:00   1.0520e+00   1.9581e+02   1.5448e+01   0.0000e+00   0.0000e+00   3.5921e+02
20200820_06:00:00   8.1099e-01   1.6760e+02   1.2069e+01   0.0000e+00   0.0000e+00   3.5907e+02
20200820_09:00:00   5.9535e-01   1.3601e+02   8.9364e+00   0.0000e+00   0.0000e+00   3.5797e+02
20200820_12:00:00   4.4631e-01   1.0980e+02   6.7184e+00   0.0000e+00   0.0000e+00   3.5917e+02
20200820_15:00:00   5.9109e-01   1.3632e+02   9.0252e+00   0.0000e+00   0.0000e+00   3.5608e+02
20200820_18:00:00   6.9297e-01   1.5294e+02   1.0790e+01   0.0000e+00   0.0000e+00   3.5448e+02
20200820_21:00:00   8.2970e-01   1.7235e+02   1.2962e+01   0.0000e+00   0.0000e+00   3.5142e+02
20200821_00:00:00   1.0825e+00   2.0145e+02   1.6408e+01   0.0000e+00   0.0000e+00   3.4944e+02
20200821_03:00:00   8.5003e-01   1.7483e+02   1.2971e+01   0.0000e+00   0.0000e+00   3.4883e+02
20200821_06:00:00   7.5839e-01   1.6228e+02   1.1613e+01   0.0000e+00   0.0000e+00   3.4797e+02
20200821_09:00:00   7.5012e-01   1.6040e+02   1.1469e+01   0.0000e+00   0.0000e+00   3.4553e+02
20200821_12:00:00   8.0133e-01   1.6685e+02   1.2226e+01   0.0000e+00   0.0000e+00   3.4661e+02
20200821_15:00:00   9.7617e-01   1.8950e+02   1.5002e+01   0.0000e+00   0.0000e+00   3.4496e+02
20200821_18:00:00   1.2663e+00   2.1846e+02   1.9741e+01   0.0000e+00   0.0000e+00   3.4291e+02
20200821_21:00:00   2.4355e+00   2.7721e+02   3.4609e+01   0.0000e+00   0.0000e+00   3.4246e+02
20200822_00:00:00   3.2330e+00   2.9033e+02   4.2382e+01   0.0000e+00   0.0000e+00   3.4708e+02
20200822_03:00:00   2.8254e+00   2.8400e+02   3.7669e+01   0.0000e+00   0.0000e+00   3.5102e+02
20200822_06:00:00   2.7326e+00   2.8078e+02   3.6243e+01   0.0000e+00   0.0000e+00   3.5220e+02
20200822_09:00:00   2.3087e+00   2.7002e+02   3.1272e+01   0.0000e+00   0.0000e+00   3.5488e+02
20200822_12:00:00   2.2322e+00   2.6953e+02   3.0691e+01   0.0000e+00   0.0000e+00   3.5758e+02
20200822_15:00:00   1.8186e+00   2.5185e+02   2.5693e+01   0.0000e+00   0.0000e+00   3.5318e+02
20200822_18:00:00   1.7447e+00   2.4935e+02   2.5454e+01   0.0000e+00   0.0000e+00   3.4997e+02
20200822_21:00:00   1.8176e+00   2.5409e+02   2.6590e+01   0.0000e+00   0.0000e+00   3.4674e+02
20200823_00:00:00   2.5757e+00   2.7919e+02   3.5238e+01   0.0000e+00   0.0000e+00   3.4579e+02
20200823_03:00:00   2.4957e+00   2.7677e+02   3.4146e+01   0.0000e+00   0.0000e+00   3.5093e+02
20200823_06:00:00   1.8801e+00   2.5536e+02   2.6831e+01   0.0000e+00   0.0000e+00   3.5491e+02
20200823_09:00:00   1.5873e+00   2.3973e+02   2.3359e+01   0.0000e+00   0.0000e+00   3.5530e+02
20200823_12:00:00   1.6581e+00   2.4355e+02   2.4268e+01   0.0000e+00   0.0000e+00   3.5635e+02
20200823_15:00:00   1.9769e+00   2.6078e+02   2.8796e+01   0.0000e+00   0.0000e+00   3.5816e+02
20200823_18:00:00   2.0617e+00   2.6538e+02   3.0395e+01   0.0000e+00   0.0000e+00   3.5511e+02
20200823_21:00:00   2.3914e+00   2.7542e+02   3.3729e+01   0.0000e+00   0.0000e+00   3.5172e+02
20200824_00:00:00   3.5340e+00   2.9234e+02   4.5372e+01   0.0000e+00   2.2595e-04   3.5049e+02
20200824_03:00:00   3.4967e+00   2.9094e+02   4.4455e+01   0.0000e+00   0.0000e+00   3.5160e+02
20200824_06:00:00   3.4274e+00   2.8850e+02   4.3149e+01   8.1740e-04   0.0000e+00   3.5168e+02
20200824_09:00:00   3.1593e+00   2.8439e+02   3.9942e+01   1.1606e-02   0.0000e+00   3.4997e+02
20200824_12:00:00   2.8436e+00   2.8036e+02   3.7093e+01   1.3078e-03   0.0000e+00   3.4722e+02
20200824_15:00:00   2.7954e+00   2.8162e+02   3.7593e+01   0.0000e+00   0.0000e+00   3.4501e+02
20200824_18:00:00   2.2776e+00   2.6992e+02   3.2228e+01   0.0000e+00   8.3625e-03   3.4516e+02
20200824_21:00:00   2.5603e+00   2.7734e+02   3.5558e+01   0.0000e+00   1.1540e-02   3.4512e+02
20200825_00:00:00   3.5278e+00   2.8953e+02   4.5199e+01   0.0000e+00   1.4494e-02   3.4276e+02
20200825_03:00:00   3.5028e+00   2.8902e+02   4.4895e+01   0.0000e+00   1.1288e-02   3.4299e+02
20200825_06:00:00   3.3496e+00   2.8740e+02   4.2943e+01   0.0000e+00   1.3960e-02   3.4312e+02
20200825_09:00:00   3.4617e+00   2.8776e+02   4.3751e+01   0.0000e+00   2.4785e-02   3.4283e+02
20200825_12:00:00   3.5080e+00   2.8750e+02   4.3918e+01   0.0000e+00   2.4991e-02   3.4884e+02
20200825_15:00:00   3.0787e+00   2.8409e+02   4.0071e+01   0.0000e+00   7.3551e-02   3.5251e+02
20200825_18:00:00   2.9182e+00   2.8258e+02   3.8920e+01   0.0000e+00   8.3272e-02   3.5211e+02
20200825_21:00:00   3.1913e+00   2.8653e+02   4.1794e+01   0.0000e+00   6.9235e-02   3.5150e+02
20200826_00:00:00   3.5336e+00   2.8862e+02   4.4387e+01   0.0000e+00   1.8729e-02   3.5813e+02
