#            date       tau255        Tb[K]      pwv[mm] lwp[kg*m^-2] iwp[kg*m^-2]       o3[DU]
20220117_18:00:00   4.6160e+00   3.1031e+02   6.4726e+01   0.0000e+00   0.0000e+00   2.7976e+02
20220117_19:00:00   4.5325e+00   3.1016e+02   6.3859e+01   0.0000e+00   0.0000e+00   2.8236e+02
20220117_20:00:00   4.6099e+00   3.1016e+02   6.4414e+01   0.0000e+00   0.0000e+00   2.8433e+02
20220117_21:00:00   4.8675e+00   3.1031e+02   6.6748e+01   0.0000e+00   0.0000e+00   2.8416e+02
20220117_22:00:00   5.0537e+00   3.1018e+02   6.7983e+01   0.0000e+00   0.0000e+00   2.8101e+02
20220117_23:00:00   5.2986e+00   3.0965e+02   6.9733e+01   0.0000e+00   0.0000e+00   2.7735e+02
20220118_00:00:00   5.7203e+00   3.0879e+02   7.3003e+01   0.0000e+00   0.0000e+00   2.7622e+02
20220118_01:00:00   5.8935e+00   3.0847e+02   7.4353e+01   0.0000e+00   0.0000e+00   2.7547e+02
20220118_02:00:00   5.9477e+00   3.0805e+02   7.4684e+01   0.0000e+00   0.0000e+00   2.7603e+02
20220118_03:00:00   5.9772e+00   3.0789e+02   7.4868e+01   0.0000e+00   0.0000e+00   2.7754e+02
20220118_04:00:00   5.8968e+00   3.0798e+02   7.4165e+01   0.0000e+00   0.0000e+00   2.7493e+02
20220118_05:00:00   5.9743e+00   3.0785e+02   7.4975e+01   0.0000e+00   0.0000e+00   2.7463e+02
20220118_06:00:00   5.9264e+00   3.0789e+02   7.4719e+01   0.0000e+00   0.0000e+00   2.7289e+02
20220118_07:00:00   5.9563e+00   3.0761e+02   7.5011e+01   0.0000e+00   0.0000e+00   2.7261e+02
20220118_08:00:00   6.0152e+00   3.0750e+02   7.5726e+01   0.0000e+00   0.0000e+00   2.7792e+02
20220118_09:00:00   6.0333e+00   3.0749e+02   7.5987e+01   0.0000e+00   0.0000e+00   2.7897e+02
20220118_10:00:00   6.0839e+00   3.0704e+02   7.6181e+01   0.0000e+00   0.0000e+00   2.7788e+02
20220118_11:00:00   6.0193e+00   3.0743e+02   7.5774e+01   0.0000e+00   0.0000e+00   2.7453e+02
20220118_12:00:00   5.8680e+00   3.0812e+02   7.4928e+01   0.0000e+00   0.0000e+00   2.7713e+02
20220118_13:00:00   5.5710e+00   3.0887e+02   7.2643e+01   0.0000e+00   0.0000e+00   2.7818e+02
20220118_14:00:00   5.2434e+00   3.0929e+02   6.9998e+01   0.0000e+00   0.0000e+00   2.7885e+02
20220118_15:00:00   4.9317e+00   3.0977e+02   6.7329e+01   0.0000e+00   0.0000e+00   2.7627e+02
20220118_16:00:00   4.6117e+00   3.0970e+02   6.4507e+01   0.0000e+00   0.0000e+00   2.7584e+02
20220118_17:00:00   4.5240e+00   3.1024e+02   6.4562e+01   0.0000e+00   0.0000e+00   2.7555e+02
20220118_18:00:00   4.5912e+00   3.1063e+02   6.5788e+01   0.0000e+00   0.0000e+00   2.7703e+02
20220118_19:00:00   4.6378e+00   3.1062e+02   6.5986e+01   0.0000e+00   0.0000e+00   2.7882e+02
20220118_20:00:00   4.7352e+00   3.1077e+02   6.6672e+01   0.0000e+00   0.0000e+00   2.7896e+02
20220118_21:00:00   4.8797e+00   3.1088e+02   6.7765e+01   0.0000e+00   0.0000e+00   2.7916e+02
20220118_22:00:00   5.1003e+00   3.1058e+02   6.9388e+01   0.0000e+00   0.0000e+00   2.7851e+02
20220118_23:00:00   5.3274e+00   3.0964e+02   7.0801e+01   0.0000e+00   0.0000e+00   2.7402e+02
20220119_00:00:00   5.5458e+00   3.0854e+02   7.1862e+01   0.0000e+00   0.0000e+00   2.7220e+02
20220119_01:00:00   5.5235e+00   3.0804e+02   7.1149e+01   0.0000e+00   0.0000e+00   2.7113e+02
20220119_02:00:00   5.5017e+00   3.0779e+02   7.0728e+01   0.0000e+00   0.0000e+00   2.7026e+02
20220119_03:00:00   5.4710e+00   3.0754e+02   7.0340e+01   0.0000e+00   0.0000e+00   2.6812e+02
20220119_04:00:00   5.4086e+00   3.0761e+02   6.9897e+01   0.0000e+00   0.0000e+00   2.6792e+02
20220119_05:00:00   5.3984e+00   3.0758e+02   7.0116e+01   0.0000e+00   0.0000e+00   2.6688e+02
20220119_06:00:00   5.5219e+00   3.0748e+02   7.1454e+01   0.0000e+00   0.0000e+00   2.6739e+02
20220119_07:00:00   5.4628e+00   3.0743e+02   7.1215e+01   0.0000e+00   0.0000e+00   2.6847e+02
20220119_08:00:00   5.4449e+00   3.0729e+02   7.1229e+01   0.0000e+00   0.0000e+00   2.6824e+02
20220119_09:00:00   5.4872e+00   3.0724e+02   7.1706e+01   0.0000e+00   0.0000e+00   2.6800e+02
20220119_10:00:00   5.5422e+00   3.0724e+02   7.2273e+01   0.0000e+00   0.0000e+00   2.6982e+02
20220119_11:00:00   5.5742e+00   3.0756e+02   7.2866e+01   0.0000e+00   0.0000e+00   2.6970e+02
20220119_12:00:00   5.4031e+00   3.0861e+02   7.1905e+01   0.0000e+00   0.0000e+00   2.6770e+02
20220119_13:00:00   5.2303e+00   3.0958e+02   7.0903e+01   0.0000e+00   0.0000e+00   2.6676e+02
20220119_14:00:00   5.0545e+00   3.1019e+02   6.9767e+01   0.0000e+00   1.4352e-05   2.6790e+02
20220119_15:00:00   4.9289e+00   3.1084e+02   6.9182e+01   2.3860e-06   4.0407e-05   2.7041e+02
20220119_16:00:00   4.8375e+00   3.1145e+02   6.8772e+01   0.0000e+00   2.6987e-05   2.6969e+02
20220119_17:00:00   4.6062e+00   3.1171e+02   6.6765e+01   0.0000e+00   1.8196e-06   2.6830e+02
20220119_18:00:00   4.4772e+00   3.1167e+02   6.5713e+01   0.0000e+00   0.0000e+00   2.6717e+02
20220119_19:00:00   4.5226e+00   3.1182e+02   6.6251e+01   0.0000e+00   0.0000e+00   2.6629e+02
20220119_20:00:00   4.5521e+00   3.1166e+02   6.6459e+01   0.0000e+00   0.0000e+00   2.6634e+02
20220119_21:00:00   4.7217e+00   3.1164e+02   6.7932e+01   0.0000e+00   0.0000e+00   2.6415e+02
20220119_22:00:00   4.9482e+00   3.1153e+02   6.9881e+01   0.0000e+00   0.0000e+00   2.6496e+02
20220119_23:00:00   5.1748e+00   3.1088e+02   7.1614e+01   0.0000e+00   0.0000e+00   2.6357e+02
20220120_00:00:00   5.3184e+00   3.1025e+02   7.2548e+01   0.0000e+00   0.0000e+00   2.6346e+02
20220120_01:00:00   5.3378e+00   3.0972e+02   7.2396e+01   0.0000e+00   0.0000e+00   2.6370e+02
20220120_02:00:00   5.3186e+00   3.0939e+02   7.1976e+01   0.0000e+00   0.0000e+00   2.6396e+02
20220120_03:00:00   5.2975e+00   3.0938e+02   7.1662e+01   0.0000e+00   0.0000e+00   2.6614e+02
20220120_04:00:00   5.2474e+00   3.0937e+02   7.1130e+01   0.0000e+00   0.0000e+00   2.6667e+02
20220120_05:00:00   5.1891e+00   3.0929e+02   7.0564e+01   0.0000e+00   0.0000e+00   2.6876e+02
20220120_06:00:00   5.1128e+00   3.0921e+02   6.9784e+01   0.0000e+00   0.0000e+00   2.6867e+02
20220120_07:00:00   5.1817e+00   3.0901e+02   7.0283e+01   0.0000e+00   0.0000e+00   2.6638e+02
20220120_08:00:00   5.0622e+00   3.0868e+02   6.9000e+01   0.0000e+00   0.0000e+00   2.6722e+02
20220120_09:00:00   4.9967e+00   3.0849e+02   6.8258e+01   0.0000e+00   0.0000e+00   2.6788e+02
20220120_10:00:00   5.0459e+00   3.0825e+02   6.8595e+01   0.0000e+00   0.0000e+00   2.6693e+02
20220120_11:00:00   5.0167e+00   3.0845e+02   6.8282e+01   0.0000e+00   0.0000e+00   2.6716e+02
20220120_12:00:00   4.9553e+00   3.0928e+02   6.7993e+01   0.0000e+00   0.0000e+00   2.6570e+02
20220120_13:00:00   4.8743e+00   3.0997e+02   6.7511e+01   0.0000e+00   0.0000e+00   2.6477e+02
20220120_14:00:00   4.7538e+00   3.1065e+02   6.6637e+01   0.0000e+00   0.0000e+00   2.6331e+02
20220120_15:00:00   4.6423e+00   3.1111e+02   6.5742e+01   0.0000e+00   0.0000e+00   2.6356e+02
20220120_16:00:00   4.5791e+00   3.1160e+02   6.5413e+01   0.0000e+00   0.0000e+00   2.6414e+02
20220120_17:00:00   4.5210e+00   3.1215e+02   6.5130e+01   0.0000e+00   0.0000e+00   2.6549e+02
20220120_18:00:00   4.5541e+00   3.1267e+02   6.5776e+01   0.0000e+00   0.0000e+00   2.6646e+02
20220120_19:00:00   4.6549e+00   3.1299e+02   6.6902e+01   0.0000e+00   0.0000e+00   2.6731e+02
20220120_20:00:00   4.7186e+00   3.1303e+02   6.7597e+01   0.0000e+00   0.0000e+00   2.6643e+02
20220120_21:00:00   4.7961e+00   3.1285e+02   6.8157e+01   0.0000e+00   0.0000e+00   2.6521e+02
20220120_22:00:00   4.8523e+00   3.1223e+02   6.8212e+01   0.0000e+00   0.0000e+00   2.6509e+02
20220120_23:00:00   4.9719e+00   3.1175e+02   6.8826e+01   0.0000e+00   0.0000e+00   2.6583e+02
20220121_00:00:00   5.1748e+00   3.1096e+02   7.0028e+01   0.0000e+00   0.0000e+00   2.6520e+02
20220121_01:00:00   5.2600e+00   3.1032e+02   7.0236e+01   0.0000e+00   0.0000e+00   2.6553e+02
20220121_02:00:00   5.2048e+00   3.1023e+02   6.9339e+01   0.0000e+00   0.0000e+00   2.6581e+02
20220121_03:00:00   5.1391e+00   3.0988e+02   6.8450e+01   0.0000e+00   0.0000e+00   2.6544e+02
20220121_04:00:00   5.0568e+00   3.0980e+02   6.7554e+01   0.0000e+00   0.0000e+00   2.6513e+02
20220121_05:00:00   4.9418e+00   3.0968e+02   6.6327e+01   0.0000e+00   0.0000e+00   2.6537e+02
20220121_06:00:00   4.7767e+00   3.0926e+02   6.4532e+01   0.0000e+00   4.7700e-07   2.6603e+02
20220121_07:00:00   4.6307e+00   3.0854e+02   6.2783e+01   0.0000e+00   2.8200e-04   2.6627e+02
20220121_08:00:00   4.4630e+00   3.0776e+02   6.0823e+01   0.0000e+00   0.0000e+00   2.6639e+02
20220121_09:00:00   4.3447e+00   3.0701e+02   5.9417e+01   0.0000e+00   0.0000e+00   2.6625e+02
20220121_10:00:00   4.2084e+00   3.0624e+02   5.7849e+01   0.0000e+00   0.0000e+00   2.6834e+02
20220121_11:00:00   4.1284e+00   3.0582e+02   5.6931e+01   0.0000e+00   0.0000e+00   2.6921e+02
20220121_12:00:00   4.0099e+00   3.0638e+02   5.6080e+01   0.0000e+00   0.0000e+00   2.6932e+02
20220121_13:00:00   3.9474e+00   3.0700e+02   5.5843e+01   0.0000e+00   0.0000e+00   2.6917e+02
20220121_14:00:00   3.8494e+00   3.0731e+02   5.5247e+01   0.0000e+00   0.0000e+00   2.6820e+02
20220121_15:00:00   3.5547e+00   3.0560e+02   5.2483e+01   0.0000e+00   0.0000e+00   2.6726e+02
20220121_16:00:00   3.3603e+00   3.0409e+02   5.0629e+01   0.0000e+00   0.0000e+00   2.6689e+02
20220121_17:00:00   3.4412e+00   3.0528e+02   5.2111e+01   0.0000e+00   0.0000e+00   2.6581e+02
20220121_18:00:00   3.6345e+00   3.0732e+02   5.4801e+01   0.0000e+00   0.0000e+00   2.6530e+02
20220121_19:00:00   3.8032e+00   3.0836e+02   5.6873e+01   0.0000e+00   0.0000e+00   2.6412e+02
20220121_20:00:00   3.8106e+00   3.0771e+02   5.6703e+01   0.0000e+00   0.0000e+00   2.6325e+02
20220121_21:00:00   3.7578e+00   3.0664e+02   5.5697e+01   0.0000e+00   0.0000e+00   2.6306e+02
20220121_22:00:00   3.7827e+00   3.0588e+02   5.5415e+01   0.0000e+00   0.0000e+00   2.6360e+02
20220121_23:00:00   3.8607e+00   3.0571e+02   5.5845e+01   0.0000e+00   0.0000e+00   2.6403e+02
20220122_00:00:00   3.9920e+00   3.0529e+02   5.6615e+01   0.0000e+00   0.0000e+00   2.6433e+02
20220122_01:00:00   4.1350e+00   3.0532e+02   5.7586e+01   0.0000e+00   0.0000e+00   2.6484e+02
20220122_02:00:00   4.1766e+00   3.0548e+02   5.7818e+01   0.0000e+00   0.0000e+00   2.6514e+02
20220122_03:00:00   4.1601e+00   3.0532e+02   5.7447e+01   0.0000e+00   0.0000e+00   2.6368e+02
20220122_04:00:00   4.1055e+00   3.0501e+02   5.6761e+01   0.0000e+00   0.0000e+00   2.6503e+02
20220122_05:00:00   4.0891e+00   3.0482e+02   5.6461e+01   0.0000e+00   0.0000e+00   2.6465e+02
20220122_06:00:00   4.0506e+00   3.0423e+02   5.5795e+01   0.0000e+00   0.0000e+00   2.6563e+02
20220122_07:00:00   4.0650e+00   3.0355e+02   5.5580e+01   0.0000e+00   0.0000e+00   2.6695e+02
20220122_08:00:00   4.0316e+00   3.0344e+02   5.5166e+01   0.0000e+00   0.0000e+00   2.6841e+02
20220122_09:00:00   4.0000e+00   3.0332e+02   5.4768e+01   0.0000e+00   0.0000e+00   2.7040e+02
20220122_10:00:00   3.9414e+00   3.0316e+02   5.4141e+01   0.0000e+00   0.0000e+00   2.7204e+02
20220122_11:00:00   3.8912e+00   3.0328e+02   5.3654e+01   0.0000e+00   0.0000e+00   2.7190e+02
20220122_12:00:00   3.7071e+00   3.0315e+02   5.2060e+01   0.0000e+00   0.0000e+00   2.7279e+02
20220122_13:00:00   3.5204e+00   3.0234e+02   5.0295e+01   0.0000e+00   0.0000e+00   2.7322e+02
20220122_14:00:00   3.3240e+00   3.0112e+02   4.8303e+01   0.0000e+00   0.0000e+00   2.7294e+02
20220122_15:00:00   3.0868e+00   2.9886e+02   4.5899e+01   0.0000e+00   0.0000e+00   2.7138e+02
20220122_16:00:00   2.8560e+00   2.9545e+02   4.3441e+01   0.0000e+00   0.0000e+00   2.7104e+02
20220122_17:00:00   2.8131e+00   2.9482e+02   4.3189e+01   0.0000e+00   0.0000e+00   2.7091e+02
20220122_18:00:00   2.9182e+00   2.9699e+02   4.4735e+01   0.0000e+00   0.0000e+00   2.7244e+02
20220122_21:00:00   3.4428e+00   3.0384e+02   5.1278e+01   0.0000e+00   0.0000e+00   2.7533e+02
20220123_00:00:00   3.8812e+00   3.0413e+02   5.4643e+01   0.0000e+00   0.0000e+00   2.7252e+02
20220123_03:00:00   3.8816e+00   3.0342e+02   5.4004e+01   0.0000e+00   0.0000e+00   2.7203e+02
20220123_06:00:00   3.9262e+00   3.0367e+02   5.4526e+01   0.0000e+00   0.0000e+00   2.7329e+02
20220123_09:00:00   4.0450e+00   3.0379e+02   5.5546e+01   0.0000e+00   0.0000e+00   2.7448e+02
20220123_12:00:00   3.9180e+00   3.0410e+02   5.4441e+01   0.0000e+00   0.0000e+00   2.7656e+02
20220123_15:00:00   3.6218e+00   3.0442e+02   5.2282e+01   0.0000e+00   0.0000e+00   2.7609e+02
20220123_18:00:00   3.6919e+00   3.0670e+02   5.4498e+01   0.0000e+00   0.0000e+00   2.7367e+02
20220123_21:00:00   4.7019e+00   3.1137e+02   6.6003e+01   0.0000e+00   0.0000e+00   2.7342e+02
20220124_00:00:00   5.2901e+00   3.0926e+02   7.0164e+01   0.0000e+00   0.0000e+00   2.7441e+02
20220124_03:00:00   5.6063e+00   3.0855e+02   7.2132e+01   0.0000e+00   0.0000e+00   2.7191e+02
20220124_06:00:00   5.6474e+00   3.0807e+02   7.2165e+01   0.0000e+00   0.0000e+00   2.6983e+02
20220124_09:00:00   5.4570e+00   3.0766e+02   6.9912e+01   0.0000e+00   1.3078e-05   2.7146e+02
20220124_12:00:00   5.0498e+00   3.0858e+02   6.6400e+01   0.0000e+00   0.0000e+00   2.7314e+02
20220124_15:00:00   4.8130e+00   3.1117e+02   6.5795e+01   0.0000e+00   0.0000e+00   2.7315e+02
20220124_18:00:00   4.5814e+00   3.1241e+02   6.5549e+01   1.1677e-04   2.5480e-06   2.7327e+02
20220124_21:00:00   5.3947e+00   3.1312e+02   7.4095e+01   3.5476e-04   5.8218e-06   2.7120e+02
20220125_00:00:00   6.0619e+00   3.1106e+02   7.8533e+01   0.0000e+00   0.0000e+00   2.7073e+02
20220125_03:00:00   6.1230e+00   3.0991e+02   7.7995e+01   0.0000e+00   0.0000e+00   2.6903e+02
20220125_06:00:00   5.7242e+00   3.0989e+02   7.3981e+01   0.0000e+00   0.0000e+00   2.6875e+02
20220125_09:00:00   5.4823e+00   3.0919e+02   7.1084e+01   0.0000e+00   0.0000e+00   2.6952e+02
20220125_12:00:00   5.1080e+00   3.0970e+02   6.7879e+01   0.0000e+00   0.0000e+00   2.7047e+02
20220125_15:00:00   4.6485e+00   3.1173e+02   6.4848e+01   0.0000e+00   0.0000e+00   2.6939e+02
20220125_18:00:00   4.2925e+00   3.1211e+02   6.2849e+01   0.0000e+00   0.0000e+00   2.6680e+02
20220125_21:00:00   5.1155e+00   3.1411e+02   7.1827e+01   0.0000e+00   0.0000e+00   2.6996e+02
20220126_00:00:00   5.8787e+00   3.1191e+02   7.7108e+01   0.0000e+00   0.0000e+00   2.6773e+02
20220126_03:00:00   5.8145e+00   3.1102e+02   7.5172e+01   0.0000e+00   0.0000e+00   2.6702e+02
20220126_06:00:00   5.5022e+00   3.1080e+02   7.1955e+01   0.0000e+00   0.0000e+00   2.7020e+02
20220126_09:00:00   5.2143e+00   3.0983e+02   6.8741e+01   0.0000e+00   0.0000e+00   2.7103e+02
20220126_12:00:00   4.8067e+00   3.0994e+02   6.4907e+01   0.0000e+00   0.0000e+00   2.7296e+02
20220126_15:00:00   4.4845e+00   3.1192e+02   6.3310e+01   0.0000e+00   0.0000e+00   2.7238e+02
20220126_18:00:00   4.4894e+00   3.1351e+02   6.5198e+01   0.0000e+00   0.0000e+00   2.7298e+02
20220126_21:00:00   5.0504e+00   3.1456e+02   7.1430e+01   0.0000e+00   0.0000e+00   2.7078e+02
20220127_00:00:00   5.8858e+00   3.1243e+02   7.7543e+01   0.0000e+00   0.0000e+00   2.7007e+02
20220127_03:00:00   5.9108e+00   3.1185e+02   7.6760e+01   0.0000e+00   0.0000e+00   2.7052e+02
20220127_06:00:00   5.5473e+00   3.1151e+02   7.2821e+01   0.0000e+00   0.0000e+00   2.6629e+02
20220127_09:00:00   5.2224e+00   3.1065e+02   6.9056e+01   0.0000e+00   0.0000e+00   2.6959e+02
20220127_12:00:00   5.0849e+00   3.1101e+02   6.7870e+01   0.0000e+00   0.0000e+00   2.7225e+02
20220127_15:00:00   5.0220e+00   3.1387e+02   6.9216e+01   0.0000e+00   0.0000e+00   2.6871e+02
20220127_18:00:00   5.0492e+00   3.1516e+02   7.0783e+01   0.0000e+00   0.0000e+00   2.6865e+02
20220127_21:00:00   5.4047e+00   3.1474e+02   7.4022e+01   0.0000e+00   0.0000e+00   2.6748e+02
20220128_00:00:00   6.0462e+00   3.1160e+02   7.7920e+01   0.0000e+00   0.0000e+00   2.6877e+02
20220128_03:00:00   6.2324e+00   3.1028e+02   7.8349e+01   0.0000e+00   0.0000e+00   2.6711e+02
20220128_06:00:00   6.1169e+00   3.0997e+02   7.6945e+01   0.0000e+00   0.0000e+00   2.6711e+02
20220128_09:00:00   6.0393e+00   3.0888e+02   7.5286e+01   0.0000e+00   0.0000e+00   2.6920e+02
20220128_12:00:00   5.6635e+00   3.0953e+02   7.2153e+01   0.0000e+00   0.0000e+00   2.7136e+02
20220128_15:00:00   5.2944e+00   3.1264e+02   7.0706e+01   0.0000e+00   0.0000e+00   2.6947e+02
20220128_18:00:00   5.1448e+00   3.1430e+02   7.1171e+01   0.0000e+00   0.0000e+00   2.7052e+02
20220128_21:00:00   5.2564e+00   3.1400e+02   7.2262e+01   0.0000e+00   0.0000e+00   2.6852e+02
20220129_00:00:00   5.5724e+00   3.1067e+02   7.2987e+01   0.0000e+00   0.0000e+00   2.6849e+02
20220129_03:00:00   5.7378e+00   3.1004e+02   7.3490e+01   0.0000e+00   0.0000e+00   2.6774e+02
20220129_06:00:00   5.8498e+00   3.0974e+02   7.4015e+01   0.0000e+00   0.0000e+00   2.6754e+02
20220129_09:00:00   5.7455e+00   3.0902e+02   7.2585e+01   0.0000e+00   0.0000e+00   2.6972e+02
20220129_12:00:00   5.3135e+00   3.0922e+02   6.8632e+01   0.0000e+00   0.0000e+00   2.6868e+02
20220129_15:00:00   4.7493e+00   3.1140e+02   6.5023e+01   0.0000e+00   0.0000e+00   2.6899e+02
20220129_18:00:00   4.3666e+00   3.1212e+02   6.2594e+01   0.0000e+00   0.0000e+00   2.7042e+02
20220129_21:00:00   5.0474e+00   3.1347e+02   7.0228e+01   0.0000e+00   3.6400e-07   2.7180e+02
20220130_00:00:00   6.2594e+00   3.1075e+02   7.9994e+01   0.0000e+00   0.0000e+00   2.7251e+02
20220130_03:00:00   6.3947e+00   3.1005e+02   8.0323e+01   0.0000e+00   0.0000e+00   2.7270e+02
20220130_06:00:00   6.4121e+00   3.0955e+02   8.0140e+01   0.0000e+00   0.0000e+00   2.7054e+02
20220130_09:00:00   6.5224e+00   3.0856e+02   8.0667e+01   0.0000e+00   0.0000e+00   2.7321e+02
20220130_12:00:00   6.4282e+00   3.0917e+02   8.0020e+01   0.0000e+00   0.0000e+00   2.7298e+02
20220130_15:00:00   6.1935e+00   3.1236e+02   7.9970e+01   0.0000e+00   0.0000e+00   2.7145e+02
20220130_18:00:00   5.8233e+00   3.1435e+02   7.8203e+01   2.8200e-05   3.6400e-07   2.6973e+02
20220130_21:00:00   6.1726e+00   3.1396e+02   8.1400e+01   1.9484e-04   0.0000e+00   2.6655e+02
20220131_00:00:00   7.0176e+00   3.1044e+02   8.6528e+01   0.0000e+00   0.0000e+00   2.6686e+02
20220131_03:00:00   7.1117e+00   3.0943e+02   8.5980e+01   0.0000e+00   0.0000e+00   2.6532e+02
20220131_06:00:00   7.0926e+00   3.0873e+02   8.5328e+01   0.0000e+00   0.0000e+00   2.6285e+02
20220131_09:00:00   7.1198e+00   3.0795e+02   8.4729e+01   0.0000e+00   0.0000e+00   2.6280e+02
20220131_12:00:00   6.5977e+00   3.0898e+02   8.0334e+01   0.0000e+00   0.0000e+00   2.6302e+02
20220131_15:00:00   5.9230e+00   3.1216e+02   7.6596e+01   0.0000e+00   0.0000e+00   2.6355e+02
20220131_18:00:00   5.3511e+00   3.1336e+02   7.3036e+01   1.0462e-04   0.0000e+00   2.6329e+02
20220131_21:00:00   6.0964e+00   3.1290e+02   7.9978e+01   2.3344e-04   0.0000e+00   2.6139e+02
20220201_00:00:00   7.1166e+00   3.0971e+02   8.6668e+01   0.0000e+00   0.0000e+00   2.6382e+02
20220201_03:00:00   7.2149e+00   3.0890e+02   8.6441e+01   0.0000e+00   0.0000e+00   2.6498e+02
20220201_06:00:00   7.1137e+00   3.0848e+02   8.4812e+01   0.0000e+00   0.0000e+00   2.6439e+02
20220201_09:00:00   6.8692e+00   3.0783e+02   8.2274e+01   0.0000e+00   0.0000e+00   2.6611e+02
20220201_12:00:00   6.3183e+00   3.0901e+02   7.8207e+01   0.0000e+00   0.0000e+00   2.6981e+02
20220201_15:00:00   5.6632e+00   3.1225e+02   7.4489e+01   0.0000e+00   0.0000e+00   2.6913e+02
20220201_18:00:00   5.1127e+00   3.1330e+02   7.0733e+01   0.0000e+00   0.0000e+00   2.6729e+02
20220201_21:00:00   5.7676e+00   3.1337e+02   7.7292e+01   4.7700e-07   0.0000e+00   2.6496e+02
20220202_00:00:00   6.8753e+00   3.1042e+02   8.5081e+01   0.0000e+00   0.0000e+00   2.6342e+02
20220202_03:00:00   6.9673e+00   3.0944e+02   8.4693e+01   0.0000e+00   0.0000e+00   2.6542e+02
20220202_06:00:00   6.8275e+00   3.0856e+02   8.2612e+01   0.0000e+00   0.0000e+00   2.6417e+02
20220202_09:00:00   6.4273e+00   3.0776e+02   7.8185e+01   0.0000e+00   0.0000e+00   2.6568e+02
20220202_12:00:00   5.9810e+00   3.0890e+02   7.4810e+01   0.0000e+00   0.0000e+00   2.6407e+02
20220202_15:00:00   5.4063e+00   3.1184e+02   7.1713e+01   0.0000e+00   0.0000e+00   2.6494e+02
20220202_18:00:00   5.1264e+00   3.1363e+02   7.0846e+01   0.0000e+00   0.0000e+00   2.6211e+02
