#            date       tau255        Tb[K]      pwv[mm] lwp[kg*m^-2] iwp[kg*m^-2]       o3[DU]
20230726_00:00:00   2.2345e-01   5.8625e+01   4.4151e+00   0.0000e+00   1.0682e-02   3.0421e+02
20230726_01:00:00   2.1134e-01   5.6147e+01   4.1489e+00   0.0000e+00   3.6846e-03   3.0488e+02
20230726_02:00:00   2.2994e-01   5.9986e+01   4.5567e+00   0.0000e+00   1.0882e-02   3.0632e+02
20230726_03:00:00   2.2201e-01   5.8271e+01   4.4434e+00   0.0000e+00   3.0069e-03   3.0620e+02
20230726_04:00:00   2.3382e-01   6.0778e+01   4.6707e+00   0.0000e+00   4.8380e-03   3.0604e+02
20230726_05:00:00   2.2411e-01   5.8845e+01   4.4536e+00   0.0000e+00   4.6074e-05   3.0509e+02
20230726_06:00:00   2.1070e-01   5.6094e+01   4.1558e+00   0.0000e+00   4.4280e-06   3.0651e+02
20230726_07:00:00   2.0792e-01   5.5484e+01   4.1088e+00   0.0000e+00   3.7174e-05   3.0428e+02
20230726_08:00:00   2.0931e-01   5.5821e+01   4.1249e+00   0.0000e+00   0.0000e+00   3.0177e+02
20230726_09:00:00   2.0667e-01   5.5277e+01   4.0713e+00   0.0000e+00   0.0000e+00   3.0626e+02
20230726_10:00:00   2.1324e-01   5.6743e+01   4.1893e+00   0.0000e+00   6.1420e-04   3.0872e+02
20230726_11:00:00   2.1932e-01   5.7990e+01   4.3384e+00   0.0000e+00   2.9720e-04   3.0879e+02
20230726_12:00:00   2.0243e-01   5.4332e+01   4.0124e+00   0.0000e+00   2.1820e-05   3.0901e+02
20230726_13:00:00   2.0753e-01   5.5450e+01   4.1197e+00   0.0000e+00   0.0000e+00   3.1285e+02
20230726_14:00:00   2.0377e-01   5.4677e+01   4.0391e+00   0.0000e+00   1.9096e-05   3.1234e+02
20230726_15:00:00   2.0268e-01   5.4460e+01   4.0236e+00   0.0000e+00   7.2640e-04   3.1033e+02
20230726_16:00:00   2.1341e-01   5.6902e+01   4.2245e+00   0.0000e+00   0.0000e+00   3.0791e+02
20230726_17:00:00   2.2300e-01   5.9017e+01   4.4135e+00   0.0000e+00   0.0000e+00   3.0637e+02
20230726_18:00:00   2.3436e-01   6.1416e+01   4.6622e+00   0.0000e+00   0.0000e+00   3.0908e+02
20230726_19:00:00   2.3933e-01   6.2538e+01   4.7440e+00   0.0000e+00   0.0000e+00   3.0916e+02
20230726_20:00:00   2.5807e-01   6.6492e+01   5.0979e+00   0.0000e+00   0.0000e+00   3.1390e+02
20230726_21:00:00   2.7302e-01   6.9542e+01   5.3818e+00   0.0000e+00   1.2178e-04   3.1606e+02
20230726_22:00:00   2.6333e-01   6.7475e+01   5.2296e+00   0.0000e+00   1.9846e-03   3.2221e+02
20230726_23:00:00   2.5045e-01   6.4688e+01   5.0384e+00   0.0000e+00   3.6059e-03   3.2382e+02
20230727_00:00:00   2.6019e-01   6.6715e+01   5.2470e+00   0.0000e+00   4.6503e-03   3.2607e+02
20230727_01:00:00   2.8101e-01   7.1032e+01   5.6255e+00   0.0000e+00   7.7180e-03   3.2677e+02
20230727_02:00:00   2.9423e-01   7.3651e+01   5.8627e+00   0.0000e+00   1.1484e-02   3.2520e+02
20230727_03:00:00   2.9423e-01   7.3547e+01   5.8647e+00   0.0000e+00   3.2284e-02   3.2861e+02
20230727_04:00:00   3.0266e-01   7.5037e+01   6.0586e+00   0.0000e+00   5.5900e-02   3.3018e+02
20230727_05:00:00   3.0066e-01   7.4549e+01   6.0641e+00   0.0000e+00   8.3003e-03   3.3129e+02
20230727_06:00:00   3.1972e-01   7.7970e+01   6.4925e+00   0.0000e+00   1.0391e-01   3.3111e+02
20230727_07:00:00   3.4355e-01   8.2280e+01   7.0320e+00   0.0000e+00   3.4491e-02   3.3215e+02
20230727_08:00:00   3.4549e-01   8.2579e+01   7.0962e+00   0.0000e+00   1.5099e-02   3.3092e+02
20230727_09:00:00   3.4994e-01   8.3358e+01   7.1993e+00   0.0000e+00   4.5719e-03   3.2832e+02
20230727_10:00:00   3.4421e-01   8.2450e+01   7.0454e+00   0.0000e+00   8.9408e-04   3.3144e+02
20230727_11:00:00   3.3604e-01   8.1120e+01   6.8125e+00   0.0000e+00   8.4040e-05   3.3655e+02
20230727_12:00:00   3.4667e-01   8.3142e+01   6.9821e+00   0.0000e+00   6.3907e-06   3.4058e+02
20230727_13:00:00   3.3284e-01   8.0562e+01   6.7133e+00   0.0000e+00   3.0720e-05   3.4143e+02
20230727_14:00:00   3.1650e-01   7.7573e+01   6.4084e+00   0.0000e+00   0.0000e+00   3.3928e+02
20230727_15:00:00   2.9454e-01   7.3348e+01   5.9975e+00   0.0000e+00   0.0000e+00   3.3432e+02
20230727_16:00:00   2.9316e-01   7.3253e+01   5.9602e+00   0.0000e+00   0.0000e+00   3.3248e+02
20230727_17:00:00   2.7288e-01   6.9592e+01   5.4368e+00   0.0000e+00   8.5540e-05   3.3096e+02
20230727_18:00:00   2.7488e-01   7.0229e+01   5.4173e+00   0.0000e+00   1.3891e-03   3.2815e+02
20230727_19:00:00   2.7824e-01   7.1065e+01   5.4427e+00   0.0000e+00   1.7138e-03   3.2482e+02
20230727_20:00:00   2.9145e-01   7.3734e+01   5.6882e+00   0.0000e+00   1.9343e-04   3.2294e+02
20230727_21:00:00   2.7509e-01   7.0428e+01   5.4007e+00   0.0000e+00   2.0620e-05   3.2271e+02
20230727_22:00:00   2.6937e-01   6.9302e+01   5.2998e+00   0.0000e+00   0.0000e+00   3.2267e+02
20230727_23:00:00   2.5783e-01   6.7011e+01   5.0512e+00   0.0000e+00   1.0730e-06   3.1987e+02
20230728_00:00:00   2.5478e-01   6.6406e+01   4.9806e+00   0.0000e+00   4.5496e-04   3.1767e+02
20230728_01:00:00   2.5037e-01   6.5452e+01   4.9106e+00   0.0000e+00   5.3457e-03   3.1397e+02
20230728_02:00:00   2.3808e-01   6.2826e+01   4.7071e+00   0.0000e+00   2.9982e-04   3.1402e+02
20230728_03:00:00   2.3916e-01   6.2948e+01   4.7636e+00   0.0000e+00   6.2099e-06   3.1332e+02
20230728_04:00:00   2.1581e-01   5.7812e+01   4.3585e+00   0.0000e+00   0.0000e+00   3.1074e+02
20230728_05:00:00   2.1435e-01   5.7340e+01   4.3880e+00   0.0000e+00   0.0000e+00   3.1100e+02
20230728_06:00:00   2.1032e-01   5.6390e+01   4.3424e+00   0.0000e+00   3.0060e-05   3.0828e+02
20230728_07:00:00   2.0809e-01   5.5841e+01   4.3195e+00   0.0000e+00   3.0816e-05   3.0947e+02
20230728_08:00:00   2.0021e-01   5.4000e+01   4.1963e+00   0.0000e+00   1.5462e-03   3.0838e+02
20230728_09:00:00   1.9290e-01   5.2246e+01   4.0900e+00   0.0000e+00   3.1013e-03   3.0688e+02
20230728_10:00:00   1.8970e-01   5.1493e+01   4.0396e+00   0.0000e+00   2.6184e-03   3.0596e+02
20230728_11:00:00   1.8829e-01   5.1158e+01   4.0230e+00   0.0000e+00   1.8288e-04   3.0470e+02
20230728_12:00:00   1.8182e-01   4.9648e+01   3.9142e+00   0.0000e+00   5.9537e-04   3.0482e+02
20230728_13:00:00   1.8598e-01   5.0488e+01   4.0419e+00   0.0000e+00   2.1760e-03   3.0359e+02
20230728_14:00:00   1.8640e-01   5.0572e+01   4.0645e+00   0.0000e+00   1.2935e-04   3.0199e+02
20230728_15:00:00   1.8487e-01   5.0289e+01   4.0391e+00   0.0000e+00   0.0000e+00   3.0146e+02
20230728_16:00:00   1.8788e-01   5.0921e+01   4.1311e+00   0.0000e+00   4.6600e-07   3.0040e+02
20230728_17:00:00   1.9571e-01   5.2640e+01   4.3313e+00   0.0000e+00   9.3200e-07   2.9929e+02
20230728_18:00:00   2.0826e-01   5.5397e+01   4.6313e+00   0.0000e+00   1.9416e-05   2.9806e+02
20230728_19:00:00   2.1813e-01   5.7679e+01   4.8244e+00   0.0000e+00   0.0000e+00   2.9649e+02
20230728_20:00:00   2.2686e-01   5.9632e+01   5.0095e+00   0.0000e+00   0.0000e+00   2.9558e+02
20230728_21:00:00   2.3467e-01   6.1431e+01   5.1483e+00   0.0000e+00   0.0000e+00   2.9577e+02
20230728_22:00:00   2.3679e-01   6.1911e+01   5.1903e+00   0.0000e+00   4.6600e-07   2.9352e+02
20230728_23:00:00   2.3673e-01   6.1936e+01   5.1901e+00   0.0000e+00   4.1676e-05   2.9164e+02
20230729_00:00:00   2.3726e-01   6.2072e+01   5.2065e+00   0.0000e+00   2.8085e-05   2.8929e+02
20230729_01:00:00   2.4896e-01   6.4538e+01   5.4929e+00   0.0000e+00   1.3052e-03   2.9004e+02
20230729_02:00:00   2.5915e-01   6.6657e+01   5.7380e+00   0.0000e+00   5.0936e-03   2.8846e+02
20230729_03:00:00   2.6057e-01   6.6901e+01   5.7838e+00   0.0000e+00   7.2348e-03   2.8798e+02
20230729_04:00:00   2.6136e-01   6.7004e+01   5.8295e+00   0.0000e+00   6.1593e-03   2.8760e+02
20230729_05:00:00   2.5084e-01   6.4900e+01   5.5588e+00   0.0000e+00   9.1662e-04   2.8622e+02
20230729_06:00:00   2.4119e-01   6.2941e+01   5.3071e+00   0.0000e+00   6.3438e-05   2.8538e+02
20230729_07:00:00   2.3590e-01   6.1827e+01   5.1805e+00   0.0000e+00   9.5540e-07   2.8541e+02
20230729_08:00:00   2.3049e-01   6.0621e+01   5.0699e+00   0.0000e+00   0.0000e+00   2.8476e+02
20230729_09:00:00   2.2730e-01   5.9924e+01   5.0005e+00   0.0000e+00   0.0000e+00   2.8409e+02
20230729_10:00:00   2.2395e-01   5.9197e+01   4.9319e+00   0.0000e+00   0.0000e+00   2.8405e+02
20230729_11:00:00   2.1756e-01   5.7812e+01   4.7896e+00   0.0000e+00   0.0000e+00   2.8437e+02
20230729_12:00:00   2.1355e-01   5.6953e+01   4.6920e+00   0.0000e+00   0.0000e+00   2.8459e+02
20230729_13:00:00   2.0990e-01   5.6201e+01   4.6050e+00   0.0000e+00   2.7960e-06   2.8351e+02
20230729_14:00:00   2.0990e-01   5.6189e+01   4.6210e+00   0.0000e+00   1.9950e-04   2.8332e+02
20230729_15:00:00   2.1207e-01   5.6672e+01   4.6875e+00   0.0000e+00   2.4340e-04   2.8185e+02
20230729_16:00:00   2.0897e-01   5.6080e+01   4.6041e+00   0.0000e+00   1.4800e-04   2.8171e+02
20230729_17:00:00   2.0561e-01   5.5371e+01   4.5272e+00   0.0000e+00   5.3952e-05   2.8266e+02
20230729_18:00:00   2.0741e-01   5.5769e+01   4.5669e+00   0.0000e+00   2.5300e-05   2.8361e+02
20230729_19:00:00   2.0532e-01   5.5329e+01   4.5172e+00   0.0000e+00   1.3980e-06   2.8363e+02
20230729_20:00:00   2.0540e-01   5.5342e+01   4.5245e+00   0.0000e+00   6.8400e-05   2.8256e+02
20230729_21:00:00   2.0599e-01   5.5501e+01   4.5289e+00   0.0000e+00   2.2737e-03   2.8239e+02
20230729_22:00:00   2.0494e-01   5.5260e+01   4.5064e+00   0.0000e+00   6.4932e-03   2.8169e+02
20230729_23:00:00   1.9952e-01   5.4042e+01   4.3990e+00   0.0000e+00   4.8341e-03   2.8149e+02
20230730_00:00:00   1.9028e-01   5.2021e+01   4.1814e+00   0.0000e+00   2.3658e-03   2.8173e+02
20230730_01:00:00   1.7970e-01   4.9594e+01   3.9518e+00   0.0000e+00   6.6846e-03   2.8128e+02
20230730_02:00:00   1.7272e-01   4.7990e+01   3.7847e+00   0.0000e+00   1.4482e-02   2.8178e+02
20230730_03:00:00   1.6531e-01   4.6300e+01   3.6070e+00   0.0000e+00   9.5783e-03   2.8121e+02
20230730_04:00:00   1.5322e-01   4.3488e+01   3.3282e+00   0.0000e+00   7.2644e-03   2.8082e+02
20230730_05:00:00   1.4466e-01   4.1428e+01   3.1355e+00   0.0000e+00   4.8894e-03   2.8169e+02
20230730_06:00:00   1.3621e-01   3.9474e+01   2.9264e+00   0.0000e+00   4.3087e-04   2.8255e+02
20230730_07:00:00   1.3230e-01   3.8614e+01   2.8114e+00   0.0000e+00   2.9258e-06   2.8299e+02
20230730_08:00:00   1.3636e-01   3.9579e+01   2.9024e+00   0.0000e+00   6.0700e-07   2.8355e+02
20230730_09:00:00   1.3819e-01   3.9948e+01   2.9606e+00   0.0000e+00   0.0000e+00   2.8352e+02
20230730_10:00:00   1.4082e-01   4.0613e+01   3.0169e+00   0.0000e+00   0.0000e+00   2.8311e+02
20230730_11:00:00   1.3883e-01   4.0134e+01   2.9723e+00   0.0000e+00   0.0000e+00   2.8369e+02
20230730_12:00:00   1.3958e-01   4.0365e+01   2.9791e+00   0.0000e+00   0.0000e+00   2.8385e+02
20230730_13:00:00   1.3859e-01   4.0188e+01   2.9427e+00   0.0000e+00   3.0340e-04   2.8370e+02
20230730_14:00:00   1.3684e-01   3.9738e+01   2.9150e+00   0.0000e+00   2.9140e-04   2.8377e+02
20230730_15:00:00   1.3590e-01   3.9544e+01   2.8890e+00   0.0000e+00   1.9066e-05   2.8358e+02
20230730_16:00:00   1.3429e-01   3.9188e+01   2.8482e+00   0.0000e+00   5.9647e-04   2.8332e+02
20230730_17:00:00   1.3429e-01   3.9182e+01   2.8504e+00   0.0000e+00   4.0759e-03   2.8414e+02
20230730_18:00:00   1.3765e-01   4.0037e+01   2.9082e+00   0.0000e+00   5.8402e-03   2.8399e+02
20230730_19:00:00   1.4049e-01   4.0748e+01   2.9575e+00   0.0000e+00   3.9578e-03   2.8390e+02
20230730_20:00:00   1.3797e-01   4.0196e+01   2.8926e+00   0.0000e+00   1.7600e-03   2.8467e+02
20230730_21:00:00   1.4131e-01   4.1034e+01   2.9554e+00   0.0000e+00   2.9596e-03   2.8444e+02
20230730_22:00:00   1.4418e-01   4.1764e+01   3.0048e+00   0.0000e+00   3.1246e-03   2.8397e+02
20230730_23:00:00   1.4208e-01   4.1253e+01   2.9627e+00   0.0000e+00   1.3362e-03   2.8312e+02
20230731_00:00:00   1.3816e-01   4.0260e+01   2.8999e+00   0.0000e+00   2.7998e-04   2.8146e+02
20230731_03:00:00   1.4065e-01   4.0999e+01   2.9190e+00   0.0000e+00   0.0000e+00   2.7770e+02
20230731_06:00:00   1.1703e-01   3.5135e+01   2.4089e+00   0.0000e+00   0.0000e+00   2.7514e+02
20230731_09:00:00   1.2134e-01   3.6244e+01   2.4422e+00   0.0000e+00   0.0000e+00   2.7473e+02
20230731_12:00:00   1.0964e-01   3.3390e+01   2.1818e+00   0.0000e+00   0.0000e+00   2.7393e+02
20230731_15:00:00   1.1270e-01   3.4230e+01   2.2369e+00   0.0000e+00   0.0000e+00   2.7264e+02
20230731_18:00:00   1.3129e-01   3.8864e+01   2.6106e+00   0.0000e+00   0.0000e+00   2.7280e+02
20230731_21:00:00   1.5315e-01   4.4349e+01   2.9860e+00   0.0000e+00   0.0000e+00   2.7287e+02
20230801_00:00:00   1.2649e-01   3.7846e+01   2.4626e+00   0.0000e+00   0.0000e+00   2.7476e+02
20230801_03:00:00   1.0645e-01   3.2795e+01   2.0469e+00   0.0000e+00   0.0000e+00   2.7556e+02
20230801_06:00:00   8.7754e-02   2.7974e+01   1.6556e+00   0.0000e+00   0.0000e+00   2.7391e+02
20230801_09:00:00   7.6204e-02   2.4989e+01   1.3858e+00   0.0000e+00   0.0000e+00   2.7412e+02
20230801_12:00:00   7.0203e-02   2.3426e+01   1.2485e+00   0.0000e+00   0.0000e+00   2.7155e+02
20230801_15:00:00   6.5898e-02   2.2271e+01   1.1602e+00   0.0000e+00   0.0000e+00   2.7151e+02
20230801_18:00:00   7.9255e-02   2.5850e+01   1.4278e+00   0.0000e+00   0.0000e+00   2.6813e+02
20230801_21:00:00   1.0617e-01   3.2843e+01   1.9734e+00   0.0000e+00   0.0000e+00   2.6721e+02
20230802_00:00:00   1.0407e-01   3.2298e+01   1.9333e+00   0.0000e+00   0.0000e+00   2.6492e+02
20230802_03:00:00   9.4569e-02   2.9858e+01   1.7477e+00   0.0000e+00   0.0000e+00   2.6305e+02
20230802_06:00:00   9.9929e-02   3.1191e+01   1.8740e+00   0.0000e+00   0.0000e+00   2.6249e+02
20230802_09:00:00   9.4009e-02   2.9569e+01   1.7827e+00   0.0000e+00   0.0000e+00   2.5853e+02
20230802_12:00:00   9.9130e-02   3.0803e+01   1.9080e+00   0.0000e+00   0.0000e+00   2.6073e+02
20230802_15:00:00   1.1404e-01   3.4506e+01   2.2322e+00   0.0000e+00   9.7900e-07   2.6202e+02
20230802_18:00:00   1.3413e-01   3.9498e+01   2.6558e+00   0.0000e+00   4.4638e-04   2.6260e+02
20230802_21:00:00   1.4527e-01   4.2237e+01   2.8601e+00   0.0000e+00   0.0000e+00   2.5761e+02
20230803_00:00:00   1.3659e-01   3.9908e+01   2.7318e+00   0.0000e+00   0.0000e+00   2.5687e+02
20230803_03:00:00   1.0982e-01   3.3048e+01   2.2318e+00   0.0000e+00   0.0000e+00   2.6154e+02
20230803_06:00:00   2.3714e-01   6.1814e+01   5.1160e+00   0.0000e+00   0.0000e+00   2.5664e+02
20230803_09:00:00   2.8468e-01   7.2070e+01   6.0432e+00   0.0000e+00   0.0000e+00   2.5888e+02
20230803_12:00:00   2.8318e-01   7.1686e+01   5.9844e+00   0.0000e+00   0.0000e+00   2.6006e+02
20230803_15:00:00   2.8981e-01   7.3164e+01   6.0788e+00   0.0000e+00   0.0000e+00   2.6215e+02
20230803_18:00:00   2.8390e-01   7.2078e+01   5.8965e+00   0.0000e+00   6.0599e-05   2.6362e+02
20230803_21:00:00   2.5388e-01   6.6079e+01   5.2314e+00   0.0000e+00   1.0698e-05   2.6337e+02
20230804_00:00:00   2.1603e-01   5.7958e+01   4.4449e+00   0.0000e+00   1.1766e-04   2.5581e+02
20230804_03:00:00   2.3818e-01   6.2627e+01   4.8861e+00   0.0000e+00   5.7180e-04   2.4885e+02
20230804_06:00:00   2.0105e-01   5.4631e+01   4.1004e+00   0.0000e+00   1.6748e-03   2.5174e+02
20230804_09:00:00   2.3090e-01   6.0943e+01   4.7421e+00   0.0000e+00   7.0644e-04   2.5408e+02
20230804_12:00:00   2.4846e-01   6.4526e+01   5.0904e+00   0.0000e+00   1.8400e-03   2.5211e+02
20230804_15:00:00   2.3855e-01   6.2556e+01   4.8456e+00   0.0000e+00   3.2515e-04   2.5690e+02
20230804_18:00:00   2.1597e-01   5.7778e+01   4.3358e+00   0.0000e+00   4.2482e-04   2.6038e+02
20230804_21:00:00   1.8518e-01   5.0796e+01   3.7392e+00   0.0000e+00   1.1830e-03   2.5965e+02
20230805_00:00:00   1.5728e-01   4.4205e+01   3.1921e+00   0.0000e+00   0.0000e+00   2.6221e+02
20230805_03:00:00   1.6291e-01   4.5478e+01   3.3292e+00   0.0000e+00   7.5140e-05   2.6388e+02
20230805_06:00:00   1.7077e-01   4.7403e+01   3.4282e+00   0.0000e+00   1.2148e-03   2.6251e+02
20230805_09:00:00   1.5117e-01   4.2830e+01   2.9856e+00   0.0000e+00   4.6600e-05   2.6931e+02
20230805_12:00:00   1.4406e-01   4.1186e+01   2.7788e+00   0.0000e+00   0.0000e+00   2.6813e+02
20230805_15:00:00   1.3281e-01   3.8489e+01   2.5525e+00   0.0000e+00   0.0000e+00   2.6929e+02
20230805_18:00:00   1.4524e-01   4.1476e+01   2.7679e+00   0.0000e+00   0.0000e+00   2.7104e+02
20230805_21:00:00   1.3113e-01   3.7942e+01   2.5318e+00   0.0000e+00   0.0000e+00   2.6876e+02
20230806_00:00:00   1.1114e-01   3.2832e+01   2.1920e+00   0.0000e+00   0.0000e+00   2.6737e+02
20230806_03:00:00   1.0743e-01   3.1833e+01   2.1277e+00   0.0000e+00   0.0000e+00   2.7051e+02
20230806_06:00:00   1.4993e-01   4.2090e+01   2.9785e+00   0.0000e+00   0.0000e+00   2.7246e+02
20230806_09:00:00   1.6499e-01   4.5376e+01   3.3002e+00   0.0000e+00   0.0000e+00   2.7534e+02
20230806_12:00:00   1.6428e-01   4.5016e+01   3.3004e+00   0.0000e+00   1.9970e-07   2.7933e+02
20230806_15:00:00   1.4917e-01   4.1390e+01   3.0171e+00   0.0000e+00   1.1942e-05   2.8597e+02
20230806_18:00:00   1.8303e-01   4.9001e+01   3.7033e+00   0.0000e+00   3.1675e-03   2.9230e+02
20230806_21:00:00   2.1031e-01   5.4499e+01   4.2922e+00   0.0000e+00   1.0271e-03   3.0045e+02
20230807_00:00:00   2.2159e-01   5.6926e+01   4.4680e+00   4.2280e-07   1.1248e-04   3.0254e+02
20230807_03:00:00   2.4260e-01   6.0983e+01   4.9205e+00   1.0174e-05   4.6146e-03   3.0360e+02
20230807_06:00:00   2.7358e-01   6.7313e+01   5.5488e+00   4.0640e-06   1.4482e-03   3.0368e+02
20230807_09:00:00   2.9473e-01   7.1383e+01   5.9615e+00   1.4332e-06   8.7315e-04   3.0276e+02
20230807_12:00:00   2.8725e-01   7.0112e+01   5.6226e+00   0.0000e+00   1.6859e-03   3.0097e+02
20230807_15:00:00   2.6126e-01   6.5820e+01   4.1022e+00   1.3222e-02   1.9354e-05   3.0507e+02
20230807_18:00:00   1.4564e-01   4.0914e+01   2.3177e+00   3.0139e-04   9.3860e-07   3.0807e+02
20230807_21:00:00   1.6291e-01   4.4908e+01   2.5522e+00   1.7009e-04   6.1000e-06   3.0865e+02
20230808_00:00:00   9.0043e-02   2.7817e+01   1.3655e+00   0.0000e+00   0.0000e+00   3.0298e+02
20230808_03:00:00   5.6594e-02   1.9269e+01   7.9768e-01   0.0000e+00   0.0000e+00   2.9939e+02
20230808_06:00:00   5.7749e-02   1.9439e+01   8.7706e-01   0.0000e+00   4.2700e-04   3.0084e+02
20230808_09:00:00   6.3316e-02   2.0714e+01   1.0428e+00   0.0000e+00   3.0989e-03   2.9990e+02
20230808_12:00:00   8.2496e-02   2.5584e+01   1.4392e+00   0.0000e+00   3.1141e-04   3.0922e+02
20230808_15:00:00   8.2931e-02   2.5428e+01   1.5264e+00   1.9110e-06   2.7383e-04   3.1567e+02
20230808_18:00:00   8.8668e-02   2.6704e+01   1.6935e+00   0.0000e+00   1.6328e-06   3.1488e+02
20230808_21:00:00   9.3411e-02   2.7898e+01   1.8164e+00   0.0000e+00   6.5197e-04   3.1035e+02
20230809_00:00:00   8.6961e-02   2.6177e+01   1.7309e+00   0.0000e+00   1.5490e-02   3.0442e+02
20230809_03:00:00   1.2420e-01   3.4457e+01   2.5971e+00   0.0000e+00   1.8376e-01   3.0745e+02
20230809_06:00:00   1.7464e-01   4.6036e+01   3.7244e+00   0.0000e+00   1.4073e-01   3.0433e+02
20230809_09:00:00   2.1609e-01   5.5036e+01   4.5874e+00   0.0000e+00   2.0083e-01   3.0202e+02
20230809_12:00:00   2.4935e-01   6.1776e+01   5.2358e+00   0.0000e+00   2.5952e-01   3.0029e+02
20230809_15:00:00   2.3232e-01   5.8519e+01   4.9393e+00   3.0540e-07   6.4166e-02   3.0292e+02
20230809_18:00:00   2.5971e-01   6.4656e+01   5.4425e+00   5.8740e-07   1.6651e-02   3.0419e+02
20230809_21:00:00   2.7155e-01   6.7469e+01   5.5811e+00   0.0000e+00   1.8578e-02   2.9955e+02
20230810_00:00:00   2.5640e-01   6.4673e+01   5.2982e+00   1.6212e-06   2.1050e-04   2.9906e+02
20230810_03:00:00   2.4142e-01   6.1791e+01   4.9977e+00   0.0000e+00   2.0389e-05   2.9975e+02
20230810_06:00:00   2.4722e-01   6.3179e+01   5.0784e+00   0.0000e+00   1.0342e-03   3.0343e+02
20230810_09:00:00   2.4497e-01   6.2690e+01   5.0129e+00   0.0000e+00   1.5006e-03   3.0700e+02
20230810_12:00:00   2.4888e-01   6.3299e+01   5.1369e+00   0.0000e+00   1.1934e-02   3.0871e+02
20230810_15:00:00   2.3483e-01   6.0405e+01   4.8457e+00   0.0000e+00   1.1694e-02   3.1342e+02
20230810_18:00:00   2.5945e-01   6.5809e+01   5.3054e+00   0.0000e+00   8.9299e-03   3.1441e+02
20230810_21:00:00   2.6783e-01   6.7532e+01   5.4666e+00   0.0000e+00   8.4505e-03   3.1649e+02
20230811_00:00:00   2.5484e-01   6.4464e+01   5.2370e+00   0.0000e+00   5.5275e-02   3.2008e+02
