#            date       tau255        Tb[K]      pwv[mm] lwp[kg*m^-2] iwp[kg*m^-2]       o3[DU]
20240629_00:00:00   1.8395e-01   4.9206e+01   3.8353e+00   0.0000e+00   7.3440e-04   2.5890e+02
20240629_01:00:00   1.8166e-01   4.8751e+01   3.7867e+00   0.0000e+00   6.6020e-05   2.5971e+02
20240629_02:00:00   1.8039e-01   4.8475e+01   3.7594e+00   0.0000e+00   0.0000e+00   2.5983e+02
20240629_03:00:00   1.7775e-01   4.7898e+01   3.6926e+00   0.0000e+00   0.0000e+00   2.6075e+02
20240629_04:00:00   1.7466e-01   4.7238e+01   3.6160e+00   0.0000e+00   0.0000e+00   2.6400e+02
20240629_05:00:00   1.7489e-01   4.7276e+01   3.6069e+00   0.0000e+00   0.0000e+00   2.6497e+02
20240629_06:00:00   1.7118e-01   4.6428e+01   3.5219e+00   0.0000e+00   0.0000e+00   2.6565e+02
20240629_07:00:00   1.7061e-01   4.6261e+01   3.5050e+00   0.0000e+00   0.0000e+00   2.6568e+02
20240629_08:00:00   1.6916e-01   4.5953e+01   3.4696e+00   0.0000e+00   0.0000e+00   2.6495e+02
20240629_09:00:00   1.6817e-01   4.5774e+01   3.4412e+00   0.0000e+00   0.0000e+00   2.6445e+02
20240629_10:00:00   1.6670e-01   4.5501e+01   3.4032e+00   0.0000e+00   0.0000e+00   2.6587e+02
20240629_11:00:00   1.6574e-01   4.5319e+01   3.3741e+00   0.0000e+00   0.0000e+00   2.6682e+02
20240629_12:00:00   1.6508e-01   4.5208e+01   3.3604e+00   0.0000e+00   0.0000e+00   2.6936e+02
20240629_13:00:00   1.6676e-01   4.5583e+01   3.4036e+00   0.0000e+00   0.0000e+00   2.6914e+02
20240629_14:00:00   1.6960e-01   4.6219e+01   3.4646e+00   0.0000e+00   0.0000e+00   2.6915e+02
20240629_15:00:00   1.6804e-01   4.5963e+01   3.4169e+00   0.0000e+00   0.0000e+00   2.6897e+02
20240629_16:00:00   1.6792e-01   4.6016e+01   3.4062e+00   0.0000e+00   0.0000e+00   2.6910e+02
20240629_17:00:00   1.6821e-01   4.6124e+01   3.4090e+00   0.0000e+00   0.0000e+00   2.6870e+02
20240629_18:00:00   1.7088e-01   4.6721e+01   3.4666e+00   0.0000e+00   0.0000e+00   2.6727e+02
20240629_19:00:00   1.7227e-01   4.7025e+01   3.4993e+00   0.0000e+00   0.0000e+00   2.6596e+02
20240629_20:00:00   1.7022e-01   4.6580e+01   3.4577e+00   0.0000e+00   0.0000e+00   2.6611e+02
20240629_21:00:00   1.6804e-01   4.6106e+01   3.4174e+00   0.0000e+00   0.0000e+00   2.6549e+02
20240629_22:00:00   1.6918e-01   4.6316e+01   3.4529e+00   0.0000e+00   0.0000e+00   2.6351e+02
20240629_23:00:00   1.6930e-01   4.6323e+01   3.4596e+00   0.0000e+00   0.0000e+00   2.6301e+02
20240630_00:00:00   1.7063e-01   4.6592e+01   3.4894e+00   0.0000e+00   0.0000e+00   2.6326e+02
20240630_01:00:00   1.6957e-01   4.6370e+01   3.4596e+00   0.0000e+00   0.0000e+00   2.6309e+02
20240630_02:00:00   1.6973e-01   4.6407e+01   3.4596e+00   0.0000e+00   0.0000e+00   2.6399e+02
20240630_03:00:00   1.7282e-01   4.7074e+01   3.5258e+00   0.0000e+00   0.0000e+00   2.6327e+02
20240630_04:00:00   1.7506e-01   4.7585e+01   3.5668e+00   0.0000e+00   0.0000e+00   2.6283e+02
20240630_05:00:00   1.7972e-01   4.8571e+01   3.6691e+00   0.0000e+00   0.0000e+00   2.6198e+02
20240630_06:00:00   1.8441e-01   4.9574e+01   3.7615e+00   0.0000e+00   0.0000e+00   2.6103e+02
20240630_07:00:00   1.8747e-01   5.0220e+01   3.8248e+00   0.0000e+00   0.0000e+00   2.6090e+02
20240630_08:00:00   1.9024e-01   5.0787e+01   3.8754e+00   0.0000e+00   0.0000e+00   2.6067e+02
20240630_09:00:00   1.8905e-01   5.0526e+01   3.8449e+00   0.0000e+00   0.0000e+00   2.6031e+02
20240630_10:00:00   1.8602e-01   4.9847e+01   3.7667e+00   0.0000e+00   0.0000e+00   2.6111e+02
20240630_11:00:00   1.7859e-01   4.8305e+01   3.5951e+00   0.0000e+00   0.0000e+00   2.6170e+02
20240630_12:00:00   1.6911e-01   4.6315e+01   3.3799e+00   0.0000e+00   0.0000e+00   2.6425e+02
20240630_13:00:00   1.5974e-01   4.4330e+01   3.1611e+00   0.0000e+00   0.0000e+00   2.6568e+02
20240630_14:00:00   1.4797e-01   4.1760e+01   2.8937e+00   0.0000e+00   0.0000e+00   2.6592e+02
20240630_15:00:00   1.4398e-01   4.0867e+01   2.8063e+00   0.0000e+00   0.0000e+00   2.6600e+02
20240630_16:00:00   1.4067e-01   4.0119e+01   2.7411e+00   0.0000e+00   0.0000e+00   2.6603e+02
20240630_17:00:00   1.3965e-01   3.9909e+01   2.7202e+00   0.0000e+00   0.0000e+00   2.6532e+02
20240630_18:00:00   1.3677e-01   3.9265e+01   2.6641e+00   0.0000e+00   0.0000e+00   2.6455e+02
20240630_19:00:00   1.3562e-01   3.9033e+01   2.6406e+00   0.0000e+00   0.0000e+00   2.6444e+02
20240630_20:00:00   1.3307e-01   3.8465e+01   2.5857e+00   0.0000e+00   0.0000e+00   2.6488e+02
20240630_21:00:00   1.3143e-01   3.8090e+01   2.5538e+00   0.0000e+00   0.0000e+00   2.6424e+02
20240630_22:00:00   1.2996e-01   3.7744e+01   2.5240e+00   0.0000e+00   0.0000e+00   2.6351e+02
20240630_23:00:00   1.2831e-01   3.7362e+01   2.4886e+00   0.0000e+00   0.0000e+00   2.6375e+02
20240701_00:00:00   1.2635e-01   3.6926e+01   2.4409e+00   0.0000e+00   0.0000e+00   2.6409e+02
20240701_01:00:00   1.2278e-01   3.6095e+01   2.3583e+00   0.0000e+00   0.0000e+00   2.6398e+02
20240701_02:00:00   1.2158e-01   3.5814e+01   2.3294e+00   0.0000e+00   0.0000e+00   2.6278e+02
20240701_03:00:00   1.2015e-01   3.5484e+01   2.2952e+00   0.0000e+00   0.0000e+00   2.6242e+02
20240701_04:00:00   1.1755e-01   3.4870e+01   2.2382e+00   0.0000e+00   0.0000e+00   2.6254e+02
20240701_05:00:00   1.1502e-01   3.4262e+01   2.1807e+00   0.0000e+00   0.0000e+00   2.6185e+02
20240701_06:00:00   1.1217e-01   3.3595e+01   2.1135e+00   0.0000e+00   0.0000e+00   2.6143e+02
20240701_07:00:00   1.0873e-01   3.2770e+01   2.0326e+00   0.0000e+00   0.0000e+00   2.6133e+02
20240701_08:00:00   1.0518e-01   3.1911e+01   1.9545e+00   0.0000e+00   0.0000e+00   2.6169e+02
20240701_09:00:00   1.0187e-01   3.1092e+01   1.8874e+00   0.0000e+00   0.0000e+00   2.6160e+02
20240701_10:00:00   9.9485e-02   3.0501e+01   1.8379e+00   0.0000e+00   0.0000e+00   2.6115e+02
20240701_11:00:00   9.6170e-02   2.9693e+01   1.7674e+00   0.0000e+00   0.0000e+00   2.6069e+02
20240701_12:00:00   9.3019e-02   2.8910e+01   1.7003e+00   0.0000e+00   0.0000e+00   2.6060e+02
20240701_13:00:00   8.9006e-02   2.7918e+01   1.6159e+00   0.0000e+00   0.0000e+00   2.5922e+02
20240701_14:00:00   8.6254e-02   2.7241e+01   1.5576e+00   0.0000e+00   0.0000e+00   2.5835e+02
20240701_15:00:00   8.5772e-02   2.7138e+01   1.5465e+00   0.0000e+00   0.0000e+00   2.5790e+02
20240701_16:00:00   8.4939e-02   2.6949e+01   1.5267e+00   0.0000e+00   0.0000e+00   2.5807e+02
20240701_17:00:00   8.5642e-02   2.7149e+01   1.5413e+00   0.0000e+00   0.0000e+00   2.5795e+02
20240701_18:00:00   8.5913e-02   2.7226e+01   1.5479e+00   0.0000e+00   0.0000e+00   2.5719e+02
20240701_19:00:00   8.7389e-02   2.7593e+01   1.5863e+00   0.0000e+00   0.0000e+00   2.5507e+02
20240701_20:00:00   8.8679e-02   2.7907e+01   1.6199e+00   0.0000e+00   0.0000e+00   2.5332e+02
20240701_21:00:00   8.8856e-02   2.7949e+01   1.6262e+00   0.0000e+00   0.0000e+00   2.5245e+02
20240701_22:00:00   8.8829e-02   2.7950e+01   1.6222e+00   0.0000e+00   0.0000e+00   2.5058e+02
20240701_23:00:00   8.7649e-02   2.7660e+01   1.5942e+00   0.0000e+00   0.0000e+00   2.5054e+02
20240702_00:00:00   8.5339e-02   2.7093e+01   1.5408e+00   0.0000e+00   0.0000e+00   2.5125e+02
20240702_01:00:00   8.3944e-02   2.6757e+01   1.5041e+00   0.0000e+00   0.0000e+00   2.5170e+02
20240702_02:00:00   8.1784e-02   2.6215e+01   1.4546e+00   0.0000e+00   0.0000e+00   2.5239e+02
20240702_03:00:00   8.1362e-02   2.6096e+01   1.4480e+00   0.0000e+00   0.0000e+00   2.5293e+02
20240702_04:00:00   8.1201e-02   2.6027e+01   1.4520e+00   0.0000e+00   0.0000e+00   2.5172e+02
20240702_05:00:00   7.9641e-02   2.5641e+01   1.4135e+00   0.0000e+00   0.0000e+00   2.5214e+02
20240702_06:00:00   7.9205e-02   2.5498e+01   1.4139e+00   0.0000e+00   0.0000e+00   2.5138e+02
20240702_07:00:00   7.8151e-02   2.5196e+01   1.4004e+00   0.0000e+00   0.0000e+00   2.5122e+02
20240702_08:00:00   7.5957e-02   2.4624e+01   1.3583e+00   0.0000e+00   0.0000e+00   2.5089e+02
20240702_09:00:00   7.5748e-02   2.4552e+01   1.3593e+00   0.0000e+00   0.0000e+00   2.4975e+02
20240702_10:00:00   7.3930e-02   2.4076e+01   1.3236e+00   0.0000e+00   0.0000e+00   2.4898e+02
20240702_11:00:00   7.2864e-02   2.3791e+01   1.3057e+00   0.0000e+00   0.0000e+00   2.5014e+02
20240702_12:00:00   7.2134e-02   2.3577e+01   1.3008e+00   0.0000e+00   0.0000e+00   2.5107e+02
20240702_13:00:00   7.2972e-02   2.3759e+01   1.3364e+00   0.0000e+00   0.0000e+00   2.5213e+02
20240702_14:00:00   7.4898e-02   2.4203e+01   1.3983e+00   0.0000e+00   0.0000e+00   2.5419e+02
20240702_15:00:00   7.5569e-02   2.4369e+01   1.4230e+00   0.0000e+00   0.0000e+00   2.5408e+02
20240702_16:00:00   7.7055e-02   2.4710e+01   1.4716e+00   0.0000e+00   0.0000e+00   2.5390e+02
20240702_17:00:00   7.8127e-02   2.4969e+01   1.5024e+00   0.0000e+00   0.0000e+00   2.5286e+02
20240702_18:00:00   7.9604e-02   2.5339e+01   1.5374e+00   0.0000e+00   0.0000e+00   2.5316e+02
20240702_19:00:00   8.2990e-02   2.6141e+01   1.6332e+00   0.0000e+00   0.0000e+00   2.5547e+02
20240702_20:00:00   8.7705e-02   2.7230e+01   1.7714e+00   0.0000e+00   0.0000e+00   2.5419e+02
20240702_21:00:00   8.9094e-02   2.7532e+01   1.8149e+00   0.0000e+00   0.0000e+00   2.5071e+02
20240702_22:00:00   8.8048e-02   2.7245e+01   1.8000e+00   0.0000e+00   0.0000e+00   2.4918e+02
20240702_23:00:00   8.8780e-02   2.7370e+01   1.8287e+00   0.0000e+00   6.4917e-05   2.4906e+02
20240703_00:00:00   8.9540e-02   2.7577e+01   1.8390e+00   0.0000e+00   0.0000e+00   2.4795e+02
20240703_01:00:00   9.0847e-02   2.7847e+01   1.8819e+00   0.0000e+00   6.0480e-06   2.4907e+02
20240703_02:00:00   9.0391e-02   2.7711e+01   1.8794e+00   0.0000e+00   0.0000e+00   2.4891e+02
20240703_03:00:00   9.1493e-02   2.7921e+01   1.9223e+00   0.0000e+00   0.0000e+00   2.4642e+02
20240703_04:00:00   9.2367e-02   2.8076e+01   1.9586e+00   0.0000e+00   6.7200e-06   2.4523e+02
20240703_05:00:00   8.8441e-02   2.7154e+01   1.8554e+00   0.0000e+00   5.7440e-06   2.4503e+02
20240703_06:00:00   8.4855e-02   2.6291e+01   1.7632e+00   0.0000e+00   5.4700e-05   2.4460e+02
20240703_07:00:00   8.3059e-02   2.5867e+01   1.7144e+00   0.0000e+00   2.3520e-05   2.4421e+02
20240703_08:00:00   8.3309e-02   2.5905e+01   1.7286e+00   0.0000e+00   0.0000e+00   2.4384e+02
20240703_09:00:00   8.1479e-02   2.5448e+01   1.6842e+00   0.0000e+00   8.0640e-06   2.4431e+02
20240703_10:00:00   8.1461e-02   2.5432e+01   1.6870e+00   0.0000e+00   3.6080e-05   2.4199e+02
20240703_11:00:00   8.0849e-02   2.5281e+01   1.6744e+00   0.0000e+00   4.7040e-06   2.4306e+02
20240703_12:00:00   7.7344e-02   2.4476e+01   1.5716e+00   0.0000e+00   0.0000e+00   2.4451e+02
20240703_13:00:00   7.6638e-02   2.4307e+01   1.5533e+00   0.0000e+00   5.7440e-06   2.4446e+02
20240703_14:00:00   7.3426e-02   2.3578e+01   1.4585e+00   0.0000e+00   6.5720e-04   2.4279e+02
20240703_15:00:00   7.1470e-02   2.3149e+01   1.3956e+00   0.0000e+00   1.3438e-06   2.4328e+02
20240703_16:00:00   7.2096e-02   2.3326e+01   1.4074e+00   0.0000e+00   0.0000e+00   2.4522e+02
20240703_17:00:00   7.3408e-02   2.3640e+01   1.4457e+00   0.0000e+00   8.5600e-05   2.4627e+02
20240703_18:00:00   7.4804e-02   2.3959e+01   1.4898e+00   0.0000e+00   1.4308e-03   2.4534e+02
20240703_19:00:00   7.6714e-02   2.4434e+01   1.5400e+00   0.0000e+00   6.9920e-04   2.4440e+02
20240703_20:00:00   8.0543e-02   2.5335e+01   1.6437e+00   0.0000e+00   7.2620e-03   2.4421e+02
20240703_21:00:00   8.0937e-02   2.5486e+01   1.6449e+00   0.0000e+00   2.6301e-03   2.4471e+02
20240703_22:00:00   7.8653e-02   2.4933e+01   1.5820e+00   0.0000e+00   3.5484e-04   2.4509e+02
20240703_23:00:00   7.8475e-02   2.4880e+01   1.5756e+00   0.0000e+00   4.9826e-03   2.4483e+02
20240704_00:00:00   7.8217e-02   2.4801e+01   1.5701e+00   0.0000e+00   5.5982e-03   2.4515e+02
20240704_03:00:00   8.0397e-02   2.5354e+01   1.6143e+00   0.0000e+00   8.2610e-04   2.4514e+02
20240704_06:00:00   8.5261e-02   2.6539e+01   1.7336e+00   0.0000e+00   9.3060e-06   2.4374e+02
20240704_09:00:00   9.0514e-02   2.7909e+01   1.8402e+00   0.0000e+00   0.0000e+00   2.4067e+02
20240704_12:00:00   9.3268e-02   2.8603e+01   1.9027e+00   0.0000e+00   7.6600e-06   2.4888e+02
20240704_15:00:00   9.7737e-02   2.9607e+01   2.0301e+00   0.0000e+00   1.6354e-04   2.4854e+02
20240704_18:00:00   9.9224e-02   2.9891e+01   2.0654e+00   0.0000e+00   1.5034e-03   2.5071e+02
20240704_21:00:00   9.9709e-02   2.9941e+01   2.0654e+00   0.0000e+00   8.9856e-03   2.5376e+02
20240705_00:00:00   1.1437e-01   3.3016e+01   2.4776e+00   0.0000e+00   1.8359e-02   2.5630e+02
20240705_03:00:00   1.1192e-01   3.2517e+01   2.3793e+00   0.0000e+00   3.2884e-02   2.5849e+02
20240705_06:00:00   1.4072e-01   3.8956e+01   3.0657e+00   0.0000e+00   4.2614e-02   2.6365e+02
20240705_09:00:00   1.7281e-01   4.6554e+01   3.6584e+00   0.0000e+00   1.1573e-01   2.6026e+02
20240705_12:00:00   1.9260e-01   5.0946e+01   4.0502e+00   0.0000e+00   8.6496e-02   2.6025e+02
20240705_15:00:00   1.5332e-01   4.2445e+01   3.0483e+00   1.1386e-03   1.8130e-03   2.6487e+02
20240705_18:00:00   1.4055e-01   3.9544e+01   2.7641e+00   0.0000e+00   1.1310e-03   2.6736e+02
20240705_21:00:00   1.3222e-01   3.7588e+01   2.5579e+00   0.0000e+00   0.0000e+00   2.6976e+02
20240706_00:00:00   1.6437e-01   4.5009e+01   3.1648e+00   0.0000e+00   0.0000e+00   2.6942e+02
20240706_03:00:00   2.0044e-01   5.2838e+01   3.8549e+00   0.0000e+00   0.0000e+00   2.7041e+02
20240706_06:00:00   1.9724e-01   5.1965e+01   3.7805e+00   0.0000e+00   0.0000e+00   2.7462e+02
20240706_09:00:00   1.8438e-01   4.9245e+01   3.5036e+00   0.0000e+00   0.0000e+00   2.7354e+02
20240706_12:00:00   1.5424e-01   4.2688e+01   2.8649e+00   0.0000e+00   0.0000e+00   2.7053e+02
20240706_15:00:00   1.2812e-01   3.6787e+01   2.3358e+00   0.0000e+00   0.0000e+00   2.7259e+02
20240706_18:00:00   1.2001e-01   3.5079e+01   2.1848e+00   0.0000e+00   0.0000e+00   2.7560e+02
20240706_21:00:00   1.3714e-01   3.9323e+01   2.5425e+00   0.0000e+00   0.0000e+00   2.7487e+02
20240707_00:00:00   1.4281e-01   4.0603e+01   2.6989e+00   0.0000e+00   0.0000e+00   2.7812e+02
20240707_03:00:00   1.5257e-01   4.2656e+01   2.9607e+00   0.0000e+00   2.8744e-03   2.7263e+02
20240707_06:00:00   1.3214e-01   3.7787e+01   2.5678e+00   0.0000e+00   1.1533e-02   2.7473e+02
20240707_09:00:00   1.7878e-01   4.8320e+01   3.5791e+00   0.0000e+00   2.2782e-02   2.7496e+02
20240707_12:00:00   1.6328e-01   4.4748e+01   3.2866e+00   0.0000e+00   5.4649e-03   2.7120e+02
20240707_15:00:00   1.7815e-01   4.8366e+01   3.5708e+00   0.0000e+00   0.0000e+00   2.6940e+02
20240707_18:00:00   2.0670e-01   5.4965e+01   4.1013e+00   0.0000e+00   0.0000e+00   2.7116e+02
20240707_21:00:00   1.8566e-01   5.0219e+01   3.6766e+00   0.0000e+00   0.0000e+00   2.6712e+02
20240708_00:00:00   1.6421e-01   4.5283e+01   3.2523e+00   0.0000e+00   1.4258e-03   2.6909e+02
20240708_03:00:00   1.6325e-01   4.4809e+01   3.2637e+00   0.0000e+00   3.7715e-02   2.6801e+02
20240708_06:00:00   1.7092e-01   4.6250e+01   3.4226e+00   0.0000e+00   1.1990e-01   2.6708e+02
20240708_09:00:00   1.8521e-01   4.9268e+01   3.7271e+00   0.0000e+00   1.0885e-01   2.6631e+02
20240708_12:00:00   1.9383e-01   5.1350e+01   3.8959e+00   1.6800e-07   8.2880e-03   2.6324e+02
20240708_15:00:00   1.8220e-01   4.8697e+01   3.6875e+00   0.0000e+00   1.8026e-03   2.5863e+02
20240708_18:00:00   1.7537e-01   4.6986e+01   3.5954e+00   1.1102e-04   2.6045e-03   2.6106e+02
20240708_21:00:00   1.7075e-01   4.5780e+01   3.5292e+00   5.0880e-05   4.6921e-03   2.6185e+02
20240709_00:00:00   1.6291e-01   4.4210e+01   3.3105e+00   0.0000e+00   2.6465e-03   2.6208e+02
20240709_03:00:00   1.5361e-01   4.2589e+01   2.9266e+00   0.0000e+00   1.9730e-03   2.6052e+02
20240709_06:00:00   1.5531e-01   4.2778e+01   2.9714e+00   0.0000e+00   3.8699e-03   2.5989e+02
20240709_09:00:00   1.5761e-01   4.3259e+01   2.9629e+00   0.0000e+00   2.5759e-03   2.5928e+02
20240709_12:00:00   1.5652e-01   4.3044e+01   2.8809e+00   0.0000e+00   1.5748e-03   2.6220e+02
20240709_15:00:00   1.6431e-01   4.4680e+01   3.0532e+00   0.0000e+00   5.6329e-03   2.6622e+02
20240709_18:00:00   1.6699e-01   4.5258e+01   3.1062e+00   0.0000e+00   6.5465e-03   2.6796e+02
20240709_21:00:00   1.6798e-01   4.5405e+01   3.1519e+00   0.0000e+00   1.6706e-02   2.7064e+02
20240710_00:00:00   1.5649e-01   4.2778e+01   2.9865e+00   0.0000e+00   5.3856e-03   2.7531e+02
20240710_03:00:00   1.6096e-01   4.3578e+01   3.1707e+00   0.0000e+00   1.1687e-02   2.7982e+02
20240710_06:00:00   1.5260e-01   4.1649e+01   2.9755e+00   0.0000e+00   6.8216e-02   2.8410e+02
20240710_09:00:00   1.5460e-01   4.2079e+01   3.0205e+00   1.3270e-04   1.2282e-02   2.8243e+02
20240710_12:00:00   1.6630e-01   4.4510e+01   3.2910e+00   7.8510e-06   4.1585e-02   2.8235e+02
20240710_15:00:00   1.8557e-01   4.8623e+01   3.6760e+00   0.0000e+00   7.1371e-02   2.8079e+02
20240710_18:00:00   2.1836e-01   5.5592e+01   4.3006e+00   5.7760e-04   1.6520e-02   2.7773e+02
20240710_21:00:00   2.3290e-01   5.9001e+01   4.4146e+00   0.0000e+00   1.0311e-04   2.7518e+02
20240711_00:00:00   2.3009e-01   5.8729e+01   4.1547e+00   0.0000e+00   2.6560e-06   2.7758e+02
20240711_03:00:00   2.0477e-01   5.3644e+01   3.5576e+00   0.0000e+00   0.0000e+00   2.8413e+02
20240711_06:00:00   1.8111e-01   4.8562e+01   3.0830e+00   0.0000e+00   0.0000e+00   2.8247e+02
20240711_09:00:00   1.7523e-01   4.7262e+01   2.9509e+00   0.0000e+00   0.0000e+00   2.8100e+02
20240711_12:00:00   1.3564e-01   3.8403e+01   2.2311e+00   0.0000e+00   0.0000e+00   2.8485e+02
20240711_15:00:00   1.0114e-01   3.0354e+01   1.6180e+00   0.0000e+00   0.0000e+00   2.8484e+02
20240711_18:00:00   1.0823e-01   3.2115e+01   1.7904e+00   0.0000e+00   0.0000e+00   2.8476e+02
20240711_21:00:00   1.3213e-01   3.7789e+01   2.2672e+00   0.0000e+00   0.0000e+00   2.8432e+02
20240712_00:00:00   1.2476e-01   3.5986e+01   2.1732e+00   0.0000e+00   0.0000e+00   2.8274e+02
20240712_03:00:00   1.2563e-01   3.6020e+01   2.2610e+00   0.0000e+00   0.0000e+00   2.7703e+02
20240712_06:00:00   1.2511e-01   3.5715e+01   2.3239e+00   0.0000e+00   8.0640e-04   2.7638e+02
20240712_09:00:00   1.3974e-01   3.8830e+01   2.7115e+00   0.0000e+00   3.8563e-03   2.7407e+02
20240712_12:00:00   1.5203e-01   4.1492e+01   2.9957e+00   0.0000e+00   3.1373e-03   2.7311e+02
20240712_15:00:00   1.7167e-01   4.5712e+01   3.4458e+00   0.0000e+00   3.3260e-03   2.7511e+02
20240712_18:00:00   1.9609e-01   5.0963e+01   3.9352e+00   1.4102e-04   5.6482e-03   2.7413e+02
20240712_21:00:00   2.1365e-01   5.4554e+01   4.3058e+00   1.2688e-05   4.2907e-03   2.7262e+02
20240713_00:00:00   2.7616e-01   6.7019e+01   5.4744e+00   0.0000e+00   3.0189e-01   2.7319e+02
20240713_03:00:00   2.9160e-01   7.0202e+01   5.7614e+00   1.3440e-07   2.3878e-01   2.7297e+02
20240713_06:00:00   2.8779e-01   6.9282e+01   5.7658e+00   0.0000e+00   2.6265e-01   2.7332e+02
20240713_09:00:00   2.6302e-01   6.4411e+01   5.3586e+00   1.1746e-03   1.4487e-02   2.7350e+02
20240713_12:00:00   2.5338e-01   6.2539e+01   5.1902e+00   2.9710e-04   1.8871e-02   2.7306e+02
20240713_15:00:00   2.6285e-01   6.4714e+01   5.3586e+00   2.6860e-04   5.7005e-03   2.7391e+02
20240713_18:00:00   2.7719e-01   6.7612e+01   5.6717e+00   4.9820e-04   9.8282e-03   2.7435e+02
20240713_21:00:00   3.0167e-01   7.2447e+01   6.0548e+00   2.1661e-03   8.1093e-02   2.7114e+02
20240714_00:00:00   3.1528e-01   7.5154e+01   6.3329e+00   1.9706e-05   1.7706e-01   2.7159e+02
20240714_03:00:00   3.2944e-01   7.7893e+01   6.5844e+00   0.0000e+00   1.7522e-01   2.7091e+02
20240714_06:00:00   3.3167e-01   7.8355e+01   6.6310e+00   2.6959e-04   1.1879e-01   2.7332e+02
20240714_09:00:00   3.3420e-01   7.8698e+01   6.6149e+00   8.7960e-05   1.8013e-01   2.7844e+02
20240714_12:00:00   3.5083e-01   8.1809e+01   6.8448e+00   0.0000e+00   3.0013e-01   2.7844e+02
20240714_15:00:00   3.5255e-01   8.2337e+01   6.8620e+00   0.0000e+00   2.0898e-01   2.7548e+02
20240714_18:00:00   3.5189e-01   8.2706e+01   6.8051e+00   1.1720e-05   5.3294e-02   2.7356e+02
20240714_21:00:00   3.4064e-01   8.0875e+01   6.5435e+00   0.0000e+00   3.2606e-04   2.7225e+02
20240715_00:00:00   3.2992e-01   7.8889e+01   6.2412e+00   1.9150e-06   2.1938e-04   2.7029e+02
