#            date       tau255        Tb[K]      pwv[mm] lwp[kg*m^-2] iwp[kg*m^-2]       o3[DU]
20241127_12:00:00   1.0518e-01   3.2316e+01   1.8868e+00   0.0000e+00   0.0000e+00   2.7208e+02
20241127_13:00:00   1.0555e-01   3.2441e+01   1.9055e+00   0.0000e+00   0.0000e+00   2.7145e+02
20241127_14:00:00   1.1076e-01   3.3755e+01   2.0223e+00   0.0000e+00   0.0000e+00   2.7004e+02
20241127_15:00:00   1.2139e-01   3.6408e+01   2.2423e+00   0.0000e+00   0.0000e+00   2.7044e+02
20241127_16:00:00   1.4249e-01   4.1599e+01   2.6593e+00   0.0000e+00   0.0000e+00   2.6989e+02
20241127_17:00:00   1.6298e-01   4.6519e+01   3.0744e+00   0.0000e+00   0.0000e+00   2.6799e+02
20241127_18:00:00   1.8053e-01   5.0625e+01   3.4176e+00   0.0000e+00   0.0000e+00   2.6770e+02
20241127_19:00:00   1.8277e-01   5.1126e+01   3.4644e+00   0.0000e+00   0.0000e+00   2.6807e+02
20241127_20:00:00   1.8422e-01   5.1452e+01   3.4821e+00   0.0000e+00   0.0000e+00   2.6948e+02
20241127_21:00:00   1.8309e-01   5.1171e+01   3.4459e+00   0.0000e+00   0.0000e+00   2.7058e+02
20241127_22:00:00   1.6735e-01   4.7489e+01   3.1309e+00   0.0000e+00   0.0000e+00   2.7060e+02
20241127_23:00:00   1.4687e-01   4.2616e+01   2.7333e+00   0.0000e+00   0.0000e+00   2.7162e+02
20241128_00:00:00   1.3184e-01   3.8997e+01   2.4282e+00   0.0000e+00   0.0000e+00   2.7112e+02
20241128_01:00:00   1.2796e-01   3.8061e+01   2.3473e+00   0.0000e+00   0.0000e+00   2.6978e+02
20241128_02:00:00   1.2337e-01   3.6930e+01   2.2625e+00   0.0000e+00   0.0000e+00   2.6832e+02
20241128_03:00:00   1.1315e-01   3.4405e+01   2.0602e+00   0.0000e+00   0.0000e+00   2.6809e+02
20241128_04:00:00   1.0771e-01   3.3055e+01   1.9389e+00   0.0000e+00   0.0000e+00   2.6894e+02
20241128_05:00:00   1.0923e-01   3.3415e+01   1.9622e+00   0.0000e+00   0.0000e+00   2.6936e+02
20241128_06:00:00   1.1363e-01   3.4487e+01   2.0439e+00   0.0000e+00   0.0000e+00   2.7033e+02
20241128_07:00:00   1.1566e-01   3.4938e+01   2.0902e+00   0.0000e+00   0.0000e+00   2.7089e+02
20241128_08:00:00   1.1787e-01   3.5421e+01   2.1463e+00   0.0000e+00   0.0000e+00   2.7064e+02
20241128_09:00:00   1.2578e-01   3.7334e+01   2.3023e+00   0.0000e+00   0.0000e+00   2.7066e+02
20241128_10:00:00   1.3642e-01   3.9889e+01   2.5060e+00   0.0000e+00   0.0000e+00   2.6971e+02
20241128_11:00:00   1.4493e-01   4.1935e+01   2.6703e+00   0.0000e+00   0.0000e+00   2.7051e+02
20241128_12:00:00   1.4676e-01   4.2436e+01   2.7014e+00   0.0000e+00   0.0000e+00   2.7139e+02
20241128_13:00:00   1.5175e-01   4.3697e+01   2.7992e+00   0.0000e+00   0.0000e+00   2.7121e+02
20241128_14:00:00   1.5189e-01   4.3753e+01   2.8241e+00   0.0000e+00   0.0000e+00   2.7009e+02
20241128_15:00:00   1.5224e-01   4.3869e+01   2.8402e+00   0.0000e+00   0.0000e+00   2.7123e+02
20241128_16:00:00   1.5750e-01   4.5168e+01   2.9554e+00   0.0000e+00   0.0000e+00   2.7101e+02
20241128_17:00:00   1.6891e-01   4.7889e+01   3.2031e+00   0.0000e+00   0.0000e+00   2.7090e+02
20241128_18:00:00   1.7331e-01   4.8929e+01   3.3091e+00   0.0000e+00   0.0000e+00   2.6996e+02
20241128_19:00:00   1.7522e-01   4.9410e+01   3.3377e+00   0.0000e+00   0.0000e+00   2.6972e+02
20241128_20:00:00   1.7594e-01   4.9582e+01   3.3555e+00   0.0000e+00   0.0000e+00   2.6843e+02
20241128_21:00:00   1.6476e-01   4.6965e+01   3.1352e+00   0.0000e+00   0.0000e+00   2.6901e+02
20241128_22:00:00   1.5154e-01   4.3823e+01   2.8746e+00   0.0000e+00   0.0000e+00   2.6938e+02
20241128_23:00:00   1.3091e-01   3.8795e+01   2.4779e+00   0.0000e+00   0.0000e+00   2.6962e+02
20241129_00:00:00   1.2632e-01   3.7669e+01   2.3764e+00   0.0000e+00   0.0000e+00   2.7060e+02
20241129_01:00:00   1.1867e-01   3.5794e+01   2.2286e+00   0.0000e+00   0.0000e+00   2.7038e+02
20241129_02:00:00   1.1681e-01   3.5347e+01   2.1923e+00   0.0000e+00   0.0000e+00   2.7001e+02
20241129_03:00:00   1.1131e-01   3.3989e+01   2.0770e+00   0.0000e+00   0.0000e+00   2.6865e+02
20241129_04:00:00   1.1036e-01   3.3731e+01   2.0601e+00   0.0000e+00   0.0000e+00   2.6728e+02
20241129_05:00:00   1.0990e-01   3.3576e+01   2.0530e+00   0.0000e+00   0.0000e+00   2.6742e+02
20241129_06:00:00   1.0650e-01   3.2656e+01   2.0001e+00   0.0000e+00   0.0000e+00   2.6751e+02
20241129_07:00:00   1.0779e-01   3.2951e+01   2.0271e+00   0.0000e+00   0.0000e+00   2.6814e+02
20241129_08:00:00   1.0826e-01   3.3041e+01   2.0364e+00   0.0000e+00   0.0000e+00   2.6794e+02
20241129_09:00:00   1.1071e-01   3.3658e+01   2.0764e+00   0.0000e+00   0.0000e+00   2.6848e+02
20241129_10:00:00   1.1710e-01   3.5251e+01   2.1908e+00   0.0000e+00   0.0000e+00   2.7068e+02
20241129_11:00:00   1.1849e-01   3.5607e+01   2.2093e+00   0.0000e+00   0.0000e+00   2.7043e+02
20241129_12:00:00   1.1954e-01   3.5876e+01   2.2365e+00   0.0000e+00   0.0000e+00   2.7041e+02
20241129_13:00:00   1.2521e-01   3.7282e+01   2.3538e+00   0.0000e+00   0.0000e+00   2.7088e+02
20241129_14:00:00   1.2958e-01   3.8399e+01   2.4412e+00   0.0000e+00   0.0000e+00   2.6901e+02
20241129_15:00:00   1.3217e-01   3.9042e+01   2.5150e+00   0.0000e+00   0.0000e+00   2.6839e+02
20241129_16:00:00   1.4059e-01   4.1133e+01   2.6949e+00   0.0000e+00   0.0000e+00   2.6811e+02
20241129_17:00:00   1.3990e-01   4.1006e+01   2.6979e+00   0.0000e+00   0.0000e+00   2.6685e+02
20241129_18:00:00   1.4320e-01   4.1845e+01   2.7810e+00   0.0000e+00   0.0000e+00   2.6625e+02
20241129_19:00:00   1.4904e-01   4.3290e+01   2.8914e+00   0.0000e+00   0.0000e+00   2.6556e+02
20241129_20:00:00   1.4680e-01   4.2797e+01   2.8346e+00   0.0000e+00   0.0000e+00   2.6583e+02
20241129_21:00:00   1.3481e-01   3.9897e+01   2.5994e+00   0.0000e+00   0.0000e+00   2.6677e+02
20241129_22:00:00   1.3111e-01   3.8994e+01   2.5167e+00   0.0000e+00   0.0000e+00   2.6740e+02
20241129_23:00:00   1.1536e-01   3.5063e+01   2.2004e+00   0.0000e+00   0.0000e+00   2.6791e+02
20241130_00:00:00   1.0960e-01   3.3605e+01   2.0825e+00   0.0000e+00   0.0000e+00   2.6944e+02
20241130_01:00:00   1.1175e-01   3.4150e+01   2.1273e+00   0.0000e+00   0.0000e+00   2.6952e+02
20241130_02:00:00   1.1626e-01   3.5278e+01   2.2210e+00   0.0000e+00   0.0000e+00   2.6783e+02
20241130_03:00:00   1.2094e-01   3.6436e+01   2.3158e+00   0.0000e+00   0.0000e+00   2.6809e+02
20241130_04:00:00   1.2222e-01   3.6726e+01   2.3496e+00   0.0000e+00   0.0000e+00   2.6731e+02
20241130_05:00:00   1.2421e-01   3.7183e+01   2.3924e+00   0.0000e+00   0.0000e+00   2.6636e+02
20241130_06:00:00   1.2167e-01   3.6531e+01   2.3394e+00   0.0000e+00   0.0000e+00   2.6671e+02
20241130_07:00:00   1.2699e-01   3.7815e+01   2.4396e+00   0.0000e+00   0.0000e+00   2.6612e+02
20241130_08:00:00   1.3287e-01   3.9192e+01   2.5521e+00   0.0000e+00   0.0000e+00   2.6540e+02
20241130_09:00:00   1.3699e-01   4.0151e+01   2.6158e+00   0.0000e+00   0.0000e+00   2.6454e+02
20241130_10:00:00   1.3813e-01   4.0371e+01   2.6290e+00   0.0000e+00   0.0000e+00   2.6418e+02
20241130_11:00:00   1.3222e-01   3.8913e+01   2.5149e+00   0.0000e+00   0.0000e+00   2.6446e+02
20241130_12:00:00   1.3124e-01   3.8673e+01   2.4998e+00   0.0000e+00   0.0000e+00   2.6416e+02
20241130_13:00:00   1.3044e-01   3.8508e+01   2.4877e+00   0.0000e+00   0.0000e+00   2.6458e+02
20241130_14:00:00   1.3562e-01   3.9835e+01   2.5895e+00   0.0000e+00   0.0000e+00   2.6608e+02
20241130_15:00:00   1.5391e-01   4.4301e+01   2.9314e+00   0.0000e+00   0.0000e+00   2.6670e+02
20241130_16:00:00   1.7776e-01   4.9968e+01   3.3791e+00   0.0000e+00   0.0000e+00   2.6609e+02
20241130_17:00:00   1.9120e-01   5.3101e+01   3.6406e+00   0.0000e+00   0.0000e+00   2.6534e+02
20241130_18:00:00   1.9666e-01   5.4378e+01   3.7499e+00   0.0000e+00   0.0000e+00   2.6396e+02
20241130_19:00:00   1.8953e-01   5.2793e+01   3.6217e+00   0.0000e+00   0.0000e+00   2.6378e+02
20241130_20:00:00   1.8298e-01   5.1276e+01   3.5135e+00   0.0000e+00   0.0000e+00   2.6394e+02
20241130_21:00:00   1.8362e-01   5.1422e+01   3.5115e+00   0.0000e+00   0.0000e+00   2.6344e+02
20241130_22:00:00   1.6988e-01   4.8215e+01   3.2235e+00   0.0000e+00   0.0000e+00   2.6307e+02
20241130_23:00:00   1.4747e-01   4.2836e+01   2.7963e+00   0.0000e+00   0.0000e+00   2.6304e+02
20241201_00:00:00   1.4199e-01   4.1478e+01   2.6803e+00   0.0000e+00   0.0000e+00   2.6274e+02
20241201_01:00:00   1.4194e-01   4.1434e+01   2.6792e+00   0.0000e+00   0.0000e+00   2.6298e+02
20241201_02:00:00   1.3495e-01   3.9724e+01   2.5396e+00   0.0000e+00   0.0000e+00   2.6253e+02
20241201_03:00:00   1.3384e-01   3.9430e+01   2.5135e+00   0.0000e+00   0.0000e+00   2.6273e+02
20241201_04:00:00   1.2550e-01   3.7338e+01   2.3627e+00   0.0000e+00   0.0000e+00   2.6378e+02
20241201_05:00:00   1.2107e-01   3.6211e+01   2.2769e+00   0.0000e+00   0.0000e+00   2.6334e+02
20241201_06:00:00   1.2631e-01   3.7461e+01   2.3764e+00   0.0000e+00   0.0000e+00   2.6291e+02
20241201_07:00:00   1.2704e-01   3.7574e+01   2.3953e+00   0.0000e+00   0.0000e+00   2.6355e+02
20241201_08:00:00   1.2750e-01   3.7639e+01   2.4099e+00   0.0000e+00   0.0000e+00   2.6467e+02
20241201_09:00:00   1.3197e-01   3.8675e+01   2.5024e+00   0.0000e+00   0.0000e+00   2.6681e+02
20241201_10:00:00   1.2938e-01   3.8021e+01   2.4518e+00   0.0000e+00   0.0000e+00   2.6879e+02
20241201_11:00:00   1.3174e-01   3.8589e+01   2.4928e+00   0.0000e+00   0.0000e+00   2.6895e+02
20241201_12:00:00   1.2896e-01   3.7913e+01   2.4443e+00   0.0000e+00   0.0000e+00   2.6878e+02
20241201_13:00:00   1.2932e-01   3.8057e+01   2.4535e+00   0.0000e+00   0.0000e+00   2.6678e+02
20241201_14:00:00   1.2965e-01   3.8186e+01   2.4627e+00   0.0000e+00   0.0000e+00   2.6699e+02
20241201_15:00:00   1.5094e-01   4.3364e+01   2.8822e+00   0.0000e+00   0.0000e+00   2.6803e+02
20241201_16:00:00   1.5998e-01   4.5513e+01   3.0912e+00   0.0000e+00   0.0000e+00   2.6803e+02
20241201_17:00:00   1.6747e-01   4.7293e+01   3.2517e+00   0.0000e+00   0.0000e+00   2.6795e+02
20241201_18:00:00   1.8045e-01   5.0375e+01   3.4795e+00   0.0000e+00   0.0000e+00   2.6752e+02
20241201_19:00:00   1.9523e-01   5.3759e+01   3.7572e+00   0.0000e+00   0.0000e+00   2.6690e+02
20241201_20:00:00   1.9922e-01   5.4679e+01   3.8138e+00   0.0000e+00   0.0000e+00   2.6643e+02
20241201_21:00:00   1.9735e-01   5.4256e+01   3.7529e+00   0.0000e+00   0.0000e+00   2.6592e+02
20241201_22:00:00   1.7998e-01   5.0256e+01   3.4146e+00   0.0000e+00   0.0000e+00   2.6656e+02
20241201_23:00:00   1.7187e-01   4.8358e+01   3.2312e+00   0.0000e+00   0.0000e+00   2.6693e+02
20241202_00:00:00   1.6914e-01   4.7728e+01   3.1520e+00   0.0000e+00   0.0000e+00   2.6702e+02
20241202_01:00:00   1.5532e-01   4.4493e+01   2.8711e+00   0.0000e+00   0.0000e+00   2.6805e+02
20241202_02:00:00   1.4229e-01   4.1363e+01   2.6253e+00   0.0000e+00   0.0000e+00   2.6720e+02
20241202_03:00:00   1.3193e-01   3.8852e+01   2.4246e+00   0.0000e+00   0.0000e+00   2.6812e+02
20241202_04:00:00   1.1490e-01   3.4642e+01   2.1022e+00   0.0000e+00   0.0000e+00   2.6914e+02
20241202_05:00:00   1.0970e-01   3.3335e+01   1.9980e+00   0.0000e+00   0.0000e+00   2.6925e+02
20241202_06:00:00   1.1108e-01   3.3670e+01   2.0188e+00   0.0000e+00   0.0000e+00   2.7024e+02
20241202_07:00:00   1.1248e-01   3.4008e+01   2.0433e+00   0.0000e+00   0.0000e+00   2.7129e+02
20241202_08:00:00   1.1556e-01   3.4746e+01   2.1032e+00   0.0000e+00   0.0000e+00   2.7021e+02
20241202_09:00:00   1.1806e-01   3.5360e+01   2.1426e+00   0.0000e+00   0.0000e+00   2.6996e+02
20241202_10:00:00   1.2397e-01   3.6785e+01   2.2532e+00   0.0000e+00   0.0000e+00   2.6970e+02
20241202_11:00:00   1.3206e-01   3.8739e+01   2.4070e+00   0.0000e+00   0.0000e+00   2.7102e+02
20241202_12:00:00   1.3777e-01   4.0137e+01   2.5084e+00   0.0000e+00   0.0000e+00   2.7281e+02
20241202_15:00:00   1.5173e-01   4.3480e+01   2.8096e+00   0.0000e+00   0.0000e+00   2.7795e+02
20241202_18:00:00   1.5764e-01   4.4910e+01   2.9738e+00   0.0000e+00   0.0000e+00   2.7570e+02
20241202_21:00:00   1.9890e-01   5.4530e+01   3.6944e+00   0.0000e+00   0.0000e+00   2.7498e+02
20241203_00:00:00   1.6150e-01   4.5815e+01   2.9909e+00   0.0000e+00   0.0000e+00   2.7764e+02
20241203_03:00:00   1.3669e-01   3.9772e+01   2.5926e+00   0.0000e+00   0.0000e+00   2.7788e+02
20241203_06:00:00   1.7090e-01   4.7789e+01   3.3053e+00   0.0000e+00   0.0000e+00   2.7820e+02
20241203_09:00:00   1.6763e-01   4.6910e+01   3.2516e+00   0.0000e+00   0.0000e+00   2.7972e+02
20241203_12:00:00   1.6102e-01   4.5459e+01   3.0765e+00   0.0000e+00   0.0000e+00   2.8206e+02
20241203_15:00:00   1.6858e-01   4.7336e+01   3.2305e+00   0.0000e+00   0.0000e+00   2.8274e+02
20241203_18:00:00   1.8140e-01   5.0429e+01   3.5121e+00   0.0000e+00   0.0000e+00   2.8205e+02
20241203_21:00:00   1.8531e-01   5.1438e+01   3.5466e+00   0.0000e+00   0.0000e+00   2.8199e+02
20241204_00:00:00   1.5397e-01   4.4117e+01   2.9132e+00   0.0000e+00   0.0000e+00   2.8024e+02
20241204_03:00:00   1.3882e-01   4.0283e+01   2.6927e+00   0.0000e+00   0.0000e+00   2.8178e+02
20241204_06:00:00   1.7275e-01   4.8250e+01   3.4103e+00   0.0000e+00   0.0000e+00   2.7755e+02
20241204_09:00:00   1.7780e-01   4.9388e+01   3.4790e+00   0.0000e+00   0.0000e+00   2.7751e+02
20241204_12:00:00   1.6800e-01   4.7105e+01   3.2699e+00   0.0000e+00   0.0000e+00   2.7927e+02
20241204_15:00:00   1.6056e-01   4.5423e+01   3.1534e+00   0.0000e+00   0.0000e+00   2.8105e+02
20241204_18:00:00   2.1097e-01   5.7087e+01   4.1437e+00   0.0000e+00   0.0000e+00   2.8021e+02
20241204_21:00:00   2.1847e-01   5.8833e+01   4.2135e+00   0.0000e+00   0.0000e+00   2.8055e+02
20241205_00:00:00   1.8468e-01   5.1219e+01   3.4937e+00   0.0000e+00   0.0000e+00   2.7634e+02
20241205_03:00:00   1.2612e-01   3.7246e+01   2.3969e+00   0.0000e+00   0.0000e+00   2.7741e+02
20241205_06:00:00   1.7122e-01   4.8027e+01   3.2788e+00   0.0000e+00   0.0000e+00   2.7492e+02
20241205_09:00:00   1.7387e-01   4.8557e+01   3.3213e+00   0.0000e+00   0.0000e+00   2.7500e+02
20241205_12:00:00   1.6839e-01   4.7140e+01   3.2801e+00   0.0000e+00   0.0000e+00   2.7689e+02
20241205_15:00:00   1.6575e-01   4.6622e+01   3.2395e+00   0.0000e+00   0.0000e+00   2.7640e+02
20241205_18:00:00   1.8952e-01   5.2216e+01   3.7161e+00   0.0000e+00   0.0000e+00   2.7612e+02
20241205_21:00:00   1.8788e-01   5.1926e+01   3.6575e+00   0.0000e+00   0.0000e+00   2.7463e+02
20241206_00:00:00   1.4671e-01   4.2225e+01   2.8633e+00   0.0000e+00   0.0000e+00   2.7535e+02
20241206_03:00:00   1.2949e-01   3.7999e+01   2.5480e+00   0.0000e+00   0.0000e+00   2.7443e+02
20241206_06:00:00   1.3141e-01   3.8377e+01   2.6196e+00   0.0000e+00   0.0000e+00   2.7360e+02
20241206_09:00:00   1.4522e-01   4.1634e+01   2.9088e+00   0.0000e+00   6.1560e-04   2.7306e+02
20241206_12:00:00   1.6241e-01   4.5633e+01   3.2758e+00   0.0000e+00   1.3163e-03   2.7587e+02
20241206_15:00:00   1.7627e-01   4.9046e+01   3.5222e+00   0.0000e+00   3.5840e-05   2.7894e+02
20241206_18:00:00   1.9362e-01   5.3092e+01   3.8893e+00   0.0000e+00   6.0700e-04   2.7733e+02
20241206_21:00:00   1.9144e-01   5.2640e+01   3.8068e+00   0.0000e+00   0.0000e+00   2.7507e+02
20241207_00:00:00   1.6920e-01   4.7499e+01   3.2963e+00   0.0000e+00   0.0000e+00   2.7675e+02
20241207_03:00:00   1.3879e-01   4.0231e+01   2.7242e+00   0.0000e+00   0.0000e+00   2.7236e+02
20241207_06:00:00   1.3354e-01   3.8808e+01   2.6346e+00   0.0000e+00   7.5160e-05   2.7184e+02
20241207_09:00:00   1.3032e-01   3.7991e+01   2.5323e+00   0.0000e+00   0.0000e+00   2.7143e+02
20241207_12:00:00   1.4634e-01   4.1960e+01   2.8271e+00   0.0000e+00   0.0000e+00   2.7340e+02
20241207_15:00:00   1.6472e-01   4.6676e+01   3.1232e+00   0.0000e+00   0.0000e+00   2.7483e+02
20241207_18:00:00   1.6805e-01   4.7602e+01   3.2101e+00   0.0000e+00   0.0000e+00   2.7419e+02
20241207_21:00:00   1.9905e-01   5.4838e+01   3.7228e+00   0.0000e+00   0.0000e+00   2.7203e+02
20241208_00:00:00   1.7357e-01   4.8951e+01   3.2198e+00   0.0000e+00   0.0000e+00   2.7444e+02
20241208_03:00:00   1.6354e-01   4.6526e+01   3.1179e+00   0.0000e+00   0.0000e+00   2.7400e+02
20241208_06:00:00   1.8862e-01   5.2190e+01   3.6312e+00   0.0000e+00   0.0000e+00   2.7192e+02
20241208_09:00:00   1.9136e-01   5.2740e+01   3.6797e+00   0.0000e+00   0.0000e+00   2.7013e+02
20241208_12:00:00   1.9742e-01   5.4013e+01   3.8152e+00   0.0000e+00   0.0000e+00   2.7282e+02
20241208_15:00:00   1.8763e-01   5.1843e+01   3.6426e+00   0.0000e+00   0.0000e+00   2.7218e+02
20241208_18:00:00   1.6339e-01   4.6182e+01   3.2271e+00   0.0000e+00   0.0000e+00   2.7146e+02
20241208_21:00:00   2.2215e-01   5.9691e+01   4.3064e+00   0.0000e+00   0.0000e+00   2.7068e+02
20241209_00:00:00   2.2412e-01   5.9976e+01   4.3608e+00   0.0000e+00   0.0000e+00   2.7063e+02
20241209_03:00:00   1.9712e-01   5.3851e+01   3.8945e+00   0.0000e+00   0.0000e+00   2.7252e+02
20241209_06:00:00   1.9261e-01   5.2646e+01   3.8548e+00   0.0000e+00   0.0000e+00   2.7329e+02
20241209_09:00:00   1.9127e-01   5.2250e+01   3.8478e+00   0.0000e+00   0.0000e+00   2.7377e+02
20241209_12:00:00   1.9260e-01   5.2557e+01   3.8967e+00   0.0000e+00   0.0000e+00   2.7695e+02
20241209_15:00:00   2.0324e-01   5.5183e+01   4.1146e+00   0.0000e+00   0.0000e+00   2.7606e+02
20241209_18:00:00   2.3464e-01   6.2487e+01   4.6840e+00   0.0000e+00   0.0000e+00   2.7373e+02
20241209_21:00:00   2.4818e-01   6.5604e+01   4.9276e+00   0.0000e+00   0.0000e+00   2.7030e+02
20241210_00:00:00   2.1559e-01   5.8503e+01   4.2315e+00   0.0000e+00   0.0000e+00   2.7171e+02
20241210_03:00:00   1.8970e-01   5.2638e+01   3.7346e+00   0.0000e+00   0.0000e+00   2.7155e+02
20241210_06:00:00   1.7317e-01   4.8690e+01   3.4465e+00   0.0000e+00   0.0000e+00   2.7144e+02
20241210_09:00:00   1.6952e-01   4.7749e+01   3.3718e+00   0.0000e+00   0.0000e+00   2.7316e+02
20241210_12:00:00   1.6677e-01   4.7182e+01   3.2852e+00   0.0000e+00   1.3182e-05   2.7448e+02
20241210_15:00:00   1.7538e-01   4.9309e+01   3.4292e+00   0.0000e+00   0.0000e+00   2.7233e+02
20241210_18:00:00   2.1126e-01   5.7692e+01   4.1062e+00   0.0000e+00   0.0000e+00   2.6897e+02
20241210_21:00:00   2.0176e-01   5.5734e+01   3.9017e+00   0.0000e+00   0.0000e+00   2.7112e+02
20241211_00:00:00   1.8538e-01   5.1913e+01   3.5233e+00   0.0000e+00   0.0000e+00   2.6950e+02
20241211_03:00:00   1.5768e-01   4.5357e+01   3.0091e+00   0.0000e+00   2.2400e-05   2.6760e+02
20241211_06:00:00   1.4282e-01   4.1706e+01   2.7256e+00   0.0000e+00   7.4266e-05   2.6765e+02
20241211_09:00:00   1.3446e-01   3.9636e+01   2.5536e+00   0.0000e+00   0.0000e+00   2.6927e+02
20241211_12:00:00   1.3623e-01   4.0029e+01   2.6117e+00   0.0000e+00   0.0000e+00   2.6657e+02
20241211_15:00:00   1.5490e-01   4.4572e+01   3.0265e+00   0.0000e+00   0.0000e+00   2.6677e+02
20241211_18:00:00   1.8994e-01   5.2971e+01   3.7643e+00   0.0000e+00   0.0000e+00   2.6424e+02
20241211_21:00:00   2.0524e-01   5.6645e+01   4.0278e+00   0.0000e+00   0.0000e+00   2.6581e+02
20241212_00:00:00   1.7579e-01   4.9841e+01   3.4070e+00   0.0000e+00   9.6440e-05   2.6753e+02
20241212_03:00:00   1.3071e-01   3.8837e+01   2.5605e+00   0.0000e+00   2.6860e-03   2.6700e+02
20241212_06:00:00   1.1487e-01   3.4932e+01   2.2201e+00   0.0000e+00   0.0000e+00   2.6779e+02
20241212_09:00:00   1.1422e-01   3.4580e+01   2.2580e+00   0.0000e+00   0.0000e+00   2.6822e+02
20241212_12:00:00   1.1167e-01   3.3850e+01   2.2414e+00   0.0000e+00   0.0000e+00   2.6974e+02
20241212_15:00:00   1.3827e-01   4.0603e+01   2.7905e+00   0.0000e+00   0.0000e+00   2.6857e+02
20241212_18:00:00   1.7894e-01   5.0541e+01   3.6392e+00   0.0000e+00   0.0000e+00   2.6764e+02
20241212_21:00:00   1.7869e-01   5.0711e+01   3.5737e+00   0.0000e+00   9.2500e-06   2.6557e+02
20241213_00:00:00   1.6696e-01   4.7989e+01   3.2914e+00   0.0000e+00   0.0000e+00   2.6807e+02
20241213_03:00:00   1.3499e-01   4.0113e+01   2.7162e+00   0.0000e+00   0.0000e+00   2.6883e+02
20241213_06:00:00   1.5872e-01   4.5524e+01   3.3172e+00   0.0000e+00   0.0000e+00   2.6627e+02
20241213_09:00:00   1.7410e-01   4.8993e+01   3.6424e+00   0.0000e+00   0.0000e+00   2.6750e+02
20241213_12:00:00   1.7774e-01   4.9757e+01   3.7328e+00   0.0000e+00   0.0000e+00   2.6886e+02
