#            date       tau255        Tb[K]      pwv[mm] lwp[kg*m^-2] iwp[kg*m^-2]       o3[DU]
20250616_06:00:00   3.9599e-01   9.0576e+01   7.2922e+00   6.7801e-03   1.8692e-02   2.7708e+02
20250616_07:00:00   4.2712e-01   9.5774e+01   7.4255e+00   1.7772e-02   3.3441e-02   2.7710e+02
20250616_08:00:00   4.3278e-01   9.6650e+01   7.3258e+00   2.1650e-02   6.0446e-02   2.8049e+02
20250616_09:00:00   4.1086e-01   9.2926e+01   7.1268e+00   1.5156e-02   8.5466e-02   2.8146e+02
20250616_10:00:00   4.2243e-01   9.4755e+01   7.0998e+00   2.0207e-02   1.4781e-01   2.8188e+02
20250616_11:00:00   3.9906e-01   9.0707e+01   6.9269e+00   1.2998e-02   1.5205e-01   2.8015e+02
20250616_12:00:00   3.4958e-01   8.2149e+01   6.1996e+00   6.1760e-03   4.0213e-02   2.7700e+02
20250616_13:00:00   3.1946e-01   7.6626e+01   5.8013e+00   1.2018e-03   2.2453e-02   2.7522e+02
20250616_14:00:00   3.0660e-01   7.4265e+01   5.4677e+00   2.0619e-03   7.7224e-03   2.7461e+02
20250616_15:00:00   2.9795e-01   7.2741e+01   5.2791e+00   1.1504e-03   1.3914e-03   2.7386e+02
20250616_16:00:00   2.8953e-01   7.1209e+01   5.0447e+00   2.0723e-03   1.2136e-03   2.7471e+02
20250616_17:00:00   2.8014e-01   6.9404e+01   4.8398e+00   2.3760e-03   1.1307e-03   2.7380e+02
20250616_18:00:00   2.7288e-01   6.7942e+01   4.7107e+00   2.2918e-03   1.4173e-03   2.7599e+02
20250616_19:00:00   2.5918e-01   6.5253e+01   4.5219e+00   3.8697e-04   7.1599e-04   2.7658e+02
20250616_20:00:00   2.3969e-01   6.1405e+01   4.1776e+00   0.0000e+00   5.4260e-05   2.7707e+02
20250616_21:00:00   2.2280e-01   5.7950e+01   3.8799e+00   0.0000e+00   0.0000e+00   2.7663e+02
20250616_22:00:00   2.1102e-01   5.5498e+01   3.6782e+00   0.0000e+00   0.0000e+00   2.7697e+02
20250616_23:00:00   1.9906e-01   5.2954e+01   3.4689e+00   0.0000e+00   0.0000e+00   2.7651e+02
20250617_00:00:00   1.8653e-01   5.0237e+01   3.2511e+00   0.0000e+00   0.0000e+00   2.7691e+02
20250617_01:00:00   1.7456e-01   4.7578e+01   3.0485e+00   0.0000e+00   0.0000e+00   2.7697e+02
20250617_02:00:00   1.6965e-01   4.6475e+01   2.9662e+00   0.0000e+00   0.0000e+00   2.8008e+02
20250617_03:00:00   1.6954e-01   4.6453e+01   2.9751e+00   0.0000e+00   0.0000e+00   2.8062e+02
20250617_04:00:00   1.6286e-01   4.4916e+01   2.8689e+00   0.0000e+00   0.0000e+00   2.8097e+02
20250617_05:00:00   1.5747e-01   4.3671e+01   2.7826e+00   0.0000e+00   0.0000e+00   2.7970e+02
20250617_06:00:00   1.5138e-01   4.2280e+01   2.6750e+00   0.0000e+00   0.0000e+00   2.8063e+02
20250617_07:00:00   1.4775e-01   4.1431e+01   2.6147e+00   0.0000e+00   0.0000e+00   2.8128e+02
20250617_08:00:00   1.4925e-01   4.1725e+01   2.6629e+00   0.0000e+00   0.0000e+00   2.8397e+02
20250617_09:00:00   1.5272e-01   4.2423e+01   2.7488e+00   0.0000e+00   0.0000e+00   2.8465e+02
20250617_10:00:00   1.6578e-01   4.5378e+01   2.9863e+00   0.0000e+00   0.0000e+00   2.8667e+02
20250617_11:00:00   1.8060e-01   4.8701e+01   3.2436e+00   0.0000e+00   0.0000e+00   2.8785e+02
20250617_12:00:00   1.8715e-01   5.0185e+01   3.3448e+00   0.0000e+00   0.0000e+00   2.8828e+02
20250617_13:00:00   1.9027e-01   5.0895e+01   3.3884e+00   0.0000e+00   0.0000e+00   2.8845e+02
20250617_14:00:00   1.9909e-01   5.2803e+01   3.5450e+00   0.0000e+00   0.0000e+00   2.8952e+02
20250617_15:00:00   2.0517e-01   5.4070e+01   3.6622e+00   0.0000e+00   0.0000e+00   2.8881e+02
20250617_16:00:00   2.1181e-01   5.5445e+01   3.7795e+00   0.0000e+00   0.0000e+00   2.8761e+02
20250617_17:00:00   2.1734e-01   5.6550e+01   3.8737e+00   0.0000e+00   0.0000e+00   2.8719e+02
20250617_18:00:00   2.1617e-01   5.6242e+01   3.8543e+00   0.0000e+00   0.0000e+00   2.8610e+02
20250617_19:00:00   1.9444e-01   5.1484e+01   3.4795e+00   0.0000e+00   0.0000e+00   2.8705e+02
20250617_20:00:00   1.9570e-01   5.1720e+01   3.4939e+00   0.0000e+00   0.0000e+00   2.8755e+02
20250617_21:00:00   2.0351e-01   5.3443e+01   3.5907e+00   0.0000e+00   0.0000e+00   2.8705e+02
20250617_22:00:00   2.1694e-01   5.6399e+01   3.7615e+00   0.0000e+00   0.0000e+00   2.8669e+02
20250617_23:00:00   2.2803e-01   5.8779e+01   3.9025e+00   0.0000e+00   0.0000e+00   2.8606e+02
20250618_00:00:00   2.1823e-01   5.6736e+01   3.7175e+00   0.0000e+00   0.0000e+00   2.8523e+02
20250618_01:00:00   2.0532e-01   5.4019e+01   3.4846e+00   3.8670e-05   0.0000e+00   2.8489e+02
20250618_02:00:00   2.0880e-01   5.4806e+01   3.5153e+00   3.2760e-04   0.0000e+00   2.8486e+02
20250618_03:00:00   2.1685e-01   5.6590e+01   3.6516e+00   0.0000e+00   0.0000e+00   2.8489e+02
20250618_04:00:00   2.1800e-01   5.6881e+01   3.6525e+00   0.0000e+00   0.0000e+00   2.8566e+02
20250618_05:00:00   2.2269e-01   5.7854e+01   3.7268e+00   0.0000e+00   0.0000e+00   2.8685e+02
20250618_06:00:00   2.1759e-01   5.6680e+01   3.6762e+00   0.0000e+00   0.0000e+00   2.8829e+02
20250618_07:00:00   2.1367e-01   5.5732e+01   3.6635e+00   0.0000e+00   0.0000e+00   2.8758e+02
20250618_08:00:00   2.1767e-01   5.6447e+01   3.7871e+00   0.0000e+00   0.0000e+00   2.8615e+02
20250618_09:00:00   2.1667e-01   5.6162e+01   3.7918e+00   0.0000e+00   0.0000e+00   2.8691e+02
20250618_10:00:00   2.1647e-01   5.6147e+01   3.7706e+00   0.0000e+00   0.0000e+00   2.8567e+02
20250618_11:00:00   2.1653e-01   5.6131e+01   3.7848e+00   0.0000e+00   0.0000e+00   2.8565e+02
20250618_12:00:00   2.1737e-01   5.6246e+01   3.8264e+00   0.0000e+00   0.0000e+00   2.8685e+02
20250618_13:00:00   2.2561e-01   5.7920e+01   3.9978e+00   0.0000e+00   0.0000e+00   2.8734e+02
20250618_14:00:00   2.2865e-01   5.8530e+01   4.0693e+00   0.0000e+00   0.0000e+00   2.8779e+02
20250618_15:00:00   2.3179e-01   5.9166e+01   4.1349e+00   0.0000e+00   0.0000e+00   2.8882e+02
20250618_16:00:00   2.3464e-01   5.9784e+01   4.1815e+00   0.0000e+00   6.7193e-06   2.8883e+02
20250618_17:00:00   2.5306e-01   6.3681e+01   4.4671e+00   2.0840e-05   3.2760e-05   2.9227e+02
20250618_18:00:00   2.7518e-01   6.8290e+01   4.8107e+00   1.0080e-05   3.3254e-05   2.9408e+02
20250618_19:00:00   3.0478e-01   7.4258e+01   5.2560e+00   0.0000e+00   7.5260e-06   2.9488e+02
20250618_20:00:00   3.3301e-01   7.9769e+01   5.6557e+00   0.0000e+00   2.6878e-06   2.9628e+02
20250618_21:00:00   3.4651e-01   8.2304e+01   5.8463e+00   0.0000e+00   3.6728e-05   3.0028e+02
20250618_22:00:00   3.2364e-01   7.8120e+01   5.4261e+00   0.0000e+00   0.0000e+00   3.0165e+02
20250618_23:00:00   2.9744e-01   7.3102e+01   5.0220e+00   0.0000e+00   0.0000e+00   3.0386e+02
20250619_00:00:00   2.7620e-01   6.8921e+01   4.7270e+00   0.0000e+00   0.0000e+00   3.0263e+02
20250619_01:00:00   2.7960e-01   6.9612e+01   4.8093e+00   0.0000e+00   0.0000e+00   3.0049e+02
20250619_02:00:00   2.2578e-01   5.8644e+01   3.8944e+00   0.0000e+00   0.0000e+00   2.9888e+02
20250619_03:00:00   1.6641e-01   4.5697e+01   2.8938e+00   0.0000e+00   0.0000e+00   2.9408e+02
20250619_04:00:00   1.2836e-01   3.6884e+01   2.2492e+00   0.0000e+00   0.0000e+00   2.9160e+02
20250619_05:00:00   1.4320e-01   4.0323e+01   2.5333e+00   0.0000e+00   0.0000e+00   2.8775e+02
20250619_06:00:00   1.3439e-01   3.8279e+01   2.3756e+00   0.0000e+00   0.0000e+00   2.8307e+02
20250619_07:00:00   1.1895e-01   3.4645e+01   2.0868e+00   0.0000e+00   0.0000e+00   2.8223e+02
20250619_08:00:00   1.0509e-01   3.1359e+01   1.8184e+00   0.0000e+00   0.0000e+00   2.7947e+02
20250619_09:00:00   9.3972e-02   2.8704e+01   1.5927e+00   0.0000e+00   0.0000e+00   2.7736e+02
20250619_10:00:00   8.7067e-02   2.7050e+01   1.4492e+00   0.0000e+00   0.0000e+00   2.7506e+02
20250619_11:00:00   8.2640e-02   2.5989e+01   1.3622e+00   0.0000e+00   0.0000e+00   2.7409e+02
20250619_12:00:00   7.9711e-02   2.5278e+01   1.3071e+00   0.0000e+00   0.0000e+00   2.7431e+02
20250619_13:00:00   7.6028e-02   2.4380e+01   1.2375e+00   0.0000e+00   0.0000e+00   2.7416e+02
20250619_14:00:00   7.3057e-02   2.3641e+01   1.1892e+00   0.0000e+00   0.0000e+00   2.7403e+02
20250619_15:00:00   7.3128e-02   2.3648e+01   1.2076e+00   0.0000e+00   0.0000e+00   2.7242e+02
20250619_16:00:00   7.3000e-02   2.3614e+01   1.2205e+00   0.0000e+00   0.0000e+00   2.7203e+02
20250619_17:00:00   7.4301e-02   2.3925e+01   1.2687e+00   0.0000e+00   0.0000e+00   2.7253e+02
20250619_18:00:00   7.8828e-02   2.5020e+01   1.3868e+00   0.0000e+00   0.0000e+00   2.6935e+02
20250619_19:00:00   8.2586e-02   2.5903e+01   1.4921e+00   0.0000e+00   0.0000e+00   2.6893e+02
20250619_20:00:00   8.4751e-02   2.6389e+01   1.5581e+00   0.0000e+00   0.0000e+00   2.6904e+02
20250619_21:00:00   8.3844e-02   2.6139e+01   1.5442e+00   0.0000e+00   0.0000e+00   2.6891e+02
20250619_22:00:00   8.1766e-02   2.5602e+01   1.4999e+00   0.0000e+00   0.0000e+00   2.6753e+02
20250619_23:00:00   7.7879e-02   2.4618e+01   1.4087e+00   0.0000e+00   0.0000e+00   2.6547e+02
20250620_00:00:00   7.3381e-02   2.3482e+01   1.3065e+00   0.0000e+00   0.0000e+00   2.6678e+02
20250620_01:00:00   7.0686e-02   2.2814e+01   1.2441e+00   0.0000e+00   0.0000e+00   2.6670e+02
20250620_02:00:00   6.9104e-02   2.2409e+01   1.2068e+00   0.0000e+00   0.0000e+00   2.6750e+02
20250620_03:00:00   6.8128e-02   2.2142e+01   1.1844e+00   0.0000e+00   0.0000e+00   2.6801e+02
20250620_04:00:00   6.8866e-02   2.2258e+01   1.2096e+00   0.0000e+00   0.0000e+00   2.6956e+02
20250620_05:00:00   6.8827e-02   2.2212e+01   1.2136e+00   0.0000e+00   0.0000e+00   2.7003e+02
20250620_06:00:00   6.5174e-02   2.1310e+01   1.1240e+00   0.0000e+00   0.0000e+00   2.7083e+02
20250620_07:00:00   6.1899e-02   2.0529e+01   1.0394e+00   0.0000e+00   0.0000e+00   2.7179e+02
20250620_08:00:00   6.1475e-02   2.0454e+01   1.0242e+00   0.0000e+00   0.0000e+00   2.7062e+02
20250620_09:00:00   6.0084e-02   2.0133e+01   9.8566e-01   0.0000e+00   0.0000e+00   2.6992e+02
20250620_10:00:00   5.9967e-02   2.0100e+01   9.8225e-01   0.0000e+00   0.0000e+00   2.6898e+02
20250620_11:00:00   5.9105e-02   1.9887e+01   9.6152e-01   0.0000e+00   0.0000e+00   2.6891e+02
20250620_12:00:00   5.8119e-02   1.9649e+01   9.3727e-01   0.0000e+00   0.0000e+00   2.6902e+02
20250620_13:00:00   5.8474e-02   1.9766e+01   9.4268e-01   0.0000e+00   0.0000e+00   2.6840e+02
20250620_14:00:00   5.8844e-02   1.9883e+01   9.5164e-01   0.0000e+00   0.0000e+00   2.6681e+02
20250620_15:00:00   5.9150e-02   1.9957e+01   9.6206e-01   0.0000e+00   0.0000e+00   2.6626e+02
20250620_16:00:00   5.9999e-02   2.0168e+01   9.8553e-01   0.0000e+00   0.0000e+00   2.6559e+02
20250620_17:00:00   6.1522e-02   2.0543e+01   1.0258e+00   0.0000e+00   0.0000e+00   2.6563e+02
20250620_18:00:00   6.2373e-02   2.0742e+01   1.0504e+00   0.0000e+00   0.0000e+00   2.6566e+02
20250620_19:00:00   6.6758e-02   2.1853e+01   1.1551e+00   0.0000e+00   0.0000e+00   2.6530e+02
20250620_20:00:00   6.9061e-02   2.2420e+01   1.2115e+00   0.0000e+00   1.8500e-04   2.6526e+02
20250620_21:00:00   6.8440e-02   2.2223e+01   1.2027e+00   0.0000e+00   1.8924e-03   2.6424e+02
20250620_22:00:00   6.8471e-02   2.2209e+01   1.2048e+00   0.0000e+00   2.4840e-03   2.6438e+02
20250620_23:00:00   6.9427e-02   2.2432e+01   1.2252e+00   0.0000e+00   2.3840e-03   2.6494e+02
20250621_00:00:00   7.0483e-02   2.2674e+01   1.2517e+00   0.0000e+00   1.4490e-03   2.6567e+02
20250621_01:00:00   7.4178e-02   2.3595e+01   1.3347e+00   0.0000e+00   2.4100e-03   2.6635e+02
20250621_02:00:00   7.7936e-02   2.4553e+01   1.4134e+00   0.0000e+00   2.9320e-03   2.6728e+02
20250621_03:00:00   7.9486e-02   2.4930e+01   1.4464e+00   0.0000e+00   6.0760e-03   2.6814e+02
20250621_04:00:00   8.0576e-02   2.5200e+01   1.4622e+00   0.0000e+00   7.0920e-03   2.6894e+02
20250621_05:00:00   8.0993e-02   2.5290e+01   1.4693e+00   0.0000e+00   3.8282e-03   2.7047e+02
20250621_06:00:00   8.5048e-02   2.6271e+01   1.5505e+00   0.0000e+00   1.2470e-02   2.7247e+02
20250621_09:00:00   9.1476e-02   2.7768e+01   1.6777e+00   0.0000e+00   2.7685e-02   2.8049e+02
20250621_12:00:00   1.0189e-01   3.0188e+01   1.9043e+00   0.0000e+00   3.7232e-02   2.8636e+02
20250621_15:00:00   1.3516e-01   3.8311e+01   2.5226e+00   0.0000e+00   1.9281e-02   2.9681e+02
20250621_18:00:00   1.2007e-01   3.4560e+01   2.2339e+00   0.0000e+00   1.6273e-03   3.0195e+02
20250621_21:00:00   1.3308e-01   3.7262e+01   2.4339e+00   1.7740e-03   1.9908e-02   3.0545e+02
20250622_00:00:00   1.5180e-01   4.1494e+01   2.8173e+00   0.0000e+00   4.6529e-02   3.1284e+02
20250622_03:00:00   1.7026e-01   4.6133e+01   2.6782e+00   7.9426e-03   0.0000e+00   3.1391e+02
20250622_06:00:00   1.7516e-01   4.6537e+01   3.2955e+00   5.9140e-05   2.1289e-03   3.1303e+02
20250622_09:00:00   2.7752e-01   6.8040e+01   4.4545e+00   1.7321e-02   4.1321e-02   3.1648e+02
20250622_12:00:00   2.6811e-01   6.5377e+01   5.0503e+00   0.0000e+00   2.1512e-01   3.2027e+02
20250622_15:00:00   2.5835e-01   6.3233e+01   4.8278e+00   0.0000e+00   2.3285e-01   3.2085e+02
20250622_18:00:00   3.1098e-01   7.3854e+01   5.7354e+00   1.1332e-04   2.0921e-01   3.2970e+02
20250622_21:00:00   3.2934e-01   7.7741e+01   6.0178e+00   0.0000e+00   2.1842e-02   3.3212e+02
20250623_00:00:00   3.0908e-01   7.4124e+01   5.6615e+00   0.0000e+00   9.7186e-04   3.3810e+02
20250623_03:00:00   3.0112e-01   7.2737e+01   5.5117e+00   0.0000e+00   2.6568e-03   3.4359e+02
20250623_06:00:00   2.9406e-01   7.1355e+01   5.3949e+00   0.0000e+00   1.2722e-02   3.3869e+02
20250623_09:00:00   2.8948e-01   7.0582e+01   5.3142e+00   0.0000e+00   1.8694e-03   3.3458e+02
20250623_12:00:00   2.5776e-01   6.4631e+01   4.7288e+00   0.0000e+00   2.1180e-06   3.1829e+02
20250623_15:00:00   2.1924e-01   5.7046e+01   4.0079e+00   0.0000e+00   0.0000e+00   3.0797e+02
20250623_18:00:00   1.9052e-01   5.1272e+01   3.4560e+00   0.0000e+00   0.0000e+00   2.9925e+02
20250623_21:00:00   1.7051e-01   4.7069e+01   3.0898e+00   0.0000e+00   0.0000e+00   2.9471e+02
20250624_00:00:00   1.1547e-01   3.4244e+01   2.0391e+00   0.0000e+00   0.0000e+00   2.9054e+02
20250624_03:00:00   9.2698e-02   2.8621e+01   1.6042e+00   0.0000e+00   0.0000e+00   2.8555e+02
20250624_06:00:00   8.3400e-02   2.6296e+01   1.4210e+00   0.0000e+00   0.0000e+00   2.8492e+02
20250624_09:00:00   7.5213e-02   2.4174e+01   1.2687e+00   0.0000e+00   0.0000e+00   2.8564e+02
20250624_12:00:00   8.0046e-02   2.5355e+01   1.3934e+00   0.0000e+00   0.0000e+00   2.8471e+02
20250624_15:00:00   9.0759e-02   2.8058e+01   1.6421e+00   0.0000e+00   0.0000e+00   2.8285e+02
20250624_18:00:00   9.3481e-02   2.8745e+01   1.7127e+00   0.0000e+00   0.0000e+00   2.7925e+02
20250624_21:00:00   8.7653e-02   2.7354e+01   1.5740e+00   0.0000e+00   0.0000e+00   2.7926e+02
20250625_00:00:00   8.2080e-02   2.5910e+01   1.4689e+00   0.0000e+00   0.0000e+00   2.7835e+02
20250625_03:00:00   8.7912e-02   2.7422e+01   1.5914e+00   0.0000e+00   0.0000e+00   2.7943e+02
20250625_06:00:00   1.1269e-01   3.3625e+01   2.1096e+00   0.0000e+00   0.0000e+00   2.7769e+02
20250625_09:00:00   1.2090e-01   3.5492e+01   2.2895e+00   0.0000e+00   0.0000e+00   2.7778e+02
20250625_12:00:00   1.1333e-01   3.3551e+01   2.1283e+00   0.0000e+00   0.0000e+00   2.7805e+02
20250625_15:00:00   1.2528e-01   3.6399e+01   2.3790e+00   0.0000e+00   0.0000e+00   2.7828e+02
20250625_18:00:00   1.4796e-01   4.1619e+01   2.8529e+00   0.0000e+00   3.3960e-04   2.7623e+02
20250625_21:00:00   1.5345e-01   4.2805e+01   2.9384e+00   0.0000e+00   7.2020e-04   2.7903e+02
20250626_00:00:00   1.4644e-01   4.1063e+01   2.7674e+00   0.0000e+00   2.5120e-03   2.7965e+02
20250626_03:00:00   1.3999e-01   3.9755e+01   2.5221e+00   0.0000e+00   0.0000e+00   2.8150e+02
20250626_06:00:00   1.3585e-01   3.8788e+01   2.3787e+00   0.0000e+00   0.0000e+00   2.8388e+02
20250626_09:00:00   1.3534e-01   3.8585e+01   2.3047e+00   0.0000e+00   0.0000e+00   2.9035e+02
20250626_12:00:00   1.1640e-01   3.4172e+01   1.9009e+00   0.0000e+00   0.0000e+00   2.9173e+02
20250626_15:00:00   1.0566e-01   3.1652e+01   1.7065e+00   0.0000e+00   0.0000e+00   2.8635e+02
20250626_18:00:00   8.9292e-02   2.7692e+01   1.4216e+00   0.0000e+00   0.0000e+00   2.8205e+02
20250626_21:00:00   8.5490e-02   2.6667e+01   1.3987e+00   0.0000e+00   0.0000e+00   2.8421e+02
20250627_00:00:00   7.5702e-02   2.4027e+01   1.2709e+00   0.0000e+00   1.1564e-05   2.8215e+02
20250627_03:00:00   7.1681e-02   2.2775e+01   1.2477e+00   0.0000e+00   0.0000e+00   2.7515e+02
20250627_06:00:00   6.8489e-02   2.1756e+01   1.2261e+00   0.0000e+00   1.4408e-03   2.7304e+02
20250627_09:00:00   7.4651e-02   2.3485e+01   1.3490e+00   0.0000e+00   3.7796e-03   2.7493e+02
20250627_12:00:00   8.8348e-02   2.6976e+01   1.6323e+00   0.0000e+00   4.6906e-03   2.8088e+02
20250627_15:00:00   8.5040e-02   2.6061e+01   1.5810e+00   0.0000e+00   5.9765e-03   2.8759e+02
20250627_18:00:00   8.0635e-02   2.5008e+01   1.4679e+00   0.0000e+00   3.2274e-03   2.9834e+02
20250627_21:00:00   7.5358e-02   2.3597e+01   1.3369e+00   0.0000e+00   2.9692e-02   2.9792e+02
20250628_00:00:00   7.7247e-02   2.4175e+01   1.3291e+00   0.0000e+00   2.3099e-02   3.0376e+02
20250628_03:00:00   9.5395e-02   2.8652e+01   1.6844e+00   0.0000e+00   2.4869e-02   3.0863e+02
20250628_06:00:00   1.1375e-01   3.2914e+01   2.0618e+00   0.0000e+00   4.0561e-03   3.0565e+02
20250628_09:00:00   1.0803e-01   3.1684e+01   1.8591e+00   0.0000e+00   0.0000e+00   3.0658e+02
20250628_12:00:00   9.4660e-02   2.8567e+01   1.5287e+00   0.0000e+00   4.1200e-05   3.1246e+02
20250628_15:00:00   1.2062e-01   3.4613e+01   2.0498e+00   0.0000e+00   0.0000e+00   3.2249e+02
20250628_18:00:00   1.0813e-01   3.1938e+01   1.7683e+00   0.0000e+00   0.0000e+00   3.2402e+02
20250628_21:00:00   1.0633e-01   3.1598e+01   1.7125e+00   0.0000e+00   0.0000e+00   3.1575e+02
20250629_00:00:00   7.4173e-02   2.3649e+01   1.1273e+00   0.0000e+00   0.0000e+00   3.1436e+02
20250629_03:00:00   7.1416e-02   2.2897e+01   1.1072e+00   0.0000e+00   0.0000e+00   3.0847e+02
20250629_06:00:00   6.9762e-02   2.2356e+01   1.1221e+00   0.0000e+00   0.0000e+00   3.0410e+02
20250629_09:00:00   7.0909e-02   2.2502e+01   1.2028e+00   0.0000e+00   0.0000e+00   2.9708e+02
20250629_12:00:00   8.1027e-02   2.4967e+01   1.4541e+00   0.0000e+00   0.0000e+00   2.9356e+02
20250629_15:00:00   8.6365e-02   2.6439e+01   1.5719e+00   0.0000e+00   0.0000e+00   2.9129e+02
20250629_18:00:00   9.3413e-02   2.8328e+01   1.7314e+00   0.0000e+00   0.0000e+00   2.9148e+02
20250629_21:00:00   1.0598e-01   3.1310e+01   2.0723e+00   0.0000e+00   0.0000e+00   2.9295e+02
20250630_00:00:00   1.2291e-01   3.5204e+01   2.5083e+00   0.0000e+00   0.0000e+00   2.9195e+02
20250630_03:00:00   1.4793e-01   4.0946e+01   3.0963e+00   0.0000e+00   0.0000e+00   2.9075e+02
20250630_06:00:00   1.7622e-01   4.7216e+01   3.7269e+00   0.0000e+00   0.0000e+00   2.9116e+02
20250630_09:00:00   1.6614e-01   4.5175e+01   3.4585e+00   0.0000e+00   0.0000e+00   2.8919e+02
20250630_12:00:00   1.6027e-01   4.4044e+01   3.2842e+00   0.0000e+00   0.0000e+00   2.8835e+02
20250630_15:00:00   1.5598e-01   4.3234e+01   3.1836e+00   0.0000e+00   0.0000e+00   2.8680e+02
20250630_18:00:00   1.6271e-01   4.4561e+01   3.3868e+00   0.0000e+00   6.5900e-05   2.8647e+02
20250630_21:00:00   1.7012e-01   4.6150e+01   3.5501e+00   0.0000e+00   0.0000e+00   2.8446e+02
20250701_00:00:00   1.6219e-01   4.4361e+01   3.3597e+00   0.0000e+00   0.0000e+00   2.8465e+02
20250701_03:00:00   1.5779e-01   4.3406e+01   3.2671e+00   0.0000e+00   0.0000e+00   2.8589e+02
20250701_06:00:00   1.6377e-01   4.4717e+01   3.4607e+00   0.0000e+00   0.0000e+00   2.8433e+02
20250701_09:00:00   1.5988e-01   4.3909e+01   3.3572e+00   0.0000e+00   0.0000e+00   2.8033e+02
20250701_12:00:00   1.5556e-01   4.3097e+01   3.2366e+00   0.0000e+00   0.0000e+00   2.7850e+02
20250701_15:00:00   1.4742e-01   4.1329e+01   3.0542e+00   0.0000e+00   0.0000e+00   2.7869e+02
20250701_18:00:00   1.3971e-01   3.9613e+01   2.8793e+00   0.0000e+00   0.0000e+00   2.7636e+02
20250701_21:00:00   1.3235e-01   3.7955e+01   2.7086e+00   0.0000e+00   0.0000e+00   2.7885e+02
20250702_00:00:00   1.2149e-01   3.5388e+01   2.4780e+00   0.0000e+00   0.0000e+00   2.8032e+02
20250702_03:00:00   1.1774e-01   3.4500e+01   2.3833e+00   0.0000e+00   0.0000e+00   2.8044e+02
20250702_06:00:00   1.1950e-01   3.4956e+01   2.3932e+00   0.0000e+00   1.5784e-04   2.8143e+02
