#            date       tau255        Tb[K]      pwv[mm] lwp[kg*m^-2] iwp[kg*m^-2]       o3[DU]
20200527_06:00:00   1.0963e+00   1.9484e+02   2.0172e+01   0.0000e+00   9.9500e-07   3.0747e+02
20200527_07:00:00   1.0661e+00   1.9183e+02   1.9657e+01   0.0000e+00   1.9320e-04   3.0638e+02
20200527_08:00:00   1.0390e+00   1.8899e+02   1.9192e+01   0.0000e+00   1.0398e-05   3.0525e+02
20200527_09:00:00   1.0281e+00   1.8766e+02   1.9033e+01   0.0000e+00   0.0000e+00   3.0156e+02
20200527_10:00:00   1.0004e+00   1.8459e+02   1.8580e+01   0.0000e+00   2.0125e-04   2.9922e+02
20200527_11:00:00   9.7157e-01   1.8144e+02   1.8052e+01   0.0000e+00   7.8278e-04   2.9798e+02
20200527_12:00:00   9.5930e-01   1.8002e+02   1.7785e+01   0.0000e+00   7.7500e-07   2.9673e+02
20200527_13:00:00   9.4295e-01   1.7819e+02   1.7425e+01   0.0000e+00   0.0000e+00   2.9441e+02
20200527_14:00:00   9.1666e-01   1.7529e+02   1.6913e+01   0.0000e+00   0.0000e+00   2.9411e+02
20200527_15:00:00   9.1560e-01   1.7545e+02   1.6890e+01   0.0000e+00   0.0000e+00   2.9358e+02
20200527_16:00:00   9.1325e-01   1.7561e+02   1.6871e+01   0.0000e+00   0.0000e+00   2.9297e+02
20200527_17:00:00   8.9881e-01   1.7434e+02   1.6713e+01   0.0000e+00   6.5420e-06   2.9204e+02
20200527_18:00:00   8.6571e-01   1.7052e+02   1.6368e+01   0.0000e+00   1.5332e-06   2.9083e+02
20200527_19:00:00   8.1261e-01   1.6358e+02   1.5778e+01   0.0000e+00   7.6200e-06   2.9053e+02
20200527_20:00:00   7.9945e-01   1.6143e+02   1.5859e+01   0.0000e+00   6.2000e-07   2.9007e+02
20200527_21:00:00   8.0857e-01   1.6224e+02   1.6305e+01   0.0000e+00   7.9595e-06   2.8933e+02
20200527_22:00:00   8.2372e-01   1.6395e+02   1.6764e+01   3.7320e-04   6.8980e-04   2.8948e+02
20200527_23:00:00   8.4165e-01   1.6604e+02   1.7240e+01   0.0000e+00   6.0892e-03   2.8959e+02
20200528_00:00:00   8.6665e-01   1.6899e+02   1.7776e+01   2.3540e-04   5.7390e-03   2.8959e+02
20200528_01:00:00   8.8158e-01   1.7090e+02   1.8055e+01   0.0000e+00   8.9284e-03   2.8974e+02
20200528_02:00:00   9.0313e-01   1.7360e+02   1.8402e+01   0.0000e+00   1.6178e-02   2.8872e+02
20200528_03:00:00   9.6741e-01   1.8127e+02   1.9439e+01   0.0000e+00   6.9771e-03   2.8797e+02
20200528_04:00:00   1.0748e+00   1.9246e+02   2.1165e+01   0.0000e+00   6.5820e-03   2.8808e+02
20200528_05:00:00   1.1258e+00   1.9729e+02   2.1868e+01   0.0000e+00   6.6040e-04   2.8759e+02
20200528_06:00:00   1.1332e+00   1.9796e+02   2.1907e+01   0.0000e+00   4.0842e-04   2.8723e+02
20200528_07:00:00   1.0777e+00   1.9259e+02   2.0909e+01   0.0000e+00   2.1520e-06   2.8715e+02
20200528_08:00:00   9.9987e-01   1.8454e+02   1.9482e+01   0.0000e+00   0.0000e+00   2.8793e+02
20200528_09:00:00   9.8859e-01   1.8320e+02   1.9205e+01   0.0000e+00   0.0000e+00   2.8937e+02
20200528_10:00:00   9.8631e-01   1.8271e+02   1.9120e+01   0.0000e+00   0.0000e+00   2.8983e+02
20200528_11:00:00   9.7048e-01   1.8076e+02   1.8844e+01   0.0000e+00   0.0000e+00   2.8962e+02
20200528_12:00:00   9.5336e-01   1.7873e+02   1.8533e+01   0.0000e+00   0.0000e+00   2.9060e+02
20200528_13:00:00   9.4246e-01   1.7739e+02   1.8329e+01   0.0000e+00   0.0000e+00   2.9198e+02
20200528_14:00:00   9.3056e-01   1.7606e+02   1.8090e+01   0.0000e+00   0.0000e+00   2.9190e+02
20200528_15:00:00   9.1903e-01   1.7501e+02   1.7874e+01   0.0000e+00   0.0000e+00   2.9153e+02
20200528_16:00:00   8.9256e-01   1.7213e+02   1.7472e+01   0.0000e+00   0.0000e+00   2.8920e+02
20200528_17:00:00   8.6665e-01   1.6917e+02   1.7091e+01   0.0000e+00   0.0000e+00   2.8776e+02
20200528_18:00:00   8.3849e-01   1.6578e+02   1.6670e+01   0.0000e+00   6.5474e-07   2.8658e+02
20200528_19:00:00   8.2680e-01   1.6443e+02   1.6476e+01   1.4739e-03   1.8893e-04   2.8540e+02
20200528_20:00:00   8.1444e-01   1.6300e+02   1.6398e+01   2.0200e-04   3.2521e-03   2.8384e+02
20200528_21:00:00   8.2034e-01   1.6382e+02   1.6607e+01   6.2180e-05   7.2858e-03   2.8355e+02
20200528_22:00:00   8.5160e-01   1.6775e+02   1.7237e+01   4.4986e-04   2.0868e-02   2.8346e+02
20200528_23:00:00   9.0267e-01   1.7407e+02   1.8200e+01   1.4914e-04   2.4922e-02   2.8261e+02
20200529_00:00:00   9.5367e-01   1.8018e+02   1.9105e+01   0.0000e+00   2.1493e-02   2.8221e+02
20200529_01:00:00   9.9881e-01   1.8542e+02   1.9831e+01   3.3640e-05   2.6795e-02   2.8213e+02
20200529_02:00:00   1.0693e+00   1.9299e+02   2.0903e+01   0.0000e+00   3.0447e-02   2.8156e+02
20200529_03:00:00   1.1272e+00   1.9862e+02   2.1672e+01   0.0000e+00   6.3280e-03   2.8063e+02
20200529_04:00:00   1.1157e+00   1.9750e+02   2.1316e+01   0.0000e+00   4.2644e-04   2.8000e+02
20200529_05:00:00   1.0755e+00   1.9372e+02   2.0432e+01   0.0000e+00   0.0000e+00   2.7922e+02
20200529_06:00:00   1.0230e+00   1.8846e+02   1.9384e+01   0.0000e+00   0.0000e+00   2.7849e+02
20200529_07:00:00   9.8923e-01   1.8492e+02   1.8748e+01   0.0000e+00   0.0000e+00   2.7799e+02
20200529_08:00:00   9.7270e-01   1.8310e+02   1.8399e+01   0.0000e+00   0.0000e+00   2.7907e+02
20200529_09:00:00   9.7631e-01   1.8341e+02   1.8382e+01   0.0000e+00   0.0000e+00   2.7918e+02
20200529_10:00:00   9.6581e-01   1.8213e+02   1.8139e+01   0.0000e+00   0.0000e+00   2.7841e+02
20200529_11:00:00   9.5587e-01   1.8088e+02   1.7896e+01   0.0000e+00   0.0000e+00   2.7678e+02
20200529_12:00:00   9.3265e-01   1.7835e+02   1.7321e+01   0.0000e+00   0.0000e+00   2.7699e+02
20200529_13:00:00   8.6842e-01   1.7100e+02   1.6087e+01   0.0000e+00   0.0000e+00   2.7908e+02
20200529_14:00:00   8.1694e-01   1.6473e+02   1.5138e+01   0.0000e+00   0.0000e+00   2.8158e+02
20200529_15:00:00   7.9766e-01   1.6240e+02   1.4869e+01   0.0000e+00   0.0000e+00   2.8190e+02
20200529_16:00:00   7.0846e-01   1.4967e+02   1.3649e+01   0.0000e+00   0.0000e+00   2.8152e+02
20200529_17:00:00   6.3325e-01   1.3822e+02   1.2489e+01   0.0000e+00   0.0000e+00   2.8011e+02
20200529_18:00:00   6.3347e-01   1.3792e+02   1.2644e+01   0.0000e+00   0.0000e+00   2.8013e+02
20200529_19:00:00   6.3431e-01   1.3778e+02   1.2801e+01   0.0000e+00   0.0000e+00   2.8073e+02
20200529_20:00:00   5.9648e-01   1.3187e+02   1.2184e+01   0.0000e+00   7.8760e-06   2.8174e+02
20200529_21:00:00   5.6705e-01   1.2707e+02   1.1688e+01   0.0000e+00   4.8966e-05   2.8073e+02
20200529_22:00:00   5.5529e-01   1.2498e+02   1.1527e+01   7.2420e-05   1.1998e-04   2.8012e+02
20200529_23:00:00   5.6400e-01   1.2624e+02   1.1740e+01   7.9660e-05   7.0039e-03   2.7962e+02
20200530_00:00:00   6.3401e-01   1.3712e+02   1.3097e+01   0.0000e+00   2.4180e-02   2.8074e+02
20200530_01:00:00   6.8467e-01   1.4382e+02   1.4194e+01   0.0000e+00   8.6395e-02   2.8197e+02
20200530_02:00:00   7.4270e-01   1.5107e+02   1.5413e+01   1.5550e-05   2.0087e-01   2.8234e+02
20200530_03:00:00   6.6094e-01   1.4018e+02   1.3739e+01   0.0000e+00   1.7887e-03   2.8453e+02
20200530_04:00:00   6.0989e-01   1.3280e+02   1.2574e+01   0.0000e+00   3.7730e-03   2.8834e+02
20200530_05:00:00   6.4058e-01   1.3788e+02   1.2915e+01   0.0000e+00   1.2812e-02   2.9284e+02
20200530_06:00:00   6.7109e-01   1.4243e+02   1.3273e+01   0.0000e+00   4.9067e-04   2.9853e+02
20200530_07:00:00   7.2035e-01   1.4891e+02   1.4046e+01   0.0000e+00   0.0000e+00   3.0017e+02
20200530_08:00:00   7.0039e-01   1.4601e+02   1.3470e+01   0.0000e+00   0.0000e+00   3.0058e+02
20200530_09:00:00   6.5844e-01   1.3985e+02   1.2537e+01   0.0000e+00   1.2163e-04   3.0037e+02
20200530_10:00:00   5.8774e-01   1.2888e+02   1.1208e+01   0.0000e+00   1.7180e-03   3.0295e+02
20200530_11:00:00   5.4856e-01   1.2206e+02   1.0574e+01   0.0000e+00   1.6765e-03   3.0551e+02
20200530_12:00:00   5.2096e-01   1.1745e+02   9.9550e+00   0.0000e+00   9.4717e-03   3.0815e+02
20200530_13:00:00   5.1071e-01   1.1552e+02   9.6990e+00   0.0000e+00   6.7071e-03   3.1148e+02
20200530_14:00:00   4.9426e-01   1.1280e+02   9.3519e+00   0.0000e+00   8.6960e-06   3.1158e+02
20200530_15:00:00   4.3205e-01   1.0159e+02   8.3648e+00   0.0000e+00   2.2220e-04   3.1056e+02
20200530_16:00:00   4.1865e-01   9.8608e+01   8.3231e+00   0.0000e+00   6.7764e-04   3.0959e+02
20200530_17:00:00   4.4093e-01   1.0243e+02   8.8600e+00   0.0000e+00   2.9652e-03   3.1051e+02
20200530_18:00:00   4.5895e-01   1.0565e+02   9.2622e+00   0.0000e+00   1.6799e-03   3.0984e+02
20200530_19:00:00   4.6248e-01   1.0657e+02   9.3342e+00   0.0000e+00   0.0000e+00   3.0888e+02
20200530_20:00:00   4.5757e-01   1.0612e+02   9.2650e+00   0.0000e+00   6.7260e-07   3.0969e+02
20200530_21:00:00   4.5795e-01   1.0647e+02   9.2646e+00   0.0000e+00   1.0912e-05   3.0768e+02
20200530_22:00:00   4.5641e-01   1.0636e+02   9.2541e+00   0.0000e+00   1.8253e-03   3.0735e+02
20200530_23:00:00   4.6104e-01   1.0720e+02   9.3067e+00   0.0000e+00   2.3581e-03   3.0942e+02
20200531_00:00:00   4.6195e-01   1.0722e+02   9.3259e+00   0.0000e+00   1.6140e-03   3.1050e+02
20200531_01:00:00   4.4223e-01   1.0399e+02   8.8799e+00   0.0000e+00   0.0000e+00   3.1235e+02
20200531_02:00:00   4.3920e-01   1.0362e+02   8.7518e+00   0.0000e+00   0.0000e+00   3.1414e+02
20200531_03:00:00   4.6324e-01   1.0810e+02   9.1039e+00   0.0000e+00   0.0000e+00   3.1466e+02
20200531_04:00:00   5.0070e-01   1.1467e+02   9.6582e+00   0.0000e+00   0.0000e+00   3.1580e+02
20200531_05:00:00   5.1343e-01   1.1682e+02   9.8062e+00   0.0000e+00   4.9331e-06   3.1307e+02
20200531_06:00:00   5.2157e-01   1.1791e+02   9.9857e+00   0.0000e+00   8.5380e-05   3.1112e+02
20200531_07:00:00   5.4325e-01   1.2114e+02   1.0479e+01   0.0000e+00   3.6902e-03   3.0877e+02
20200531_08:00:00   5.7629e-01   1.2617e+02   1.1129e+01   0.0000e+00   3.3018e-03   3.0581e+02
20200531_09:00:00   6.1850e-01   1.3232e+02   1.1971e+01   0.0000e+00   5.3554e-03   3.0301e+02
20200531_10:00:00   6.5413e-01   1.3727e+02   1.2642e+01   0.0000e+00   1.1633e-02   3.0380e+02
20200531_11:00:00   6.5940e-01   1.3801e+02   1.2683e+01   0.0000e+00   4.5691e-03   3.0399e+02
20200531_12:00:00   6.6815e-01   1.3904e+02   1.2891e+01   0.0000e+00   4.0770e-03   3.0212e+02
20200531_13:00:00   6.8927e-01   1.4160e+02   1.3423e+01   0.0000e+00   5.9426e-03   3.0008e+02
20200531_14:00:00   7.0952e-01   1.4427e+02   1.3832e+01   0.0000e+00   4.2773e-03   3.0048e+02
20200531_15:00:00   7.4404e-01   1.4888e+02   1.4575e+01   0.0000e+00   3.9092e-03   3.0034e+02
20200531_16:00:00   7.7712e-01   1.5315e+02   1.5300e+01   0.0000e+00   8.3059e-03   2.9969e+02
20200531_17:00:00   8.1177e-01   1.5758e+02   1.6064e+01   0.0000e+00   3.3304e-02   2.9774e+02
20200531_18:00:00   8.1976e-01   1.5874e+02   1.6328e+01   0.0000e+00   1.9465e-02   2.9757e+02
20200531_19:00:00   8.2568e-01   1.5961e+02   1.6565e+01   0.0000e+00   2.6458e-02   2.9658e+02
20200531_20:00:00   8.3343e-01   1.6081e+02   1.6789e+01   0.0000e+00   1.1492e-02   2.9573e+02
20200531_21:00:00   8.5919e-01   1.6415e+02   1.7269e+01   0.0000e+00   2.7946e-02   2.9552e+02
20200531_22:00:00   8.8727e-01   1.6758e+02   1.7813e+01   0.0000e+00   3.2167e-02   2.9521e+02
20200531_23:00:00   8.8591e-01   1.6771e+02   1.7773e+01   2.5580e-05   2.6959e-02   2.9512e+02
20200601_00:00:00   8.6026e-01   1.6500e+02   1.7223e+01   2.8960e-04   1.0183e-02   2.9436e+02
20200601_01:00:00   8.5262e-01   1.6453e+02   1.6915e+01   6.2180e-05   2.6343e-03   2.9427e+02
20200601_02:00:00   8.4573e-01   1.6382e+02   1.6660e+01   0.0000e+00   5.8301e-04   2.9482e+02
20200601_03:00:00   8.6853e-01   1.6651e+02   1.6984e+01   6.2180e-05   1.1843e-03   2.9635e+02
20200601_04:00:00   8.7713e-01   1.6776e+02   1.6918e+01   0.0000e+00   1.4068e-03   2.9658e+02
20200601_05:00:00   8.5357e-01   1.6535e+02   1.6225e+01   0.0000e+00   2.7200e-04   2.9786e+02
20200601_06:00:00   8.1596e-01   1.6113e+02   1.5300e+01   0.0000e+00   4.1980e-05   2.9941e+02
20200601_09:00:00   8.0330e-01   1.5911e+02   1.4867e+01   8.6960e-05   4.0460e-06   3.0560e+02
20200601_12:00:00   9.3414e-01   1.7271e+02   1.7149e+01   7.1100e-04   1.7289e-02   3.1316e+02
20200601_15:00:00   1.2000e+00   1.9710e+02   2.1587e+01   5.1140e-06   1.6700e-01   3.2074e+02
20200601_18:00:00   1.2014e+00   1.9756e+02   2.1236e+01   1.4137e-02   1.3743e-01   3.2337e+02
20200601_21:00:00   1.1902e+00   1.9763e+02   2.0527e+01   2.7022e-02   7.2205e-02   3.2112e+02
20200602_00:00:00   1.2770e+00   2.0520e+02   2.2839e+01   1.8444e-03   5.3737e-02   3.1949e+02
20200602_03:00:00   1.4099e+00   2.1407e+02   2.4007e+01   2.6362e-02   7.4459e-02   3.2246e+02
20200602_06:00:00   1.3815e+00   2.1202e+02   2.3505e+01   1.7907e-02   1.6904e-02   3.2089e+02
20200602_09:00:00   2.2165e+00   2.4996e+02   2.5397e+01   3.0966e-01   2.4083e-01   3.2036e+02
20200602_12:00:00   2.5118e+00   2.5701e+02   2.5318e+01   4.1850e-01   5.3748e-01   3.2310e+02
20200602_15:00:00   1.5043e+00   2.1794e+02   2.2347e+01   8.1304e-02   6.4801e-02   3.2895e+02
20200602_18:00:00   1.6280e+00   2.2547e+02   2.2097e+01   1.4147e-01   4.2373e-02   3.3028e+02
20200602_21:00:00   1.3311e+00   2.0829e+02   2.0629e+01   6.4239e-02   1.9285e-03   3.2714e+02
20200603_00:00:00   1.2319e+00   2.0117e+02   1.9982e+01   4.3465e-02   5.2354e-03   3.3053e+02
20200603_03:00:00   1.4467e+00   2.1604e+02   2.0843e+01   1.0899e-01   6.7544e-03   3.3055e+02
20200603_06:00:00   1.3809e+00   2.1138e+02   2.2005e+01   5.0854e-02   6.2813e-03   3.3687e+02
20200603_09:00:00   1.3665e+00   2.0996e+02   2.2910e+01   1.0971e-02   4.1627e-01   3.3798e+02
20200603_12:00:00   2.0334e+00   2.4300e+02   2.3145e+01   2.7691e-01   2.5930e-01   3.3734e+02
20200603_15:00:00   1.6730e+00   2.2710e+02   2.3117e+01   1.1485e-01   6.2565e-01   3.3401e+02
20200603_18:00:00   1.3256e+00   2.0612e+02   2.1879e+01   1.2720e-02   3.5392e-01   3.2456e+02
20200603_21:00:00   1.3003e+00   2.0534e+02   2.2024e+01   1.1821e-02   9.9812e-02   3.2283e+02
20200604_00:00:00   1.3417e+00   2.0823e+02   2.2762e+01   3.5013e-03   3.2450e-01   3.2002e+02
20200604_03:00:00   1.1435e+00   1.9254e+02   1.9994e+01   1.6448e-04   1.6998e-03   3.2551e+02
20200604_06:00:00   1.2596e+00   2.0177e+02   2.1566e+01   8.4255e-03   2.6939e-02   3.2382e+02
20200604_09:00:00   1.2845e+00   2.0329e+02   2.1609e+01   1.2784e-02   6.2201e-02   3.2507e+02
20200604_12:00:00   1.2155e+00   1.9777e+02   2.0770e+01   2.8264e-03   2.4138e-02   3.2635e+02
20200604_15:00:00   1.1459e+00   1.9247e+02   1.9704e+01   2.2666e-04   1.7534e-05   3.2724e+02
20200604_18:00:00   1.0832e+00   1.8819e+02   1.8717e+01   2.2124e-03   7.3528e-04   3.1887e+02
20200604_21:00:00   1.1217e+00   1.9237e+02   1.9137e+01   2.0144e-02   9.5061e-02   3.1656e+02
20200605_00:00:00   1.0482e+00   1.8613e+02   1.8955e+01   1.4362e-03   6.4356e-05   3.1729e+02
20200605_03:00:00   1.0955e+00   1.9011e+02   2.0104e+01   1.2370e-03   5.6424e-03   3.2068e+02
20200605_06:00:00   1.0625e+00   1.8683e+02   1.9415e+01   0.0000e+00   4.9413e-04   3.1800e+02
20200605_09:00:00   1.0602e+00   1.8639e+02   1.9165e+01   0.0000e+00   0.0000e+00   3.1412e+02
20200605_12:00:00   1.0146e+00   1.8200e+02   1.8203e+01   0.0000e+00   1.0786e-04   3.1912e+02
20200605_15:00:00   1.0017e+00   1.8084e+02   1.8008e+01   0.0000e+00   3.4740e-05   3.1456e+02
20200605_18:00:00   9.7162e-01   1.7867e+02   1.7688e+01   3.3655e-04   9.5140e-06   3.0528e+02
20200605_21:00:00   1.0276e+00   1.8510e+02   1.8420e+01   1.4286e-02   7.2404e-03   3.0419e+02
20200606_00:00:00   1.3466e+00   2.1278e+02   2.2488e+01   5.6439e-02   1.2046e-02   3.0094e+02
20200606_03:00:00   1.3409e+00   2.1306e+02   2.4723e+01   0.0000e+00   1.8933e-03   2.9726e+02
20200606_06:00:00   1.2936e+00   2.0900e+02   2.3566e+01   2.4040e-04   0.0000e+00   2.9749e+02
20200606_09:00:00   1.1705e+00   1.9815e+02   2.1400e+01   0.0000e+00   0.0000e+00   2.9544e+02
20200606_12:00:00   9.9139e-01   1.8015e+02   1.8631e+01   0.0000e+00   0.0000e+00   2.9455e+02
20200606_15:00:00   9.6119e-01   1.7716e+02   1.8195e+01   0.0000e+00   0.0000e+00   2.9303e+02
20200606_18:00:00   9.3415e-01   1.7536e+02   1.7739e+01   0.0000e+00   0.0000e+00   2.9234e+02
20200606_21:00:00   9.2499e-01   1.7580e+02   1.7620e+01   0.0000e+00   0.0000e+00   2.8871e+02
20200607_00:00:00   9.8075e-01   1.8255e+02   1.8881e+01   6.2180e-05   0.0000e+00   2.8853e+02
20200607_03:00:00   9.7897e-01   1.8241e+02   1.8845e+01   0.0000e+00   3.1270e-03   2.8960e+02
20200607_06:00:00   1.0380e+00   1.8825e+02   1.9355e+01   0.0000e+00   0.0000e+00   2.8752e+02
20200607_09:00:00   9.5416e-01   1.7830e+02   1.7473e+01   0.0000e+00   0.0000e+00   2.9108e+02
20200607_12:00:00   7.4072e-01   1.5153e+02   1.3749e+01   0.0000e+00   0.0000e+00   2.9579e+02
20200607_15:00:00   6.3016e-01   1.3565e+02   1.1959e+01   0.0000e+00   0.0000e+00   2.9416e+02
20200607_18:00:00   6.1008e-01   1.3270e+02   1.1962e+01   0.0000e+00   0.0000e+00   2.9332e+02
20200607_21:00:00   6.7063e-01   1.4264e+02   1.3147e+01   0.0000e+00   0.0000e+00   2.9419e+02
20200608_00:00:00   8.0841e-01   1.6200e+02   1.5836e+01   0.0000e+00   0.0000e+00   2.9539e+02
20200608_03:00:00   8.7508e-01   1.7063e+02   1.6898e+01   0.0000e+00   0.0000e+00   2.9581e+02
20200608_06:00:00   9.6276e-01   1.8019e+02   1.8210e+01   0.0000e+00   0.0000e+00   2.9759e+02
20200608_09:00:00   8.4771e-01   1.6604e+02   1.6007e+01   0.0000e+00   0.0000e+00   2.9722e+02
20200608_12:00:00   7.7796e-01   1.5723e+02   1.4726e+01   0.0000e+00   0.0000e+00   2.9768e+02
20200608_15:00:00   7.0808e-01   1.4792e+02   1.3524e+01   0.0000e+00   0.0000e+00   2.9566e+02
20200608_18:00:00   7.1372e-01   1.4957e+02   1.3885e+01   0.0000e+00   0.0000e+00   2.9618e+02
20200608_21:00:00   7.8723e-01   1.5990e+02   1.5475e+01   0.0000e+00   0.0000e+00   2.9313e+02
20200609_00:00:00   6.6526e-01   1.4314e+02   1.3437e+01   0.0000e+00   0.0000e+00   2.9229e+02
20200609_03:00:00   6.8453e-01   1.4640e+02   1.3567e+01   0.0000e+00   0.0000e+00   2.9178e+02
20200609_06:00:00   6.8145e-01   1.4467e+02   1.3528e+01   0.0000e+00   0.0000e+00   2.9037e+02
20200609_09:00:00   6.5378e-01   1.4001e+02   1.2947e+01   0.0000e+00   0.0000e+00   2.8837e+02
20200609_12:00:00   6.1886e-01   1.3404e+02   1.2368e+01   0.0000e+00   0.0000e+00   2.8599e+02
20200609_15:00:00   6.5242e-01   1.3903e+02   1.2962e+01   0.0000e+00   0.0000e+00   2.8659e+02
20200609_18:00:00   6.9275e-01   1.4552e+02   1.3876e+01   0.0000e+00   0.0000e+00   2.8561e+02
20200609_21:00:00   7.5678e-01   1.5498e+02   1.5252e+01   0.0000e+00   0.0000e+00   2.8348e+02
20200610_00:00:00   7.8551e-01   1.5912e+02   1.5854e+01   0.0000e+00   0.0000e+00   2.8540e+02
20200610_03:00:00   8.1018e-01   1.6263e+02   1.6138e+01   0.0000e+00   0.0000e+00   2.8678e+02
20200610_06:00:00   7.7294e-01   1.5749e+02   1.5228e+01   0.0000e+00   0.0000e+00   2.8833e+02
20200610_09:00:00   7.7963e-01   1.5786e+02   1.5119e+01   0.0000e+00   0.0000e+00   2.8797e+02
20200610_12:00:00   7.8479e-01   1.5794e+02   1.5005e+01   0.0000e+00   0.0000e+00   2.8724e+02
20200610_15:00:00   8.0053e-01   1.5991e+02   1.5187e+01   0.0000e+00   0.0000e+00   2.8430e+02
20200610_18:00:00   8.4667e-01   1.6611e+02   1.6287e+01   0.0000e+00   0.0000e+00   2.8549e+02
20200610_21:00:00   8.8325e-01   1.7124e+02   1.7258e+01   0.0000e+00   0.0000e+00   2.8718e+02
20200611_00:00:00   8.9164e-01   1.7313e+02   1.7242e+01   0.0000e+00   0.0000e+00   2.8793e+02
20200611_03:00:00   9.3572e-01   1.7833e+02   1.8086e+01   0.0000e+00   0.0000e+00   2.8740e+02
20200611_06:00:00   9.7053e-01   1.8250e+02   1.7903e+01   0.0000e+00   0.0000e+00   2.8936e+02
20200611_09:00:00   9.0460e-01   1.7435e+02   1.6323e+01   0.0000e+00   0.0000e+00   2.8797e+02
20200611_12:00:00   7.0170e-01   1.4762e+02   1.2767e+01   0.0000e+00   0.0000e+00   2.8982e+02
20200611_15:00:00   4.8918e-01   1.1401e+02   9.2236e+00   0.0000e+00   0.0000e+00   2.9302e+02
20200611_18:00:00   4.4334e-01   1.0682e+02   8.4716e+00   0.0000e+00   0.0000e+00   2.9492e+02
20200611_21:00:00   5.2620e-01   1.2155e+02   1.0441e+01   0.0000e+00   0.0000e+00   2.9447e+02
20200612_00:00:00   6.0086e-01   1.3386e+02   1.2064e+01   0.0000e+00   0.0000e+00   2.9464e+02
20200612_03:00:00   7.8425e-01   1.6050e+02   1.5429e+01   0.0000e+00   0.0000e+00   2.9233e+02
20200612_06:00:00   8.2141e-01   1.6453e+02   1.5839e+01   0.0000e+00   0.0000e+00   2.8791e+02
