#            date       tau255        Tb[K]      pwv[mm] lwp[kg*m^-2] iwp[kg*m^-2]       o3[DU]
20230514_00:00:00   5.4052e-01   1.2134e+02   1.0387e+01   0.0000e+00   1.2632e-04   3.3455e+02
20230514_01:00:00   5.3492e-01   1.2041e+02   1.0314e+01   0.0000e+00   2.1600e-04   3.3597e+02
20230514_02:00:00   5.6342e-01   1.2498e+02   1.0829e+01   0.0000e+00   1.1776e-04   3.3834e+02
20230514_03:00:00   5.8204e-01   1.2775e+02   1.1116e+01   0.0000e+00   1.5076e-05   3.3709e+02
20230514_04:00:00   6.0409e-01   1.3094e+02   1.1449e+01   0.0000e+00   2.2919e-04   3.3564e+02
20230514_05:00:00   6.1545e-01   1.3247e+02   1.1569e+01   0.0000e+00   1.6229e-03   3.3517e+02
20230514_06:00:00   6.1692e-01   1.3254e+02   1.1525e+01   0.0000e+00   5.3980e-04   3.3428e+02
20230514_07:00:00   6.3047e-01   1.3436e+02   1.1732e+01   0.0000e+00   4.3420e-04   3.3581e+02
20230514_08:00:00   6.6640e-01   1.3941e+02   1.2283e+01   0.0000e+00   2.1240e-05   3.3655e+02
20230514_09:00:00   6.8460e-01   1.4199e+02   1.2517e+01   0.0000e+00   8.1840e-08   3.3616e+02
20230514_10:00:00   7.0235e-01   1.4430e+02   1.2803e+01   2.5980e-05   9.6565e-06   3.3742e+02
20230514_11:00:00   7.1696e-01   1.4613e+02   1.3015e+01   1.6634e-04   4.5971e-04   3.3783e+02
20230514_12:00:00   7.6208e-01   1.5179e+02   1.3793e+01   1.6368e-06   1.6225e-03   3.3941e+02
20230514_13:00:00   8.0586e-01   1.5709e+02   1.4534e+01   0.0000e+00   6.6985e-04   3.4103e+02
20230514_14:00:00   8.5343e-01   1.6268e+02   1.5255e+01   2.0600e-03   1.8701e-03   3.4178e+02
20230514_15:00:00   8.5613e-01   1.6327e+02   1.5378e+01   0.0000e+00   6.7600e-04   3.4082e+02
20230514_16:00:00   8.3639e-01   1.6139e+02   1.5023e+01   0.0000e+00   6.5420e-06   3.4041e+02
20230514_17:00:00   8.1609e-01   1.5946e+02   1.4670e+01   1.2438e-06   1.9900e-06   3.4072e+02
20230514_18:00:00   8.3704e-01   1.6214e+02   1.5127e+01   2.6900e-06   9.2549e-04   3.4012e+02
20230514_19:00:00   9.3108e-01   1.7229e+02   1.6123e+01   2.2750e-02   3.1171e-02   3.3909e+02
20230514_20:00:00   9.3928e-01   1.7340e+02   1.6059e+01   2.7334e-02   1.2141e-01   3.3742e+02
20230514_21:00:00   8.2162e-01   1.6056e+02   1.5180e+01   1.9610e-03   4.9174e-02   3.3606e+02
20230514_22:00:00   7.9870e-01   1.5746e+02   1.4538e+01   1.3447e-02   6.4558e-02   3.3515e+02
20230514_23:00:00   7.2682e-01   1.4866e+02   1.3783e+01   1.8508e-04   6.1064e-03   3.3385e+02
20230515_00:00:00   7.1941e-01   1.4788e+02   1.3626e+01   3.0443e-04   4.6487e-03   3.3234e+02
20230515_01:00:00   7.4637e-01   1.5162e+02   1.4075e+01   2.7780e-06   8.2283e-04   3.3163e+02
20230515_02:00:00   8.1645e-01   1.6071e+02   1.5190e+01   0.0000e+00   1.2584e-04   3.2883e+02
20230515_03:00:00   8.9616e-01   1.7027e+02   1.6354e+01   2.4880e-06   3.6640e-04   3.2464e+02
20230515_04:00:00   9.2726e-01   1.7373e+02   1.6689e+01   1.1808e-05   0.0000e+00   3.2163e+02
20230515_05:00:00   9.6265e-01   1.7737e+02   1.7159e+01   3.0680e-07   0.0000e+00   3.2078e+02
20230515_06:00:00   9.8772e-01   1.7988e+02   1.7447e+01   0.0000e+00   0.0000e+00   3.2218e+02
20230515_07:00:00   1.0082e+00   1.8186e+02   1.7671e+01   0.0000e+00   3.7381e-05   3.2242e+02
20230515_08:00:00   1.0126e+00   1.8216e+02   1.7638e+01   0.0000e+00   1.7487e-05   3.2142e+02
20230515_09:00:00   1.0179e+00   1.8257e+02   1.7595e+01   0.0000e+00   1.2366e-04   3.2281e+02
20230515_10:00:00   1.0306e+00   1.8363e+02   1.7716e+01   0.0000e+00   5.0593e-04   3.2572e+02
20230515_11:00:00   9.9219e-01   1.7989e+02   1.7012e+01   6.7150e-05   2.5251e-04   3.2714e+02
20230515_12:00:00   9.3535e-01   1.7405e+02   1.5933e+01   9.0283e-04   9.4599e-05   3.2787e+02
20230515_13:00:00   8.9437e-01   1.6964e+02   1.5218e+01   2.0180e-06   3.9800e-06   3.2789e+02
20230515_14:00:00   8.6682e-01   1.6663e+02   1.4709e+01   0.0000e+00   0.0000e+00   3.2828e+02
20230515_15:00:00   8.4576e-01   1.6459e+02   1.4351e+01   0.0000e+00   0.0000e+00   3.2695e+02
20230515_16:00:00   8.4146e-01   1.6439e+02   1.4370e+01   0.0000e+00   0.0000e+00   3.2508e+02
20230515_17:00:00   7.5990e-01   1.5402e+02   1.3449e+01   0.0000e+00   3.4817e-06   3.2302e+02
20230515_18:00:00   6.7867e-01   1.4242e+02   1.2495e+01   0.0000e+00   4.4355e-05   3.2332e+02
20230515_19:00:00   6.5723e-01   1.3889e+02   1.2319e+01   1.6516e-03   7.2122e-04   3.2149e+02
20230515_20:00:00   6.3778e-01   1.3591e+02   1.2217e+01   3.2720e-05   2.6193e-03   3.1835e+02
20230515_21:00:00   6.4644e-01   1.3711e+02   1.2509e+01   3.4315e-04   5.9105e-03   3.1462e+02
20230515_22:00:00   7.0486e-01   1.4534e+02   1.3657e+01   3.0782e-04   1.9926e-02   3.1507e+02
20230515_23:00:00   7.9129e-01   1.5688e+02   1.5001e+01   4.5932e-03   3.6688e-02   3.1469e+02
20230516_00:00:00   8.5614e-01   1.6474e+02   1.5944e+01   8.0266e-03   9.1316e-02   3.1350e+02
20230516_01:00:00   8.7245e-01   1.6661e+02   1.6331e+01   4.9565e-03   6.5566e-02   3.1244e+02
20230516_02:00:00   8.7441e-01   1.6713e+02   1.6450e+01   1.7174e-04   3.8250e-02   3.1164e+02
20230516_03:00:00   8.8930e-01   1.6879e+02   1.6685e+01   0.0000e+00   2.9766e-03   3.1049e+02
20230516_04:00:00   8.9272e-01   1.6904e+02   1.6693e+01   0.0000e+00   4.5235e-03   3.0808e+02
20230516_05:00:00   8.7430e-01   1.6702e+02   1.6261e+01   0.0000e+00   3.0433e-03   3.0660e+02
20230516_06:00:00   8.3253e-01   1.6223e+02   1.5375e+01   0.0000e+00   9.9500e-07   3.0642e+02
20230516_07:00:00   8.0523e-01   1.5881e+02   1.4863e+01   0.0000e+00   1.0230e-07   3.0579e+02
20230516_08:00:00   7.8834e-01   1.5658e+02   1.4608e+01   0.0000e+00   3.3920e-06   3.0555e+02
20230516_09:00:00   7.7560e-01   1.5488e+02   1.4392e+01   0.0000e+00   1.1702e-04   3.0455e+02
20230516_10:00:00   7.6934e-01   1.5393e+02   1.4271e+01   0.0000e+00   1.1228e-04   3.0378e+02
20230516_11:00:00   7.7330e-01   1.5419e+02   1.4344e+01   0.0000e+00   4.3228e-05   3.0364e+02
20230516_12:00:00   7.6807e-01   1.5334e+02   1.4271e+01   0.0000e+00   2.0460e-07   3.0273e+02
20230516_13:00:00   7.5755e-01   1.5193e+02   1.4073e+01   0.0000e+00   0.0000e+00   3.0352e+02
20230516_14:00:00   7.5378e-01   1.5153e+02   1.3982e+01   0.0000e+00   2.7500e-05   3.0382e+02
20230516_15:00:00   7.4635e-01   1.5071e+02   1.3906e+01   0.0000e+00   2.1917e-04   3.0386e+02
20230516_16:00:00   7.4352e-01   1.5052e+02   1.3919e+01   0.0000e+00   4.3288e-04   3.0388e+02
20230516_17:00:00   7.4911e-01   1.5148e+02   1.4077e+01   0.0000e+00   9.3940e-04   3.0426e+02
20230516_18:00:00   7.5072e-01   1.5194e+02   1.4182e+01   0.0000e+00   1.0571e-03   3.0418e+02
20230516_19:00:00   7.4280e-01   1.5094e+02   1.4159e+01   1.2292e-04   9.9114e-04   3.0430e+02
20230516_20:00:00   7.5029e-01   1.5189e+02   1.4425e+01   2.5397e-04   6.5271e-03   3.0367e+02
20230516_21:00:00   7.4917e-01   1.5178e+02   1.4504e+01   9.1619e-04   1.3719e-02   3.0349e+02
20230516_22:00:00   7.8207e-01   1.5601e+02   1.5178e+01   7.3135e-04   3.4841e-02   3.0470e+02
20230516_23:00:00   8.4238e-01   1.6375e+02   1.6156e+01   2.6003e-03   4.8087e-02   3.0498e+02
20230517_00:00:00   9.9849e-01   1.8162e+02   1.8637e+01   9.4957e-05   1.4091e-01   3.0372e+02
20230517_01:00:00   1.0342e+00   1.8496e+02   1.9106e+01   0.0000e+00   9.2568e-02   3.0281e+02
20230517_02:00:00   1.0145e+00   1.8305e+02   1.8812e+01   0.0000e+00   1.9896e-02   3.0353e+02
20230517_03:00:00   9.7849e-01   1.7944e+02   1.8141e+01   0.0000e+00   4.9940e-03   3.0356e+02
20230517_04:00:00   9.1677e-01   1.7278e+02   1.7100e+01   0.0000e+00   1.4258e-04   3.0391e+02
20230517_05:00:00   9.2797e-01   1.7390e+02   1.7259e+01   0.0000e+00   9.6023e-05   3.0309e+02
20230517_06:00:00   9.5345e-01   1.7652e+02   1.7663e+01   0.0000e+00   2.4596e-04   3.0223e+02
20230517_07:00:00   9.7003e-01   1.7811e+02   1.7979e+01   0.0000e+00   1.4566e-03   3.0251e+02
20230517_08:00:00   9.6363e-01   1.7730e+02   1.7881e+01   0.0000e+00   6.6753e-05   3.0108e+02
20230517_09:00:00   9.5292e-01   1.7595e+02   1.7682e+01   0.0000e+00   3.0000e-05   3.0130e+02
20230517_10:00:00   9.3861e-01   1.7418e+02   1.7436e+01   0.0000e+00   1.4081e-05   3.0040e+02
20230517_11:00:00   9.2406e-01   1.7248e+02   1.7157e+01   0.0000e+00   2.1540e-06   3.0047e+02
20230517_12:00:00   9.0292e-01   1.7008e+02   1.6729e+01   0.0000e+00   7.2100e-06   3.0042e+02
20230517_13:00:00   8.7980e-01   1.6752e+02   1.6286e+01   0.0000e+00   8.1780e-06   3.0041e+02
20230517_14:00:00   8.6650e-01   1.6609e+02   1.6016e+01   0.0000e+00   0.0000e+00   3.0230e+02
20230517_15:00:00   8.4683e-01   1.6410e+02   1.5720e+01   0.0000e+00   0.0000e+00   3.0310e+02
20230517_16:00:00   8.3364e-01   1.6266e+02   1.5594e+01   0.0000e+00   0.0000e+00   3.0392e+02
20230517_17:00:00   8.2802e-01   1.6212e+02   1.5590e+01   0.0000e+00   9.9500e-07   3.0130e+02
20230517_18:00:00   8.1949e-01   1.6128e+02   1.5514e+01   5.9680e-05   5.1387e-05   3.0073e+02
20230517_19:00:00   8.0506e-01   1.5977e+02   1.5316e+01   1.9576e-04   7.3933e-04   3.0099e+02
20230517_20:00:00   7.9652e-01   1.5886e+02   1.5245e+01   2.1045e-04   1.9432e-03   3.0057e+02
20230517_21:00:00   7.6328e-01   1.5487e+02   1.4731e+01   1.7210e-04   1.7413e-03   3.0005e+02
20230517_22:00:00   7.5098e-01   1.5344e+02   1.4563e+01   2.8203e-04   3.5893e-03   3.0033e+02
20230517_23:00:00   7.9003e-01   1.5825e+02   1.5311e+01   1.4047e-03   1.1154e-02   2.9973e+02
20230518_00:00:00   8.4832e-01   1.6526e+02   1.6391e+01   1.8593e-03   6.3235e-02   2.9997e+02
20230518_01:00:00   1.1453e+00   1.9574e+02   2.0187e+01   2.6880e-02   2.9402e-01   3.0050e+02
20230518_02:00:00   1.1554e+00   1.9674e+02   2.0883e+01   6.1037e-03   7.2793e-02   3.0119e+02
20230518_03:00:00   1.1326e+00   1.9502e+02   2.0672e+01   6.7164e-05   1.7991e-02   2.9875e+02
20230518_04:00:00   1.1610e+00   1.9740e+02   2.0970e+01   0.0000e+00   2.8847e-02   2.9745e+02
20230518_05:00:00   1.1441e+00   1.9588e+02   2.0660e+01   0.0000e+00   4.7210e-04   2.9813e+02
20230518_06:00:00   1.1447e+00   1.9591e+02   2.0604e+01   0.0000e+00   1.2353e-03   2.9867e+02
20230518_07:00:00   1.1295e+00   1.9454e+02   2.0356e+01   0.0000e+00   2.9079e-04   2.9909e+02
20230518_08:00:00   1.0798e+00   1.8990e+02   1.9606e+01   0.0000e+00   0.0000e+00   2.9984e+02
20230518_09:00:00   1.0494e+00   1.8686e+02   1.9125e+01   0.0000e+00   0.0000e+00   2.9846e+02
20230518_10:00:00   1.0494e+00   1.8669e+02   1.9120e+01   0.0000e+00   0.0000e+00   2.9841e+02
20230518_11:00:00   1.0423e+00   1.8583e+02   1.8969e+01   0.0000e+00   2.1520e-06   2.9784e+02
20230518_12:00:00   1.0384e+00   1.8537e+02   1.8873e+01   0.0000e+00   1.6290e-04   2.9813e+02
20230518_13:00:00   1.0239e+00   1.8395e+02   1.8593e+01   0.0000e+00   1.2700e-04   2.9762e+02
20230518_14:00:00   1.0122e+00   1.8291e+02   1.8363e+01   0.0000e+00   5.2340e-05   2.9774e+02
20230518_15:00:00   1.0030e+00   1.8234e+02   1.8217e+01   0.0000e+00   0.0000e+00   2.9773e+02
20230518_16:00:00   9.8573e-01   1.8088e+02   1.7994e+01   0.0000e+00   0.0000e+00   2.9825e+02
20230518_17:00:00   9.8266e-01   1.8075e+02   1.8041e+01   0.0000e+00   0.0000e+00   2.9776e+02
20230518_18:00:00   9.8368e-01   1.8103e+02   1.8149e+01   7.8737e-04   1.4040e-04   2.9802e+02
20230518_19:00:00   9.7543e-01   1.8033e+02   1.8114e+01   1.1795e-03   1.8098e-03   2.9786e+02
20230518_20:00:00   9.6980e-01   1.7986e+02   1.8186e+01   5.2174e-04   5.7884e-03   2.9834e+02
20230518_21:00:00   9.7906e-01   1.8068e+02   1.8351e+01   5.5244e-03   3.1821e-02   2.9945e+02
20230518_22:00:00   1.0094e+00   1.8385e+02   1.9049e+01   3.2754e-03   4.1645e-02   2.9937e+02
20230518_23:00:00   1.1155e+00   1.9384e+02   2.0033e+01   2.5385e-02   1.1422e-01   2.9854e+02
20230519_00:00:00   1.2724e+00   2.0702e+02   2.2431e+01   2.4117e-02   1.5791e-01   2.9953e+02
20230519_03:00:00   1.5237e+00   2.2351e+02   2.5768e+01   7.1121e-03   1.6432e-01   2.9904e+02
20230519_06:00:00   1.6222e+00   2.2830e+02   2.6932e+01   9.0158e-05   3.5610e-01   2.9868e+02
20230519_09:00:00   1.3962e+00   2.1489e+02   2.4246e+01   8.0540e-04   3.9799e-02   2.9636e+02
20230519_12:00:00   1.3923e+00   2.1442e+02   2.4206e+01   0.0000e+00   1.9603e-01   2.9663e+02
20230519_15:00:00   1.3188e+00   2.0970e+02   2.3265e+01   0.0000e+00   1.4974e-02   2.9697e+02
20230519_18:00:00   1.3220e+00   2.1094e+02   2.3627e+01   1.0230e-07   1.8854e-03   3.0011e+02
20230519_21:00:00   1.3558e+00   2.1407e+02   2.4011e+01   9.6916e-03   7.3084e-03   3.0001e+02
20230520_00:00:00   1.8971e+00   2.4279e+02   2.4376e+01   2.2867e-01   1.5257e-01   2.9992e+02
20230520_03:00:00   2.0350e+00   2.4684e+02   2.7363e+01   1.4017e-01   5.6633e-02   3.0072e+02
20230520_06:00:00   1.5641e+00   2.2464e+02   2.5878e+01   2.1276e-04   1.4233e-01   3.0220e+02
20230520_09:00:00   1.5454e+00   2.2373e+02   2.5601e+01   6.2180e-05   4.4881e-02   3.0045e+02
20230520_12:00:00   1.5226e+00   2.2251e+02   2.5275e+01   0.0000e+00   7.9690e-03   3.0442e+02
20230520_15:00:00   1.5063e+00   2.2179e+02   2.5078e+01   0.0000e+00   1.3469e-04   3.0591e+02
20230520_18:00:00   1.4238e+00   2.1775e+02   2.4370e+01   7.4980e-05   2.2931e-04   3.0626e+02
20230520_21:00:00   2.4857e+00   2.6049e+02   2.5523e+01   4.2397e-01   9.6585e-02   3.0540e+02
20230521_00:00:00   1.4723e+00   2.2128e+02   2.5007e+01   7.0835e-03   3.3359e-03   3.0717e+02
20230521_03:00:00   1.3940e+00   2.1638e+02   2.3847e+01   8.5672e-03   4.9684e-02   3.0663e+02
20230521_06:00:00   1.9165e+00   2.4198e+02   2.9156e+01   3.2415e-02   6.3645e-01   3.0972e+02
20230521_09:00:00   1.6447e+00   2.2903e+02   2.6865e+01   0.0000e+00   3.7084e-01   3.0956e+02
20230521_12:00:00   1.5618e+00   2.2452e+02   2.5548e+01   3.0526e-03   2.6692e-03   3.1229e+02
20230521_15:00:00   1.5110e+00   2.2163e+02   2.4865e+01   9.1645e-03   3.8374e-02   3.0933e+02
20230521_18:00:00   1.3040e+00   2.0802e+02   2.2862e+01   3.1118e-03   7.9680e-03   3.0928e+02
20230521_21:00:00   1.2851e+00   2.0696e+02   2.1830e+01   3.5775e-02   1.0962e-02   3.1459e+02
20230522_00:00:00   1.5596e+00   2.2510e+02   2.3360e+01   9.6794e-02   1.2396e-01   3.1710e+02
20230522_03:00:00   1.2610e+00   2.0484e+02   2.2055e+01   0.0000e+00   4.8575e-04   3.1884e+02
20230522_06:00:00   1.2159e+00   2.0085e+02   2.1288e+01   3.7603e-04   1.8852e-03   3.2511e+02
20230522_09:00:00   1.2464e+00   2.0313e+02   2.1549e+01   0.0000e+00   6.3266e-03   3.2433e+02
20230522_12:00:00   1.2542e+00   2.0357e+02   2.1406e+01   0.0000e+00   1.5522e-02   3.2772e+02
20230522_15:00:00   1.1785e+00   1.9766e+02   2.0206e+01   0.0000e+00   7.1671e-03   3.2555e+02
20230522_18:00:00   9.7299e-01   1.7859e+02   1.7406e+01   1.3296e-04   6.3196e-05   3.2686e+02
20230522_21:00:00   9.8774e-01   1.7906e+02   1.7777e+01   1.2125e-02   1.1991e-01   3.2997e+02
20230523_00:00:00   1.2403e+00   2.0206e+02   2.1445e+01   2.3379e-03   8.2886e-02   3.2836e+02
20230523_03:00:00   1.0531e+00   1.8673e+02   1.8569e+01   1.9744e-05   1.3760e-03   3.2574e+02
20230523_06:00:00   9.8764e-01   1.8004e+02   1.7123e+01   0.0000e+00   9.4002e-04   3.1549e+02
20230523_09:00:00   9.3326e-01   1.7397e+02   1.6082e+01   0.0000e+00   6.0492e-04   3.0831e+02
20230523_12:00:00   9.6481e-01   1.7704e+02   1.6412e+01   0.0000e+00   0.0000e+00   3.0916e+02
20230523_15:00:00   8.8910e-01   1.6896e+02   1.5170e+01   0.0000e+00   0.0000e+00   3.1543e+02
20230523_18:00:00   5.9004e-01   1.2840e+02   1.1105e+01   0.0000e+00   0.0000e+00   3.1321e+02
20230523_21:00:00   5.8817e-01   1.2766e+02   1.1509e+01   3.6808e-04   2.5881e-04   3.1422e+02
20230524_00:00:00   6.5806e-01   1.3863e+02   1.2827e+01   1.9850e-04   2.0020e-05   3.1555e+02
20230524_03:00:00   7.4347e-01   1.5091e+02   1.4012e+01   2.1258e-04   1.1586e-06   3.1181e+02
20230524_06:00:00   8.4761e-01   1.6409e+02   1.5083e+01   2.8640e-05   2.0460e-07   3.1446e+02
20230524_09:00:00   8.0716e-01   1.5872e+02   1.4183e+01   0.0000e+00   7.2678e-04   3.1341e+02
20230524_12:00:00   8.2509e-01   1.6001e+02   1.4459e+01   0.0000e+00   2.7580e-03   3.1244e+02
20230524_15:00:00   8.2894e-01   1.6085e+02   1.4414e+01   0.0000e+00   1.2046e-04   3.1449e+02
20230524_18:00:00   7.4965e-01   1.5124e+02   1.3743e+01   0.0000e+00   5.7124e-03   3.1979e+02
20230524_21:00:00   7.2349e-01   1.4846e+02   1.3602e+01   0.0000e+00   0.0000e+00   3.2014e+02
20230525_00:00:00   6.2418e-01   1.3417e+02   1.2118e+01   0.0000e+00   0.0000e+00   3.1011e+02
20230525_03:00:00   5.9665e-01   1.3016e+02   1.1586e+01   0.0000e+00   1.8994e-04   3.1046e+02
20230525_06:00:00   5.9509e-01   1.2971e+02   1.1458e+01   0.0000e+00   1.7384e-03   3.1221e+02
20230525_09:00:00   5.8722e-01   1.2841e+02   1.1113e+01   0.0000e+00   0.0000e+00   3.1380e+02
20230525_12:00:00   5.8513e-01   1.2809e+02   1.0894e+01   0.0000e+00   0.0000e+00   3.1755e+02
20230525_15:00:00   5.4037e-01   1.2137e+02   9.9293e+00   0.0000e+00   0.0000e+00   3.2107e+02
20230525_18:00:00   4.8067e-01   1.1136e+02   9.2621e+00   0.0000e+00   3.9688e-03   3.1764e+02
20230525_21:00:00   4.8966e-01   1.1274e+02   9.7991e+00   0.0000e+00   6.4657e-03   3.1915e+02
20230526_00:00:00   5.2490e-01   1.1826e+02   1.0658e+01   0.0000e+00   5.5722e-04   3.1649e+02
20230526_03:00:00   5.0537e-01   1.1515e+02   1.0286e+01   0.0000e+00   8.8520e-06   3.2074e+02
20230526_06:00:00   5.3126e-01   1.1938e+02   1.0686e+01   0.0000e+00   0.0000e+00   3.1982e+02
20230526_09:00:00   5.5818e-01   1.2287e+02   1.1266e+01   0.0000e+00   1.5960e-02   3.1829e+02
20230526_12:00:00   5.7927e-01   1.2610e+02   1.1621e+01   0.0000e+00   3.3196e-03   3.2173e+02
20230526_15:00:00   5.7844e-01   1.2639e+02   1.1464e+01   0.0000e+00   5.4207e-04   3.2599e+02
20230526_18:00:00   5.1996e-01   1.1785e+02   1.0383e+01   0.0000e+00   0.0000e+00   3.2634e+02
20230526_21:00:00   5.0984e-01   1.1648e+02   1.0311e+01   4.7260e-05   1.3758e-04   3.2522e+02
20230527_00:00:00   4.9511e-01   1.1412e+02   1.0095e+01   0.0000e+00   3.0190e-04   3.2633e+02
20230527_03:00:00   5.1129e-01   1.1722e+02   1.0233e+01   0.0000e+00   0.0000e+00   3.2554e+02
20230527_06:00:00   4.9030e-01   1.1333e+02   9.7154e+00   0.0000e+00   0.0000e+00   3.2741e+02
20230527_09:00:00   4.8140e-01   1.1154e+02   9.5364e+00   0.0000e+00   0.0000e+00   3.2440e+02
20230527_12:00:00   4.9676e-01   1.1395e+02   9.7706e+00   0.0000e+00   0.0000e+00   3.2731e+02
20230527_15:00:00   5.3017e-01   1.1965e+02   1.0309e+01   0.0000e+00   0.0000e+00   3.2595e+02
20230527_18:00:00   5.3082e-01   1.2010e+02   1.0406e+01   0.0000e+00   0.0000e+00   3.2523e+02
20230527_21:00:00   5.6125e-01   1.2510e+02   1.1137e+01   1.5172e-05   9.8315e-04   3.2056e+02
20230528_00:00:00   4.6917e-01   1.0991e+02   9.5069e+00   2.0460e-07   2.2025e-04   3.1661e+02
20230528_03:00:00   4.8725e-01   1.1347e+02   9.6875e+00   0.0000e+00   0.0000e+00   3.1978e+02
20230528_06:00:00   4.4289e-01   1.0616e+02   8.4760e+00   0.0000e+00   0.0000e+00   3.2018e+02
20230528_09:00:00   5.0389e-01   1.1622e+02   9.6612e+00   0.0000e+00   0.0000e+00   3.1967e+02
20230528_12:00:00   5.3553e-01   1.2132e+02   1.0140e+01   0.0000e+00   0.0000e+00   3.2118e+02
20230528_15:00:00   5.3903e-01   1.2182e+02   1.0234e+01   0.0000e+00   0.0000e+00   3.2037e+02
20230528_18:00:00   5.2310e-01   1.1908e+02   1.0218e+01   0.0000e+00   0.0000e+00   3.1599e+02
20230528_21:00:00   5.5599e-01   1.2431e+02   1.1091e+01   0.0000e+00   1.3986e-05   3.1526e+02
20230529_00:00:00   5.9631e-01   1.3074e+02   1.2048e+01   0.0000e+00   4.5759e-04   3.1468e+02
20230529_03:00:00   5.6940e-01   1.2662e+02   1.1435e+01   0.0000e+00   1.1784e-02   3.1443e+02
20230529_06:00:00   6.0831e-01   1.3213e+02   1.2211e+01   0.0000e+00   4.0350e-02   3.1429e+02
20230529_09:00:00   5.2563e-01   1.1917e+02   1.0458e+01   0.0000e+00   2.3288e-02   3.1138e+02
20230529_12:00:00   5.1042e-01   1.1657e+02   9.9742e+00   0.0000e+00   9.5228e-04   3.1055e+02
20230529_15:00:00   5.5958e-01   1.2453e+02   1.0930e+01   0.0000e+00   4.8381e-05   3.1142e+02
20230529_18:00:00   5.7628e-01   1.2733e+02   1.1289e+01   0.0000e+00   0.0000e+00   3.1544e+02
20230529_21:00:00   6.1249e-01   1.3301e+02   1.2177e+01   1.2276e-06   1.2069e-05   3.1867e+02
20230530_00:00:00   5.4945e-01   1.2365e+02   1.0949e+01   0.0000e+00   0.0000e+00   3.1999e+02
