#            date       tau255        Tb[K]      pwv[mm] lwp[kg*m^-2] iwp[kg*m^-2]       o3[DU]
20230428_12:00:00   3.9619e-01   9.5456e+01   7.6249e+00   0.0000e+00   0.0000e+00   3.4651e+02
20230428_13:00:00   4.0143e-01   9.6373e+01   7.7044e+00   0.0000e+00   0.0000e+00   3.4337e+02
20230428_14:00:00   4.1030e-01   9.8023e+01   7.8424e+00   0.0000e+00   1.9628e-05   3.4207e+02
20230428_15:00:00   4.2580e-01   1.0099e+02   8.1057e+00   0.0000e+00   3.3260e-05   3.4006e+02
20230428_16:00:00   4.3199e-01   1.0229e+02   8.2310e+00   0.0000e+00   1.4700e-05   3.3899e+02
20230428_17:00:00   4.4149e-01   1.0423e+02   8.4187e+00   0.0000e+00   0.0000e+00   3.3984e+02
20230428_18:00:00   4.5534e-01   1.0695e+02   8.7013e+00   0.0000e+00   8.1780e-06   3.4093e+02
20230428_19:00:00   4.6487e-01   1.0884e+02   8.9355e+00   0.0000e+00   0.0000e+00   3.4044e+02
20230428_20:00:00   4.7019e-01   1.0991e+02   9.1021e+00   0.0000e+00   0.0000e+00   3.3903e+02
20230428_21:00:00   4.8539e-01   1.1259e+02   9.4684e+00   0.0000e+00   0.0000e+00   3.3741e+02
20230428_22:00:00   4.9834e-01   1.1479e+02   9.7850e+00   0.0000e+00   0.0000e+00   3.3662e+02
20230428_23:00:00   5.1074e-01   1.1689e+02   1.0065e+01   0.0000e+00   8.4466e-06   3.3764e+02
20230429_00:00:00   5.2305e-01   1.1894e+02   1.0321e+01   8.1840e-07   1.3593e-05   3.4059e+02
20230429_01:00:00   5.3966e-01   1.2161e+02   1.0634e+01   2.2500e-06   2.4702e-05   3.4376e+02
20230429_02:00:00   5.6697e-01   1.2607e+02   1.1097e+01   8.4473e-06   7.7300e-06   3.4559e+02
20230429_03:00:00   5.8826e-01   1.2938e+02   1.1428e+01   0.0000e+00   0.0000e+00   3.4579e+02
20230429_04:00:00   6.0587e-01   1.3211e+02   1.1680e+01   0.0000e+00   0.0000e+00   3.4600e+02
20230429_05:00:00   6.1877e-01   1.3413e+02   1.1862e+01   0.0000e+00   0.0000e+00   3.4579e+02
20230429_06:00:00   6.2502e-01   1.3509e+02   1.1931e+01   0.0000e+00   0.0000e+00   3.4482e+02
20230429_07:00:00   6.3568e-01   1.3661e+02   1.2087e+01   0.0000e+00   1.4484e-06   3.4333e+02
20230429_08:00:00   6.4766e-01   1.3825e+02   1.2302e+01   0.0000e+00   2.5474e-05   3.4286e+02
20230429_09:00:00   6.4985e-01   1.3843e+02   1.2333e+01   0.0000e+00   1.1170e-04   3.4256e+02
20230429_10:00:00   6.4653e-01   1.3798e+02   1.2187e+01   0.0000e+00   3.4537e-04   3.4253e+02
20230429_11:00:00   6.4843e-01   1.3831e+02   1.2131e+01   0.0000e+00   8.4057e-04   3.4353e+02
20230429_12:00:00   6.5391e-01   1.3914e+02   1.2158e+01   0.0000e+00   2.0184e-03   3.4427e+02
20230429_13:00:00   6.5579e-01   1.3937e+02   1.2151e+01   0.0000e+00   3.4770e-03   3.4356e+02
20230429_14:00:00   6.5924e-01   1.3978e+02   1.2195e+01   0.0000e+00   3.7531e-03   3.4376e+02
20230429_15:00:00   6.6331e-01   1.4049e+02   1.2250e+01   0.0000e+00   2.6054e-03   3.4334e+02
20230429_16:00:00   6.5257e-01   1.3914e+02   1.2116e+01   0.0000e+00   1.3874e-03   3.4266e+02
20230429_17:00:00   6.3494e-01   1.3665e+02   1.1937e+01   0.0000e+00   4.9483e-04   3.4139e+02
20230429_18:00:00   6.1270e-01   1.3321e+02   1.1722e+01   0.0000e+00   3.7357e-04   3.4147e+02
20230429_19:00:00   6.0594e-01   1.3208e+02   1.1746e+01   0.0000e+00   4.3448e-04   3.4262e+02
20230429_20:00:00   6.3065e-01   1.3570e+02   1.2313e+01   0.0000e+00   3.2848e-04   3.4320e+02
20230429_21:00:00   6.8413e-01   1.4342e+02   1.3373e+01   6.7160e-05   7.3626e-04   3.4258e+02
20230429_22:00:00   7.6016e-01   1.5366e+02   1.4796e+01   1.4925e-05   3.5096e-03   3.4042e+02
20230429_23:00:00   8.1602e-01   1.6090e+02   1.5770e+01   1.1038e-03   6.9602e-03   3.3809e+02
20230430_00:00:00   8.5701e-01   1.6590e+02   1.6455e+01   2.5117e-03   2.1171e-02   3.3784e+02
20230430_01:00:00   8.9838e-01   1.7073e+02   1.7194e+01   1.9188e-03   3.4251e-02   3.3789e+02
20230430_02:00:00   9.2374e-01   1.7410e+02   1.7605e+01   1.0730e-04   1.7554e-02   3.3905e+02
20230430_03:00:00   9.5206e-01   1.7752e+02   1.7887e+01   0.0000e+00   1.4665e-02   3.4143e+02
20230430_04:00:00   9.6910e-01   1.7942e+02   1.7951e+01   0.0000e+00   1.2458e-02   3.4324e+02
20230430_05:00:00   9.6111e-01   1.7847e+02   1.7644e+01   0.0000e+00   1.3366e-02   3.4436e+02
20230430_06:00:00   9.4238e-01   1.7634e+02   1.7224e+01   0.0000e+00   1.1984e-02   3.4392e+02
20230430_07:00:00   9.2533e-01   1.7420e+02   1.6969e+01   0.0000e+00   6.8553e-03   3.4447e+02
20230430_08:00:00   9.1079e-01   1.7221e+02   1.6761e+01   0.0000e+00   6.7193e-03   3.4629e+02
20230430_09:00:00   8.9041e-01   1.6959e+02   1.6403e+01   0.0000e+00   3.8022e-03   3.4743e+02
20230430_10:00:00   8.6675e-01   1.6665e+02   1.5950e+01   0.0000e+00   2.7967e-03   3.4887e+02
20230430_11:00:00   8.2572e-01   1.6158e+02   1.5221e+01   0.0000e+00   3.0569e-03   3.5025e+02
20230430_12:00:00   8.0142e-01   1.5831e+02   1.4819e+01   0.0000e+00   4.1962e-03   3.5078e+02
20230430_13:00:00   7.7657e-01   1.5503e+02   1.4311e+01   0.0000e+00   7.2361e-03   3.5231e+02
20230430_14:00:00   7.4853e-01   1.5148e+02   1.3712e+01   0.0000e+00   1.1389e-02   3.5897e+02
20230430_15:00:00   7.1583e-01   1.4730e+02   1.3131e+01   0.0000e+00   1.2990e-02   3.5779e+02
20230430_16:00:00   6.5978e-01   1.3976e+02   1.2145e+01   0.0000e+00   3.7001e-03   3.5245e+02
20230430_17:00:00   6.1622e-01   1.3383e+02   1.1341e+01   0.0000e+00   6.2140e-04   3.4711e+02
20230430_18:00:00   5.9275e-01   1.3052e+02   1.0992e+01   0.0000e+00   0.0000e+00   3.4656e+02
20230430_19:00:00   5.6295e-01   1.2551e+02   1.0713e+01   0.0000e+00   0.0000e+00   3.4760e+02
20230430_20:00:00   5.6063e-01   1.2479e+02   1.0891e+01   0.0000e+00   1.8466e-04   3.4923e+02
20230430_21:00:00   6.1225e-01   1.3255e+02   1.1993e+01   0.0000e+00   1.2862e-03   3.5031e+02
20230430_22:00:00   6.7583e-01   1.4187e+02   1.3205e+01   0.0000e+00   1.7337e-04   3.5038e+02
20230430_23:00:00   7.4219e-01   1.5105e+02   1.4410e+01   6.7260e-06   1.4590e-03   3.5177e+02
20230501_00:00:00   7.8229e-01   1.5649e+02   1.5052e+01   2.8640e-06   2.4724e-03   3.5053e+02
20230501_01:00:00   7.7967e-01   1.5634e+02   1.4856e+01   0.0000e+00   1.3087e-04   3.5438e+02
20230501_02:00:00   8.1431e-01   1.6065e+02   1.5299e+01   7.4580e-05   2.5362e-04   3.5638e+02
20230501_03:00:00   8.2987e-01   1.6243e+02   1.5342e+01   8.1320e-05   1.3086e-05   3.4503e+02
20230501_04:00:00   7.8509e-01   1.5687e+02   1.4284e+01   9.8000e-05   0.0000e+00   3.4228e+02
20230501_05:00:00   7.0188e-01   1.4590e+02   1.2603e+01   7.8660e-05   1.1194e-05   3.4052e+02
20230501_06:00:00   6.2375e-01   1.3462e+02   1.1050e+01   5.4417e-05   1.9074e-04   3.3980e+02
20230501_07:00:00   5.9163e-01   1.2934e+02   1.0415e+01   1.2992e-05   7.5122e-04   3.4028e+02
20230501_08:00:00   5.7297e-01   1.2597e+02   1.0120e+01   0.0000e+00   2.3379e-03   3.4123e+02
20230501_09:00:00   5.6424e-01   1.2410e+02   1.0049e+01   1.9968e-04   5.5821e-03   3.4210e+02
20230501_10:00:00   5.8561e-01   1.2670e+02   1.0582e+01   8.3160e-05   2.1783e-02   3.4331e+02
20230501_11:00:00   5.5252e-01   1.2162e+02   9.8148e+00   8.6240e-05   7.8924e-02   3.4646e+02
20230501_12:00:00   4.9798e-01   1.1296e+02   8.6797e+00   1.1209e-04   6.4535e-02   3.5011e+02
20230501_13:00:00   4.6917e-01   1.0802e+02   8.1081e+00   1.6923e-05   4.7011e-02   3.5407e+02
20230501_14:00:00   4.3759e-01   1.0255e+02   7.5237e+00   0.0000e+00   5.8981e-03   3.6013e+02
20230501_15:00:00   3.7803e-01   9.1694e+01   6.5812e+00   0.0000e+00   0.0000e+00   3.6661e+02
20230501_16:00:00   3.4340e-01   8.5207e+01   6.0131e+00   0.0000e+00   0.0000e+00   3.7138e+02
20230501_17:00:00   3.4073e-01   8.4610e+01   6.1053e+00   0.0000e+00   0.0000e+00   3.7378e+02
20230501_18:00:00   3.8631e-01   9.3047e+01   7.0888e+00   0.0000e+00   0.0000e+00   3.7263e+02
20230501_19:00:00   3.9560e-01   9.4617e+01   7.3727e+00   0.0000e+00   0.0000e+00   3.7603e+02
20230501_20:00:00   3.4485e-01   8.4657e+01   6.5703e+00   0.0000e+00   0.0000e+00   3.7875e+02
20230501_21:00:00   2.9015e-01   7.3332e+01   5.6413e+00   0.0000e+00   0.0000e+00   3.8132e+02
20230501_22:00:00   2.6173e-01   6.7328e+01   5.1169e+00   0.0000e+00   0.0000e+00   3.8379e+02
20230501_23:00:00   2.4421e-01   6.4004e+01   4.6814e+00   0.0000e+00   0.0000e+00   3.8370e+02
20230502_00:00:00   2.1310e-01   5.7575e+01   3.8762e+00   0.0000e+00   0.0000e+00   3.8620e+02
20230502_01:00:00   1.9066e-01   5.2427e+01   3.4029e+00   0.0000e+00   0.0000e+00   3.7969e+02
20230502_02:00:00   2.0430e-01   5.5275e+01   3.6594e+00   0.0000e+00   0.0000e+00   3.7691e+02
20230502_03:00:00   2.3777e-01   6.2442e+01   4.2610e+00   0.0000e+00   4.8117e-06   3.7832e+02
20230502_04:00:00   2.5941e-01   6.7005e+01   4.6128e+00   0.0000e+00   4.0619e-04   3.7982e+02
20230502_05:00:00   2.6632e-01   6.8252e+01   4.7738e+00   0.0000e+00   1.7233e-03   3.8185e+02
20230502_06:00:00   2.7848e-01   7.0549e+01   5.0703e+00   0.0000e+00   5.0905e-03   3.8238e+02
20230502_07:00:00   3.1154e-01   7.7026e+01   5.7142e+00   0.0000e+00   2.0336e-02   3.8161e+02
20230502_08:00:00   3.3720e-01   8.1907e+01   6.2065e+00   0.0000e+00   2.4918e-02   3.7921e+02
20230502_09:00:00   3.7573e-01   8.9180e+01   6.8250e+00   0.0000e+00   1.0668e-02   3.7898e+02
20230502_10:00:00   4.3478e-01   9.9599e+01   7.8316e+00   0.0000e+00   1.5936e-03   3.7883e+02
20230502_11:00:00   4.7952e-01   1.0690e+02   8.6298e+00   0.0000e+00   1.0476e-03   3.7697e+02
20230502_12:00:00   5.1949e-01   1.1339e+02   9.2314e+00   0.0000e+00   2.5041e-03   3.7698e+02
20230502_13:00:00   5.5427e-01   1.1884e+02   9.7163e+00   0.0000e+00   3.4146e-03   3.7864e+02
20230502_14:00:00   5.8750e-01   1.2379e+02   1.0233e+01   1.0230e-07   6.3096e-03   3.8002e+02
20230502_15:00:00   5.8923e-01   1.2393e+02   1.0294e+01   4.7230e-06   8.8857e-03   3.7904e+02
20230502_16:00:00   5.8560e-01   1.2322e+02   1.0330e+01   1.0230e-07   2.9766e-02   3.7614e+02
20230502_17:00:00   5.9206e-01   1.2396e+02   1.0512e+01   5.9340e-06   7.3706e-02   3.7603e+02
20230502_18:00:00   5.8283e-01   1.2236e+02   1.0416e+01   3.5523e-05   1.3306e-01   3.8370e+02
20230502_19:00:00   5.4756e-01   1.1694e+02   9.8642e+00   1.0502e-04   1.3228e-01   3.8700e+02
20230502_20:00:00   4.9899e-01   1.0977e+02   9.0135e+00   3.1885e-05   7.6584e-03   3.8945e+02
20230502_21:00:00   4.5237e-01   1.0270e+02   8.0695e+00   4.2197e-04   1.8518e-03   3.9337e+02
20230502_22:00:00   4.3968e-01   1.0078e+02   7.8794e+00   1.3240e-04   1.4844e-03   3.9462e+02
20230502_23:00:00   4.2245e-01   9.7884e+01   7.5999e+00   2.3420e-05   7.0858e-04   3.9321e+02
20230503_00:00:00   4.0389e-01   9.4666e+01   7.2531e+00   1.2684e-05   5.8760e-05   3.9260e+02
20230503_01:00:00   4.0613e-01   9.5075e+01   7.2548e+00   1.7800e-05   1.2994e-05   3.9415e+02
20230503_02:00:00   4.2098e-01   9.7770e+01   7.4352e+00   8.1840e-06   3.6476e-06   3.9531e+02
20230503_03:00:00   4.5447e-01   1.0340e+02   7.9905e+00   0.0000e+00   1.7629e-05   3.9391e+02
20230503_04:00:00   5.9062e-01   1.2476e+02   1.0225e+01   3.8256e-04   3.9995e-03   3.9402e+02
20230503_05:00:00   6.7067e-01   1.3613e+02   1.1416e+01   1.4474e-04   1.3309e-02   3.9470e+02
20230503_06:00:00   7.0778e-01   1.4102e+02   1.1910e+01   1.9262e-04   3.3029e-02   3.9616e+02
20230503_07:00:00   7.2438e-01   1.4303e+02   1.2105e+01   6.8170e-04   7.0648e-02   3.9688e+02
20230503_08:00:00   6.9469e-01   1.3897e+02   1.1667e+01   2.6704e-04   2.9497e-02   3.9712e+02
20230503_09:00:00   6.0812e-01   1.2693e+02   1.0264e+01   2.3520e-05   6.8840e-03   3.9809e+02
20230503_10:00:00   5.5557e-01   1.1892e+02   9.3648e+00   9.0020e-06   1.0307e-02   3.9991e+02
20230503_11:00:00   5.5095e-01   1.1789e+02   9.2815e+00   8.7980e-06   6.3166e-02   4.0141e+02
20230503_12:00:00   5.5686e-01   1.1864e+02   9.3969e+00   6.1380e-07   3.0287e-02   4.0159e+02
20230503_15:00:00   5.6722e-01   1.1999e+02   9.5981e+00   6.1380e-07   3.7327e-02   3.9820e+02
20230503_18:00:00   5.0472e-01   1.1042e+02   8.8472e+00   2.2040e-05   9.9022e-03   3.9297e+02
20230503_21:00:00   4.4741e-01   1.0135e+02   8.0077e+00   7.7596e-05   2.9820e-02   4.0000e+02
20230504_00:00:00   4.5612e-01   1.0259e+02   8.3229e+00   1.7902e-05   5.5844e-03   4.0703e+02
20230504_03:00:00   4.1685e-01   9.5976e+01   7.5090e+00   2.6300e-05   1.7051e-02   4.0722e+02
20230504_06:00:00   5.2300e-01   1.1377e+02   9.1570e+00   1.5344e-06   4.5855e-03   3.9685e+02
20230504_09:00:00   5.6492e-01   1.1995e+02   9.8242e+00   1.4322e-05   1.5352e-02   3.6885e+02
20230504_12:00:00   5.7244e-01   1.2103e+02   9.8135e+00   2.8640e-06   2.4718e-03   3.6408e+02
20230504_15:00:00   5.4558e-01   1.1739e+02   9.2845e+00   1.1557e-04   8.0238e-04   3.6078e+02
20230504_18:00:00   5.4138e-01   1.1710e+02   9.4133e+00   2.6204e-04   8.4730e-03   3.5161e+02
20230504_21:00:00   6.5304e-01   1.3375e+02   1.1469e+01   6.0855e-04   1.9454e-01   3.5607e+02
20230505_00:00:00   6.4099e-01   1.3201e+02   1.1369e+01   1.2486e-03   2.1805e-01   3.6399e+02
20230505_03:00:00   5.0802e-01   1.1191e+02   9.0924e+00   2.7520e-05   7.3134e-05   3.5724e+02
20230505_06:00:00   4.8085e-01   1.0741e+02   8.4601e+00   0.0000e+00   1.4730e-06   3.5079e+02
20230505_09:00:00   5.1637e-01   1.1268e+02   9.2216e+00   0.0000e+00   1.1458e-06   3.4091e+02
20230505_12:00:00   5.3674e-01   1.1594e+02   9.4892e+00   0.0000e+00   0.0000e+00   3.3461e+02
20230505_15:00:00   5.2730e-01   1.1478e+02   9.3803e+00   0.0000e+00   3.3636e-05   3.3076e+02
20230505_18:00:00   5.4262e-01   1.1775e+02   9.8628e+00   0.0000e+00   1.3080e-04   3.2872e+02
20230505_21:00:00   6.1406e-01   1.2966e+02   1.1209e+01   2.2846e-04   2.3642e-03   3.3407e+02
20230506_00:00:00   6.7146e-01   1.3876e+02   1.2203e+01   5.0965e-04   5.2641e-03   3.4090e+02
20230506_03:00:00   6.7383e-01   1.3959e+02   1.2082e+01   7.3240e-05   1.8388e-03   3.4172e+02
20230506_06:00:00   6.7057e-01   1.3906e+02   1.1699e+01   0.0000e+00   5.1077e-05   3.3909e+02
20230506_09:00:00   6.2495e-01   1.3212e+02   1.1004e+01   0.0000e+00   0.0000e+00   3.3430e+02
20230506_12:00:00   6.1191e-01   1.2955e+02   1.1030e+01   0.0000e+00   2.0460e-07   3.3236e+02
20230506_15:00:00   6.5066e-01   1.3526e+02   1.1718e+01   0.0000e+00   3.1875e-05   3.2975e+02
20230506_18:00:00   6.4471e-01   1.3522e+02   1.1763e+01   0.0000e+00   2.8213e-03   3.2983e+02
20230506_21:00:00   6.3412e-01   1.3490e+02   1.1566e+01   0.0000e+00   2.2563e-03   3.3263e+02
20230507_00:00:00   6.2193e-01   1.3340e+02   1.1592e+01   0.0000e+00   1.3454e-06   3.4223e+02
20230507_03:00:00   6.5038e-01   1.3779e+02   1.1848e+01   0.0000e+00   0.0000e+00   3.4804e+02
20230507_06:00:00   5.9205e-01   1.2889e+02   1.0583e+01   0.0000e+00   0.0000e+00   3.4360e+02
20230507_09:00:00   5.4677e-01   1.2142e+02   9.7556e+00   0.0000e+00   2.4880e-06   3.4206e+02
20230507_12:00:00   5.5005e-01   1.2136e+02   9.8747e+00   0.0000e+00   1.2365e-03   3.3992e+02
20230507_15:00:00   5.6036e-01   1.2283e+02   1.0182e+01   0.0000e+00   3.1004e-03   3.4045e+02
20230507_18:00:00   5.0159e-01   1.1351e+02   9.5184e+00   0.0000e+00   4.4626e-05   3.3914e+02
20230507_21:00:00   4.3993e-01   1.0231e+02   8.7501e+00   0.0000e+00   9.5190e-05   3.3797e+02
20230508_00:00:00   4.6846e-01   1.0717e+02   9.2280e+00   0.0000e+00   1.8810e-04   3.3528e+02
20230508_03:00:00   5.0830e-01   1.1389e+02   9.5252e+00   1.7196e-04   1.0639e-06   3.4163e+02
20230508_06:00:00   5.1078e-01   1.1497e+02   8.5963e+00   7.2470e-04   3.5280e-05   3.4341e+02
20230508_09:00:00   4.2801e-01   1.0010e+02   7.1572e+00   1.9410e-04   2.6496e-05   3.4984e+02
20230508_12:00:00   4.0550e-01   9.5666e+01   6.6936e+00   7.3456e-05   1.4417e-04   3.6928e+02
20230508_15:00:00   3.6734e-01   8.8515e+01   6.0663e+00   4.9100e-06   3.2742e-07   3.7091e+02
20230508_18:00:00   2.0332e-01   5.4714e+01   3.5098e+00   0.0000e+00   0.0000e+00   3.6517e+02
20230508_21:00:00   2.3851e-01   6.2357e+01   4.3621e+00   0.0000e+00   0.0000e+00   3.5813e+02
20230509_00:00:00   1.9887e-01   5.3909e+01   3.6557e+00   0.0000e+00   0.0000e+00   3.4920e+02
20230509_03:00:00   2.3225e-01   6.1372e+01   4.2191e+00   0.0000e+00   1.6368e-07   3.5328e+02
20230509_06:00:00   2.3884e-01   6.2549e+01   4.2301e+00   0.0000e+00   0.0000e+00   3.5297e+02
20230509_09:00:00   2.0268e-01   5.4327e+01   3.6193e+00   0.0000e+00   0.0000e+00   3.5232e+02
20230509_12:00:00   2.0453e-01   5.4467e+01   3.7432e+00   0.0000e+00   8.0970e-04   3.4864e+02
20230509_15:00:00   2.7113e-01   6.7810e+01   5.3058e+00   0.0000e+00   1.3331e-04   3.4735e+02
20230509_18:00:00   3.7577e-01   8.8104e+01   7.4462e+00   0.0000e+00   6.3457e-03   3.4387e+02
20230509_21:00:00   4.9851e-01   1.1106e+02   9.6633e+00   0.0000e+00   5.8980e-05   3.4595e+02
20230510_00:00:00   5.8374e-01   1.2543e+02   1.1185e+01   0.0000e+00   4.6441e-03   3.5259e+02
20230510_03:00:00   5.8844e-01   1.2573e+02   1.1175e+01   0.0000e+00   1.0386e-02   3.4850e+02
20230510_06:00:00   5.3516e-01   1.1690e+02   1.0118e+01   0.0000e+00   2.3763e-04   3.4681e+02
20230510_09:00:00   4.5866e-01   1.0396e+02   8.7778e+00   0.0000e+00   8.1780e-06   3.3939e+02
20230510_12:00:00   4.7348e-01   1.0601e+02   9.1739e+00   0.0000e+00   5.1780e-04   3.3326e+02
20230510_15:00:00   4.8840e-01   1.0867e+02   9.4391e+00   0.0000e+00   2.2936e-03   3.2885e+02
20230510_18:00:00   5.1967e-01   1.1453e+02   1.0026e+01   0.0000e+00   0.0000e+00   3.3201e+02
20230510_21:00:00   5.7897e-01   1.2506e+02   1.1172e+01   0.0000e+00   5.0865e-05   3.3358e+02
20230511_00:00:00   6.0524e-01   1.3002e+02   1.1614e+01   0.0000e+00   0.0000e+00   3.3523e+02
20230511_03:00:00   5.6319e-01   1.2398e+02   1.0676e+01   0.0000e+00   0.0000e+00   3.3554e+02
20230511_06:00:00   5.3624e-01   1.1950e+02   1.0109e+01   0.0000e+00   0.0000e+00   3.3744e+02
20230511_09:00:00   5.1616e-01   1.1606e+02   9.7977e+00   0.0000e+00   0.0000e+00   3.3327e+02
20230511_12:00:00   5.2334e-01   1.1700e+02   1.0022e+01   0.0000e+00   0.0000e+00   3.2916e+02
20230511_15:00:00   5.2343e-01   1.1714e+02   1.0020e+01   0.0000e+00   0.0000e+00   3.2599e+02
20230511_18:00:00   5.1613e-01   1.1662e+02   1.0030e+01   0.0000e+00   0.0000e+00   3.2430e+02
20230511_21:00:00   5.2548e-01   1.1892e+02   1.0358e+01   0.0000e+00   6.0244e-04   3.2094e+02
20230512_00:00:00   6.1571e-01   1.3260e+02   1.2324e+01   1.8400e-04   3.1714e-03   3.1452e+02
20230512_03:00:00   6.3596e-01   1.3527e+02   1.2714e+01   0.0000e+00   1.0478e-01   3.0823e+02
20230512_06:00:00   6.5722e-01   1.3820e+02   1.3090e+01   0.0000e+00   1.3323e-02   3.0602e+02
20230512_09:00:00   6.1366e-01   1.3172e+02   1.2168e+01   0.0000e+00   5.3128e-03   3.0145e+02
20230512_12:00:00   5.9244e-01   1.2869e+02   1.1570e+01   0.0000e+00   4.9676e-03   2.9802e+02
20230512_15:00:00   5.9582e-01   1.2928e+02   1.1645e+01   0.0000e+00   1.3022e-02   2.9857e+02
20230512_18:00:00   5.6411e-01   1.2483e+02   1.1243e+01   0.0000e+00   8.5567e-04   2.9729e+02
20230512_21:00:00   6.7108e-01   1.4071e+02   1.3616e+01   0.0000e+00   1.9287e-03   2.9640e+02
20230513_00:00:00   7.3287e-01   1.4945e+02   1.4694e+01   1.4114e-04   6.6330e-03   2.9927e+02
20230513_03:00:00   8.3469e-01   1.6376e+02   1.6101e+01   0.0000e+00   8.0546e-03   2.9791e+02
20230513_06:00:00   8.0777e-01   1.5996e+02   1.5336e+01   0.0000e+00   1.4597e-03   3.0431e+02
20230513_09:00:00   6.7056e-01   1.4121e+02   1.2800e+01   0.0000e+00   7.7464e-03   3.0523e+02
20230513_12:00:00   5.5268e-01   1.2282e+02   1.0701e+01   0.0000e+00   1.2814e-03   3.0526e+02
20230513_15:00:00   5.1467e-01   1.1676e+02   9.9714e+00   0.0000e+00   7.4881e-04   3.0927e+02
20230513_18:00:00   5.3496e-01   1.2029e+02   1.0663e+01   0.0000e+00   2.2877e-03   3.0829e+02
20230513_21:00:00   7.0134e-01   1.4508e+02   1.4170e+01   0.0000e+00   2.9579e-03   3.0726e+02
20230514_00:00:00   9.0428e-01   1.7045e+02   1.7920e+01   3.3173e-04   1.0707e-01   3.0713e+02
20230514_03:00:00   9.3606e-01   1.7389e+02   1.8298e+01   0.0000e+00   9.9640e-02   3.0890e+02
20230514_06:00:00   9.8782e-01   1.7907e+02   1.9071e+01   0.0000e+00   1.2941e-01   3.0985e+02
20230514_09:00:00   9.8161e-01   1.7838e+02   1.8820e+01   0.0000e+00   1.6309e-01   3.1123e+02
20230514_12:00:00   9.9180e-01   1.7928e+02   1.8920e+01   0.0000e+00   4.2111e-02   3.1183e+02
