#            date       tau255        Tb[K]      pwv[mm] lwp[kg*m^-2] iwp[kg*m^-2]       o3[DU]
20230523_12:00:00   1.0042e+00   1.8217e+02   1.7575e+01   0.0000e+00   2.5900e-06   3.1651e+02
20230523_13:00:00   9.9814e-01   1.8138e+02   1.7442e+01   0.0000e+00   2.4880e-06   3.1476e+02
20230523_14:00:00   9.9983e-01   1.8150e+02   1.7464e+01   0.0000e+00   0.0000e+00   3.1384e+02
20230523_15:00:00   9.7167e-01   1.7882e+02   1.7073e+01   0.0000e+00   0.0000e+00   3.1392e+02
20230523_16:00:00   9.2423e-01   1.7409e+02   1.6364e+01   0.0000e+00   0.0000e+00   3.1672e+02
20230523_17:00:00   8.5842e-01   1.6691e+02   1.5399e+01   0.0000e+00   0.0000e+00   3.1822e+02
20230523_18:00:00   8.1484e-01   1.6182e+02   1.4831e+01   0.0000e+00   0.0000e+00   3.1773e+02
20230523_19:00:00   7.9938e-01   1.5974e+02   1.4833e+01   0.0000e+00   0.0000e+00   3.2099e+02
20230523_20:00:00   7.8224e-01   1.5711e+02   1.4856e+01   0.0000e+00   2.7686e-05   3.2213e+02
20230523_21:00:00   7.8964e-01   1.5751e+02   1.5205e+01   8.9140e-04   2.2148e-03   3.2033e+02
20230523_22:00:00   7.7110e-01   1.5526e+02   1.4818e+01   2.6492e-03   1.4603e-02   3.1965e+02
20230523_23:00:00   6.9832e-01   1.4596e+02   1.3536e+01   0.0000e+00   3.9800e-05   3.2154e+02
20230524_00:00:00   5.7333e-01   1.2763e+02   1.1207e+01   0.0000e+00   8.4217e-04   3.2526e+02
20230524_01:00:00   5.4648e-01   1.2326e+02   1.0649e+01   0.0000e+00   1.8810e-03   3.2995e+02
20230524_02:00:00   5.5122e-01   1.2373e+02   1.0700e+01   6.7029e-04   1.1997e-02   3.3444e+02
20230524_03:00:00   6.0744e-01   1.3195e+02   1.1706e+01   3.3950e-04   8.6032e-02   3.3915e+02
20230524_04:00:00   6.4494e-01   1.3739e+02   1.2264e+01   0.0000e+00   8.3474e-02   3.4128e+02
20230524_05:00:00   6.3416e-01   1.3628e+02   1.1766e+01   0.0000e+00   1.7731e-03   3.4766e+02
20230524_06:00:00   6.2992e-01   1.3593e+02   1.1345e+01   0.0000e+00   0.0000e+00   3.4981e+02
20230524_07:00:00   5.7681e-01   1.2755e+02   1.0370e+01   0.0000e+00   0.0000e+00   3.4458e+02
20230524_08:00:00   5.5371e-01   1.2336e+02   1.0084e+01   0.0000e+00   4.0920e-07   3.4107e+02
20230524_09:00:00   5.4489e-01   1.2146e+02   1.0018e+01   0.0000e+00   2.9163e-04   3.3510e+02
20230524_10:00:00   5.3569e-01   1.1964e+02   9.9138e+00   0.0000e+00   4.0280e-03   3.2992e+02
20230524_11:00:00   5.6453e-01   1.2389e+02   1.0459e+01   0.0000e+00   4.4231e-03   3.3016e+02
20230524_12:00:00   5.9610e-01   1.2859e+02   1.0996e+01   0.0000e+00   1.8909e-03   3.2968e+02
20230524_13:00:00   6.3873e-01   1.3478e+02   1.1700e+01   0.0000e+00   1.4313e-03   3.3049e+02
20230524_14:00:00   6.8522e-01   1.4147e+02   1.2426e+01   0.0000e+00   7.8731e-04   3.3299e+02
20230524_15:00:00   7.4035e-01   1.4930e+02   1.3274e+01   0.0000e+00   1.1819e-03   3.3456e+02
20230524_16:00:00   7.8112e-01   1.5480e+02   1.3969e+01   0.0000e+00   1.2356e-03   3.3523e+02
20230524_17:00:00   7.6202e-01   1.5290e+02   1.3624e+01   0.0000e+00   6.7260e-07   3.4049e+02
20230524_18:00:00   7.2557e-01   1.4833e+02   1.3083e+01   0.0000e+00   0.0000e+00   3.4873e+02
20230524_19:00:00   6.7013e-01   1.4041e+02   1.2388e+01   0.0000e+00   0.0000e+00   3.5085e+02
20230524_20:00:00   6.0988e-01   1.3120e+02   1.1591e+01   0.0000e+00   3.3280e-04   3.4934e+02
20230524_21:00:00   5.6446e-01   1.2422e+02   1.0892e+01   0.0000e+00   3.1244e-04   3.4841e+02
20230524_22:00:00   5.4114e-01   1.2077e+02   1.0516e+01   0.0000e+00   1.0656e-04   3.4523e+02
20230524_23:00:00   5.2094e-01   1.1756e+02   1.0210e+01   0.0000e+00   5.3820e-07   3.4249e+02
20230525_00:00:00   5.2085e-01   1.1743e+02   1.0249e+01   4.9080e-05   2.2243e-04   3.4179e+02
20230525_01:00:00   5.3990e-01   1.2040e+02   1.0611e+01   0.0000e+00   5.2395e-04   3.4186e+02
20230525_02:00:00   6.3581e-01   1.3530e+02   1.2240e+01   0.0000e+00   3.4127e-02   3.4388e+02
20230525_03:00:00   7.9187e-01   1.5698e+02   1.4605e+01   0.0000e+00   3.8581e-02   3.4590e+02
20230525_04:00:00   8.7289e-01   1.6682e+02   1.5663e+01   1.4558e-03   1.8430e-02   3.4912e+02
20230525_05:00:00   9.5165e-01   1.7548e+02   1.6766e+01   5.2340e-04   2.9002e-02   3.4979e+02
20230525_06:00:00   9.8925e-01   1.7933e+02   1.7221e+01   0.0000e+00   1.2789e-03   3.4836e+02
20230525_07:00:00   9.7098e-01   1.7747e+02   1.6751e+01   0.0000e+00   5.3820e-06   3.4692e+02
20230525_08:00:00   9.3706e-01   1.7385e+02   1.6018e+01   0.0000e+00   0.0000e+00   3.4532e+02
20230525_09:00:00   9.1836e-01   1.7171e+02   1.5654e+01   0.0000e+00   0.0000e+00   3.4453e+02
20230525_10:00:00   9.0529e-01   1.7011e+02   1.5402e+01   0.0000e+00   0.0000e+00   3.4484e+02
20230525_11:00:00   8.9178e-01   1.6849e+02   1.5103e+01   0.0000e+00   0.0000e+00   3.4530e+02
20230525_12:00:00   8.8655e-01   1.6777e+02   1.4978e+01   0.0000e+00   0.0000e+00   3.4693e+02
20230525_13:00:00   8.8580e-01   1.6754e+02   1.4919e+01   0.0000e+00   0.0000e+00   3.4791e+02
20230525_14:00:00   9.0738e-01   1.6996e+02   1.5245e+01   0.0000e+00   0.0000e+00   3.4960e+02
20230525_15:00:00   9.1008e-01   1.7044e+02   1.5321e+01   0.0000e+00   0.0000e+00   3.5107e+02
20230525_16:00:00   8.8544e-01   1.6787e+02   1.5024e+01   2.3819e-05   2.2766e-06   3.5284e+02
20230525_17:00:00   8.4086e-01   1.6283e+02   1.4510e+01   4.2150e-06   1.0429e-04   3.5469e+02
20230525_18:00:00   7.9427e-01   1.5725e+02   1.3975e+01   2.6086e-05   2.3944e-04   3.5670e+02
20230525_19:00:00   7.8077e-01   1.5528e+02   1.4087e+01   1.2890e-04   2.3905e-03   3.5799e+02
20230525_20:00:00   7.7163e-01   1.5370e+02   1.4269e+01   3.4170e-04   2.3688e-02   3.5749e+02
20230525_21:00:00   8.2118e-01   1.5883e+02   1.4701e+01   2.1031e-02   7.0076e-02   3.5695e+02
20230525_22:00:00   8.3414e-01   1.6037e+02   1.5250e+01   1.0820e-02   2.1042e-01   3.5609e+02
20230525_23:00:00   8.8865e-01   1.6660e+02   1.5348e+01   2.8283e-02   2.7437e-01   3.5517e+02
20230526_00:00:00   9.5792e-01   1.7477e+02   1.7149e+01   0.0000e+00   2.0707e-01   3.5426e+02
20230526_01:00:00   1.0377e+00   1.8259e+02   1.8080e+01   9.6150e-05   1.1591e-01   3.5266e+02
20230526_02:00:00   1.0503e+00   1.8369e+02   1.8080e+01   1.0230e-07   9.7783e-02   3.5104e+02
20230526_03:00:00   9.9309e-01   1.7828e+02   1.7175e+01   0.0000e+00   5.6017e-02   3.5031e+02
20230526_04:00:00   9.5847e-01   1.7489e+02   1.6628e+01   0.0000e+00   3.8680e-03   3.4880e+02
20230526_05:00:00   9.3065e-01   1.7178e+02   1.6172e+01   0.0000e+00   5.4487e-04   3.4835e+02
20230526_06:00:00   9.2832e-01   1.7132e+02   1.6122e+01   0.0000e+00   3.9802e-05   3.4824e+02
20230526_07:00:00   9.4329e-01   1.7272e+02   1.6391e+01   0.0000e+00   1.0893e-03   3.4799e+02
20230526_08:00:00   9.2709e-01   1.7093e+02   1.6203e+01   0.0000e+00   2.1778e-04   3.4651e+02
20230526_09:00:00   8.9675e-01   1.6773e+02   1.5633e+01   0.0000e+00   1.3454e-06   3.4548e+02
20230526_10:00:00   8.6786e-01   1.6450e+02   1.4993e+01   0.0000e+00   0.0000e+00   3.4720e+02
20230526_11:00:00   8.6737e-01   1.6426e+02   1.4921e+01   0.0000e+00   0.0000e+00   3.5053e+02
20230526_12:00:00   8.4278e-01   1.6136e+02   1.4496e+01   0.0000e+00   1.0230e-07   3.5377e+02
20230526_13:00:00   8.3455e-01   1.6025e+02   1.4398e+01   0.0000e+00   6.9053e-05   3.5479e+02
20230526_14:00:00   8.4594e-01   1.6162e+02   1.4667e+01   0.0000e+00   4.0697e-05   3.5393e+02
20230526_15:00:00   8.3853e-01   1.6103e+02   1.4622e+01   0.0000e+00   0.0000e+00   3.4920e+02
20230526_16:00:00   8.2782e-01   1.6006e+02   1.4523e+01   0.0000e+00   0.0000e+00   3.4754e+02
20230526_17:00:00   7.9731e-01   1.5657e+02   1.4123e+01   0.0000e+00   7.3660e-07   3.4332e+02
20230526_18:00:00   7.6185e-01   1.5200e+02   1.3733e+01   0.0000e+00   5.0025e-05   3.4501e+02
20230526_19:00:00   7.5476e-01   1.5073e+02   1.3890e+01   1.7455e-04   3.7786e-04   3.4443e+02
20230526_20:00:00   7.5668e-01   1.5082e+02   1.4120e+01   7.9818e-05   8.3797e-03   3.4353e+02
20230526_21:00:00   7.7050e-01   1.5268e+02   1.4438e+01   7.1561e-04   4.8088e-02   3.3918e+02
20230526_22:00:00   8.1376e-01   1.5847e+02   1.5214e+01   6.1142e-04   5.4684e-02   3.3151e+02
20230526_23:00:00   9.2878e-01   1.7234e+02   1.6941e+01   1.3064e-03   3.9063e-02   3.2797e+02
20230527_00:00:00   1.1331e+00   1.9185e+02   1.8460e+01   4.6167e-02   1.4166e-01   3.2512e+02
20230527_01:00:00   1.3064e+00   2.0615e+02   2.0532e+01   4.9729e-02   7.2197e-02   3.2216e+02
20230527_02:00:00   1.2842e+00   2.0483e+02   2.0832e+01   2.8726e-02   2.9270e-02   3.2004e+02
20230527_03:00:00   1.4089e+00   2.1344e+02   2.1301e+01   6.1290e-02   2.0407e-02   3.1855e+02
20230527_04:00:00   1.3982e+00   2.1260e+02   2.1287e+01   4.7203e-02   1.4529e-02   3.1802e+02
20230527_05:00:00   1.2743e+00   2.0379e+02   2.0824e+01   4.1852e-03   2.4471e-04   3.1840e+02
20230527_06:00:00   1.2085e+00   1.9875e+02   1.9880e+01   7.1880e-04   4.0920e-07   3.1959e+02
20230527_07:00:00   1.1504e+00   1.9405e+02   1.9055e+01   3.7314e-05   7.5370e-06   3.2004e+02
20230527_08:00:00   1.1021e+00   1.8972e+02   1.8347e+01   0.0000e+00   0.0000e+00   3.1920e+02
20230527_09:00:00   1.0615e+00   1.8584e+02   1.7695e+01   0.0000e+00   0.0000e+00   3.1825e+02
20230527_10:00:00   1.0175e+00   1.8155e+02   1.6981e+01   0.0000e+00   0.0000e+00   3.1871e+02
20230527_11:00:00   9.8178e-01   1.7790e+02   1.6414e+01   0.0000e+00   0.0000e+00   3.1841e+02
20230527_12:00:00   9.5145e-01   1.7472e+02   1.5948e+01   0.0000e+00   0.0000e+00   3.1741e+02
20230527_13:00:00   9.1982e-01   1.7134e+02   1.5480e+01   0.0000e+00   0.0000e+00   3.1618e+02
20230527_14:00:00   9.0311e-01   1.6968e+02   1.5257e+01   0.0000e+00   0.0000e+00   3.1565e+02
20230527_15:00:00   8.8741e-01   1.6813e+02   1.5134e+01   0.0000e+00   0.0000e+00   3.1685e+02
20230527_16:00:00   8.7743e-01   1.6718e+02   1.5108e+01   0.0000e+00   0.0000e+00   3.1804e+02
20230527_17:00:00   8.6230e-01   1.6559e+02   1.5005e+01   0.0000e+00   0.0000e+00   3.1910e+02
20230527_18:00:00   8.3808e-01   1.6299e+02   1.4789e+01   9.1618e-05   1.1746e-05   3.1978e+02
20230527_19:00:00   8.2100e-01   1.6112e+02   1.4706e+01   5.4537e-04   1.1622e-04   3.1885e+02
20230527_20:00:00   8.3374e-01   1.6265e+02   1.5025e+01   4.1548e-03   3.4976e-03   3.2366e+02
20230527_21:00:00   8.8274e-01   1.6831e+02   1.6116e+01   3.0073e-03   1.1726e-02   3.1868e+02
20230527_22:00:00   1.0006e+00   1.8092e+02   1.8014e+01   9.8621e-03   1.3558e-02   3.1639e+02
20230527_23:00:00   1.1909e+00   1.9827e+02   1.9691e+01   5.2868e-02   2.5940e-02   3.1937e+02
20230528_00:00:00   1.1675e+00   1.9697e+02   2.0702e+01   1.1530e-02   5.6398e-02   3.2194e+02
20230528_01:00:00   1.2749e+00   2.0579e+02   2.1497e+01   3.2633e-02   4.0908e-02   3.2139e+02
20230528_02:00:00   1.2213e+00   2.0185e+02   2.1489e+01   6.9189e-03   1.3063e-02   3.2165e+02
20230528_03:00:00   1.2492e+00   2.0419e+02   2.1408e+01   1.5428e-02   7.0162e-03   3.2262e+02
20230528_04:00:00   1.3213e+00   2.0952e+02   2.1591e+01   3.5544e-02   3.9916e-03   3.2355e+02
20230528_05:00:00   1.2928e+00   2.0740e+02   2.1266e+01   2.9362e-02   4.8433e-03   3.2331e+02
20230528_06:00:00   1.2904e+00   2.0721e+02   2.0706e+01   4.0565e-02   6.7540e-03   3.2302e+02
20230528_07:00:00   1.3543e+00   2.1163e+02   2.0671e+01   6.8040e-02   8.4251e-03   3.2336e+02
20230528_08:00:00   1.2207e+00   2.0157e+02   2.0601e+01   1.1650e-02   1.0661e-02   3.2020e+02
20230528_09:00:00   1.2182e+00   2.0106e+02   2.0901e+01   0.0000e+00   1.1170e-02   3.1927e+02
20230528_10:00:00   1.2255e+00   2.0144e+02   2.0958e+01   2.0460e-07   1.2111e-02   3.1711e+02
20230528_11:00:00   1.2006e+00   1.9927e+02   2.0585e+01   0.0000e+00   6.5610e-03   3.1627e+02
20230528_12:00:00   1.1744e+00   1.9705e+02   2.0111e+01   0.0000e+00   2.0877e-03   3.1828e+02
20230528_15:00:00   1.0992e+00   1.9081e+02   1.8806e+01   0.0000e+00   3.4500e-06   3.3058e+02
20230528_18:00:00   9.4220e-01   1.7519e+02   1.7021e+01   1.0363e-04   1.0923e-04   3.3504e+02
20230528_21:00:00   9.5456e-01   1.7545e+02   1.7610e+01   1.0567e-02   6.2258e-02   3.3630e+02
20230529_00:00:00   1.2761e+00   2.0511e+02   2.2213e+01   7.9697e-03   2.4555e-01   3.3397e+02
20230529_03:00:00   1.3058e+00   2.0754e+02   2.2612e+01   6.1908e-04   5.5409e-02   3.3270e+02
20230529_06:00:00   1.3429e+00   2.0979e+02   2.2867e+01   1.9795e-04   3.2491e-03   3.3047e+02
20230529_09:00:00   1.3448e+00   2.0966e+02   2.2409e+01   3.8729e-04   9.1961e-05   3.3375e+02
20230529_12:00:00   1.2367e+00   2.0124e+02   2.0593e+01   0.0000e+00   0.0000e+00   3.2752e+02
20230529_15:00:00   1.1398e+00   1.9371e+02   1.9170e+01   1.4994e-04   0.0000e+00   3.2409e+02
20230529_18:00:00   1.1086e+00   1.9175e+02   1.9091e+01   3.6336e-03   7.1852e-05   3.2291e+02
20230529_21:00:00   1.0872e+00   1.8958e+02   1.9161e+01   1.4899e-02   2.6068e-02   3.2703e+02
20230530_00:00:00   1.0589e+00   1.8685e+02   1.8996e+01   1.2354e-02   8.3378e-02   3.2999e+02
20230530_03:00:00   1.1995e+00   1.9982e+02   2.1048e+01   6.2664e-03   2.9867e-02   3.3017e+02
20230530_06:00:00   1.1854e+00   1.9874e+02   2.0586e+01   9.4875e-03   1.9427e-02   3.2474e+02
20230530_09:00:00   1.2578e+00   2.0499e+02   2.1158e+01   1.2290e-03   5.6822e-05   3.2490e+02
20230530_12:00:00   1.1162e+00   1.9293e+02   1.8918e+01   0.0000e+00   0.0000e+00   3.2661e+02
20230530_15:00:00   1.0769e+00   1.8972e+02   1.8278e+01   0.0000e+00   0.0000e+00   3.2941e+02
20230530_18:00:00   9.5135e-01   1.7690e+02   1.7005e+01   2.2380e-05   6.1660e-06   3.2540e+02
20230530_21:00:00   7.7569e-01   1.5589e+02   1.4719e+01   1.5384e-04   3.2814e-04   3.2298e+02
20230531_00:00:00   6.7375e-01   1.4200e+02   1.3160e+01   8.6160e-05   5.9984e-04   3.2240e+02
20230531_03:00:00   6.9290e-01   1.4486e+02   1.3471e+01   0.0000e+00   2.2718e-03   3.2004e+02
20230531_06:00:00   7.5030e-01   1.5277e+02   1.4250e+01   0.0000e+00   4.8999e-03   3.1488e+02
20230531_09:00:00   7.9430e-01   1.5848e+02   1.4870e+01   0.0000e+00   0.0000e+00   3.1532e+02
20230531_12:00:00   8.4101e-01   1.6418e+02   1.5567e+01   0.0000e+00   0.0000e+00   3.1584e+02
20230531_15:00:00   8.6412e-01   1.6753e+02   1.5836e+01   0.0000e+00   0.0000e+00   3.1537e+02
20230531_18:00:00   7.4451e-01   1.5224e+02   1.4186e+01   0.0000e+00   2.9840e-06   3.1389e+02
20230531_21:00:00   6.2559e-01   1.3503e+02   1.2429e+01   4.9420e-06   7.1160e-04   3.1552e+02
20230601_00:00:00   5.4518e-01   1.2258e+02   1.1054e+01   1.7595e-05   1.6079e-04   3.1426e+02
20230601_03:00:00   5.7813e-01   1.2791e+02   1.1645e+01   0.0000e+00   3.4800e-03   3.1561e+02
20230601_06:00:00   8.1503e-01   1.6149e+02   1.5697e+01   0.0000e+00   2.4855e-02   3.1548e+02
20230601_09:00:00   9.7752e-01   1.8048e+02   1.8207e+01   0.0000e+00   0.0000e+00   3.1338e+02
20230601_12:00:00   9.6166e-01   1.7865e+02   1.7832e+01   0.0000e+00   0.0000e+00   3.1237e+02
20230601_15:00:00   9.1034e-01   1.7319e+02   1.7024e+01   0.0000e+00   0.0000e+00   3.1406e+02
20230601_18:00:00   8.2924e-01   1.6287e+02   1.6054e+01   3.8917e-04   4.1513e-04   3.1396e+02
20230601_21:00:00   7.2046e-01   1.4913e+02   1.4431e+01   1.7964e-04   1.2522e-03   3.1279e+02
20230602_00:00:00   6.3732e-01   1.3767e+02   1.2966e+01   3.0680e-06   1.1104e-05   3.1253e+02
20230602_03:00:00   7.3909e-01   1.5214e+02   1.4830e+01   0.0000e+00   2.0600e-04   3.1184e+02
20230602_06:00:00   1.0321e+00   1.8677e+02   1.9211e+01   0.0000e+00   1.6144e-06   3.1508e+02
20230602_09:00:00   1.1727e+00   1.9917e+02   2.1204e+01   2.4760e-04   2.2344e-03   3.1622e+02
20230602_12:00:00   1.1433e+00   1.9626e+02   2.0709e+01   0.0000e+00   1.1434e-04   3.1262e+02
20230602_15:00:00   1.1810e+00   1.9972e+02   2.1369e+01   0.0000e+00   1.6894e-03   3.1654e+02
20230602_18:00:00   1.1923e+00   2.0007e+02   2.1452e+01   1.9046e-02   4.4616e-02   3.1404e+02
20230602_21:00:00   1.0518e+00   1.8728e+02   2.0046e+01   2.5120e-03   8.9503e-02   3.1365e+02
20230603_00:00:00   1.1382e+00   1.9580e+02   2.1304e+01   6.3495e-03   4.6123e-02   3.1468e+02
20230603_03:00:00   1.2801e+00   2.0701e+02   2.3099e+01   0.0000e+00   5.0172e-02   3.1732e+02
20230603_06:00:00   1.2611e+00   2.0419e+02   2.2659e+01   0.0000e+00   4.1384e-01   3.2458e+02
20230603_09:00:00   1.3759e+00   2.1195e+02   2.3483e+01   6.1111e-03   5.6626e-02   3.2827e+02
20230603_12:00:00   1.3081e+00   2.0686e+02   2.2497e+01   2.6900e-06   1.3537e-01   3.2427e+02
20230603_15:00:00   1.0268e+00   1.8373e+02   1.8121e+01   0.0000e+00   2.0663e-03   3.2940e+02
20230603_18:00:00   8.6118e-01   1.6720e+02   1.5535e+01   0.0000e+00   6.4342e-06   3.2469e+02
20230603_21:00:00   9.5648e-01   1.7720e+02   1.7690e+01   4.9715e-03   4.9871e-02   3.1736e+02
20230604_00:00:00   1.1251e+00   1.9400e+02   1.8776e+01   4.6552e-02   6.2794e-02   3.2045e+02
20230604_03:00:00   1.1097e+00   1.9294e+02   2.0212e+01   0.0000e+00   3.9863e-02   3.1685e+02
20230604_06:00:00   1.0251e+00   1.8460e+02   1.8496e+01   0.0000e+00   3.2058e-04   3.1807e+02
20230604_09:00:00   9.8043e-01   1.7991e+02   1.7587e+01   0.0000e+00   6.6800e-04   3.1494e+02
20230604_12:00:00   9.6584e-01   1.7824e+02   1.7174e+01   0.0000e+00   6.3758e-03   3.1536e+02
20230604_15:00:00   9.1768e-01   1.7356e+02   1.6341e+01   0.0000e+00   6.6481e-04   3.1473e+02
20230604_18:00:00   8.8692e-01   1.7080e+02   1.6279e+01   5.9700e-05   5.4781e-05   3.1248e+02
20230604_21:00:00   8.3881e-01   1.6470e+02   1.6018e+01   3.8041e-03   5.0977e-02   3.1680e+02
20230605_00:00:00   1.8723e+00   2.4022e+02   2.3380e+01   2.6018e-01   3.4937e-01   3.1708e+02
20230605_03:00:00   1.4712e+00   2.2009e+02   2.5585e+01   1.2121e-03   3.0274e-01   3.2364e+02
20230605_06:00:00   1.6474e+00   2.2973e+02   2.5988e+01   6.1553e-02   1.8874e-01   3.2811e+02
20230605_09:00:00   1.4771e+00   2.1973e+02   2.5439e+01   7.4620e-06   3.4745e-01   3.2774e+02
20230605_12:00:00   1.4787e+00   2.1963e+02   2.5261e+01   5.3820e-06   2.4127e-01   3.2797e+02
20230605_15:00:00   1.3699e+00   2.1298e+02   2.3544e+01   0.0000e+00   5.7208e-03   3.3327e+02
20230605_18:00:00   1.2683e+00   2.0644e+02   2.2109e+01   2.7627e-03   1.2651e-03   3.3542e+02
20230605_21:00:00   1.5661e+00   2.2639e+02   2.3100e+01   1.1080e-01   6.7721e-02   3.3660e+02
20230606_00:00:00   1.6426e+00   2.3012e+02   2.6059e+01   4.9915e-02   2.3033e-01   3.3517e+02
20230606_03:00:00   1.4897e+00   2.2135e+02   2.5151e+01   2.0658e-03   3.2405e-02   3.2916e+02
20230606_06:00:00   1.3122e+00   2.0936e+02   2.2753e+01   0.0000e+00   2.4667e-03   3.3138e+02
20230606_09:00:00   1.3072e+00   2.0864e+02   2.2139e+01   0.0000e+00   1.6373e-03   3.3146e+02
20230606_12:00:00   1.3199e+00   2.0899e+02   2.2559e+01   0.0000e+00   2.5796e-03   3.3032e+02
20230606_15:00:00   1.3262e+00   2.0945e+02   2.3268e+01   2.5360e-04   3.2166e-03   3.3457e+02
20230606_18:00:00   1.2223e+00   2.0246e+02   2.1929e+01   2.1592e-04   3.6410e-04   3.3355e+02
20230606_21:00:00   1.1672e+00   1.9829e+02   2.1294e+01   1.0105e-02   1.2429e-01   3.3095e+02
20230607_00:00:00   1.1227e+00   1.9576e+02   2.0821e+01   1.6248e-04   1.8116e-03   3.3232e+02
20230607_03:00:00   1.3442e+00   2.1449e+02   2.3258e+01   2.0390e-02   2.9257e-03   3.3177e+02
20230607_06:00:00   1.4509e+00   2.2148e+02   2.5044e+01   8.1000e-04   6.6877e-04   3.2854e+02
20230607_09:00:00   1.3852e+00   2.1649e+02   2.3464e+01   1.8822e-05   1.5500e-06   3.2604e+02
20230607_12:00:00   1.2268e+00   2.0362e+02   2.0903e+01   2.0616e-04   3.4057e-04   3.2151e+02
20230607_15:00:00   1.0357e+00   1.8629e+02   1.8279e+01   0.0000e+00   4.5855e-03   3.1534e+02
20230607_18:00:00   9.1471e-01   1.7390e+02   1.7168e+01   0.0000e+00   5.1444e-03   3.1203e+02
20230607_21:00:00   1.1723e+00   1.9874e+02   2.2561e+01   1.1209e-03   8.0357e-03   3.1292e+02
20230608_00:00:00   1.1797e+00   1.9979e+02   2.2765e+01   0.0000e+00   7.5211e-03   3.1141e+02
20230608_03:00:00   1.0427e+00   1.8704e+02   2.0014e+01   0.0000e+00   1.5277e-03   3.1287e+02
20230608_06:00:00   9.8048e-01   1.7974e+02   1.8702e+01   0.0000e+00   1.2628e-03   3.1445e+02
20230608_09:00:00   9.2110e-01   1.7299e+02   1.7259e+01   0.0000e+00   4.6799e-04   3.1438e+02
20230608_12:00:00   8.2295e-01   1.6158e+02   1.5135e+01   0.0000e+00   2.8732e-04   3.1923e+02
