#            date       tau255        Tb[K]      pwv[mm] lwp[kg*m^-2] iwp[kg*m^-2]       o3[DU]
20251010_06:00:00   6.9260e-01   1.4541e+02   1.1996e+01   0.0000e+00   0.0000e+00   2.7989e+02
20251010_07:00:00   7.0156e-01   1.4652e+02   1.2121e+01   0.0000e+00   0.0000e+00   2.8003e+02
20251010_08:00:00   6.9585e-01   1.4566e+02   1.1974e+01   0.0000e+00   0.0000e+00   2.8089e+02
20251010_09:00:00   6.8798e-01   1.4451e+02   1.1835e+01   0.0000e+00   0.0000e+00   2.8221e+02
20251010_10:00:00   6.8928e-01   1.4458e+02   1.1840e+01   0.0000e+00   0.0000e+00   2.8305e+02
20251010_11:00:00   6.9500e-01   1.4531e+02   1.1872e+01   0.0000e+00   0.0000e+00   2.8366e+02
20251010_12:00:00   7.2526e-01   1.4935e+02   1.2280e+01   0.0000e+00   0.0000e+00   2.8379e+02
20251010_13:00:00   7.4401e-01   1.5181e+02   1.2480e+01   0.0000e+00   0.0000e+00   2.8426e+02
20251010_14:00:00   7.6405e-01   1.5435e+02   1.2712e+01   0.0000e+00   0.0000e+00   2.8390e+02
20251010_15:00:00   7.8034e-01   1.5653e+02   1.2896e+01   0.0000e+00   0.0000e+00   2.8306e+02
20251010_16:00:00   7.7354e-01   1.5623e+02   1.2851e+01   0.0000e+00   0.0000e+00   2.8223e+02
20251010_17:00:00   7.6604e-01   1.5573e+02   1.2907e+01   0.0000e+00   0.0000e+00   2.8185e+02
20251010_18:00:00   7.2769e-01   1.5059e+02   1.2764e+01   0.0000e+00   0.0000e+00   2.8206e+02
20251010_19:00:00   6.6760e-01   1.4224e+02   1.2074e+01   0.0000e+00   0.0000e+00   2.8243e+02
20251010_20:00:00   6.1842e-01   1.3504e+02   1.1472e+01   0.0000e+00   0.0000e+00   2.8183e+02
20251010_21:00:00   6.2866e-01   1.3673e+02   1.1858e+01   0.0000e+00   0.0000e+00   2.8143e+02
20251010_22:00:00   6.0398e-01   1.3277e+02   1.1627e+01   0.0000e+00   0.0000e+00   2.8121e+02
20251010_23:00:00   5.0195e-01   1.1592e+02   9.8690e+00   0.0000e+00   0.0000e+00   2.8131e+02
20251011_00:00:00   3.8120e-01   9.3520e+01   7.6394e+00   0.0000e+00   0.0000e+00   2.8175e+02
20251011_01:00:00   3.4255e-01   8.5682e+01   6.8516e+00   0.0000e+00   0.0000e+00   2.8264e+02
20251011_02:00:00   3.3997e-01   8.5005e+01   6.7394e+00   0.0000e+00   0.0000e+00   2.8256e+02
20251011_03:00:00   3.6136e-01   8.9252e+01   7.0554e+00   0.0000e+00   0.0000e+00   2.8203e+02
20251011_04:00:00   3.8183e-01   9.3115e+01   7.3886e+00   0.0000e+00   0.0000e+00   2.8228e+02
20251011_05:00:00   3.8663e-01   9.3936e+01   7.4551e+00   0.0000e+00   0.0000e+00   2.8266e+02
20251011_06:00:00   3.7020e-01   9.0750e+01   7.1215e+00   0.0000e+00   0.0000e+00   2.8470e+02
20251011_07:00:00   3.6020e-01   8.8730e+01   6.9291e+00   0.0000e+00   0.0000e+00   2.8563e+02
20251011_08:00:00   3.5869e-01   8.8278e+01   6.9220e+00   0.0000e+00   0.0000e+00   2.8693e+02
20251011_09:00:00   3.6508e-01   8.9395e+01   7.0539e+00   0.0000e+00   0.0000e+00   2.8736e+02
20251011_10:00:00   3.7661e-01   9.1472e+01   7.2591e+00   0.0000e+00   0.0000e+00   2.8863e+02
20251011_11:00:00   3.7856e-01   9.1873e+01   7.2241e+00   0.0000e+00   0.0000e+00   2.8905e+02
20251011_12:00:00   3.6851e-01   9.0032e+01   6.9279e+00   0.0000e+00   0.0000e+00   2.8896e+02
20251011_13:00:00   3.5941e-01   8.8309e+01   6.6654e+00   0.0000e+00   0.0000e+00   2.8955e+02
20251011_14:00:00   3.7292e-01   9.0717e+01   6.8918e+00   0.0000e+00   0.0000e+00   2.8952e+02
20251011_15:00:00   3.9572e-01   9.4938e+01   7.2389e+00   0.0000e+00   0.0000e+00   2.9025e+02
20251011_16:00:00   3.8651e-01   9.3421e+01   7.0898e+00   0.0000e+00   0.0000e+00   2.8991e+02
20251011_17:00:00   3.7034e-01   9.0504e+01   6.8321e+00   0.0000e+00   0.0000e+00   2.9107e+02
20251011_18:00:00   3.8062e-01   9.2338e+01   7.1145e+00   0.0000e+00   0.0000e+00   2.9203e+02
20251011_19:00:00   3.7272e-01   9.0756e+01   6.9822e+00   0.0000e+00   0.0000e+00   2.9149e+02
20251011_20:00:00   3.0258e-01   7.7166e+01   5.6702e+00   0.0000e+00   0.0000e+00   2.9372e+02
20251011_21:00:00   2.5964e-01   6.8232e+01   4.8806e+00   0.0000e+00   0.0000e+00   2.9455e+02
20251011_22:00:00   2.7929e-01   7.2458e+01   5.2288e+00   0.0000e+00   0.0000e+00   2.9654e+02
20251011_23:00:00   2.6773e-01   7.0010e+01   4.9890e+00   0.0000e+00   0.0000e+00   2.9551e+02
20251012_00:00:00   2.5686e-01   6.7711e+01   4.7382e+00   0.0000e+00   0.0000e+00   2.9381e+02
20251012_01:00:00   2.6671e-01   6.9697e+01   4.8911e+00   0.0000e+00   0.0000e+00   2.9510e+02
20251012_02:00:00   2.9324e-01   7.4986e+01   5.2756e+00   2.7540e-06   3.9360e-08   2.9632e+02
20251012_03:00:00   2.8570e-01   7.3292e+01   5.0729e+00   7.1820e-06   7.8700e-08   2.9718e+02
20251012_04:00:00   2.5696e-01   6.7092e+01   4.5380e+00   0.0000e+00   0.0000e+00   2.9904e+02
20251012_05:00:00   2.3205e-01   6.1579e+01   4.0936e+00   0.0000e+00   0.0000e+00   3.0029e+02
20251012_06:00:00   2.2221e-01   5.9329e+01   3.9243e+00   0.0000e+00   0.0000e+00   3.0373e+02
20251012_07:00:00   2.3390e-01   6.1782e+01   4.1309e+00   0.0000e+00   0.0000e+00   3.0735e+02
20251012_08:00:00   2.4096e-01   6.3305e+01   4.2265e+00   0.0000e+00   0.0000e+00   3.1009e+02
20251012_09:00:00   2.4789e-01   6.4780e+01   4.3021e+00   0.0000e+00   0.0000e+00   3.1090e+02
20251012_10:00:00   2.5503e-01   6.6245e+01   4.4091e+00   0.0000e+00   0.0000e+00   3.1098e+02
20251012_11:00:00   2.6028e-01   6.7330e+01   4.4847e+00   0.0000e+00   0.0000e+00   3.1008e+02
20251012_12:00:00   2.6453e-01   6.8185e+01   4.5332e+00   0.0000e+00   0.0000e+00   3.0907e+02
20251012_13:00:00   2.7332e-01   6.9947e+01   4.6766e+00   0.0000e+00   0.0000e+00   3.0753e+02
20251012_14:00:00   2.7924e-01   7.1088e+01   4.7826e+00   0.0000e+00   0.0000e+00   3.0468e+02
20251012_15:00:00   2.8690e-01   7.2633e+01   4.9211e+00   0.0000e+00   0.0000e+00   3.0315e+02
20251012_16:00:00   2.9193e-01   7.3813e+01   5.0307e+00   0.0000e+00   0.0000e+00   3.0266e+02
20251012_17:00:00   2.9212e-01   7.3990e+01   5.0832e+00   0.0000e+00   0.0000e+00   3.0370e+02
20251012_18:00:00   2.9385e-01   7.4467e+01   5.1668e+00   0.0000e+00   0.0000e+00   3.0694e+02
20251012_19:00:00   2.8554e-01   7.2917e+01   5.0900e+00   0.0000e+00   0.0000e+00   3.0970e+02
20251012_20:00:00   2.9166e-01   7.4231e+01   5.2938e+00   0.0000e+00   0.0000e+00   3.1281e+02
20251012_21:00:00   3.0823e-01   7.7571e+01   5.7127e+00   0.0000e+00   0.0000e+00   3.1345e+02
20251012_22:00:00   3.1999e-01   7.9933e+01   5.9974e+00   0.0000e+00   0.0000e+00   3.1322e+02
20251012_23:00:00   3.2478e-01   8.0984e+01   6.0978e+00   0.0000e+00   0.0000e+00   3.1357e+02
20251013_00:00:00   3.2295e-01   8.0789e+01   6.0242e+00   0.0000e+00   0.0000e+00   3.1386e+02
20251013_01:00:00   3.2676e-01   8.1637e+01   6.0235e+00   0.0000e+00   0.0000e+00   3.1437e+02
20251013_02:00:00   3.3114e-01   8.2386e+01   6.0416e+00   0.0000e+00   0.0000e+00   3.1556e+02
20251013_03:00:00   3.2848e-01   8.1792e+01   5.9527e+00   0.0000e+00   0.0000e+00   3.1485e+02
20251013_04:00:00   3.1926e-01   7.9975e+01   5.7510e+00   0.0000e+00   0.0000e+00   3.1551e+02
20251013_05:00:00   3.0745e-01   7.7616e+01   5.5162e+00   0.0000e+00   0.0000e+00   3.1608e+02
20251013_06:00:00   2.9157e-01   7.4367e+01   5.2078e+00   0.0000e+00   0.0000e+00   3.1410e+02
20251013_07:00:00   2.7532e-01   7.0972e+01   4.9004e+00   0.0000e+00   0.0000e+00   3.1179e+02
20251013_08:00:00   2.6801e-01   6.9385e+01   4.7608e+00   0.0000e+00   0.0000e+00   3.1162e+02
20251013_09:00:00   2.6768e-01   6.9263e+01   4.7458e+00   0.0000e+00   0.0000e+00   3.1194e+02
20251013_10:00:00   2.6913e-01   6.9501e+01   4.7654e+00   0.0000e+00   0.0000e+00   3.1269e+02
20251013_11:00:00   2.7188e-01   7.0016e+01   4.8126e+00   0.0000e+00   0.0000e+00   3.1362e+02
20251013_12:00:00   2.7365e-01   7.0344e+01   4.8318e+00   0.0000e+00   0.0000e+00   3.1454e+02
20251013_13:00:00   2.7167e-01   6.9832e+01   4.8049e+00   0.0000e+00   0.0000e+00   3.1597e+02
20251013_14:00:00   2.6719e-01   6.8859e+01   4.7106e+00   0.0000e+00   0.0000e+00   3.1828e+02
20251013_15:00:00   2.6379e-01   6.8156e+01   4.6408e+00   0.0000e+00   0.0000e+00   3.2061e+02
20251013_16:00:00   2.6502e-01   6.8523e+01   4.7128e+00   0.0000e+00   0.0000e+00   3.2017e+02
20251013_17:00:00   2.6483e-01   6.8363e+01   4.8246e+00   0.0000e+00   0.0000e+00   3.2154e+02
20251013_18:00:00   2.7963e-01   7.1198e+01   5.2391e+00   0.0000e+00   0.0000e+00   3.2333e+02
20251013_19:00:00   3.0175e-01   7.5362e+01   5.8012e+00   0.0000e+00   1.2443e-05   3.2318e+02
20251013_20:00:00   3.2724e-01   7.9931e+01   6.4314e+00   0.0000e+00   2.8192e-04   3.2117e+02
20251013_21:00:00   3.4787e-01   8.3457e+01   6.9131e+00   0.0000e+00   1.6705e-03   3.1958e+02
20251013_22:00:00   3.6980e-01   8.7280e+01   7.3449e+00   5.3886e-05   3.3730e-02   3.2026e+02
20251013_23:00:00   4.0304e-01   9.3209e+01   7.9031e+00   2.1310e-05   1.7228e-01   3.2317e+02
20251014_00:00:00   4.6208e-01   1.0345e+02   8.8275e+00   2.7793e-03   2.1660e-01   3.2473e+02
20251014_01:00:00   5.0776e-01   1.1102e+02   9.5500e+00   1.9760e-03   3.2478e-01   3.2669e+02
20251014_02:00:00   5.4024e-01   1.1614e+02   1.0026e+01   2.3067e-03   3.3266e-01   3.2984e+02
20251014_03:00:00   5.6835e-01   1.2054e+02   1.0557e+01   1.9594e-06   2.4929e-01   3.3067e+02
20251014_04:00:00   5.8027e-01   1.2245e+02   1.0732e+01   0.0000e+00   1.4364e-01   3.3266e+02
20251014_05:00:00   5.7532e-01   1.2166e+02   1.0631e+01   0.0000e+00   9.8222e-02   3.3402e+02
20251014_06:00:00   5.8485e-01   1.2299e+02   1.0723e+01   0.0000e+00   1.2658e-01   3.3578e+02
20251014_07:00:00   6.0378e-01   1.2590e+02   1.0970e+01   0.0000e+00   6.1856e-02   3.3621e+02
20251014_08:00:00   6.2471e-01   1.2899e+02   1.1228e+01   0.0000e+00   6.4091e-02   3.3833e+02
20251014_09:00:00   6.2268e-01   1.2887e+02   1.1113e+01   6.1000e-06   7.9436e-03   3.3859e+02
20251014_10:00:00   6.2240e-01   1.2889e+02   1.1026e+01   1.1806e-06   9.1526e-04   3.3863e+02
20251014_11:00:00   6.3578e-01   1.3065e+02   1.1235e+01   0.0000e+00   1.8324e-03   3.3653e+02
20251014_12:00:00   6.3862e-01   1.3104e+02   1.1273e+01   0.0000e+00   3.7256e-03   3.3659e+02
20251014_13:00:00   6.3942e-01   1.3112e+02   1.1266e+01   0.0000e+00   1.7489e-03   3.3806e+02
20251014_14:00:00   6.4807e-01   1.3230e+02   1.1365e+01   0.0000e+00   3.0583e-02   3.3764e+02
20251014_15:00:00   7.2836e-01   1.4300e+02   1.2539e+01   0.0000e+00   2.3928e-01   3.3720e+02
20251014_16:00:00   7.9258e-01   1.5135e+02   1.3486e+01   0.0000e+00   1.5730e-01   3.3646e+02
20251014_17:00:00   8.1462e-01   1.5438e+02   1.3786e+01   7.7200e-04   3.6137e-02   3.3596e+02
20251014_18:00:00   9.3397e-01   1.6766e+02   1.4943e+01   1.8280e-02   3.9268e-01   3.3258e+02
20251014_19:00:00   9.9368e-01   1.7409e+02   1.6143e+01   3.2486e-03   1.7618e-01   3.3531e+02
20251014_20:00:00   1.1179e+00   1.8604e+02   1.6906e+01   3.0917e-02   2.2215e-01   3.3460e+02
20251014_21:00:00   1.1776e+00   1.9126e+02   1.7525e+01   3.6638e-02   2.2085e-01   3.3006e+02
20251014_22:00:00   1.4111e+00   2.0873e+02   1.8138e+01   1.0848e-01   3.9763e-01   3.3002e+02
20251014_23:00:00   1.8337e+00   2.3160e+02   1.8382e+01   2.6896e-01   7.5164e-01   3.2775e+02
20251015_00:00:00   2.2078e+00   2.4477e+02   1.7722e+01   4.4486e-01   3.5488e-01   3.3380e+02
20251015_01:00:00   2.3573e+00   2.4902e+02   1.7923e+01   4.9904e-01   5.8446e-01   3.3298e+02
20251015_02:00:00   2.1070e+00   2.4162e+02   1.7807e+01   3.9968e-01   3.7769e-01   3.3471e+02
20251015_03:00:00   2.3505e+00   2.4895e+02   1.7915e+01   4.9356e-01   7.0481e-01   3.3516e+02
20251015_04:00:00   1.9067e+00   2.3418e+02   1.7802e+01   3.1649e-01   4.3835e-01   3.3520e+02
20251015_05:00:00   2.0270e+00   2.3886e+02   1.7598e+01   3.6962e-01   4.2878e-01   3.3685e+02
20251015_06:00:00   2.1015e+00   2.4144e+02   1.7554e+01   4.0073e-01   5.3446e-01   3.3750e+02
20251015_09:00:00   1.9431e+00   2.3545e+02   1.6308e+01   3.6979e-01   2.9823e-01   3.3172e+02
20251015_12:00:00   2.6076e+00   2.5429e+02   1.5012e+01   6.8493e-01   1.6163e-01   3.3446e+02
20251015_15:00:00   1.8221e+00   2.3068e+02   1.5599e+01   3.3294e-01   2.2580e-01   3.3355e+02
20251015_18:00:00   1.3911e+00   2.0685e+02   1.4909e+01   1.7861e-01   8.0647e-02   3.3319e+02
20251015_21:00:00   1.0848e+00   1.8287e+02   1.5143e+01   5.0609e-02   2.5461e-01   3.3120e+02
20251016_00:00:00   9.6413e-01   1.7105e+02   1.4340e+01   2.5320e-02   2.1631e-02   3.3117e+02
20251016_03:00:00   7.8817e-01   1.5134e+02   1.2562e+01   0.0000e+00   8.1338e-05   3.2893e+02
20251016_06:00:00   7.2969e-01   1.4390e+02   1.1898e+01   0.0000e+00   1.9798e-06   3.2486e+02
20251016_09:00:00   7.0208e-01   1.4010e+02   1.1768e+01   0.0000e+00   1.6092e-03   3.1982e+02
20251016_12:00:00   7.4631e-01   1.4555e+02   1.2616e+01   0.0000e+00   8.0917e-03   3.1717e+02
20251016_15:00:00   8.0321e-01   1.5268e+02   1.3389e+01   2.4500e-06   8.5495e-03   3.1441e+02
20251016_18:00:00   8.0318e-01   1.5452e+02   1.3169e+01   1.3851e-05   6.5274e-05   3.1009e+02
20251016_21:00:00   7.6173e-01   1.5029e+02   1.2728e+01   9.0869e-04   2.9559e-03   3.0944e+02
20251017_00:00:00   7.4982e-01   1.4875e+02   1.2827e+01   4.8775e-04   1.3398e-03   3.1104e+02
20251017_03:00:00   9.4952e-01   1.7112e+02   1.5859e+01   2.0503e-04   3.8350e-03   3.0428e+02
20251017_06:00:00   1.1196e+00   1.8670e+02   1.7330e+01   1.4838e-02   7.2364e-03   3.0575e+02
20251017_09:00:00   9.7946e-01   1.7343e+02   1.5879e+01   5.7490e-05   1.3383e-02   3.0612e+02
20251017_12:00:00   9.4439e-01   1.6965e+02   1.5267e+01   6.5147e-04   1.5143e-02   3.0496e+02
20251017_15:00:00   9.1364e-01   1.6621e+02   1.4954e+01   0.0000e+00   5.3112e-02   3.0406e+02
20251017_18:00:00   8.9826e-01   1.6510e+02   1.4922e+01   3.0866e-04   1.1528e-02   3.0757e+02
20251017_21:00:00   8.4940e-01   1.5972e+02   1.4338e+01   3.6515e-03   4.7465e-02   3.0650e+02
20251018_00:00:00   9.4331e-01   1.7037e+02   1.5691e+01   9.5103e-04   4.8385e-02   3.0534e+02
20251018_03:00:00   9.5884e-01   1.7178e+02   1.5884e+01   0.0000e+00   2.3765e-02   3.0359e+02
20251018_06:00:00   9.4956e-01   1.7053e+02   1.5795e+01   1.2124e-04   1.7576e-02   3.0715e+02
20251018_09:00:00   9.7401e-01   1.7276e+02   1.6105e+01   0.0000e+00   3.2665e-02   3.0944e+02
20251018_12:00:00   9.5458e-01   1.7068e+02   1.5752e+01   0.0000e+00   7.5519e-03   3.0942e+02
20251018_15:00:00   9.0069e-01   1.6492e+02   1.4817e+01   1.7984e-04   2.9474e-04   3.0674e+02
20251018_18:00:00   8.7571e-01   1.6325e+02   1.4508e+01   3.7866e-04   1.4782e-05   2.9843e+02
20251018_21:00:00   7.9345e-01   1.5441e+02   1.3419e+01   4.0110e-04   1.7296e-03   2.8990e+02
20251019_00:00:00   7.1340e-01   1.4436e+02   1.2407e+01   6.6000e-06   6.5323e-04   2.8530e+02
20251019_03:00:00   7.2457e-01   1.4611e+02   1.2469e+01   0.0000e+00   3.8203e-07   2.8740e+02
20251019_06:00:00   7.1225e-01   1.4438e+02   1.2348e+01   0.0000e+00   0.0000e+00   2.8980e+02
20251019_09:00:00   6.5626e-01   1.3627e+02   1.1712e+01   0.0000e+00   0.0000e+00   2.8815e+02
20251019_12:00:00   6.1316e-01   1.2994e+02   1.0983e+01   0.0000e+00   0.0000e+00   2.9194e+02
20251019_15:00:00   6.1632e-01   1.3031e+02   1.1015e+01   0.0000e+00   6.0058e-04   2.9208e+02
20251019_18:00:00   6.8701e-01   1.4096e+02   1.2228e+01   0.0000e+00   2.3097e-02   2.9393e+02
20251019_21:00:00   7.8516e-01   1.5432e+02   1.3901e+01   3.9360e-06   4.3903e-02   2.9835e+02
20251020_00:00:00   8.7346e-01   1.6471e+02   1.5414e+01   6.5585e-06   2.2671e-02   3.0559e+02
20251020_03:00:00   7.9945e-01   1.5581e+02   1.3750e+01   2.6180e-05   1.4105e-03   3.1306e+02
20251020_06:00:00   7.9019e-01   1.5347e+02   1.3819e+01   5.5580e-05   8.4037e-03   3.0725e+02
20251020_09:00:00   8.1706e-01   1.5629e+02   1.4111e+01   1.4640e-04   3.7888e-02   3.1400e+02
20251020_12:00:00   8.1869e-01   1.5613e+02   1.3960e+01   7.0840e-06   7.9254e-03   3.1623e+02
20251020_15:00:00   8.9504e-01   1.6438e+02   1.4875e+01   3.6380e-03   9.8146e-03   3.1853e+02
20251020_18:00:00   9.9993e-01   1.7574e+02   1.5980e+01   1.2262e-02   1.0257e-01   3.2030e+02
20251020_21:00:00   9.0712e-01   1.6583e+02   1.5066e+01   3.2895e-03   2.6252e-01   3.1950e+02
20251021_00:00:00   1.9225e+00   2.3550e+02   1.7758e+01   3.2332e-01   5.5741e-01   3.2540e+02
20251021_03:00:00   1.8030e+00   2.3041e+02   1.7697e+01   2.6941e-01   6.2875e-01   3.2477e+02
20251021_06:00:00   2.4025e+00   2.5061e+02   1.7743e+01   5.1706e-01   4.9728e-01   3.2510e+02
20251021_09:00:00   2.2712e+00   2.4619e+02   1.7608e+01   4.7660e-01   6.2307e-01   3.2025e+02
20251021_12:00:00   2.4171e+00   2.5028e+02   1.7544e+01   5.3316e-01   6.6639e-01   3.1923e+02
20251021_15:00:00   2.3734e+00   2.4916e+02   1.7432e+01   5.1969e-01   3.5067e-01   3.2094e+02
20251021_18:00:00   1.2136e+00   1.9448e+02   1.7273e+01   4.4973e-02   3.2270e-02   3.2181e+02
20251021_21:00:00   1.6917e+00   2.2547e+02   1.8067e+01   2.1740e-01   2.7616e-01   3.2133e+02
20251022_00:00:00   1.1812e+00   1.9218e+02   1.7146e+01   4.1428e-02   8.7759e-03   3.1757e+02
20251022_03:00:00   1.3380e+00   2.0438e+02   1.6888e+01   1.1407e-01   1.0938e-01   3.1745e+02
20251022_06:00:00   9.1308e-01   1.6667e+02   1.4885e+01   1.1610e-05   1.0898e-05   3.0650e+02
20251022_09:00:00   7.3081e-01   1.4519e+02   1.2342e+01   1.9678e-06   2.3620e-07   2.9771e+02
20251022_12:00:00   6.4502e-01   1.3341e+02   1.1209e+01   4.3100e-05   4.7220e-07   2.8525e+02
20251022_15:00:00   5.5439e-01   1.2057e+02   9.3875e+00   1.8102e-05   1.5742e-07   2.8554e+02
20251022_18:00:00   5.8596e-01   1.2623e+02   9.8271e+00   1.9402e-04   7.8700e-08   2.8675e+02
20251022_21:00:00   6.2232e-01   1.3218e+02   1.0206e+01   6.0241e-03   3.0463e-06   2.8846e+02
20251023_00:00:00   6.0858e-01   1.3012e+02   1.0499e+01   5.9597e-05   0.0000e+00   2.8609e+02
20251023_03:00:00   5.8017e-01   1.2552e+02   9.8743e+00   0.0000e+00   0.0000e+00   2.9385e+02
20251023_06:00:00   5.3736e-01   1.1873e+02   9.0594e+00   0.0000e+00   0.0000e+00   2.8683e+02
20251023_09:00:00   5.0713e-01   1.1336e+02   8.7561e+00   0.0000e+00   9.7603e-04   2.8676e+02
20251023_12:00:00   4.9193e-01   1.1075e+02   8.4547e+00   0.0000e+00   0.0000e+00   2.9163e+02
20251023_15:00:00   5.0797e-01   1.1324e+02   8.6703e+00   0.0000e+00   0.0000e+00   2.8698e+02
20251023_18:00:00   5.7258e-01   1.2408e+02   9.7438e+00   0.0000e+00   3.6223e-05   2.8036e+02
20251023_21:00:00   5.6024e-01   1.2299e+02   9.6985e+00   2.4088e-04   3.9360e-08   2.8118e+02
20251024_00:00:00   5.6176e-01   1.2381e+02   9.5950e+00   4.4743e-04   7.8700e-08   2.7968e+02
20251024_03:00:00   5.7947e-01   1.2598e+02   9.7808e+00   0.0000e+00   0.0000e+00   2.8172e+02
20251024_06:00:00   4.8512e-01   1.1058e+02   8.1172e+00   0.0000e+00   0.0000e+00   2.7897e+02
20251024_09:00:00   4.4611e-01   1.0361e+02   7.3611e+00   0.0000e+00   0.0000e+00   2.7347e+02
20251024_12:00:00   3.7951e-01   9.1403e+01   6.3734e+00   0.0000e+00   0.0000e+00   2.7270e+02
20251024_15:00:00   3.5378e-01   8.6456e+01   5.9624e+00   0.0000e+00   0.0000e+00   2.6901e+02
20251024_18:00:00   3.6524e-01   8.9060e+01   6.3310e+00   0.0000e+00   0.0000e+00   2.6872e+02
20251024_21:00:00   3.6270e-01   8.9150e+01   6.4463e+00   4.9280e-05   0.0000e+00   2.6586e+02
20251025_00:00:00   3.5062e-01   8.6906e+01   6.4300e+00   0.0000e+00   0.0000e+00   2.6289e+02
20251025_03:00:00   3.5650e-01   8.7590e+01   6.6231e+00   0.0000e+00   0.0000e+00   2.6606e+02
20251025_06:00:00   3.5737e-01   8.7414e+01   6.7319e+00   0.0000e+00   0.0000e+00   2.6419e+02
20251025_09:00:00   3.3462e-01   8.2882e+01   6.3505e+00   0.0000e+00   0.0000e+00   2.6088e+02
20251025_12:00:00   3.3069e-01   8.2082e+01   6.2947e+00   0.0000e+00   0.0000e+00   2.5965e+02
20251025_15:00:00   3.2655e-01   8.1319e+01   6.2152e+00   0.0000e+00   0.0000e+00   2.6179e+02
20251025_18:00:00   3.6750e-01   8.9803e+01   6.9505e+00   0.0000e+00   0.0000e+00   2.5985e+02
20251025_21:00:00   3.9897e-01   9.6328e+01   7.5065e+00   1.9796e-03   0.0000e+00   2.5648e+02
20251026_00:00:00   4.1417e-01   9.9433e+01   7.8776e+00   1.2246e-06   0.0000e+00   2.5753e+02
20251026_03:00:00   4.1883e-01   1.0002e+02   7.8645e+00   0.0000e+00   0.0000e+00   2.5970e+02
20251026_06:00:00   3.9317e-01   9.5025e+01   7.4308e+00   0.0000e+00   0.0000e+00   2.5851e+02
