#            date       tau255        Tb[K]      pwv[mm] lwp[kg*m^-2] iwp[kg*m^-2]       o3[DU]
20200912_06:00:00   3.3346e-01   8.3684e+01   6.5999e+00   0.0000e+00   0.0000e+00   2.8050e+02
20200912_07:00:00   3.5367e-01   8.7736e+01   6.9500e+00   0.0000e+00   0.0000e+00   2.8184e+02
20200912_08:00:00   3.6709e-01   9.0361e+01   7.1835e+00   0.0000e+00   0.0000e+00   2.8130e+02
20200912_09:00:00   3.6874e-01   9.0626e+01   7.2231e+00   0.0000e+00   0.0000e+00   2.8106e+02
20200912_10:00:00   3.6386e-01   8.9637e+01   7.1463e+00   0.0000e+00   0.0000e+00   2.8157e+02
20200912_11:00:00   3.6547e-01   8.9933e+01   7.1667e+00   0.0000e+00   0.0000e+00   2.8277e+02
20200912_12:00:00   3.7640e-01   9.2055e+01   7.3362e+00   0.0000e+00   0.0000e+00   2.8325e+02
20200912_13:00:00   3.8480e-01   9.3709e+01   7.4543e+00   0.0000e+00   0.0000e+00   2.8248e+02
20200912_14:00:00   3.9619e-01   9.5934e+01   7.6197e+00   0.0000e+00   0.0000e+00   2.8164e+02
20200912_15:00:00   4.0792e-01   9.8194e+01   7.7923e+00   0.0000e+00   0.0000e+00   2.8080e+02
20200912_16:00:00   4.1785e-01   1.0012e+02   7.9308e+00   0.0000e+00   0.0000e+00   2.8018e+02
20200912_17:00:00   4.1783e-01   1.0023e+02   7.9055e+00   0.0000e+00   0.0000e+00   2.7922e+02
20200912_18:00:00   4.1788e-01   1.0030e+02   7.8887e+00   0.0000e+00   0.0000e+00   2.7890e+02
20200912_19:00:00   4.6427e-01   1.0884e+02   8.7471e+00   0.0000e+00   0.0000e+00   2.7817e+02
20200912_20:00:00   4.9550e-01   1.1433e+02   9.3682e+00   0.0000e+00   0.0000e+00   2.7759e+02
20200912_21:00:00   5.1202e-01   1.1718e+02   9.7798e+00   0.0000e+00   0.0000e+00   2.7759e+02
20200912_22:00:00   5.3081e-01   1.2031e+02   1.0184e+01   0.0000e+00   0.0000e+00   2.7717e+02
20200912_23:00:00   5.3955e-01   1.2176e+02   1.0387e+01   0.0000e+00   0.0000e+00   2.7642e+02
20200913_00:00:00   5.5228e-01   1.2383e+02   1.0657e+01   0.0000e+00   0.0000e+00   2.7671e+02
20200913_01:00:00   5.5891e-01   1.2490e+02   1.0772e+01   0.0000e+00   0.0000e+00   2.7741e+02
20200913_02:00:00   5.7007e-01   1.2667e+02   1.0950e+01   0.0000e+00   0.0000e+00   2.7858e+02
20200913_03:00:00   5.6061e-01   1.2518e+02   1.0736e+01   0.0000e+00   0.0000e+00   2.8011e+02
20200913_04:00:00   5.4140e-01   1.2210e+02   1.0362e+01   0.0000e+00   0.0000e+00   2.7947e+02
20200913_05:00:00   5.2858e-01   1.1999e+02   1.0109e+01   0.0000e+00   0.0000e+00   2.7806e+02
20200913_06:00:00   5.4871e-01   1.2328e+02   1.0477e+01   0.0000e+00   0.0000e+00   2.7874e+02
20200913_07:00:00   5.7949e-01   1.2817e+02   1.1025e+01   0.0000e+00   0.0000e+00   2.7827e+02
20200913_08:00:00   5.9631e-01   1.3080e+02   1.1323e+01   0.0000e+00   0.0000e+00   2.7784e+02
20200913_09:00:00   5.9935e-01   1.3126e+02   1.1369e+01   0.0000e+00   0.0000e+00   2.7852e+02
20200913_10:00:00   6.0393e-01   1.3194e+02   1.1429e+01   0.0000e+00   0.0000e+00   2.7889e+02
20200913_11:00:00   6.0796e-01   1.3263e+02   1.1465e+01   0.0000e+00   0.0000e+00   2.7731e+02
20200913_12:00:00   6.2579e-01   1.3537e+02   1.1747e+01   0.0000e+00   0.0000e+00   2.7540e+02
20200913_13:00:00   6.6427e-01   1.4107e+02   1.2388e+01   0.0000e+00   0.0000e+00   2.7505e+02
20200913_14:00:00   7.0782e-01   1.4716e+02   1.3124e+01   0.0000e+00   0.0000e+00   2.7488e+02
20200913_15:00:00   7.5135e-01   1.5307e+02   1.3845e+01   0.0000e+00   0.0000e+00   2.7315e+02
20200913_16:00:00   7.7919e-01   1.5672e+02   1.4307e+01   0.0000e+00   0.0000e+00   2.7231e+02
20200913_17:00:00   8.1151e-01   1.6082e+02   1.4849e+01   0.0000e+00   0.0000e+00   2.7283e+02
20200913_18:00:00   8.6142e-01   1.6691e+02   1.5656e+01   0.0000e+00   0.0000e+00   2.7132e+02
20200913_19:00:00   9.2627e-01   1.7423e+02   1.6746e+01   2.3259e-03   2.0664e-05   2.7045e+02
20200913_20:00:00   1.3547e+00   2.1131e+02   1.8103e+01   1.5227e-01   5.3793e-04   2.7101e+02
20200913_21:00:00   1.7349e+00   2.3297e+02   1.9046e+01   2.9453e-01   1.0320e-02   2.7061e+02
20200913_22:00:00   1.8536e+00   2.3819e+02   1.9645e+01   3.3230e-01   7.2649e-02   2.6819e+02
20200913_23:00:00   1.5295e+00   2.2207e+02   1.9664e+01   1.9630e-01   2.4149e-02   2.6742e+02
20200914_00:00:00   1.4968e+00   2.1991e+02   1.9990e+01   1.8175e-01   3.3918e-02   2.6751e+02
20200914_01:00:00   1.1013e+00   1.9100e+02   1.9865e+01   1.8202e-02   1.7455e-02   2.6767e+02
20200914_02:00:00   1.0084e+00   1.8230e+02   1.8725e+01   5.0313e-03   4.2600e-03   2.6836e+02
20200914_03:00:00   1.0243e+00   1.8391e+02   1.8212e+01   2.0503e-02   7.0130e-03   2.6821e+02
20200914_04:00:00   1.0086e+00   1.8263e+02   1.8248e+01   9.7500e-03   7.1834e-04   2.6729e+02
20200914_05:00:00   1.0293e+00   1.8484e+02   1.8462e+01   9.9880e-03   3.3599e-04   2.6649e+02
20200914_06:00:00   1.0806e+00   1.8975e+02   1.8740e+01   2.1619e-02   1.4720e-04   2.6613e+02
20200914_07:00:00   1.0506e+00   1.8681e+02   1.8686e+01   1.1420e-02   1.6214e-05   2.6680e+02
20200914_08:00:00   9.7746e-01   1.7933e+02   1.7974e+01   4.4100e-05   5.6440e-06   2.6731e+02
20200914_09:00:00   9.3031e-01   1.7404e+02   1.7351e+01   0.0000e+00   5.4850e-05   2.6590e+02
20200914_10:00:00   9.0261e-01   1.7076e+02   1.6948e+01   0.0000e+00   6.0950e-06   2.6668e+02
20200914_11:00:00   8.7596e-01   1.6758e+02   1.6493e+01   0.0000e+00   0.0000e+00   2.6731e+02
20200914_12:00:00   8.7910e-01   1.6777e+02   1.6546e+01   1.3228e-04   3.5280e-06   2.6659e+02
20200914_13:00:00   8.6443e-01   1.6589e+02   1.6287e+01   0.0000e+00   0.0000e+00   2.6630e+02
20200914_14:00:00   8.0511e-01   1.5855e+02   1.5274e+01   0.0000e+00   0.0000e+00   2.6563e+02
20200914_15:00:00   7.5124e-01   1.5149e+02   1.4349e+01   0.0000e+00   0.0000e+00   2.6431e+02
20200914_16:00:00   7.3538e-01   1.4940e+02   1.4017e+01   0.0000e+00   0.0000e+00   2.6288e+02
20200914_17:00:00   7.6248e-01   1.5312e+02   1.4390e+01   0.0000e+00   0.0000e+00   2.6335e+02
20200914_18:00:00   8.1864e-01   1.6040e+02   1.5254e+01   0.0000e+00   0.0000e+00   2.6211e+02
20200914_19:00:00   8.6177e-01   1.6570e+02   1.5932e+01   0.0000e+00   0.0000e+00   2.6137e+02
20200914_20:00:00   8.9609e-01   1.6988e+02   1.6446e+01   0.0000e+00   0.0000e+00   2.6014e+02
20200914_21:00:00   9.0877e-01   1.7142e+02   1.6635e+01   8.8960e-04   5.7040e-05   2.6022e+02
20200914_22:00:00   1.1082e+00   1.9118e+02   1.6880e+01   7.7740e-02   1.6836e-04   2.6071e+02
20200914_23:00:00   1.0505e+00   1.8595e+02   1.6921e+01   5.2238e-02   3.7881e-04   2.6102e+02
20200915_00:00:00   1.0462e+00   1.8564e+02   1.7215e+01   4.2165e-02   2.0199e-04   2.6109e+02
20200915_01:00:00   9.5264e-01   1.7644e+02   1.7029e+01   8.0860e-03   2.1320e-05   2.6060e+02
20200915_02:00:00   8.7074e-01   1.6746e+02   1.5930e+01   0.0000e+00   0.0000e+00   2.5983e+02
20200915_03:00:00   8.3337e-01   1.6304e+02   1.5290e+01   0.0000e+00   0.0000e+00   2.5977e+02
20200915_04:00:00   7.8604e-01   1.5720e+02   1.4428e+01   0.0000e+00   0.0000e+00   2.6021e+02
20200915_05:00:00   7.3029e-01   1.4991e+02   1.3544e+01   0.0000e+00   0.0000e+00   2.6088e+02
20200915_06:00:00   7.0365e-01   1.4617e+02   1.3106e+01   0.0000e+00   0.0000e+00   2.6115e+02
20200915_07:00:00   6.5741e-01   1.3965e+02   1.2301e+01   0.0000e+00   0.0000e+00   2.6115e+02
20200915_08:00:00   5.7103e-01   1.2654e+02   1.0760e+01   0.0000e+00   0.0000e+00   2.6148e+02
20200915_09:00:00   5.1479e-01   1.1746e+02   9.6891e+00   0.0000e+00   0.0000e+00   2.6277e+02
20200915_10:00:00   4.6415e-01   1.0888e+02   8.7265e+00   0.0000e+00   0.0000e+00   2.6277e+02
20200915_11:00:00   4.5641e-01   1.0741e+02   8.6101e+00   0.0000e+00   0.0000e+00   2.6121e+02
20200915_12:00:00   4.6696e-01   1.0921e+02   8.7923e+00   0.0000e+00   0.0000e+00   2.6068e+02
20200915_13:00:00   4.9434e-01   1.1389e+02   9.2675e+00   0.0000e+00   0.0000e+00   2.6047e+02
20200915_14:00:00   5.1166e-01   1.1671e+02   9.5883e+00   0.0000e+00   0.0000e+00   2.6060e+02
20200915_15:00:00   5.1622e-01   1.1741e+02   9.6877e+00   0.0000e+00   0.0000e+00   2.6072e+02
20200915_16:00:00   5.3683e-01   1.2086e+02   1.0002e+01   0.0000e+00   0.0000e+00   2.6079e+02
20200915_17:00:00   5.6752e-01   1.2590e+02   1.0491e+01   0.0000e+00   0.0000e+00   2.6082e+02
20200915_18:00:00   5.9739e-01   1.3055e+02   1.1038e+01   0.0000e+00   0.0000e+00   2.6049e+02
20200915_19:00:00   6.0715e-01   1.3208e+02   1.1235e+01   0.0000e+00   0.0000e+00   2.6002e+02
20200915_20:00:00   6.1972e-01   1.3392e+02   1.1527e+01   0.0000e+00   0.0000e+00   2.5988e+02
20200915_21:00:00   6.2981e-01   1.3537e+02   1.1815e+01   0.0000e+00   0.0000e+00   2.5982e+02
20200915_22:00:00   6.3293e-01   1.3584e+02   1.1957e+01   0.0000e+00   0.0000e+00   2.5995e+02
20200915_23:00:00   6.3687e-01   1.3642e+02   1.2102e+01   0.0000e+00   0.0000e+00   2.6030e+02
20200916_00:00:00   6.1978e-01   1.3401e+02   1.1808e+01   0.0000e+00   0.0000e+00   2.6051e+02
20200916_01:00:00   6.1095e-01   1.3277e+02   1.1651e+01   0.0000e+00   0.0000e+00   2.6077e+02
20200916_02:00:00   6.4931e-01   1.3837e+02   1.2354e+01   0.0000e+00   0.0000e+00   2.6050e+02
20200916_03:00:00   6.5996e-01   1.3997e+02   1.2530e+01   0.0000e+00   0.0000e+00   2.6060e+02
20200916_04:00:00   6.5824e-01   1.3979e+02   1.2518e+01   0.0000e+00   0.0000e+00   2.6014e+02
20200916_05:00:00   6.7486e-01   1.4206e+02   1.2847e+01   0.0000e+00   0.0000e+00   2.5984e+02
20200916_06:00:00   6.8158e-01   1.4306e+02   1.2893e+01   0.0000e+00   0.0000e+00   2.6019e+02
20200916_07:00:00   6.7500e-01   1.4214e+02   1.2814e+01   0.0000e+00   0.0000e+00   2.6080e+02
20200916_08:00:00   6.8809e-01   1.4391e+02   1.3089e+01   0.0000e+00   0.0000e+00   2.6087e+02
20200916_09:00:00   6.9137e-01   1.4447e+02   1.3080e+01   0.0000e+00   0.0000e+00   2.6048e+02
20200916_10:00:00   6.8640e-01   1.4368e+02   1.2977e+01   0.0000e+00   0.0000e+00   2.6018e+02
20200916_11:00:00   6.8847e-01   1.4387e+02   1.3007e+01   0.0000e+00   0.0000e+00   2.5966e+02
20200916_12:00:00   7.0104e-01   1.4550e+02   1.3263e+01   0.0000e+00   0.0000e+00   2.5908e+02
20200916_13:00:00   6.8423e-01   1.4321e+02   1.2960e+01   0.0000e+00   0.0000e+00   2.5875e+02
20200916_14:00:00   6.9195e-01   1.4422e+02   1.3081e+01   0.0000e+00   0.0000e+00   2.5881e+02
20200916_15:00:00   6.8490e-01   1.4322e+02   1.2998e+01   0.0000e+00   0.0000e+00   2.5914e+02
20200916_16:00:00   6.7214e-01   1.4145e+02   1.2759e+01   0.0000e+00   0.0000e+00   2.5907e+02
20200916_17:00:00   6.4874e-01   1.3828e+02   1.2294e+01   0.0000e+00   0.0000e+00   2.5814e+02
20200916_18:00:00   6.3489e-01   1.3652e+02   1.1977e+01   0.0000e+00   0.0000e+00   2.5652e+02
20200916_19:00:00   6.1535e-01   1.3382e+02   1.1611e+01   0.0000e+00   0.0000e+00   2.5519e+02
20200916_20:00:00   5.9282e-01   1.3039e+02   1.1259e+01   0.0000e+00   0.0000e+00   2.5437e+02
20200916_21:00:00   5.8443e-01   1.2896e+02   1.1180e+01   0.0000e+00   0.0000e+00   2.5432e+02
20200916_22:00:00   5.9037e-01   1.2981e+02   1.1365e+01   0.0000e+00   0.0000e+00   2.5526e+02
20200916_23:00:00   6.0033e-01   1.3137e+02   1.1594e+01   0.0000e+00   0.0000e+00   2.5595e+02
20200917_00:00:00   5.9232e-01   1.3018e+02   1.1464e+01   0.0000e+00   0.0000e+00   2.5595e+02
20200917_01:00:00   5.5399e-01   1.2430e+02   1.0770e+01   0.0000e+00   0.0000e+00   2.5556e+02
20200917_02:00:00   5.4118e-01   1.2211e+02   1.0597e+01   0.0000e+00   0.0000e+00   2.5552e+02
20200917_03:00:00   5.5956e-01   1.2475e+02   1.1003e+01   0.0000e+00   0.0000e+00   2.5563e+02
20200917_04:00:00   5.7948e-01   1.2780e+02   1.1378e+01   0.0000e+00   0.0000e+00   2.5552e+02
20200917_05:00:00   5.9117e-01   1.2973e+02   1.1570e+01   0.0000e+00   0.0000e+00   2.5576e+02
20200917_06:00:00   6.1175e-01   1.3286e+02   1.1936e+01   0.0000e+00   0.0000e+00   2.5548e+02
20200917_09:00:00   6.0791e-01   1.3235e+02   1.1725e+01   0.0000e+00   0.0000e+00   2.5441e+02
20200917_12:00:00   5.9304e-01   1.2997e+02   1.1423e+01   0.0000e+00   0.0000e+00   2.5417e+02
20200917_15:00:00   5.3707e-01   1.2138e+02   1.0299e+01   0.0000e+00   0.0000e+00   2.5610e+02
20200917_18:00:00   5.6968e-01   1.2679e+02   1.0794e+01   0.0000e+00   0.0000e+00   2.5561e+02
20200917_21:00:00   5.6536e-01   1.2602e+02   1.0878e+01   0.0000e+00   0.0000e+00   2.5596e+02
20200918_00:00:00   6.5779e-01   1.3993e+02   1.2742e+01   0.0000e+00   4.6500e-05   2.5822e+02
20200918_03:00:00   6.4735e-01   1.3915e+02   1.2192e+01   0.0000e+00   0.0000e+00   2.5917e+02
20200918_06:00:00   5.1973e-01   1.1918e+02   9.8367e+00   0.0000e+00   0.0000e+00   2.5893e+02
20200918_09:00:00   6.2002e-01   1.3550e+02   1.1261e+01   0.0000e+00   0.0000e+00   2.6096e+02
20200918_12:00:00   6.3625e-01   1.3789e+02   1.1459e+01   0.0000e+00   0.0000e+00   2.6195e+02
20200918_15:00:00   8.1851e-01   1.6210e+02   1.4832e+01   0.0000e+00   0.0000e+00   2.6238e+02
20200918_18:00:00   1.0801e+00   1.9080e+02   1.8987e+01   0.0000e+00   0.0000e+00   2.5863e+02
20200918_21:00:00   1.3789e+00   2.1498e+02   2.0469e+01   9.1360e-02   0.0000e+00   2.5609e+02
20200919_00:00:00   1.2485e+00   2.0541e+02   1.9625e+01   6.3400e-02   0.0000e+00   2.5573e+02
20200919_03:00:00   9.0884e-01   1.7337e+02   1.6653e+01   0.0000e+00   0.0000e+00   2.5723e+02
20200919_06:00:00   8.7931e-01   1.6996e+02   1.6076e+01   0.0000e+00   0.0000e+00   2.5733e+02
20200919_09:00:00   9.2898e-01   1.7532e+02   1.6687e+01   0.0000e+00   0.0000e+00   2.5730e+02
20200919_12:00:00   9.1118e-01   1.7297e+02   1.6263e+01   2.2360e-04   0.0000e+00   2.5920e+02
20200919_15:00:00   8.1529e-01   1.6172e+02   1.4630e+01   0.0000e+00   0.0000e+00   2.5951e+02
20200919_18:00:00   7.8352e-01   1.5795e+02   1.4055e+01   0.0000e+00   0.0000e+00   2.5636e+02
20200919_21:00:00   8.8686e-01   1.7070e+02   1.6000e+01   0.0000e+00   0.0000e+00   2.5462e+02
20200920_00:00:00   9.1012e-01   1.7349e+02   1.6460e+01   0.0000e+00   0.0000e+00   2.5811e+02
20200920_03:00:00   8.6877e-01   1.6902e+02   1.5545e+01   0.0000e+00   0.0000e+00   2.6023e+02
20200920_06:00:00   8.6394e-01   1.6839e+02   1.5501e+01   0.0000e+00   0.0000e+00   2.5737e+02
20200920_09:00:00   9.0548e-01   1.7295e+02   1.6143e+01   0.0000e+00   0.0000e+00   2.5711e+02
20200920_12:00:00   9.1270e-01   1.7348e+02   1.6171e+01   0.0000e+00   0.0000e+00   2.5718e+02
20200920_15:00:00   8.1209e-01   1.6158e+02   1.4472e+01   0.0000e+00   0.0000e+00   2.5728e+02
20200920_18:00:00   8.3177e-01   1.6404e+02   1.4810e+01   0.0000e+00   0.0000e+00   2.5632e+02
20200920_21:00:00   9.1880e-01   1.7418e+02   1.6724e+01   5.1760e-05   0.0000e+00   2.5499e+02
20200921_00:00:00   9.1400e-01   1.7385e+02   1.6741e+01   0.0000e+00   0.0000e+00   2.5611e+02
20200921_03:00:00   9.0458e-01   1.7287e+02   1.6539e+01   0.0000e+00   0.0000e+00   2.5547e+02
20200921_06:00:00   8.2232e-01   1.6311e+02   1.5065e+01   0.0000e+00   0.0000e+00   2.5497e+02
20200921_09:00:00   8.1770e-01   1.6223e+02   1.5079e+01   0.0000e+00   0.0000e+00   2.5571e+02
20200921_12:00:00   8.3677e-01   1.6438e+02   1.5396e+01   0.0000e+00   0.0000e+00   2.5578e+02
20200921_15:00:00   8.8797e-01   1.7049e+02   1.6240e+01   0.0000e+00   0.0000e+00   2.5599e+02
20200921_18:00:00   9.0577e-01   1.7261e+02   1.6652e+01   0.0000e+00   0.0000e+00   2.5538e+02
20200921_21:00:00   9.5855e-01   1.7868e+02   1.7731e+01   4.1406e-04   8.2820e-07   2.5455e+02
20200922_00:00:00   1.3626e+00   2.1344e+02   1.9882e+01   1.1891e-01   8.2820e-07   2.5496e+02
20200922_03:00:00   1.0262e+00   1.8575e+02   1.8769e+01   5.1660e-03   3.0480e-06   2.5379e+02
20200922_06:00:00   9.5040e-01   1.7812e+02   1.7527e+01   0.0000e+00   0.0000e+00   2.5426e+02
20200922_09:00:00   8.9175e-01   1.7146e+02   1.6617e+01   0.0000e+00   0.0000e+00   2.5351e+02
20200922_12:00:00   9.1544e-01   1.7392e+02   1.7052e+01   0.0000e+00   0.0000e+00   2.5397e+02
20200922_15:00:00   9.4852e-01   1.7725e+02   1.7645e+01   0.0000e+00   0.0000e+00   2.5342e+02
20200922_18:00:00   9.3042e-01   1.7532e+02   1.7386e+01   0.0000e+00   0.0000e+00   2.5234e+02
20200922_21:00:00   1.2046e+00   2.0158e+02   1.9255e+01   6.8040e-02   1.7144e-05   2.5084e+02
20200923_00:00:00   1.4407e+00   2.1827e+02   2.0080e+01   1.5500e-01   3.9457e-04   2.4958e+02
20200923_03:00:00   1.3034e+00   2.0911e+02   2.0666e+01   8.0829e-02   1.0883e-04   2.5104e+02
20200923_06:00:00   1.0174e+00   1.8503e+02   1.8862e+01   0.0000e+00   1.3772e-03   2.5101e+02
20200923_09:00:00   9.9943e-01   1.8291e+02   1.8616e+01   0.0000e+00   1.7886e-05   2.5059e+02
20200923_12:00:00   1.0110e+00   1.8369e+02   1.8861e+01   0.0000e+00   8.2800e-06   2.4984e+02
20200923_15:00:00   1.0219e+00   1.8456e+02   1.9043e+01   2.3460e-04   3.0149e-04   2.5004e+02
20200923_18:00:00   1.0173e+00   1.8440e+02   1.8921e+01   0.0000e+00   7.3117e-04   2.5001e+02
20200923_21:00:00   1.1173e+00   1.9425e+02   1.9831e+01   1.6985e-02   2.5837e-04   2.5042e+02
20200924_00:00:00   1.0537e+00   1.8792e+02   1.8526e+01   2.8382e-02   5.6479e-05   2.4888e+02
20200924_03:00:00   1.0097e+00   1.8379e+02   1.8726e+01   2.5636e-03   4.7880e-05   2.4999e+02
20200924_06:00:00   8.9519e-01   1.7125e+02   1.6949e+01   0.0000e+00   0.0000e+00   2.5184e+02
20200924_09:00:00   8.4977e-01   1.6577e+02   1.6188e+01   0.0000e+00   0.0000e+00   2.5617e+02
20200924_12:00:00   8.3058e-01   1.6318e+02   1.5981e+01   0.0000e+00   0.0000e+00   2.6129e+02
20200924_15:00:00   8.4788e-01   1.6506e+02   1.6208e+01   0.0000e+00   0.0000e+00   2.6549e+02
20200924_18:00:00   8.6336e-01   1.6700e+02   1.6690e+01   0.0000e+00   0.0000e+00   2.7328e+02
20200924_21:00:00   1.0240e+00   1.8387e+02   1.7788e+01   4.2258e-02   4.0791e-02   2.7319e+02
20200925_00:00:00   7.7628e-01   1.5699e+02   1.4732e+01   3.0880e-03   6.0007e-04   2.7516e+02
20200925_03:00:00   7.9423e-01   1.5942e+02   1.5059e+01   0.0000e+00   0.0000e+00   2.7606e+02
20200925_06:00:00   6.7134e-01   1.4236e+02   1.3007e+01   0.0000e+00   0.0000e+00   2.7473e+02
20200925_09:00:00   6.9490e-01   1.4526e+02   1.3444e+01   0.0000e+00   0.0000e+00   2.7142e+02
20200925_12:00:00   6.6718e-01   1.4121e+02   1.2860e+01   0.0000e+00   0.0000e+00   2.7169e+02
20200925_15:00:00   6.2976e-01   1.3586e+02   1.2134e+01   0.0000e+00   0.0000e+00   2.7311e+02
20200925_18:00:00   6.6262e-01   1.4112e+02   1.2590e+01   0.0000e+00   0.0000e+00   2.7312e+02
20200925_21:00:00   7.4646e-01   1.5288e+02   1.4142e+01   0.0000e+00   0.0000e+00   2.6976e+02
20200926_00:00:00   7.3768e-01   1.5161e+02   1.4163e+01   0.0000e+00   0.0000e+00   2.6944e+02
20200926_03:00:00   6.8040e-01   1.4416e+02   1.3110e+01   0.0000e+00   3.4780e-04   2.6821e+02
20200926_06:00:00   6.8847e-01   1.4498e+02   1.3400e+01   0.0000e+00   1.1835e-03   2.6858e+02
20200926_09:00:00   7.3813e-01   1.5163e+02   1.4234e+01   0.0000e+00   7.2059e-05   2.6991e+02
20200926_12:00:00   7.4543e-01   1.5244e+02   1.4379e+01   0.0000e+00   4.1400e-06   2.6862e+02
20200926_15:00:00   7.1955e-01   1.4902e+02   1.3818e+01   0.0000e+00   0.0000e+00   2.6923e+02
20200926_18:00:00   7.0005e-01   1.4663e+02   1.3400e+01   0.0000e+00   0.0000e+00   2.6898e+02
20200926_21:00:00   7.8474e-01   1.5774e+02   1.5079e+01   0.0000e+00   2.4560e-05   2.6905e+02
20200927_00:00:00   8.2896e-01   1.6268e+02   1.5535e+01   1.4022e-02   4.2610e-03   2.6935e+02
20200927_03:00:00   8.2115e-01   1.6241e+02   1.5781e+01   0.0000e+00   0.0000e+00   2.7003e+02
20200927_06:00:00   7.8140e-01   1.5724e+02   1.5114e+01   0.0000e+00   0.0000e+00   2.7167e+02
20200927_09:00:00   8.6019e-01   1.6657e+02   1.6453e+01   0.0000e+00   0.0000e+00   2.7297e+02
20200927_12:00:00   8.6950e-01   1.6742e+02   1.6580e+01   0.0000e+00   0.0000e+00   2.7092e+02
20200927_15:00:00   8.3051e-01   1.6275e+02   1.5844e+01   0.0000e+00   0.0000e+00   2.6846e+02
20200927_18:00:00   8.0962e-01   1.6014e+02   1.5452e+01   0.0000e+00   0.0000e+00   2.6764e+02
20200927_21:00:00   8.8293e-01   1.6939e+02   1.6537e+01   0.0000e+00   0.0000e+00   2.6738e+02
20200928_00:00:00   1.7767e+00   2.3335e+02   2.2228e+01   2.6195e-01   8.6606e-01   2.6527e+02
20200928_03:00:00   9.5653e-01   1.7600e+02   1.8729e+01   0.0000e+00   7.6369e-02   2.6660e+02
20200928_06:00:00   8.6257e-01   1.6613e+02   1.6805e+01   0.0000e+00   2.8364e-03   2.6828e+02
