#            date       tau255        Tb[K]      pwv[mm] lwp[kg*m^-2] iwp[kg*m^-2]       o3[DU]
20260311_12:00:00   3.9613e-01   9.3770e+01   7.1102e+00   0.0000e+00   0.0000e+00   3.0559e+02
20260311_13:00:00   3.9421e-01   9.3438e+01   7.0845e+00   0.0000e+00   0.0000e+00   3.0677e+02
20260311_14:00:00   3.8398e-01   9.1593e+01   6.9286e+00   0.0000e+00   0.0000e+00   3.0537e+02
20260311_15:00:00   3.7769e-01   9.0467e+01   6.8355e+00   0.0000e+00   0.0000e+00   3.0452e+02
20260311_16:00:00   3.7263e-01   8.9537e+01   6.8073e+00   0.0000e+00   0.0000e+00   3.0611e+02
20260311_17:00:00   3.6589e-01   8.8321e+01   6.7212e+00   0.0000e+00   0.0000e+00   3.0984e+02
20260311_18:00:00   3.5966e-01   8.7181e+01   6.6090e+00   0.0000e+00   0.0000e+00   3.0994e+02
20260311_19:00:00   3.4121e-01   8.3683e+01   6.3251e+00   0.0000e+00   0.0000e+00   3.0931e+02
20260311_20:00:00   3.4581e-01   8.4674e+01   6.3440e+00   0.0000e+00   0.0000e+00   3.0979e+02
20260311_21:00:00   3.2749e-01   8.1274e+01   5.9712e+00   0.0000e+00   0.0000e+00   3.0614e+02
20260311_22:00:00   3.0442e-01   7.6847e+01   5.5474e+00   0.0000e+00   0.0000e+00   3.0450e+02
20260311_23:00:00   2.8961e-01   7.3986e+01   5.2627e+00   0.0000e+00   0.0000e+00   3.0274e+02
20260312_00:00:00   2.7723e-01   7.1498e+01   5.0718e+00   0.0000e+00   0.0000e+00   2.9955e+02
20260312_01:00:00   2.6363e-01   6.8712e+01   4.8904e+00   0.0000e+00   0.0000e+00   2.9947e+02
20260312_02:00:00   2.7008e-01   7.0206e+01   4.9863e+00   0.0000e+00   0.0000e+00   3.0068e+02
20260312_03:00:00   2.5714e-01   6.7517e+01   4.7455e+00   0.0000e+00   0.0000e+00   3.0107e+02
20260312_04:00:00   2.4454e-01   6.4848e+01   4.4984e+00   0.0000e+00   0.0000e+00   2.9902e+02
20260312_05:00:00   2.4748e-01   6.5485e+01   4.5495e+00   0.0000e+00   0.0000e+00   2.9863e+02
20260312_06:00:00   2.5403e-01   6.6893e+01   4.6682e+00   0.0000e+00   0.0000e+00   2.9812e+02
20260312_07:00:00   2.4682e-01   6.5370e+01   4.5353e+00   0.0000e+00   0.0000e+00   2.9826e+02
20260312_08:00:00   2.2804e-01   6.1300e+01   4.1928e+00   0.0000e+00   0.0000e+00   2.9964e+02
20260312_09:00:00   2.1276e-01   5.7929e+01   3.9034e+00   0.0000e+00   0.0000e+00   3.0074e+02
20260312_10:00:00   1.9666e-01   5.4294e+01   3.6099e+00   0.0000e+00   0.0000e+00   2.9918e+02
20260312_11:00:00   1.8316e-01   5.1199e+01   3.3604e+00   0.0000e+00   0.0000e+00   2.9652e+02
20260312_12:00:00   1.7932e-01   5.0309e+01   3.2850e+00   0.0000e+00   0.0000e+00   2.9683e+02
20260312_13:00:00   1.7990e-01   5.0452e+01   3.2848e+00   0.0000e+00   0.0000e+00   2.9758e+02
20260312_14:00:00   1.7342e-01   4.8941e+01   3.1587e+00   0.0000e+00   0.0000e+00   2.9642e+02
20260312_15:00:00   1.6095e-01   4.5992e+01   2.9308e+00   0.0000e+00   0.0000e+00   2.9918e+02
20260312_16:00:00   1.5091e-01   4.3582e+01   2.7534e+00   0.0000e+00   0.0000e+00   3.0171e+02
20260312_17:00:00   1.4429e-01   4.1998e+01   2.6289e+00   0.0000e+00   0.0000e+00   3.0120e+02
20260312_18:00:00   1.5657e-01   4.4989e+01   2.8472e+00   0.0000e+00   0.0000e+00   2.9906e+02
20260312_19:00:00   1.6916e-01   4.8046e+01   3.0707e+00   0.0000e+00   0.0000e+00   3.0000e+02
20260312_20:00:00   1.8955e-01   5.2858e+01   3.4570e+00   0.0000e+00   0.0000e+00   3.0176e+02
20260312_21:00:00   2.1220e-01   5.8080e+01   3.8793e+00   0.0000e+00   0.0000e+00   3.0243e+02
20260312_22:00:00   2.1669e-01   5.9109e+01   3.9835e+00   0.0000e+00   0.0000e+00   3.0140e+02
20260312_23:00:00   2.1317e-01   5.8317e+01   3.9326e+00   0.0000e+00   0.0000e+00   3.0022e+02
20260313_00:00:00   2.1051e-01   5.7689e+01   3.8903e+00   0.0000e+00   0.0000e+00   2.9888e+02
20260313_01:00:00   1.8725e-01   5.2282e+01   3.4800e+00   0.0000e+00   0.0000e+00   2.9748e+02
20260313_02:00:00   1.7188e-01   4.8553e+01   3.2261e+00   0.0000e+00   0.0000e+00   2.9664e+02
20260313_03:00:00   1.6170e-01   4.6069e+01   3.0543e+00   0.0000e+00   0.0000e+00   2.9719e+02
20260313_04:00:00   1.5705e-01   4.4905e+01   2.9840e+00   0.0000e+00   0.0000e+00   2.9823e+02
20260313_05:00:00   1.4958e-01   4.3110e+01   2.8383e+00   0.0000e+00   0.0000e+00   2.9891e+02
20260313_06:00:00   1.4374e-01   4.1673e+01   2.7230e+00   0.0000e+00   0.0000e+00   2.9726e+02
20260313_07:00:00   1.4058e-01   4.0891e+01   2.6542e+00   0.0000e+00   0.0000e+00   2.9775e+02
20260313_08:00:00   1.4378e-01   4.1546e+01   2.7387e+00   0.0000e+00   0.0000e+00   2.9718e+02
20260313_09:00:00   1.4910e-01   4.2675e+01   2.8757e+00   0.0000e+00   7.9292e-04   2.9627e+02
20260313_10:00:00   1.5662e-01   4.4153e+01   3.0964e+00   0.0000e+00   6.3781e-04   2.9616e+02
20260313_11:00:00   1.4697e-01   4.2091e+01   2.8472e+00   0.0000e+00   0.0000e+00   2.9576e+02
20260313_12:00:00   1.4447e-01   4.1524e+01   2.7946e+00   0.0000e+00   0.0000e+00   2.9436e+02
20260313_13:00:00   1.4486e-01   4.1611e+01   2.8044e+00   0.0000e+00   0.0000e+00   2.9416e+02
20260313_14:00:00   1.4521e-01   4.1624e+01   2.8350e+00   0.0000e+00   0.0000e+00   2.9121e+02
20260313_15:00:00   1.4661e-01   4.1907e+01   2.8779e+00   0.0000e+00   0.0000e+00   2.9049e+02
20260313_16:00:00   1.4691e-01   4.1870e+01   2.9203e+00   0.0000e+00   1.8762e-05   2.9056e+02
20260313_17:00:00   1.4848e-01   4.2204e+01   2.9696e+00   0.0000e+00   7.2705e-06   2.8953e+02
20260313_18:00:00   1.5362e-01   4.3519e+01   3.0519e+00   0.0000e+00   2.4100e-05   2.8646e+02
20260313_19:00:00   1.5886e-01   4.4939e+01   3.1206e+00   0.0000e+00   0.0000e+00   2.8498e+02
20260313_20:00:00   1.6910e-01   4.7545e+01   3.2863e+00   0.0000e+00   0.0000e+00   2.8435e+02
20260313_21:00:00   1.8114e-01   5.0389e+01   3.5388e+00   0.0000e+00   0.0000e+00   2.8477e+02
20260313_22:00:00   1.9420e-01   5.3431e+01   3.7992e+00   0.0000e+00   0.0000e+00   2.8494e+02
20260313_23:00:00   1.9404e-01   5.3436e+01   3.7978e+00   0.0000e+00   0.0000e+00   2.8536e+02
20260314_00:00:00   1.9215e-01   5.3074e+01   3.7412e+00   0.0000e+00   8.8180e-07   2.8584e+02
20260314_01:00:00   1.8819e-01   5.2178e+01   3.6482e+00   0.0000e+00   4.8547e-04   2.8437e+02
20260314_02:00:00   1.7772e-01   4.9757e+01   3.4248e+00   0.0000e+00   1.9073e-03   2.8378e+02
20260314_03:00:00   1.7023e-01   4.7863e+01   3.3109e+00   0.0000e+00   1.2376e-02   2.8446e+02
20260314_04:00:00   1.5781e-01   4.4891e+01   3.0713e+00   0.0000e+00   5.7260e-03   2.8499e+02
20260314_05:00:00   1.4639e-01   4.2257e+01   2.8062e+00   0.0000e+00   3.9940e-04   2.8534e+02
20260314_06:00:00   1.4557e-01   4.2112e+01   2.7598e+00   0.0000e+00   2.1000e-05   2.8532e+02
20260314_07:00:00   1.4254e-01   4.1306e+01   2.7075e+00   0.0000e+00   1.6118e-05   2.8646e+02
20260314_08:00:00   1.4142e-01   4.0948e+01   2.6964e+00   0.0000e+00   3.2259e-05   2.8687e+02
20260314_09:00:00   1.4113e-01   4.0857e+01   2.6815e+00   0.0000e+00   2.2064e-04   2.8727e+02
20260314_10:00:00   1.3568e-01   3.9522e+01   2.5669e+00   0.0000e+00   3.4584e-03   2.8744e+02
20260314_11:00:00   1.2286e-01   3.6292e+01   2.3284e+00   0.0000e+00   1.0751e-02   2.8793e+02
20260314_12:00:00   1.0708e-01   3.2386e+01   1.9910e+00   0.0000e+00   1.8630e-02   2.8839e+02
20260314_13:00:00   9.6733e-02   2.9710e+01   1.7938e+00   0.0000e+00   9.0360e-03   2.8837e+02
20260314_14:00:00   9.5260e-02   2.9269e+01   1.7752e+00   0.0000e+00   5.2870e-03   2.8880e+02
20260314_15:00:00   9.3874e-02   2.8879e+01   1.7526e+00   0.0000e+00   1.0508e-02   2.8962e+02
20260314_16:00:00   1.0871e-01   3.2214e+01   2.1650e+00   0.0000e+00   6.8734e-03   2.8864e+02
20260314_17:00:00   1.1297e-01   3.3433e+01   2.2237e+00   0.0000e+00   6.0489e-03   2.8938e+02
20260314_18:00:00   1.3047e-01   3.7804e+01   2.5751e+00   0.0000e+00   8.5409e-03   2.8934e+02
20260314_19:00:00   1.4308e-01   4.1142e+01   2.7628e+00   0.0000e+00   9.0891e-03   2.8893e+02
20260314_20:00:00   1.6109e-01   4.5486e+01   3.0973e+00   0.0000e+00   2.9093e-02   2.8906e+02
20260314_21:00:00   1.7012e-01   4.7619e+01   3.2772e+00   0.0000e+00   3.4994e-02   2.9000e+02
20260314_22:00:00   1.9242e-01   5.2459e+01   3.7607e+00   0.0000e+00   1.0988e-01   2.9069e+02
20260314_23:00:00   2.1460e-01   5.6937e+01   4.2673e+00   0.0000e+00   2.2606e-01   2.8998e+02
20260315_00:00:00   2.1863e-01   5.7273e+01   4.5446e+00   0.0000e+00   9.8236e-02   2.8770e+02
20260315_01:00:00   2.1066e-01   5.5460e+01   4.4422e+00   0.0000e+00   9.8299e-03   2.8744e+02
20260315_02:00:00   1.8362e-01   4.9590e+01   3.8160e+00   0.0000e+00   1.0037e-02   2.8857e+02
20260315_03:00:00   1.9073e-01   5.0597e+01   4.0705e+00   0.0000e+00   1.0231e-02   2.8829e+02
20260315_04:00:00   1.8911e-01   4.9996e+01   4.0588e+00   0.0000e+00   9.2752e-03   2.8902e+02
20260315_05:00:00   1.8778e-01   4.9372e+01   4.0008e+00   0.0000e+00   1.6424e-01   2.8924e+02
20260315_06:00:00   1.8368e-01   4.8580e+01   3.9868e+00   0.0000e+00   3.1487e-02   2.8786e+02
20260315_07:00:00   1.9895e-01   5.1926e+01   4.3277e+00   0.0000e+00   9.6623e-03   2.8738e+02
20260315_08:00:00   2.1724e-01   5.5847e+01   4.7158e+00   0.0000e+00   3.1594e-02   2.8836e+02
20260315_09:00:00   2.0114e-01   5.2554e+01   4.3493e+00   0.0000e+00   4.4158e-02   2.8813e+02
20260315_10:00:00   1.6791e-01   4.5692e+01   3.5577e+00   0.0000e+00   2.0536e-02   2.8795e+02
20260315_11:00:00   1.3878e-01   3.9679e+01   2.7525e+00   0.0000e+00   6.1826e-03   2.8962e+02
20260315_12:00:00   1.3786e-01   3.9754e+01   2.6458e+00   0.0000e+00   9.9909e-05   2.9180e+02
20260315_13:00:00   1.3665e-01   3.9578e+01   2.5970e+00   0.0000e+00   0.0000e+00   2.9456e+02
20260315_14:00:00   1.4079e-01   4.0669e+01   2.6592e+00   0.0000e+00   0.0000e+00   3.0005e+02
20260315_15:00:00   1.4094e-01   4.0784e+01   2.6609e+00   0.0000e+00   0.0000e+00   3.0269e+02
20260315_16:00:00   1.3661e-01   3.9812e+01   2.5699e+00   0.0000e+00   0.0000e+00   3.0522e+02
20260315_17:00:00   1.4623e-01   4.2146e+01   2.7286e+00   0.0000e+00   0.0000e+00   3.0490e+02
20260315_18:00:00   1.6296e-01   4.6151e+01   3.0430e+00   0.0000e+00   0.0000e+00   3.0226e+02
20260315_19:00:00   1.7129e-01   4.8082e+01   3.2435e+00   0.0000e+00   0.0000e+00   3.0482e+02
20260315_20:00:00   1.9965e-01   5.4493e+01   3.8464e+00   0.0000e+00   0.0000e+00   3.0481e+02
20260315_21:00:00   2.0858e-01   5.6491e+01   4.0689e+00   0.0000e+00   0.0000e+00   3.0708e+02
20260315_22:00:00   2.2553e-01   6.0202e+01   4.4437e+00   0.0000e+00   0.0000e+00   3.0876e+02
20260315_23:00:00   2.3390e-01   6.2070e+01   4.6404e+00   0.0000e+00   0.0000e+00   3.1078e+02
20260316_00:00:00   2.5537e-01   6.6685e+01   5.0773e+00   0.0000e+00   6.6240e-06   3.1402e+02
20260316_01:00:00   2.5669e-01   6.7044e+01   5.0867e+00   0.0000e+00   5.5840e-04   3.1734e+02
20260316_02:00:00   2.5782e-01   6.7244e+01   5.1419e+00   0.0000e+00   3.6520e-04   3.2112e+02
20260316_03:00:00   2.6460e-01   6.8652e+01   5.2833e+00   0.0000e+00   7.7900e-04   3.2711e+02
20260316_04:00:00   2.6476e-01   6.8629e+01   5.3063e+00   0.0000e+00   1.1990e-03   3.3014e+02
20260316_05:00:00   2.6732e-01   6.9094e+01   5.3850e+00   0.0000e+00   3.2125e-04   3.3104e+02
20260316_06:00:00   2.7156e-01   6.9939e+01   5.4918e+00   0.0000e+00   1.8886e-04   3.3153e+02
20260316_07:00:00   2.8126e-01   7.1906e+01   5.7000e+00   0.0000e+00   3.3921e-04   3.3155e+02
20260316_08:00:00   2.8970e-01   7.3634e+01   5.8710e+00   0.0000e+00   1.9611e-04   3.3103e+02
20260316_09:00:00   2.9111e-01   7.3927e+01   5.9104e+00   0.0000e+00   1.9454e-04   3.3170e+02
20260316_10:00:00   2.9417e-01   7.4534e+01   5.9797e+00   0.0000e+00   5.2942e-05   3.3110e+02
20260316_11:00:00   2.9064e-01   7.3814e+01   5.9315e+00   0.0000e+00   3.9006e-04   3.3065e+02
20260316_12:00:00   2.8636e-01   7.2929e+01   5.8795e+00   0.0000e+00   3.3319e-04   3.3123e+02
20260316_15:00:00   3.0116e-01   7.5744e+01   6.2714e+00   0.0000e+00   8.4840e-05   3.3083e+02
20260316_18:00:00   3.2325e-01   7.9970e+01   6.8212e+00   0.0000e+00   4.1823e-03   3.2786e+02
20260316_21:00:00   3.8952e-01   9.2833e+01   8.1620e+00   0.0000e+00   4.3487e-03   3.2533e+02
20260317_00:00:00   4.1943e-01   9.8553e+01   8.7027e+00   0.0000e+00   1.4787e-03   3.2542e+02
20260317_03:00:00   4.8358e-01   1.1011e+02   9.8292e+00   0.0000e+00   3.5075e-03   3.2511e+02
20260317_06:00:00   4.5811e-01   1.0602e+02   9.2587e+00   0.0000e+00   2.7748e-03   3.2529e+02
20260317_09:00:00   4.1094e-01   9.8004e+01   8.2995e+00   0.0000e+00   7.0687e-03   3.2154e+02
20260317_12:00:00   3.7089e-01   9.0717e+01   7.4420e+00   0.0000e+00   4.3440e-03   3.2464e+02
20260317_15:00:00   3.0770e-01   7.8413e+01   6.1950e+00   0.0000e+00   2.6944e-03   3.2344e+02
20260317_18:00:00   2.6550e-01   6.9817e+01   5.3198e+00   0.0000e+00   1.1082e-04   3.2117e+02
20260317_21:00:00   2.7845e-01   7.2866e+01   5.5055e+00   0.0000e+00   0.0000e+00   3.1779e+02
20260318_00:00:00   3.0642e-01   7.8861e+01   6.0516e+00   0.0000e+00   0.0000e+00   3.1030e+02
20260318_03:00:00   2.7302e-01   7.1974e+01   5.3995e+00   0.0000e+00   0.0000e+00   3.1075e+02
20260318_06:00:00   2.4831e-01   6.6678e+01   4.9126e+00   0.0000e+00   7.0540e-07   3.0855e+02
20260318_09:00:00   2.7691e-01   7.2673e+01   5.4640e+00   0.0000e+00   4.2873e-05   3.0378e+02
20260318_12:00:00   2.7402e-01   7.1914e+01   5.4450e+00   0.0000e+00   0.0000e+00   3.0474e+02
20260318_15:00:00   2.6540e-01   7.0086e+01   5.2696e+00   0.0000e+00   6.4080e-05   3.0890e+02
20260318_18:00:00   2.7626e-01   7.2263e+01   5.5283e+00   0.0000e+00   1.1062e-04   3.1215e+02
20260318_21:00:00   3.1827e-01   8.1229e+01   6.3301e+00   0.0000e+00   1.2680e-03   3.0652e+02
20260319_00:00:00   3.2367e-01   8.2579e+01   6.4147e+00   0.0000e+00   0.0000e+00   3.1052e+02
20260319_03:00:00   3.1568e-01   8.1004e+01   6.1449e+00   0.0000e+00   0.0000e+00   3.0652e+02
20260319_06:00:00   2.6887e-01   7.1217e+01   5.2209e+00   0.0000e+00   0.0000e+00   3.0315e+02
20260319_09:00:00   2.5430e-01   6.7977e+01   4.9931e+00   0.0000e+00   0.0000e+00   3.0408e+02
20260319_12:00:00   2.5955e-01   6.8975e+01   5.1261e+00   0.0000e+00   8.9420e-06   3.0270e+02
20260319_15:00:00   2.3510e-01   6.3617e+01   4.6301e+00   0.0000e+00   0.0000e+00   3.0246e+02
20260319_18:00:00   2.1548e-01   5.9291e+01   4.2367e+00   0.0000e+00   0.0000e+00   3.0216e+02
20260319_21:00:00   2.5217e-01   6.7701e+01   4.9444e+00   0.0000e+00   0.0000e+00   3.0048e+02
20260320_00:00:00   2.7434e-01   7.2559e+01   5.4014e+00   0.0000e+00   0.0000e+00   2.9994e+02
20260320_03:00:00   2.5580e-01   6.8575e+01   5.0025e+00   0.0000e+00   0.0000e+00   2.9836e+02
20260320_06:00:00   2.3584e-01   6.4157e+01   4.5858e+00   0.0000e+00   0.0000e+00   3.0188e+02
20260320_09:00:00   2.3295e-01   6.3431e+01   4.5525e+00   0.0000e+00   0.0000e+00   2.9981e+02
20260320_12:00:00   2.2301e-01   6.1119e+01   4.3574e+00   0.0000e+00   0.0000e+00   2.9853e+02
20260320_15:00:00   2.1261e-01   5.8729e+01   4.1424e+00   0.0000e+00   0.0000e+00   2.9671e+02
20260320_18:00:00   2.0685e-01   5.7452e+01   4.0031e+00   0.0000e+00   0.0000e+00   2.9514e+02
20260320_21:00:00   2.5360e-01   6.7810e+01   5.0228e+00   0.0000e+00   0.0000e+00   2.9531e+02
20260321_00:00:00   2.6620e-01   7.0466e+01   5.3302e+00   0.0000e+00   0.0000e+00   2.9290e+02
20260321_03:00:00   2.6352e-01   6.9845e+01   5.2212e+00   0.0000e+00   0.0000e+00   2.9249e+02
20260321_06:00:00   2.4335e-01   6.5438e+01   4.7772e+00   0.0000e+00   0.0000e+00   2.9404e+02
20260321_09:00:00   2.3406e-01   6.3316e+01   4.5774e+00   0.0000e+00   0.0000e+00   2.9168e+02
20260321_12:00:00   2.0264e-01   5.6008e+01   3.9849e+00   0.0000e+00   0.0000e+00   2.9707e+02
20260321_15:00:00   1.8576e-01   5.1887e+01   3.6720e+00   0.0000e+00   0.0000e+00   2.9840e+02
20260321_18:00:00   1.7004e-01   4.8134e+01   3.3520e+00   0.0000e+00   0.0000e+00   3.0047e+02
20260321_21:00:00   2.6551e-01   6.9571e+01   5.2818e+00   0.0000e+00   0.0000e+00   2.9978e+02
20260322_00:00:00   2.4169e-01   6.4321e+01   4.8036e+00   0.0000e+00   0.0000e+00   3.0112e+02
20260322_03:00:00   1.5334e-01   4.3725e+01   3.0607e+00   0.0000e+00   8.8938e-05   3.0408e+02
20260322_06:00:00   2.3640e-01   6.2715e+01   4.6200e+00   0.0000e+00   2.5321e-03   3.0545e+02
20260322_09:00:00   2.6747e-01   6.9078e+01   5.2178e+00   0.0000e+00   9.5220e-04   3.0587e+02
20260322_12:00:00   2.8552e-01   7.1290e+01   5.9379e+00   0.0000e+00   4.4884e-04   3.1086e+02
20260322_15:00:00   1.2666e-01   3.7478e+01   2.2141e+00   0.0000e+00   0.0000e+00   3.2902e+02
20260322_18:00:00   2.1773e-01   5.8525e+01   3.7853e+00   0.0000e+00   0.0000e+00   3.2527e+02
20260322_21:00:00   3.0578e-01   7.6545e+01   5.8066e+00   0.0000e+00   1.0797e-04   3.2784e+02
20260323_00:00:00   2.5374e-01   6.5013e+01   5.0432e+00   0.0000e+00   4.9016e-04   3.2738e+02
20260323_03:00:00   2.7290e-01   6.8923e+01   5.3784e+00   0.0000e+00   8.7603e-05   3.3047e+02
20260323_06:00:00   2.2198e-01   5.8692e+01   4.1674e+00   0.0000e+00   0.0000e+00   3.3140e+02
20260323_09:00:00   2.0584e-01   5.5340e+01   3.7193e+00   0.0000e+00   3.5780e-05   3.3249e+02
20260323_12:00:00   1.7768e-01   4.8895e+01   3.1161e+00   0.0000e+00   0.0000e+00   3.3173e+02
20260323_15:00:00   1.5828e-01   4.4179e+01   2.8258e+00   0.0000e+00   2.4397e-03   3.3317e+02
20260323_18:00:00   2.4091e-01   6.2618e+01   4.1987e+00   0.0000e+00   8.2140e-05   3.3666e+02
20260323_21:00:00   3.0388e-01   7.5840e+01   5.3838e+00   0.0000e+00   1.3630e-03   3.3772e+02
20260324_00:00:00   3.3866e-01   8.2984e+01   5.9298e+00   0.0000e+00   3.8080e-06   3.3813e+02
20260324_03:00:00   4.2227e-01   9.8241e+01   7.3021e+00   0.0000e+00   1.4340e-05   3.3655e+02
20260324_06:00:00   3.6503e-01   8.7534e+01   6.4178e+00   0.0000e+00   0.0000e+00   3.3645e+02
20260324_09:00:00   2.8261e-01   7.1081e+01   5.1574e+00   0.0000e+00   0.0000e+00   3.3637e+02
20260324_12:00:00   2.3162e-01   6.0199e+01   4.3237e+00   0.0000e+00   5.3603e-03   3.3023e+02
20260324_15:00:00   2.0006e-01   5.3170e+01   3.8075e+00   0.0000e+00   8.9427e-04   3.2564e+02
20260324_18:00:00   1.9756e-01   5.2556e+01   3.7692e+00   0.0000e+00   2.0880e-03   3.2194e+02
20260324_21:00:00   2.1177e-01   5.5844e+01   4.0415e+00   0.0000e+00   0.0000e+00   3.1799e+02
20260325_00:00:00   2.0460e-01   5.4382e+01   3.9073e+00   0.0000e+00   0.0000e+00   3.1603e+02
20260325_03:00:00   1.8087e-01   4.9139e+01   3.4508e+00   0.0000e+00   5.0460e-04   3.1750e+02
20260325_06:00:00   1.7420e-01   4.7864e+01   3.2740e+00   0.0000e+00   4.8740e-04   3.1468e+02
20260325_09:00:00   1.7410e-01   4.7987e+01   3.2311e+00   0.0000e+00   3.0174e-05   3.1179e+02
20260325_12:00:00   1.9873e-01   5.3805e+01   3.6025e+00   0.0000e+00   7.0140e-05   3.0855e+02
20260325_15:00:00   2.7968e-01   7.1382e+01   4.9639e+00   0.0000e+00   7.6180e-06   3.0692e+02
20260325_18:00:00   2.3164e-01   6.1064e+01   4.2578e+00   0.0000e+00   5.7760e-05   3.0468e+02
20260325_21:00:00   2.6463e-01   6.7915e+01   5.0718e+00   0.0000e+00   1.9956e-05   3.0158e+02
20260326_00:00:00   2.7854e-01   7.0668e+01   5.4840e+00   0.0000e+00   3.8080e-06   2.9973e+02
20260326_03:00:00   3.2295e-01   7.9623e+01   6.3710e+00   0.0000e+00   1.4780e-03   2.9913e+02
20260326_06:00:00   3.2392e-01   7.9657e+01   6.4852e+00   0.0000e+00   5.8008e-03   2.9744e+02
20260326_09:00:00   3.0213e-01   7.4810e+01   6.2412e+00   0.0000e+00   3.2615e-04   2.9815e+02
20260326_12:00:00   3.0047e-01   7.4335e+01   6.2535e+00   0.0000e+00   6.3262e-04   2.9800e+02
20260326_15:00:00   2.8979e-01   7.2428e+01   5.9493e+00   0.0000e+00   2.9679e-03   2.9567e+02
20260326_18:00:00   2.7680e-01   6.9692e+01   5.6407e+00   0.0000e+00   7.9743e-02   2.9541e+02
20260326_21:00:00   3.2769e-01   7.9241e+01   6.8323e+00   0.0000e+00   1.3919e-01   2.9501e+02
20260327_00:00:00   3.2775e-01   7.9159e+01   6.9101e+00   0.0000e+00   1.1273e-02   2.9319e+02
20260327_03:00:00   3.3991e-01   8.0992e+01   7.2070e+00   0.0000e+00   8.4303e-02   2.9510e+02
20260327_06:00:00   3.1532e-01   7.5908e+01   6.7604e+00   0.0000e+00   3.8646e-02   2.9381e+02
20260327_09:00:00   3.1434e-01   7.5387e+01   6.7131e+00   0.0000e+00   8.1675e-02   2.9287e+02
20260327_12:00:00   3.1351e-01   7.5204e+01   6.6914e+00   0.0000e+00   3.9388e-02   2.9607e+02
