#            date       tau255        Tb[K]      pwv[mm] lwp[kg*m^-2] iwp[kg*m^-2]       o3[DU]
20260220_06:00:00   2.1674e-01   5.6729e+01   3.7681e+00   0.0000e+00   1.5217e-03   3.3224e+02
20260220_07:00:00   2.1507e-01   5.6428e+01   3.6865e+00   0.0000e+00   1.9170e-05   3.3126e+02
20260220_08:00:00   2.0856e-01   5.5030e+01   3.5362e+00   0.0000e+00   3.3120e-05   3.3254e+02
20260220_09:00:00   2.1900e-01   5.7277e+01   3.6681e+00   0.0000e+00   0.0000e+00   3.3368e+02
20260220_10:00:00   2.0036e-01   5.3228e+01   3.3334e+00   0.0000e+00   0.0000e+00   3.3535e+02
20260220_11:00:00   2.0805e-01   5.4812e+01   3.4868e+00   0.0000e+00   0.0000e+00   3.3335e+02
20260220_12:00:00   2.1177e-01   5.5396e+01   3.6487e+00   0.0000e+00   4.7544e-04   3.3119e+02
20260220_13:00:00   2.2591e-01   5.8286e+01   3.9048e+00   1.3860e-04   0.0000e+00   3.3130e+02
20260220_14:00:00   2.5200e-01   6.3544e+01   4.2531e+00   2.9621e-03   1.0311e-03   3.3034e+02
20260220_15:00:00   2.5339e-01   6.3633e+01   4.2105e+00   6.7350e-03   2.8272e-03   3.3046e+02
20260220_16:00:00   3.4870e-01   8.2515e+01   4.5538e+00   3.7810e-02   1.1721e-03   3.3011e+02
20260220_17:00:00   7.3230e-01   1.4290e+02   5.4390e+00   1.7354e-01   2.2815e-04   3.2779e+02
20260220_18:00:00   9.4930e-01   1.6786e+02   6.2203e+00   2.4451e-01   3.7960e-04   3.2564e+02
20260220_19:00:00   8.5268e-01   1.5717e+02   6.5467e+00   1.9801e-01   2.8082e-04   3.2315e+02
20260220_20:00:00   5.4517e-01   1.1601e+02   6.8370e+00   6.3630e-02   1.7789e-04   3.2341e+02
20260220_21:00:00   3.6834e-01   8.5927e+01   6.4833e+00   3.4020e-03   1.9980e-04   3.2367e+02
20260220_22:00:00   3.3795e-01   8.0264e+01   6.1967e+00   1.1172e-04   3.6753e-04   3.2148e+02
20260220_23:00:00   3.0588e-01   7.4177e+01   5.6771e+00   0.0000e+00   1.4492e-03   3.1979e+02
20260221_00:00:00   3.1354e-01   7.5774e+01   5.7651e+00   0.0000e+00   1.2684e-03   3.1990e+02
20260221_01:00:00   3.2558e-01   7.8189e+01   5.9313e+00   0.0000e+00   8.0486e-05   3.1907e+02
20260221_02:00:00   3.1792e-01   7.6818e+01   5.7631e+00   0.0000e+00   6.5260e-05   3.2035e+02
20260221_03:00:00   2.8979e-01   7.1446e+01   5.2092e+00   0.0000e+00   8.2800e-06   3.2277e+02
20260221_04:00:00   2.6014e-01   6.5492e+01   4.7026e+00   0.0000e+00   6.4700e-05   3.2266e+02
20260221_05:00:00   2.4230e-01   6.1838e+01   4.4051e+00   0.0000e+00   0.0000e+00   3.2123e+02
20260221_06:00:00   2.3374e-01   5.9927e+01   4.3364e+00   0.0000e+00   0.0000e+00   3.1744e+02
20260221_07:00:00   2.3137e-01   5.9396e+01   4.3276e+00   0.0000e+00   0.0000e+00   3.1621e+02
20260221_08:00:00   2.2486e-01   5.8195e+01   4.1315e+00   0.0000e+00   0.0000e+00   3.1531e+02
20260221_09:00:00   2.1276e-01   5.5700e+01   3.8737e+00   0.0000e+00   0.0000e+00   3.1605e+02
20260221_10:00:00   2.0034e-01   5.3052e+01   3.6400e+00   0.0000e+00   0.0000e+00   3.1612e+02
20260221_11:00:00   1.9867e-01   5.2780e+01   3.5898e+00   0.0000e+00   0.0000e+00   3.1385e+02
20260221_12:00:00   1.9617e-01   5.2328e+01   3.5135e+00   0.0000e+00   0.0000e+00   3.1330e+02
20260221_13:00:00   1.8671e-01   5.0340e+01   3.3343e+00   0.0000e+00   0.0000e+00   3.1329e+02
20260221_14:00:00   1.7859e-01   4.8533e+01   3.2132e+00   0.0000e+00   0.0000e+00   3.1250e+02
20260221_15:00:00   1.6794e-01   4.6152e+01   3.0427e+00   0.0000e+00   0.0000e+00   3.1178e+02
20260221_16:00:00   1.5748e-01   4.3761e+01   2.8807e+00   0.0000e+00   0.0000e+00   3.1199e+02
20260221_17:00:00   1.5297e-01   4.2671e+01   2.8382e+00   0.0000e+00   0.0000e+00   3.1125e+02
20260221_18:00:00   1.5472e-01   4.2993e+01   2.9087e+00   0.0000e+00   0.0000e+00   3.0874e+02
20260221_19:00:00   1.5244e-01   4.2492e+01   2.8618e+00   0.0000e+00   0.0000e+00   3.0817e+02
20260221_20:00:00   1.6559e-01   4.5614e+01   3.0674e+00   0.0000e+00   0.0000e+00   3.1725e+02
20260221_21:00:00   1.6340e-01   4.5258e+01   2.9872e+00   0.0000e+00   0.0000e+00   3.2285e+02
20260221_22:00:00   1.5827e-01   4.4150e+01   2.8930e+00   0.0000e+00   3.6800e-06   3.2222e+02
20260221_23:00:00   1.6034e-01   4.4651e+01   2.9490e+00   0.0000e+00   1.0406e-04   3.1652e+02
20260222_00:00:00   1.6591e-01   4.5874e+01   3.0942e+00   0.0000e+00   6.1700e-04   3.1387e+02
20260222_01:00:00   1.7195e-01   4.7188e+01   3.2495e+00   0.0000e+00   2.3353e-03   3.1219e+02
20260222_02:00:00   1.8255e-01   4.9439e+01   3.5241e+00   0.0000e+00   7.6583e-03   3.1073e+02
20260222_03:00:00   1.9933e-01   5.3050e+01   3.9305e+00   0.0000e+00   4.4941e-03   3.1128e+02
20260222_04:00:00   2.0762e-01   5.4661e+01   4.1830e+00   0.0000e+00   3.0913e-03   3.0788e+02
20260222_05:00:00   2.1965e-01   5.7058e+01   4.4988e+00   0.0000e+00   5.0289e-03   3.0607e+02
20260222_06:00:00   2.2842e-01   5.8734e+01   4.7438e+00   0.0000e+00   8.6079e-03   2.9984e+02
20260222_07:00:00   2.2763e-01   5.8626e+01   4.7339e+00   0.0000e+00   4.7753e-03   2.9724e+02
20260222_08:00:00   2.2510e-01   5.8103e+01   4.6905e+00   0.0000e+00   2.0975e-02   2.9457e+02
20260222_09:00:00   2.5305e-01   6.3668e+01   5.3454e+00   0.0000e+00   1.5723e-02   2.9313e+02
20260222_10:00:00   2.6014e-01   6.5067e+01   5.5047e+00   0.0000e+00   1.3312e-02   2.9010e+02
20260222_11:00:00   2.5943e-01   6.4868e+01   5.5075e+00   0.0000e+00   1.3541e-02   2.9064e+02
20260222_12:00:00   2.8763e-01   7.0389e+01   6.1244e+00   0.0000e+00   1.0536e-02   2.9346e+02
20260222_13:00:00   2.9897e-01   7.2595e+01   6.3732e+00   0.0000e+00   6.9784e-03   2.9785e+02
20260222_14:00:00   3.1890e-01   7.6380e+01   6.8056e+00   0.0000e+00   4.8480e-03   2.9999e+02
20260222_15:00:00   3.4004e-01   8.0363e+01   7.2317e+00   0.0000e+00   1.8080e-02   3.0368e+02
20260222_16:00:00   3.5020e-01   8.2298e+01   7.4444e+00   0.0000e+00   2.3846e-02   3.0544e+02
20260222_17:00:00   3.5667e-01   8.3631e+01   7.5625e+00   0.0000e+00   8.6226e-03   3.0406e+02
20260222_18:00:00   3.6172e-01   8.4728e+01   7.6344e+00   0.0000e+00   6.8412e-03   3.0691e+02
20260222_19:00:00   3.7398e-01   8.7026e+01   7.8695e+00   0.0000e+00   1.0671e-03   3.0745e+02
20260222_20:00:00   3.8122e-01   8.8492e+01   8.0040e+00   0.0000e+00   9.2631e-05   3.0175e+02
20260222_21:00:00   4.0252e-01   9.2638e+01   8.3333e+00   0.0000e+00   7.0540e-07   3.0259e+02
20260222_22:00:00   4.0157e-01   9.2638e+01   8.2759e+00   0.0000e+00   0.0000e+00   2.9957e+02
20260222_23:00:00   3.9599e-01   9.1853e+01   8.1293e+00   0.0000e+00   0.0000e+00   2.9714e+02
20260223_00:00:00   3.8092e-01   8.9258e+01   7.7916e+00   0.0000e+00   0.0000e+00   2.9572e+02
20260223_01:00:00   3.7022e-01   8.7400e+01   7.5439e+00   0.0000e+00   0.0000e+00   2.9418e+02
20260223_02:00:00   3.4614e-01   8.3119e+01   6.9895e+00   0.0000e+00   0.0000e+00   2.9479e+02
20260223_03:00:00   3.3409e-01   8.1071e+01   6.6813e+00   0.0000e+00   0.0000e+00   2.9598e+02
20260223_04:00:00   3.2452e-01   7.9457e+01   6.4458e+00   0.0000e+00   0.0000e+00   2.9562e+02
20260223_05:00:00   3.1361e-01   7.7481e+01   6.1968e+00   0.0000e+00   0.0000e+00   2.9386e+02
20260223_06:00:00   3.0619e-01   7.6141e+01   6.0403e+00   0.0000e+00   0.0000e+00   2.9216e+02
20260223_07:00:00   3.0271e-01   7.5526e+01   5.9641e+00   0.0000e+00   0.0000e+00   2.9218e+02
20260223_08:00:00   2.9969e-01   7.5050e+01   5.9176e+00   0.0000e+00   1.6732e-04   2.9231e+02
20260223_09:00:00   2.9859e-01   7.4812e+01   5.9174e+00   0.0000e+00   7.5080e-03   2.9197e+02
20260223_10:00:00   2.9879e-01   7.4910e+01   5.9215e+00   0.0000e+00   5.6660e-03   2.9354e+02
20260223_11:00:00   3.0088e-01   7.5363e+01   5.9460e+00   0.0000e+00   6.7324e-04   2.9303e+02
20260223_12:00:00   3.0205e-01   7.5793e+01   5.9219e+00   0.0000e+00   1.5950e-05   2.9476e+02
20260223_13:00:00   2.9303e-01   7.4186e+01   5.7134e+00   0.0000e+00   0.0000e+00   2.9596e+02
20260223_14:00:00   2.8865e-01   7.3235e+01   5.6421e+00   0.0000e+00   0.0000e+00   2.9627e+02
20260223_15:00:00   2.8677e-01   7.2791e+01   5.6364e+00   0.0000e+00   1.7964e-03   2.9747e+02
20260223_16:00:00   2.7717e-01   7.0813e+01   5.4419e+00   0.0000e+00   2.6058e-03   2.9617e+02
20260223_17:00:00   2.8350e-01   7.2166e+01   5.5823e+00   0.0000e+00   5.5756e-03   2.9540e+02
20260223_18:00:00   2.8605e-01   7.2688e+01   5.6637e+00   0.0000e+00   7.4458e-03   2.9548e+02
20260223_19:00:00   2.8597e-01   7.2767e+01   5.6518e+00   0.0000e+00   5.1580e-03   2.9608e+02
20260223_20:00:00   2.7875e-01   7.1396e+01   5.4830e+00   0.0000e+00   6.1718e-03   2.9554e+02
20260223_21:00:00   2.8088e-01   7.1936e+01   5.5116e+00   0.0000e+00   7.1331e-03   2.9392e+02
20260223_22:00:00   2.9372e-01   7.4574e+01   5.8049e+00   0.0000e+00   5.0614e-03   2.9380e+02
20260223_23:00:00   2.9568e-01   7.4976e+01   5.8271e+00   0.0000e+00   7.4954e-03   2.9270e+02
20260224_00:00:00   2.9943e-01   7.5667e+01   5.8894e+00   0.0000e+00   1.9038e-02   2.8889e+02
20260224_01:00:00   3.0785e-01   7.7367e+01   6.0534e+00   0.0000e+00   4.6568e-02   2.8652e+02
20260224_02:00:00   3.1699e-01   7.9119e+01   6.2811e+00   0.0000e+00   4.2207e-02   2.8705e+02
20260224_03:00:00   3.1902e-01   7.9175e+01   6.4611e+00   0.0000e+00   1.6484e-02   2.8756e+02
20260224_04:00:00   3.1657e-01   7.8615e+01   6.4707e+00   0.0000e+00   6.8731e-03   2.8705e+02
20260224_05:00:00   3.1600e-01   7.8723e+01   6.4102e+00   0.0000e+00   3.0738e-03   2.8618e+02
20260224_06:00:00   3.0834e-01   7.7442e+01   6.1717e+00   0.0000e+00   7.0374e-04   2.8344e+02
20260224_07:00:00   2.9260e-01   7.4359e+01   5.8142e+00   0.0000e+00   1.6102e-05   2.8165e+02
20260224_08:00:00   2.7910e-01   7.1540e+01   5.5593e+00   0.0000e+00   3.7674e-05   2.7983e+02
20260224_09:00:00   2.6606e-01   6.8837e+01   5.3177e+00   0.0000e+00   1.1532e-04   2.8002e+02
20260224_10:00:00   2.6653e-01   6.8825e+01   5.3749e+00   0.0000e+00   1.4848e-05   2.7919e+02
20260224_11:00:00   2.6693e-01   6.8783e+01   5.4159e+00   0.0000e+00   1.1452e-05   2.7965e+02
20260224_12:00:00   2.6307e-01   6.7910e+01   5.3691e+00   0.0000e+00   3.9260e-05   2.7900e+02
20260224_13:00:00   2.6760e-01   6.8784e+01   5.4957e+00   0.0000e+00   1.3248e-05   2.7908e+02
20260224_14:00:00   2.7923e-01   7.1126e+01   5.7690e+00   0.0000e+00   0.0000e+00   2.7958e+02
20260224_15:00:00   2.7955e-01   7.1278e+01   5.7627e+00   0.0000e+00   0.0000e+00   2.7944e+02
20260224_16:00:00   2.9369e-01   7.4124e+01   6.0615e+00   0.0000e+00   0.0000e+00   2.7988e+02
20260224_17:00:00   3.0458e-01   7.6281e+01   6.3199e+00   0.0000e+00   0.0000e+00   2.8028e+02
20260224_18:00:00   3.1757e-01   7.8794e+01   6.6212e+00   0.0000e+00   0.0000e+00   2.8043e+02
20260224_19:00:00   3.3537e-01   8.2244e+01   7.0137e+00   0.0000e+00   2.0700e-06   2.8068e+02
20260224_20:00:00   3.5921e-01   8.6822e+01   7.5006e+00   0.0000e+00   0.0000e+00   2.8193e+02
20260224_21:00:00   3.8383e-01   9.1493e+01   7.9587e+00   0.0000e+00   3.8080e-06   2.8046e+02
20260224_22:00:00   4.5050e-01   1.0348e+02   9.1963e+00   0.0000e+00   3.5868e-04   2.8054e+02
20260224_23:00:00   5.6037e-01   1.2173e+02   1.1088e+01   0.0000e+00   2.5040e-04   2.8009e+02
20260225_00:00:00   6.4604e-01   1.3471e+02   1.2513e+01   0.0000e+00   1.6016e-03   2.7987e+02
20260225_01:00:00   7.3585e-01   1.4719e+02   1.4053e+01   0.0000e+00   1.3216e-04   2.8107e+02
20260225_02:00:00   7.6707e-01   1.5122e+02   1.4632e+01   0.0000e+00   5.2385e-03   2.8106e+02
20260225_03:00:00   7.7900e-01   1.5270e+02   1.4973e+01   0.0000e+00   1.1286e-03   2.8152e+02
20260225_04:00:00   7.5467e-01   1.4974e+02   1.4566e+01   0.0000e+00   3.2521e-04   2.8247e+02
20260225_05:00:00   7.3574e-01   1.4752e+02   1.4120e+01   0.0000e+00   2.1980e-04   2.8454e+02
20260225_06:00:00   7.2217e-01   1.4574e+02   1.3882e+01   0.0000e+00   2.2664e-03   2.8546e+02
20260225_09:00:00   6.8947e-01   1.4130e+02   1.3225e+01   0.0000e+00   6.7417e-03   2.8391e+02
20260225_12:00:00   6.1091e-01   1.3029e+02   1.1694e+01   0.0000e+00   1.5753e-02   2.7991e+02
20260225_15:00:00   5.6884e-01   1.2395e+02   1.0861e+01   0.0000e+00   1.9024e-04   2.7516e+02
20260225_18:00:00   5.4493e-01   1.2016e+02   1.0546e+01   0.0000e+00   0.0000e+00   2.7292e+02
20260225_21:00:00   4.9364e-01   1.1194e+02   9.5304e+00   0.0000e+00   0.0000e+00   2.7223e+02
20260226_00:00:00   4.5066e-01   1.0458e+02   8.8083e+00   0.0000e+00   0.0000e+00   2.6841e+02
20260226_03:00:00   5.1809e-01   1.1560e+02   1.0171e+01   0.0000e+00   0.0000e+00   2.6547e+02
20260226_06:00:00   4.9602e-01   1.1179e+02   9.8234e+00   0.0000e+00   7.6180e-06   2.6518e+02
20260226_09:00:00   5.8112e-01   1.2536e+02   1.1244e+01   0.0000e+00   2.2183e-03   2.6768e+02
20260226_12:00:00   5.6436e-01   1.2291e+02   1.1033e+01   0.0000e+00   2.0700e-06   2.6505e+02
20260226_15:00:00   4.9017e-01   1.1083e+02   9.8160e+00   0.0000e+00   0.0000e+00   2.6766e+02
20260226_18:00:00   4.5713e-01   1.0522e+02   9.2810e+00   0.0000e+00   0.0000e+00   2.6563e+02
20260226_21:00:00   4.7876e-01   1.0891e+02   9.7079e+00   0.0000e+00   1.0840e-03   2.6403e+02
20260227_00:00:00   4.7766e-01   1.0895e+02   9.5866e+00   0.0000e+00   1.3588e-03   2.6434e+02
20260227_03:00:00   4.8314e-01   1.0924e+02   1.0030e+01   0.0000e+00   5.5324e-03   2.6507e+02
20260227_06:00:00   4.7029e-01   1.0706e+02   9.7962e+00   0.0000e+00   1.6336e-04   2.6208e+02
20260227_09:00:00   4.5910e-01   1.0527e+02   9.5426e+00   0.0000e+00   4.1199e-03   2.6079e+02
20260227_12:00:00   4.6131e-01   1.0560e+02   9.5873e+00   0.0000e+00   3.3216e-03   2.6034e+02
20260227_15:00:00   4.6780e-01   1.0654e+02   9.7947e+00   0.0000e+00   0.0000e+00   2.5980e+02
20260227_18:00:00   4.6302e-01   1.0581e+02   9.6741e+00   0.0000e+00   0.0000e+00   2.6254e+02
20260227_21:00:00   4.8171e-01   1.0934e+02   9.8977e+00   0.0000e+00   2.0700e-06   2.6183e+02
20260228_00:00:00   4.9363e-01   1.1153e+02   1.0099e+01   0.0000e+00   4.1400e-06   2.5713e+02
20260228_03:00:00   4.8057e-01   1.0928e+02   9.8862e+00   0.0000e+00   0.0000e+00   2.5268e+02
20260228_06:00:00   4.7453e-01   1.0810e+02   9.7874e+00   0.0000e+00   0.0000e+00   2.5321e+02
20260228_09:00:00   4.5967e-01   1.0557e+02   9.4690e+00   0.0000e+00   0.0000e+00   2.5487e+02
20260228_12:00:00   4.6116e-01   1.0573e+02   9.4810e+00   0.0000e+00   0.0000e+00   2.5580e+02
20260228_15:00:00   4.5889e-01   1.0547e+02   9.3494e+00   0.0000e+00   0.0000e+00   2.5894e+02
20260228_18:00:00   4.5554e-01   1.0491e+02   9.2980e+00   0.0000e+00   3.0720e-04   2.5896e+02
20260228_21:00:00   5.0752e-01   1.1402e+02   1.0169e+01   0.0000e+00   4.7928e-04   2.5674e+02
20260301_00:00:00   5.3409e-01   1.1858e+02   1.0534e+01   0.0000e+00   8.8667e-03   2.5491e+02
20260301_03:00:00   5.0410e-01   1.1373e+02   9.9092e+00   0.0000e+00   2.3371e-02   2.5506e+02
20260301_06:00:00   4.7864e-01   1.0936e+02   9.4950e+00   0.0000e+00   1.9814e-03   2.5500e+02
20260301_09:00:00   4.9081e-01   1.1121e+02   9.6867e+00   0.0000e+00   4.0143e-02   2.5592e+02
20260301_12:00:00   4.9448e-01   1.1124e+02   9.9319e+00   0.0000e+00   6.4134e-03   2.5626e+02
20260301_15:00:00   4.6762e-01   1.0659e+02   9.4469e+00   0.0000e+00   1.5049e-02   2.5619e+02
20260301_18:00:00   4.5616e-01   1.0442e+02   9.2883e+00   0.0000e+00   4.8375e-02   2.5779e+02
20260301_21:00:00   4.5877e-01   1.0539e+02   9.1819e+00   0.0000e+00   3.4914e-02   2.5817e+02
20260302_00:00:00   4.7123e-01   1.0759e+02   9.4490e+00   0.0000e+00   1.7661e-02   2.5795e+02
20260302_03:00:00   4.4568e-01   1.0344e+02   8.8589e+00   0.0000e+00   6.9397e-03   2.5870e+02
20260302_06:00:00   4.4371e-01   1.0306e+02   8.8224e+00   0.0000e+00   5.6222e-03   2.5815e+02
20260302_09:00:00   4.1025e-01   9.7307e+01   8.0479e+00   0.0000e+00   2.3735e-03   2.5861e+02
20260302_12:00:00   3.5754e-01   8.7386e+01   7.0158e+00   0.0000e+00   9.0113e-03   2.5769e+02
20260302_15:00:00   3.0895e-01   7.7690e+01   6.0911e+00   0.0000e+00   3.2373e-03   2.6019e+02
20260302_18:00:00   3.3583e-01   8.2805e+01   6.6427e+00   0.0000e+00   2.1768e-03   2.6322e+02
20260302_21:00:00   4.8497e-01   1.0977e+02   9.4355e+00   0.0000e+00   3.7208e-02   2.6414e+02
20260303_00:00:00   5.5359e-01   1.2114e+02   1.0552e+01   0.0000e+00   5.7725e-03   2.6551e+02
20260303_03:00:00   5.6280e-01   1.2228e+02   1.0871e+01   0.0000e+00   7.1160e-06   2.6563e+02
20260303_06:00:00   5.6578e-01   1.2236e+02   1.0868e+01   0.0000e+00   1.2057e-01   2.6777e+02
20260303_09:00:00   5.0948e-01   1.1304e+02   9.8801e+00   0.0000e+00   1.1789e-01   2.7181e+02
20260303_12:00:00   4.3167e-01   9.9944e+01   8.2421e+00   0.0000e+00   3.2749e-04   2.8255e+02
20260303_15:00:00   3.0332e-01   7.5882e+01   5.8040e+00   0.0000e+00   0.0000e+00   2.8132e+02
20260303_18:00:00   2.1921e-01   5.8003e+01   4.2860e+00   0.0000e+00   0.0000e+00   2.8266e+02
20260303_21:00:00   2.4179e-01   6.2337e+01   4.9625e+00   0.0000e+00   1.8940e-03   2.7966e+02
20260304_00:00:00   3.3514e-01   8.1985e+01   6.6603e+00   0.0000e+00   2.3465e-03   2.7409e+02
20260304_03:00:00   3.9700e-01   9.3078e+01   8.1088e+00   0.0000e+00   8.0358e-03   2.7191e+02
20260304_06:00:00   4.0603e-01   9.4621e+01   8.3301e+00   0.0000e+00   2.9411e-02   2.7015e+02
20260304_09:00:00   3.8858e-01   9.1196e+01   8.0661e+00   0.0000e+00   1.4273e-02   2.6848e+02
20260304_12:00:00   3.7916e-01   8.9726e+01   7.7320e+00   0.0000e+00   1.1415e-02   2.6788e+02
20260304_15:00:00   4.0284e-01   9.3924e+01   8.1663e+00   0.0000e+00   9.0365e-03   2.6709e+02
20260304_18:00:00   5.0748e-01   1.1115e+02   1.0382e+01   0.0000e+00   4.2924e-03   2.6664e+02
20260304_21:00:00   4.5579e-01   1.0311e+02   9.3639e+00   0.0000e+00   7.7410e-04   2.6659e+02
20260305_00:00:00   4.1047e-01   9.5814e+01   8.4007e+00   0.0000e+00   4.4720e-06   2.6481e+02
20260305_03:00:00   3.8084e-01   9.0816e+01   7.7389e+00   0.0000e+00   0.0000e+00   2.6379e+02
20260305_06:00:00   3.2043e-01   7.9348e+01   6.5633e+00   0.0000e+00   0.0000e+00   2.6448e+02
20260305_09:00:00   2.9288e-01   7.3657e+01   6.0455e+00   0.0000e+00   0.0000e+00   2.6453e+02
20260305_12:00:00   2.9382e-01   7.3664e+01   6.1298e+00   0.0000e+00   0.0000e+00   2.6493e+02
20260305_15:00:00   2.8816e-01   7.2398e+01   6.0876e+00   0.0000e+00   3.9200e-05   2.6596e+02
20260305_18:00:00   2.9727e-01   7.4394e+01   6.2879e+00   0.0000e+00   0.0000e+00   2.6738e+02
20260305_21:00:00   3.7823e-01   9.0236e+01   7.9185e+00   0.0000e+00   1.6560e-05   2.6677e+02
20260306_00:00:00   4.6968e-01   1.0644e+02   9.8262e+00   0.0000e+00   6.0460e-05   2.6670e+02
20260306_03:00:00   4.8691e-01   1.0926e+02   1.0190e+01   0.0000e+00   1.3786e-05   2.6646e+02
20260306_06:00:00   4.5227e-01   1.0337e+02   9.5290e+00   0.0000e+00   3.8256e-04   2.6811e+02
20260306_09:00:00   4.3637e-01   1.0093e+02   9.1196e+00   0.0000e+00   3.8080e-06   2.7096e+02
20260306_12:00:00   4.3238e-01   1.0019e+02   8.9447e+00   0.0000e+00   4.7040e-05   2.7115e+02
20260306_15:00:00   4.3667e-01   1.0065e+02   9.0641e+00   0.0000e+00   1.3008e-03   2.7246e+02
20260306_18:00:00   4.2529e-01   9.8379e+01   8.8989e+00   0.0000e+00   2.8699e-03   2.7311e+02
20260306_21:00:00   4.8565e-01   1.0856e+02   1.0105e+01   0.0000e+00   3.9656e-03   2.7494e+02
20260307_00:00:00   5.0791e-01   1.1217e+02   1.0527e+01   0.0000e+00   2.3227e-03   2.8484e+02
20260307_03:00:00   3.6518e-01   8.7552e+01   7.5840e+00   0.0000e+00   1.3393e-02   2.9255e+02
20260307_06:00:00   3.3241e-01   8.1250e+01   6.8437e+00   0.0000e+00   6.2853e-03   2.9958e+02
20260307_09:00:00   3.5091e-01   8.4563e+01   7.1955e+00   0.0000e+00   5.6534e-02   2.9442e+02
20260307_12:00:00   4.4204e-01   1.0036e+02   9.0080e+00   0.0000e+00   2.7040e-01   2.9568e+02
20260307_15:00:00   3.9102e-01   9.2677e+01   7.5710e+00   0.0000e+00   3.3802e-04   2.9471e+02
20260307_18:00:00   2.5431e-01   6.4520e+01   5.2341e+00   0.0000e+00   7.2278e-03   2.9482e+02
20260307_21:00:00   3.5842e-01   8.5769e+01   7.1332e+00   0.0000e+00   1.5212e-03   2.9151e+02
20260308_00:00:00   3.2993e-01   8.0773e+01   6.4915e+00   0.0000e+00   0.0000e+00   2.8873e+02
20260308_03:00:00   2.1925e-01   5.7224e+01   4.5066e+00   0.0000e+00   0.0000e+00   2.8334e+02
20260308_06:00:00   2.2476e-01   5.9161e+01   4.4361e+00   0.0000e+00   0.0000e+00   2.8448e+02
