#            date       tau255        Tb[K]      pwv[mm] lwp[kg*m^-2] iwp[kg*m^-2]       o3[DU]
20240226_18:00:00   4.5400e-01   1.0553e+02   9.1077e+00   0.0000e+00   1.4456e-04   2.5224e+02
20240226_19:00:00   4.7175e-01   1.0854e+02   9.5031e+00   0.0000e+00   1.9850e-04   2.5262e+02
20240226_20:00:00   4.9021e-01   1.1160e+02   9.9050e+00   0.0000e+00   8.5280e-05   2.5300e+02
20240226_21:00:00   5.0671e-01   1.1430e+02   1.0305e+01   0.0000e+00   6.9260e-05   2.5262e+02
20240226_22:00:00   5.1415e-01   1.1549e+02   1.0507e+01   0.0000e+00   6.7700e-05   2.5355e+02
20240226_23:00:00   5.3443e-01   1.1876e+02   1.0900e+01   0.0000e+00   3.8060e-05   2.5575e+02
20240227_00:00:00   5.5084e-01   1.2124e+02   1.1276e+01   0.0000e+00   2.1120e-05   2.5433e+02
20240227_01:00:00   5.6131e-01   1.2272e+02   1.1571e+01   0.0000e+00   1.5500e-05   2.5169e+02
20240227_02:00:00   5.6696e-01   1.2355e+02   1.1756e+01   0.0000e+00   0.0000e+00   2.5163e+02
20240227_03:00:00   5.6206e-01   1.2273e+02   1.1716e+01   0.0000e+00   0.0000e+00   2.5112e+02
20240227_04:00:00   5.5528e-01   1.2163e+02   1.1610e+01   0.0000e+00   0.0000e+00   2.5035e+02
20240227_05:00:00   5.4806e-01   1.2049e+02   1.1462e+01   0.0000e+00   0.0000e+00   2.5030e+02
20240227_06:00:00   5.3748e-01   1.1876e+02   1.1234e+01   0.0000e+00   0.0000e+00   2.5035e+02
20240227_07:00:00   5.3276e-01   1.1797e+02   1.1125e+01   0.0000e+00   8.1560e-06   2.4889e+02
20240227_08:00:00   5.2767e-01   1.1718e+02   1.0969e+01   0.0000e+00   4.7880e-05   2.5039e+02
20240227_09:00:00   5.3092e-01   1.1773e+02   1.0982e+01   0.0000e+00   4.1360e-05   2.5175e+02
20240227_10:00:00   5.3183e-01   1.1795e+02   1.0961e+01   0.0000e+00   7.0537e-05   2.5324e+02
20240227_11:00:00   5.3770e-01   1.1897e+02   1.1078e+01   0.0000e+00   1.4684e-05   2.5424e+02
20240227_12:00:00   5.4217e-01   1.1972e+02   1.1200e+01   0.0000e+00   1.1082e-04   2.5482e+02
20240227_13:00:00   5.4909e-01   1.2081e+02   1.1237e+01   0.0000e+00   2.6480e-04   2.5440e+02
20240227_14:00:00   5.6378e-01   1.2328e+02   1.1422e+01   8.1710e-07   1.6462e-04   2.5335e+02
20240227_15:00:00   6.0913e-01   1.3037e+02   1.1874e+01   4.0010e-03   1.8722e-05   2.5128e+02
20240227_16:00:00   7.4224e-01   1.4944e+02   1.2501e+01   3.5608e-02   2.8960e-06   2.5282e+02
20240227_17:00:00   9.4620e-01   1.7427e+02   1.2707e+01   1.0651e-01   1.7620e-05   2.5120e+02
20240227_18:00:00   1.1895e+00   1.9791e+02   1.2855e+01   1.9570e-01   3.0384e-05   2.5032e+02
20240227_19:00:00   7.2859e-01   1.4787e+02   1.1831e+01   4.7190e-02   4.8700e-05   2.5074e+02
20240227_20:00:00   5.0952e-01   1.1478e+02   1.0478e+01   0.0000e+00   5.7920e-05   2.5168e+02
20240227_21:00:00   4.6845e-01   1.0772e+02   9.8819e+00   0.0000e+00   5.4640e-06   2.5117e+02
20240227_22:00:00   4.4563e-01   1.0366e+02   9.5296e+00   0.0000e+00   5.7080e-06   2.4921e+02
20240227_23:00:00   4.3311e-01   1.0135e+02   9.3116e+00   0.0000e+00   8.1940e-05   2.4971e+02
20240228_00:00:00   4.3169e-01   1.0106e+02   9.2763e+00   0.0000e+00   3.0000e-05   2.5179e+02
20240228_01:00:00   4.3763e-01   1.0213e+02   9.3844e+00   0.0000e+00   0.0000e+00   2.5270e+02
20240228_02:00:00   4.4584e-01   1.0366e+02   9.4765e+00   0.0000e+00   9.9860e-05   2.5198e+02
20240228_03:00:00   4.6402e-01   1.0684e+02   9.7619e+00   0.0000e+00   1.6868e-05   2.4969e+02
20240228_04:00:00   4.8497e-01   1.1058e+02   1.0093e+01   0.0000e+00   0.0000e+00   2.4913e+02
20240228_05:00:00   5.1204e-01   1.1524e+02   1.0476e+01   0.0000e+00   1.3702e-05   2.4984e+02
20240228_06:00:00   5.4420e-01   1.2059e+02   1.0935e+01   0.0000e+00   2.3699e-05   2.4905e+02
20240228_07:00:00   5.7058e-01   1.2487e+02   1.1339e+01   0.0000e+00   1.1805e-04   2.4883e+02
20240228_08:00:00   6.1032e-01   1.3099e+02   1.1984e+01   0.0000e+00   1.9745e-04   2.4851e+02
20240228_09:00:00   6.4851e-01   1.3665e+02   1.2644e+01   0.0000e+00   4.5461e-04   2.4788e+02
20240228_10:00:00   6.9418e-01   1.4309e+02   1.3437e+01   0.0000e+00   3.1983e-04   2.5113e+02
20240228_11:00:00   7.3435e-01   1.4847e+02   1.4221e+01   0.0000e+00   1.3255e-03   2.5146e+02
20240228_12:00:00   7.6796e-01   1.5284e+02   1.4841e+01   0.0000e+00   8.2151e-04   2.4946e+02
20240228_13:00:00   8.1391e-01   1.5864e+02   1.5504e+01   0.0000e+00   1.3806e-04   2.4978e+02
20240228_14:00:00   8.5226e-01   1.6331e+02   1.5881e+01   1.5710e-03   2.5825e-05   2.4993e+02
20240228_15:00:00   9.0675e-01   1.6989e+02   1.6166e+01   1.1325e-02   2.6404e-04   2.4819e+02
20240228_16:00:00   9.5743e-01   1.7538e+02   1.7345e+01   3.4760e-03   1.6918e-03   2.4824e+02
20240228_17:00:00   1.0621e+00   1.8568e+02   1.9401e+01   1.7220e-03   3.1234e-03   2.4878e+02
20240228_18:00:00   1.1305e+00   1.9183e+02   2.0753e+01   3.2040e-05   4.1165e-03   2.5022e+02
20240228_19:00:00   1.1475e+00   1.9331e+02   2.1078e+01   0.0000e+00   3.9935e-03   2.5176e+02
20240228_20:00:00   1.1260e+00   1.9142e+02   2.0746e+01   0.0000e+00   5.3832e-03   2.5329e+02
20240228_21:00:00   1.1186e+00   1.9064e+02   2.0856e+01   0.0000e+00   5.1059e-03   2.5457e+02
20240228_22:00:00   1.0699e+00   1.8605e+02   2.0113e+01   0.0000e+00   3.0154e-03   2.5500e+02
20240228_23:00:00   1.0446e+00   1.8357e+02   1.9663e+01   0.0000e+00   3.9550e-03   2.5517e+02
20240229_00:00:00   1.0610e+00   1.8499e+02   2.0060e+01   0.0000e+00   1.4646e-02   2.5627e+02
20240229_01:00:00   1.1056e+00   1.8905e+02   2.0858e+01   0.0000e+00   2.1671e-02   2.5649e+02
20240229_02:00:00   1.1807e+00   1.9549e+02   2.1996e+01   0.0000e+00   2.5439e-02   2.5391e+02
20240229_03:00:00   1.2391e+00   2.0018e+02   2.2896e+01   0.0000e+00   3.1687e-02   2.5211e+02
20240229_04:00:00   1.2630e+00   2.0200e+02   2.3412e+01   0.0000e+00   3.3164e-02   2.5075e+02
20240229_05:00:00   1.2999e+00   2.0473e+02   2.3910e+01   0.0000e+00   1.6396e-02   2.5075e+02
20240229_06:00:00   1.2947e+00   2.0435e+02   2.3787e+01   0.0000e+00   3.9370e-03   2.5118e+02
20240229_07:00:00   1.2858e+00   2.0373e+02   2.3645e+01   0.0000e+00   4.4630e-03   2.5207e+02
20240229_08:00:00   1.2981e+00   2.0470e+02   2.3905e+01   0.0000e+00   4.0742e-02   2.5246e+02
20240229_09:00:00   1.3098e+00   2.0548e+02   2.3992e+01   0.0000e+00   1.1023e-01   2.5425e+02
20240229_10:00:00   1.2898e+00   2.0415e+02   2.3530e+01   0.0000e+00   1.9777e-02   2.5454e+02
20240229_11:00:00   1.2874e+00   2.0421e+02   2.3305e+01   0.0000e+00   2.1281e-03   2.5385e+02
20240229_12:00:00   1.3200e+00   2.0664e+02   2.3896e+01   0.0000e+00   2.7696e-03   2.5511e+02
20240229_13:00:00   1.3447e+00   2.0848e+02   2.4338e+01   1.2510e-06   1.3345e-02   2.5394e+02
20240229_14:00:00   1.3819e+00   2.1106e+02   2.4983e+01   8.7890e-07   9.4121e-02   2.5265e+02
20240229_15:00:00   1.3739e+00   2.1064e+02   2.4859e+01   6.4440e-07   1.1986e-01   2.5434e+02
20240229_16:00:00   1.3567e+00   2.0950e+02   2.4601e+01   0.0000e+00   1.1080e-01   2.5552e+02
20240229_17:00:00   1.3588e+00   2.0965e+02   2.4633e+01   0.0000e+00   1.7423e-01   2.5476e+02
20240229_18:00:00   1.3971e+00   2.1224e+02   2.5327e+01   0.0000e+00   2.0553e-01   2.5363e+02
20240229_19:00:00   1.3961e+00   2.1225e+02   2.5258e+01   0.0000e+00   1.4028e-01   2.5327e+02
20240229_20:00:00   1.4220e+00   2.1395e+02   2.5637e+01   0.0000e+00   1.4565e-01   2.5420e+02
20240229_21:00:00   1.4528e+00   2.1582e+02   2.6120e+01   5.8342e-04   3.2048e-01   2.5360e+02
20240229_22:00:00   1.3574e+00   2.0939e+02   2.4747e+01   0.0000e+00   2.6261e-01   2.5426e+02
20240229_23:00:00   1.3079e+00   2.0575e+02   2.4051e+01   0.0000e+00   1.6453e-01   2.5471e+02
20240301_00:00:00   1.2624e+00   2.0244e+02   2.3535e+01   0.0000e+00   1.7258e-01   2.5356e+02
20240301_01:00:00   1.2692e+00   2.0292e+02   2.3624e+01   0.0000e+00   1.3748e-01   2.5547e+02
20240301_02:00:00   1.2912e+00   2.0445e+02   2.3862e+01   0.0000e+00   9.1760e-02   2.5596e+02
20240301_03:00:00   1.3095e+00   2.0568e+02   2.4058e+01   0.0000e+00   6.4383e-02   2.5324e+02
20240301_04:00:00   1.3283e+00   2.0694e+02   2.4293e+01   0.0000e+00   6.3161e-02   2.5335e+02
20240301_05:00:00   1.3295e+00   2.0701e+02   2.4324e+01   0.0000e+00   1.3929e-01   2.5484e+02
20240301_06:00:00   1.3517e+00   2.0834e+02   2.4696e+01   0.0000e+00   2.4696e-01   2.5481e+02
20240301_07:00:00   1.3446e+00   2.0768e+02   2.4648e+01   4.9860e-04   2.7938e-01   2.5670e+02
20240301_08:00:00   1.3112e+00   2.0525e+02   2.4212e+01   5.6500e-04   1.1659e-01   2.5591e+02
20240301_09:00:00   1.3506e+00   2.0795e+02   2.4747e+01   1.2773e-03   1.5712e-01   2.5664e+02
20240301_10:00:00   1.4080e+00   2.1193e+02   2.5281e+01   7.7121e-03   3.3972e-01   2.5837e+02
20240301_11:00:00   1.4266e+00   2.1315e+02   2.5463e+01   8.9485e-03   4.2824e-01   2.5752e+02
20240301_12:00:00   1.3589e+00   2.0882e+02   2.4706e+01   2.1580e-03   3.2749e-01   2.5723e+02
20240301_13:00:00   1.3009e+00   2.0486e+02   2.4020e+01   0.0000e+00   7.0712e-02   2.5574e+02
20240301_14:00:00   1.2496e+00   2.0118e+02   2.3209e+01   0.0000e+00   4.0319e-03   2.5511e+02
20240301_15:00:00   1.2412e+00   2.0065e+02   2.2987e+01   7.7390e-04   1.2175e-03   2.5483e+02
20240301_16:00:00   1.4166e+00   2.1299e+02   2.4430e+01   3.9161e-02   7.5041e-02   2.5666e+02
20240301_17:00:00   1.4226e+00   2.1337e+02   2.5229e+01   1.8741e-02   2.5493e-01   2.5840e+02
20240301_18:00:00   1.3094e+00   2.0564e+02   2.4184e+01   0.0000e+00   3.2620e-02   2.5754e+02
20240301_19:00:00   1.3081e+00   2.0541e+02   2.3907e+01   6.1038e-03   1.9041e-02   2.5988e+02
20240301_20:00:00   1.4767e+00   2.1647e+02   2.4535e+01   6.4459e-02   3.4659e-02   2.6051e+02
20240301_21:00:00   2.9003e+00   2.6343e+02   2.6597e+01   6.0692e-01   3.1210e-01   2.5833e+02
20240301_22:00:00   3.0106e+00   2.6511e+02   2.7472e+01   6.1257e-01   1.0413e+00   2.6090e+02
20240301_23:00:00   1.7333e+00   2.3003e+02   2.5479e+01   1.3840e-01   7.9468e-01   2.6232e+02
20240302_00:00:00   1.6294e+00   2.2474e+02   2.5723e+01   9.0100e-02   5.8147e-01   2.6152e+02
20240302_01:00:00   2.4187e+00   2.5409e+02   2.6449e+01   3.8875e-01   4.6833e-01   2.6125e+02
20240302_02:00:00   2.3674e+00   2.5255e+02   2.6260e+01   3.7411e-01   3.5325e-01   2.6074e+02
20240302_03:00:00   1.6305e+00   2.2519e+02   2.5832e+01   8.1249e-02   6.3459e-02   2.6131e+02
20240302_04:00:00   2.2881e+00   2.5067e+02   2.5739e+01   3.6114e-01   1.2327e-01   2.6050e+02
20240302_05:00:00   1.9994e+00   2.4112e+02   2.5022e+01   2.6550e-01   2.1144e-01   2.6140e+02
20240302_06:00:00   1.6496e+00   2.2574e+02   2.4477e+01   1.3219e-01   1.0195e-01   2.6116e+02
20240302_07:00:00   1.7729e+00   2.3172e+02   2.4696e+01   1.7701e-01   9.3934e-02   2.5941e+02
20240302_08:00:00   1.3271e+00   2.0585e+02   2.3808e+01   1.5211e-02   3.0503e-02   2.5977e+02
20240302_09:00:00   1.2149e+00   1.9732e+02   2.2606e+01   1.2200e-03   1.6148e-02   2.6071e+02
20240302_10:00:00   1.1734e+00   1.9405e+02   2.1919e+01   0.0000e+00   2.0596e-03   2.6015e+02
20240302_11:00:00   1.1746e+00   1.9427e+02   2.1672e+01   0.0000e+00   1.9681e-02   2.5754e+02
20240302_12:00:00   1.1436e+00   1.9177e+02   2.1079e+01   0.0000e+00   8.6239e-03   2.5904e+02
20240302_13:00:00   1.1106e+00   1.8899e+02   2.0487e+01   0.0000e+00   1.0290e-05   2.6017e+02
20240302_14:00:00   1.1458e+00   1.9203e+02   2.1042e+01   1.3190e-03   2.6236e-04   2.5898e+02
20240302_15:00:00   1.1963e+00   1.9617e+02   2.1985e+01   4.3570e-04   1.2212e-03   2.5715e+02
20240302_16:00:00   1.2424e+00   1.9980e+02   2.2740e+01   0.0000e+00   2.5566e-03   2.5706e+02
20240302_17:00:00   1.2723e+00   2.0212e+02   2.3184e+01   0.0000e+00   4.8406e-03   2.5575e+02
20240302_18:00:00   1.2697e+00   2.0191e+02   2.3055e+01   0.0000e+00   4.6821e-03   2.5709e+02
20240302_21:00:00   1.1574e+00   1.9295e+02   2.1097e+01   3.3330e-03   4.8588e-03   2.5556e+02
20240303_00:00:00   1.0405e+00   1.8229e+02   1.8997e+01   5.6080e-03   9.1512e-03   2.5644e+02
20240303_03:00:00   1.0476e+00   1.8261e+02   1.9353e+01   0.0000e+00   7.4957e-03   2.5746e+02
20240303_06:00:00   9.8646e-01   1.7678e+02   1.7981e+01   1.8323e-04   1.5926e-04   2.5440e+02
20240303_09:00:00   9.1292e-01   1.6928e+02   1.6400e+01   7.3380e-04   3.6987e-03   2.5530e+02
20240303_12:00:00   8.3129e-01   1.6039e+02   1.4609e+01   1.9889e-04   4.2001e-03   2.5489e+02
20240303_15:00:00   8.2823e-01   1.6048e+02   1.3355e+01   2.1304e-02   9.7039e-04   2.5698e+02
20240303_18:00:00   8.2811e-01   1.6069e+02   1.3330e+01   2.5814e-02   2.8824e-03   2.5884e+02
20240303_21:00:00   8.2704e-01   1.6024e+02   1.4430e+01   3.2722e-04   3.1002e-04   2.5864e+02
20240304_00:00:00   8.5295e-01   1.6352e+02   1.3759e+01   2.1710e-02   0.0000e+00   2.5847e+02
20240304_03:00:00   7.2550e-01   1.4746e+02   1.2545e+01   0.0000e+00   0.0000e+00   2.5806e+02
20240304_06:00:00   7.0008e-01   1.4390e+02   1.2355e+01   0.0000e+00   0.0000e+00   2.5837e+02
20240304_09:00:00   7.0262e-01   1.4418e+02   1.2525e+01   0.0000e+00   0.0000e+00   2.5778e+02
20240304_12:00:00   7.7304e-01   1.5349e+02   1.3683e+01   0.0000e+00   0.0000e+00   2.5786e+02
20240304_15:00:00   9.3029e-01   1.7206e+02   1.6288e+01   1.5840e-03   0.0000e+00   2.5708e+02
20240304_18:00:00   1.0437e+00   1.8323e+02   1.8976e+01   6.6870e-06   1.3311e-03   2.5658e+02
20240304_21:00:00   1.1307e+00   1.9109e+02   2.0560e+01   0.0000e+00   9.7347e-04   2.5492e+02
20240305_00:00:00   1.1421e+00   1.9234e+02   2.0150e+01   0.0000e+00   1.0606e-05   2.5431e+02
20240305_03:00:00   1.2135e+00   1.9806e+02   2.1135e+01   1.2428e-04   2.7450e-05   2.5349e+02
20240305_06:00:00   1.2966e+00   2.0409e+02   2.2487e+01   3.3020e-03   3.8006e-04   2.5250e+02
20240305_09:00:00   1.8343e+00   2.3534e+02   2.3264e+01   2.0210e-01   4.6124e-04   2.5255e+02
20240305_12:00:00   1.2841e+00   2.0324e+02   2.1308e+01   3.0977e-02   6.0621e-05   2.5253e+02
20240305_15:00:00   1.3038e+00   2.0466e+02   2.1182e+01   4.9335e-02   1.0551e-03   2.5150e+02
20240305_18:00:00   1.1642e+00   1.9374e+02   2.1091e+01   2.2103e-03   3.6587e-03   2.5173e+02
20240305_21:00:00   1.1340e+00   1.9069e+02   2.0984e+01   1.6825e-03   3.5081e-02   2.5176e+02
20240306_00:00:00   1.1078e+00   1.8820e+02   2.0440e+01   1.3918e-03   1.1446e-02   2.5169e+02
20240306_03:00:00   1.0883e+00   1.8602e+02   2.0404e+01   0.0000e+00   3.5514e-03   2.5015e+02
20240306_06:00:00   1.1610e+00   1.9261e+02   2.1215e+01   2.0160e-04   9.3978e-05   2.5019e+02
20240306_09:00:00   1.2701e+00   2.0124e+02   2.1951e+01   2.6822e-02   1.3030e-03   2.5062e+02
20240306_12:00:00   1.1563e+00   1.9217e+02   2.1428e+01   0.0000e+00   3.3104e-03   2.4916e+02
20240306_15:00:00   1.1761e+00   1.9406e+02   2.1903e+01   2.3786e-04   3.4832e-02   2.4698e+02
20240306_18:00:00   1.2494e+00   1.9993e+02   2.3170e+01   1.5799e-03   2.3518e-01   2.4628e+02
20240306_21:00:00   1.3347e+00   2.0632e+02   2.2933e+01   4.5367e-02   1.1638e-01   2.4727e+02
20240307_00:00:00   1.1832e+00   1.9454e+02   2.2104e+01   4.4700e-03   5.2551e-03   2.4885e+02
20240307_03:00:00   1.1391e+00   1.9078e+02   2.1485e+01   0.0000e+00   1.9603e-02   2.4890e+02
20240307_06:00:00   8.2266e-01   1.5799e+02   1.6322e+01   0.0000e+00   2.6589e-04   2.4891e+02
20240307_09:00:00   6.3035e-01   1.3226e+02   1.3123e+01   0.0000e+00   0.0000e+00   2.4846e+02
20240307_12:00:00   6.0693e-01   1.2899e+02   1.2694e+01   0.0000e+00   0.0000e+00   2.4804e+02
20240307_15:00:00   5.9958e-01   1.2813e+02   1.2499e+01   0.0000e+00   0.0000e+00   2.4754e+02
20240307_18:00:00   6.3827e-01   1.3424e+02   1.2886e+01   4.5720e-03   0.0000e+00   2.4543e+02
20240307_21:00:00   5.4895e-01   1.2064e+02   1.1451e+01   2.1802e-03   0.0000e+00   2.4544e+02
20240308_00:00:00   5.4175e-01   1.1969e+02   1.1253e+01   0.0000e+00   0.0000e+00   2.4535e+02
20240308_03:00:00   5.9432e-01   1.2823e+02   1.1863e+01   0.0000e+00   0.0000e+00   2.4571e+02
20240308_06:00:00   5.0882e-01   1.1455e+02   1.0245e+01   0.0000e+00   2.7240e-05   2.4606e+02
20240308_09:00:00   4.0063e-01   9.5795e+01   8.2296e+00   0.0000e+00   2.8040e-04   2.4832e+02
20240308_12:00:00   3.4940e-01   8.6122e+01   7.3183e+00   0.0000e+00   1.0514e-04   2.4605e+02
20240308_15:00:00   3.3313e-01   8.3033e+01   7.0401e+00   4.5510e-07   3.4660e-05   2.4530e+02
20240308_18:00:00   3.5089e-01   8.6691e+01   7.3044e+00   3.5460e-04   2.4880e-05   2.4581e+02
20240308_21:00:00   3.2118e-01   8.0678e+01   6.8635e+00   0.0000e+00   2.2400e-03   2.4693e+02
20240309_00:00:00   3.2549e-01   8.1499e+01   6.9334e+00   0.0000e+00   8.5892e-04   2.4547e+02
20240309_03:00:00   3.1841e-01   8.0111e+01   6.7470e+00   0.0000e+00   6.5020e-04   2.4676e+02
20240309_06:00:00   3.0368e-01   7.7081e+01   6.4563e+00   0.0000e+00   3.1426e-04   2.4784e+02
20240309_09:00:00   3.0631e-01   7.7644e+01   6.4451e+00   0.0000e+00   5.7080e-06   2.4726e+02
20240309_12:00:00   3.0416e-01   7.7290e+01   6.3578e+00   0.0000e+00   1.8642e-05   2.4684e+02
20240309_15:00:00   2.9886e-01   7.6381e+01   6.2374e+00   0.0000e+00   0.0000e+00   2.4611e+02
20240309_18:00:00   5.8101e-01   1.2799e+02   8.4930e+00   5.2983e-02   0.0000e+00   2.4586e+02
20240309_21:00:00   3.3705e-01   8.3998e+01   7.0659e+00   0.0000e+00   0.0000e+00   2.4456e+02
20240310_00:00:00   3.3137e-01   8.2807e+01   6.9245e+00   0.0000e+00   0.0000e+00   2.4610e+02
20240310_03:00:00   3.4886e-01   8.6247e+01   7.1497e+00   0.0000e+00   0.0000e+00   2.4610e+02
20240310_06:00:00   3.2301e-01   8.1051e+01   6.6675e+00   0.0000e+00   6.1860e-06   2.4574e+02
20240310_09:00:00   2.8879e-01   7.3960e+01   6.0881e+00   0.0000e+00   6.5260e-06   2.4810e+02
20240310_12:00:00   2.8309e-01   7.2880e+01   5.9458e+00   0.0000e+00   0.0000e+00   2.4570e+02
20240310_15:00:00   4.0790e-01   9.7809e+01   7.7298e+00   5.0333e-03   0.0000e+00   2.4627e+02
20240310_18:00:00   8.7932e-01   1.6784e+02   1.1517e+01   9.7140e-02   2.7860e-04   2.4536e+02
20240310_21:00:00   7.2036e-01   1.4667e+02   1.3556e+01   6.9120e-03   2.0909e-03   2.4479e+02
20240311_00:00:00   6.4554e-01   1.3617e+02   1.2879e+01   0.0000e+00   4.5520e-05   2.4607e+02
20240311_03:00:00   6.7620e-01   1.4056e+02   1.3125e+01   0.0000e+00   1.4234e-05   2.4534e+02
20240311_06:00:00   5.6945e-01   1.2464e+02   1.1261e+01   0.0000e+00   1.0638e-04   2.4617e+02
20240311_09:00:00   4.6250e-01   1.0688e+02   9.4412e+00   0.0000e+00   1.2678e-03   2.4684e+02
20240311_12:00:00   4.1887e-01   9.9048e+01   8.7561e+00   0.0000e+00   6.4520e-04   2.4724e+02
20240311_15:00:00   5.2499e-01   1.1808e+02   9.3715e+00   2.0796e-02   1.5124e-04   2.4772e+02
20240311_18:00:00   5.3633e-01   1.1990e+02   1.0178e+01   6.5620e-03   8.0957e-05   2.4699e+02
20240311_21:00:00   4.8430e-01   1.1098e+02   9.8521e+00   0.0000e+00   0.0000e+00   2.4728e+02
20240312_00:00:00   4.5090e-01   1.0501e+02   9.3319e+00   0.0000e+00   2.2191e-06   2.5217e+02
20240312_03:00:00   4.4135e-01   1.0331e+02   9.0599e+00   0.0000e+00   3.8380e-05   2.5057e+02
20240312_06:00:00   4.3737e-01   1.0243e+02   9.0478e+00   0.0000e+00   1.7454e-05   2.5234e+02
20240312_09:00:00   3.7152e-01   9.0104e+01   7.8904e+00   0.0000e+00   8.7450e-06   2.5076e+02
20240312_12:00:00   3.3702e-01   8.3258e+01   7.3834e+00   0.0000e+00   0.0000e+00   2.5351e+02
20240312_15:00:00   3.9847e-01   9.4994e+01   8.6121e+00   0.0000e+00   0.0000e+00   2.5025e+02
20240312_18:00:00   6.3499e-01   1.3466e+02   1.2006e+01   1.2316e-02   0.0000e+00   2.4932e+02
20240312_21:00:00   7.2813e-01   1.4791e+02   1.4018e+01   0.0000e+00   1.3636e-04   2.4828e+02
20240313_00:00:00   8.9767e-01   1.6837e+02   1.6671e+01   0.0000e+00   1.5707e-04   2.4583e+02
20240313_03:00:00   8.5852e-01   1.6344e+02   1.6486e+01   0.0000e+00   6.7065e-04   2.4765e+02
20240313_06:00:00   9.3176e-01   1.7139e+02   1.7679e+01   0.0000e+00   6.4833e-04   2.4394e+02
20240313_09:00:00   8.7500e-01   1.6534e+02   1.6507e+01   0.0000e+00   2.3180e-06   2.4494e+02
20240313_12:00:00   8.7927e-01   1.6597e+02   1.6642e+01   4.1960e-08   1.2974e-05   2.4735e+02
20240313_15:00:00   9.9146e-01   1.7790e+02   1.8836e+01   4.9440e-05   9.7684e-04   2.4830e+02
20240313_18:00:00   1.2134e+00   1.9839e+02   2.1772e+01   1.1195e-02   3.3085e-03   2.4886e+02
