#            date       tau255        Tb[K]      pwv[mm] lwp[kg*m^-2] iwp[kg*m^-2]       o3[DU]
20250214_06:00:00   6.6043e-01   1.3298e+02   9.4401e+00   9.3324e-02   2.0446e-02   2.5318e+02
20250214_07:00:00   1.1279e+00   1.8461e+02   9.7717e+00   2.8400e-01   6.8251e-02   2.5402e+02
20250214_08:00:00   8.5839e-01   1.5811e+02   1.0139e+01   1.5822e-01   1.7342e-01   2.5394e+02
20250214_09:00:00   7.8123e-01   1.4889e+02   1.0429e+01   1.1871e-01   3.1397e-01   2.5360e+02
20250214_10:00:00   5.7078e-01   1.1968e+02   1.0352e+01   3.5079e-02   2.7615e-01   2.5420e+02
20250214_11:00:00   4.6849e-01   1.0332e+02   1.0073e+01   1.5563e-03   8.4081e-02   2.5584e+02
20250214_12:00:00   4.5083e-01   1.0050e+02   9.7991e+00   5.3630e-06   3.1179e-02   2.5690e+02
20250214_13:00:00   4.7163e-01   1.0406e+02   1.0050e+01   1.8773e-03   8.1723e-03   2.5680e+02
20250214_14:00:00   5.0151e-01   1.0913e+02   1.0137e+01   1.3015e-02   1.7247e-03   2.5449e+02
20250214_15:00:00   8.2388e-01   1.5368e+02   1.0535e+01   1.4224e-01   4.6982e-03   2.5310e+02
20250214_16:00:00   6.2189e-01   1.2735e+02   1.0960e+01   4.9598e-02   1.6923e-02   2.5320e+02
20250214_17:00:00   5.7273e-01   1.2008e+02   1.1357e+01   2.1145e-02   5.8586e-02   2.5348e+02
20250214_18:00:00   5.3899e-01   1.1479e+02   1.1674e+01   5.4659e-04   2.2514e-01   2.5369e+02
20250214_19:00:00   5.7856e-01   1.2077e+02   1.2035e+01   5.6915e-03   5.6004e-01   2.5494e+02
20250214_20:00:00   7.4521e-01   1.4423e+02   1.2284e+01   6.4672e-02   8.2891e-01   2.5534e+02
20250214_21:00:00   8.0051e-01   1.5116e+02   1.1881e+01   1.0187e-01   3.4720e-01   2.5413e+02
20250214_22:00:00   1.1106e+00   1.8302e+02   1.2003e+01   2.3097e-01   6.5596e-01   2.5272e+02
20250214_23:00:00   1.0438e+00   1.7724e+02   1.1280e+01   2.1396e-01   5.7336e-01   2.5116e+02
20250215_00:00:00   1.2923e+00   1.9821e+02   1.1295e+01   3.1773e-01   4.6508e-01   2.5111e+02
20250215_01:00:00   1.0557e+00   1.7814e+02   1.1492e+01   2.1239e-01   4.8570e-01   2.5176e+02
20250215_02:00:00   8.9827e-01   1.6168e+02   1.1486e+01   1.4507e-01   8.1265e-01   2.5326e+02
20250215_03:00:00   5.5069e-01   1.1594e+02   1.0882e+01   2.0048e-02   5.1562e-01   2.5340e+02
20250215_04:00:00   4.8026e-01   1.0463e+02   1.0433e+01   6.1036e-04   6.0637e-01   2.5254e+02
20250215_05:00:00   5.2400e-01   1.1164e+02   1.0346e+01   2.0260e-02   4.8438e-01   2.5318e+02
20250215_06:00:00   5.1706e-01   1.1078e+02   1.0099e+01   2.1306e-02   3.7573e-01   2.5281e+02
20250215_07:00:00   5.3832e-01   1.1434e+02   9.8484e+00   3.4668e-02   3.6395e-01   2.5246e+02
20250215_08:00:00   5.1187e-01   1.1033e+02   9.5103e+00   3.1256e-02   2.4537e-01   2.4988e+02
20250215_09:00:00   4.4315e-01   9.8842e+01   9.4511e+00   5.0340e-03   1.8963e-01   2.5161e+02
20250215_10:00:00   4.4437e-01   9.9151e+01   9.4517e+00   6.3460e-03   1.1509e-01   2.5287e+02
20250215_11:00:00   4.1360e-01   9.4031e+01   9.1443e+00   0.0000e+00   6.0328e-02   2.5249e+02
20250215_12:00:00   4.1023e-01   9.3450e+01   9.1008e+00   5.4260e-06   2.5970e-02   2.5354e+02
20250215_13:00:00   4.3360e-01   9.7516e+01   9.4186e+00   2.3728e-03   2.1206e-02   2.5396e+02
20250215_14:00:00   5.5637e-01   1.1772e+02   9.6622e+00   4.6717e-02   2.5316e-02   2.5524e+02
20250215_15:00:00   1.0971e+00   1.8113e+02   9.9519e+00   2.7228e-01   5.8488e-02   2.5523e+02
20250215_16:00:00   1.2267e+00   1.9268e+02   1.0089e+01   3.1994e-01   1.4293e-01   2.5435e+02
20250215_17:00:00   8.9310e-01   1.6228e+02   1.0278e+01   1.6959e-01   1.2578e-01   2.5316e+02
20250215_18:00:00   5.8945e-01   1.2297e+02   1.0527e+01   4.2454e-02   5.3231e-02   2.5226e+02
20250215_19:00:00   5.0271e-01   1.0926e+02   1.0613e+01   9.2299e-03   4.1579e-02   2.5262e+02
20250215_20:00:00   5.6280e-01   1.1844e+02   1.1144e+01   2.4684e-02   1.4363e-01   2.5525e+02
20250215_21:00:00   5.9410e-01   1.2332e+02   1.0912e+01   4.4040e-02   9.7078e-02   2.5710e+02
20250215_22:00:00   6.1689e-01   1.2684e+02   1.1023e+01   4.6692e-02   1.1826e-01   2.5666e+02
20250215_23:00:00   6.9267e-01   1.3663e+02   1.1807e+01   6.1769e-02   6.1093e-01   2.5730e+02
20250216_00:00:00   1.3199e+00   1.9963e+02   1.2246e+01   3.0416e-01   1.4270e+00   2.5676e+02
20250216_01:00:00   8.0593e-01   1.5072e+02   1.1836e+01   9.1348e-02   2.0813e+00   2.5591e+02
20250216_02:00:00   5.5413e-01   1.1623e+02   1.1468e+01   3.8918e-03   1.1375e+00   2.5570e+02
20250216_03:00:00   5.7971e-01   1.2020e+02   1.1342e+01   1.7230e-02   1.0403e+00   2.5425e+02
20250216_04:00:00   4.8506e-01   1.0546e+02   1.0507e+01   5.9893e-04   6.9039e-01   2.5322e+02
20250216_05:00:00   4.7921e-01   1.0448e+02   1.0273e+01   2.3765e-03   6.5451e-01   2.5190e+02
20250216_06:00:00   4.5543e-01   1.0062e+02   1.0027e+01   2.0020e-04   4.3621e-01   2.5202e+02
20250216_07:00:00   4.3095e-01   9.6704e+01   9.6867e+00   0.0000e+00   1.4151e-01   2.5235e+02
20250216_08:00:00   4.4755e-01   9.9520e+01   9.8739e+00   1.7721e-03   9.1489e-02   2.5353e+02
20250216_09:00:00   4.8159e-01   1.0513e+02   1.0152e+01   7.7730e-03   1.8687e-01   2.5405e+02
20250216_10:00:00   4.6211e-01   1.0197e+02   1.0063e+01   1.3221e-04   2.0067e-01   2.5327e+02
20250216_11:00:00   4.6637e-01   1.0275e+02   1.0100e+01   3.4055e-04   1.8678e-01   2.5525e+02
20250216_12:00:00   4.7582e-01   1.0461e+02   9.6761e+00   1.3238e-02   4.7508e-02   2.5619e+02
20250216_13:00:00   4.0675e-01   9.3122e+01   8.8554e+00   9.2560e-04   8.4778e-03   2.5395e+02
20250216_14:00:00   3.8915e-01   9.0231e+01   8.4243e+00   1.3377e-03   3.3474e-03   2.5376e+02
20250216_15:00:00   3.8373e-01   8.9356e+01   8.4179e+00   3.2019e-04   4.3187e-04   2.5326e+02
20250216_16:00:00   4.0403e-01   9.2980e+01   8.8707e+00   7.1107e-04   4.4931e-04   2.5346e+02
20250216_17:00:00   4.2399e-01   9.6400e+01   9.4102e+00   1.6078e-04   2.8411e-03   2.5273e+02
20250216_18:00:00   4.3679e-01   9.8550e+01   9.7586e+00   4.9780e-05   3.3516e-03   2.5227e+02
20250216_19:00:00   4.4242e-01   9.9487e+01   9.9387e+00   4.5036e-05   3.2501e-03   2.5272e+02
20250216_20:00:00   4.4332e-01   9.9754e+01   9.9369e+00   1.0332e-03   1.7674e-03   2.5471e+02
20250216_21:00:00   5.1196e-01   1.1090e+02   1.0326e+01   2.2512e-02   1.8294e-02   2.5608e+02
20250216_22:00:00   5.3750e-01   1.1477e+02   1.1199e+01   1.2277e-02   1.9008e-01   2.5669e+02
20250216_23:00:00   6.8264e-01   1.3606e+02   1.1643e+01   5.8962e-02   2.4042e-01   2.5585e+02
20250217_00:00:00   1.1069e+00   1.8299e+02   1.2204e+01   2.1921e-01   7.3210e-01   2.5636e+02
20250217_01:00:00   8.4753e-01   1.5619e+02   1.1736e+01   1.1954e-01   1.1193e+00   2.5707e+02
20250217_02:00:00   5.2387e-01   1.1217e+02   1.0974e+01   4.7796e-03   7.1057e-01   2.5501e+02
20250217_03:00:00   5.0151e-01   1.0882e+02   1.0473e+01   7.8296e-03   3.7322e-01   2.5491e+02
20250217_04:00:00   4.4792e-01   1.0025e+02   9.7435e+00   2.2662e-03   1.4324e-01   2.5318e+02
20250217_05:00:00   4.8775e-01   1.0639e+02   1.0572e+01   2.1728e-04   3.3962e-01   2.5386e+02
20250217_06:00:00   5.2939e-01   1.1298e+02   1.0997e+01   7.5930e-03   3.5981e-01   2.5407e+02
20250217_07:00:00   5.4773e-01   1.1574e+02   1.1147e+01   1.2238e-02   3.9601e-01   2.5454e+02
20250217_08:00:00   5.1698e-01   1.1080e+02   1.1099e+01   8.3615e-04   3.7274e-01   2.5482e+02
20250217_09:00:00   5.1647e-01   1.1065e+02   1.0989e+01   3.7432e-03   3.5867e-01   2.5576e+02
20250217_10:00:00   5.1789e-01   1.1077e+02   1.0834e+01   8.5300e-03   3.2221e-01   2.5640e+02
20250217_11:00:00   4.7620e-01   1.0425e+02   1.0497e+01   0.0000e+00   1.6664e-01   2.5561e+02
20250217_12:00:00   4.5568e-01   1.0099e+02   1.0179e+01   0.0000e+00   6.7185e-02   2.5718e+02
20250217_13:00:00   4.3953e-01   9.8446e+01   9.8794e+00   0.0000e+00   1.5047e-02   2.5779e+02
20250217_14:00:00   4.3611e-01   9.8067e+01   9.7814e+00   0.0000e+00   2.2141e-02   2.5708e+02
20250217_15:00:00   4.4745e-01   1.0022e+02   9.9487e+00   0.0000e+00   1.5090e-02   2.5671e+02
20250217_16:00:00   4.7670e-01   1.0521e+02   1.0332e+01   3.9660e-03   8.7075e-03   2.5579e+02
20250217_17:00:00   4.9916e-01   1.0881e+02   1.0863e+01   3.2018e-03   1.0182e-02   2.5621e+02
20250217_18:00:00   5.1522e-01   1.1127e+02   1.1349e+01   6.9873e-04   4.0526e-02   2.5519e+02
20250217_19:00:00   5.4887e-01   1.1650e+02   1.1683e+01   5.6300e-03   3.1640e-01   2.5393e+02
20250217_20:00:00   6.4523e-01   1.3086e+02   1.1953e+01   3.2134e-02   8.5772e-01   2.5474e+02
20250217_21:00:00   5.5521e-01   1.1708e+02   1.1106e+01   1.5725e-02   8.6422e-01   2.5522e+02
20250217_22:00:00   4.7183e-01   1.0420e+02   9.7625e+00   1.2243e-02   4.3495e-01   2.5393e+02
20250217_23:00:00   3.6880e-01   8.6738e+01   8.2192e+00   2.5198e-04   1.2700e-01   2.5367e+02
20250218_00:00:00   3.0975e-01   7.5908e+01   7.0391e+00   0.0000e+00   3.0021e-02   2.5067e+02
20250218_01:00:00   3.6916e-01   8.6934e+01   8.2291e+00   0.0000e+00   7.4521e-03   2.5205e+02
20250218_02:00:00   4.1814e-01   9.5459e+01   9.1967e+00   0.0000e+00   1.9737e-02   2.5327e+02
20250218_03:00:00   4.3868e-01   9.8897e+01   9.5746e+00   3.3390e-05   3.5457e-02   2.5297e+02
20250218_04:00:00   4.3203e-01   9.7694e+01   9.4408e+00   3.4680e-04   1.0867e-01   2.5379e+02
20250218_05:00:00   4.1567e-01   9.4797e+01   9.0967e+00   3.6340e-06   8.2724e-02   2.5311e+02
20250218_06:00:00   3.7560e-01   8.7820e+01   8.1247e+00   2.5125e-05   6.9564e-02   2.5433e+02
20250218_07:00:00   3.6006e-01   8.4986e+01   7.7960e+00   1.0480e-05   9.2851e-02   2.5348e+02
20250218_08:00:00   3.6983e-01   8.6709e+01   7.9958e+00   7.3780e-05   7.8809e-02   2.5238e+02
20250218_09:00:00   3.5379e-01   8.3840e+01   7.6275e+00   1.9380e-04   4.5449e-02   2.5110e+02
20250218_10:00:00   3.7895e-01   8.8326e+01   8.1131e+00   7.4950e-05   2.0860e-02   2.5150e+02
20250218_11:00:00   3.9066e-01   9.0365e+01   8.2835e+00   1.6923e-03   1.2224e-02   2.5183e+02
20250218_12:00:00   4.3308e-01   9.7717e+01   8.7605e+00   9.1330e-03   9.4854e-03   2.5243e+02
20250218_13:00:00   5.3595e-01   1.1469e+02   8.9017e+00   4.8607e-02   1.4085e-02   2.5112e+02
20250218_14:00:00   7.4369e-01   1.4403e+02   9.1029e+00   1.3140e-01   2.7784e-02   2.5173e+02
20250218_15:00:00   7.4841e-01   1.4470e+02   9.3577e+00   1.2729e-01   5.1784e-02   2.5076e+02
20250218_16:00:00   6.3551e-01   1.2970e+02   9.2599e+00   8.0731e-02   5.4051e-02   2.5163e+02
20250218_17:00:00   8.3242e-01   1.5573e+02   9.0786e+00   1.6270e-01   2.7436e-02   2.5401e+02
20250218_18:00:00   8.5270e-01   1.5765e+02   9.0916e+00   1.7325e-01   2.2458e-02   2.5155e+02
20250218_19:00:00   7.7307e-01   1.4839e+02   8.9516e+00   1.4191e-01   2.2657e-02   2.5108e+02
20250218_20:00:00   8.6527e-01   1.5914e+02   9.0234e+00   1.8319e-01   7.0701e-03   2.5004e+02
20250218_21:00:00   7.8189e-01   1.4983e+02   8.6288e+00   1.5214e-01   1.3600e-02   2.5004e+02
20250218_22:00:00   1.1152e+00   1.8496e+02   8.7739e+00   2.8476e-01   3.1402e-02   2.4981e+02
20250218_23:00:00   8.1396e-01   1.5364e+02   8.3604e+00   1.7433e-01   5.5785e-03   2.5059e+02
20250219_00:00:00   1.1593e+00   1.8779e+02   9.9165e+00   2.8744e-01   4.8261e-01   2.5105e+02
20250219_01:00:00   5.3106e-01   1.1311e+02   1.0189e+01   2.3423e-02   6.0354e-01   2.5145e+02
20250219_02:00:00   4.3135e-01   9.6597e+01   9.4622e+00   3.3659e-03   4.0969e-01   2.5240e+02
20250219_03:00:00   4.3350e-01   9.7026e+01   9.1996e+00   8.5780e-03   2.4005e-01   2.5311e+02
20250219_04:00:00   4.2215e-01   9.5409e+01   8.2967e+00   2.0869e-02   1.5661e-01   2.5369e+02
20250219_05:00:00   2.9354e-01   7.1841e+01   6.7173e+00   4.2650e-06   5.2164e-02   2.5387e+02
20250219_06:00:00   2.9290e-01   7.1847e+01   6.6143e+00   1.3574e-04   2.6845e-02   2.5306e+02
20250219_09:00:00   3.4835e-01   8.2510e+01   6.9064e+00   1.4838e-02   5.5591e-03   2.5699e+02
20250219_12:00:00   2.1516e-01   5.6289e+01   4.6660e+00   0.0000e+00   3.1600e-06   2.5829e+02
20250219_15:00:00   2.5404e-01   6.4717e+01   5.2481e+00   2.0520e-03   5.3163e-05   2.6160e+02
20250219_18:00:00   3.1435e-01   7.6682e+01   6.7058e+00   3.6540e-03   5.2947e-03   2.6121e+02
20250219_21:00:00   4.5205e-01   1.0106e+02   8.0619e+00   3.6859e-02   9.6360e-02   2.6354e+02
20250220_00:00:00   3.2776e-01   7.9332e+01   6.7581e+00   6.9580e-03   1.9396e-02   2.6202e+02
20250220_03:00:00   2.2712e-01   5.9238e+01   5.0199e+00   0.0000e+00   2.8059e-03   2.6402e+02
20250220_06:00:00   2.4759e-01   6.3243e+01   5.4861e+00   0.0000e+00   1.5749e-03   2.6476e+02
20250220_09:00:00   2.2985e-01   5.9510e+01   5.0267e+00   0.0000e+00   0.0000e+00   2.6643e+02
20250220_12:00:00   1.7665e-01   4.8012e+01   3.9292e+00   0.0000e+00   0.0000e+00   2.6460e+02
20250220_15:00:00   1.7577e-01   4.7884e+01   3.9586e+00   0.0000e+00   0.0000e+00   2.6238e+02
20250220_18:00:00   2.0990e-01   5.5410e+01   4.8731e+00   0.0000e+00   0.0000e+00   2.5743e+02
20250220_21:00:00   2.6234e-01   6.6494e+01   6.0619e+00   0.0000e+00   1.8850e-04   2.5456e+02
20250221_00:00:00   3.3837e-01   8.1306e+01   7.5750e+00   0.0000e+00   7.7325e-04   2.5604e+02
20250221_03:00:00   2.7706e-01   6.9494e+01   6.1961e+00   0.0000e+00   5.0040e-06   2.5825e+02
20250221_06:00:00   2.4824e-01   6.3619e+01   5.3870e+00   2.6870e-05   0.0000e+00   2.5898e+02
20250221_09:00:00   1.9560e-01   5.2508e+01   4.2691e+00   0.0000e+00   0.0000e+00   2.5490e+02
20250221_12:00:00   1.4029e-01   3.9974e+01   3.0726e+00   0.0000e+00   0.0000e+00   2.5436e+02
20250221_15:00:00   1.6276e-01   4.5155e+01   3.5666e+00   0.0000e+00   0.0000e+00   2.5362e+02
20250221_18:00:00   1.8830e-01   5.0866e+01   4.2974e+00   0.0000e+00   0.0000e+00   2.5333e+02
20250221_21:00:00   2.5902e-01   6.5910e+01   5.8812e+00   1.4296e-05   2.2104e-04   2.5358e+02
20250222_00:00:00   2.3062e-01   6.0206e+01   4.9883e+00   9.9150e-06   2.0040e-04   2.5116e+02
20250222_03:00:00   1.7077e-01   4.7057e+01   3.7255e+00   1.7525e-05   0.0000e+00   2.5257e+02
20250222_06:00:00   1.2141e-01   3.5459e+01   2.6811e+00   0.0000e+00   1.3530e-04   2.4970e+02
20250222_09:00:00   9.1695e-02   2.8155e+01   2.0494e+00   0.0000e+00   1.3850e-04   2.4953e+02
20250222_12:00:00   8.9160e-02   2.7526e+01   1.9803e+00   0.0000e+00   1.4302e-04   2.4859e+02
20250222_15:00:00   1.2516e-01   3.6311e+01   2.7383e+00   0.0000e+00   4.4400e-05   2.4971e+02
20250222_18:00:00   1.6739e-01   4.6096e+01   3.7564e+00   0.0000e+00   0.0000e+00   2.4763e+02
20250222_21:00:00   2.1542e-01   5.6816e+01   4.8186e+00   2.1700e-05   5.4305e-05   2.4756e+02
20250223_00:00:00   2.2598e-01   5.9267e+01   4.8279e+00   0.0000e+00   0.0000e+00   2.4827e+02
20250223_03:00:00   1.8007e-01   4.9103e+01   3.8647e+00   0.0000e+00   0.0000e+00   2.4829e+02
20250223_06:00:00   1.4017e-01   3.9880e+01   3.0534e+00   0.0000e+00   0.0000e+00   2.4692e+02
20250223_09:00:00   1.4215e-01   4.0263e+01   3.0755e+00   1.7605e-05   0.0000e+00   2.4840e+02
20250223_12:00:00   1.1707e-01   3.4338e+01   2.5346e+00   0.0000e+00   0.0000e+00   2.4855e+02
20250223_15:00:00   1.4862e-01   4.1811e+01   3.1934e+00   0.0000e+00   0.0000e+00   2.4966e+02
20250223_18:00:00   2.1458e-01   5.6522e+01   4.7610e+00   0.0000e+00   0.0000e+00   2.4765e+02
20250223_21:00:00   2.5399e-01   6.4879e+01   5.7001e+00   5.9896e-05   3.8058e-04   2.4557e+02
20250224_00:00:00   2.7140e-01   6.8700e+01   5.6472e+00   3.2700e-04   0.0000e+00   2.4663e+02
20250224_03:00:00   2.5553e-01   6.5316e+01   4.9708e+00   6.9951e-03   2.0963e-05   2.4811e+02
20250224_06:00:00   1.9275e-01   5.1638e+01   4.2308e+00   0.0000e+00   0.0000e+00   2.4769e+02
20250224_09:00:00   1.8094e-01   4.8902e+01   3.9775e+00   0.0000e+00   1.9918e-05   2.4844e+02
20250224_12:00:00   1.7748e-01   4.8168e+01   3.8510e+00   5.2490e-06   0.0000e+00   2.5017e+02
20250224_15:00:00   1.7129e-01   4.6962e+01   3.6773e+00   0.0000e+00   0.0000e+00   2.5125e+02
20250224_18:00:00   2.2973e-01   5.9747e+01   5.0759e+00   0.0000e+00   0.0000e+00   2.5067e+02
20250224_21:00:00   2.7500e-01   6.9130e+01   6.1594e+00   4.0481e-04   1.2282e-03   2.4995e+02
20250225_00:00:00   2.7997e-01   7.0417e+01   5.7952e+00   1.8432e-03   0.0000e+00   2.4777e+02
20250225_03:00:00   1.8834e-01   5.0890e+01   4.0407e+00   0.0000e+00   0.0000e+00   2.5022e+02
20250225_06:00:00   2.0614e-01   5.4457e+01   4.4384e+00   6.3900e-04   0.0000e+00   2.5027e+02
20250225_09:00:00   1.6940e-01   4.6274e+01   3.7599e+00   0.0000e+00   0.0000e+00   2.5047e+02
20250225_12:00:00   1.4975e-01   4.1794e+01   3.4204e+00   0.0000e+00   0.0000e+00   2.5335e+02
20250225_15:00:00   1.7220e-01   4.7115e+01   3.8085e+00   0.0000e+00   0.0000e+00   2.5048e+02
20250225_18:00:00   2.3273e-01   6.0311e+01   5.2338e+00   0.0000e+00   4.5553e-06   2.5153e+02
20250225_21:00:00   3.7134e-01   8.7554e+01   7.9524e+00   3.2235e-03   3.5605e-02   2.5304e+02
20250226_00:00:00   3.3668e-01   8.0470e+01   7.6453e+00   5.1400e-04   1.3750e-01   2.5014e+02
20250226_03:00:00   2.4250e-01   6.2356e+01   5.2001e+00   4.0700e-03   1.5804e-06   2.5076e+02
20250226_06:00:00   2.5678e-01   6.5324e+01   5.0085e+00   1.1192e-02   1.5211e-04   2.5169e+02
20250226_09:00:00   3.3021e-01   7.9806e+01   5.7903e+00   2.3720e-02   7.0223e-05   2.5180e+02
20250226_12:00:00   2.2363e-01   5.8312e+01   4.8901e+00   0.0000e+00   0.0000e+00   2.5327e+02
20250226_15:00:00   2.3024e-01   5.9932e+01   4.9390e+00   0.0000e+00   0.0000e+00   2.5463e+02
20250226_18:00:00   2.4319e-01   6.2662e+01   5.5024e+00   0.0000e+00   2.0860e-04   2.5322e+02
20250226_21:00:00   2.2936e-01   5.9797e+01   5.2908e+00   0.0000e+00   6.3320e-04   2.5302e+02
20250227_00:00:00   2.6973e-01   6.8197e+01   5.9798e+00   0.0000e+00   1.7563e-03   2.4885e+02
20250227_03:00:00   3.3868e-01   8.1071e+01   7.3799e+00   3.8140e-04   5.4407e-03   2.5166e+02
20250227_06:00:00   3.1361e-01   7.6412e+01   6.7109e+00   5.6890e-05   3.8776e-03   2.5253e+02
20250227_09:00:00   2.8715e-01   7.0813e+01   6.5496e+00   0.0000e+00   2.4868e-03   2.5256e+02
20250227_12:00:00   2.9546e-01   7.2533e+01   6.4930e+00   0.0000e+00   2.7393e-04   2.5450e+02
20250227_15:00:00   3.5444e-01   8.3624e+01   7.7401e+00   1.0398e-03   3.0008e-04   2.5728e+02
20250227_18:00:00   3.6146e-01   8.4900e+01   8.0299e+00   1.2644e-03   1.7752e-03   2.5607e+02
20250227_21:00:00   3.4797e-01   8.2951e+01   7.6694e+00   1.1852e-04   3.2605e-03   2.5503e+02
20250228_00:00:00   4.9848e-01   1.0825e+02   9.3772e+00   2.8417e-02   3.5545e-01   2.5362e+02
20250228_03:00:00   5.6074e-01   1.1829e+02   9.0968e+00   5.9958e-02   2.4607e-01   2.5293e+02
20250228_06:00:00   6.0771e-01   1.2419e+02   9.8786e+00   6.8817e-02   4.2329e-02   2.5356e+02
20250228_09:00:00   4.5951e-01   1.0153e+02   9.5411e+00   1.0653e-02   1.5057e-02   2.5249e+02
20250228_12:00:00   7.0784e-01   1.3812e+02   9.4708e+00   1.1856e-01   3.7687e-02   2.5334e+02
20250228_15:00:00   4.1286e-01   9.3868e+01   8.8915e+00   4.7794e-03   1.2023e-03   2.5034e+02
20250228_18:00:00   7.3535e-01   1.4210e+02   9.6223e+00   1.2896e-01   1.3268e-01   2.5184e+02
20250228_21:00:00   6.7778e-01   1.3490e+02   1.1574e+01   5.2157e-02   7.4911e-01   2.5300e+02
20250301_00:00:00   5.4892e-01   1.1618e+02   1.1177e+01   1.2741e-02   2.7649e-01   2.5224e+02
20250301_03:00:00   5.3939e-01   1.1426e+02   1.1343e+01   3.4997e-03   5.4220e-01   2.5431e+02
20250301_06:00:00   5.0847e-01   1.0963e+02   1.0989e+01   9.7500e-04   1.1027e-01   2.5360e+02
20250301_09:00:00   5.6445e-01   1.1878e+02   1.0422e+01   3.1552e-02   2.1141e-02   2.5169e+02
20250301_12:00:00   6.8855e-01   1.3691e+02   1.0058e+01   8.8620e-02   9.2909e-03   2.5293e+02
20250301_15:00:00   8.6525e-01   1.5906e+02   1.0483e+01   1.5225e-01   5.4807e-02   2.5347e+02
20250301_18:00:00   1.0481e+00   1.7819e+02   1.0913e+01   2.1938e-01   1.8166e-01   2.5299e+02
20250301_21:00:00   4.5830e-01   1.0229e+02   9.9032e+00   6.1636e-04   5.1835e-03   2.5380e+02
20250302_00:00:00   9.7098e-01   1.7093e+02   1.0086e+01   2.0394e-01   1.2223e-01   2.5324e+02
20250302_03:00:00   6.9158e-01   1.3779e+02   7.9093e+00   1.2966e-01   3.0944e-03   2.5361e+02
20250302_06:00:00   3.7478e-01   8.8395e+01   6.2848e+00   3.0083e-02   2.9316e-04   2.5258e+02
