#            date       tau255        Tb[K]      pwv[mm] lwp[kg*m^-2] iwp[kg*m^-2]       o3[DU]
20250808_12:00:00   3.9901e-02   1.4609e+01   7.5658e-01   0.0000e+00   0.0000e+00   2.8468e+02
20250808_13:00:00   4.0045e-02   1.4657e+01   7.5641e-01   0.0000e+00   0.0000e+00   2.8520e+02
20250808_14:00:00   4.1773e-02   1.5094e+01   8.0164e-01   0.0000e+00   0.0000e+00   2.8472e+02
20250808_15:00:00   4.2892e-02   1.5384e+01   8.3186e-01   0.0000e+00   0.0000e+00   2.8357e+02
20250808_16:00:00   4.4319e-02   1.5770e+01   8.6591e-01   0.0000e+00   0.0000e+00   2.8310e+02
20250808_17:00:00   4.5284e-02   1.6009e+01   9.0050e-01   0.0000e+00   0.0000e+00   2.8275e+02
20250808_18:00:00   4.4644e-02   1.5854e+01   8.8952e-01   0.0000e+00   0.0000e+00   2.8383e+02
20250808_19:00:00   4.4547e-02   1.5839e+01   8.8705e-01   0.0000e+00   0.0000e+00   2.8357e+02
20250808_20:00:00   4.4883e-02   1.5935e+01   8.9254e-01   0.0000e+00   0.0000e+00   2.8329e+02
20250808_21:00:00   4.2687e-02   1.5388e+01   8.3198e-01   0.0000e+00   0.0000e+00   2.8167e+02
20250808_22:00:00   4.1289e-02   1.5021e+01   7.9480e-01   0.0000e+00   0.0000e+00   2.7877e+02
20250808_23:00:00   4.0935e-02   1.4916e+01   7.8542e-01   0.0000e+00   0.0000e+00   2.7782e+02
20250809_00:00:00   4.0540e-02   1.4802e+01   7.7653e-01   0.0000e+00   0.0000e+00   2.7730e+02
20250809_01:00:00   4.0922e-02   1.4893e+01   7.8624e-01   0.0000e+00   0.0000e+00   2.7726e+02
20250809_02:00:00   4.2081e-02   1.5167e+01   8.1903e-01   0.0000e+00   0.0000e+00   2.7766e+02
20250809_03:00:00   4.1595e-02   1.5037e+01   8.0773e-01   0.0000e+00   0.0000e+00   2.7758e+02
20250809_04:00:00   4.0908e-02   1.4851e+01   7.9231e-01   0.0000e+00   0.0000e+00   2.7904e+02
20250809_05:00:00   3.9842e-02   1.4580e+01   7.6488e-01   0.0000e+00   0.0000e+00   2.8085e+02
20250809_06:00:00   3.8309e-02   1.4199e+01   7.2083e-01   0.0000e+00   0.0000e+00   2.8015e+02
20250809_07:00:00   3.7024e-02   1.3873e+01   6.8609e-01   0.0000e+00   0.0000e+00   2.7942e+02
20250809_08:00:00   3.6254e-02   1.3677e+01   6.6438e-01   0.0000e+00   0.0000e+00   2.7940e+02
20250809_09:00:00   3.5805e-02   1.3574e+01   6.5023e-01   0.0000e+00   0.0000e+00   2.7843e+02
20250809_10:00:00   3.5515e-02   1.3505e+01   6.4186e-01   0.0000e+00   0.0000e+00   2.7736e+02
20250809_11:00:00   3.5255e-02   1.3436e+01   6.3703e-01   0.0000e+00   0.0000e+00   2.7592e+02
20250809_12:00:00   3.5032e-02   1.3389e+01   6.2788e-01   0.0000e+00   0.0000e+00   2.7557e+02
20250809_13:00:00   3.4332e-02   1.3221e+01   6.0648e-01   0.0000e+00   0.0000e+00   2.7705e+02
20250809_14:00:00   3.5374e-02   1.3485e+01   6.3373e-01   0.0000e+00   0.0000e+00   2.7854e+02
20250809_15:00:00   3.7606e-02   1.4047e+01   6.9502e-01   0.0000e+00   0.0000e+00   2.7912e+02
20250809_16:00:00   3.9671e-02   1.4568e+01   7.5153e-01   0.0000e+00   0.0000e+00   2.8033e+02
20250809_17:00:00   4.1516e-02   1.5016e+01   8.0545e-01   0.0000e+00   0.0000e+00   2.8085e+02
20250809_18:00:00   4.3687e-02   1.5565e+01   8.6263e-01   0.0000e+00   0.0000e+00   2.7972e+02
20250809_19:00:00   4.8181e-02   1.6660e+01   9.8399e-01   0.0000e+00   0.0000e+00   2.7913e+02
20250809_20:00:00   5.0424e-02   1.7230e+01   1.0349e+00   0.0000e+00   0.0000e+00   2.7920e+02
20250809_21:00:00   5.2047e-02   1.7647e+01   1.0718e+00   0.0000e+00   0.0000e+00   2.7989e+02
20250809_22:00:00   4.7116e-02   1.6484e+01   9.3002e-01   0.0000e+00   0.0000e+00   2.8106e+02
20250809_23:00:00   4.3332e-02   1.5548e+01   8.2424e-01   0.0000e+00   0.0000e+00   2.8149e+02
20250810_00:00:00   4.1149e-02   1.4988e+01   7.6804e-01   0.0000e+00   0.0000e+00   2.8187e+02
20250810_01:00:00   4.0818e-02   1.4892e+01   7.5930e-01   0.0000e+00   0.0000e+00   2.8201e+02
20250810_02:00:00   3.8985e-02   1.4415e+01   7.0809e-01   0.0000e+00   0.0000e+00   2.8165e+02
20250810_03:00:00   3.3316e-02   1.2955e+01   5.6411e-01   0.0000e+00   0.0000e+00   2.8210e+02
20250810_04:00:00   3.0610e-02   1.2246e+01   4.9632e-01   0.0000e+00   0.0000e+00   2.8386e+02
20250810_05:00:00   3.0898e-02   1.2311e+01   5.0407e-01   0.0000e+00   0.0000e+00   2.8620e+02
20250810_06:00:00   3.0375e-02   1.2164e+01   4.9379e-01   0.0000e+00   0.0000e+00   2.8883e+02
20250810_07:00:00   3.0489e-02   1.2187e+01   4.9826e-01   0.0000e+00   0.0000e+00   2.8972e+02
20250810_08:00:00   3.1173e-02   1.2368e+01   5.1504e-01   0.0000e+00   0.0000e+00   2.8881e+02
20250810_09:00:00   3.1162e-02   1.2353e+01   5.1773e-01   0.0000e+00   0.0000e+00   2.8857e+02
20250810_10:00:00   3.0372e-02   1.2138e+01   4.9892e-01   0.0000e+00   0.0000e+00   2.8924e+02
20250810_11:00:00   3.0214e-02   1.2109e+01   4.9231e-01   0.0000e+00   0.0000e+00   2.8975e+02
20250810_12:00:00   2.9420e-02   1.1911e+01   4.6936e-01   0.0000e+00   0.0000e+00   2.8976e+02
20250810_13:00:00   2.8788e-02   1.1745e+01   4.5301e-01   0.0000e+00   0.0000e+00   2.8923e+02
20250810_14:00:00   3.0858e-02   1.2289e+01   5.0791e-01   0.0000e+00   0.0000e+00   2.8927e+02
20250810_15:00:00   3.2692e-02   1.2783e+01   5.5390e-01   0.0000e+00   0.0000e+00   2.9129e+02
20250810_16:00:00   3.4842e-02   1.3347e+01   6.1186e-01   0.0000e+00   0.0000e+00   2.9459e+02
20250810_17:00:00   3.8672e-02   1.4322e+01   7.1818e-01   0.0000e+00   0.0000e+00   2.9680e+02
20250810_18:00:00   4.3420e-02   1.5516e+01   8.4897e-01   0.0000e+00   0.0000e+00   2.9798e+02
20250810_19:00:00   4.7368e-02   1.6504e+01   9.5427e-01   0.0000e+00   0.0000e+00   2.9775e+02
20250810_20:00:00   5.1232e-02   1.7486e+01   1.0561e+00   0.0000e+00   0.0000e+00   2.9733e+02
20250810_21:00:00   5.2199e-02   1.7751e+01   1.0785e+00   0.0000e+00   0.0000e+00   2.9813e+02
20250810_22:00:00   5.1943e-02   1.7714e+01   1.0670e+00   0.0000e+00   0.0000e+00   2.9599e+02
20250810_23:00:00   5.3614e-02   1.8136e+01   1.1071e+00   0.0000e+00   0.0000e+00   2.9401e+02
20250811_00:00:00   5.2781e-02   1.7955e+01   1.0786e+00   0.0000e+00   0.0000e+00   2.9262e+02
20250811_01:00:00   5.1729e-02   1.7713e+01   1.0463e+00   0.0000e+00   0.0000e+00   2.9207e+02
20250811_02:00:00   4.9902e-02   1.7266e+01   9.9766e-01   0.0000e+00   0.0000e+00   2.9085e+02
20250811_03:00:00   4.9001e-02   1.7040e+01   9.7430e-01   0.0000e+00   0.0000e+00   2.9044e+02
20250811_04:00:00   4.8399e-02   1.6888e+01   9.6006e-01   0.0000e+00   0.0000e+00   2.8921e+02
20250811_05:00:00   4.7521e-02   1.6662e+01   9.3883e-01   0.0000e+00   0.0000e+00   2.8867e+02
20250811_06:00:00   4.7259e-02   1.6585e+01   9.3611e-01   0.0000e+00   0.0000e+00   2.8759e+02
20250811_07:00:00   4.7130e-02   1.6528e+01   9.4104e-01   0.0000e+00   0.0000e+00   2.8674e+02
20250811_08:00:00   4.7984e-02   1.6728e+01   9.6653e-01   0.0000e+00   0.0000e+00   2.8667e+02
20250811_09:00:00   4.8573e-02   1.6867e+01   9.8377e-01   0.0000e+00   0.0000e+00   2.8613e+02
20250811_10:00:00   4.8616e-02   1.6870e+01   9.9075e-01   0.0000e+00   0.0000e+00   2.8483e+02
20250811_11:00:00   5.0204e-02   1.7279e+01   1.0311e+00   0.0000e+00   0.0000e+00   2.8265e+02
20250811_12:00:00   5.2022e-02   1.7749e+01   1.0789e+00   0.0000e+00   0.0000e+00   2.8154e+02
20250811_13:00:00   5.1769e-02   1.7699e+01   1.0722e+00   0.0000e+00   0.0000e+00   2.7938e+02
20250811_14:00:00   5.2970e-02   1.8002e+01   1.1032e+00   0.0000e+00   0.0000e+00   2.8006e+02
20250811_15:00:00   5.5444e-02   1.8611e+01   1.1745e+00   0.0000e+00   0.0000e+00   2.8033e+02
20250811_16:00:00   6.1693e-02   2.0129e+01   1.3492e+00   0.0000e+00   0.0000e+00   2.8026e+02
20250811_17:00:00   6.5971e-02   2.1184e+01   1.4650e+00   0.0000e+00   0.0000e+00   2.8070e+02
20250811_18:00:00   6.8689e-02   2.1844e+01   1.5418e+00   0.0000e+00   0.0000e+00   2.8185e+02
20250811_19:00:00   6.7315e-02   2.1509e+01   1.5111e+00   0.0000e+00   0.0000e+00   2.8161e+02
20250811_20:00:00   6.2839e-02   2.0427e+01   1.3942e+00   0.0000e+00   0.0000e+00   2.8099e+02
20250811_21:00:00   5.9619e-02   1.9653e+01   1.3047e+00   0.0000e+00   0.0000e+00   2.8094e+02
20250811_22:00:00   5.6310e-02   1.8876e+01   1.2038e+00   0.0000e+00   0.0000e+00   2.8163e+02
20250811_23:00:00   5.7222e-02   1.9124e+01   1.2197e+00   0.0000e+00   0.0000e+00   2.8144e+02
20250812_00:00:00   5.8399e-02   1.9413e+01   1.2474e+00   0.0000e+00   5.7940e-05   2.7894e+02
20250812_01:00:00   5.9191e-02   1.9622e+01   1.2604e+00   0.0000e+00   4.7001e-05   2.7796e+02
20250812_02:00:00   5.6015e-02   1.8835e+01   1.1755e+00   0.0000e+00   5.7389e-04   2.7775e+02
20250812_03:00:00   5.5264e-02   1.8629e+01   1.1564e+00   0.0000e+00   1.6790e-04   2.7900e+02
20250812_04:00:00   5.7356e-02   1.9091e+01   1.2240e+00   0.0000e+00   2.6105e-05   2.8105e+02
20250812_05:00:00   6.2907e-02   2.0421e+01   1.3732e+00   0.0000e+00   0.0000e+00   2.8186e+02
20250812_06:00:00   6.8164e-02   2.1655e+01   1.5173e+00   0.0000e+00   2.1240e-06   2.8208e+02
20250812_07:00:00   7.0711e-02   2.2247e+01   1.5869e+00   0.0000e+00   7.0440e-06   2.8330e+02
20250812_08:00:00   6.9856e-02   2.2000e+01   1.5684e+00   0.0000e+00   0.0000e+00   2.8330e+02
20250812_09:00:00   6.8888e-02   2.1729e+01   1.5486e+00   0.0000e+00   0.0000e+00   2.8332e+02
20250812_10:00:00   6.3799e-02   2.0540e+01   1.4050e+00   0.0000e+00   0.0000e+00   2.8477e+02
20250812_11:00:00   5.6632e-02   1.8837e+01   1.2051e+00   0.0000e+00   0.0000e+00   2.8602e+02
20250812_12:00:00   5.6230e-02   1.8727e+01   1.1942e+00   0.0000e+00   0.0000e+00   2.8766e+02
20250812_13:00:00   5.8257e-02   1.9191e+01   1.2553e+00   0.0000e+00   0.0000e+00   2.8654e+02
20250812_14:00:00   6.1927e-02   2.0074e+01   1.3541e+00   0.0000e+00   0.0000e+00   2.8508e+02
20250812_15:00:00   6.3220e-02   2.0403e+01   1.3866e+00   0.0000e+00   0.0000e+00   2.8256e+02
20250812_16:00:00   6.1005e-02   1.9907e+01   1.3252e+00   0.0000e+00   0.0000e+00   2.8006e+02
20250812_17:00:00   6.1287e-02   2.0013e+01   1.3304e+00   0.0000e+00   0.0000e+00   2.7845e+02
20250812_18:00:00   6.3232e-02   2.0535e+01   1.3756e+00   0.0000e+00   0.0000e+00   2.7661e+02
20250812_19:00:00   6.4199e-02   2.0789e+01   1.4024e+00   0.0000e+00   0.0000e+00   2.7538e+02
20250812_20:00:00   6.5016e-02   2.0993e+01   1.4254e+00   0.0000e+00   0.0000e+00   2.7490e+02
20250812_21:00:00   6.8365e-02   2.1808e+01   1.5121e+00   0.0000e+00   0.0000e+00   2.7372e+02
20250812_22:00:00   7.0503e-02   2.2309e+01   1.5699e+00   0.0000e+00   0.0000e+00   2.7322e+02
20250812_23:00:00   7.1371e-02   2.2540e+01   1.5902e+00   0.0000e+00   0.0000e+00   2.7336e+02
20250813_00:00:00   7.0987e-02   2.2489e+01   1.5607e+00   0.0000e+00   0.0000e+00   2.7309e+02
20250813_01:00:00   6.8976e-02   2.2004e+01   1.5072e+00   0.0000e+00   0.0000e+00   2.7311e+02
20250813_02:00:00   6.7844e-02   2.1727e+01   1.4756e+00   0.0000e+00   0.0000e+00   2.7318e+02
20250813_03:00:00   6.6340e-02   2.1348e+01   1.4356e+00   0.0000e+00   0.0000e+00   2.7398e+02
20250813_04:00:00   6.2436e-02   2.0392e+01   1.3364e+00   0.0000e+00   0.0000e+00   2.7450e+02
20250813_05:00:00   5.9108e-02   1.9558e+01   1.2525e+00   0.0000e+00   0.0000e+00   2.7476e+02
20250813_06:00:00   5.6983e-02   1.9020e+01   1.1982e+00   0.0000e+00   0.0000e+00   2.7555e+02
20250813_07:00:00   5.4592e-02   1.8425e+01   1.1352e+00   0.0000e+00   0.0000e+00   2.7497e+02
20250813_08:00:00   5.2246e-02   1.7838e+01   1.0759e+00   0.0000e+00   0.0000e+00   2.7453e+02
20250813_09:00:00   5.0756e-02   1.7458e+01   1.0381e+00   0.0000e+00   0.0000e+00   2.7398e+02
20250813_10:00:00   4.9828e-02   1.7220e+01   1.0147e+00   0.0000e+00   0.0000e+00   2.7310e+02
20250813_11:00:00   4.9026e-02   1.7001e+01   9.9965e-01   0.0000e+00   0.0000e+00   2.7305e+02
20250813_12:00:00   4.9132e-02   1.7009e+01   1.0061e+00   0.0000e+00   0.0000e+00   2.7448e+02
20250813_15:00:00   5.0931e-02   1.7506e+01   1.0427e+00   0.0000e+00   0.0000e+00   2.7486e+02
20250813_18:00:00   5.7440e-02   1.9128e+01   1.2293e+00   0.0000e+00   0.0000e+00   2.7565e+02
20250813_21:00:00   5.7662e-02   1.9216e+01   1.2362e+00   0.0000e+00   5.5735e-04   2.7538e+02
20250814_00:00:00   4.1976e-02   1.5226e+01   8.2820e-01   0.0000e+00   1.3646e-04   2.7408e+02
20250814_03:00:00   3.9430e-02   1.4533e+01   7.6186e-01   0.0000e+00   9.8625e-04   2.7033e+02
20250814_06:00:00   3.7343e-02   1.3982e+01   7.0523e-01   0.0000e+00   0.0000e+00   2.7071e+02
20250814_09:00:00   3.6402e-02   1.3725e+01   6.8516e-01   0.0000e+00   0.0000e+00   2.6986e+02
20250814_12:00:00   3.5748e-02   1.3569e+01   6.6486e-01   0.0000e+00   0.0000e+00   2.7079e+02
20250814_15:00:00   4.1485e-02   1.5081e+01   8.0861e-01   0.0000e+00   0.0000e+00   2.7665e+02
20250814_18:00:00   4.9099e-02   1.7041e+01   1.0082e+00   0.0000e+00   0.0000e+00   2.7911e+02
20250814_21:00:00   5.3500e-02   1.8149e+01   1.1181e+00   0.0000e+00   0.0000e+00   2.8135e+02
20250815_00:00:00   4.3158e-02   1.5554e+01   8.3293e-01   0.0000e+00   0.0000e+00   2.8196e+02
20250815_03:00:00   3.6892e-02   1.3919e+01   6.6558e-01   0.0000e+00   0.0000e+00   2.7850e+02
20250815_06:00:00   4.0570e-02   1.4850e+01   7.5028e-01   0.0000e+00   0.0000e+00   2.7519e+02
20250815_09:00:00   3.9918e-02   1.4650e+01   7.3564e-01   0.0000e+00   0.0000e+00   2.8049e+02
20250815_12:00:00   3.7370e-02   1.3974e+01   6.7067e-01   0.0000e+00   0.0000e+00   2.7923e+02
20250815_15:00:00   3.9133e-02   1.4464e+01   7.0678e-01   0.0000e+00   0.0000e+00   2.7999e+02
20250815_18:00:00   3.7882e-02   1.4181e+01   6.7475e-01   0.0000e+00   0.0000e+00   2.8212e+02
20250815_21:00:00   4.8871e-02   1.6994e+01   9.4679e-01   0.0000e+00   0.0000e+00   2.8339e+02
20250816_00:00:00   3.9188e-02   1.4550e+01   6.9506e-01   0.0000e+00   0.0000e+00   2.8188e+02
20250816_03:00:00   3.6399e-02   1.3797e+01   6.3025e-01   0.0000e+00   0.0000e+00   2.7974e+02
20250816_06:00:00   3.3233e-02   1.2977e+01   5.5133e-01   0.0000e+00   0.0000e+00   2.7954e+02
20250816_09:00:00   3.3713e-02   1.3081e+01   5.7091e-01   0.0000e+00   0.0000e+00   2.7543e+02
20250816_12:00:00   3.6312e-02   1.3756e+01   6.3722e-01   0.0000e+00   0.0000e+00   2.7454e+02
20250816_15:00:00   3.9043e-02   1.4477e+01   7.0692e-01   0.0000e+00   0.0000e+00   2.7793e+02
20250816_18:00:00   4.1456e-02   1.5099e+01   7.8336e-01   0.0000e+00   0.0000e+00   2.7799e+02
20250816_21:00:00   4.8966e-02   1.6969e+01   9.8490e-01   0.0000e+00   0.0000e+00   2.7747e+02
20250817_00:00:00   4.7848e-02   1.6732e+01   9.3635e-01   0.0000e+00   0.0000e+00   2.7996e+02
20250817_03:00:00   4.2478e-02   1.5363e+01   7.9873e-01   0.0000e+00   0.0000e+00   2.7897e+02
20250817_06:00:00   3.7999e-02   1.4218e+01   6.7976e-01   0.0000e+00   0.0000e+00   2.7817e+02
20250817_09:00:00   3.4323e-02   1.3242e+01   5.8507e-01   0.0000e+00   0.0000e+00   2.7407e+02
20250817_12:00:00   2.9991e-02   1.2091e+01   4.7524e-01   0.0000e+00   0.0000e+00   2.7219e+02
20250817_15:00:00   3.2029e-02   1.2640e+01   5.2818e-01   0.0000e+00   0.0000e+00   2.7154e+02
20250817_18:00:00   3.8765e-02   1.4357e+01   7.1672e-01   0.0000e+00   0.0000e+00   2.7279e+02
20250817_21:00:00   5.0303e-02   1.7262e+01   1.0063e+00   0.0000e+00   0.0000e+00   2.6907e+02
20250818_00:00:00   4.0692e-02   1.4888e+01   7.3873e-01   0.0000e+00   0.0000e+00   2.6796e+02
20250818_03:00:00   3.2116e-02   1.2680e+01   5.1423e-01   0.0000e+00   0.0000e+00   2.6990e+02
20250818_06:00:00   2.8497e-02   1.1700e+01   4.3425e-01   0.0000e+00   0.0000e+00   2.7323e+02
20250818_09:00:00   2.6060e-02   1.1037e+01   3.7626e-01   0.0000e+00   0.0000e+00   2.7579e+02
20250818_12:00:00   2.7508e-02   1.1419e+01   4.1576e-01   0.0000e+00   0.0000e+00   2.7573e+02
20250818_15:00:00   3.0771e-02   1.2258e+01   5.0664e-01   0.0000e+00   0.0000e+00   2.7533e+02
20250818_18:00:00   3.8769e-02   1.4341e+01   7.1929e-01   0.0000e+00   0.0000e+00   2.7767e+02
20250818_21:00:00   4.0630e-02   1.4772e+01   7.7203e-01   0.0000e+00   0.0000e+00   2.8412e+02
20250819_00:00:00   4.2189e-02   1.5139e+01   8.1016e-01   0.0000e+00   0.0000e+00   2.9706e+02
20250819_03:00:00   4.4051e-02   1.5580e+01   8.5819e-01   0.0000e+00   0.0000e+00   2.9859e+02
20250819_06:00:00   5.0981e-02   1.7329e+01   1.0284e+00   0.0000e+00   0.0000e+00   2.9342e+02
20250819_09:00:00   5.9073e-02   1.9318e+01   1.2507e+00   0.0000e+00   0.0000e+00   2.9516e+02
20250819_12:00:00   6.5528e-02   2.0906e+01   1.4166e+00   0.0000e+00   0.0000e+00   3.0060e+02
20250819_15:00:00   6.4532e-02   2.0734e+01   1.3795e+00   0.0000e+00   0.0000e+00   3.0207e+02
20250819_18:00:00   7.2204e-02   2.2598e+01   1.5813e+00   0.0000e+00   0.0000e+00   2.9972e+02
20250819_21:00:00   5.0664e-02   1.7500e+01   1.0045e+00   0.0000e+00   0.0000e+00   3.0311e+02
20250820_00:00:00   4.3273e-02   1.5613e+01   8.2003e-01   0.0000e+00   0.0000e+00   3.0180e+02
20250820_03:00:00   3.7410e-02   1.4065e+01   6.8068e-01   0.0000e+00   6.7373e-05   3.0394e+02
20250820_06:00:00   3.9582e-02   1.4590e+01   7.4834e-01   0.0000e+00   5.2180e-06   3.0794e+02
20250820_09:00:00   3.7307e-02   1.4042e+01   6.8220e-01   0.0000e+00   1.2346e-04   3.0986e+02
20250820_12:00:00   3.9537e-02   1.4580e+01   7.5336e-01   0.0000e+00   5.0160e-04   3.1356e+02
20250820_15:00:00   5.1569e-02   1.7672e+01   1.0814e+00   0.0000e+00   1.1442e-04   3.0963e+02
20250820_18:00:00   6.0044e-02   1.9835e+01   1.3079e+00   0.0000e+00   2.1920e-05   3.0206e+02
20250820_21:00:00   6.2571e-02   2.0445e+01   1.3869e+00   0.0000e+00   7.9022e-06   2.9524e+02
20250821_00:00:00   6.4129e-02   2.0778e+01   1.4314e+00   0.0000e+00   4.2662e-05   2.9474e+02
20250821_03:00:00   6.3977e-02   2.0754e+01   1.4190e+00   0.0000e+00   2.1500e-05   2.9195e+02
20250821_06:00:00   6.4130e-02   2.0760e+01   1.4216e+00   0.0000e+00   0.0000e+00   2.8749e+02
20250821_09:00:00   6.2093e-02   2.0227e+01   1.3715e+00   0.0000e+00   0.0000e+00   2.8307e+02
20250821_12:00:00   5.7562e-02   1.9150e+01   1.2334e+00   0.0000e+00   0.0000e+00   2.9007e+02
20250821_15:00:00   5.5313e-02   1.8617e+01   1.1691e+00   0.0000e+00   0.0000e+00   2.9357e+02
20250821_18:00:00   5.2510e-02   1.7931e+01   1.0993e+00   0.0000e+00   0.0000e+00   2.9244e+02
20250821_21:00:00   3.9142e-02   1.4575e+01   7.3700e-01   0.0000e+00   0.0000e+00   2.9439e+02
20250822_00:00:00   3.7633e-02   1.4073e+01   7.1584e-01   0.0000e+00   0.0000e+00   2.9127e+02
20250822_03:00:00   2.7371e-02   1.1429e+01   4.2074e-01   0.0000e+00   0.0000e+00   2.9260e+02
20250822_06:00:00   2.8853e-02   1.1769e+01   4.7079e-01   0.0000e+00   0.0000e+00   2.9417e+02
20250822_09:00:00   3.5349e-02   1.3373e+01   6.6811e-01   0.0000e+00   0.0000e+00   2.9309e+02
20250822_12:00:00   3.6130e-02   1.3521e+01   7.0484e-01   0.0000e+00   0.0000e+00   2.8936e+02
20250822_15:00:00   3.9390e-02   1.4411e+01   7.8351e-01   0.0000e+00   0.0000e+00   2.8580e+02
20250822_18:00:00   5.2208e-02   1.7697e+01   1.1133e+00   0.0000e+00   1.7814e-03   2.8133e+02
20250822_21:00:00   9.3636e-02   2.7886e+01   2.1133e+00   0.0000e+00   9.8139e-04   2.7629e+02
20250823_00:00:00   1.4500e-01   3.9465e+01   3.3258e+00   0.0000e+00   4.2611e-02   2.7534e+02
20250823_03:00:00   1.2429e-01   3.4956e+01   2.8021e+00   0.0000e+00   1.7231e-03   2.7542e+02
20250823_06:00:00   1.1883e-01   3.3704e+01   2.6599e+00   0.0000e+00   5.6800e-04   2.7790e+02
20250823_09:00:00   1.3940e-01   3.8482e+01   3.0671e+00   0.0000e+00   0.0000e+00   2.7883e+02
20250823_12:00:00   1.8627e-01   4.8738e+01   4.0162e+00   0.0000e+00   6.2162e-04   2.7906e+02
20250823_15:00:00   2.2175e-01   5.6247e+01   4.5836e+00   2.5341e-03   1.0280e-01   2.7796e+02
20250823_18:00:00   2.7324e-01   6.6445e+01   5.8027e+00   3.3352e-03   2.9283e-01   2.8031e+02
20250823_21:00:00   2.9556e-01   7.0817e+01   6.2677e+00   3.0333e-03   1.5770e-01   2.7527e+02
20250824_00:00:00   2.6394e-01   6.4569e+01   5.7031e+00   0.0000e+00   1.1105e-01   2.8066e+02
20250824_03:00:00   2.4937e-01   6.1877e+01   5.3338e+00   0.0000e+00   2.5761e-03   2.8372e+02
20250824_06:00:00   3.0030e-01   7.1560e+01   5.7086e+00   1.4884e-02   1.5034e-01   2.8575e+02
20250824_09:00:00   2.5393e-01   6.2764e+01   4.8673e+00   9.3064e-03   2.3332e-02   2.8847e+02
20250824_12:00:00   2.4456e-01   6.0607e+01   5.0767e+00   2.4463e-04   6.4381e-02   2.9464e+02
