#            date       tau255        Tb[K]      pwv[mm] lwp[kg*m^-2] iwp[kg*m^-2]       o3[DU]
20260523_12:00:00   5.0767e-02   1.7255e+01   1.0940e+00   0.0000e+00   0.0000e+00   2.5475e+02
20260523_13:00:00   4.7688e-02   1.6511e+01   1.0065e+00   0.0000e+00   0.0000e+00   2.5479e+02
20260523_14:00:00   4.6459e-02   1.6244e+01   9.6350e-01   0.0000e+00   0.0000e+00   2.5280e+02
20260523_15:00:00   4.5454e-02   1.6007e+01   9.3613e-01   0.0000e+00   0.0000e+00   2.5260e+02
20260523_16:00:00   4.8303e-02   1.6707e+01   1.0140e+00   0.0000e+00   0.0000e+00   2.5363e+02
20260523_17:00:00   5.1340e-02   1.7482e+01   1.0949e+00   0.0000e+00   0.0000e+00   2.5258e+02
20260523_18:00:00   5.1040e-02   1.7406e+01   1.0912e+00   0.0000e+00   0.0000e+00   2.5262e+02
20260523_19:00:00   4.8960e-02   1.6900e+01   1.0336e+00   0.0000e+00   0.0000e+00   2.5573e+02
20260523_20:00:00   4.6203e-02   1.6237e+01   9.5113e-01   0.0000e+00   0.0000e+00   2.5640e+02
20260523_21:00:00   4.7196e-02   1.6490e+01   9.7354e-01   0.0000e+00   0.0000e+00   2.5634e+02
20260523_22:00:00   4.6571e-02   1.6339e+01   9.5279e-01   0.0000e+00   0.0000e+00   2.5376e+02
20260523_23:00:00   4.7315e-02   1.6526e+01   9.6931e-01   0.0000e+00   0.0000e+00   2.5305e+02
20260524_00:00:00   4.7408e-02   1.6548e+01   9.7024e-01   0.0000e+00   0.0000e+00   2.5438e+02
20260524_01:00:00   4.6837e-02   1.6396e+01   9.5411e-01   0.0000e+00   0.0000e+00   2.5465e+02
20260524_02:00:00   4.5887e-02   1.6141e+01   9.3226e-01   0.0000e+00   0.0000e+00   2.5456e+02
20260524_03:00:00   4.6827e-02   1.6350e+01   9.6196e-01   0.0000e+00   0.0000e+00   2.5234e+02
20260524_04:00:00   5.0124e-02   1.7122e+01   1.0542e+00   0.0000e+00   0.0000e+00   2.5315e+02
20260524_05:00:00   5.5798e-02   1.8505e+01   1.2052e+00   0.0000e+00   0.0000e+00   2.5394e+02
20260524_06:00:00   5.0169e-02   1.7184e+01   1.0396e+00   0.0000e+00   0.0000e+00   2.5516e+02
20260524_07:00:00   3.9078e-02   1.4453e+01   7.3304e-01   0.0000e+00   0.0000e+00   2.5464e+02
20260524_08:00:00   3.9115e-02   1.4478e+01   7.3248e-01   0.0000e+00   0.0000e+00   2.5442e+02
20260524_09:00:00   3.8099e-02   1.4221e+01   7.0363e-01   0.0000e+00   0.0000e+00   2.5392e+02
20260524_10:00:00   3.5298e-02   1.3491e+01   6.3108e-01   0.0000e+00   0.0000e+00   2.5444e+02
20260524_11:00:00   3.2790e-02   1.2830e+01   5.6734e-01   0.0000e+00   0.0000e+00   2.5425e+02
20260524_12:00:00   3.1951e-02   1.2618e+01   5.4662e-01   0.0000e+00   0.0000e+00   2.5552e+02
20260524_13:00:00   3.2112e-02   1.2662e+01   5.5147e-01   0.0000e+00   0.0000e+00   2.5568e+02
20260524_14:00:00   3.5480e-02   1.3528e+01   6.4085e-01   0.0000e+00   0.0000e+00   2.5512e+02
20260524_15:00:00   3.8102e-02   1.4210e+01   7.1177e-01   0.0000e+00   0.0000e+00   2.5412e+02
20260524_16:00:00   4.2997e-02   1.5441e+01   8.4600e-01   0.0000e+00   0.0000e+00   2.5275e+02
20260524_17:00:00   4.6520e-02   1.6321e+01   9.4469e-01   0.0000e+00   0.0000e+00   2.5063e+02
20260524_18:00:00   4.8720e-02   1.6879e+01   1.0040e+00   0.0000e+00   0.0000e+00   2.5019e+02
20260524_19:00:00   5.0670e-02   1.7353e+01   1.0651e+00   0.0000e+00   0.0000e+00   2.4854e+02
20260524_20:00:00   4.9687e-02   1.7110e+01   1.0409e+00   0.0000e+00   1.1356e-04   2.4733e+02
20260524_21:00:00   5.0298e-02   1.7249e+01   1.0545e+00   0.0000e+00   0.0000e+00   2.4805e+02
20260524_22:00:00   5.1790e-02   1.7584e+01   1.0973e+00   0.0000e+00   1.8702e-04   2.4811e+02
20260524_23:00:00   5.9606e-02   1.9381e+01   1.3227e+00   0.0000e+00   2.6262e-03   2.4727e+02
20260525_00:00:00   6.2106e-02   1.9969e+01   1.3895e+00   0.0000e+00   1.0620e-03   2.4853e+02
20260525_01:00:00   6.0733e-02   1.9687e+01   1.3408e+00   0.0000e+00   7.0140e-05   2.4959e+02
20260525_02:00:00   5.8254e-02   1.9083e+01   1.2796e+00   0.0000e+00   0.0000e+00   2.5066e+02
20260525_03:00:00   5.8008e-02   1.9089e+01   1.2646e+00   0.0000e+00   7.4700e-05   2.4987e+02
20260525_04:00:00   4.5180e-02   1.6015e+01   8.9593e-01   0.0000e+00   7.9220e-04   2.4973e+02
20260525_05:00:00   4.0494e-02   1.4882e+01   7.5884e-01   0.0000e+00   4.7701e-05   2.4946e+02
20260525_06:00:00   4.0169e-02   1.4788e+01   7.5434e-01   0.0000e+00   0.0000e+00   2.4925e+02
20260525_07:00:00   3.9210e-02   1.4526e+01   7.3421e-01   0.0000e+00   0.0000e+00   2.4874e+02
20260525_08:00:00   3.7334e-02   1.4039e+01   6.8769e-01   0.0000e+00   0.0000e+00   2.4811e+02
20260525_09:00:00   3.6012e-02   1.3691e+01   6.5569e-01   0.0000e+00   0.0000e+00   2.4818e+02
20260525_10:00:00   3.5909e-02   1.3645e+01   6.5691e-01   0.0000e+00   0.0000e+00   2.4933e+02
20260525_11:00:00   3.5546e-02   1.3522e+01   6.5299e-01   0.0000e+00   0.0000e+00   2.5036e+02
20260525_12:00:00   3.5248e-02   1.3433e+01   6.4637e-01   0.0000e+00   0.0000e+00   2.5187e+02
20260525_13:00:00   3.4660e-02   1.3292e+01   6.2789e-01   0.0000e+00   0.0000e+00   2.5246e+02
20260525_14:00:00   3.3909e-02   1.3109e+01   6.0574e-01   0.0000e+00   0.0000e+00   2.5227e+02
20260525_15:00:00   3.6117e-02   1.3663e+01   6.6909e-01   0.0000e+00   0.0000e+00   2.5107e+02
20260525_16:00:00   3.7472e-02   1.4025e+01   7.0502e-01   0.0000e+00   0.0000e+00   2.5079e+02
20260525_17:00:00   4.1507e-02   1.5069e+01   8.1365e-01   0.0000e+00   1.5804e-06   2.4975e+02
20260525_18:00:00   4.2033e-02   1.5215e+01   8.3099e-01   0.0000e+00   2.3940e-04   2.4920e+02
20260525_19:00:00   4.3282e-02   1.5526e+01   8.7081e-01   0.0000e+00   1.4680e-04   2.4817e+02
20260525_20:00:00   4.6733e-02   1.6381e+01   9.6930e-01   0.0000e+00   3.3034e-05   2.4851e+02
20260525_21:00:00   5.3365e-02   1.8002e+01   1.1531e+00   0.0000e+00   2.3620e-06   2.4753e+02
20260525_22:00:00   5.7877e-02   1.9092e+01   1.2749e+00   0.0000e+00   0.0000e+00   2.4692e+02
20260525_23:00:00   5.8284e-02   1.9172e+01   1.2899e+00   0.0000e+00   0.0000e+00   2.4693e+02
20260526_00:00:00   5.7342e-02   1.8940e+01   1.2646e+00   0.0000e+00   0.0000e+00   2.4523e+02
20260526_01:00:00   5.2743e-02   1.7858e+01   1.1300e+00   0.0000e+00   0.0000e+00   2.4573e+02
20260526_02:00:00   4.7918e-02   1.6686e+01   9.9303e-01   0.0000e+00   0.0000e+00   2.4769e+02
20260526_03:00:00   4.5936e-02   1.6181e+01   9.4093e-01   0.0000e+00   0.0000e+00   2.4694e+02
20260526_04:00:00   4.8280e-02   1.6761e+01   1.0061e+00   0.0000e+00   0.0000e+00   2.4623e+02
20260526_05:00:00   5.4582e-02   1.8309e+01   1.1795e+00   0.0000e+00   9.4500e-06   2.4663e+02
20260526_06:00:00   5.7393e-02   1.8999e+01   1.2536e+00   0.0000e+00   5.3260e-05   2.4728e+02
20260526_07:00:00   5.9127e-02   1.9425e+01   1.2980e+00   0.0000e+00   1.0662e-04   2.4733e+02
20260526_08:00:00   5.9792e-02   1.9598e+01   1.3134e+00   0.0000e+00   7.9020e-07   2.4771e+02
20260526_09:00:00   6.0301e-02   1.9735e+01   1.3265e+00   0.0000e+00   0.0000e+00   2.4857e+02
20260526_10:00:00   6.0404e-02   1.9760e+01   1.3271e+00   0.0000e+00   0.0000e+00   2.4974e+02
20260526_11:00:00   6.1529e-02   2.0007e+01   1.3626e+00   0.0000e+00   0.0000e+00   2.4957e+02
20260526_12:00:00   6.4739e-02   2.0718e+01   1.4607e+00   0.0000e+00   0.0000e+00   2.5124e+02
20260526_13:00:00   6.5300e-02   2.0850e+01   1.4765e+00   0.0000e+00   0.0000e+00   2.5427e+02
20260526_14:00:00   6.5844e-02   2.0988e+01   1.4907e+00   0.0000e+00   0.0000e+00   2.5464e+02
20260526_15:00:00   6.6605e-02   2.1187e+01   1.5100e+00   0.0000e+00   0.0000e+00   2.5231e+02
20260526_16:00:00   6.9843e-02   2.1982e+01   1.5934e+00   0.0000e+00   0.0000e+00   2.5196e+02
20260526_17:00:00   7.1422e-02   2.2404e+01   1.6284e+00   0.0000e+00   0.0000e+00   2.5062e+02
20260526_18:00:00   6.7820e-02   2.1589e+01   1.5277e+00   0.0000e+00   0.0000e+00   2.5134e+02
20260526_19:00:00   6.3628e-02   2.0601e+01   1.4138e+00   0.0000e+00   0.0000e+00   2.5243e+02
20260526_20:00:00   6.1474e-02   2.0093e+01   1.3539e+00   0.0000e+00   0.0000e+00   2.5185e+02
20260526_21:00:00   6.2488e-02   2.0334e+01   1.3819e+00   0.0000e+00   7.0160e-05   2.5158e+02
20260526_22:00:00   6.1893e-02   2.0202e+01   1.3611e+00   0.0000e+00   1.6772e-04   2.5073e+02
20260526_23:00:00   5.9964e-02   1.9720e+01   1.3105e+00   0.0000e+00   0.0000e+00   2.5042e+02
20260527_00:00:00   5.8670e-02   1.9396e+01   1.2747e+00   0.0000e+00   0.0000e+00   2.4968e+02
20260527_01:00:00   5.5780e-02   1.8689e+01   1.1965e+00   0.0000e+00   0.0000e+00   2.4904e+02
20260527_02:00:00   5.4072e-02   1.8289e+01   1.1452e+00   0.0000e+00   0.0000e+00   2.4908e+02
20260527_03:00:00   5.1902e-02   1.7780e+01   1.0780e+00   0.0000e+00   0.0000e+00   2.5047e+02
20260527_04:00:00   4.9209e-02   1.7119e+01   1.0003e+00   0.0000e+00   0.0000e+00   2.5055e+02
20260527_05:00:00   4.6613e-02   1.6468e+01   9.2879e-01   0.0000e+00   0.0000e+00   2.4971e+02
20260527_06:00:00   4.5946e-02   1.6297e+01   9.0942e-01   0.0000e+00   0.0000e+00   2.4800e+02
20260527_07:00:00   4.4514e-02   1.5927e+01   8.7285e-01   0.0000e+00   0.0000e+00   2.4862e+02
20260527_08:00:00   4.4293e-02   1.5866e+01   8.6718e-01   0.0000e+00   0.0000e+00   2.4828e+02
20260527_09:00:00   4.4007e-02   1.5792e+01   8.5842e-01   0.0000e+00   0.0000e+00   2.4867e+02
20260527_10:00:00   4.4238e-02   1.5842e+01   8.6429e-01   0.0000e+00   0.0000e+00   2.4806e+02
20260527_11:00:00   4.3205e-02   1.5573e+01   8.3692e-01   0.0000e+00   0.0000e+00   2.4850e+02
20260527_12:00:00   4.2437e-02   1.5375e+01   8.1341e-01   0.0000e+00   0.0000e+00   2.4859e+02
20260527_13:00:00   4.0970e-02   1.4990e+01   7.7716e-01   0.0000e+00   0.0000e+00   2.4806e+02
20260527_14:00:00   4.2627e-02   1.5413e+01   8.1784e-01   0.0000e+00   0.0000e+00   2.4802e+02
20260527_15:00:00   4.6116e-02   1.6319e+01   9.0273e-01   0.0000e+00   0.0000e+00   2.4862e+02
20260527_16:00:00   5.4485e-02   1.8457e+01   1.1099e+00   0.0000e+00   0.0000e+00   2.4957e+02
20260527_17:00:00   5.7992e-02   1.9349e+01   1.1993e+00   0.0000e+00   0.0000e+00   2.5169e+02
20260527_18:00:00   6.2425e-02   2.0459e+01   1.3108e+00   0.0000e+00   0.0000e+00   2.5236e+02
20260527_19:00:00   6.4970e-02   2.1065e+01   1.3806e+00   0.0000e+00   0.0000e+00   2.5187e+02
20260527_20:00:00   6.4371e-02   2.0913e+01   1.3665e+00   0.0000e+00   0.0000e+00   2.5071e+02
20260527_21:00:00   6.7331e-02   2.1627e+01   1.4416e+00   0.0000e+00   0.0000e+00   2.5051e+02
20260527_22:00:00   6.6612e-02   2.1462e+01   1.4184e+00   0.0000e+00   0.0000e+00   2.4974e+02
20260527_23:00:00   6.8245e-02   2.1854e+01   1.4556e+00   0.0000e+00   0.0000e+00   2.4856e+02
20260528_00:00:00   6.6812e-02   2.1475e+01   1.4290e+00   0.0000e+00   0.0000e+00   2.4869e+02
20260528_01:00:00   6.4063e-02   2.0780e+01   1.3675e+00   0.0000e+00   0.0000e+00   2.4924e+02
20260528_02:00:00   5.9842e-02   1.9720e+01   1.2701e+00   0.0000e+00   0.0000e+00   2.4928e+02
20260528_03:00:00   6.0502e-02   1.9859e+01   1.2933e+00   0.0000e+00   0.0000e+00   2.4925e+02
20260528_04:00:00   6.1752e-02   2.0141e+01   1.3311e+00   0.0000e+00   3.2420e-05   2.5024e+02
20260528_05:00:00   6.2523e-02   2.0304e+01   1.3574e+00   0.0000e+00   1.5804e-06   2.4955e+02
20260528_06:00:00   6.4362e-02   2.0713e+01   1.4185e+00   0.0000e+00   2.1240e-06   2.4915e+02
20260528_07:00:00   6.8754e-02   2.1739e+01   1.5454e+00   0.0000e+00   0.0000e+00   2.4759e+02
20260528_08:00:00   7.3355e-02   2.2820e+01   1.6727e+00   0.0000e+00   0.0000e+00   2.4625e+02
20260528_09:00:00   8.2134e-02   2.4854e+01   1.9097e+00   0.0000e+00   2.5120e-05   2.4600e+02
20260528_10:00:00   8.6702e-02   2.5913e+01   2.0286e+00   0.0000e+00   0.0000e+00   2.4669e+02
20260528_11:00:00   8.5137e-02   2.5534e+01   1.9907e+00   0.0000e+00   0.0000e+00   2.4703e+02
20260528_12:00:00   8.3045e-02   2.5053e+01   1.9353e+00   0.0000e+00   0.0000e+00   2.4704e+02
20260528_15:00:00   8.2747e-02   2.5053e+01   1.9182e+00   0.0000e+00   5.3100e-05   2.4534e+02
20260528_18:00:00   8.8187e-02   2.6415e+01   2.0452e+00   0.0000e+00   5.2932e-03   2.4303e+02
20260528_21:00:00   8.9950e-02   2.6857e+01   2.0782e+00   0.0000e+00   2.1903e-02   2.4113e+02
20260529_00:00:00   7.5475e-02   2.3465e+01   1.7064e+00   0.0000e+00   6.9359e-04   2.4010e+02
20260529_03:00:00   6.0463e-02   1.9737e+01   1.3279e+00   0.0000e+00   8.2465e-03   2.3852e+02
20260529_06:00:00   5.4663e-02   1.8365e+01   1.1697e+00   0.0000e+00   2.6780e-04   2.3847e+02
20260529_09:00:00   5.2475e-02   1.7788e+01   1.1212e+00   0.0000e+00   1.8338e-05   2.3744e+02
20260529_12:00:00   4.7805e-02   1.6563e+01   1.0053e+00   0.0000e+00   4.3802e-04   2.3900e+02
20260529_15:00:00   4.8755e-02   1.6820e+01   1.0248e+00   0.0000e+00   9.7977e-04   2.4006e+02
20260529_18:00:00   5.6423e-02   1.8796e+01   1.2272e+00   0.0000e+00   1.0666e-04   2.4140e+02
20260529_21:00:00   5.5959e-02   1.8590e+01   1.2327e+00   0.0000e+00   4.8653e-04   2.4375e+02
20260530_00:00:00   5.5010e-02   1.8275e+01   1.2133e+00   0.0000e+00   3.9244e-04   2.4280e+02
20260530_03:00:00   5.3223e-02   1.7849e+01   1.1566e+00   0.0000e+00   1.4896e-05   2.4203e+02
20260530_06:00:00   4.4509e-02   1.5784e+01   9.0037e-01   0.0000e+00   0.0000e+00   2.4189e+02
20260530_09:00:00   4.0854e-02   1.4821e+01   8.0943e-01   0.0000e+00   0.0000e+00   2.4172e+02
20260530_12:00:00   3.9411e-02   1.4456e+01   7.6922e-01   0.0000e+00   0.0000e+00   2.4040e+02
20260530_15:00:00   4.1587e-02   1.5079e+01   8.1615e-01   0.0000e+00   0.0000e+00   2.4094e+02
20260530_18:00:00   5.0508e-02   1.7296e+01   1.0709e+00   0.0000e+00   4.7420e-06   2.4041e+02
20260530_21:00:00   5.7800e-02   1.9073e+01   1.2799e+00   0.0000e+00   0.0000e+00   2.4017e+02
20260531_00:00:00   5.2022e-02   1.7787e+01   1.0939e+00   0.0000e+00   0.0000e+00   2.3738e+02
20260531_03:00:00   5.4770e-02   1.8429e+01   1.1830e+00   0.0000e+00   0.0000e+00   2.3554e+02
20260531_06:00:00   5.6508e-02   1.8847e+01   1.2370e+00   0.0000e+00   4.4860e-06   2.3726e+02
20260531_09:00:00   6.0725e-02   1.9796e+01   1.3813e+00   0.0000e+00   6.9199e-04   2.3727e+02
20260531_12:00:00   5.6957e-02   1.8934e+01   1.2740e+00   0.0000e+00   2.5476e-03   2.4043e+02
20260531_15:00:00   5.5389e-02   1.8583e+01   1.2284e+00   0.0000e+00   5.2540e-03   2.4220e+02
20260531_18:00:00   5.5617e-02   1.8691e+01   1.2279e+00   0.0000e+00   6.7881e-03   2.3959e+02
20260531_21:00:00   5.3793e-02   1.8254e+01   1.1720e+00   0.0000e+00   6.8081e-03   2.3909e+02
20260601_00:00:00   4.9658e-02   1.7205e+01   1.0584e+00   0.0000e+00   7.4495e-03   2.3619e+02
20260601_03:00:00   4.4126e-02   1.5787e+01   9.1459e-01   0.0000e+00   4.7032e-03   2.3727e+02
20260601_06:00:00   4.2770e-02   1.5383e+01   8.8214e-01   0.0000e+00   1.8000e-02   2.4057e+02
20260601_09:00:00   4.2514e-02   1.5211e+01   8.7838e-01   0.0000e+00   5.4700e-02   2.4377e+02
20260601_12:00:00   3.6708e-02   1.3775e+01   7.3065e-01   0.0000e+00   1.1879e-02   2.4468e+02
20260601_15:00:00   4.2176e-02   1.5046e+01   9.0516e-01   0.0000e+00   1.1532e-02   2.4041e+02
20260601_18:00:00   4.5598e-02   1.5944e+01   9.9562e-01   0.0000e+00   1.4779e-02   2.3701e+02
20260601_21:00:00   4.5499e-02   1.5984e+01   9.7986e-01   0.0000e+00   8.3836e-03   2.3777e+02
20260602_00:00:00   3.9885e-02   1.4517e+01   8.2655e-01   0.0000e+00   8.2500e-03   2.3830e+02
20260602_03:00:00   3.5104e-02   1.3361e+01   6.7697e-01   0.0000e+00   2.6918e-04   2.3879e+02
20260602_06:00:00   3.3520e-02   1.3015e+01   6.1580e-01   0.0000e+00   1.3938e-05   2.4113e+02
20260602_09:00:00   3.6457e-02   1.3764e+01   6.9296e-01   0.0000e+00   0.0000e+00   2.4360e+02
20260602_12:00:00   3.8172e-02   1.4163e+01   7.4569e-01   0.0000e+00   3.4500e-05   2.4356e+02
20260602_15:00:00   4.9809e-02   1.7085e+01   1.0577e+00   0.0000e+00   0.0000e+00   2.4300e+02
20260602_18:00:00   5.8078e-02   1.9152e+01   1.2665e+00   0.0000e+00   0.0000e+00   2.4392e+02
20260602_21:00:00   5.6186e-02   1.8724e+01   1.1964e+00   0.0000e+00   0.0000e+00   2.4683e+02
20260603_00:00:00   5.5222e-02   1.8548e+01   1.1598e+00   0.0000e+00   0.0000e+00   2.4655e+02
20260603_03:00:00   5.1203e-02   1.7561e+01   1.0506e+00   0.0000e+00   0.0000e+00   2.4739e+02
20260603_06:00:00   4.6079e-02   1.6260e+01   9.1562e-01   0.0000e+00   0.0000e+00   2.5082e+02
20260603_09:00:00   3.7732e-02   1.4168e+01   6.9037e-01   0.0000e+00   0.0000e+00   2.5132e+02
20260603_12:00:00   3.9857e-02   1.4694e+01   7.4819e-01   0.0000e+00   0.0000e+00   2.5365e+02
20260603_15:00:00   4.4049e-02   1.5778e+01   8.5758e-01   0.0000e+00   0.0000e+00   2.5597e+02
20260603_18:00:00   4.9156e-02   1.7070e+01   9.9639e-01   0.0000e+00   0.0000e+00   2.5338e+02
20260603_21:00:00   4.9302e-02   1.7089e+01   1.0072e+00   0.0000e+00   0.0000e+00   2.5152e+02
20260604_00:00:00   4.4737e-02   1.5929e+01   8.8445e-01   0.0000e+00   0.0000e+00   2.5296e+02
20260604_03:00:00   4.1985e-02   1.5233e+01   8.1205e-01   0.0000e+00   0.0000e+00   2.5229e+02
20260604_06:00:00   4.0387e-02   1.4826e+01   7.7058e-01   0.0000e+00   0.0000e+00   2.5203e+02
20260604_09:00:00   3.9163e-02   1.4498e+01   7.4513e-01   0.0000e+00   0.0000e+00   2.5327e+02
20260604_12:00:00   3.9718e-02   1.4618e+01   7.6440e-01   0.0000e+00   0.0000e+00   2.5392e+02
20260604_15:00:00   4.6482e-02   1.6353e+01   9.2533e-01   0.0000e+00   0.0000e+00   2.5067e+02
20260604_18:00:00   5.6798e-02   1.8946e+01   1.1859e+00   0.0000e+00   0.0000e+00   2.5168e+02
20260604_21:00:00   5.6829e-02   1.8924e+01   1.1908e+00   0.0000e+00   0.0000e+00   2.5337e+02
20260605_00:00:00   5.4090e-02   1.8239e+01   1.1126e+00   0.0000e+00   0.0000e+00   2.5429e+02
20260605_03:00:00   5.6119e-02   1.8828e+01   1.1339e+00   0.0000e+00   0.0000e+00   2.5271e+02
20260605_06:00:00   7.8799e-02   2.4185e+01   1.7147e+00   0.0000e+00   0.0000e+00   2.5017e+02
20260605_09:00:00   8.2814e-02   2.5011e+01   1.8541e+00   0.0000e+00   0.0000e+00   2.5051e+02
20260605_12:00:00   6.5423e-02   2.0943e+01   1.3725e+00   0.0000e+00   0.0000e+00   2.5274e+02
20260605_15:00:00   9.0440e-02   2.6855e+01   1.9450e+00   0.0000e+00   0.0000e+00   2.5656e+02
20260605_18:00:00   1.3134e-01   3.6279e+01   2.8149e+00   0.0000e+00   2.0208e-03   2.5966e+02
20260605_21:00:00   1.2281e-01   3.4318e+01   2.6011e+00   0.0000e+00   4.8462e-04   2.6338e+02
20260606_00:00:00   1.4368e-01   3.8676e+01   2.8796e+00   2.8180e-05   9.9740e-02   2.6595e+02
20260606_03:00:00   1.1646e-01   3.2610e+01   2.2527e+00   1.1172e-03   3.0768e-02   2.6849e+02
20260606_06:00:00   5.9085e-02   1.9397e+01   1.1141e+00   0.0000e+00   0.0000e+00   2.6469e+02
20260606_09:00:00   5.3604e-02   1.8035e+01   1.0319e+00   0.0000e+00   0.0000e+00   2.5789e+02
20260606_12:00:00   4.7827e-02   1.6579e+01   9.3987e-01   0.0000e+00   0.0000e+00   2.5797e+02
20260606_15:00:00   5.9658e-02   1.9525e+01   1.2542e+00   0.0000e+00   0.0000e+00   2.6014e+02
20260606_18:00:00   5.8002e-02   1.9174e+01   1.2250e+00   0.0000e+00   0.0000e+00   2.6017e+02
20260606_21:00:00   6.3124e-02   2.0514e+01   1.3435e+00   0.0000e+00   0.0000e+00   2.5625e+02
20260607_00:00:00   5.2050e-02   1.7805e+01   1.0612e+00   0.0000e+00   0.0000e+00   2.5390e+02
20260607_03:00:00   4.6696e-02   1.6447e+01   9.3518e-01   0.0000e+00   0.0000e+00   2.5939e+02
20260607_06:00:00   4.9677e-02   1.7171e+01   1.0226e+00   0.0000e+00   0.0000e+00   2.6038e+02
20260607_09:00:00   6.1711e-02   2.0122e+01   1.3360e+00   0.0000e+00   0.0000e+00   2.6239e+02
20260607_12:00:00   7.1039e-02   2.2358e+01   1.5912e+00   0.0000e+00   0.0000e+00   2.6576e+02
20260607_15:00:00   8.2782e-02   2.5134e+01   1.8892e+00   0.0000e+00   0.0000e+00   2.6939e+02
20260607_18:00:00   8.5456e-02   2.5854e+01   1.9315e+00   0.0000e+00   0.0000e+00   2.6761e+02
20260607_21:00:00   8.9908e-02   2.6879e+01   2.0344e+00   0.0000e+00   0.0000e+00   2.6747e+02
20260608_00:00:00   8.4797e-02   2.5770e+01   1.8878e+00   0.0000e+00   0.0000e+00   2.6973e+02
20260608_03:00:00   6.7946e-02   2.1840e+01   1.4251e+00   0.0000e+00   0.0000e+00   2.7414e+02
20260608_06:00:00   6.6399e-02   2.1453e+01   1.3731e+00   0.0000e+00   0.0000e+00   2.7225e+02
20260608_09:00:00   6.6782e-02   2.1508e+01   1.3857e+00   0.0000e+00   0.0000e+00   2.7219e+02
20260608_12:00:00   6.7668e-02   2.1676e+01   1.4425e+00   0.0000e+00   0.0000e+00   2.7007e+02
