#            date       tau255        Tb[K]      pwv[mm] lwp[kg*m^-2] iwp[kg*m^-2]       o3[DU]
20221111_12:00:00   2.8813e-01   7.1089e+01   4.9454e+00   0.0000e+00   3.8807e-03   2.9753e+02
20221111_13:00:00   2.9181e-01   7.1839e+01   5.0074e+00   0.0000e+00   3.6681e-03   2.9917e+02
20221111_14:00:00   2.9231e-01   7.1958e+01   5.0044e+00   0.0000e+00   7.3403e-03   3.0072e+02
20221111_15:00:00   2.9521e-01   7.2579e+01   5.0428e+00   0.0000e+00   6.9960e-03   3.0183e+02
20221111_16:00:00   3.0123e-01   7.3930e+01   5.1343e+00   0.0000e+00   4.2840e-03   3.0076e+02
20221111_17:00:00   3.0352e-01   7.4544e+01   5.1880e+00   0.0000e+00   5.0980e-03   2.9766e+02
20221111_18:00:00   3.1413e-01   7.6816e+01   5.3638e+00   0.0000e+00   8.0640e-03   2.9750e+02
20221111_19:00:00   3.2382e-01   7.8895e+01   5.5385e+00   0.0000e+00   5.1366e-03   2.9716e+02
20221111_20:00:00   3.3389e-01   8.1011e+01   5.7198e+00   0.0000e+00   6.1280e-03   2.9776e+02
20221111_21:00:00   3.4509e-01   8.3318e+01   5.9335e+00   0.0000e+00   4.5793e-03   2.9895e+02
20221111_22:00:00   3.5867e-01   8.6004e+01   6.1940e+00   0.0000e+00   7.8100e-03   2.9690e+02
20221111_23:00:00   3.7695e-01   8.9479e+01   6.5234e+00   0.0000e+00   1.1499e-02   2.9564e+02
20221112_00:00:00   3.9492e-01   9.2705e+01   6.8335e+00   0.0000e+00   1.0388e-02   2.9550e+02
20221112_01:00:00   3.9878e-01   9.3212e+01   6.8854e+00   0.0000e+00   1.7290e-02   2.9669e+02
20221112_02:00:00   3.9268e-01   9.1990e+01   6.7738e+00   0.0000e+00   1.6116e-02   2.9826e+02
20221112_03:00:00   3.8272e-01   9.0049e+01   6.6171e+00   0.0000e+00   1.6571e-02   2.9860e+02
20221112_04:00:00   3.7974e-01   8.9364e+01   6.5893e+00   0.0000e+00   1.8859e-02   2.9926e+02
20221112_05:00:00   3.7376e-01   8.8201e+01   6.5293e+00   0.0000e+00   1.0188e-02   3.0156e+02
20221112_06:00:00   3.6641e-01   8.6737e+01   6.4271e+00   0.0000e+00   1.2921e-02   2.9826e+02
20221112_07:00:00   3.6154e-01   8.5733e+01   6.3866e+00   0.0000e+00   4.5087e-03   2.9945e+02
20221112_08:00:00   3.6771e-01   8.6699e+01   6.5856e+00   0.0000e+00   1.6762e-03   3.0028e+02
20221112_09:00:00   3.5917e-01   8.5281e+01   6.3584e+00   0.0000e+00   0.0000e+00   3.0297e+02
20221112_10:00:00   3.3952e-01   8.1805e+01   5.9031e+00   0.0000e+00   0.0000e+00   3.0455e+02
20221112_11:00:00   3.3638e-01   8.1164e+01   5.8531e+00   0.0000e+00   0.0000e+00   3.0264e+02
20221112_12:00:00   3.3477e-01   8.0821e+01   5.8424e+00   0.0000e+00   6.1140e-05   2.9896e+02
20221112_13:00:00   3.3723e-01   8.1232e+01   5.9201e+00   0.0000e+00   9.3823e-04   2.9912e+02
20221112_14:00:00   3.4678e-01   8.2878e+01   6.1472e+00   0.0000e+00   3.2720e-03   2.9965e+02
20221112_15:00:00   3.4505e-01   8.2574e+01   6.0893e+00   0.0000e+00   1.2324e-03   2.9958e+02
20221112_16:00:00   3.5677e-01   8.4894e+01   6.2885e+00   0.0000e+00   0.0000e+00   2.9915e+02
20221112_17:00:00   3.4805e-01   8.3578e+01   6.0821e+00   0.0000e+00   0.0000e+00   3.0099e+02
20221112_18:00:00   3.6200e-01   8.6278e+01   6.3668e+00   0.0000e+00   0.0000e+00   3.0388e+02
20221112_19:00:00   3.7930e-01   8.9633e+01   6.6512e+00   0.0000e+00   0.0000e+00   3.0592e+02
20221112_20:00:00   3.8416e-01   9.0768e+01   6.6555e+00   0.0000e+00   0.0000e+00   3.0855e+02
20221112_21:00:00   3.7907e-01   9.0141e+01   6.4744e+00   0.0000e+00   0.0000e+00   3.0790e+02
20221112_22:00:00   3.7017e-01   8.8708e+01   6.2670e+00   0.0000e+00   8.1840e-08   3.1112e+02
20221112_23:00:00   3.7519e-01   8.9772e+01   6.3126e+00   6.1380e-07   1.6368e-07   3.1164e+02
20221113_00:00:00   3.8621e-01   9.1773e+01   6.4887e+00   1.2992e-05   1.8822e-06   3.1334e+02
20221113_01:00:00   3.9550e-01   9.3219e+01   6.5695e+00   5.6773e-05   2.6180e-06   3.1577e+02
20221113_02:00:00   4.0899e-01   9.5218e+01   6.7672e+00   1.8618e-05   1.5958e-06   3.1821e+02
20221113_03:00:00   3.9972e-01   9.3261e+01   6.5874e+00   5.7280e-06   8.5940e-07   3.2074e+02
20221113_04:00:00   3.7996e-01   8.9431e+01   6.2323e+00   1.9334e-05   3.6820e-07   3.2354e+02
20221113_05:00:00   3.6649e-01   8.6702e+01   6.0046e+00   1.6776e-05   3.2740e-07   3.2560e+02
20221113_06:00:00   3.5781e-01   8.4920e+01   5.8178e+00   4.1120e-05   9.8200e-07   3.2896e+02
20221113_07:00:00   3.5876e-01   8.4937e+01   5.7734e+00   4.5820e-05   5.3200e-07   3.3181e+02
20221113_08:00:00   3.5708e-01   8.4502e+01   5.6986e+00   1.3094e-05   4.0920e-07   3.3243e+02
20221113_09:00:00   3.5194e-01   8.3428e+01   5.5963e+00   5.1140e-07   3.2740e-07   3.3227e+02
20221113_10:00:00   3.5655e-01   8.4093e+01   5.6742e+00   0.0000e+00   0.0000e+00   3.3220e+02
20221113_11:00:00   3.6643e-01   8.5720e+01   5.8353e+00   0.0000e+00   0.0000e+00   3.3161e+02
20221113_12:00:00   3.8982e-01   8.9753e+01   6.2080e+00   0.0000e+00   0.0000e+00   3.3132e+02
20221113_13:00:00   4.1298e-01   9.3638e+01   6.5547e+00   0.0000e+00   3.2720e-06   3.3231e+02
20221113_14:00:00   4.1777e-01   9.4338e+01   6.6193e+00   0.0000e+00   2.0476e-05   3.3298e+02
20221113_15:00:00   4.0736e-01   9.2546e+01   6.4239e+00   0.0000e+00   5.6579e-05   3.3210e+02
20221113_16:00:00   4.0405e-01   9.2266e+01   6.3293e+00   2.4880e-05   5.7000e-05   3.3224e+02
20221113_17:00:00   4.0112e-01   9.1876e+01   6.2936e+00   0.0000e+00   9.4760e-07   3.3338e+02
20221113_18:00:00   3.9276e-01   9.0569e+01   6.1653e+00   0.0000e+00   8.9540e-06   3.3481e+02
20221113_19:00:00   3.7100e-01   8.6812e+01   5.8564e+00   0.0000e+00   2.9840e-06   3.3094e+02
20221113_20:00:00   3.0633e-01   7.4954e+01   4.8520e+00   0.0000e+00   0.0000e+00   3.2201e+02
20221113_21:00:00   2.8402e-01   7.0578e+01   4.5756e+00   0.0000e+00   0.0000e+00   3.1148e+02
20221113_22:00:00   2.7577e-01   6.9044e+01   4.4753e+00   0.0000e+00   0.0000e+00   3.0237e+02
20221113_23:00:00   2.8097e-01   7.0193e+01   4.5980e+00   0.0000e+00   0.0000e+00   2.9286e+02
20221114_00:00:00   2.8567e-01   7.1181e+01   4.7156e+00   0.0000e+00   0.0000e+00   2.8282e+02
20221114_01:00:00   2.8550e-01   7.1131e+01   4.7163e+00   0.0000e+00   0.0000e+00   2.8223e+02
20221114_02:00:00   2.8360e-01   7.0791e+01   4.6692e+00   0.0000e+00   0.0000e+00   2.8219e+02
20221114_03:00:00   2.7404e-01   6.8915e+01   4.5180e+00   0.0000e+00   0.0000e+00   2.8124e+02
20221114_04:00:00   2.6393e-01   6.6859e+01   4.3612e+00   0.0000e+00   0.0000e+00   2.7980e+02
20221114_05:00:00   2.5872e-01   6.5794e+01   4.2853e+00   0.0000e+00   0.0000e+00   2.7790e+02
20221114_06:00:00   2.5650e-01   6.5352e+01   4.2553e+00   0.0000e+00   0.0000e+00   2.7546e+02
20221114_07:00:00   2.5477e-01   6.4971e+01   4.2395e+00   0.0000e+00   0.0000e+00   2.7472e+02
20221114_08:00:00   2.5150e-01   6.4242e+01   4.2162e+00   0.0000e+00   0.0000e+00   2.7532e+02
20221114_09:00:00   2.4593e-01   6.3070e+01   4.1591e+00   0.0000e+00   1.5641e-05   2.7622e+02
20221114_10:00:00   2.4141e-01   6.2118e+01   4.1082e+00   0.0000e+00   7.0973e-04   2.7525e+02
20221114_11:00:00   2.3933e-01   6.1648e+01   4.0797e+00   0.0000e+00   2.3139e-03   2.7616e+02
20221114_12:00:00   2.3890e-01   6.1532e+01   4.0709e+00   0.0000e+00   2.7577e-03   2.7811e+02
20221114_13:00:00   2.3865e-01   6.1422e+01   4.0710e+00   0.0000e+00   9.4755e-03   2.8059e+02
20221114_14:00:00   2.4132e-01   6.1905e+01   4.1381e+00   0.0000e+00   1.7723e-02   2.8111e+02
20221114_15:00:00   2.2987e-01   5.9644e+01   3.9162e+00   0.0000e+00   1.0116e-02   2.8211e+02
20221114_16:00:00   2.2304e-01   5.8389e+01   3.7363e+00   0.0000e+00   1.7864e-03   2.8389e+02
20221114_17:00:00   2.2513e-01   5.8951e+01   3.7604e+00   0.0000e+00   1.3454e-06   2.8506e+02
20221114_18:00:00   2.3442e-01   6.1035e+01   3.9673e+00   0.0000e+00   6.4999e-05   2.8765e+02
20221114_19:00:00   2.5492e-01   6.5308e+01   4.4379e+00   0.0000e+00   2.4732e-03   2.8990e+02
20221114_20:00:00   2.7432e-01   6.9285e+01   4.8364e+00   0.0000e+00   9.0371e-03   2.8775e+02
20221114_21:00:00   2.8495e-01   7.1701e+01   4.9839e+00   0.0000e+00   6.2677e-04   2.8670e+02
20221114_22:00:00   3.0653e-01   7.6073e+01   5.3830e+00   0.0000e+00   2.6304e-03   2.8411e+02
20221114_23:00:00   3.2979e-01   8.0602e+01   5.8128e+00   0.0000e+00   1.9306e-03   2.8226e+02
20221115_00:00:00   3.4913e-01   8.4105e+01   6.1689e+00   0.0000e+00   1.7752e-02   2.8067e+02
20221115_01:00:00   3.5511e-01   8.5021e+01   6.2778e+00   0.0000e+00   2.4615e-02   2.8051e+02
20221115_02:00:00   3.5046e-01   8.3895e+01   6.2109e+00   0.0000e+00   2.5490e-02   2.8082e+02
20221115_03:00:00   3.4467e-01   8.2581e+01   6.1420e+00   0.0000e+00   2.2995e-02   2.8146e+02
20221115_04:00:00   3.2927e-01   7.9548e+01   5.8581e+00   0.0000e+00   1.5027e-02   2.8140e+02
20221115_05:00:00   3.1989e-01   7.7612e+01   5.6959e+00   0.0000e+00   1.0470e-02   2.8142e+02
20221115_06:00:00   3.1917e-01   7.7346e+01   5.6799e+00   0.0000e+00   1.1133e-02   2.8196e+02
20221115_07:00:00   3.2252e-01   7.7936e+01   5.7074e+00   0.0000e+00   1.5248e-02   2.8225e+02
20221115_08:00:00   3.2798e-01   7.8923e+01   5.7700e+00   0.0000e+00   3.4865e-02   2.8401e+02
20221115_09:00:00   3.3661e-01   8.0495e+01   5.8942e+00   0.0000e+00   7.5164e-02   2.8504e+02
20221115_10:00:00   3.4547e-01   8.2155e+01   6.0428e+00   0.0000e+00   3.7707e-02   2.8777e+02
20221115_11:00:00   3.3507e-01   8.0353e+01   5.7745e+00   0.0000e+00   4.7567e-03   2.9177e+02
20221115_12:00:00   3.3636e-01   8.0574e+01   5.7480e+00   0.0000e+00   2.4773e-04   2.9578e+02
20221115_13:00:00   3.3665e-01   8.0586e+01   5.7046e+00   0.0000e+00   0.0000e+00   2.9467e+02
20221115_14:00:00   3.4154e-01   8.1378e+01   5.7713e+00   0.0000e+00   0.0000e+00   2.9528e+02
20221115_15:00:00   3.5104e-01   8.3089e+01   5.9134e+00   0.0000e+00   0.0000e+00   2.9544e+02
20221115_16:00:00   3.7170e-01   8.6857e+01   6.2742e+00   0.0000e+00   0.0000e+00   2.9733e+02
20221115_17:00:00   3.8532e-01   8.9298e+01   6.5261e+00   0.0000e+00   2.4306e-03   2.9850e+02
20221115_18:00:00   4.0171e-01   9.2258e+01   6.8100e+00   0.0000e+00   9.0937e-03   2.9784e+02
20221115_19:00:00   4.1963e-01   9.5457e+01   7.1523e+00   0.0000e+00   6.1896e-03   2.9916e+02
20221115_20:00:00   4.3329e-01   9.7953e+01   7.4102e+00   0.0000e+00   2.5028e-03   3.0085e+02
20221115_21:00:00   4.3512e-01   9.8519e+01   7.4364e+00   0.0000e+00   2.0304e-04   2.9526e+02
20221115_22:00:00   4.5949e-01   1.0274e+02   7.9066e+00   0.0000e+00   3.3463e-03   2.9047e+02
20221115_23:00:00   4.6134e-01   1.0329e+02   7.9408e+00   0.0000e+00   1.5156e-04   2.8859e+02
20221116_00:00:00   4.5125e-01   1.0189e+02   7.7080e+00   0.0000e+00   8.1840e-08   2.8816e+02
20221116_01:00:00   4.4167e-01   1.0042e+02   7.4636e+00   0.0000e+00   0.0000e+00   2.8606e+02
20221116_02:00:00   4.4037e-01   1.0034e+02   7.3471e+00   0.0000e+00   0.0000e+00   2.8407e+02
20221116_03:00:00   4.3467e-01   9.9535e+01   7.1169e+00   0.0000e+00   0.0000e+00   2.8227e+02
20221116_04:00:00   4.2445e-01   9.7797e+01   6.8525e+00   0.0000e+00   0.0000e+00   2.8247e+02
20221116_05:00:00   4.1073e-01   9.5364e+01   6.5547e+00   0.0000e+00   0.0000e+00   2.8468e+02
20221116_06:00:00   3.9274e-01   9.2109e+01   6.1886e+00   0.0000e+00   0.0000e+00   2.8565e+02
20221116_07:00:00   3.7464e-01   8.8741e+01   5.8377e+00   0.0000e+00   0.0000e+00   2.8557e+02
20221116_08:00:00   3.4338e-01   8.2970e+01   5.3000e+00   0.0000e+00   0.0000e+00   2.8455e+02
20221116_09:00:00   3.0487e-01   7.5617e+01   4.6869e+00   0.0000e+00   0.0000e+00   2.8114e+02
20221116_10:00:00   2.8312e-01   7.1253e+01   4.3729e+00   0.0000e+00   0.0000e+00   2.7936e+02
20221116_11:00:00   2.7288e-01   6.9069e+01   4.2335e+00   0.0000e+00   0.0000e+00   2.7817e+02
20221116_12:00:00   2.6138e-01   6.6683e+01   4.0622e+00   0.0000e+00   0.0000e+00   2.7597e+02
20221116_15:00:00   2.3640e-01   6.1418e+01   3.7482e+00   0.0000e+00   0.0000e+00   2.8263e+02
20221116_18:00:00   2.3425e-01   6.1236e+01   3.8085e+00   0.0000e+00   0.0000e+00   2.8714e+02
20221116_21:00:00   2.3097e-01   6.0743e+01   3.8436e+00   0.0000e+00   0.0000e+00   2.9088e+02
20221117_00:00:00   2.3558e-01   6.2035e+01   3.8687e+00   0.0000e+00   0.0000e+00   2.8612e+02
20221117_03:00:00   2.1939e-01   5.8479e+01   3.5561e+00   0.0000e+00   0.0000e+00   2.7958e+02
20221117_06:00:00   1.9474e-01   5.3004e+01   3.1067e+00   0.0000e+00   0.0000e+00   2.8134e+02
20221117_09:00:00   1.7036e-01   4.7432e+01   2.6682e+00   0.0000e+00   0.0000e+00   2.8092e+02
20221117_12:00:00   1.6030e-01   4.4840e+01   2.5870e+00   0.0000e+00   0.0000e+00   2.7318e+02
20221117_15:00:00   1.6541e-01   4.5635e+01   2.8193e+00   0.0000e+00   0.0000e+00   2.7659e+02
20221117_18:00:00   2.1479e-01   5.6536e+01   3.9240e+00   0.0000e+00   5.3901e-05   2.7893e+02
20221117_21:00:00   2.9725e-01   7.3773e+01   5.6617e+00   0.0000e+00   1.3418e-03   2.7700e+02
20221118_00:00:00   3.7555e-01   8.9079e+01   7.1289e+00   0.0000e+00   3.9800e-03   2.7895e+02
20221118_03:00:00   3.3098e-01   8.1456e+01   5.9651e+00   0.0000e+00   3.4404e-03   2.8533e+02
20221118_06:00:00   2.7543e-01   7.0557e+01   4.7275e+00   0.0000e+00   0.0000e+00   2.8977e+02
20221118_09:00:00   2.2882e-01   6.0425e+01   3.8715e+00   0.0000e+00   0.0000e+00   2.9013e+02
20221118_12:00:00   2.2420e-01   5.9137e+01   3.7770e+00   0.0000e+00   0.0000e+00   2.8982e+02
20221118_15:00:00   2.5058e-01   6.4491e+01   4.2149e+00   0.0000e+00   0.0000e+00   2.9468e+02
20221118_18:00:00   2.7392e-01   6.9600e+01   4.6124e+00   0.0000e+00   0.0000e+00   2.9401e+02
20221118_21:00:00   2.9273e-01   7.3609e+01   4.9939e+00   0.0000e+00   0.0000e+00   2.9980e+02
20221119_00:00:00   3.1660e-01   7.8170e+01   5.4652e+00   0.0000e+00   0.0000e+00   2.9929e+02
20221119_03:00:00   3.2681e-01   7.9835e+01   5.5748e+00   0.0000e+00   0.0000e+00   2.9969e+02
20221119_06:00:00   3.3164e-01   8.0658e+01   5.6461e+00   0.0000e+00   0.0000e+00   3.0740e+02
20221119_09:00:00   3.3507e-01   8.1064e+01   5.7372e+00   0.0000e+00   0.0000e+00   3.0934e+02
20221119_12:00:00   3.0949e-01   7.6027e+01   5.2347e+00   0.0000e+00   0.0000e+00   3.0785e+02
20221119_15:00:00   2.8306e-01   7.0848e+01   4.6853e+00   0.0000e+00   0.0000e+00   3.0689e+02
20221119_18:00:00   2.6869e-01   6.8340e+01   4.4172e+00   0.0000e+00   0.0000e+00   3.0645e+02
20221119_21:00:00   2.7927e-01   7.0901e+01   4.6387e+00   0.0000e+00   0.0000e+00   3.0163e+02
20221120_00:00:00   3.0717e-01   7.6645e+01   5.1381e+00   0.0000e+00   1.3492e-04   3.0639e+02
20221120_03:00:00   3.3763e-01   8.2146e+01   5.6926e+00   0.0000e+00   6.7371e-03   3.0862e+02
20221120_06:00:00   3.3837e-01   8.1770e+01   5.9155e+00   0.0000e+00   2.2527e-03   3.0790e+02
20221120_09:00:00   4.2335e-01   9.6030e+01   8.0112e+00   0.0000e+00   1.2478e-02   3.0233e+02
20221120_12:00:00   4.1427e-01   9.4304e+01   7.8315e+00   0.0000e+00   3.3444e-02   2.9848e+02
20221120_15:00:00   4.4742e-01   9.9784e+01   8.4542e+00   0.0000e+00   9.2405e-02   2.9802e+02
20221120_18:00:00   4.9822e-01   1.0859e+02   9.3903e+00   0.0000e+00   1.3976e-02   2.9692e+02
20221120_21:00:00   5.2092e-01   1.1271e+02   9.7100e+00   0.0000e+00   2.4868e-03   2.9587e+02
20221121_00:00:00   5.9089e-01   1.2324e+02   1.0937e+01   0.0000e+00   8.4061e-02   2.8619e+02
20221121_03:00:00   6.0317e-01   1.2516e+02   1.0988e+01   0.0000e+00   1.1556e-03   2.8036e+02
20221121_06:00:00   5.6978e-01   1.2060e+02   1.0223e+01   0.0000e+00   8.1840e-08   2.7087e+02
20221121_09:00:00   5.2735e-01   1.1453e+02   9.3162e+00   0.0000e+00   0.0000e+00   2.7260e+02
20221121_12:00:00   4.9930e-01   1.1028e+02   8.7884e+00   0.0000e+00   0.0000e+00   2.7198e+02
20221121_15:00:00   4.9283e-01   1.0930e+02   8.7283e+00   0.0000e+00   0.0000e+00   2.7459e+02
20221121_18:00:00   5.0202e-01   1.1126e+02   8.9117e+00   0.0000e+00   1.1903e-03   2.7783e+02
20221121_21:00:00   5.2842e-01   1.1595e+02   9.4479e+00   0.0000e+00   8.8960e-03   2.7699e+02
20221122_00:00:00   5.6045e-01   1.2080e+02   1.0158e+01   0.0000e+00   1.1989e-02   2.7781e+02
20221122_03:00:00   5.7630e-01   1.2262e+02   1.0508e+01   0.0000e+00   4.0972e-03   2.7755e+02
20221122_06:00:00   5.6548e-01   1.2085e+02   1.0307e+01   0.0000e+00   1.3600e-03   2.7918e+02
20221122_09:00:00   5.3215e-01   1.1576e+02   9.6435e+00   0.0000e+00   3.4132e-03   2.7905e+02
20221122_12:00:00   5.0430e-01   1.1131e+02   9.1269e+00   0.0000e+00   5.6120e-03   2.8345e+02
20221122_15:00:00   4.9243e-01   1.0925e+02   8.8957e+00   0.0000e+00   8.3599e-03   2.8632e+02
20221122_18:00:00   5.0352e-01   1.1129e+02   9.0716e+00   0.0000e+00   6.1738e-03   2.8469e+02
20221122_21:00:00   5.0556e-01   1.1223e+02   9.1628e+00   0.0000e+00   3.0293e-03   2.8196e+02
20221123_00:00:00   5.4061e-01   1.1802e+02   9.7600e+00   0.0000e+00   0.0000e+00   2.8298e+02
20221123_03:00:00   5.3313e-01   1.1674e+02   9.4879e+00   0.0000e+00   0.0000e+00   2.8961e+02
20221123_06:00:00   5.0053e-01   1.1162e+02   8.8114e+00   0.0000e+00   0.0000e+00   2.8837e+02
20221123_09:00:00   4.6489e-01   1.0587e+02   8.1378e+00   0.0000e+00   0.0000e+00   2.8508e+02
20221123_12:00:00   4.2357e-01   9.8870e+01   7.3482e+00   0.0000e+00   0.0000e+00   2.8062e+02
20221123_15:00:00   4.0610e-01   9.5759e+01   6.9940e+00   0.0000e+00   0.0000e+00   2.7419e+02
20221123_18:00:00   3.8553e-01   9.2426e+01   6.6315e+00   0.0000e+00   0.0000e+00   2.6738e+02
20221123_21:00:00   3.8852e-01   9.3580e+01   6.7461e+00   0.0000e+00   0.0000e+00   2.6466e+02
20221124_00:00:00   4.2791e-01   1.0064e+02   7.4641e+00   0.0000e+00   0.0000e+00   2.6529e+02
20221124_03:00:00   4.0568e-01   9.6441e+01   6.9882e+00   0.0000e+00   3.6980e-05   2.6589e+02
20221124_06:00:00   3.7735e-01   9.1055e+01   6.4724e+00   0.0000e+00   0.0000e+00   2.7151e+02
20221124_09:00:00   3.5151e-01   8.6000e+01   6.0327e+00   0.0000e+00   2.6660e-05   2.7000e+02
20221124_12:00:00   3.4690e-01   8.4949e+01   5.9745e+00   0.0000e+00   2.4220e-05   2.6312e+02
20221124_15:00:00   3.4433e-01   8.4338e+01   5.9667e+00   0.0000e+00   0.0000e+00   2.6084e+02
20221124_18:00:00   3.3876e-01   8.3600e+01   5.9233e+00   0.0000e+00   1.2642e-05   2.5867e+02
20221124_21:00:00   3.5658e-01   8.7304e+01   6.3390e+00   0.0000e+00   0.0000e+00   2.5551e+02
20221125_00:00:00   3.9211e-01   9.3804e+01   6.9984e+00   0.0000e+00   2.4784e-03   2.5342e+02
20221125_03:00:00   3.5956e-01   8.7590e+01   6.2857e+00   0.0000e+00   1.5022e-04   2.5560e+02
20221125_06:00:00   3.3072e-01   8.1876e+01   5.7258e+00   0.0000e+00   0.0000e+00   2.5885e+02
20221125_09:00:00   3.2233e-01   8.0047e+01   5.5650e+00   0.0000e+00   0.0000e+00   2.6029e+02
20221125_12:00:00   3.2833e-01   8.0904e+01   5.7277e+00   0.0000e+00   3.5540e-04   2.6121e+02
20221125_15:00:00   3.2988e-01   8.1075e+01   5.7691e+00   0.0000e+00   5.8300e-03   2.6222e+02
20221125_18:00:00   3.4510e-01   8.3970e+01   6.2147e+00   0.0000e+00   6.7678e-03   2.6217e+02
20221125_21:00:00   4.1591e-01   9.6631e+01   7.8442e+00   0.0000e+00   5.3960e-05   2.6445e+02
20221126_00:00:00   4.8934e-01   1.0898e+02   9.2277e+00   0.0000e+00   8.0713e-04   2.6917e+02
20221126_03:00:00   4.2535e-01   9.8459e+01   7.6765e+00   0.0000e+00   2.6904e-06   2.7362e+02
20221126_06:00:00   3.4094e-01   8.3390e+01   5.9033e+00   0.0000e+00   0.0000e+00   2.6382e+02
20221126_09:00:00   3.2340e-01   7.9943e+01   5.5265e+00   0.0000e+00   2.1340e-05   2.6019e+02
20221126_12:00:00   3.2152e-01   7.9443e+01   5.4435e+00   0.0000e+00   1.0075e-03   2.6340e+02
20221126_15:00:00   3.3746e-01   8.2266e+01   5.7825e+00   0.0000e+00   5.2850e-03   2.6342e+02
20221126_18:00:00   3.9340e-01   9.2764e+01   6.9301e+00   0.0000e+00   2.8720e-03   2.6935e+02
20221126_21:00:00   4.4753e-01   1.0269e+02   8.0122e+00   0.0000e+00   1.5590e-03   2.7173e+02
20221127_00:00:00   4.5288e-01   1.0400e+02   7.9703e+00   0.0000e+00   1.4547e-03   2.6912e+02
20221127_03:00:00   4.2380e-01   9.8675e+01   7.3590e+00   0.0000e+00   8.6460e-03   2.7672e+02
20221127_06:00:00   4.0139e-01   9.4253e+01   7.0703e+00   0.0000e+00   1.0506e-02   2.7853e+02
20221127_09:00:00   3.4782e-01   8.4513e+01   6.0401e+00   0.0000e+00   0.0000e+00   2.8051e+02
20221127_12:00:00   3.2536e-01   8.0134e+01   5.6593e+00   0.0000e+00   0.0000e+00   2.7215e+02
