#            date       tau255        Tb[K]      pwv[mm] lwp[kg*m^-2] iwp[kg*m^-2]       o3[DU]
20221221_06:00:00   4.6636e-01   1.0502e+02   7.5839e+00   0.0000e+00   1.6466e-04   2.8219e+02
20221221_07:00:00   4.5146e-01   1.0246e+02   7.3458e+00   0.0000e+00   0.0000e+00   2.8148e+02
20221221_08:00:00   4.3630e-01   9.9792e+01   7.1077e+00   0.0000e+00   0.0000e+00   2.8520e+02
20221221_09:00:00   4.2036e-01   9.6992e+01   6.8573e+00   0.0000e+00   0.0000e+00   2.8507e+02
20221221_10:00:00   4.0997e-01   9.5111e+01   6.7459e+00   0.0000e+00   0.0000e+00   2.8360e+02
20221221_11:00:00   3.9677e-01   9.2716e+01   6.5503e+00   0.0000e+00   9.7960e-07   2.8131e+02
20221221_12:00:00   3.8449e-01   9.0422e+01   6.3877e+00   0.0000e+00   3.2080e-04   2.7856e+02
20221221_13:00:00   3.7671e-01   8.8957e+01   6.3099e+00   0.0000e+00   0.0000e+00   2.8061e+02
20221221_14:00:00   3.6935e-01   8.7535e+01   6.2532e+00   0.0000e+00   1.1058e-04   2.7507e+02
20221221_15:00:00   3.6655e-01   8.6981e+01   6.2645e+00   0.0000e+00   1.1858e-04   2.7540e+02
20221221_16:00:00   3.6495e-01   8.6754e+01   6.2658e+00   0.0000e+00   4.3080e-05   2.7538e+02
20221221_17:00:00   3.8587e-01   9.0897e+01   6.6126e+00   0.0000e+00   0.0000e+00   2.7386e+02
20221221_18:00:00   4.1271e-01   9.5958e+01   7.0693e+00   0.0000e+00   0.0000e+00   2.7102e+02
20221221_19:00:00   4.4435e-01   1.0171e+02   7.5936e+00   0.0000e+00   0.0000e+00   2.6861e+02
20221221_20:00:00   4.7618e-01   1.0732e+02   8.0706e+00   1.8646e-03   0.0000e+00   2.7024e+02
20221221_21:00:00   4.8084e-01   1.0819e+02   8.2535e+00   4.9780e-05   0.0000e+00   2.7330e+02
20221221_22:00:00   4.8646e-01   1.0909e+02   8.3729e+00   2.3480e-04   0.0000e+00   2.7521e+02
20221221_23:00:00   4.9677e-01   1.1073e+02   8.5842e+00   1.2242e-04   2.7260e-05   2.7632e+02
20221222_00:00:00   5.0347e-01   1.1171e+02   8.7451e+00   0.0000e+00   7.8720e-06   2.7404e+02
20221222_01:00:00   4.8734e-01   1.0880e+02   8.6080e+00   0.0000e+00   3.7829e-04   2.7523e+02
20221222_02:00:00   4.7433e-01   1.0645e+02   8.5112e+00   0.0000e+00   4.8461e-05   2.7393e+02
20221222_03:00:00   4.7408e-01   1.0635e+02   8.5389e+00   0.0000e+00   3.7819e-04   2.7461e+02
20221222_04:00:00   4.8160e-01   1.0758e+02   8.6943e+00   0.0000e+00   1.8687e-03   2.7767e+02
20221222_05:00:00   4.8828e-01   1.0866e+02   8.8561e+00   0.0000e+00   1.0781e-03   2.8286e+02
20221222_06:00:00   4.8807e-01   1.0853e+02   8.9047e+00   0.0000e+00   1.2020e-04   2.8266e+02
20221222_07:00:00   4.8234e-01   1.0751e+02   8.8682e+00   0.0000e+00   2.5062e-05   2.8577e+02
20221222_08:00:00   4.7659e-01   1.0647e+02   8.8067e+00   0.0000e+00   3.2741e-04   2.8894e+02
20221222_09:00:00   4.7430e-01   1.0599e+02   8.8108e+00   0.0000e+00   8.1526e-04   2.8993e+02
20221222_10:00:00   4.8425e-01   1.0750e+02   9.0605e+00   0.0000e+00   5.3221e-04   2.8992e+02
20221222_11:00:00   4.9605e-01   1.0932e+02   9.3255e+00   0.0000e+00   9.0697e-04   2.9041e+02
20221222_12:00:00   5.1964e-01   1.1293e+02   9.8937e+00   0.0000e+00   3.3061e-03   2.8933e+02
20221222_13:00:00   5.3635e-01   1.1553e+02   1.0268e+01   0.0000e+00   3.5568e-03   2.8798e+02
20221222_14:00:00   5.5501e-01   1.1837e+02   1.0687e+01   0.0000e+00   4.3698e-03   2.8422e+02
20221222_15:00:00   5.6497e-01   1.1989e+02   1.0925e+01   0.0000e+00   5.2512e-03   2.8109e+02
20221222_16:00:00   5.7487e-01   1.2157e+02   1.1051e+01   0.0000e+00   8.1660e-03   2.7998e+02
20221222_17:00:00   5.9159e-01   1.2430e+02   1.1288e+01   0.0000e+00   7.3968e-03   2.7667e+02
20221222_18:00:00   6.2801e-01   1.2980e+02   1.1891e+01   0.0000e+00   3.7561e-02   2.7100e+02
20221222_19:00:00   6.6650e-01   1.3541e+02   1.2507e+01   0.0000e+00   1.2126e-01   2.6350e+02
20221222_20:00:00   6.7667e-01   1.3713e+02   1.2601e+01   0.0000e+00   3.4979e-02   2.6341e+02
20221222_21:00:00   6.7674e-01   1.3737e+02   1.2531e+01   2.1400e-04   2.7804e-02   2.6430e+02
20221222_22:00:00   7.1373e-01   1.4212e+02   1.3228e+01   8.8800e-04   8.2631e-02   2.6553e+02
20221222_23:00:00   7.2752e-01   1.4380e+02   1.3479e+01   4.6020e-04   1.0088e-01   2.6960e+02
20221223_00:00:00   7.3969e-01   1.4524e+02   1.3736e+01   0.0000e+00   4.6409e-02   2.7043e+02
20221223_01:00:00   7.4883e-01   1.4622e+02   1.3940e+01   0.0000e+00   5.3120e-02   2.7135e+02
20221223_02:00:00   7.0536e-01   1.4076e+02   1.3015e+01   0.0000e+00   2.3039e-02   2.7030e+02
20221223_03:00:00   6.8622e-01   1.3811e+02   1.2628e+01   0.0000e+00   1.4980e-04   2.6898e+02
20221223_04:00:00   6.8771e-01   1.3805e+02   1.2660e+01   0.0000e+00   1.6328e-02   2.6963e+02
20221223_05:00:00   7.0554e-01   1.4040e+02   1.2901e+01   0.0000e+00   7.5520e-02   2.7016e+02
20221223_06:00:00   7.1989e-01   1.4226e+02   1.3053e+01   0.0000e+00   8.5261e-02   2.7101e+02
20221223_07:00:00   7.3598e-01   1.4434e+02   1.3103e+01   0.0000e+00   1.0629e-01   2.7192e+02
20221223_08:00:00   7.2891e-01   1.4389e+02   1.2708e+01   0.0000e+00   2.6326e-03   2.7680e+02
20221223_09:00:00   6.1939e-01   1.2923e+02   1.0615e+01   0.0000e+00   2.4560e-07   2.8128e+02
20221223_10:00:00   5.9739e-01   1.2590e+02   1.0220e+01   0.0000e+00   2.1745e-06   2.8111e+02
20221223_11:00:00   6.0771e-01   1.2727e+02   1.0426e+01   0.0000e+00   0.0000e+00   2.7709e+02
20221223_12:00:00   5.9746e-01   1.2578e+02   1.0226e+01   0.0000e+00   0.0000e+00   2.7633e+02
20221223_13:00:00   5.8509e-01   1.2405e+02   9.9656e+00   0.0000e+00   0.0000e+00   2.7228e+02
20221223_14:00:00   5.6834e-01   1.2162e+02   9.6444e+00   0.0000e+00   0.0000e+00   2.7120e+02
20221223_15:00:00   5.3327e-01   1.1634e+02   9.0023e+00   0.0000e+00   4.0380e-05   2.6811e+02
20221223_16:00:00   5.1003e-01   1.1280e+02   8.5595e+00   0.0000e+00   4.4280e-04   2.6832e+02
20221223_17:00:00   5.2731e-01   1.1587e+02   8.8840e+00   0.0000e+00   1.5642e-03   2.6687e+02
20221223_18:00:00   5.5458e-01   1.2039e+02   9.3333e+00   0.0000e+00   2.8061e-03   2.6619e+02
20221223_19:00:00   5.8330e-01   1.2499e+02   9.7909e+00   0.0000e+00   9.9678e-03   2.6511e+02
20221223_20:00:00   6.1768e-01   1.2997e+02   1.0495e+01   1.2186e-03   2.0589e-02   2.6260e+02
20221223_21:00:00   6.7335e-01   1.3768e+02   1.1415e+01   6.9360e-03   2.6824e-02   2.6285e+02
20221223_22:00:00   6.7176e-01   1.3756e+02   1.1245e+01   1.0029e-02   2.4765e-03   2.6240e+02
20221223_23:00:00   6.6313e-01   1.3635e+02   1.1202e+01   7.3995e-03   6.7290e-04   2.6228e+02
20221224_00:00:00   6.5359e-01   1.3491e+02   1.1255e+01   2.6443e-03   2.6279e-03   2.6218e+02
20221224_01:00:00   6.2769e-01   1.3104e+02   1.0957e+01   4.0900e-05   9.2955e-05   2.6354e+02
20221224_02:00:00   5.9584e-01   1.2628e+02   1.0443e+01   0.0000e+00   2.0460e-07   2.6199e+02
20221224_03:00:00   5.7480e-01   1.2313e+02   1.0080e+01   0.0000e+00   0.0000e+00   2.6241e+02
20221224_04:00:00   5.6037e-01   1.2091e+02   9.8490e+00   0.0000e+00   0.0000e+00   2.6429e+02
20221224_05:00:00   5.6043e-01   1.2083e+02   9.8959e+00   0.0000e+00   0.0000e+00   2.6350e+02
20221224_06:00:00   5.4952e-01   1.1918e+02   9.7027e+00   0.0000e+00   0.0000e+00   2.6103e+02
20221224_07:00:00   5.3319e-01   1.1661e+02   9.4030e+00   0.0000e+00   0.0000e+00   2.6340e+02
20221224_08:00:00   5.1459e-01   1.1369e+02   9.0661e+00   0.0000e+00   0.0000e+00   2.6129e+02
20221224_09:00:00   5.0628e-01   1.1227e+02   8.9302e+00   0.0000e+00   0.0000e+00   2.6108e+02
20221224_10:00:00   4.8739e-01   1.0924e+02   8.5692e+00   0.0000e+00   0.0000e+00   2.6080e+02
20221224_11:00:00   4.6840e-01   1.0611e+02   8.2535e+00   0.0000e+00   0.0000e+00   2.5969e+02
20221224_12:00:00   4.6384e-01   1.0530e+02   8.2302e+00   0.0000e+00   0.0000e+00   2.5985e+02
20221224_13:00:00   4.5126e-01   1.0316e+02   8.0392e+00   0.0000e+00   0.0000e+00   2.5944e+02
20221224_14:00:00   4.4702e-01   1.0229e+02   8.0211e+00   0.0000e+00   0.0000e+00   2.6077e+02
20221224_15:00:00   4.4695e-01   1.0210e+02   8.0636e+00   0.0000e+00   0.0000e+00   2.6045e+02
20221224_16:00:00   4.4399e-01   1.0177e+02   7.9780e+00   0.0000e+00   1.0068e-04   2.6224e+02
20221224_17:00:00   4.6112e-01   1.0509e+02   8.1988e+00   0.0000e+00   9.2012e-05   2.6461e+02
20221224_18:00:00   4.9882e-01   1.1165e+02   8.8573e+00   0.0000e+00   1.1660e-04   2.6548e+02
20221224_19:00:00   5.3673e-01   1.1802e+02   9.5030e+00   0.0000e+00   2.5598e-04   2.6663e+02
20221224_20:00:00   5.6945e-01   1.2317e+02   1.0144e+01   0.0000e+00   1.1181e-03   2.6496e+02
20221224_21:00:00   5.9051e-01   1.2637e+02   1.0608e+01   0.0000e+00   2.6331e-03   2.6444e+02
20221224_22:00:00   6.0300e-01   1.2817e+02   1.0907e+01   0.0000e+00   2.9842e-04   2.6442e+02
20221224_23:00:00   6.1029e-01   1.2923e+02   1.1013e+01   2.5360e-04   9.8540e-05   2.6525e+02
20221225_00:00:00   6.1673e-01   1.3002e+02   1.1084e+01   2.4540e-05   7.0160e-04   2.6578e+02
20221225_01:00:00   5.9193e-01   1.2612e+02   1.0721e+01   0.0000e+00   8.0400e-05   2.6476e+02
20221225_02:00:00   5.7884e-01   1.2411e+02   1.0539e+01   0.0000e+00   1.5704e-05   2.6529e+02
20221225_03:00:00   5.5949e-01   1.2119e+02   1.0096e+01   0.0000e+00   0.0000e+00   2.6791e+02
20221225_04:00:00   5.5725e-01   1.2077e+02   1.0038e+01   0.0000e+00   0.0000e+00   2.7171e+02
20221225_05:00:00   5.6861e-01   1.2237e+02   1.0250e+01   0.0000e+00   1.6356e-05   2.7358e+02
20221225_06:00:00   5.6867e-01   1.2231e+02   1.0263e+01   0.0000e+00   0.0000e+00   2.7493e+02
20221225_07:00:00   5.5853e-01   1.2072e+02   1.0112e+01   0.0000e+00   0.0000e+00   2.7396e+02
20221225_08:00:00   5.5043e-01   1.1939e+02   9.9709e+00   0.0000e+00   0.0000e+00   2.7783e+02
20221225_09:00:00   5.4974e-01   1.1911e+02   1.0002e+01   0.0000e+00   0.0000e+00   2.7968e+02
20221225_10:00:00   5.3960e-01   1.1752e+02   9.8438e+00   0.0000e+00   0.0000e+00   2.8152e+02
20221225_11:00:00   5.2417e-01   1.1523e+02   9.5577e+00   0.0000e+00   0.0000e+00   2.7933e+02
20221225_12:00:00   5.1798e-01   1.1431e+02   9.4479e+00   0.0000e+00   0.0000e+00   2.7926e+02
20221225_13:00:00   5.1414e-01   1.1373e+02   9.3955e+00   0.0000e+00   0.0000e+00   2.8005e+02
20221225_14:00:00   5.1097e-01   1.1328e+02   9.3177e+00   0.0000e+00   0.0000e+00   2.7968e+02
20221225_15:00:00   5.0289e-01   1.1209e+02   9.1283e+00   0.0000e+00   0.0000e+00   2.7844e+02
20221225_16:00:00   5.0187e-01   1.1207e+02   9.0623e+00   0.0000e+00   0.0000e+00   2.7739e+02
20221225_17:00:00   5.2563e-01   1.1619e+02   9.4280e+00   0.0000e+00   1.3562e-05   2.7541e+02
20221225_18:00:00   5.6501e-01   1.2272e+02   1.0040e+01   0.0000e+00   4.3080e-05   2.7650e+02
20221225_19:00:00   6.1852e-01   1.3098e+02   1.0955e+01   0.0000e+00   2.0460e-07   2.7802e+02
20221225_20:00:00   6.4168e-01   1.3454e+02   1.1357e+01   2.9100e-04   3.3289e-04   2.8180e+02
20221225_21:00:00   6.5575e-01   1.3656e+02   1.1463e+01   4.0240e-03   2.6372e-03   2.8135e+02
20221225_22:00:00   6.6034e-01   1.3708e+02   1.1729e+01   9.9780e-04   5.3481e-03   2.8019e+02
20221225_23:00:00   6.7587e-01   1.3919e+02   1.1999e+01   2.4120e-03   2.3786e-03   2.7947e+02
20221226_00:00:00   6.6401e-01   1.3761e+02   1.1716e+01   3.7780e-03   4.2619e-03   2.7908e+02
20221226_01:00:00   6.3489e-01   1.3331e+02   1.1371e+01   1.1040e-03   2.0576e-02   2.7842e+02
20221226_02:00:00   6.1350e-01   1.3011e+02   1.1206e+01   0.0000e+00   6.2505e-03   2.7692e+02
20221226_03:00:00   5.9042e-01   1.2662e+02   1.0865e+01   0.0000e+00   1.2621e-03   2.7470e+02
20221226_04:00:00   5.7395e-01   1.2409e+02   1.0599e+01   0.0000e+00   3.2562e-03   2.7415e+02
20221226_05:00:00   5.7078e-01   1.2353e+02   1.0577e+01   0.0000e+00   2.6058e-03   2.7477e+02
20221226_06:00:00   5.6809e-01   1.2311e+02   1.0563e+01   0.0000e+00   1.7193e-03   2.7685e+02
20221226_09:00:00   5.6554e-01   1.2272e+02   1.0627e+01   0.0000e+00   2.4699e-03   2.8368e+02
20221226_12:00:00   5.3139e-01   1.1755e+02   9.8341e+00   0.0000e+00   2.8224e-03   2.8919e+02
20221226_15:00:00   4.7815e-01   1.0893e+02   8.6420e+00   0.0000e+00   9.2304e-03   2.9124e+02
20221226_18:00:00   5.1617e-01   1.1585e+02   9.0584e+00   0.0000e+00   7.0588e-03   3.0035e+02
20221226_21:00:00   5.9778e-01   1.2931e+02   9.6284e+00   1.7362e-02   4.0054e-03   3.1000e+02
20221227_00:00:00   5.5746e-01   1.2262e+02   9.7091e+00   0.0000e+00   7.6100e-04   3.1245e+02
20221227_03:00:00   4.7138e-01   1.0792e+02   8.3498e+00   0.0000e+00   1.7349e-02   3.1147e+02
20221227_06:00:00   4.3974e-01   1.0200e+02   7.8630e+00   0.0000e+00   1.6732e-02   3.0883e+02
20221227_09:00:00   4.1937e-01   9.7832e+01   7.6667e+00   0.0000e+00   5.2422e-03   3.1178e+02
20221227_12:00:00   4.7229e-01   1.0629e+02   8.8969e+00   0.0000e+00   6.5454e-03   3.1316e+02
20221227_15:00:00   5.5428e-01   1.1921e+02   1.0359e+01   0.0000e+00   1.9139e-03   2.9670e+02
20221227_18:00:00   6.7387e-01   1.3732e+02   1.2294e+01   8.1840e-07   1.1528e-03   2.8887e+02
20221227_21:00:00   9.0952e-01   1.6701e+02   1.6561e+01   4.9634e-05   1.8152e-02   2.8492e+02
20221228_00:00:00   1.0558e+00   1.8086e+02   1.8683e+01   7.2624e-06   1.8516e-01   2.8560e+02
20221228_03:00:00   8.6433e-01   1.6165e+02   1.5032e+01   1.0899e-03   3.9694e-02   2.9511e+02
20221228_06:00:00   8.5095e-01   1.6014e+02   1.4332e+01   5.0591e-03   7.0312e-03   2.9492e+02
20221228_09:00:00   7.6232e-01   1.4976e+02   1.2673e+01   3.7162e-03   2.1646e-03   3.0339e+02
20221228_12:00:00   6.1563e-01   1.2911e+02   1.0158e+01   5.1374e-03   4.2564e-04   3.1039e+02
20221228_15:00:00   5.3258e-01   1.1625e+02   8.9345e+00   4.1297e-04   4.6040e-04   3.0135e+02
20221228_18:00:00   5.3595e-01   1.1702e+02   9.0310e+00   2.5199e-04   1.2292e-03   3.0341e+02
20221228_21:00:00   5.4256e-01   1.1777e+02   9.5321e+00   2.4143e-05   1.3595e-02   3.0039e+02
20221229_00:00:00   5.8742e-01   1.2398e+02   1.0635e+01   0.0000e+00   1.5417e-01   2.9535e+02
20221229_03:00:00   7.6898e-01   1.4799e+02   1.3888e+01   2.1380e-05   1.4748e-01   2.9683e+02
20221229_06:00:00   8.2372e-01   1.5484e+02   1.4823e+01   5.2640e-05   1.1898e-01   2.9337e+02
20221229_09:00:00   8.6596e-01   1.5969e+02   1.5552e+01   0.0000e+00   2.7392e-01   2.9041e+02
20221229_12:00:00   9.5358e-01   1.6920e+02   1.6743e+01   0.0000e+00   4.0587e-01   2.8771e+02
20221229_15:00:00   9.7155e-01   1.7138e+02   1.6560e+01   4.1087e-03   7.9296e-02   2.8719e+02
20221229_18:00:00   9.3933e-01   1.6849e+02   1.5992e+01   3.2439e-04   8.4667e-03   2.8766e+02
20221229_21:00:00   9.2233e-01   1.6665e+02   1.5811e+01   2.6220e-04   3.2177e-01   2.8921e+02
20221230_00:00:00   9.4172e-01   1.6830e+02   1.6088e+01   1.5498e-04   3.4689e-01   2.9041e+02
20221230_03:00:00   9.1959e-01   1.6600e+02   1.5515e+01   2.1725e-04   2.5752e-01   2.9491e+02
20221230_06:00:00   8.0076e-01   1.5289e+02   1.3454e+01   5.8926e-05   6.7762e-04   2.9410e+02
20221230_09:00:00   6.1927e-01   1.2923e+02   1.0127e+01   2.1163e-04   6.4464e-05   2.9395e+02
20221230_12:00:00   5.0083e-01   1.1072e+02   8.2551e+00   0.0000e+00   1.4691e-05   2.9106e+02
20221230_15:00:00   3.9689e-01   9.2164e+01   6.6730e+00   0.0000e+00   0.0000e+00   2.8603e+02
20221230_18:00:00   3.9942e-01   9.2529e+01   6.9720e+00   0.0000e+00   1.3086e-04   2.8877e+02
20221230_21:00:00   4.0588e-01   9.3542e+01   7.4535e+00   4.8700e-05   1.2062e-03   2.8374e+02
20221231_00:00:00   4.4095e-01   9.9654e+01   8.1937e+00   0.0000e+00   3.2149e-04   2.7723e+02
20221231_03:00:00   5.0497e-01   1.0987e+02   9.4963e+00   0.0000e+00   1.5845e-03   2.7318e+02
20221231_06:00:00   6.2360e-01   1.2777e+02   1.1679e+01   0.0000e+00   1.8247e-01   2.7591e+02
20221231_09:00:00   8.3249e-01   1.5528e+02   1.5146e+01   2.7416e-05   2.7656e-01   2.7245e+02
20221231_12:00:00   9.4467e-01   1.6823e+02   1.6653e+01   4.8509e-03   2.4680e-02   2.6872e+02
20221231_15:00:00   9.8746e-01   1.7329e+02   1.6910e+01   1.3052e-02   1.1330e-02   2.6808e+02
20221231_18:00:00   9.1371e-01   1.6671e+02   1.5706e+01   4.4739e-03   1.7822e-03   2.6709e+02
20221231_21:00:00   1.0253e+00   1.7924e+02   1.6642e+01   2.4722e-02   9.5393e-03   2.6232e+02
20230101_00:00:00   1.3145e+00   2.0271e+02   1.9049e+01   7.2811e-02   2.0661e-01   2.6557e+02
20230101_03:00:00   1.5492e+00   2.1776e+02   1.7054e+01   2.0626e-01   1.3553e-01   2.7441e+02
20230101_06:00:00   9.9071e-01   1.7373e+02   1.4360e+01   3.8603e-02   5.4307e-02   2.8152e+02
20230101_09:00:00   4.7617e-01   1.0603e+02   7.7476e+00   2.5568e-06   4.9348e-03   2.9470e+02
20230101_12:00:00   5.1758e-01   1.1169e+02   8.3585e+00   4.7060e-06   4.3057e-02   2.9397e+02
20230101_15:00:00   3.2268e-01   7.7539e+01   5.1100e+00   1.0230e-05   4.0920e-07   3.0838e+02
20230101_18:00:00   2.8918e-01   7.0461e+01   4.6778e+00   0.0000e+00   3.2039e-05   3.1893e+02
20230101_21:00:00   2.5942e-01   6.4640e+01   4.2160e+00   0.0000e+00   6.5480e-07   3.2605e+02
20230102_00:00:00   2.4989e-01   6.3350e+01   3.9368e+00   0.0000e+00   0.0000e+00   3.2499e+02
20230102_03:00:00   2.2762e-01   5.8689e+01   3.4570e+00   0.0000e+00   0.0000e+00   3.2691e+02
20230102_06:00:00   1.9962e-01   5.2627e+01   3.0433e+00   0.0000e+00   0.0000e+00   3.2015e+02
20230102_09:00:00   1.9920e-01   5.2396e+01   3.0930e+00   0.0000e+00   0.0000e+00   3.1808e+02
20230102_12:00:00   2.0452e-01   5.3415e+01   3.2830e+00   0.0000e+00   0.0000e+00   3.1103e+02
20230102_15:00:00   2.2978e-01   5.8388e+01   3.9864e+00   0.0000e+00   1.3708e-03   3.0363e+02
20230102_18:00:00   3.0842e-01   7.4095e+01   5.7617e+00   0.0000e+00   4.6795e-03   3.0035e+02
20230102_21:00:00   5.1095e-01   1.0959e+02   9.6395e+00   0.0000e+00   1.3463e-01   2.9590e+02
20230103_00:00:00   6.3964e-01   1.2964e+02   1.1798e+01   3.9804e-05   1.5555e-01   2.9394e+02
20230103_03:00:00   6.6009e-01   1.3336e+02   1.1895e+01   9.2035e-05   3.2991e-02   2.9547e+02
20230103_06:00:00   7.7120e-01   1.4799e+02   1.3916e+01   4.9417e-04   1.0510e-01   2.9542e+02
20230103_09:00:00   8.4526e-01   1.5725e+02   1.4996e+01   9.5429e-04   4.5765e-02   2.9197e+02
20230103_12:00:00   8.7111e-01   1.6035e+02   1.5123e+01   4.2604e-03   3.0929e-02   2.8832e+02
20230103_15:00:00   8.2583e-01   1.5538e+02   1.4303e+01   9.4032e-04   1.0376e-02   2.8704e+02
20230103_18:00:00   9.4818e-01   1.6822e+02   1.5782e+01   4.8722e-03   2.3205e-01   2.8805e+02
20230103_21:00:00   7.3039e-01   1.4418e+02   1.2241e+01   1.0004e-04   1.3761e-03   2.8898e+02
20230104_00:00:00   6.8965e-01   1.3851e+02   1.1868e+01   8.5940e-05   9.8100e-03   2.8821e+02
20230104_03:00:00   5.9300e-01   1.2388e+02   1.0410e+01   8.0820e-06   1.1757e-02   2.8665e+02
20230104_06:00:00   5.0824e-01   1.1044e+02   9.0500e+00   0.0000e+00   1.7572e-03   2.8911e+02
20230104_09:00:00   4.9036e-01   1.0712e+02   8.9013e+00   0.0000e+00   3.4053e-03   2.8896e+02
20230104_12:00:00   5.0251e-01   1.0919e+02   9.0888e+00   0.0000e+00   9.7859e-03   2.8964e+02
20230104_15:00:00   5.7671e-01   1.2038e+02   1.0569e+01   0.0000e+00   8.4434e-03   2.9165e+02
20230104_18:00:00   6.9943e-01   1.3826e+02   1.2567e+01   0.0000e+00   2.1777e-02   2.9373e+02
20230104_21:00:00   9.4788e-01   1.6764e+02   1.6021e+01   9.9219e-03   3.1755e-01   2.9511e+02
20230105_00:00:00   1.0448e+00   1.7682e+02   1.6925e+01   1.4176e-02   6.0717e-01   3.0056e+02
20230105_03:00:00   9.6439e-01   1.6874e+02   1.5487e+01   1.4868e-02   3.7945e-01   3.2464e+02
20230105_06:00:00   8.8025e-01   1.5921e+02   1.4460e+01   2.9649e-03   7.1505e-01   3.3384e+02
20230105_09:00:00   5.8339e-01   1.2164e+02   9.2907e+00   6.0074e-05   6.5226e-02   3.8444e+02
20230105_12:00:00   5.9296e-01   1.2148e+02   9.4381e+00   1.0230e-07   3.1809e-01   3.8439e+02
20230105_15:00:00   5.4993e-01   1.1511e+02   8.8200e+00   0.0000e+00   1.0887e-01   3.7488e+02
20230105_18:00:00   5.0384e-01   1.0853e+02   8.0743e+00   1.1122e-03   4.5975e-03   3.9310e+02
20230105_21:00:00   4.9638e-01   1.0758e+02   8.0734e+00   0.0000e+00   5.6858e-03   3.9245e+02
20230106_00:00:00   5.2014e-01   1.1103e+02   8.3860e+00   0.0000e+00   3.1940e-03   4.0586e+02
20230106_03:00:00   4.4636e-01   9.7995e+01   7.2520e+00   0.0000e+00   6.7033e-04   3.9821e+02
20230106_06:00:00   4.1446e-01   9.2247e+01   6.7928e+00   0.0000e+00   3.1692e-04   4.0339e+02
