#            date       tau255        Tb[K]      pwv[mm] lwp[kg*m^-2] iwp[kg*m^-2]       o3[DU]
20220808_12:00:00   1.2729e+00   2.1076e+02   2.3279e+01   0.0000e+00   0.0000e+00   3.0534e+02
20220808_13:00:00   1.4027e+00   2.1975e+02   2.5866e+01   0.0000e+00   8.1840e-08   3.0338e+02
20220808_14:00:00   1.5371e+00   2.2796e+02   2.8491e+01   3.3682e-05   8.8963e-04   3.0375e+02
20220808_15:00:00   1.6172e+00   2.3276e+02   2.9970e+01   5.8759e-04   3.0050e-03   3.0209e+02
20220808_16:00:00   1.6657e+00   2.3600e+02   3.0780e+01   2.1612e-03   6.8805e-03   3.0093e+02
20220808_17:00:00   1.7022e+00   2.3851e+02   3.1226e+01   6.2779e-03   1.2729e-03   3.0121e+02
20220808_18:00:00   1.8824e+00   2.4698e+02   3.2062e+01   6.4723e-02   9.8540e-03   3.0240e+02
20220808_19:00:00   2.4591e+00   2.6504e+02   3.3233e+01   2.8346e-01   9.6427e-02   3.0521e+02
20220808_20:00:00   2.1355e+00   2.5618e+02   3.4195e+01   1.1757e-01   1.4998e-01   3.0625e+02
20220808_21:00:00   1.8542e+00   2.4614e+02   3.3099e+01   2.6858e-02   1.8411e-02   3.0587e+02
20220808_22:00:00   2.6307e+00   2.6933e+02   3.3792e+01   3.4024e-01   6.0057e-02   3.0365e+02
20220808_23:00:00   3.1996e+00   2.7813e+02   3.5452e+01   5.2919e-01   9.3355e-02   3.0349e+02
20220809_00:00:00   3.4407e+00   2.8000e+02   3.6977e+01   5.7038e-01   1.1128e-01   3.0368e+02
20220809_01:00:00   2.1837e+00   2.5801e+02   3.5354e+01   7.3121e-02   1.1200e-03   3.0371e+02
20220809_02:00:00   1.9778e+00   2.5085e+02   3.4041e+01   1.6299e-02   1.1707e-04   3.0552e+02
20220809_03:00:00   1.9238e+00   2.4849e+02   3.2799e+01   2.2012e-02   1.2678e-04   3.0726e+02
20220809_04:00:00   1.7982e+00   2.4312e+02   3.1324e+01   4.0875e-03   1.7272e-05   3.0598e+02
20220809_05:00:00   1.6866e+00   2.3783e+02   2.9598e+01   0.0000e+00   4.0920e-07   3.0737e+02
20220809_06:00:00   1.6697e+00   2.3691e+02   2.9375e+01   0.0000e+00   0.0000e+00   3.0681e+02
20220809_07:00:00   1.7572e+00   2.4102e+02   3.1209e+01   0.0000e+00   3.6166e-05   3.0713e+02
20220809_08:00:00   1.7673e+00   2.4138e+02   3.1340e+01   0.0000e+00   1.1212e-04   3.0567e+02
20220809_09:00:00   1.7607e+00   2.4106e+02   3.1137e+01   0.0000e+00   8.3940e-05   3.0747e+02
20220809_10:00:00   1.8004e+00   2.4266e+02   3.1962e+01   1.2095e-04   5.7928e-04   3.0703e+02
20220809_11:00:00   1.8762e+00   2.4574e+02   3.3473e+01   3.0151e-03   2.6471e-03   3.0631e+02
20220809_12:00:00   1.9853e+00   2.4986e+02   3.4639e+01   2.5778e-02   3.8769e-02   3.0666e+02
20220809_13:00:00   1.9687e+00   2.4909e+02   3.5321e+01   1.5475e-03   2.7003e-01   3.0685e+02
20220809_14:00:00   2.0387e+00   2.5150e+02   3.5811e+01   1.4890e-02   3.6998e-01   3.0677e+02
20220809_15:00:00   2.3140e+00   2.6018e+02   3.5570e+01   1.3714e-01   3.4651e-02   3.0727e+02
20220809_16:00:00   2.0286e+00   2.5170e+02   3.5217e+01   2.7175e-02   6.2598e-03   3.0626e+02
20220809_17:00:00   1.9358e+00   2.4900e+02   3.4864e+01   4.0920e-07   6.1015e-03   3.0586e+02
20220809_18:00:00   1.8913e+00   2.4765e+02   3.4298e+01   3.9187e-04   3.5038e-03   3.0628e+02
20220809_19:00:00   1.8990e+00   2.4842e+02   3.4454e+01   3.2829e-03   4.9189e-03   3.0616e+02
20220809_20:00:00   2.0640e+00   2.5499e+02   3.5588e+01   4.7265e-02   4.6434e-03   3.0436e+02
20220809_21:00:00   2.7286e+00   2.7179e+02   3.6435e+01   3.0759e-01   5.7405e-02   3.0468e+02
20220809_22:00:00   2.9429e+00   2.7514e+02   3.6051e+01   4.0038e-01   1.2030e-01   3.0420e+02
20220809_23:00:00   2.6477e+00   2.6975e+02   3.4824e+01   3.0226e-01   3.3165e-03   3.0497e+02
20220810_00:00:00   1.8736e+00   2.4717e+02   3.3246e+01   2.2819e-02   2.0915e-04   3.0388e+02
20220810_01:00:00   1.8188e+00   2.4493e+02   3.3115e+01   8.1181e-03   6.6024e-04   3.0333e+02
20220810_02:00:00   1.8865e+00   2.4783e+02   3.3740e+01   1.8727e-02   4.5609e-03   3.0352e+02
20220810_03:00:00   1.8309e+00   2.4542e+02   3.3312e+01   5.3764e-04   8.6170e-03   3.0266e+02
20220810_04:00:00   1.8468e+00   2.4590e+02   3.3276e+01   4.9240e-03   1.5294e-03   3.0405e+02
20220810_05:00:00   1.8470e+00   2.4559e+02   3.3238e+01   4.6938e-03   1.7794e-05   3.0633e+02
20220810_06:00:00   1.8116e+00   2.4367e+02   3.2861e+01   3.3123e-04   6.0260e-05   3.0438e+02
20220810_07:00:00   1.7538e+00   2.4064e+02   3.1933e+01   0.0000e+00   1.8422e-04   3.0340e+02
20220810_08:00:00   1.7151e+00   2.3858e+02   3.1206e+01   0.0000e+00   1.7958e-05   3.0274e+02
20220810_09:00:00   1.7135e+00   2.3831e+02   3.1054e+01   0.0000e+00   1.2682e-03   3.0254e+02
20220810_10:00:00   1.6741e+00   2.3615e+02   3.0387e+01   0.0000e+00   3.2470e-04   3.0351e+02
20220810_11:00:00   1.6466e+00   2.3451e+02   2.9939e+01   0.0000e+00   1.0758e-03   3.0336e+02
20220810_12:00:00   1.6094e+00   2.3231e+02   2.9310e+01   0.0000e+00   6.7979e-04   3.0337e+02
20220810_13:00:00   1.5730e+00   2.3009e+02   2.8709e+01   0.0000e+00   5.2919e-04   3.0377e+02
20220810_14:00:00   1.5211e+00   2.2693e+02   2.7785e+01   0.0000e+00   9.9680e-05   3.0479e+02
20220810_15:00:00   1.5026e+00   2.2608e+02   2.7416e+01   0.0000e+00   0.0000e+00   3.0529e+02
20220810_16:00:00   1.4831e+00   2.2525e+02   2.7079e+01   0.0000e+00   0.0000e+00   3.0548e+02
20220810_17:00:00   1.4311e+00   2.2202e+02   2.6352e+01   0.0000e+00   3.5960e-06   3.0712e+02
20220810_18:00:00   1.4041e+00   2.2036e+02   2.6011e+01   9.2037e-05   2.1501e-03   3.0865e+02
20220810_19:00:00   1.4242e+00   2.2195e+02   2.6364e+01   9.0780e-04   8.8544e-03   3.0887e+02
20220810_20:00:00   1.4672e+00   2.2514e+02   2.6961e+01   5.5632e-03   9.1248e-03   3.0955e+02
20220810_21:00:00   1.5179e+00   2.2847e+02   2.7585e+01   1.3895e-02   3.7371e-03   3.0942e+02
20220810_22:00:00   1.6065e+00   2.3365e+02   2.8081e+01   3.8713e-02   1.1755e-03   3.0991e+02
20220810_23:00:00   1.5902e+00   2.3288e+02   2.8056e+01   3.2196e-02   5.1790e-04   3.1018e+02
20220811_00:00:00   1.5636e+00   2.3162e+02   2.7934e+01   2.4224e-02   3.4537e-04   3.0815e+02
20220811_01:00:00   1.4630e+00   2.2573e+02   2.7075e+01   4.4585e-04   1.5880e-05   3.0666e+02
20220811_02:00:00   1.4468e+00   2.2462e+02   2.6665e+01   2.0838e-03   4.9620e-06   3.0543e+02
20220811_03:00:00   1.4199e+00   2.2262e+02   2.6154e+01   0.0000e+00   0.0000e+00   3.0479e+02
20220811_04:00:00   1.4066e+00   2.2134e+02   2.5837e+01   0.0000e+00   0.0000e+00   3.0398e+02
20220811_05:00:00   1.4070e+00   2.2106e+02   2.5735e+01   0.0000e+00   0.0000e+00   3.0424e+02
20220811_06:00:00   1.4004e+00   2.2041e+02   2.5528e+01   0.0000e+00   0.0000e+00   3.0430e+02
20220811_07:00:00   1.4042e+00   2.2040e+02   2.5569e+01   0.0000e+00   0.0000e+00   3.0392e+02
20220811_08:00:00   1.4166e+00   2.2099e+02   2.5755e+01   0.0000e+00   6.5420e-06   3.0237e+02
20220811_09:00:00   1.3847e+00   2.1871e+02   2.5161e+01   0.0000e+00   1.4800e-05   3.0133e+02
20220811_10:00:00   1.3349e+00   2.1507e+02   2.4306e+01   0.0000e+00   5.8539e-04   3.0059e+02
20220811_11:00:00   1.2968e+00   2.1223e+02   2.3650e+01   0.0000e+00   2.3960e-03   2.9928e+02
20220811_12:00:00   1.2750e+00   2.1047e+02   2.3255e+01   0.0000e+00   9.2043e-04   2.9801e+02
20220811_13:00:00   1.2682e+00   2.0982e+02   2.3093e+01   0.0000e+00   6.7809e-04   2.9668e+02
20220811_14:00:00   1.2713e+00   2.1000e+02   2.3093e+01   0.0000e+00   1.3454e-06   2.9745e+02
20220811_15:00:00   1.2815e+00   2.1103e+02   2.3239e+01   0.0000e+00   2.6900e-06   2.9813e+02
20220811_16:00:00   1.2812e+00   2.1132e+02   2.3328e+01   0.0000e+00   2.4880e-06   2.9660e+02
20220811_17:00:00   1.2570e+00   2.0969e+02   2.3031e+01   0.0000e+00   2.4880e-06   2.9579e+02
20220811_18:00:00   1.2322e+00   2.0796e+02   2.2785e+01   0.0000e+00   8.7060e-06   2.9756e+02
20220811_19:00:00   1.2332e+00   2.0822e+02   2.3020e+01   0.0000e+00   9.4180e-06   2.9942e+02
20220811_20:00:00   1.2676e+00   2.1116e+02   2.3867e+01   1.6676e-05   4.6448e-05   3.0044e+02
20220811_21:00:00   1.3399e+00   2.1689e+02   2.5301e+01   8.7014e-04   1.3405e-04   2.9953e+02
20220811_22:00:00   1.4161e+00   2.2244e+02   2.6664e+01   2.9814e-03   1.6265e-03   2.9794e+02
20220811_23:00:00   1.4848e+00   2.2720e+02   2.7627e+01   8.4292e-03   3.2354e-03   2.9660e+02
20220812_00:00:00   1.5532e+00   2.3156e+02   2.8185e+01   2.2537e-02   1.7694e-03   2.9645e+02
20220812_01:00:00   1.4951e+00   2.2820e+02   2.7825e+01   5.4787e-03   2.4801e-03   2.9583e+02
20220812_02:00:00   1.4409e+00   2.2467e+02   2.7109e+01   2.4026e-04   4.8006e-05   2.9433e+02
20220812_03:00:00   1.4316e+00   2.2382e+02   2.6896e+01   5.0500e-04   5.5109e-04   2.9380e+02
20220812_04:00:00   1.4258e+00   2.2319e+02   2.6758e+01   0.0000e+00   7.2074e-04   2.9365e+02
20220812_05:00:00   1.4434e+00   2.2394e+02   2.7054e+01   0.0000e+00   2.6219e-03   2.9363e+02
20220812_06:00:00   1.4682e+00   2.2506e+02   2.7492e+01   0.0000e+00   4.6720e-04   2.9288e+02
20220812_07:00:00   1.4571e+00   2.2395e+02   2.7344e+01   0.0000e+00   1.1194e-05   2.9376e+02
20220812_08:00:00   1.4506e+00   2.2322e+02   2.7293e+01   0.0000e+00   0.0000e+00   2.9499e+02
20220812_09:00:00   1.4623e+00   2.2389e+02   2.7507e+01   0.0000e+00   0.0000e+00   2.9349e+02
20220812_10:00:00   1.4519e+00   2.2310e+02   2.7345e+01   0.0000e+00   0.0000e+00   2.9266e+02
20220812_11:00:00   1.4591e+00   2.2344e+02   2.7485e+01   0.0000e+00   5.8220e-05   2.9283e+02
20220812_12:00:00   1.4542e+00   2.2310e+02   2.7391e+01   0.0000e+00   6.7300e-05   2.9385e+02
20220812_13:00:00   1.4472e+00   2.2256e+02   2.7210e+01   0.0000e+00   0.0000e+00   2.9514e+02
20220812_14:00:00   1.4222e+00   2.2098e+02   2.6728e+01   0.0000e+00   6.7260e-07   2.9501e+02
20220812_15:00:00   1.4278e+00   2.2156e+02   2.6817e+01   0.0000e+00   0.0000e+00   2.9517e+02
20220812_16:00:00   1.4250e+00   2.2164e+02   2.6853e+01   0.0000e+00   3.1994e-04   2.9410e+02
20220812_17:00:00   1.4241e+00   2.2178e+02   2.6987e+01   0.0000e+00   4.0387e-03   2.9541e+02
20220812_18:00:00   1.4249e+00   2.2218e+02   2.7055e+01   1.5168e-04   8.1199e-03   2.9606e+02
20220812_19:00:00   1.4378e+00   2.2324e+02   2.7114e+01   6.7727e-03   9.2854e-03   2.9569e+02
20220812_20:00:00   1.4748e+00   2.2566e+02   2.7366e+01   2.1228e-02   1.0390e-02   2.9620e+02
20220812_21:00:00   1.5590e+00   2.3086e+02   2.8719e+01   2.6441e-02   1.5356e-02   2.9491e+02
20220812_22:00:00   1.5779e+00   2.3211e+02   2.9481e+01   1.7480e-02   1.7485e-02   2.9468e+02
20220812_23:00:00   1.6702e+00   2.3719e+02   3.0056e+01   4.2061e-02   4.9854e-02   2.9575e+02
20220813_00:00:00   1.8143e+00   2.4406e+02   3.0393e+01   9.2625e-02   4.5112e-02   2.9724e+02
20220813_01:00:00   1.5945e+00   2.3321e+02   2.9296e+01   2.5140e-02   2.7268e-02   2.9755e+02
20220813_02:00:00   1.4584e+00   2.2514e+02   2.7969e+01   6.3762e-04   2.6767e-03   2.9869e+02
20220813_03:00:00   1.4647e+00   2.2539e+02   2.8022e+01   3.0257e-04   7.2714e-04   3.0020e+02
20220813_04:00:00   1.4713e+00   2.2549e+02   2.8080e+01   0.0000e+00   4.1780e-04   3.0108e+02
20220813_05:00:00   1.4517e+00   2.2385e+02   2.7700e+01   0.0000e+00   1.7910e-05   3.0222e+02
20220813_06:00:00   1.4347e+00   2.2231e+02   2.7339e+01   0.0000e+00   0.0000e+00   3.0417e+02
20220813_07:00:00   1.4437e+00   2.2261e+02   2.7382e+01   8.2414e-04   4.9964e-05   3.0207e+02
20220813_08:00:00   1.4456e+00   2.2254e+02   2.7248e+01   1.9690e-03   5.9700e-06   3.0224e+02
20220813_09:00:00   1.4482e+00   2.2259e+02   2.7251e+01   2.8116e-04   0.0000e+00   3.0142e+02
20220813_10:00:00   1.4734e+00   2.2434e+02   2.7551e+01   0.0000e+00   1.0763e-06   3.0009e+02
20220813_11:00:00   1.4869e+00   2.2542e+02   2.7594e+01   0.0000e+00   0.0000e+00   2.9994e+02
20220813_12:00:00   1.5192e+00   2.2738e+02   2.8000e+01   0.0000e+00   0.0000e+00   2.9911e+02
20220813_15:00:00   1.4413e+00   2.2248e+02   2.6670e+01   0.0000e+00   0.0000e+00   2.9759e+02
20220813_18:00:00   1.4412e+00   2.2371e+02   2.6927e+01   1.5377e-03   1.3168e-05   2.9929e+02
20220813_21:00:00   1.8257e+00   2.4488e+02   2.9017e+01   1.2645e-01   3.6542e-02   2.9865e+02
20220814_00:00:00   1.5980e+00   2.3349e+02   2.9875e+01   2.1399e-03   1.3840e-02   2.9865e+02
20220814_03:00:00   1.4566e+00   2.2510e+02   2.7596e+01   0.0000e+00   9.7680e-06   2.9967e+02
20220814_06:00:00   1.5697e+00   2.3151e+02   2.8710e+01   9.4889e-03   1.4044e-03   2.9930e+02
20220814_09:00:00   1.6558e+00   2.3627e+02   2.9029e+01   2.7390e-02   2.9511e-03   3.0061e+02
20220814_12:00:00   1.4080e+00   2.2055e+02   2.6201e+01   0.0000e+00   4.5240e-05   2.9971e+02
20220814_15:00:00   1.4612e+00   2.2421e+02   2.6922e+01   0.0000e+00   1.2214e-04   3.0057e+02
20220814_18:00:00   1.4597e+00   2.2515e+02   2.7130e+01   4.2799e-04   3.1526e-03   3.0361e+02
20220814_21:00:00   1.5473e+00   2.3146e+02   2.8194e+01   2.1874e-02   5.5225e-03   3.0137e+02
20220815_00:00:00   2.4782e+00   2.6597e+02   3.1198e+01   3.5004e-01   6.5847e-02   3.0056e+02
20220815_03:00:00   1.8533e+00   2.4503e+02   3.3430e+01   1.1013e-03   1.4048e-01   3.0242e+02
20220815_06:00:00   1.8736e+00   2.4625e+02   3.3841e+01   1.0040e-02   1.8574e-01   3.0437e+02
20220815_09:00:00   1.7634e+00   2.4098e+02   3.2311e+01   0.0000e+00   6.6822e-02   3.0301e+02
20220815_12:00:00   1.7527e+00   2.4018e+02   3.1886e+01   1.8566e-04   1.6890e-03   3.0148e+02
20220815_15:00:00   1.7309e+00   2.3903e+02   3.1745e+01   0.0000e+00   1.3299e-01   3.0105e+02
20220815_18:00:00   1.7011e+00   2.3901e+02   3.0885e+01   4.7521e-03   1.0976e-04   2.9621e+02
20220815_21:00:00   2.1566e+00   2.5848e+02   3.1803e+01   1.6786e-01   1.4008e-02   2.9710e+02
20220816_00:00:00   1.7838e+00   2.4407e+02   3.0895e+01   3.4830e-02   7.6704e-03   2.9588e+02
20220816_03:00:00   1.6532e+00   2.3735e+02   2.9308e+01   1.1572e-02   9.0166e-03   2.9654e+02
20220816_06:00:00   1.4707e+00   2.2517e+02   2.6582e+01   0.0000e+00   0.0000e+00   2.9646e+02
20220816_09:00:00   1.4263e+00   2.2204e+02   2.5615e+01   0.0000e+00   0.0000e+00   2.9590e+02
20220816_12:00:00   1.2808e+00   2.1069e+02   2.3328e+01   0.0000e+00   0.0000e+00   2.9572e+02
20220816_15:00:00   1.2317e+00   2.0678e+02   2.2520e+01   0.0000e+00   0.0000e+00   2.9722e+02
20220816_18:00:00   1.2841e+00   2.1253e+02   2.3483e+01   0.0000e+00   0.0000e+00   2.9629e+02
20220816_21:00:00   1.3432e+00   2.1780e+02   2.4794e+01   5.2013e-03   7.4147e-03   2.9721e+02
20220817_00:00:00   2.8125e+00   2.6872e+02   3.3159e+01   4.3156e-01   9.7499e-01   2.9806e+02
20220817_03:00:00   1.5628e+00   2.2941e+02   2.7833e+01   0.0000e+00   1.4547e-03   2.9860e+02
20220817_06:00:00   1.4375e+00   2.2203e+02   2.5525e+01   0.0000e+00   2.5471e-04   2.9756e+02
20220817_09:00:00   1.3065e+00   2.1301e+02   2.3368e+01   0.0000e+00   3.9800e-06   2.9818e+02
20220817_12:00:00   1.2040e+00   2.0474e+02   2.1692e+01   0.0000e+00   0.0000e+00   2.9911e+02
20220817_15:00:00   1.1993e+00   2.0424e+02   2.1853e+01   0.0000e+00   0.0000e+00   3.0125e+02
20220817_18:00:00   1.2491e+00   2.0909e+02   2.3233e+01   9.2060e-06   1.6368e-06   3.0059e+02
20220817_21:00:00   1.2946e+00   2.1365e+02   2.4385e+01   4.0636e-03   8.1788e-03   2.9913e+02
20220818_00:00:00   1.4309e+00   2.2368e+02   2.7012e+01   4.6597e-03   1.3752e-02   2.9986e+02
20220818_03:00:00   1.4479e+00   2.2509e+02   2.7066e+01   3.5881e-03   6.6583e-05   2.9770e+02
20220818_06:00:00   2.2285e+00   2.6011e+02   3.1650e+01   1.9078e-01   1.5410e-03   2.9720e+02
20220818_09:00:00   1.7429e+00   2.4159e+02   3.1183e+01   4.4430e-03   5.9440e-06   2.9707e+02
20220818_12:00:00   1.6570e+00   2.3663e+02   3.0121e+01   0.0000e+00   1.1026e-05   2.9569e+02
20220818_15:00:00   1.6519e+00   2.3642e+02   2.9889e+01   0.0000e+00   0.0000e+00   2.9541e+02
20220818_18:00:00   1.7043e+00   2.4004e+02   3.1281e+01   4.0362e-04   3.0292e-05   2.9381e+02
20220818_21:00:00   1.9326e+00   2.5095e+02   3.2725e+01   8.0937e-02   3.0202e-02   2.9505e+02
20220819_00:00:00   2.4706e+00   2.6425e+02   3.7285e+01   1.4660e-01   1.1940e+00   2.9634e+02
20220819_03:00:00   1.8907e+00   2.4600e+02   3.3965e+01   0.0000e+00   1.1186e-01   2.9646e+02
20220819_06:00:00   1.8694e+00   2.4605e+02   3.3948e+01   0.0000e+00   1.8623e-03   2.9479e+02
20220819_09:00:00   1.8258e+00   2.4410e+02   3.3053e+01   0.0000e+00   5.0258e-03   2.9717e+02
20220819_12:00:00   1.7043e+00   2.3804e+02   3.1039e+01   0.0000e+00   6.7273e-03   2.9622e+02
20220819_15:00:00   1.6377e+00   2.3466e+02   3.0245e+01   0.0000e+00   2.5055e-03   2.9785e+02
20220819_18:00:00   1.5631e+00   2.3170e+02   2.9376e+01   2.4874e-05   1.1170e-03   2.9684e+02
20220819_21:00:00   1.5821e+00   2.3326e+02   3.0005e+01   6.5054e-03   1.3011e-02   2.9782e+02
20220820_00:00:00   1.6342e+00   2.3695e+02   3.0066e+01   2.1844e-02   1.7186e-02   2.9788e+02
20220820_03:00:00   1.6389e+00   2.3701e+02   3.0504e+01   1.1880e-03   1.1376e-04   2.9738e+02
20220820_06:00:00   1.6590e+00   2.3774e+02   3.0189e+01   0.0000e+00   0.0000e+00   2.9935e+02
20220820_09:00:00   1.4818e+00   2.2687e+02   2.7288e+01   0.0000e+00   0.0000e+00   2.9757e+02
20220820_12:00:00   1.3747e+00   2.1873e+02   2.5598e+01   0.0000e+00   0.0000e+00   2.9586e+02
20220820_15:00:00   1.3206e+00   2.1475e+02   2.4656e+01   0.0000e+00   0.0000e+00   2.9627e+02
20220820_18:00:00   1.1815e+00   2.0418e+02   2.2628e+01   0.0000e+00   0.0000e+00   2.9633e+02
20220820_21:00:00   1.1690e+00   2.0313e+02   2.2867e+01   2.2700e-03   8.4291e-03   2.9576e+02
20220821_00:00:00   1.3326e+00   2.1663e+02   2.6106e+01   1.3284e-03   3.5390e-02   2.9398e+02
20220821_03:00:00   1.2971e+00   2.1408e+02   2.4750e+01   9.7797e-03   7.6993e-03   2.9532e+02
20220821_06:00:00   1.3361e+00   2.1721e+02   2.5353e+01   0.0000e+00   0.0000e+00   2.9354e+02
20220821_09:00:00   1.2877e+00   2.1305e+02   2.4189e+01   0.0000e+00   0.0000e+00   2.9438e+02
20220821_12:00:00   1.2019e+00   2.0527e+02   2.2757e+01   0.0000e+00   0.0000e+00   2.9407e+02
20220821_15:00:00   1.2135e+00   2.0601e+02   2.3071e+01   0.0000e+00   0.0000e+00   2.9595e+02
20220821_18:00:00   1.2070e+00   2.0628e+02   2.3190e+01   4.2562e-04   2.2178e-05   2.9565e+02
20220821_21:00:00   1.1997e+00   2.0642e+02   2.3200e+01   4.3535e-03   1.1436e-02   2.9467e+02
20220822_00:00:00   2.2517e+00   2.5912e+02   2.8922e+01   3.3132e-01   3.4383e-01   2.9449e+02
20220822_03:00:00   1.5658e+00   2.3180e+02   2.9125e+01   0.0000e+00   4.0876e-02   2.9586e+02
20220822_06:00:00   1.3497e+00   2.1759e+02   2.5572e+01   0.0000e+00   3.2877e-04   2.9535e+02
20220822_09:00:00   1.3027e+00   2.1370e+02   2.4776e+01   0.0000e+00   0.0000e+00   2.9680e+02
20220822_12:00:00   1.2822e+00   2.1176e+02   2.4408e+01   0.0000e+00   1.6368e-07   2.9917e+02
20220822_15:00:00   1.2956e+00   2.1276e+02   2.4712e+01   0.0000e+00   0.0000e+00   3.0006e+02
20220822_18:00:00   1.2799e+00   2.1258e+02   2.4512e+01   1.8416e-03   1.9136e-04   2.9846e+02
20220822_21:00:00   1.3337e+00   2.1675e+02   2.5319e+01   1.5760e-02   1.3198e-02   2.9680e+02
20220823_00:00:00   2.5138e+00   2.6624e+02   3.1076e+01   3.6070e-01   1.5300e-01   2.9452e+02
20220823_03:00:00   1.6507e+00   2.3541e+02   3.0176e+01   0.0000e+00   2.7531e-01   2.9679e+02
20220823_06:00:00   1.5840e+00   2.3177e+02   2.9254e+01   0.0000e+00   4.4306e-04   2.9682e+02
20220823_09:00:00   1.5356e+00   2.2851e+02   2.8476e+01   0.0000e+00   1.1148e-03   2.9661e+02
20220823_12:00:00   1.4354e+00   2.2189e+02   2.6569e+01   0.0000e+00   2.0180e-06   2.9705e+02
20220823_15:00:00   1.2594e+00   2.0942e+02   2.3097e+01   0.0000e+00   0.0000e+00   2.9866e+02
20220823_18:00:00   1.1654e+00   2.0231e+02   2.1858e+01   0.0000e+00   0.0000e+00   2.9606e+02
20220823_21:00:00   1.3073e+00   2.1397e+02   2.4616e+01   8.0945e-03   3.6151e-03   2.9426e+02
20220824_00:00:00   1.3603e+00   2.1815e+02   2.5347e+01   1.2854e-02   2.4069e-02   2.9235e+02
20220824_03:00:00   1.1534e+00   2.0007e+02   2.1077e+01   2.2019e-02   1.6540e-04   2.9196e+02
20220824_06:00:00   9.1962e-01   1.7622e+02   1.7496e+01   0.0000e+00   0.0000e+00   2.9234e+02
20220824_09:00:00   8.3077e-01   1.6519e+02   1.5690e+01   0.0000e+00   0.0000e+00   2.9075e+02
20220824_12:00:00   8.9555e-01   1.7348e+02   1.5988e+01   0.0000e+00   0.0000e+00   2.9151e+02
