#            date       tau255        Tb[K]      pwv[mm] lwp[kg*m^-2] iwp[kg*m^-2]       o3[DU]
20230215_00:00:00   2.5163e-01   6.1832e+01   3.9117e+00   1.0448e-04   1.8654e-01   4.3324e+02
20230215_01:00:00   2.8770e-01   6.8818e+01   4.4090e+00   6.2190e-06   2.4344e-01   4.3284e+02
20230215_02:00:00   2.7700e-01   6.6652e+01   4.2171e+00   2.4880e-05   1.4097e-01   4.3345e+02
20230215_03:00:00   2.7478e-01   6.6271e+01   4.1499e+00   1.4863e-04   3.6713e-02   4.3385e+02
20230215_04:00:00   2.6729e-01   6.4866e+01   3.9837e+00   5.6088e-04   7.5506e-03   4.2879e+02
20230215_05:00:00   2.6641e-01   6.4606e+01   3.9720e+00   0.0000e+00   1.9757e-03   4.2479e+02
20230215_06:00:00   2.4613e-01   6.0549e+01   3.6631e+00   0.0000e+00   4.3404e-04   4.1858e+02
20230215_07:00:00   2.3012e-01   5.7346e+01   3.4038e+00   0.0000e+00   1.4789e-04   4.1122e+02
20230215_08:00:00   2.1444e-01   5.4272e+01   3.1311e+00   0.0000e+00   2.9845e-06   3.9959e+02
20230215_09:00:00   2.1340e-01   5.4023e+01   3.1167e+00   0.0000e+00   1.9628e-05   3.9367e+02
20230215_10:00:00   2.1602e-01   5.4566e+01   3.1753e+00   0.0000e+00   2.9840e-06   3.9142e+02
20230215_11:00:00   2.1380e-01   5.4183e+01   3.1510e+00   0.0000e+00   0.0000e+00   3.8733e+02
20230215_12:00:00   2.1047e-01   5.3583e+01   3.1039e+00   0.0000e+00   1.9900e-06   3.8505e+02
20230215_13:00:00   2.0983e-01   5.3548e+01   3.0841e+00   0.0000e+00   0.0000e+00   3.8255e+02
20230215_14:00:00   2.1255e-01   5.4209e+01   3.1060e+00   0.0000e+00   0.0000e+00   3.8026e+02
20230215_15:00:00   2.1458e-01   5.4675e+01   3.1334e+00   0.0000e+00   0.0000e+00   3.7751e+02
20230215_16:00:00   2.2143e-01   5.6279e+01   3.2488e+00   0.0000e+00   0.0000e+00   3.7380e+02
20230215_17:00:00   2.1725e-01   5.5623e+01   3.1933e+00   0.0000e+00   0.0000e+00   3.6855e+02
20230215_18:00:00   2.0689e-01   5.3582e+01   3.0527e+00   0.0000e+00   0.0000e+00   3.6719e+02
20230215_19:00:00   1.9724e-01   5.1664e+01   2.9245e+00   0.0000e+00   0.0000e+00   3.6578e+02
20230215_20:00:00   1.8831e-01   4.9832e+01   2.8113e+00   0.0000e+00   0.0000e+00   3.6179e+02
20230215_21:00:00   1.8061e-01   4.8209e+01   2.7189e+00   0.0000e+00   0.0000e+00   3.5618e+02
20230215_22:00:00   1.7752e-01   4.7561e+01   2.6990e+00   0.0000e+00   0.0000e+00   3.5597e+02
20230215_23:00:00   1.7783e-01   4.7683e+01   2.7201e+00   0.0000e+00   0.0000e+00   3.5675e+02
20230216_00:00:00   1.7675e-01   4.7487e+01   2.6996e+00   0.0000e+00   0.0000e+00   3.5687e+02
20230216_01:00:00   1.7014e-01   4.6016e+01   2.5670e+00   0.0000e+00   0.0000e+00   3.5681e+02
20230216_02:00:00   1.5267e-01   4.1974e+01   2.2541e+00   0.0000e+00   0.0000e+00   3.5530e+02
20230216_03:00:00   1.4634e-01   4.0505e+01   2.1378e+00   0.0000e+00   0.0000e+00   3.5412e+02
20230216_04:00:00   1.4331e-01   3.9805e+01   2.0843e+00   0.0000e+00   0.0000e+00   3.5225e+02
20230216_05:00:00   1.4281e-01   3.9686e+01   2.0774e+00   0.0000e+00   0.0000e+00   3.4804e+02
20230216_06:00:00   1.4153e-01   3.9389e+01   2.0613e+00   0.0000e+00   0.0000e+00   3.3958e+02
20230216_07:00:00   1.3884e-01   3.8761e+01   2.0249e+00   0.0000e+00   0.0000e+00   3.3259e+02
20230216_08:00:00   1.3416e-01   3.7686e+01   1.9509e+00   0.0000e+00   0.0000e+00   3.2924e+02
20230216_09:00:00   1.3039e-01   3.6807e+01   1.8931e+00   0.0000e+00   0.0000e+00   3.2693e+02
20230216_10:00:00   1.2770e-01   3.6168e+01   1.8558e+00   0.0000e+00   0.0000e+00   3.2516e+02
20230216_11:00:00   1.2480e-01   3.5485e+01   1.8173e+00   0.0000e+00   0.0000e+00   3.2140e+02
20230216_12:00:00   1.2279e-01   3.5028e+01   1.7909e+00   0.0000e+00   0.0000e+00   3.1990e+02
20230216_13:00:00   1.2254e-01   3.4961e+01   1.7946e+00   0.0000e+00   0.0000e+00   3.2256e+02
20230216_14:00:00   1.2331e-01   3.5129e+01   1.8110e+00   0.0000e+00   0.0000e+00   3.2183e+02
20230216_15:00:00   1.2477e-01   3.5475e+01   1.8391e+00   0.0000e+00   1.2184e-05   3.2140e+02
20230216_16:00:00   1.3623e-01   3.8226e+01   2.0345e+00   0.0000e+00   2.2364e-04   3.2128e+02
20230216_17:00:00   1.4389e-01   4.0091e+01   2.1815e+00   0.0000e+00   2.8442e-03   3.2181e+02
20230216_18:00:00   1.5096e-01   4.1771e+01   2.3221e+00   0.0000e+00   5.9823e-03   3.2175e+02
20230216_19:00:00   1.6080e-01   4.4082e+01   2.5024e+00   0.0000e+00   1.0061e-02   3.1979e+02
20230216_20:00:00   1.7343e-01   4.6999e+01   2.7302e+00   0.0000e+00   1.0690e-02   3.2053e+02
20230216_21:00:00   1.8918e-01   5.0551e+01   3.0192e+00   0.0000e+00   1.2992e-02   3.2258e+02
20230216_22:00:00   2.0963e-01   5.4969e+01   3.4143e+00   0.0000e+00   1.4006e-02   3.2369e+02
20230216_23:00:00   2.3960e-01   6.1210e+01   3.9779e+00   0.0000e+00   1.9431e-02   3.2753e+02
20230217_00:00:00   2.6801e-01   6.6889e+01   4.5095e+00   0.0000e+00   1.1389e-02   3.2639e+02
20230217_01:00:00   2.9314e-01   7.1634e+01   4.9867e+00   0.0000e+00   1.3777e-02   3.2578e+02
20230217_02:00:00   2.8857e-01   7.0650e+01   4.8677e+00   0.0000e+00   1.4866e-02   3.3119e+02
20230217_03:00:00   2.7397e-01   6.7711e+01   4.5846e+00   0.0000e+00   2.0665e-02   3.4064e+02
20230217_04:00:00   2.5665e-01   6.4031e+01   4.3201e+00   0.0000e+00   2.2624e-02   3.4504e+02
20230217_05:00:00   2.4045e-01   6.0590e+01   4.0620e+00   0.0000e+00   1.3074e-02   3.4657e+02
20230217_06:00:00   2.1397e-01   5.5168e+01   3.5342e+00   0.0000e+00   5.1335e-03   3.4549e+02
20230217_07:00:00   2.0726e-01   5.3670e+01   3.4235e+00   0.0000e+00   5.5436e-03   3.4260e+02
20230217_08:00:00   2.0236e-01   5.2592e+01   3.3427e+00   0.0000e+00   4.6717e-03   3.4228e+02
20230217_09:00:00   1.9355e-01   5.0682e+01   3.1764e+00   0.0000e+00   5.2924e-03   3.4212e+02
20230217_10:00:00   1.8762e-01   4.9356e+01   3.0793e+00   0.0000e+00   6.7424e-03   3.4498e+02
20230217_11:00:00   1.8792e-01   4.9304e+01   3.1179e+00   0.0000e+00   1.4380e-02   3.4603e+02
20230217_12:00:00   2.0274e-01   5.2236e+01   3.4465e+00   0.0000e+00   4.4638e-02   3.4721e+02
20230217_13:00:00   2.2999e-01   5.7817e+01   4.0069e+00   0.0000e+00   1.9125e-02   3.4711e+02
20230217_14:00:00   2.0679e-01   5.3130e+01   3.5346e+00   0.0000e+00   3.0384e-03   3.4691e+02
20230217_15:00:00   1.9535e-01   5.0633e+01   3.3244e+00   0.0000e+00   6.8584e-03   3.4903e+02
20230217_16:00:00   2.0601e-01   5.2904e+01   3.5396e+00   0.0000e+00   1.3475e-02   3.5005e+02
20230217_17:00:00   2.1321e-01   5.4452e+01   3.7131e+00   0.0000e+00   9.4849e-03   3.4991e+02
20230217_18:00:00   2.0083e-01   5.2030e+01   3.4597e+00   0.0000e+00   5.1527e-03   3.4749e+02
20230217_19:00:00   2.0960e-01   5.4003e+01   3.6225e+00   0.0000e+00   5.8091e-03   3.4821e+02
20230217_20:00:00   2.2780e-01   5.7864e+01   3.9776e+00   0.0000e+00   7.2307e-03   3.4769e+02
20230217_21:00:00   2.4041e-01   6.0553e+01   4.2117e+00   0.0000e+00   8.8621e-03   3.4674e+02
20230217_22:00:00   2.5492e-01   6.3547e+01   4.4924e+00   0.0000e+00   9.1973e-03   3.4606e+02
20230217_23:00:00   2.7015e-01   6.6563e+01   4.7968e+00   0.0000e+00   8.5049e-03   3.4348e+02
20230218_00:00:00   2.8678e-01   6.9808e+01   5.1083e+00   0.0000e+00   1.2375e-02   3.4270e+02
20230218_01:00:00   3.1082e-01   7.4395e+01   5.5438e+00   0.0000e+00   2.0110e-02   3.4548e+02
20230218_02:00:00   3.2743e-01   7.7441e+01   5.8380e+00   0.0000e+00   1.9064e-02   3.4665e+02
20230218_03:00:00   3.2486e-01   7.6948e+01   5.7789e+00   0.0000e+00   1.8032e-02   3.4754e+02
20230218_04:00:00   3.0739e-01   7.3605e+01   5.4549e+00   0.0000e+00   1.8003e-02   3.5213e+02
20230218_05:00:00   2.9817e-01   7.1813e+01   5.2951e+00   0.0000e+00   1.9269e-02   3.5614e+02
20230218_06:00:00   2.9286e-01   7.0788e+01   5.2065e+00   0.0000e+00   1.7840e-02   3.5364e+02
20230218_07:00:00   2.8662e-01   6.9601e+01   5.1018e+00   0.0000e+00   4.3839e-03   3.5285e+02
20230218_08:00:00   2.8050e-01   6.8329e+01   5.0034e+00   0.0000e+00   5.0713e-03   3.5493e+02
20230218_09:00:00   2.8411e-01   6.9024e+01   5.0780e+00   0.0000e+00   5.6721e-03   3.5494e+02
20230218_10:00:00   2.8648e-01   6.9447e+01   5.1286e+00   0.0000e+00   1.3562e-03   3.5509e+02
20230218_11:00:00   2.8569e-01   6.9305e+01   5.1182e+00   0.0000e+00   5.8528e-04   3.5474e+02
20230218_12:00:00   2.8474e-01   6.9112e+01   5.0907e+00   0.0000e+00   9.2160e-05   3.5325e+02
20230218_13:00:00   2.8596e-01   6.9332e+01   5.1087e+00   0.0000e+00   1.6170e-05   3.5493e+02
20230218_14:00:00   2.8359e-01   6.8897e+01   5.0603e+00   0.0000e+00   3.1571e-05   3.5649e+02
20230218_15:00:00   2.8166e-01   6.8562e+01   5.0330e+00   0.0000e+00   1.0052e-04   3.5768e+02
20230218_16:00:00   2.8828e-01   7.0006e+01   5.1424e+00   0.0000e+00   2.5322e-04   3.6284e+02
20230218_17:00:00   2.8388e-01   6.9258e+01   5.0671e+00   0.0000e+00   7.5897e-05   3.6617e+02
20230218_18:00:00   2.8893e-01   7.0422e+01   5.1415e+00   0.0000e+00   1.1717e-04   3.6813e+02
20230218_19:00:00   2.9746e-01   7.2362e+01   5.2757e+00   0.0000e+00   8.2381e-05   3.6983e+02
20230218_20:00:00   3.0949e-01   7.4921e+01   5.4839e+00   0.0000e+00   1.0384e-05   3.7135e+02
20230218_21:00:00   3.2639e-01   7.8405e+01   5.7698e+00   0.0000e+00   7.1027e-05   3.6957e+02
20230218_22:00:00   3.4125e-01   8.1473e+01   6.0079e+00   0.0000e+00   6.0860e-06   3.6908e+02
20230218_23:00:00   3.4743e-01   8.2675e+01   6.1134e+00   0.0000e+00   6.7943e-05   3.7301e+02
20230219_00:00:00   3.4697e-01   8.2544e+01   6.1222e+00   1.4091e-05   5.0583e-04   3.7449e+02
20230219_01:00:00   3.5652e-01   8.4301e+01   6.2735e+00   0.0000e+00   2.3085e-03   3.7798e+02
20230219_02:00:00   3.6266e-01   8.5372e+01   6.3440e+00   1.0230e-07   9.4700e-04   3.7996e+02
20230219_03:00:00   3.6558e-01   8.5938e+01   6.3630e+00   0.0000e+00   3.0999e-04   3.7949e+02
20230219_04:00:00   3.6196e-01   8.5367e+01   6.2704e+00   0.0000e+00   0.0000e+00   3.7912e+02
20230219_05:00:00   3.6515e-01   8.5924e+01   6.3193e+00   0.0000e+00   5.0201e-04   3.7641e+02
20230219_06:00:00   3.7246e-01   8.7246e+01   6.4496e+00   0.0000e+00   1.9152e-03   3.7455e+02
20230219_07:00:00   3.8750e-01   8.9841e+01   6.7330e+00   0.0000e+00   6.0206e-04   3.7363e+02
20230219_08:00:00   4.0590e-01   9.2990e+01   7.0811e+00   2.0460e-07   2.4514e-03   3.7329e+02
20230219_09:00:00   4.2441e-01   9.6148e+01   7.4192e+00   3.4680e-05   2.5634e-02   3.7137e+02
20230219_10:00:00   4.4801e-01   1.0013e+02   7.8708e+00   2.2100e-05   2.8804e-02   3.6760e+02
20230219_11:00:00   4.6888e-01   1.0344e+02   8.2572e+00   0.0000e+00   2.5753e-02   3.5654e+02
20230219_12:00:00   4.7309e-01   1.0414e+02   8.3100e+00   0.0000e+00   2.2350e-02   3.5036e+02
20230219_13:00:00   4.5576e-01   1.0128e+02   8.0002e+00   0.0000e+00   3.0920e-03   3.5360e+02
20230219_14:00:00   4.4206e-01   9.8868e+01   7.7688e+00   0.0000e+00   4.4545e-03   3.5878e+02
20230219_15:00:00   4.1850e-01   9.4968e+01   7.3132e+00   0.0000e+00   1.7204e-03   3.5964e+02
20230219_16:00:00   4.0844e-01   9.3548e+01   7.0547e+00   0.0000e+00   2.1899e-03   3.6183e+02
20230219_17:00:00   4.0565e-01   9.3469e+01   6.9191e+00   0.0000e+00   1.9627e-05   3.6726e+02
20230219_18:00:00   4.0933e-01   9.4541e+01   6.8700e+00   0.0000e+00   0.0000e+00   3.7403e+02
20230219_19:00:00   4.0807e-01   9.4643e+01   6.7519e+00   3.2820e-04   0.0000e+00   3.7972e+02
20230219_20:00:00   4.1174e-01   9.5278e+01   6.8218e+00   2.1520e-04   1.0262e-05   3.8003e+02
20230219_21:00:00   4.3022e-01   9.8562e+01   7.1452e+00   6.9280e-05   4.5541e-05   3.7622e+02
20230219_22:00:00   4.4161e-01   1.0058e+02   7.3562e+00   6.1380e-07   2.4612e-04   3.6979e+02
20230219_23:00:00   4.3847e-01   1.0002e+02   7.3509e+00   0.0000e+00   6.8533e-05   3.6714e+02
20230220_00:00:00   4.0425e-01   9.3878e+01   6.8459e+00   2.0460e-07   1.9936e-05   3.6469e+02
20230220_03:00:00   3.4534e-01   8.2607e+01   5.8169e+00   0.0000e+00   0.0000e+00   3.5967e+02
20230220_06:00:00   3.2569e-01   7.8499e+01   5.5646e+00   0.0000e+00   0.0000e+00   3.6299e+02
20230220_09:00:00   3.4371e-01   8.1402e+01   6.1800e+00   0.0000e+00   3.9547e-04   3.6545e+02
20230220_12:00:00   4.1493e-01   9.3906e+01   7.6956e+00   0.0000e+00   2.1918e-04   3.6148e+02
20230220_15:00:00   4.9272e-01   1.0707e+02   9.1245e+00   0.0000e+00   7.4271e-03   3.4379e+02
20230220_18:00:00   5.5999e-01   1.1861e+02   1.0152e+01   0.0000e+00   4.0614e-03   3.4036e+02
20230220_21:00:00   5.7004e-01   1.2102e+02   1.0271e+01   0.0000e+00   2.0152e-03   3.3018e+02
20230221_00:00:00   6.3637e-01   1.3101e+02   1.1425e+01   1.5184e-04   2.4198e-03   3.2788e+02
20230221_03:00:00   6.1608e-01   1.2801e+02   1.0968e+01   0.0000e+00   1.7695e-03   3.2238e+02
20230221_06:00:00   6.2611e-01   1.2970e+02   1.0974e+01   0.0000e+00   4.2801e-03   3.1866e+02
20230221_09:00:00   6.4033e-01   1.3152e+02   1.1266e+01   0.0000e+00   1.7276e-03   3.1217e+02
20230221_12:00:00   6.3215e-01   1.3017e+02   1.1304e+01   0.0000e+00   4.9943e-03   3.0832e+02
20230221_15:00:00   6.4601e-01   1.3196e+02   1.1759e+01   0.0000e+00   5.7337e-03   3.0436e+02
20230221_18:00:00   5.6087e-01   1.2078e+02   9.9038e+00   0.0000e+00   4.5458e-03   2.9899e+02
20230221_21:00:00   5.1259e-01   1.1470e+02   8.6799e+00   2.0460e-07   4.8308e-04   2.9834e+02
20230222_00:00:00   5.0310e-01   1.1373e+02   8.5182e+00   5.2680e-05   1.6665e-03   2.9942e+02
20230222_03:00:00   3.8951e-01   9.1980e+01   6.8724e+00   8.1840e-06   2.4560e-07   3.0799e+02
20230222_06:00:00   3.2818e-01   8.0114e+01   5.3845e+00   1.6450e-04   9.7038e-04   3.0281e+02
20230222_09:00:00   4.2937e-01   9.8102e+01   6.9947e+00   2.4180e-04   8.7603e-03   3.1268e+02
20230222_12:00:00   3.4830e-01   8.2284e+01   5.6433e+00   7.9800e-06   7.3130e-03   3.3142e+02
20230222_15:00:00   2.4166e-01   6.0273e+01   3.7602e+00   0.0000e+00   3.7679e-03   3.6880e+02
20230222_18:00:00   1.6162e-01   4.3013e+01   2.4249e+00   2.9481e-05   4.6748e-04   3.8880e+02
20230222_21:00:00   2.0599e-01   5.2257e+01   3.0235e+00   7.2731e-03   3.9100e-02   3.9683e+02
20230223_00:00:00   2.0659e-01   5.2583e+01   3.1993e+00   1.3090e-03   3.4293e-02   3.9726e+02
20230223_03:00:00   2.1488e-01   5.4445e+01   3.3391e+00   0.0000e+00   8.1553e-03   3.8964e+02
20230223_06:00:00   2.5275e-01   6.2130e+01   3.9332e+00   2.0460e-07   3.2200e-02   3.8161e+02
20230223_09:00:00   2.5436e-01   6.2604e+01   3.9563e+00   3.2740e-06   7.2693e-03   3.7098e+02
20230223_12:00:00   2.1285e-01   5.4193e+01   3.2912e+00   8.1840e-07   3.8899e-04   3.6759e+02
20230223_15:00:00   1.9383e-01   5.0264e+01   3.0454e+00   0.0000e+00   3.3457e-05   3.5688e+02
20230223_18:00:00   2.0164e-01   5.2022e+01   3.3125e+00   0.0000e+00   8.9871e-05   3.3871e+02
20230223_21:00:00   2.9297e-01   7.0459e+01   5.0922e+00   2.0460e-07   2.8884e-02   3.3534e+02
20230224_00:00:00   3.4171e-01   7.9862e+01   5.8460e+00   0.0000e+00   9.6352e-03   3.4873e+02
20230224_03:00:00   3.4549e-01   8.0701e+01   5.7903e+00   0.0000e+00   6.0493e-04   3.5110e+02
20230224_06:00:00   3.3441e-01   7.8779e+01   5.5843e+00   0.0000e+00   2.0836e-04   3.4168e+02
20230224_09:00:00   2.9490e-01   7.1560e+01   4.8626e+00   0.0000e+00   6.7102e-05   3.2724e+02
20230224_12:00:00   3.1062e-01   7.4457e+01   5.2770e+00   0.0000e+00   8.9008e-04   3.1825e+02
20230224_15:00:00   3.1818e-01   7.6167e+01   5.2948e+00   6.4440e-06   4.7035e-03   3.1754e+02
20230224_18:00:00   3.4943e-01   8.2393e+01   5.8816e+00   0.0000e+00   5.1244e-03   3.2101e+02
20230224_21:00:00   4.7983e-01   1.0488e+02   8.3226e+00   0.0000e+00   5.4443e-02   3.1815e+02
20230225_00:00:00   5.3163e-01   1.1351e+02   9.0724e+00   2.0460e-07   4.4458e-02   3.1476e+02
20230225_03:00:00   5.1014e-01   1.1022e+02   8.5844e+00   6.9560e-06   3.0211e-02   3.2232e+02
20230225_06:00:00   4.5855e-01   1.0192e+02   7.5822e+00   3.8880e-06   9.6774e-03   3.3293e+02
20230225_09:00:00   4.2239e-01   9.5754e+01   6.8829e+00   0.0000e+00   6.5180e-04   3.3858e+02
20230225_12:00:00   4.0571e-01   9.2778e+01   6.6249e+00   0.0000e+00   3.2463e-03   3.4044e+02
20230225_15:00:00   3.9786e-01   9.1255e+01   6.5100e+00   0.0000e+00   4.8221e-03   3.4315e+02
20230225_18:00:00   3.5869e-01   8.4570e+01   5.9735e+00   0.0000e+00   8.3417e-04   3.5846e+02
20230225_21:00:00   3.5402e-01   8.4454e+01   5.8667e+00   0.0000e+00   1.5954e-05   3.6842e+02
20230226_00:00:00   4.4930e-01   1.0123e+02   7.6339e+00   0.0000e+00   3.4132e-02   3.6246e+02
20230226_03:00:00   5.5833e-01   1.1814e+02   9.4646e+00   5.2691e-05   9.4107e-02   3.4923e+02
20230226_06:00:00   6.2546e-01   1.2767e+02   1.0496e+01   0.0000e+00   4.9761e-02   3.3713e+02
20230226_09:00:00   7.3652e-01   1.4251e+02   1.2011e+01   2.0783e-04   1.4692e-01   3.3396e+02
20230226_12:00:00   8.2117e-01   1.5228e+02   1.2970e+01   1.8810e-04   7.4821e-01   3.3372e+02
20230226_15:00:00   8.2640e-01   1.5317e+02   1.3045e+01   9.1284e-04   2.5541e-01   3.3297e+02
20230226_18:00:00   8.4886e-01   1.5586e+02   1.3256e+01   5.3734e-04   5.5360e-01   3.4427e+02
20230226_21:00:00   8.6007e-01   1.5749e+02   1.2780e+01   1.7139e-02   2.6153e-01   3.8209e+02
20230227_00:00:00   6.7010e-01   1.3427e+02   1.0468e+01   1.6955e-03   1.6420e-02   4.0860e+02
20230227_03:00:00   6.6337e-01   1.3268e+02   8.9615e+00   4.3360e-02   2.8613e-03   3.7518e+02
20230227_06:00:00   5.7773e-01   1.2030e+02   8.4503e+00   2.0900e-02   1.6296e-03   3.5258e+02
20230227_09:00:00   5.8237e-01   1.2079e+02   9.3298e+00   1.2276e-06   1.0845e-02   3.3478e+02
20230227_12:00:00   5.5896e-01   1.1728e+02   8.9418e+00   1.3298e-06   1.0740e-02   3.2895e+02
20230227_15:00:00   6.0234e-01   1.2377e+02   9.5566e+00   1.0127e-05   1.7233e-02   3.4244e+02
20230227_18:00:00   4.9456e-01   1.0848e+02   7.8292e+00   9.4759e-06   4.8575e-04   3.3900e+02
20230227_21:00:00   4.0892e-01   9.4145e+01   6.7789e+00   0.0000e+00   1.6691e-04   3.3894e+02
20230228_00:00:00   3.1557e-01   7.6512e+01   5.3031e+00   3.0680e-07   5.4107e-05   3.3431e+02
20230228_03:00:00   3.1517e-01   7.5721e+01   5.1804e+00   8.1840e-07   5.2990e-06   3.5582e+02
20230228_06:00:00   3.1344e-01   7.4782e+01   5.2415e+00   0.0000e+00   1.6532e-03   3.4624e+02
20230228_09:00:00   3.4627e-01   8.0749e+01   5.6376e+00   0.0000e+00   5.9425e-02   3.6581e+02
20230228_12:00:00   3.7267e-01   8.5501e+01   5.9516e+00   7.3660e-06   4.2968e-02   3.8324e+02
20230228_15:00:00   4.3341e-01   9.5911e+01   6.9687e+00   0.0000e+00   1.1041e-01   3.7944e+02
20230228_18:00:00   5.2996e-01   1.1193e+02   8.2255e+00   1.5290e-04   2.5109e-01   3.7062e+02
20230228_21:00:00   5.4729e-01   1.1512e+02   8.4688e+00   6.1114e-04   1.9358e-01   3.6303e+02
20230301_00:00:00   4.7702e-01   1.0431e+02   7.6788e+00   1.4554e-04   7.0927e-02   3.6989e+02
20230301_03:00:00   6.4798e-01   1.2960e+02   9.7199e+00   1.5668e-03   7.6456e-01   3.8320e+02
20230301_06:00:00   4.5286e-01   1.0004e+02   7.1235e+00   6.1370e-07   7.5918e-02   3.9206e+02
20230301_09:00:00   3.6388e-01   8.3998e+01   5.6806e+00   2.1480e-06   3.2773e-02   4.0812e+02
20230301_12:00:00   3.0096e-01   7.1742e+01   4.6387e+00   1.0230e-05   2.1008e-02   4.1218e+02
20230301_15:00:00   2.3003e-01   5.7534e+01   3.4295e+00   2.0460e-07   2.6788e-03   4.2437e+02
20230301_18:00:00   2.0928e-01   5.3399e+01   3.1574e+00   7.8584e-05   6.4744e-04   4.1960e+02
20230301_21:00:00   2.3778e-01   5.9206e+01   3.6787e+00   9.6341e-04   2.0660e-02   3.9245e+02
20230302_00:00:00   2.6840e-01   6.5945e+01   4.2153e+00   2.0460e-07   1.6287e-03   3.7397e+02
20230302_03:00:00   2.6116e-01   6.4555e+01   4.0313e+00   0.0000e+00   8.6605e-05   3.3606e+02
20230302_06:00:00   2.4428e-01   6.1004e+01   3.8771e+00   0.0000e+00   0.0000e+00   3.2554e+02
20230302_09:00:00   2.3631e-01   5.9364e+01   3.8546e+00   0.0000e+00   0.0000e+00   3.1650e+02
20230302_12:00:00   2.3066e-01   5.8352e+01   3.7690e+00   0.0000e+00   0.0000e+00   3.1517e+02
20230302_15:00:00   2.2800e-01   5.8020e+01   3.7082e+00   0.0000e+00   0.0000e+00   3.1555e+02
20230302_18:00:00   2.6229e-01   6.5667e+01   4.2158e+00   0.0000e+00   0.0000e+00   3.1354e+02
20230302_21:00:00   3.0995e-01   7.5739e+01   4.9574e+00   4.2360e-05   3.0094e-05   3.1201e+02
20230303_00:00:00   3.8067e-01   8.9275e+01   6.1879e+00   1.4924e-05   3.6062e-04   3.1456e+02
