#            date       tau255        Tb[K]      pwv[mm] lwp[kg*m^-2] iwp[kg*m^-2]       o3[DU]
20240118_06:00:00   4.2148e-01   9.7042e+01   7.9624e+00   0.0000e+00   4.4940e-04   2.9143e+02
20240118_07:00:00   4.2951e-01   9.8482e+01   8.1150e+00   0.0000e+00   1.5974e-04   2.9180e+02
20240118_08:00:00   4.4214e-01   1.0050e+02   8.4104e+00   0.0000e+00   3.5760e-04   2.9086e+02
20240118_09:00:00   4.4924e-01   1.0161e+02   8.5776e+00   0.0000e+00   2.7400e-04   2.9136e+02
20240118_10:00:00   4.5550e-01   1.0269e+02   8.6748e+00   0.0000e+00   1.6532e-04   2.9260e+02
20240118_11:00:00   4.6131e-01   1.0374e+02   8.7698e+00   0.0000e+00   9.7120e-05   2.8969e+02
20240118_12:00:00   4.6018e-01   1.0364e+02   8.7442e+00   0.0000e+00   4.8562e-05   2.8433e+02
20240118_13:00:00   4.5880e-01   1.0343e+02   8.7133e+00   0.0000e+00   1.7930e-03   2.8021e+02
20240118_14:00:00   4.7022e-01   1.0529e+02   8.9375e+00   0.0000e+00   3.0333e-03   2.7993e+02
20240118_15:00:00   4.7909e-01   1.0675e+02   9.0955e+00   0.0000e+00   3.8365e-03   2.7951e+02
20240118_16:00:00   4.8868e-01   1.0839e+02   9.2455e+00   0.0000e+00   3.6720e-03   2.7877e+02
20240118_17:00:00   5.0223e-01   1.1069e+02   9.4914e+00   0.0000e+00   7.7446e-03   2.7813e+02
20240118_18:00:00   5.2193e-01   1.1368e+02   9.9897e+00   0.0000e+00   7.8374e-03   2.7800e+02
20240118_19:00:00   5.4917e-01   1.1789e+02   1.0558e+01   0.0000e+00   1.6056e-02   2.7851e+02
20240118_20:00:00   5.8302e-01   1.2293e+02   1.1226e+01   0.0000e+00   3.6303e-02   2.7856e+02
20240118_21:00:00   6.1884e-01   1.2823e+02   1.1829e+01   1.2236e-04   7.7178e-02   2.7972e+02
20240118_22:00:00   6.5176e-01   1.3315e+02   1.2335e+01   8.9520e-04   3.4420e-02   2.8064e+02
20240118_23:00:00   6.6205e-01   1.3481e+02   1.2472e+01   1.3882e-03   1.6693e-02   2.8202e+02
20240119_00:00:00   6.6278e-01   1.3496e+02   1.2501e+01   3.2081e-05   1.5184e-02   2.8449e+02
20240119_01:00:00   6.7036e-01   1.3603e+02   1.2576e+01   0.0000e+00   2.1699e-02   2.8584e+02
20240119_02:00:00   6.8747e-01   1.3844e+02   1.2727e+01   0.0000e+00   6.3379e-02   2.8692e+02
20240119_03:00:00   7.1105e-01   1.4164e+02   1.3098e+01   0.0000e+00   7.1520e-02   2.8740e+02
20240119_04:00:00   6.9238e-01   1.3928e+02   1.2700e+01   0.0000e+00   7.1467e-02   2.8853e+02
20240119_05:00:00   6.7826e-01   1.3734e+02   1.2396e+01   0.0000e+00   1.6082e-01   2.8868e+02
20240119_06:00:00   6.6368e-01   1.3536e+02   1.2174e+01   0.0000e+00   5.0623e-02   2.8882e+02
20240119_07:00:00   6.5452e-01   1.3401e+02   1.2000e+01   0.0000e+00   5.9886e-02   2.8939e+02
20240119_08:00:00   6.4232e-01   1.3234e+02   1.1766e+01   0.0000e+00   5.7568e-02   2.9010e+02
20240119_09:00:00   6.4287e-01   1.3233e+02   1.1769e+01   0.0000e+00   4.1221e-02   2.9259e+02
20240119_10:00:00   6.4918e-01   1.3318e+02   1.1871e+01   0.0000e+00   2.1162e-02   2.9450e+02
20240119_11:00:00   6.5782e-01   1.3433e+02   1.1998e+01   0.0000e+00   2.1032e-02   2.9765e+02
20240119_12:00:00   6.7344e-01   1.3644e+02   1.2244e+01   0.0000e+00   2.5084e-02   3.0017e+02
20240119_13:00:00   6.8968e-01   1.3855e+02   1.2507e+01   0.0000e+00   1.9672e-02   3.0211e+02
20240119_14:00:00   6.9184e-01   1.3880e+02   1.2483e+01   0.0000e+00   6.7814e-02   3.0325e+02
20240119_15:00:00   6.8726e-01   1.3825e+02   1.2331e+01   0.0000e+00   3.1521e-02   3.0257e+02
20240119_16:00:00   6.7859e-01   1.3719e+02   1.2101e+01   0.0000e+00   2.9433e-02   3.0474e+02
20240119_17:00:00   6.8266e-01   1.3795e+02   1.2098e+01   0.0000e+00   9.0987e-03   3.0610e+02
20240119_18:00:00   6.8424e-01   1.3837e+02   1.2095e+01   0.0000e+00   1.5355e-02   3.0459e+02
20240119_19:00:00   6.9027e-01   1.3936e+02   1.2176e+01   0.0000e+00   1.2657e-02   3.0769e+02
20240119_20:00:00   6.9017e-01   1.3954e+02   1.2160e+01   4.9820e-05   4.4815e-04   3.1005e+02
20240119_21:00:00   6.9744e-01   1.4055e+02   1.2315e+01   0.0000e+00   6.7662e-03   3.1456e+02
20240119_22:00:00   7.2362e-01   1.4396e+02   1.2740e+01   0.0000e+00   1.2777e-02   3.2165e+02
20240119_23:00:00   7.3644e-01   1.4576e+02   1.2784e+01   8.1840e-07   1.3650e-02   3.2786e+02
20240120_00:00:00   7.8831e-01   1.5199e+02   1.3650e+01   0.0000e+00   3.2365e-02   3.2655e+02
20240120_01:00:00   8.3471e-01   1.5709e+02   1.4410e+01   0.0000e+00   1.0296e-01   3.2593e+02
20240120_02:00:00   8.3842e-01   1.5722e+02   1.4452e+01   6.7260e-06   6.6404e-02   3.3171e+02
20240120_03:00:00   8.2658e-01   1.5555e+02   1.4216e+01   4.9100e-06   1.1243e-01   3.3611e+02
20240120_04:00:00   8.1298e-01   1.5390e+02   1.3921e+01   4.0720e-05   7.8203e-02   3.3945e+02
20240120_05:00:00   7.9269e-01   1.5132e+02   1.3548e+01   7.8560e-05   2.2549e-02   3.3929e+02
20240120_06:00:00   7.8388e-01   1.5014e+02   1.3326e+01   0.0000e+00   4.0375e-02   3.4291e+02
20240120_07:00:00   7.8696e-01   1.5046e+02   1.3309e+01   1.0230e-07   2.0400e-02   3.4486e+02
20240120_08:00:00   7.9978e-01   1.5188e+02   1.3469e+01   6.7083e-06   2.1946e-02   3.4685e+02
20240120_09:00:00   8.1502e-01   1.5349e+02   1.3613e+01   2.0460e-07   6.1050e-02   3.4756e+02
20240120_10:00:00   8.3361e-01   1.5553e+02   1.3743e+01   8.1840e-07   1.9186e-01   3.5109e+02
20240120_11:00:00   7.9226e-01   1.5088e+02   1.3137e+01   3.0680e-07   6.2482e-02   3.5894e+02
20240120_12:00:00   7.8775e-01   1.5025e+02   1.2992e+01   1.1355e-05   2.5433e-02   3.6260e+02
20240120_13:00:00   7.7124e-01   1.4828e+02   1.2671e+01   2.1280e-05   1.2160e-02   3.6066e+02
20240120_14:00:00   7.5988e-01   1.4695e+02   1.2453e+01   1.0946e-05   8.2036e-03   3.5785e+02
20240120_15:00:00   7.6421e-01   1.4735e+02   1.2588e+01   4.9100e-06   4.7567e-03   3.5700e+02
20240120_16:00:00   7.6679e-01   1.4768e+02   1.2586e+01   2.0460e-07   7.1227e-04   3.5545e+02
20240120_17:00:00   7.3934e-01   1.4459e+02   1.2168e+01   8.1840e-07   9.0441e-04   3.4567e+02
20240120_18:00:00   7.4136e-01   1.4508e+02   1.2248e+01   8.5581e-05   4.2528e-04   3.3784e+02
20240120_19:00:00   7.1658e-01   1.4213e+02   1.1906e+01   9.8204e-05   2.7379e-03   3.3380e+02
20240120_20:00:00   6.9155e-01   1.3899e+02   1.1521e+01   5.6043e-05   5.9027e-03   3.3335e+02
20240120_21:00:00   7.0136e-01   1.4036e+02   1.1705e+01   6.4450e-05   1.2053e-02   3.3337e+02
20240120_22:00:00   7.1294e-01   1.4183e+02   1.1972e+01   9.3691e-05   1.7422e-02   3.3459e+02
20240120_23:00:00   7.0600e-01   1.4083e+02   1.1916e+01   1.6368e-06   7.1885e-03   3.3441e+02
20240121_00:00:00   6.9412e-01   1.3924e+02   1.1728e+01   2.4560e-06   5.6283e-03   3.3584e+02
20240121_01:00:00   6.8719e-01   1.3823e+02   1.1619e+01   2.5577e-06   1.8295e-02   3.3717e+02
20240121_02:00:00   6.9500e-01   1.3903e+02   1.1794e+01   3.0748e-05   1.6836e-02   3.4004e+02
20240121_03:00:00   7.1655e-01   1.4144e+02   1.2234e+01   5.0110e-05   4.4249e-02   3.4097e+02
20240121_04:00:00   7.1856e-01   1.4153e+02   1.2290e+01   8.0820e-06   2.2234e-02   3.3867e+02
20240121_05:00:00   7.1237e-01   1.4054e+02   1.2166e+01   7.6100e-05   8.5948e-03   3.3632e+02
20240121_06:00:00   7.1896e-01   1.4120e+02   1.2232e+01   5.1140e-07   1.4600e-01   3.3504e+02
20240121_07:00:00   7.3839e-01   1.4362e+02   1.2563e+01   0.0000e+00   1.0211e-01   3.3402e+02
20240121_08:00:00   7.6063e-01   1.4643e+02   1.2788e+01   0.0000e+00   2.8668e-01   3.3492e+02
20240121_09:00:00   7.5441e-01   1.4589e+02   1.2680e+01   0.0000e+00   4.1644e-03   3.3665e+02
20240121_10:00:00   7.4192e-01   1.4448e+02   1.2345e+01   1.6266e-05   6.9508e-03   3.3692e+02
20240121_11:00:00   7.4926e-01   1.4534e+02   1.2398e+01   2.9463e-05   6.6508e-03   3.3791e+02
20240121_12:00:00   7.4497e-01   1.4473e+02   1.2352e+01   4.0206e-05   1.4139e-02   3.3850e+02
20240121_13:00:00   7.2860e-01   1.4270e+02   1.2088e+01   2.3840e-05   7.3347e-03   3.4096e+02
20240121_14:00:00   7.1983e-01   1.4149e+02   1.1933e+01   1.5038e-05   2.0307e-03   3.4152e+02
20240121_15:00:00   7.1495e-01   1.4075e+02   1.1871e+01   6.8541e-06   3.0237e-03   3.4442e+02
20240121_16:00:00   7.0336e-01   1.3924e+02   1.1677e+01   0.0000e+00   2.7829e-03   3.4842e+02
20240121_17:00:00   6.9444e-01   1.3807e+02   1.1645e+01   0.0000e+00   5.2237e-03   3.5234e+02
20240121_18:00:00   6.7455e-01   1.3555e+02   1.1451e+01   0.0000e+00   2.7520e-02   3.5626e+02
20240121_19:00:00   6.5803e-01   1.3373e+02   1.1104e+01   2.6923e-06   8.2376e-04   3.6072e+02
20240121_20:00:00   6.3296e-01   1.3083e+02   1.0554e+01   4.5559e-05   2.9387e-05   3.6076e+02
20240121_21:00:00   6.2463e-01   1.3000e+02   1.0378e+01   1.3088e-04   8.9734e-05   3.5932e+02
20240121_22:00:00   6.5243e-01   1.3413e+02   1.0807e+01   2.6764e-04   2.1154e-04   3.5459e+02
20240121_23:00:00   6.7860e-01   1.3784e+02   1.1223e+01   1.4754e-04   2.4805e-03   3.5217e+02
20240122_00:00:00   6.9609e-01   1.4022e+02   1.1500e+01   2.2196e-05   2.7184e-04   3.5319e+02
20240122_01:00:00   6.9471e-01   1.3996e+02   1.1462e+01   3.0278e-05   4.3523e-05   3.5246e+02
20240122_02:00:00   7.0181e-01   1.4073e+02   1.1570e+01   9.2060e-07   1.9901e-04   3.5237e+02
20240122_03:00:00   7.0304e-01   1.4070e+02   1.1595e+01   2.1480e-06   2.5628e-03   3.5063e+02
20240122_04:00:00   7.0948e-01   1.4138e+02   1.1732e+01   1.2276e-06   5.0294e-03   3.4771e+02
20240122_05:00:00   7.2977e-01   1.4383e+02   1.2100e+01   0.0000e+00   4.8375e-03   3.4691e+02
20240122_06:00:00   7.7013e-01   1.4848e+02   1.2873e+01   4.7060e-06   1.4863e-02   3.4848e+02
20240122_07:00:00   8.1211e-01   1.5335e+02   1.3576e+01   8.0776e-05   5.0523e-02   3.5011e+02
20240122_08:00:00   8.5137e-01   1.5786e+02   1.4159e+01   1.5472e-04   3.4040e-02   3.5125e+02
20240122_09:00:00   8.8471e-01   1.6156e+02   1.4552e+01   5.0836e-04   8.7438e-02   3.5458e+02
20240122_10:00:00   8.5879e-01   1.5896e+02   1.4065e+01   1.7800e-04   3.2087e-02   3.5828e+02
20240122_11:00:00   8.9039e-01   1.6243e+02   1.4505e+01   1.3060e-03   2.9236e-02   3.6095e+02
20240122_12:00:00   9.5903e-01   1.6949e+02   1.5390e+01   4.1138e-03   4.5714e-02   3.6365e+02
20240122_13:00:00   1.0040e+00   1.7392e+02   1.5675e+01   1.2660e-02   1.4938e-01   3.6395e+02
20240122_14:00:00   1.0921e+00   1.8210e+02   1.6437e+01   2.5517e-02   3.3968e-01   3.6559e+02
20240122_15:00:00   1.1695e+00   1.8898e+02   1.6651e+01   4.8887e-02   3.8988e-01   3.6728e+02
20240122_16:00:00   1.2303e+00   1.9409e+02   1.6757e+01   7.1319e-02   4.2894e-01   3.6786e+02
20240122_17:00:00   1.2657e+00   1.9684e+02   1.6866e+01   8.1082e-02   6.2200e-01   3.7088e+02
20240122_18:00:00   1.4436e+00   2.0945e+02   1.7077e+01   1.4815e-01   6.1760e-01   3.7468e+02
20240122_19:00:00   1.5013e+00   2.1298e+02   1.7045e+01   1.6984e-01   8.5707e-01   3.7459e+02
20240122_20:00:00   1.5525e+00   2.1623e+02   1.6880e+01   1.9579e-01   6.1673e-01   3.7426e+02
20240122_21:00:00   1.5708e+00   2.1743e+02   1.6793e+01   2.0775e-01   3.5716e-01   3.7310e+02
20240122_22:00:00   1.8472e+00   2.3142e+02   1.6600e+01   3.2030e-01   6.6373e-01   3.7136e+02
20240122_23:00:00   1.6720e+00   2.2335e+02   1.5703e+01   2.7664e-01   1.1536e-01   3.7243e+02
20240123_00:00:00   1.3675e+00   2.0533e+02   1.4683e+01   1.8039e-01   1.3618e-02   3.7155e+02
20240123_01:00:00   1.0898e+00   1.8261e+02   1.4189e+01   8.2038e-02   1.1308e-02   3.7159e+02
20240123_02:00:00   1.2734e+00   1.9773e+02   1.3497e+01   1.7886e-01   1.0836e-02   3.7233e+02
20240123_03:00:00   1.2107e+00   1.9267e+02   1.3449e+01   1.5549e-01   4.7856e-02   3.7317e+02
20240123_04:00:00   1.0034e+00   1.7390e+02   1.3670e+01   6.4417e-02   5.0686e-02   3.7382e+02
20240123_05:00:00   8.9603e-01   1.6255e+02   1.3709e+01   1.9673e-02   7.0752e-02   3.7550e+02
20240123_06:00:00   8.3835e-01   1.5597e+02   1.3569e+01   7.1381e-05   5.6926e-02   3.7967e+02
20240123_09:00:00   7.7316e-01   1.4806e+02   1.2493e+01   2.2420e-03   2.5523e-03   3.8239e+02
20240123_12:00:00   7.6323e-01   1.4672e+02   1.2427e+01   0.0000e+00   4.5672e-02   3.9293e+02
20240123_15:00:00   7.6307e-01   1.4697e+02   1.2297e+01   1.7297e-04   6.3428e-04   4.0061e+02
20240123_18:00:00   7.3173e-01   1.4401e+02   1.1672e+01   0.0000e+00   0.0000e+00   4.0390e+02
20240123_21:00:00   6.5741e-01   1.3500e+02   1.0405e+01   2.4407e-03   2.8640e-07   3.7983e+02
20240124_00:00:00   5.4565e-01   1.1884e+02   8.6895e+00   1.6708e-05   4.9740e-07   3.6267e+02
20240124_03:00:00   4.9273e-01   1.0967e+02   7.9512e+00   0.0000e+00   6.9471e-03   3.5958e+02
20240124_06:00:00   4.1661e-01   9.6176e+01   7.0690e+00   0.0000e+00   5.8408e-05   3.5837e+02
20240124_09:00:00   4.1607e-01   9.5355e+01   7.5092e+00   0.0000e+00   5.6155e-03   3.6243e+02
20240124_12:00:00   4.8169e-01   1.0617e+02   8.8474e+00   0.0000e+00   4.5479e-03   3.6503e+02
20240124_15:00:00   5.6634e-01   1.1964e+02   1.0335e+01   0.0000e+00   6.5665e-03   3.6776e+02
20240124_18:00:00   7.0692e-01   1.3978e+02   1.2492e+01   0.0000e+00   6.5807e-02   3.7185e+02
20240124_21:00:00   7.9793e-01   1.5347e+02   1.3301e+01   4.1316e-04   2.9087e-02   3.8255e+02
20240125_00:00:00   6.9590e-01   1.4174e+02   1.1317e+01   3.0578e-03   1.6050e-03   3.7880e+02
20240125_03:00:00   7.0906e-01   1.4242e+02   1.1693e+01   7.1967e-05   1.1308e-04   3.8024e+02
20240125_06:00:00   7.4191e-01   1.4607e+02   1.1844e+01   0.0000e+00   4.7437e-03   3.7886e+02
20240125_09:00:00   6.0569e-01   1.2732e+02   9.5227e+00   4.3539e-05   5.8940e-03   3.7700e+02
20240125_12:00:00   4.9575e-01   1.0996e+02   7.8336e+00   0.0000e+00   2.0810e-03   3.7322e+02
20240125_15:00:00   4.3596e-01   9.9474e+01   7.0637e+00   0.0000e+00   0.0000e+00   3.6516e+02
20240125_18:00:00   4.1935e-01   9.6955e+01   6.9272e+00   0.0000e+00   3.3782e-04   3.5996e+02
20240125_21:00:00   4.0620e-01   9.4949e+01   6.8557e+00   0.0000e+00   5.2140e-04   3.5723e+02
20240126_00:00:00   4.1005e-01   9.5790e+01   6.9398e+00   0.0000e+00   1.3454e-06   3.5261e+02
20240126_03:00:00   3.9399e-01   9.2565e+01   6.6001e+00   0.0000e+00   2.7500e-03   3.4934e+02
20240126_06:00:00   3.6980e-01   8.7889e+01   6.2042e+00   0.0000e+00   1.5072e-03   3.5088e+02
20240126_09:00:00   3.3160e-01   8.0530e+01   5.6364e+00   0.0000e+00   1.5186e-03   3.5187e+02
20240126_12:00:00   3.0336e-01   7.4865e+01   5.3081e+00   0.0000e+00   1.5334e-03   3.4980e+02
20240126_15:00:00   2.8742e-01   7.1737e+01   5.0855e+00   0.0000e+00   5.0923e-03   3.4958e+02
20240126_18:00:00   2.9639e-01   7.3734e+01   5.3023e+00   0.0000e+00   9.8380e-04   3.4038e+02
20240126_21:00:00   3.0406e-01   7.5502e+01   5.5705e+00   0.0000e+00   6.5719e-04   3.3259e+02
20240127_00:00:00   3.2788e-01   8.0291e+01   6.0464e+00   0.0000e+00   4.3861e-03   3.2597e+02
20240127_03:00:00   3.3251e-01   8.0964e+01   6.1729e+00   0.0000e+00   2.5276e-02   3.2281e+02
20240127_06:00:00   3.2986e-01   8.0341e+01   6.1773e+00   0.0000e+00   1.2349e-02   3.2394e+02
20240127_09:00:00   3.3221e-01   8.0687e+01   6.1999e+00   0.0000e+00   3.8280e-03   3.2174e+02
20240127_12:00:00   3.1965e-01   7.8284e+01   5.9278e+00   0.0000e+00   1.6308e-03   3.2487e+02
20240127_15:00:00   3.0262e-01   7.4969e+01   5.5754e+00   0.0000e+00   1.7130e-03   3.2705e+02
20240127_18:00:00   3.4133e-01   8.2683e+01   6.3222e+00   0.0000e+00   4.5666e-03   3.2369e+02
20240127_21:00:00   4.3192e-01   9.9159e+01   8.1704e+00   0.0000e+00   8.6556e-03   3.2354e+02
20240128_00:00:00   5.4036e-01   1.1626e+02   1.0354e+01   0.0000e+00   9.7163e-02   3.2349e+02
20240128_03:00:00   5.5829e-01   1.1928e+02   1.0614e+01   0.0000e+00   7.3917e-03   3.2266e+02
20240128_06:00:00   5.9157e-01   1.2413e+02   1.1141e+01   0.0000e+00   6.5151e-02   3.2009e+02
20240128_09:00:00   6.3590e-01   1.3098e+02   1.1846e+01   0.0000e+00   4.8943e-03   3.1719e+02
20240128_12:00:00   6.5155e-01   1.3315e+02   1.1996e+01   0.0000e+00   3.0054e-02   3.1501e+02
20240128_15:00:00   6.9031e-01   1.3859e+02   1.2544e+01   0.0000e+00   8.4264e-03   3.1896e+02
20240128_18:00:00   6.6364e-01   1.3578e+02   1.2013e+01   0.0000e+00   7.0623e-03   3.2123e+02
20240128_21:00:00   5.5013e-01   1.2046e+02   9.6652e+00   0.0000e+00   2.0386e-03   3.2412e+02
20240129_00:00:00   5.1742e-01   1.1589e+02   8.8888e+00   0.0000e+00   3.2241e-03   3.2332e+02
20240129_03:00:00   5.1021e-01   1.1441e+02   8.7700e+00   0.0000e+00   1.9892e-03   3.2077e+02
20240129_06:00:00   4.9062e-01   1.1098e+02   8.3304e+00   0.0000e+00   2.4993e-03   3.1772e+02
20240129_09:00:00   4.6178e-01   1.0591e+02   7.8443e+00   0.0000e+00   1.8722e-05   3.2131e+02
20240129_12:00:00   4.3581e-01   1.0119e+02   7.3743e+00   0.0000e+00   0.0000e+00   3.2106e+02
20240129_15:00:00   3.9283e-01   9.3391e+01   6.6225e+00   0.0000e+00   0.0000e+00   3.2353e+02
20240129_18:00:00   3.8367e-01   9.2116e+01   6.4555e+00   0.0000e+00   0.0000e+00   3.2183e+02
20240129_21:00:00   3.6055e-01   8.8249e+01   6.1933e+00   0.0000e+00   0.0000e+00   3.2417e+02
20240130_00:00:00   3.6538e-01   8.9278e+01   6.3371e+00   0.0000e+00   0.0000e+00   3.2320e+02
20240130_03:00:00   3.3603e-01   8.3308e+01   5.8718e+00   0.0000e+00   0.0000e+00   3.2092e+02
20240130_06:00:00   2.9444e-01   7.4889e+01   5.1626e+00   0.0000e+00   0.0000e+00   3.1483e+02
20240130_09:00:00   2.6056e-01   6.7865e+01   4.5396e+00   0.0000e+00   0.0000e+00   3.1540e+02
20240130_12:00:00   2.5600e-01   6.6825e+01   4.4328e+00   0.0000e+00   0.0000e+00   3.0897e+02
20240130_15:00:00   2.4719e-01   6.4961e+01   4.2419e+00   0.0000e+00   0.0000e+00   3.0792e+02
20240130_18:00:00   2.4651e-01   6.5203e+01   4.2152e+00   0.0000e+00   0.0000e+00   3.0343e+02
20240130_21:00:00   2.7883e-01   7.2298e+01   4.9169e+00   0.0000e+00   4.7678e-03   3.0389e+02
20240131_00:00:00   3.1242e-01   7.9062e+01   5.5767e+00   0.0000e+00   7.3350e-03   3.0691e+02
20240131_03:00:00   2.7539e-01   7.1104e+01   4.9624e+00   0.0000e+00   6.6250e-03   3.1181e+02
20240131_06:00:00   2.5911e-01   6.7383e+01   4.6963e+00   0.0000e+00   3.2720e-05   3.1026e+02
20240131_09:00:00   2.6121e-01   6.7553e+01   4.7516e+00   0.0000e+00   1.9252e-05   3.0102e+02
20240131_12:00:00   2.4792e-01   6.4809e+01   4.5154e+00   0.0000e+00   1.0883e-04   3.0065e+02
20240131_15:00:00   2.4152e-01   6.3216e+01   4.5080e+00   0.0000e+00   2.0444e-04   2.9960e+02
20240131_18:00:00   2.3530e-01   6.2143e+01   4.3990e+00   0.0000e+00   1.0940e-04   2.9851e+02
20240131_21:00:00   2.4781e-01   6.5076e+01   4.7448e+00   0.0000e+00   8.7380e-03   2.9151e+02
20240201_00:00:00   3.2272e-01   8.0062e+01   6.3958e+00   0.0000e+00   2.8220e-02   2.8996e+02
20240201_03:00:00   3.5679e-01   8.5845e+01   7.2263e+00   0.0000e+00   5.5018e-02   2.8575e+02
20240201_06:00:00   4.0128e-01   9.3988e+01   8.2335e+00   0.0000e+00   7.6080e-03   2.8380e+02
20240201_09:00:00   4.7775e-01   1.0703e+02   9.7800e+00   0.0000e+00   8.7608e-04   2.8035e+02
20240201_12:00:00   6.0388e-01   1.2697e+02   1.2012e+01   0.0000e+00   8.9112e-04   2.8009e+02
20240201_15:00:00   7.4206e-01   1.4710e+02   1.4116e+01   0.0000e+00   8.5005e-03   2.7983e+02
20240201_18:00:00   8.1102e-01   1.5715e+02   1.4986e+01   0.0000e+00   1.5180e-02   2.7935e+02
20240201_21:00:00   9.0093e-01   1.6900e+02   1.6298e+01   2.6158e-03   0.0000e+00   2.8201e+02
20240202_00:00:00   9.4638e-01   1.7499e+02   1.6705e+01   1.3457e-03   7.9561e-04   2.8154e+02
20240202_03:00:00   8.6957e-01   1.6595e+02   1.4990e+01   7.3083e-04   2.0010e-03   2.8151e+02
20240202_06:00:00   6.4910e-01   1.3701e+02   1.1219e+01   0.0000e+00   1.2619e-03   2.8354e+02
20240202_09:00:00   5.2312e-01   1.1728e+02   9.0285e+00   0.0000e+00   3.2785e-04   2.8758e+02
20240202_12:00:00   3.6812e-01   8.9613e+01   6.4958e+00   0.0000e+00   1.3281e-02   2.9046e+02
20240202_15:00:00   3.0989e-01   7.7415e+01   5.8094e+00   0.0000e+00   4.0054e-02   2.8697e+02
20240202_18:00:00   3.7088e-01   8.9427e+01   7.0439e+00   0.0000e+00   6.9456e-05   2.8706e+02
20240202_21:00:00   5.0833e-01   1.1432e+02   9.7205e+00   0.0000e+00   0.0000e+00   2.8659e+02
20240203_00:00:00   5.9927e-01   1.2873e+02   1.1564e+01   0.0000e+00   2.0460e-04   2.8504e+02
20240203_03:00:00   6.7513e-01   1.3938e+02   1.2781e+01   0.0000e+00   0.0000e+00   2.8452e+02
20240203_06:00:00   6.6847e-01   1.3837e+02   1.2552e+01   0.0000e+00   1.2615e-03   2.7983e+02
