#            date       tau255        Tb[K]      pwv[mm] lwp[kg*m^-2] iwp[kg*m^-2]       o3[DU]
20230604_12:00:00   1.3140e-01   3.5021e+01   2.2185e+00   0.0000e+00   1.8168e-02   3.5524e+02
20230604_13:00:00   1.3072e-01   3.4900e+01   2.1911e+00   3.4300e-04   1.8394e-02   3.5588e+02
20230604_14:00:00   1.3016e-01   3.4775e+01   2.1839e+00   2.3860e-04   2.4399e-02   3.5798e+02
20230604_15:00:00   1.3141e-01   3.5039e+01   2.2196e+00   5.7960e-05   2.5519e-02   3.5944e+02
20230604_16:00:00   1.3043e-01   3.4838e+01   2.2096e+00   0.0000e+00   2.1369e-02   3.5892e+02
20230604_17:00:00   1.2972e-01   3.4701e+01   2.1988e+00   0.0000e+00   1.6723e-02   3.5747e+02
20230604_18:00:00   1.2993e-01   3.4761e+01   2.2052e+00   0.0000e+00   9.8661e-03   3.5637e+02
20230604_19:00:00   1.3075e-01   3.4954e+01   2.2164e+00   0.0000e+00   6.3158e-03   3.5653e+02
20230604_20:00:00   1.3370e-01   3.5609e+01   2.2675e+00   0.0000e+00   6.1574e-03   3.5675e+02
20230604_21:00:00   1.3575e-01   3.6081e+01   2.2984e+00   0.0000e+00   8.1141e-03   3.5619e+02
20230604_22:00:00   1.3442e-01   3.5830e+01   2.2620e+00   0.0000e+00   9.9268e-03   3.5549e+02
20230604_23:00:00   1.2681e-01   3.4223e+01   2.1132e+00   0.0000e+00   1.2029e-02   3.5573e+02
20230605_00:00:00   1.2213e-01   3.3218e+01   2.0269e+00   0.0000e+00   1.2581e-02   3.5631e+02
20230605_01:00:00   1.2113e-01   3.2982e+01   2.0139e+00   0.0000e+00   9.8620e-03   3.5728e+02
20230605_02:00:00   1.2129e-01   3.2983e+01   2.0238e+00   0.0000e+00   5.2721e-03   3.5751e+02
20230605_03:00:00   1.1654e-01   3.1881e+01   1.9521e+00   0.0000e+00   3.3674e-03   3.5671e+02
20230605_04:00:00   1.1760e-01   3.2062e+01   1.9830e+00   0.0000e+00   3.8923e-03   3.5671e+02
20230605_05:00:00   1.2732e-01   3.4168e+01   2.1520e+00   0.0000e+00   2.9232e-03   3.5760e+02
20230605_06:00:00   1.3092e-01   3.4932e+01   2.2087e+00   0.0000e+00   6.1688e-03   3.5875e+02
20230605_07:00:00   1.3277e-01   3.5330e+01   2.2335e+00   0.0000e+00   1.1120e-02   3.5931e+02
20230605_08:00:00   1.3329e-01   3.5449e+01   2.2388e+00   0.0000e+00   9.0590e-03   3.5903e+02
20230605_09:00:00   1.3326e-01   3.5460e+01   2.2380e+00   0.0000e+00   3.9140e-03   3.5901e+02
20230605_10:00:00   1.3411e-01   3.5642e+01   2.2526e+00   0.0000e+00   5.1462e-03   3.5926e+02
20230605_11:00:00   1.3341e-01   3.5494e+01   2.2376e+00   0.0000e+00   5.9354e-03   3.6048e+02
20230605_12:00:00   1.3294e-01   3.5420e+01   2.2254e+00   0.0000e+00   6.9194e-03   3.6154e+02
20230605_13:00:00   1.3429e-01   3.5753e+01   2.2489e+00   0.0000e+00   9.1713e-03   3.6222e+02
20230605_14:00:00   1.3753e-01   3.6451e+01   2.2127e+00   2.8840e-03   1.0229e-02   3.6267e+02
20230605_15:00:00   1.3311e-01   3.5506e+01   2.2335e+00   2.1400e-06   7.1610e-03   3.6342e+02
20230605_16:00:00   1.3349e-01   3.5609e+01   2.2453e+00   0.0000e+00   5.6513e-03   3.6426e+02
20230605_17:00:00   1.3397e-01   3.5727e+01   2.2553e+00   0.0000e+00   5.6548e-03   3.6516e+02
20230605_18:00:00   1.3713e-01   3.6432e+01   2.3095e+00   0.0000e+00   5.8599e-03   3.6611e+02
20230605_19:00:00   1.3792e-01   3.6614e+01   2.3222e+00   0.0000e+00   4.6619e-03   3.6679e+02
20230605_20:00:00   1.3901e-01   3.6858e+01   2.3404e+00   0.0000e+00   3.8379e-03   3.6666e+02
20230605_21:00:00   1.4070e-01   3.7205e+01   2.3664e+00   0.0000e+00   4.6823e-03   3.6639e+02
20230605_22:00:00   1.4212e-01   3.7497e+01   2.3870e+00   0.0000e+00   6.4806e-03   3.6531e+02
20230605_23:00:00   1.4215e-01   3.7491e+01   2.3843e+00   0.0000e+00   7.0216e-03   3.6379e+02
20230606_00:00:00   1.4146e-01   3.7315e+01   2.3683e+00   0.0000e+00   9.3159e-03   3.6166e+02
20230606_01:00:00   1.3913e-01   3.6782e+01   2.3250e+00   0.0000e+00   1.0813e-02   3.5983e+02
20230606_02:00:00   1.3764e-01   3.6432e+01   2.3015e+00   0.0000e+00   8.7818e-03   3.6058e+02
20230606_03:00:00   1.3565e-01   3.5975e+01   2.2692e+00   0.0000e+00   8.2170e-03   3.6044e+02
20230606_04:00:00   1.3282e-01   3.5346e+01   2.2184e+00   0.0000e+00   6.0706e-03   3.5969e+02
20230606_05:00:00   1.3089e-01   3.4904e+01   2.1815e+00   0.0000e+00   7.0901e-03   3.5983e+02
20230606_06:00:00   1.2989e-01   3.4662e+01   2.1607e+00   0.0000e+00   8.7001e-03   3.6107e+02
20230606_07:00:00   1.2887e-01   3.4431e+01   2.1386e+00   0.0000e+00   1.0556e-02   3.6310e+02
20230606_08:00:00   1.2727e-01   3.4085e+01   2.1085e+00   0.0000e+00   9.1586e-03   3.6513e+02
20230606_09:00:00   1.2672e-01   3.3963e+01   2.0963e+00   0.0000e+00   8.9543e-03   3.6635e+02
20230606_10:00:00   1.2611e-01   3.3831e+01   2.0823e+00   0.0000e+00   9.4549e-03   3.6658e+02
20230606_11:00:00   1.2649e-01   3.3915e+01   2.0854e+00   0.0000e+00   9.5198e-03   3.6648e+02
20230606_12:00:00   1.2598e-01   3.3802e+01   2.0739e+00   0.0000e+00   7.7128e-03   3.6589e+02
20230606_13:00:00   1.2587e-01   3.3796e+01   2.0721e+00   0.0000e+00   6.8557e-03   3.6491e+02
20230606_14:00:00   1.2279e-01   3.3117e+01   2.0167e+00   0.0000e+00   5.8250e-03   3.6427e+02
20230606_15:00:00   1.1992e-01   3.2501e+01   1.9639e+00   0.0000e+00   3.7997e-03   3.6266e+02
20230606_16:00:00   1.1884e-01   3.2252e+01   1.9452e+00   0.0000e+00   4.0134e-03   3.5998e+02
20230606_17:00:00   1.1924e-01   3.2336e+01   1.9567e+00   0.0000e+00   4.0141e-03   3.5664e+02
20230606_18:00:00   1.1973e-01   3.2439e+01   1.9654e+00   0.0000e+00   4.6338e-03   3.5363e+02
20230606_19:00:00   1.2031e-01   3.2568e+01   1.9774e+00   0.0000e+00   2.6863e-03   3.5183e+02
20230606_20:00:00   1.2018e-01   3.2551e+01   1.9746e+00   0.0000e+00   1.4988e-03   3.5109e+02
20230606_21:00:00   1.2027e-01   3.2569e+01   1.9731e+00   0.0000e+00   1.0823e-03   3.5214e+02
20230606_22:00:00   1.2109e-01   3.2738e+01   1.9881e+00   0.0000e+00   2.2973e-04   3.5409e+02
20230606_23:00:00   1.1908e-01   3.2306e+01   1.9538e+00   0.0000e+00   3.0665e-05   3.5632e+02
20230607_00:00:00   1.1729e-01   3.1908e+01   1.9236e+00   0.0000e+00   6.6479e-05   3.5788e+02
20230607_01:00:00   1.1707e-01   3.1843e+01   1.9226e+00   0.0000e+00   1.7521e-04   3.5783e+02
20230607_02:00:00   1.1977e-01   3.2422e+01   1.9697e+00   0.0000e+00   7.9003e-04   3.5752e+02
20230607_03:00:00   1.2325e-01   3.3180e+01   2.0281e+00   0.0000e+00   3.3928e-03   3.5623e+02
20230607_04:00:00   1.2520e-01   3.3611e+01   2.0614e+00   0.0000e+00   6.7159e-03   3.5558e+02
20230607_05:00:00   1.2546e-01   3.3694e+01   2.0657e+00   0.0000e+00   5.7639e-03   3.5485e+02
20230607_06:00:00   1.2559e-01   3.3725e+01   2.0690e+00   0.0000e+00   3.7809e-03   3.5502e+02
20230607_07:00:00   1.2559e-01   3.3728e+01   2.0693e+00   0.0000e+00   3.3025e-03   3.5614e+02
20230607_08:00:00   1.2494e-01   3.3591e+01   2.0571e+00   0.0000e+00   2.6028e-03   3.5799e+02
20230607_09:00:00   1.2368e-01   3.3320e+01   2.0351e+00   0.0000e+00   1.6811e-03   3.5981e+02
20230607_10:00:00   1.2297e-01   3.3166e+01   2.0240e+00   0.0000e+00   9.6492e-04   3.6142e+02
20230607_11:00:00   1.2171e-01   3.2889e+01   2.0016e+00   0.0000e+00   1.9887e-04   3.6161e+02
20230607_12:00:00   1.2038e-01   3.2609e+01   1.9802e+00   0.0000e+00   6.2245e-04   3.6110e+02
20230607_13:00:00   1.2069e-01   3.2681e+01   1.9884e+00   0.0000e+00   2.2709e-03   3.6138e+02
20230607_14:00:00   1.2031e-01   3.2636e+01   1.9708e+00   0.0000e+00   4.1674e-03   3.6222e+02
20230607_15:00:00   1.2418e-01   3.3501e+01   2.0350e+00   0.0000e+00   9.0981e-03   3.6168e+02
20230607_16:00:00   1.2712e-01   3.4133e+01   2.0975e+00   0.0000e+00   1.5153e-02   3.6129e+02
20230607_17:00:00   1.2721e-01   3.4174e+01   2.1051e+00   0.0000e+00   1.1945e-02   3.6164e+02
20230607_18:00:00   1.2678e-01   3.4099e+01   2.1020e+00   0.0000e+00   6.7258e-03   3.6288e+02
20230607_19:00:00   1.2468e-01   3.3653e+01   2.0689e+00   0.0000e+00   2.9226e-03   3.6305e+02
20230607_20:00:00   1.2385e-01   3.3470e+01   2.0527e+00   0.0000e+00   1.5240e-03   3.6289e+02
20230607_21:00:00   1.2218e-01   3.3087e+01   2.0237e+00   0.0000e+00   2.6467e-03   3.6256e+02
20230607_22:00:00   1.1921e-01   3.2416e+01   1.9729e+00   0.0000e+00   2.9434e-03   3.6209e+02
20230607_23:00:00   1.1681e-01   3.1882e+01   1.9309e+00   0.0000e+00   3.7471e-03   3.6026e+02
20230608_00:00:00   1.1617e-01   3.1738e+01   1.9205e+00   0.0000e+00   5.1883e-03   3.5890e+02
20230608_01:00:00   1.1726e-01   3.1970e+01   1.9391e+00   0.0000e+00   1.0561e-02   3.5767e+02
20230608_02:00:00   1.2179e-01   3.2960e+01   2.0118e+00   0.0000e+00   2.4801e-02   3.5693e+02
20230608_03:00:00   1.2848e-01   3.4422e+01   2.1148e+00   0.0000e+00   5.3944e-02   3.5738e+02
20230608_04:00:00   1.3006e-01   3.4760e+01   2.1419e+00   0.0000e+00   5.2520e-02   3.5766e+02
20230608_05:00:00   1.2981e-01   3.4708e+01   2.1450e+00   0.0000e+00   3.6793e-02   3.5791e+02
20230608_06:00:00   1.3028e-01   3.4807e+01   2.1507e+00   0.0000e+00   4.9218e-02   3.5797e+02
20230608_07:00:00   1.3002e-01   3.4748e+01   2.1474e+00   0.0000e+00   5.0995e-02   3.5911e+02
20230608_08:00:00   1.3003e-01   3.4758e+01   2.1525e+00   0.0000e+00   4.4054e-02   3.6181e+02
20230608_09:00:00   1.2964e-01   3.4668e+01   2.1546e+00   0.0000e+00   2.6654e-02   3.6410e+02
20230608_10:00:00   1.3001e-01   3.4745e+01   2.1592e+00   0.0000e+00   3.3310e-02   3.6382e+02
20230608_11:00:00   1.3170e-01   3.5138e+01   2.1861e+00   0.0000e+00   4.4867e-02   3.6454e+02
20230608_12:00:00   1.3345e-01   3.5555e+01   2.2200e+00   0.0000e+00   4.1613e-02   3.6461e+02
20230608_13:00:00   1.3262e-01   3.5405e+01   2.2156e+00   0.0000e+00   2.2523e-02   3.6375e+02
20230608_14:00:00   1.2856e-01   3.4554e+01   2.1418e+00   7.4460e-05   2.0187e-02   3.6203e+02
20230608_15:00:00   1.2850e-01   3.4581e+01   2.1564e+00   0.0000e+00   1.6460e-02   3.6045e+02
20230608_16:00:00   1.2540e-01   3.3986e+01   2.1060e+00   0.0000e+00   5.0601e-03   3.5914e+02
20230608_17:00:00   1.3983e-01   3.7100e+01   2.3604e+00   0.0000e+00   2.9286e-02   3.5839e+02
20230608_18:00:00   1.4366e-01   3.7940e+01   2.4311e+00   0.0000e+00   3.7363e-02   3.5790e+02
20230608_19:00:00   1.5013e-01   3.9348e+01   2.5201e+00   0.0000e+00   1.1314e-01   3.5811e+02
20230608_20:00:00   1.5128e-01   3.9593e+01   2.5633e+00   0.0000e+00   7.6865e-02   3.5796e+02
20230608_21:00:00   1.5461e-01   4.0314e+01   2.5931e+00   0.0000e+00   1.5670e-01   3.5721e+02
20230608_22:00:00   1.5445e-01   4.0269e+01   2.5989e+00   0.0000e+00   1.4586e-01   3.5698e+02
20230608_23:00:00   1.5116e-01   3.9510e+01   2.5285e+00   0.0000e+00   1.6899e-01   3.5715e+02
20230609_00:00:00   1.4747e-01   3.8681e+01   2.4664e+00   0.0000e+00   1.4882e-01   3.5767e+02
20230609_01:00:00   1.4010e-01   3.7034e+01   2.3413e+00   0.0000e+00   1.0625e-01   3.5939e+02
20230609_02:00:00   1.3234e-01   3.5323e+01   2.2333e+00   0.0000e+00   2.1688e-02   3.6097e+02
20230609_03:00:00   1.2905e-01   3.4585e+01   2.1707e+00   0.0000e+00   2.5570e-02   3.6161e+02
20230609_04:00:00   1.2415e-01   3.3484e+01   2.0744e+00   0.0000e+00   3.7909e-02   3.6204e+02
20230609_05:00:00   1.2518e-01   3.3692e+01   2.0796e+00   0.0000e+00   3.7958e-02   3.6291e+02
20230609_06:00:00   1.1844e-01   3.2213e+01   1.9649e+00   0.0000e+00   6.6120e-03   3.6482e+02
20230609_07:00:00   1.1719e-01   3.1907e+01   1.9389e+00   0.0000e+00   5.3485e-03   3.6350e+02
20230609_08:00:00   1.1586e-01   3.1614e+01   1.9147e+00   0.0000e+00   5.2648e-03   3.6154e+02
20230609_09:00:00   1.1374e-01   3.1147e+01   1.8772e+00   0.0000e+00   4.7110e-03   3.5790e+02
20230609_10:00:00   1.1479e-01   3.1368e+01   1.8930e+00   0.0000e+00   6.9749e-03   3.5658e+02
20230609_11:00:00   1.1546e-01   3.1519e+01   1.9043e+00   0.0000e+00   9.1840e-03   3.5700e+02
20230609_12:00:00   1.1736e-01   3.1944e+01   1.9372e+00   0.0000e+00   1.3602e-02   3.5750e+02
20230609_15:00:00   1.2009e-01   3.2570e+01   1.9662e+00   0.0000e+00   7.6032e-02   3.5473e+02
20230609_18:00:00   1.2137e-01   3.2925e+01   2.0066e+00   1.0702e-06   2.3764e-02   3.6145e+02
20230609_21:00:00   1.2407e-01   3.3518e+01   2.0605e+00   0.0000e+00   7.4739e-03   3.6475e+02
20230610_00:00:00   1.2814e-01   3.4358e+01   2.1287e+00   0.0000e+00   4.2619e-02   3.6504e+02
20230610_03:00:00   1.2652e-01   3.3967e+01   2.0964e+00   0.0000e+00   6.0783e-02   3.6734e+02
20230610_06:00:00   1.2362e-01   3.3306e+01   2.0561e+00   0.0000e+00   2.9256e-02   3.6979e+02
20230610_09:00:00   1.2268e-01   3.3098e+01   2.0406e+00   0.0000e+00   1.4672e-02   3.6422e+02
20230610_12:00:00   1.2093e-01   3.2770e+01   2.0174e+00   0.0000e+00   3.6912e-03   3.6197e+02
20230610_15:00:00   1.1407e-01   3.1310e+01   1.8909e+00   0.0000e+00   2.8060e-03   3.5997e+02
20230610_18:00:00   1.0847e-01   3.0219e+01   1.7640e+00   0.0000e+00   1.1023e-03   3.6491e+02
20230610_21:00:00   9.8961e-02   2.8150e+01   1.5934e+00   0.0000e+00   1.2159e-03   3.6265e+02
20230611_00:00:00   9.2215e-02   2.6624e+01   1.4838e+00   0.0000e+00   5.5271e-06   3.5115e+02
20230611_03:00:00   8.4510e-02   2.4875e+01   1.3488e+00   0.0000e+00   7.1290e-06   3.4805e+02
20230611_06:00:00   8.8138e-02   2.5655e+01   1.4707e+00   0.0000e+00   2.2800e-04   3.4666e+02
20230611_09:00:00   9.6780e-02   2.7517e+01   1.7371e+00   0.0000e+00   3.7754e-03   3.4938e+02
20230611_12:00:00   1.9905e-01   4.9769e+01   3.5884e+00   0.0000e+00   1.0108e-01   3.4218e+02
20230611_15:00:00   2.2561e-01   5.5606e+01   4.0936e+00   0.0000e+00   5.3596e-02   3.4092e+02
20230611_18:00:00   2.3621e-01   5.8002e+01   4.1948e+00   1.5492e-03   4.6612e-02   3.4938e+02
20230611_21:00:00   2.4348e-01   5.9497e+01   4.3909e+00   0.0000e+00   5.6576e-02   3.4796e+02
20230612_00:00:00   2.2126e-01   5.4946e+01   4.0255e+00   0.0000e+00   4.3831e-02   3.4200e+02
20230612_03:00:00   2.5216e-01   6.1137e+01   4.6171e+00   0.0000e+00   4.8155e-02   3.3622e+02
20230612_06:00:00   2.7003e-01   6.4813e+01   4.9202e+00   0.0000e+00   1.1283e-01   3.2276e+02
20230612_09:00:00   2.6754e-01   6.4375e+01   4.9640e+00   0.0000e+00   5.0933e-03   3.1929e+02
20230612_12:00:00   2.7281e-01   6.5383e+01   5.0950e+00   0.0000e+00   2.6866e-03   3.1218e+02
20230612_15:00:00   2.8164e-01   6.7216e+01   5.3229e+00   0.0000e+00   8.4233e-03   3.1009e+02
20230612_18:00:00   3.0701e-01   7.2047e+01   5.8636e+00   0.0000e+00   9.4424e-03   3.0640e+02
20230612_21:00:00   2.6842e-01   6.5103e+01   5.0548e+00   0.0000e+00   1.0156e-02   3.0481e+02
20230613_00:00:00   2.3394e-01   5.8225e+01   4.3860e+00   0.0000e+00   2.4368e-03   3.0766e+02
20230613_03:00:00   2.0710e-01   5.2488e+01   4.0090e+00   0.0000e+00   0.0000e+00   3.0710e+02
20230613_06:00:00   1.9246e-01   4.9266e+01   3.7679e+00   0.0000e+00   4.3337e-03   3.1294e+02
20230613_09:00:00   1.8517e-01   4.7703e+01   3.6532e+00   0.0000e+00   4.3572e-04   3.1916e+02
20230613_12:00:00   1.7264e-01   4.5262e+01   3.3634e+00   0.0000e+00   8.9000e-05   3.2307e+02
20230613_15:00:00   1.8090e-01   4.7198e+01   3.5017e+00   0.0000e+00   0.0000e+00   3.2244e+02
20230613_18:00:00   1.9405e-01   4.9928e+01   3.8472e+00   0.0000e+00   0.0000e+00   3.2206e+02
20230613_21:00:00   2.0020e-01   5.1282e+01   3.9614e+00   0.0000e+00   0.0000e+00   3.2136e+02
20230614_00:00:00   1.8437e-01   4.7929e+01   3.6316e+00   0.0000e+00   0.0000e+00   3.1744e+02
20230614_03:00:00   1.6966e-01   4.4803e+01   3.2623e+00   0.0000e+00   0.0000e+00   3.1724e+02
20230614_06:00:00   1.6884e-01   4.4492e+01   3.2514e+00   0.0000e+00   0.0000e+00   3.2451e+02
20230614_09:00:00   1.8237e-01   4.7250e+01   3.5410e+00   0.0000e+00   0.0000e+00   3.2372e+02
20230614_12:00:00   1.7855e-01   4.6586e+01   3.4034e+00   0.0000e+00   0.0000e+00   3.2510e+02
20230614_15:00:00   1.2868e-01   3.5810e+01   2.3580e+00   0.0000e+00   0.0000e+00   3.2831e+02
20230614_18:00:00   1.2254e-01   3.4386e+01   2.2466e+00   0.0000e+00   1.8416e-05   3.2885e+02
20230614_21:00:00   1.6669e-01   4.4204e+01   3.0663e+00   0.0000e+00   0.0000e+00   3.2895e+02
20230615_00:00:00   2.0829e-01   5.2800e+01   3.9183e+00   0.0000e+00   0.0000e+00   3.2963e+02
20230615_03:00:00   2.5702e-01   6.2655e+01   4.7555e+00   0.0000e+00   3.1785e-03   3.2779e+02
20230615_06:00:00   2.9373e-01   6.9723e+01   4.9112e+00   1.4199e-02   6.0630e-03   3.2469e+02
20230615_09:00:00   2.9239e-01   6.9564e+01   5.4280e+00   2.2058e-04   1.2123e-02   3.2317e+02
20230615_12:00:00   2.8034e-01   6.7471e+01   5.2351e+00   0.0000e+00   6.8385e-04   3.1828e+02
20230615_15:00:00   3.0468e-01   7.2199e+01   5.5490e+00   3.5470e-03   4.6104e-03   3.2376e+02
20230615_18:00:00   2.9216e-01   6.9904e+01   5.5474e+00   3.0330e-06   1.0350e-03   3.2047e+02
20230615_21:00:00   2.9754e-01   7.0749e+01   5.8130e+00   0.0000e+00   6.2732e-03   3.1479e+02
20230616_00:00:00   3.1146e-01   7.3275e+01   6.1801e+00   0.0000e+00   6.7208e-02   3.1317e+02
20230616_03:00:00   3.1842e-01   7.4505e+01   6.3796e+00   0.0000e+00   6.7595e-02   3.1130e+02
20230616_06:00:00   3.5739e-01   8.1865e+01   7.1718e+00   0.0000e+00   7.0084e-02   3.1297e+02
20230616_09:00:00   3.3751e-01   7.8207e+01   6.8760e+00   0.0000e+00   7.0986e-02   3.1101e+02
20230616_12:00:00   3.8777e-01   8.7235e+01   7.7974e+00   0.0000e+00   2.4992e-02   3.0971e+02
20230616_15:00:00   4.1560e-01   9.2000e+01   8.1671e+00   0.0000e+00   2.5104e-02   3.0766e+02
20230616_18:00:00   3.9271e-01   8.7938e+01   7.7104e+00   0.0000e+00   2.3508e-02   3.0802e+02
20230616_21:00:00   3.6829e-01   8.3465e+01   7.1854e+00   0.0000e+00   2.9778e-02   3.1180e+02
20230617_00:00:00   3.1769e-01   7.4022e+01   6.2670e+00   0.0000e+00   1.7811e-02   3.1428e+02
20230617_03:00:00   2.1221e-01   5.3202e+01   4.2102e+00   0.0000e+00   7.0154e-03   3.1788e+02
20230617_06:00:00   1.7529e-01   4.5411e+01   3.3859e+00   0.0000e+00   4.8750e-03   3.1694e+02
20230617_09:00:00   1.6557e-01   4.3384e+01   3.1105e+00   0.0000e+00   2.3500e-03   3.2005e+02
20230617_12:00:00   1.7330e-01   4.5068e+01   3.2092e+00   3.4950e-04   1.6952e-03   3.1951e+02
20230617_15:00:00   1.5902e-01   4.2197e+01   2.8755e+00   0.0000e+00   1.2291e-03   3.2428e+02
20230617_18:00:00   1.4137e-01   3.8446e+01   2.5589e+00   0.0000e+00   0.0000e+00   3.2283e+02
20230617_21:00:00   1.1753e-01   3.2968e+01   2.2236e+00   0.0000e+00   0.0000e+00   3.1749e+02
20230618_00:00:00   1.2668e-01   3.4882e+01   2.5007e+00   0.0000e+00   8.4760e-04   3.1286e+02
20230618_03:00:00   1.3232e-01   3.6202e+01   2.6435e+00   0.0000e+00   5.9960e-03   3.1344e+02
20230618_06:00:00   1.7226e-01   4.5209e+01   3.4581e+00   0.0000e+00   3.8190e-03   3.1639e+02
20230618_09:00:00   2.2747e-01   5.7296e+01   4.3225e+00   0.0000e+00   5.4254e-03   3.2068e+02
20230618_12:00:00   1.6489e-01   4.3826e+01   3.2447e+00   0.0000e+00   1.5558e-02   3.2495e+02
20230618_15:00:00   1.6785e-01   4.4567e+01   3.2408e+00   0.0000e+00   2.1433e-02   3.2682e+02
20230618_18:00:00   1.9751e-01   5.0634e+01   3.9404e+00   0.0000e+00   1.0923e-03   3.2601e+02
20230618_21:00:00   2.4137e-01   5.9441e+01   4.8202e+00   0.0000e+00   1.9671e-02   3.1919e+02
20230619_00:00:00   2.9314e-01   6.9547e+01   5.6389e+00   0.0000e+00   1.8911e-02   3.2394e+02
20230619_03:00:00   2.3977e-01   5.9427e+01   4.4110e+00   0.0000e+00   1.5683e-04   3.2963e+02
20230619_06:00:00   2.1666e-01   5.4629e+01   4.0152e+00   0.0000e+00   3.5186e-03   3.1813e+02
20230619_09:00:00   4.3452e-01   9.5189e+01   4.3349e+00   9.5290e-02   6.8901e-03   3.1412e+02
20230619_12:00:00   3.6182e-01   8.2673e+01   4.5797e+00   5.6920e-02   1.0170e-02   3.1482e+02
20230619_15:00:00   2.8666e-01   6.8358e+01   5.5813e+00   7.9470e-04   1.9867e-02   3.0964e+02
20230619_18:00:00   3.5948e-01   8.2124e+01   6.6337e+00   6.8800e-03   1.4656e-02   3.0969e+02
20230619_21:00:00   3.5837e-01   8.1979e+01   6.9100e+00   0.0000e+00   8.8414e-03   3.0820e+02
20230620_00:00:00   3.0130e-01   7.1511e+01   5.8187e+00   0.0000e+00   3.7718e-03   3.0454e+02
20230620_03:00:00   2.7544e-01   6.6367e+01   5.4362e+00   0.0000e+00   4.7706e-03   3.0252e+02
20230620_06:00:00   5.2119e-01   1.0932e+02   6.6485e+00   8.1990e-02   3.9802e-03   3.0046e+02
20230620_09:00:00   3.3951e-01   7.9000e+01   6.5744e+00   0.0000e+00   3.5025e-03   2.9735e+02
20230620_12:00:00   2.7956e-01   6.8070e+01   5.3464e+00   0.0000e+00   1.0962e-03   2.9743e+02
