#            date       tau255        Tb[K]      pwv[mm] lwp[kg*m^-2] iwp[kg*m^-2]       o3[DU]
20230310_12:00:00   6.0440e-02   1.8684e+01   8.1003e-01   0.0000e+00   1.8267e-05   3.9448e+02
20230310_13:00:00   6.3288e-02   1.9341e+01   8.6655e-01   0.0000e+00   3.7951e-05   3.7797e+02
20230310_14:00:00   6.6351e-02   2.0045e+01   9.2650e-01   0.0000e+00   3.5122e-05   3.6592e+02
20230310_15:00:00   6.8133e-02   2.0454e+01   9.5954e-01   0.0000e+00   3.9589e-05   3.6538e+02
20230310_16:00:00   6.8136e-02   2.0454e+01   9.5892e-01   0.0000e+00   2.1244e-04   3.6887e+02
20230310_17:00:00   6.9283e-02   2.0722e+01   9.8373e-01   0.0000e+00   2.6701e-04   3.7340e+02
20230310_18:00:00   7.1205e-02   2.1155e+01   1.0238e+00   0.0000e+00   1.7027e-04   3.7501e+02
20230310_19:00:00   7.3468e-02   2.1663e+01   1.0706e+00   0.0000e+00   7.5195e-05   3.8020e+02
20230310_20:00:00   7.5377e-02   2.2087e+01   1.1096e+00   0.0000e+00   1.6532e-04   3.8080e+02
20230310_21:00:00   7.7200e-02   2.2487e+01   1.1438e+00   0.0000e+00   1.9787e-03   3.8431e+02
20230310_22:00:00   7.7707e-02   2.2604e+01   1.1514e+00   0.0000e+00   2.9366e-03   3.8252e+02
20230310_23:00:00   7.7405e-02   2.2543e+01   1.1443e+00   0.0000e+00   1.7515e-03   3.7524e+02
20230311_00:00:00   7.6905e-02   2.2445e+01   1.1368e+00   0.0000e+00   7.0156e-04   3.7724e+02
20230311_01:00:00   7.6926e-02   2.2462e+01   1.1391e+00   0.0000e+00   3.0111e-04   3.8317e+02
20230311_02:00:00   7.7315e-02   2.2555e+01   1.1440e+00   0.0000e+00   3.3969e-04   3.8502e+02
20230311_03:00:00   7.8455e-02   2.2806e+01   1.1650e+00   0.0000e+00   9.8912e-04   3.8096e+02
20230311_04:00:00   7.7751e-02   2.2646e+01   1.1504e+00   0.0000e+00   3.2678e-03   3.8349e+02
20230311_05:00:00   7.9794e-02   2.3102e+01   1.1925e+00   0.0000e+00   4.3783e-03   3.8580e+02
20230311_06:00:00   7.9944e-02   2.3141e+01   1.1964e+00   0.0000e+00   5.1195e-03   3.8363e+02
20230311_07:00:00   7.9491e-02   2.3057e+01   1.1874e+00   0.0000e+00   5.5548e-03   3.8684e+02
20230311_08:00:00   8.0326e-02   2.3259e+01   1.2057e+00   0.0000e+00   4.3885e-03   3.8829e+02
20230311_09:00:00   8.2501e-02   2.3757e+01   1.2534e+00   0.0000e+00   2.4887e-03   3.9134e+02
20230311_10:00:00   8.1384e-02   2.3529e+01   1.2338e+00   0.0000e+00   1.4880e-03   3.9539e+02
20230311_11:00:00   7.9085e-02   2.3038e+01   1.1953e+00   0.0000e+00   5.5334e-04   3.9472e+02
20230311_12:00:00   7.8011e-02   2.2815e+01   1.1823e+00   0.0000e+00   3.5667e-05   3.9305e+02
20230311_13:00:00   7.8738e-02   2.2984e+01   1.2021e+00   0.0000e+00   2.0684e-05   3.9599e+02
20230311_14:00:00   8.0732e-02   2.3428e+01   1.2445e+00   0.0000e+00   2.9832e-05   4.0028e+02
20230311_15:00:00   8.0217e-02   2.3330e+01   1.2322e+00   0.0000e+00   2.7084e-05   4.0088e+02
20230311_16:00:00   8.1967e-02   2.3725e+01   1.2632e+00   0.0000e+00   3.2632e-05   4.0131e+02
20230311_17:00:00   8.2857e-02   2.3931e+01   1.2801e+00   0.0000e+00   4.0790e-05   3.9907e+02
20230311_18:00:00   8.3548e-02   2.4089e+01   1.2927e+00   0.0000e+00   3.2632e-05   4.0728e+02
20230311_19:00:00   8.7283e-02   2.4915e+01   1.3712e+00   0.0000e+00   4.1887e-05   4.0298e+02
20230311_20:00:00   8.8834e-02   2.5267e+01   1.3997e+00   0.0000e+00   3.7400e-05   4.0235e+02
20230311_21:00:00   9.0590e-02   2.5667e+01   1.4330e+00   0.0000e+00   3.2632e-05   4.0429e+02
20230311_22:00:00   9.1377e-02   2.5851e+01   1.4490e+00   0.0000e+00   2.4474e-05   4.0755e+02
20230311_23:00:00   9.1083e-02   2.5792e+01   1.4429e+00   0.0000e+00   3.6430e-05   4.0873e+02
20230312_00:00:00   9.2009e-02   2.5990e+01   1.4651e+00   0.0000e+00   1.3666e-04   4.0204e+02
20230312_01:00:00   9.0117e-02   2.5551e+01   1.4390e+00   0.0000e+00   3.2351e-04   3.9768e+02
20230312_02:00:00   7.6852e-02   2.2562e+01   1.1969e+00   0.0000e+00   6.5806e-04   4.0067e+02
20230312_03:00:00   7.2183e-02   2.1506e+01   1.1041e+00   0.0000e+00   5.1034e-04   4.0342e+02
20230312_04:00:00   7.1329e-02   2.1300e+01   1.0872e+00   0.0000e+00   2.3608e-04   4.0390e+02
20230312_05:00:00   7.2300e-02   2.1518e+01   1.1032e+00   0.0000e+00   5.2601e-04   4.0116e+02
20230312_06:00:00   7.7376e-02   2.2658e+01   1.1958e+00   0.0000e+00   1.2897e-03   4.0431e+02
20230312_07:00:00   8.2835e-02   2.3862e+01   1.2952e+00   0.0000e+00   2.7539e-03   4.1049e+02
20230312_08:00:00   8.6862e-02   2.4754e+01   1.3589e+00   0.0000e+00   3.5761e-03   4.1548e+02
20230312_09:00:00   8.8205e-02   2.5032e+01   1.3743e+00   0.0000e+00   6.6498e-03   4.2346e+02
20230312_10:00:00   8.3899e-02   2.4067e+01   1.2804e+00   0.0000e+00   8.2808e-03   4.3059e+02
20230312_11:00:00   7.8109e-02   2.2764e+01   1.1693e+00   0.0000e+00   7.1504e-03   4.3132e+02
20230312_12:00:00   6.9469e-02   2.0814e+01   1.0039e+00   0.0000e+00   5.4736e-03   4.2973e+02
20230312_13:00:00   6.3008e-02   1.9332e+01   8.8129e-01   0.0000e+00   4.0420e-03   4.2991e+02
20230312_14:00:00   5.4584e-02   1.7380e+01   7.2573e-01   0.0000e+00   3.1272e-03   4.3408e+02
20230312_15:00:00   4.8837e-02   1.6043e+01   6.1383e-01   0.0000e+00   1.4996e-03   4.3813e+02
20230312_16:00:00   4.7679e-02   1.5771e+01   5.8965e-01   0.0000e+00   1.3462e-03   4.3921e+02
20230312_17:00:00   4.8075e-02   1.5865e+01   5.9436e-01   0.0000e+00   1.2389e-03   4.3916e+02
20230312_18:00:00   4.8446e-02   1.5952e+01   6.0064e-01   0.0000e+00   2.6495e-04   4.4046e+02
20230312_19:00:00   4.9082e-02   1.6094e+01   6.1484e-01   0.0000e+00   1.6133e-05   4.4511e+02
20230312_20:00:00   4.9507e-02   1.6186e+01   6.2372e-01   0.0000e+00   2.3805e-05   4.4690e+02
20230312_21:00:00   4.9741e-02   1.6235e+01   6.2851e-01   0.0000e+00   1.9478e-05   4.4871e+02
20230312_22:00:00   4.9710e-02   1.6230e+01   6.2599e-01   0.0000e+00   2.6852e-05   4.5559e+02
20230312_23:00:00   4.9309e-02   1.6140e+01   6.1675e-01   0.0000e+00   1.5454e-05   4.5813e+02
20230313_00:00:00   4.9078e-02   1.6082e+01   6.1291e-01   0.0000e+00   1.0768e-05   4.5651e+02
20230313_01:00:00   4.8653e-02   1.5980e+01   6.0616e-01   0.0000e+00   8.1580e-06   4.5470e+02
20230313_02:00:00   4.8168e-02   1.5859e+01   5.9951e-01   0.0000e+00   8.1580e-06   4.4995e+02
20230313_03:00:00   4.8032e-02   1.5817e+01   5.9952e-01   0.0000e+00   8.1580e-06   4.4539e+02
20230313_04:00:00   4.7945e-02   1.5789e+01   5.9888e-01   0.0000e+00   5.5480e-06   4.4517e+02
20230313_05:00:00   4.7337e-02   1.5648e+01   5.8591e-01   0.0000e+00   5.5480e-06   4.4703e+02
20230313_06:00:00   4.6564e-02   1.5473e+01   5.6898e-01   0.0000e+00   4.6380e-06   4.4602e+02
20230313_07:00:00   4.5635e-02   1.5257e+01   5.4851e-01   0.0000e+00   0.0000e+00   4.4217e+02
20230313_08:00:00   4.4697e-02   1.5041e+01   5.2821e-01   0.0000e+00   0.0000e+00   4.3866e+02
20230313_09:00:00   4.3922e-02   1.4867e+01   5.1200e-01   0.0000e+00   0.0000e+00   4.3470e+02
20230313_10:00:00   4.3548e-02   1.4782e+01   5.0394e-01   0.0000e+00   0.0000e+00   4.2924e+02
20230313_11:00:00   4.3378e-02   1.4748e+01   5.0001e-01   0.0000e+00   0.0000e+00   4.2455e+02
20230313_12:00:00   4.3548e-02   1.4794e+01   5.0354e-01   0.0000e+00   0.0000e+00   4.2211e+02
20230313_13:00:00   4.3790e-02   1.4854e+01   5.0961e-01   0.0000e+00   0.0000e+00   4.2103e+02
20230313_14:00:00   4.3962e-02   1.4890e+01   5.1525e-01   0.0000e+00   0.0000e+00   4.2119e+02
20230313_15:00:00   4.3738e-02   1.4840e+01   5.1191e-01   0.0000e+00   0.0000e+00   4.2142e+02
20230313_16:00:00   4.3705e-02   1.4828e+01   5.1338e-01   0.0000e+00   7.7300e-06   4.2013e+02
20230313_17:00:00   4.3685e-02   1.4822e+01   5.1430e-01   0.0000e+00   8.1580e-06   4.1824e+02
20230313_18:00:00   4.3472e-02   1.4775e+01   5.1158e-01   0.0000e+00   8.1580e-06   4.2010e+02
20230313_19:00:00   4.3598e-02   1.4806e+01   5.1651e-01   0.0000e+00   8.1580e-06   4.2301e+02
20230313_20:00:00   4.4218e-02   1.4950e+01   5.3126e-01   0.0000e+00   0.0000e+00   4.2503e+02
20230313_21:00:00   4.5168e-02   1.5164e+01   5.5349e-01   0.0000e+00   4.6380e-06   4.2739e+02
20230313_22:00:00   4.5894e-02   1.5328e+01   5.7019e-01   0.0000e+00   8.1580e-06   4.3020e+02
20230313_23:00:00   4.5953e-02   1.5342e+01   5.7145e-01   0.0000e+00   8.1580e-06   4.3166e+02
20230314_00:00:00   4.6589e-02   1.5494e+01   5.8512e-01   0.0000e+00   8.1580e-06   4.2812e+02
20230314_01:00:00   4.7989e-02   1.5824e+01   6.1425e-01   0.0000e+00   8.1580e-06   4.2601e+02
20230314_02:00:00   4.9423e-02   1.6163e+01   6.4345e-01   0.0000e+00   2.6100e-06   4.2691e+02
20230314_03:00:00   5.0382e-02   1.6387e+01   6.6436e-01   0.0000e+00   0.0000e+00   4.2294e+02
20230314_04:00:00   5.0763e-02   1.6479e+01   6.7380e-01   0.0000e+00   0.0000e+00   4.2035e+02
20230314_05:00:00   5.1104e-02   1.6563e+01   6.8181e-01   0.0000e+00   0.0000e+00   4.2339e+02
20230314_06:00:00   5.1229e-02   1.6598e+01   6.8506e-01   0.0000e+00   8.1580e-06   4.2881e+02
20230314_07:00:00   5.2533e-02   1.6910e+01   7.0968e-01   0.0000e+00   0.0000e+00   4.3269e+02
20230314_08:00:00   5.5891e-02   1.7700e+01   7.7266e-01   0.0000e+00   0.0000e+00   4.3593e+02
20230314_09:00:00   5.9390e-02   1.8519e+01   8.3848e-01   0.0000e+00   0.0000e+00   4.4409e+02
20230314_10:00:00   6.0505e-02   1.8795e+01   8.5562e-01   0.0000e+00   8.1580e-06   4.5249e+02
20230314_11:00:00   6.1603e-02   1.9067e+01   8.7448e-01   0.0000e+00   8.1580e-06   4.5241e+02
20230314_12:00:00   6.3972e-02   1.9623e+01   9.1579e-01   0.0000e+00   1.6682e-05   4.5506e+02
20230314_13:00:00   6.7106e-02   2.0358e+01   9.6940e-01   0.0000e+00   1.9334e-05   4.5749e+02
20230314_14:00:00   6.8512e-02   2.0694e+01   9.9308e-01   0.0000e+00   3.2980e-04   4.5687e+02
20230314_15:00:00   6.8979e-02   2.0808e+01   1.0017e+00   0.0000e+00   3.3327e-04   4.5051e+02
20230314_16:00:00   6.9048e-02   2.0819e+01   1.0043e+00   0.0000e+00   8.5476e-04   4.4285e+02
20230314_17:00:00   6.8030e-02   2.0575e+01   9.8812e-01   0.0000e+00   2.1371e-03   4.3884e+02
20230314_18:00:00   6.5406e-02   1.9966e+01   9.4399e-01   0.0000e+00   2.1248e-03   4.3846e+02
20230314_19:00:00   6.4025e-02   1.9637e+01   9.2188e-01   0.0000e+00   1.9359e-03   4.3934e+02
20230314_20:00:00   6.3706e-02   1.9554e+01   9.1576e-01   0.0000e+00   3.3032e-03   4.4184e+02
20230314_21:00:00   6.2486e-02   1.9270e+01   8.9106e-01   0.0000e+00   4.3303e-03   4.4195e+02
20230314_22:00:00   6.1029e-02   1.8925e+01   8.6347e-01   0.0000e+00   5.8550e-03   4.4433e+02
20230314_23:00:00   6.1688e-02   1.9058e+01   8.7727e-01   0.0000e+00   7.1843e-03   4.4862e+02
20230315_00:00:00   6.1613e-02   1.9027e+01   8.7542e-01   0.0000e+00   9.6015e-03   4.5139e+02
20230315_01:00:00   6.1195e-02   1.8923e+01   8.6709e-01   0.0000e+00   7.7629e-03   4.5312e+02
20230315_02:00:00   6.0254e-02   1.8704e+01   8.4908e-01   0.0000e+00   4.8003e-03   4.5304e+02
20230315_03:00:00   5.8185e-02   1.8222e+01   8.0608e-01   0.0000e+00   2.4425e-03   4.5184e+02
20230315_04:00:00   5.5775e-02   1.7673e+01   7.5275e-01   0.0000e+00   2.0350e-03   4.5328e+02
20230315_05:00:00   5.4320e-02   1.7339e+01   7.1578e-01   0.0000e+00   2.7266e-03   4.5429e+02
20230315_06:00:00   5.3067e-02   1.7036e+01   6.8646e-01   0.0000e+00   3.3151e-03   4.5645e+02
20230315_07:00:00   5.1842e-02   1.6729e+01   6.6139e-01   0.0000e+00   5.4652e-03   4.5961e+02
20230315_08:00:00   5.0778e-02   1.6456e+01   6.4638e-01   0.0000e+00   6.2683e-03   4.4755e+02
20230315_09:00:00   5.1790e-02   1.6669e+01   6.7050e-01   0.0000e+00   6.2717e-03   4.4419e+02
20230315_10:00:00   5.3563e-02   1.7066e+01   7.0272e-01   0.0000e+00   5.1636e-03   4.4780e+02
20230315_11:00:00   5.8891e-02   1.8291e+01   7.9920e-01   0.0000e+00   3.4158e-03   4.5043e+02
20230315_12:00:00   6.1411e-02   1.8871e+01   8.3794e-01   0.0000e+00   2.0643e-03   4.4724e+02
20230315_15:00:00   6.1629e-02   1.8892e+01   8.2037e-01   0.0000e+00   6.0592e-03   4.4600e+02
20230315_18:00:00   5.9522e-02   1.8395e+01   7.7127e-01   0.0000e+00   7.4700e-03   4.5627e+02
20230315_21:00:00   5.4980e-02   1.7337e+01   6.7136e-01   0.0000e+00   1.3390e-02   4.5978e+02
20230316_00:00:00   5.1789e-02   1.6587e+01   6.1123e-01   0.0000e+00   3.8099e-03   4.7199e+02
20230316_03:00:00   4.6698e-02   1.5401e+01   5.1948e-01   0.0000e+00   1.6637e-03   4.6121e+02
20230316_06:00:00   4.4675e-02   1.4928e+01   4.8044e-01   0.0000e+00   1.3431e-03   4.5009e+02
20230316_09:00:00   4.2261e-02   1.4381e+01   4.3551e-01   0.0000e+00   1.2094e-04   4.5072e+02
20230316_12:00:00   4.1452e-02   1.4205e+01   4.2415e-01   0.0000e+00   1.3725e-05   4.5044e+02
20230316_15:00:00   4.1684e-02   1.4285e+01   4.3523e-01   0.0000e+00   1.0140e-05   4.4063e+02
20230316_18:00:00   4.0748e-02   1.4086e+01   4.2253e-01   0.0000e+00   1.1079e-05   4.3059e+02
20230316_21:00:00   4.1280e-02   1.4229e+01   4.3746e-01   0.0000e+00   3.7510e-05   4.2885e+02
20230317_00:00:00   4.9201e-02   1.6058e+01   6.0585e-01   0.0000e+00   2.5347e-03   4.3026e+02
20230317_03:00:00   7.2963e-02   2.1514e+01   1.0509e+00   0.0000e+00   1.1049e-02   4.3146e+02
20230317_06:00:00   7.8128e-02   2.2716e+01   1.1507e+00   0.0000e+00   1.3729e-02   4.2959e+02
20230317_09:00:00   8.0558e-02   2.3291e+01   1.1898e+00   0.0000e+00   2.7475e-02   4.4073e+02
20230317_12:00:00   7.7554e-02   2.2669e+01   1.1219e+00   0.0000e+00   2.7179e-02   4.3565e+02
20230317_15:00:00   8.0178e-02   2.3266e+01   1.1678e+00   0.0000e+00   2.8443e-02   4.2950e+02
20230317_18:00:00   8.1590e-02   2.3581e+01   1.1808e+00   0.0000e+00   6.5350e-02   4.3708e+02
20230317_21:00:00   7.9901e-02   2.3211e+01   1.1529e+00   0.0000e+00   4.0136e-02   4.4694e+02
20230318_00:00:00   8.1668e-02   2.3604e+01   1.1828e+00   0.0000e+00   5.7577e-02   4.4692e+02
20230318_03:00:00   8.5333e-02   2.4432e+01   1.2692e+00   0.0000e+00   4.6183e-02   4.3687e+02
20230318_06:00:00   9.0361e-02   2.5606e+01   1.3680e+00   0.0000e+00   5.0404e-02   4.2921e+02
20230318_09:00:00   9.5271e-02   2.6749e+01   1.4751e+00   0.0000e+00   3.8701e-02   4.2167e+02
20230318_12:00:00   9.7063e-02   2.7185e+01   1.5192e+00   0.0000e+00   2.6507e-02   4.1513e+02
20230318_15:00:00   9.7679e-02   2.7361e+01   1.5361e+00   0.0000e+00   1.7362e-02   4.1000e+02
20230318_18:00:00   1.0887e-01   2.9858e+01   1.7466e+00   0.0000e+00   3.1543e-02   4.0334e+02
20230318_21:00:00   1.0881e-01   2.9866e+01   1.7496e+00   0.0000e+00   1.6455e-02   4.0860e+02
20230319_00:00:00   1.0700e-01   2.9467e+01   1.7169e+00   0.0000e+00   9.1299e-03   4.1018e+02
20230319_03:00:00   1.0571e-01   2.9142e+01   1.6989e+00   0.0000e+00   6.8204e-03   3.9365e+02
20230319_06:00:00   1.0494e-01   2.8961e+01   1.6835e+00   0.0000e+00   1.5439e-02   3.9966e+02
20230319_09:00:00   1.0042e-01   2.7993e+01   1.5824e+00   0.0000e+00   1.1299e-02   3.9900e+02
20230319_12:00:00   9.7387e-02   2.7299e+01   1.4897e+00   0.0000e+00   6.6691e-02   4.0308e+02
20230319_15:00:00   8.2032e-02   2.3902e+01   1.1766e+00   0.0000e+00   4.4130e-02   4.0852e+02
20230319_18:00:00   5.9007e-02   1.8530e+01   7.5470e-01   0.0000e+00   3.4262e-03   4.1012e+02
20230319_21:00:00   4.3579e-02   1.4871e+01   4.6566e-01   0.0000e+00   1.3673e-03   4.1171e+02
20230320_00:00:00   3.4509e-02   1.2662e+01   3.0394e-01   0.0000e+00   5.0830e-04   4.1356e+02
20230320_03:00:00   3.1293e-02   1.1880e+01   2.5066e-01   0.0000e+00   5.7220e-07   4.1008e+02
20230320_06:00:00   2.9176e-02   1.1362e+01   2.1766e-01   0.0000e+00   0.0000e+00   4.0180e+02
20230320_09:00:00   2.9405e-02   1.1414e+01   2.2854e-01   0.0000e+00   0.0000e+00   3.9886e+02
20230320_12:00:00   3.1955e-02   1.2044e+01   2.8136e-01   0.0000e+00   0.0000e+00   4.0943e+02
20230320_15:00:00   3.6538e-02   1.3158e+01   3.7242e-01   0.0000e+00   0.0000e+00   4.1592e+02
20230320_18:00:00   4.7131e-02   1.5674e+01   5.8642e-01   0.0000e+00   3.5660e-05   4.2121e+02
20230320_21:00:00   6.4339e-02   1.9658e+01   9.2721e-01   0.0000e+00   9.6601e-03   4.1641e+02
20230321_00:00:00   9.2428e-02   2.6074e+01   1.4137e+00   0.0000e+00   4.6916e-02   4.1833e+02
20230321_03:00:00   9.9528e-02   2.7696e+01   1.5290e+00   0.0000e+00   6.3694e-02   4.2631e+02
20230321_06:00:00   1.1218e-01   3.0526e+01   1.7599e+00   0.0000e+00   1.4208e-01   4.3077e+02
20230321_09:00:00   1.2366e-01   3.3152e+01   2.0476e+00   0.0000e+00   6.9262e-02   4.1394e+02
20230321_12:00:00   1.5798e-01   4.0678e+01   2.7300e+00   0.0000e+00   1.6592e-01   4.1134e+02
20230321_15:00:00   1.8293e-01   4.6135e+01   3.2263e+00   0.0000e+00   2.0619e-01   4.0518e+02
20230321_18:00:00   2.1408e-01   5.2852e+01   3.7951e+00   0.0000e+00   3.1362e-01   3.9874e+02
20230321_21:00:00   2.2940e-01   5.6161e+01   4.1296e+00   0.0000e+00   2.1481e-01   4.0208e+02
20230322_00:00:00   2.2558e-01   5.5454e+01   4.1259e+00   0.0000e+00   4.4304e-02   3.9078e+02
20230322_03:00:00   2.1840e-01   5.3955e+01   3.9645e+00   0.0000e+00   5.8675e-02   3.7751e+02
20230322_06:00:00   2.0867e-01   5.1957e+01   3.8060e+00   0.0000e+00   1.8595e-02   3.6811e+02
20230322_09:00:00   1.9912e-01   4.9940e+01   3.6533e+00   0.0000e+00   7.2027e-03   3.6475e+02
20230322_12:00:00   1.8367e-01   4.6686e+01   3.3467e+00   0.0000e+00   1.1040e-02   3.6850e+02
20230322_15:00:00   1.7647e-01   4.5061e+01   3.1595e+00   0.0000e+00   2.5888e-02   3.7387e+02
20230322_18:00:00   1.6379e-01   4.2109e+01   2.9075e+00   0.0000e+00   5.7181e-02   3.8261e+02
20230322_21:00:00   1.3830e-01   3.6498e+01   2.3326e+00   0.0000e+00   1.3780e-01   4.0179e+02
20230323_00:00:00   9.9400e-02   2.7818e+01   1.5448e+00   0.0000e+00   6.4233e-02   4.2212e+02
20230323_03:00:00   7.6049e-02   2.2373e+01   1.0909e+00   0.0000e+00   3.3288e-02   4.1147e+02
20230323_06:00:00   6.1263e-02   1.8879e+01   8.1956e-01   0.0000e+00   2.7197e-03   4.0985e+02
20230323_09:00:00   5.5469e-02   1.7479e+01   6.8628e-01   0.0000e+00   8.1405e-03   4.2965e+02
20230323_12:00:00   5.1080e-02   1.6445e+01   6.0394e-01   0.0000e+00   3.7679e-03   4.3583e+02
20230323_15:00:00   4.9874e-02   1.6147e+01   5.7839e-01   0.0000e+00   5.6769e-03   4.3649e+02
20230323_18:00:00   4.8797e-02   1.5885e+01   5.5860e-01   0.0000e+00   4.6516e-03   4.3525e+02
20230323_21:00:00   4.8562e-02   1.5816e+01   5.5347e-01   0.0000e+00   4.5713e-03   4.3230e+02
20230324_00:00:00   4.6913e-02   1.5425e+01   5.1942e-01   0.0000e+00   5.8524e-03   4.3602e+02
20230324_03:00:00   4.5240e-02   1.5016e+01   4.8602e-01   0.0000e+00   7.5107e-03   4.3537e+02
20230324_06:00:00   4.2785e-02   1.4439e+01   4.3634e-01   0.0000e+00   7.4633e-03   4.3182e+02
20230324_09:00:00   3.8086e-02   1.3329e+01   3.5443e-01   0.0000e+00   4.1659e-03   4.3449e+02
20230324_12:00:00   3.6879e-02   1.3054e+01   3.3295e-01   0.0000e+00   1.4774e-03   4.4114e+02
20230324_15:00:00   3.9806e-02   1.3756e+01   3.8315e-01   0.0000e+00   4.8716e-05   4.5429e+02
20230324_18:00:00   4.1975e-02   1.4273e+01   4.2477e-01   0.0000e+00   3.1186e-05   4.4888e+02
20230324_21:00:00   4.4997e-02   1.4973e+01   4.8111e-01   0.0000e+00   2.8551e-03   4.4493e+02
20230325_00:00:00   4.6223e-02   1.5256e+01   5.0457e-01   0.0000e+00   4.8870e-03   4.3649e+02
20230325_03:00:00   4.6589e-02   1.5335e+01   5.1213e-01   0.0000e+00   6.2471e-03   4.3168e+02
20230325_06:00:00   4.5466e-02   1.5080e+01   4.8995e-01   0.0000e+00   3.1235e-03   4.2612e+02
20230325_09:00:00   4.4623e-02   1.4882e+01   4.7097e-01   0.0000e+00   3.7716e-03   4.5025e+02
20230325_12:00:00   4.3133e-02   1.4547e+01   4.4208e-01   0.0000e+00   1.4733e-03   4.5458e+02
20230325_15:00:00   4.4391e-02   1.4835e+01   4.7110e-01   0.0000e+00   1.1741e-03   4.5403e+02
20230325_18:00:00   4.6296e-02   1.5266e+01   5.0231e-01   0.0000e+00   1.2552e-03   4.6131e+02
20230325_21:00:00   4.5740e-02   1.5125e+01   4.7719e-01   0.0000e+00   7.0556e-03   4.4995e+02
20230326_00:00:00   4.0349e-02   1.3848e+01   3.8201e-01   0.0000e+00   4.2237e-05   4.4471e+02
20230326_03:00:00   4.0900e-02   1.3980e+01   3.9177e-01   0.0000e+00   5.7135e-05   4.3965e+02
20230326_06:00:00   4.3457e-02   1.4609e+01   4.3493e-01   0.0000e+00   4.2697e-05   4.4330e+02
20230326_09:00:00   4.6392e-02   1.5314e+01   4.9275e-01   0.0000e+00   1.0036e-04   4.4312e+02
20230326_12:00:00   5.0494e-02   1.6310e+01   5.7635e-01   0.0000e+00   7.2250e-05   4.3649e+02
