#            date       tau255        Tb[K]      pwv[mm] lwp[kg*m^-2] iwp[kg*m^-2]       o3[DU]
20260425_06:00:00   8.4513e-02   2.4421e+01   1.2420e+00   0.0000e+00   1.4824e-02   4.0478e+02
20260425_07:00:00   8.0723e-02   2.3514e+01   1.1670e+00   0.0000e+00   1.2794e-02   4.0827e+02
20260425_08:00:00   7.6991e-02   2.2628e+01   1.0950e+00   0.0000e+00   8.0228e-03   4.1207e+02
20260425_09:00:00   7.3592e-02   2.1820e+01   1.0283e+00   0.0000e+00   5.3003e-03   4.1465e+02
20260425_10:00:00   6.8434e-02   2.0634e+01   9.2910e-01   0.0000e+00   3.2717e-03   4.1661e+02
20260425_11:00:00   6.6711e-02   2.0211e+01   8.9608e-01   0.0000e+00   2.6379e-03   4.1345e+02
20260425_12:00:00   6.5905e-02   2.0002e+01   8.7998e-01   0.0000e+00   2.8685e-03   4.1016e+02
20260425_13:00:00   6.4977e-02   1.9770e+01   8.6139e-01   0.0000e+00   3.8589e-03   4.1242e+02
20260425_14:00:00   6.4292e-02   1.9610e+01   8.4618e-01   0.0000e+00   5.3696e-03   4.1612e+02
20260425_15:00:00   6.3744e-02   1.9479e+01   8.3471e-01   0.0000e+00   6.2672e-03   4.1991e+02
20260425_16:00:00   6.3339e-02   1.9381e+01   8.2775e-01   0.0000e+00   5.9239e-03   4.2565e+02
20260425_17:00:00   6.2542e-02   1.9191e+01   8.1455e-01   0.0000e+00   3.7480e-03   4.2853e+02
20260425_18:00:00   6.2099e-02   1.9078e+01   8.0584e-01   0.0000e+00   2.5810e-03   4.2974e+02
20260425_19:00:00   6.1706e-02   1.8973e+01   7.9680e-01   0.0000e+00   2.2159e-03   4.3465e+02
20260425_20:00:00   6.1222e-02   1.8851e+01   7.8722e-01   0.0000e+00   1.9477e-03   4.4397e+02
20260425_21:00:00   6.0430e-02   1.8656e+01   7.7231e-01   0.0000e+00   2.0377e-03   4.5108e+02
20260425_22:00:00   5.9891e-02   1.8517e+01   7.6208e-01   0.0000e+00   4.0513e-03   4.5404e+02
20260425_23:00:00   5.9323e-02   1.8376e+01   7.5124e-01   0.0000e+00   6.0996e-03   4.5537e+02
20260426_00:00:00   5.8914e-02   1.8278e+01   7.4293e-01   0.0000e+00   7.1905e-03   4.5620e+02
20260426_01:00:00   5.8617e-02   1.8207e+01   7.3692e-01   0.0000e+00   7.2871e-03   4.5623e+02
20260426_02:00:00   5.8747e-02   1.8231e+01   7.3967e-01   0.0000e+00   7.8073e-03   4.5600e+02
20260426_03:00:00   5.8454e-02   1.8160e+01   7.3736e-01   0.0000e+00   6.9300e-03   4.5540e+02
20260426_04:00:00   5.7723e-02   1.7994e+01   7.2562e-01   0.0000e+00   6.6575e-03   4.5715e+02
20260426_05:00:00   5.7658e-02   1.7977e+01   7.2353e-01   0.0000e+00   8.3884e-03   4.6391e+02
20260426_06:00:00   5.7541e-02   1.7949e+01   7.2218e-01   0.0000e+00   7.7303e-03   4.6733e+02
20260426_07:00:00   5.6941e-02   1.7812e+01   7.1195e-01   0.0000e+00   7.8486e-03   4.7222e+02
20260426_08:00:00   5.5697e-02   1.7521e+01   6.8904e-01   0.0000e+00   9.7366e-03   4.7748e+02
20260426_09:00:00   5.5538e-02   1.7490e+01   6.8688e-01   0.0000e+00   9.5245e-03   4.7802e+02
20260426_10:00:00   5.5221e-02   1.7423e+01   6.8384e-01   0.0000e+00   9.3050e-03   4.7449e+02
20260426_11:00:00   5.5521e-02   1.7504e+01   6.9156e-01   0.0000e+00   9.1357e-03   4.7043e+02
20260426_12:00:00   5.7944e-02   1.8081e+01   7.3889e-01   0.0000e+00   9.3495e-03   4.6807e+02
20260426_13:00:00   6.1253e-02   1.8853e+01   8.0236e-01   0.0000e+00   1.2976e-02   4.6504e+02
20260426_14:00:00   6.1403e-02   1.8913e+01   8.1117e-01   0.0000e+00   1.4262e-02   4.5955e+02
20260426_15:00:00   6.3941e-02   1.9527e+01   8.6063e-01   0.0000e+00   1.4038e-02   4.5723e+02
20260426_16:00:00   6.8359e-02   2.0553e+01   9.3995e-01   0.0000e+00   1.4080e-02   4.5935e+02
20260426_17:00:00   7.3939e-02   2.1835e+01   1.0468e+00   0.0000e+00   1.8712e-02   4.6269e+02
20260426_18:00:00   7.9013e-02   2.3018e+01   1.1278e+00   0.0000e+00   6.3579e-02   4.6390e+02
20260426_19:00:00   8.5193e-02   2.4421e+01   1.2127e+00   0.0000e+00   1.5599e-01   4.6123e+02
20260426_20:00:00   8.1677e-02   2.3602e+01   1.1789e+00   0.0000e+00   8.8289e-02   4.5638e+02
20260426_21:00:00   7.9197e-02   2.3019e+01   1.1585e+00   0.0000e+00   3.7142e-02   4.5252e+02
20260426_22:00:00   8.2623e-02   2.3789e+01   1.2120e+00   0.0000e+00   6.8734e-02   4.4919e+02
20260426_23:00:00   8.3718e-02   2.4026e+01   1.2268e+00   0.0000e+00   9.0445e-02   4.4673e+02
20260427_00:00:00   8.3987e-02   2.4089e+01   1.2372e+00   0.0000e+00   7.9918e-02   4.4961e+02
20260427_01:00:00   8.4554e-02   2.4215e+01   1.2666e+00   0.0000e+00   4.8772e-02   4.5196e+02
20260427_02:00:00   8.5769e-02   2.4478e+01   1.2901e+00   0.0000e+00   6.3299e-02   4.5448e+02
20260427_03:00:00   8.6395e-02   2.4606e+01   1.2904e+00   0.0000e+00   1.0065e-01   4.6171e+02
20260427_04:00:00   8.7216e-02   2.4781e+01   1.3089e+00   0.0000e+00   1.0998e-01   4.6669e+02
20260427_05:00:00   9.2304e-02   2.5902e+01   1.4172e+00   0.0000e+00   1.1658e-01   4.6125e+02
20260427_06:00:00   9.4047e-02   2.6299e+01   1.4559e+00   0.0000e+00   1.1945e-01   4.5655e+02
20260427_07:00:00   9.6932e-02   2.6964e+01   1.5118e+00   0.0000e+00   1.2952e-01   4.5315e+02
20260427_08:00:00   9.9684e-02   2.7611e+01   1.5756e+00   0.0000e+00   1.1222e-01   4.5004e+02
20260427_09:00:00   1.0080e-01   2.7887e+01   1.6100e+00   0.0000e+00   8.5132e-02   4.4868e+02
20260427_10:00:00   1.0071e-01   2.7897e+01   1.6242e+00   0.0000e+00   4.6989e-02   4.4543e+02
20260427_11:00:00   1.0347e-01   2.8545e+01   1.6428e+00   0.0000e+00   1.1378e-01   4.4545e+02
20260427_12:00:00   1.0785e-01   2.9506e+01   1.6732e+00   0.0000e+00   2.3713e-01   4.4550e+02
20260427_13:00:00   1.0512e-01   2.8944e+01   1.6748e+00   0.0000e+00   1.0380e-01   4.5059e+02
20260427_14:00:00   1.0401e-01   2.8699e+01   1.6714e+00   0.0000e+00   6.9204e-02   4.5398e+02
20260427_15:00:00   1.0522e-01   2.8979e+01   1.6854e+00   0.0000e+00   8.7082e-02   4.5728e+02
20260427_16:00:00   1.0369e-01   2.8656e+01   1.6558e+00   0.0000e+00   7.4556e-02   4.6064e+02
20260427_17:00:00   1.0210e-01   2.8313e+01   1.6196e+00   0.0000e+00   7.4705e-02   4.6058e+02
20260427_18:00:00   1.0181e-01   2.8274e+01   1.6219e+00   0.0000e+00   5.1387e-02   4.6040e+02
20260427_19:00:00   1.0435e-01   2.8868e+01   1.6634e+00   0.0000e+00   4.5540e-02   4.6369e+02
20260427_20:00:00   1.0183e-01   2.8366e+01   1.6233e+00   0.0000e+00   1.6226e-02   4.6699e+02
20260427_21:00:00   1.0377e-01   2.8798e+01   1.6665e+00   0.0000e+00   2.2570e-02   4.6559e+02
20260427_22:00:00   1.0880e-01   2.9879e+01   1.7755e+00   0.0000e+00   1.6799e-02   4.5785e+02
20260427_23:00:00   1.1049e-01   3.0248e+01   1.8132e+00   0.0000e+00   1.8815e-02   4.5510e+02
20260428_00:00:00   1.1026e-01   3.0221e+01   1.8194e+00   0.0000e+00   1.0624e-02   4.5675e+02
20260428_01:00:00   1.0945e-01   3.0079e+01   1.8112e+00   0.0000e+00   1.3456e-02   4.6039e+02
20260428_02:00:00   1.2159e-01   3.2735e+01   1.9785e+00   0.0000e+00   1.7193e-01   4.6079e+02
20260428_03:00:00   1.2790e-01   3.4069e+01   2.0134e+00   0.0000e+00   3.7033e-01   4.5695e+02
20260428_04:00:00   1.3106e-01   3.4771e+01   2.0966e+00   0.0000e+00   3.5481e-01   4.5353e+02
20260428_05:00:00   1.3439e-01   3.5520e+01   2.1584e+00   0.0000e+00   3.7633e-01   4.5156e+02
20260428_06:00:00   1.3109e-01   3.4820e+01   2.1289e+00   0.0000e+00   2.8504e-01   4.5540e+02
20260428_07:00:00   1.2778e-01   3.4117e+01   2.1178e+00   0.0000e+00   1.6554e-01   4.5995e+02
20260428_08:00:00   1.1824e-01   3.2070e+01   1.9691e+00   0.0000e+00   5.0183e-02   4.6550e+02
20260428_09:00:00   9.3420e-02   2.6655e+01   1.4828e+00   0.0000e+00   3.2689e-03   4.6717e+02
20260428_10:00:00   7.4786e-02   2.2404e+01   1.1206e+00   0.0000e+00   5.5483e-04   4.6393e+02
20260428_11:00:00   7.2494e-02   2.1837e+01   1.0729e+00   0.0000e+00   1.1056e-03   4.5909e+02
20260428_12:00:00   7.1202e-02   2.1515e+01   1.0496e+00   0.0000e+00   1.0909e-03   4.5499e+02
20260428_13:00:00   6.9425e-02   2.1079e+01   1.0207e+00   0.0000e+00   5.8670e-04   4.5233e+02
20260428_14:00:00   6.9251e-02   2.1030e+01   1.0136e+00   0.0000e+00   3.8748e-04   4.5390e+02
20260428_15:00:00   6.6589e-02   2.0424e+01   9.5454e-01   0.0000e+00   2.5857e-04   4.5640e+02
20260428_16:00:00   6.4879e-02   2.0027e+01   9.1659e-01   0.0000e+00   2.6406e-04   4.5798e+02
20260428_17:00:00   6.5207e-02   2.0091e+01   9.2038e-01   0.0000e+00   3.9299e-05   4.5919e+02
20260428_18:00:00   6.6714e-02   2.0434e+01   9.4670e-01   0.0000e+00   2.4379e-05   4.6122e+02
20260428_19:00:00   6.8134e-02   2.0747e+01   9.6740e-01   0.0000e+00   6.3052e-05   4.6510e+02
20260428_20:00:00   6.9024e-02   2.0929e+01   9.8057e-01   0.0000e+00   4.2679e-05   4.6836e+02
20260428_21:00:00   6.8913e-02   2.0886e+01   9.7706e-01   0.0000e+00   1.9495e-05   4.7324e+02
20260428_22:00:00   7.0551e-02   2.1235e+01   1.0038e+00   0.0000e+00   7.1305e-05   4.7625e+02
20260428_23:00:00   7.1284e-02   2.1386e+01   1.0152e+00   0.0000e+00   1.8124e-04   4.7838e+02
20260429_00:00:00   7.1603e-02   2.1423e+01   1.0208e+00   0.0000e+00   1.6210e-03   4.8184e+02
20260429_01:00:00   7.1555e-02   2.1381e+01   1.0187e+00   0.0000e+00   3.8885e-03   4.8421e+02
20260429_02:00:00   7.0746e-02   2.1163e+01   1.0010e+00   0.0000e+00   5.5094e-03   4.8554e+02
20260429_03:00:00   7.1069e-02   2.1211e+01   1.0049e+00   0.0000e+00   6.9622e-03   4.8495e+02
20260429_04:00:00   6.8846e-02   2.0707e+01   9.6063e-01   0.0000e+00   9.8351e-03   4.8127e+02
20260429_05:00:00   6.9007e-02   2.0734e+01   9.6431e-01   0.0000e+00   9.1709e-03   4.7880e+02
20260429_06:00:00   6.8483e-02   2.0609e+01   9.5403e-01   0.0000e+00   8.9290e-03   4.7688e+02
20260429_07:00:00   6.8051e-02   2.0514e+01   9.4605e-01   0.0000e+00   8.9024e-03   4.7699e+02
20260429_08:00:00   6.7981e-02   2.0498e+01   9.4453e-01   0.0000e+00   7.7914e-03   4.7859e+02
20260429_09:00:00   6.7326e-02   2.0347e+01   9.3306e-01   0.0000e+00   6.5445e-03   4.8011e+02
20260429_10:00:00   6.7218e-02   2.0311e+01   9.2940e-01   0.0000e+00   7.9992e-03   4.8199e+02
20260429_11:00:00   6.7017e-02   2.0252e+01   9.2222e-01   0.0000e+00   1.2940e-02   4.8302e+02
20260429_12:00:00   6.7336e-02   2.0335e+01   9.2968e-01   0.0000e+00   1.0102e-02   4.8302e+02
20260429_13:00:00   6.5858e-02   2.0007e+01   9.0670e-01   0.0000e+00   5.7726e-03   4.8436e+02
20260429_14:00:00   6.5194e-02   1.9857e+01   8.9493e-01   0.0000e+00   5.7008e-03   4.8581e+02
20260429_15:00:00   6.6562e-02   2.0167e+01   9.1741e-01   0.0000e+00   6.6219e-03   4.8644e+02
20260429_16:00:00   6.7661e-02   2.0417e+01   9.3404e-01   0.0000e+00   9.4547e-03   4.8834e+02
20260429_17:00:00   6.7190e-02   2.0307e+01   9.2637e-01   0.0000e+00   7.4757e-03   4.8998e+02
20260429_18:00:00   6.6768e-02   2.0207e+01   9.1972e-01   0.0000e+00   2.9901e-03   4.8932e+02
20260429_19:00:00   6.5497e-02   1.9903e+01   8.9632e-01   0.0000e+00   2.0508e-03   4.8537e+02
20260429_20:00:00   6.4374e-02   1.9629e+01   8.7585e-01   0.0000e+00   1.4804e-03   4.8148e+02
20260429_21:00:00   6.2953e-02   1.9286e+01   8.4870e-01   0.0000e+00   1.5336e-03   4.7941e+02
20260429_22:00:00   6.1352e-02   1.8903e+01   8.1846e-01   0.0000e+00   1.6185e-03   4.7741e+02
20260429_23:00:00   5.9776e-02   1.8529e+01   7.8956e-01   0.0000e+00   1.4401e-03   4.7584e+02
20260430_00:00:00   5.8721e-02   1.8280e+01   7.7165e-01   0.0000e+00   1.2858e-03   4.7594e+02
20260430_01:00:00   5.7932e-02   1.8089e+01   7.5904e-01   0.0000e+00   1.3653e-03   4.7439e+02
20260430_02:00:00   5.7139e-02   1.7895e+01   7.4570e-01   0.0000e+00   1.6218e-03   4.7389e+02
20260430_03:00:00   5.6766e-02   1.7802e+01   7.3959e-01   0.0000e+00   1.9180e-03   4.7484e+02
20260430_04:00:00   5.7242e-02   1.7906e+01   7.4930e-01   0.0000e+00   2.3115e-03   4.7968e+02
20260430_05:00:00   5.8216e-02   1.8119e+01   7.6712e-01   0.0000e+00   3.3693e-03   4.8275e+02
20260430_06:00:00   5.9134e-02   1.8323e+01   7.8362e-01   0.0000e+00   4.2223e-03   4.8060e+02
20260430_09:00:00   5.9607e-02   1.8437e+01   7.9264e-01   0.0000e+00   2.6210e-03   4.7112e+02
20260430_12:00:00   5.9702e-02   1.8463e+01   7.9358e-01   0.0000e+00   2.0318e-03   4.6795e+02
20260430_15:00:00   5.9875e-02   1.8528e+01   7.9775e-01   0.0000e+00   9.7699e-04   4.7908e+02
20260430_18:00:00   6.1146e-02   1.8826e+01   8.2058e-01   0.0000e+00   2.6523e-04   4.8012e+02
20260430_21:00:00   6.4763e-02   1.9645e+01   8.8804e-01   0.0000e+00   1.0695e-04   4.8037e+02
20260501_00:00:00   6.4677e-02   1.9626e+01   8.8537e-01   0.0000e+00   3.2882e-04   4.7110e+02
20260501_03:00:00   6.4406e-02   1.9582e+01   8.7541e-01   0.0000e+00   2.3771e-04   4.7162e+02
20260501_06:00:00   6.3811e-02   1.9466e+01   8.6519e-01   0.0000e+00   1.5450e-04   4.6895e+02
20260501_09:00:00   6.1060e-02   1.8871e+01   8.2198e-01   0.0000e+00   7.2890e-06   4.6251e+02
20260501_12:00:00   6.1854e-02   1.9078e+01   8.4964e-01   0.0000e+00   1.3705e-05   4.6307e+02
20260501_15:00:00   7.5210e-02   2.2134e+01   1.1000e+00   0.0000e+00   3.1319e-03   4.6122e+02
20260501_18:00:00   8.6936e-02   2.4816e+01   1.2997e+00   0.0000e+00   2.0090e-02   4.6042e+02
20260501_21:00:00   8.7752e-02   2.5013e+01   1.3120e+00   0.0000e+00   2.2093e-02   4.5742e+02
20260502_00:00:00   8.2477e-02   2.3777e+01   1.2136e+00   0.0000e+00   1.7345e-02   4.5692e+02
20260502_03:00:00   7.8909e-02   2.2932e+01   1.1435e+00   0.0000e+00   1.2218e-02   4.5943e+02
20260502_06:00:00   7.4802e-02   2.1961e+01   1.0605e+00   0.0000e+00   1.3688e-02   4.6955e+02
20260502_09:00:00   6.9705e-02   2.0804e+01   9.6365e-01   0.0000e+00   7.0983e-03   4.8316e+02
20260502_12:00:00   6.8548e-02   2.0536e+01   9.4144e-01   0.0000e+00   5.5116e-03   4.6897e+02
20260502_15:00:00   6.7977e-02   2.0415e+01   9.3187e-01   0.0000e+00   3.7505e-03   4.6850e+02
20260502_18:00:00   6.4775e-02   1.9660e+01   8.7202e-01   0.0000e+00   1.3736e-03   4.6484e+02
20260502_21:00:00   6.1176e-02   1.8839e+01   7.9936e-01   0.0000e+00   1.5375e-03   4.6383e+02
20260503_00:00:00   5.9245e-02   1.8424e+01   7.5893e-01   0.0000e+00   4.9468e-03   4.6466e+02
20260503_03:00:00   6.1742e-02   1.9000e+01   8.1639e-01   0.0000e+00   3.2845e-03   4.6556e+02
20260503_06:00:00   7.2124e-02   2.1347e+01   1.0221e+00   0.0000e+00   6.3681e-03   4.5930e+02
20260503_09:00:00   7.6868e-02   2.2442e+01   1.1142e+00   0.0000e+00   2.7898e-03   4.4879e+02
20260503_12:00:00   7.3997e-02   2.1835e+01   1.0620e+00   0.0000e+00   2.9129e-04   4.4541e+02
20260503_15:00:00   7.6408e-02   2.2410e+01   1.1032e+00   0.0000e+00   1.3617e-03   4.3937e+02
20260503_18:00:00   7.9583e-02   2.3160e+01   1.1653e+00   0.0000e+00   1.2294e-03   4.3791e+02
20260503_21:00:00   8.3898e-02   2.4110e+01   1.2472e+00   0.0000e+00   4.9522e-03   4.3533e+02
20260504_00:00:00   8.2403e-02   2.3757e+01   1.2227e+00   0.0000e+00   3.6570e-03   4.3430e+02
20260504_03:00:00   8.2194e-02   2.3702e+01   1.2184e+00   0.0000e+00   1.1541e-03   4.3664e+02
20260504_06:00:00   8.3161e-02   2.3930e+01   1.2328e+00   0.0000e+00   3.6591e-04   4.4688e+02
20260504_09:00:00   8.3657e-02   2.4078e+01   1.2400e+00   0.0000e+00   5.8660e-05   4.4804e+02
20260504_12:00:00   8.3287e-02   2.4016e+01   1.2316e+00   0.0000e+00   3.8597e-05   4.4858e+02
20260504_15:00:00   8.3687e-02   2.4132e+01   1.2407e+00   0.0000e+00   3.4843e-05   4.5198e+02
20260504_18:00:00   8.2337e-02   2.3851e+01   1.2096e+00   0.0000e+00   1.9102e-05   4.5374e+02
20260504_21:00:00   7.4076e-02   2.1959e+01   1.0673e+00   0.0000e+00   0.0000e+00   4.5414e+02
20260505_00:00:00   6.6026e-02   2.0085e+01   9.2842e-01   0.0000e+00   1.1095e-05   4.5654e+02
20260505_03:00:00   6.2342e-02   1.9213e+01   8.6331e-01   0.0000e+00   1.1095e-05   4.6609e+02
20260505_06:00:00   7.0581e-02   2.1082e+01   1.0172e+00   0.0000e+00   2.6628e-05   4.6812e+02
20260505_09:00:00   6.9341e-02   2.0813e+01   9.8320e-01   0.0000e+00   7.3005e-05   4.7233e+02
20260505_12:00:00   5.9916e-02   1.8694e+01   7.9447e-01   0.0000e+00   0.0000e+00   4.7123e+02
20260505_15:00:00   5.5800e-02   1.7770e+01   7.2271e-01   0.0000e+00   0.0000e+00   4.6733e+02
20260505_18:00:00   5.3593e-02   1.7256e+01   6.9863e-01   0.0000e+00   3.6007e-04   4.6476e+02
20260505_21:00:00   7.9849e-02   2.3247e+01   1.2013e+00   0.0000e+00   1.6489e-02   4.5819e+02
20260506_00:00:00   8.9862e-02   2.5483e+01   1.3613e+00   0.0000e+00   3.1594e-02   4.5863e+02
20260506_03:00:00   8.5992e-02   2.4582e+01   1.2942e+00   0.0000e+00   1.1201e-02   4.5408e+02
20260506_06:00:00   8.0570e-02   2.3315e+01   1.1891e+00   0.0000e+00   1.0640e-02   4.4722e+02
20260506_09:00:00   7.6874e-02   2.2444e+01   1.0994e+00   0.0000e+00   4.1920e-02   4.4449e+02
20260506_12:00:00   7.3681e-02   2.1729e+01   1.0477e+00   0.0000e+00   8.4916e-03   4.4626e+02
20260506_15:00:00   6.7119e-02   2.0254e+01   9.2258e-01   0.0000e+00   6.7807e-03   4.5232e+02
20260506_18:00:00   6.5117e-02   1.9832e+01   8.7733e-01   0.0000e+00   1.3176e-03   4.6359e+02
20260506_21:00:00   6.5982e-02   2.0027e+01   8.9203e-01   0.0000e+00   3.3963e-04   4.7237e+02
20260507_00:00:00   6.7527e-02   2.0354e+01   9.1907e-01   0.0000e+00   6.4343e-03   4.6037e+02
20260507_03:00:00   6.6830e-02   2.0174e+01   9.0372e-01   0.0000e+00   1.5226e-02   4.4840e+02
20260507_06:00:00   6.5237e-02   1.9793e+01   8.7514e-01   0.0000e+00   1.4069e-02   4.3986e+02
20260507_09:00:00   6.4101e-02   1.9516e+01   8.5699e-01   0.0000e+00   7.8354e-03   4.3938e+02
20260507_12:00:00   6.4479e-02   1.9609e+01   8.6588e-01   0.0000e+00   7.2866e-03   4.4547e+02
20260507_15:00:00   6.5489e-02   1.9872e+01   8.8729e-01   0.0000e+00   7.5226e-03   4.4546e+02
20260507_18:00:00   6.4927e-02   1.9744e+01   8.7769e-01   0.0000e+00   9.1525e-03   4.5419e+02
20260507_21:00:00   6.5973e-02   1.9987e+01   8.9613e-01   0.0000e+00   3.2576e-03   4.5923e+02
20260508_00:00:00   6.4998e-02   1.9747e+01   8.7624e-01   0.0000e+00   2.6182e-03   4.6225e+02
20260508_03:00:00   6.3694e-02   1.9434e+01   8.5361e-01   0.0000e+00   1.9074e-03   4.5844e+02
20260508_06:00:00   6.2287e-02   1.9107e+01   8.2631e-01   0.0000e+00   2.6289e-03   4.5159e+02
20260508_09:00:00   6.0426e-02   1.8683e+01   7.9363e-01   0.0000e+00   1.1870e-03   4.5272e+02
20260508_12:00:00   5.9110e-02   1.8375e+01   7.7153e-01   0.0000e+00   2.9110e-05   4.4316e+02
20260508_15:00:00   5.6610e-02   1.7813e+01   7.2850e-01   0.0000e+00   3.2632e-05   4.4176e+02
20260508_18:00:00   5.6600e-02   1.7826e+01   7.3034e-01   0.0000e+00   2.4474e-05   4.4985e+02
20260508_21:00:00   6.2961e-02   1.9317e+01   8.3227e-01   0.0000e+00   5.7842e-04   4.4798e+02
20260509_00:00:00   6.2590e-02   1.9288e+01   8.2451e-01   0.0000e+00   2.1367e-04   4.1939e+02
20260509_03:00:00   6.2842e-02   1.9355e+01   8.4453e-01   0.0000e+00   1.5492e-05   4.3471e+02
20260509_06:00:00   9.1036e-02   2.5726e+01   1.4090e+00   0.0000e+00   3.2482e-02   4.1823e+02
20260509_09:00:00   1.1008e-01   3.0079e+01   1.7945e+00   0.0000e+00   2.1068e-02   4.1919e+02
20260509_12:00:00   1.1936e-01   3.2265e+01   1.9874e+00   0.0000e+00   1.2401e-02   4.0418e+02
20260509_15:00:00   1.2970e-01   3.4723e+01   2.1722e+00   0.0000e+00   1.6390e-02   4.0482e+02
20260509_18:00:00   1.3883e-01   3.6767e+01   2.3604e+00   0.0000e+00   1.0243e-02   4.1926e+02
20260509_21:00:00   1.3988e-01   3.7047e+01   2.3464e+00   0.0000e+00   3.8437e-02   3.9909e+02
20260510_00:00:00   1.3635e-01   3.6328e+01   2.2725e+00   0.0000e+00   3.7430e-02   3.8937e+02
20260510_03:00:00   1.4346e-01   3.7738e+01   2.3817e+00   0.0000e+00   1.1615e-01   3.8394e+02
20260510_06:00:00   1.4385e-01   3.7705e+01   2.3073e+00   0.0000e+00   3.1317e-01   3.7722e+02
20260510_09:00:00   1.3054e-01   3.4852e+01   2.1277e+00   0.0000e+00   8.7787e-02   3.7676e+02
20260510_12:00:00   1.2478e-01   3.3620e+01   1.9773e+00   0.0000e+00   1.3959e-01   3.8816e+02
20260510_15:00:00   1.0784e-01   2.9944e+01   1.7037e+00   0.0000e+00   2.2170e-02   4.0048e+02
20260510_18:00:00   9.4464e-02   2.6845e+01   1.4612e+00   0.0000e+00   4.3469e-02   4.0514e+02
20260510_21:00:00   9.1905e-02   2.6266e+01   1.4143e+00   0.0000e+00   1.3148e-02   4.2170e+02
20260511_00:00:00   8.7023e-02   2.5150e+01   1.3164e+00   0.0000e+00   4.0246e-03   4.3212e+02
20260511_03:00:00   8.5768e-02   2.4826e+01   1.2786e+00   0.0000e+00   5.3444e-03   4.3746e+02
20260511_06:00:00   7.9645e-02   2.3340e+01   1.1709e+00   0.0000e+00   3.3189e-03   4.4633e+02
