#            date       tau255        Tb[K]      pwv[mm] lwp[kg*m^-2] iwp[kg*m^-2]       o3[DU]
20211122_00:00:00   1.3085e-01   3.6668e+01   3.2649e+00   0.0000e+00   5.3638e-04   2.6161e+02
20211122_01:00:00   1.3880e-01   3.8474e+01   3.4567e+00   0.0000e+00   6.4080e-04   2.6169e+02
20211122_02:00:00   1.4143e-01   3.9043e+01   3.5147e+00   0.0000e+00   2.0606e-03   2.6100e+02
20211122_03:00:00   1.4144e-01   3.9088e+01   3.5104e+00   0.0000e+00   8.7418e-04   2.6119e+02
20211122_04:00:00   1.4131e-01   3.9031e+01   3.4903e+00   0.0000e+00   2.5235e-04   2.6239e+02
20211122_05:00:00   1.4685e-01   4.0224e+01   3.6175e+00   0.0000e+00   3.0180e-05   2.6128e+02
20211122_06:00:00   1.4102e-01   3.8975e+01   3.4667e+00   0.0000e+00   4.3471e-04   2.6210e+02
20211122_07:00:00   1.3853e-01   3.8437e+01   3.3925e+00   0.0000e+00   5.9936e-04   2.6402e+02
20211122_08:00:00   1.4138e-01   3.9093e+01   3.4521e+00   0.0000e+00   2.1405e-04   2.6207e+02
20211122_09:00:00   1.4113e-01   3.9071e+01   3.4316e+00   0.0000e+00   6.2558e-04   2.6254e+02
20211122_10:00:00   1.4233e-01   3.9387e+01   3.4474e+00   0.0000e+00   1.9362e-03   2.6441e+02
20211122_11:00:00   1.4167e-01   3.9304e+01   3.4154e+00   0.0000e+00   5.8503e-04   2.6455e+02
20211122_12:00:00   1.3987e-01   3.8928e+01   3.3684e+00   0.0000e+00   7.9148e-04   2.6142e+02
20211122_13:00:00   1.4121e-01   3.9242e+01   3.4111e+00   0.0000e+00   1.4027e-03   2.5904e+02
20211122_14:00:00   1.4778e-01   4.0744e+01   3.5834e+00   0.0000e+00   2.4240e-03   2.6080e+02
20211122_15:00:00   1.4929e-01   4.1072e+01   3.6431e+00   0.0000e+00   2.7462e-03   2.6261e+02
20211122_16:00:00   1.5790e-01   4.2973e+01   3.8785e+00   0.0000e+00   5.1895e-03   2.6418e+02
20211122_17:00:00   1.6535e-01   4.4601e+01   4.0842e+00   0.0000e+00   4.3322e-03   2.6206e+02
20211122_18:00:00   1.5942e-01   4.3326e+01   3.9401e+00   0.0000e+00   2.0111e-03   2.6159e+02
20211122_19:00:00   1.4126e-01   3.9253e+01   3.5010e+00   0.0000e+00   4.8574e-03   2.6161e+02
20211122_20:00:00   1.3563e-01   3.7883e+01   3.3693e+00   0.0000e+00   2.3044e-03   2.6122e+02
20211122_21:00:00   1.3562e-01   3.7863e+01   3.3746e+00   0.0000e+00   4.0929e-04   2.6175e+02
20211122_22:00:00   1.4130e-01   3.9158e+01   3.5159e+00   0.0000e+00   9.7617e-05   2.6179e+02
20211122_23:00:00   1.5576e-01   4.2414e+01   3.8667e+00   0.0000e+00   4.4630e-04   2.6383e+02
20211123_00:00:00   1.6049e-01   4.3502e+01   3.9647e+00   0.0000e+00   1.0164e-03   2.6396e+02
20211123_01:00:00   1.6952e-01   4.5472e+01   4.2058e+00   0.0000e+00   5.3884e-04   2.6409e+02
20211123_02:00:00   1.7770e-01   4.7182e+01   4.4139e+00   0.0000e+00   2.8470e-03   2.6473e+02
20211123_03:00:00   1.8491e-01   4.8691e+01   4.5840e+00   0.0000e+00   1.3752e-03   2.6521e+02
20211123_04:00:00   1.9004e-01   4.9728e+01   4.6947e+00   0.0000e+00   1.0996e-04   2.6730e+02
20211123_05:00:00   1.9188e-01   5.0098e+01   4.7249e+00   0.0000e+00   1.0146e-03   2.6691e+02
20211123_06:00:00   1.8405e-01   4.8416e+01   4.5271e+00   0.0000e+00   3.6341e-03   2.6447e+02
20211123_07:00:00   1.7404e-01   4.6274e+01   4.2827e+00   0.0000e+00   1.1009e-02   2.6514e+02
20211123_08:00:00   1.6187e-01   4.3628e+01   3.9914e+00   0.0000e+00   1.1885e-02   2.6577e+02
20211123_09:00:00   1.5328e-01   4.1722e+01   3.7841e+00   0.0000e+00   1.2114e-02   2.6765e+02
20211123_10:00:00   1.4764e-01   4.0452e+01   3.6449e+00   0.0000e+00   1.7916e-02   2.6694e+02
20211123_11:00:00   1.4272e-01   3.9364e+01   3.5241e+00   0.0000e+00   1.6320e-02   2.6747e+02
20211123_12:00:00   1.4008e-01   3.8756e+01   3.4601e+00   0.0000e+00   1.6766e-02   2.6604e+02
20211123_13:00:00   1.4252e-01   3.9293e+01   3.5351e+00   0.0000e+00   2.8369e-02   2.6460e+02
20211123_14:00:00   1.4846e-01   4.0570e+01   3.7123e+00   0.0000e+00   4.2419e-02   2.6380e+02
20211123_15:00:00   1.6176e-01   4.3511e+01   4.0709e+00   0.0000e+00   4.5893e-02   2.6446e+02
20211123_16:00:00   1.6940e-01   4.5174e+01   4.2625e+00   0.0000e+00   7.5344e-02   2.6611e+02
20211123_17:00:00   1.8804e-01   4.9193e+01   4.7324e+00   0.0000e+00   7.9735e-02   2.6670e+02
20211123_18:00:00   1.9927e-01   5.1658e+01   5.0165e+00   0.0000e+00   4.4734e-02   2.6517e+02
20211123_19:00:00   1.8643e-01   4.8934e+01   4.6869e+00   0.0000e+00   3.5006e-03   2.6495e+02
20211123_20:00:00   1.7493e-01   4.6521e+01   4.3915e+00   0.0000e+00   1.0302e-03   2.6287e+02
20211123_21:00:00   1.7488e-01   4.6360e+01   4.3990e+00   0.0000e+00   3.9846e-02   2.6220e+02
20211123_22:00:00   1.6765e-01   4.4743e+01   4.2470e+00   0.0000e+00   2.9938e-02   2.6182e+02
20211123_23:00:00   1.7573e-01   4.6426e+01   4.4229e+00   0.0000e+00   8.4237e-02   2.6222e+02
20211124_00:00:00   1.7228e-01   4.5727e+01   4.3332e+00   0.0000e+00   6.3596e-02   2.6355e+02
20211124_01:00:00   1.7351e-01   4.6049e+01   4.3752e+00   0.0000e+00   1.2198e-02   2.6514e+02
20211124_02:00:00   1.8081e-01   4.7606e+01   4.5500e+00   0.0000e+00   1.2052e-02   2.6682e+02
20211124_03:00:00   1.8580e-01   4.8653e+01   4.6653e+00   0.0000e+00   2.8482e-02   2.6632e+02
20211124_04:00:00   1.9042e-01   4.9624e+01   4.7904e+00   0.0000e+00   6.2143e-03   2.6388e+02
20211124_05:00:00   1.8650e-01   4.8790e+01   4.6880e+00   0.0000e+00   4.1807e-03   2.6763e+02
20211124_06:00:00   1.8750e-01   4.8936e+01   4.7121e+00   0.0000e+00   3.7062e-03   2.6671e+02
20211124_07:00:00   1.8965e-01   4.9391e+01   4.7586e+00   0.0000e+00   4.0352e-03   2.6624e+02
20211124_08:00:00   1.8369e-01   4.8187e+01   4.5840e+00   0.0000e+00   6.4432e-04   2.6511e+02
20211124_09:00:00   1.7152e-01   4.5572e+01   4.2734e+00   0.0000e+00   7.1660e-07   2.6530e+02
20211124_10:00:00   1.5561e-01   4.2086e+01   3.8817e+00   0.0000e+00   0.0000e+00   2.6599e+02
20211124_11:00:00   1.3858e-01   3.8257e+01   3.4662e+00   0.0000e+00   1.6540e-04   2.6625e+02
20211124_12:00:00   1.3139e-01   3.6583e+01   3.2986e+00   0.0000e+00   2.1497e-04   2.6739e+02
20211124_13:00:00   1.2463e-01   3.5047e+01   3.1320e+00   0.0000e+00   1.0845e-03   2.6670e+02
20211124_14:00:00   1.1634e-01   3.3179e+01   2.9074e+00   0.0000e+00   6.4681e-04   2.6751e+02
20211124_15:00:00   1.1282e-01   3.2311e+01   2.8287e+00   0.0000e+00   7.7815e-03   2.6591e+02
20211124_16:00:00   1.2244e-01   3.4437e+01   3.0813e+00   0.0000e+00   4.3275e-02   2.6548e+02
20211124_17:00:00   1.2630e-01   3.5285e+01   3.2019e+00   0.0000e+00   2.6539e-02   2.6497e+02
20211124_18:00:00   1.2713e-01   3.5370e+01   3.1709e+00   0.0000e+00   1.6216e-01   2.6531e+02
20211124_19:00:00   1.2982e-01   3.5900e+01   3.2199e+00   0.0000e+00   2.3537e-01   2.6491e+02
20211124_20:00:00   1.3564e-01   3.7241e+01   3.4322e+00   0.0000e+00   1.2720e-01   2.6499e+02
20211124_21:00:00   1.3076e-01   3.6152e+01   3.3162e+00   0.0000e+00   1.1387e-01   2.6619e+02
20211124_22:00:00   1.1534e-01   3.2658e+01   2.9177e+00   0.0000e+00   8.0700e-02   2.6783e+02
20211124_23:00:00   1.0237e-01   2.9698e+01   2.5227e+00   0.0000e+00   1.5016e-01   2.6790e+02
20211125_00:00:00   9.1463e-02   2.7220e+01   2.2689e+00   0.0000e+00   5.5164e-02   2.6642e+02
20211125_01:00:00   7.9888e-02   2.4514e+01   1.9791e+00   0.0000e+00   5.7147e-03   2.6493e+02
20211125_02:00:00   7.5563e-02   2.3473e+01   1.8594e+00   0.0000e+00   2.2111e-03   2.6379e+02
20211125_03:00:00   6.7851e-02   2.1608e+01   1.6446e+00   0.0000e+00   2.9499e-05   2.6372e+02
20211125_04:00:00   5.9151e-02   1.9513e+01   1.3860e+00   0.0000e+00   7.4160e-05   2.6228e+02
20211125_05:00:00   5.3004e-02   1.7957e+01   1.2167e+00   0.0000e+00   3.3405e-03   2.6078e+02
20211125_06:00:00   4.7312e-02   1.6478e+01   1.0663e+00   0.0000e+00   1.0946e-02   2.6163e+02
20211125_07:00:00   4.2833e-02   1.5389e+01   9.3299e-01   0.0000e+00   1.7042e-03   2.6096e+02
20211125_08:00:00   4.0224e-02   1.4757e+01   8.5091e-01   0.0000e+00   2.2746e-03   2.6235e+02
20211125_09:00:00   3.6989e-02   1.3955e+01   7.5373e-01   0.0000e+00   2.2320e-05   2.6293e+02
20211125_10:00:00   3.5935e-02   1.3668e+01   7.2833e-01   0.0000e+00   1.7704e-03   2.6240e+02
20211125_11:00:00   3.4921e-02   1.3409e+01   6.9884e-01   0.0000e+00   4.1960e-05   2.6314e+02
20211125_12:00:00   3.5954e-02   1.3667e+01   7.2885e-01   0.0000e+00   3.2722e-03   2.6366e+02
20211125_13:00:00   3.6043e-02   1.3697e+01   7.3092e-01   0.0000e+00   3.7633e-03   2.6326e+02
20211125_14:00:00   4.0504e-02   1.4888e+01   8.5179e-01   0.0000e+00   3.6300e-03   2.6311e+02
20211125_15:00:00   4.5462e-02   1.6197e+01   9.8634e-01   0.0000e+00   4.2720e-03   2.6231e+02
20211125_16:00:00   5.0821e-02   1.7545e+01   1.1371e+00   0.0000e+00   5.7359e-03   2.6155e+02
20211125_17:00:00   4.8036e-02   1.6811e+01   1.0621e+00   0.0000e+00   8.6524e-03   2.6027e+02
20211125_18:00:00   4.3466e-02   1.5585e+01   9.4676e-01   0.0000e+00   9.6732e-03   2.5938e+02
20211125_19:00:00   4.3823e-02   1.5661e+01   9.6027e-01   0.0000e+00   7.1435e-03   2.6070e+02
20211125_20:00:00   4.5560e-02   1.6064e+01   1.0173e+00   0.0000e+00   8.3482e-03   2.6094e+02
20211125_21:00:00   5.0616e-02   1.7346e+01   1.1582e+00   0.0000e+00   1.0858e-02   2.6128e+02
20211125_22:00:00   5.7028e-02   1.8951e+01   1.3330e+00   0.0000e+00   1.9623e-02   2.6177e+02
20211125_23:00:00   5.5756e-02   1.8618e+01   1.3080e+00   0.0000e+00   1.3140e-02   2.6170e+02
20211126_00:00:00   5.3600e-02   1.8027e+01   1.2565e+00   0.0000e+00   1.9508e-02   2.6004e+02
20211126_01:00:00   5.3872e-02   1.8108e+01   1.2698e+00   0.0000e+00   6.1221e-03   2.6055e+02
20211126_02:00:00   5.2824e-02   1.7882e+01   1.2331e+00   0.0000e+00   2.9739e-03   2.6022e+02
20211126_03:00:00   6.0925e-02   1.9971e+01   1.4460e+00   0.0000e+00   1.0434e-03   2.6119e+02
20211126_04:00:00   6.1307e-02   2.0123e+01   1.4360e+00   0.0000e+00   6.0300e-07   2.6086e+02
20211126_05:00:00   6.7254e-02   2.1731e+01   1.5614e+00   0.0000e+00   0.0000e+00   2.5858e+02
20211126_06:00:00   8.5057e-02   2.6189e+01   1.9975e+00   0.0000e+00   0.0000e+00   2.5946e+02
20211126_07:00:00   8.7574e-02   2.6836e+01   2.0435e+00   0.0000e+00   0.0000e+00   2.5993e+02
20211126_08:00:00   7.9163e-02   2.4746e+01   1.8379e+00   0.0000e+00   0.0000e+00   2.6057e+02
20211126_09:00:00   6.8097e-02   2.1951e+01   1.5691e+00   0.0000e+00   5.5319e-05   2.6057e+02
20211126_10:00:00   6.4744e-02   2.1083e+01   1.4908e+00   0.0000e+00   1.7080e-04   2.5972e+02
20211126_11:00:00   6.3048e-02   2.0648e+01   1.4490e+00   0.0000e+00   2.3562e-03   2.5998e+02
20211126_12:00:00   6.0754e-02   2.0038e+01   1.3996e+00   0.0000e+00   3.0617e-03   2.6119e+02
20211126_13:00:00   6.3607e-02   2.0754e+01   1.4803e+00   0.0000e+00   4.0283e-03   2.6087e+02
20211126_14:00:00   6.9584e-02   2.2277e+01   1.6352e+00   0.0000e+00   4.2248e-03   2.6179e+02
20211126_15:00:00   8.0204e-02   2.4799e+01   1.9383e+00   0.0000e+00   8.8357e-03   2.6102e+02
20211126_16:00:00   8.8380e-02   2.6737e+01   2.1707e+00   0.0000e+00   1.7131e-02   2.6113e+02
20211126_17:00:00   9.6804e-02   2.8763e+01   2.3942e+00   0.0000e+00   2.4016e-02   2.6192e+02
20211126_18:00:00   1.0022e-01   2.9633e+01   2.4608e+00   0.0000e+00   4.0067e-02   2.6152e+02
20211126_19:00:00   1.0152e-01   2.9976e+01   2.4774e+00   0.0000e+00   4.9956e-02   2.6153e+02
20211126_20:00:00   1.0541e-01   3.0894e+01   2.5622e+00   0.0000e+00   5.6448e-02   2.6406e+02
20211126_21:00:00   1.1298e-01   3.2618e+01   2.7714e+00   0.0000e+00   5.1139e-02   2.6443e+02
20211126_22:00:00   1.3018e-01   3.6572e+01   3.2342e+00   0.0000e+00   1.9275e-02   2.6394e+02
20211126_23:00:00   1.4260e-01   3.9358e+01   3.5664e+00   0.0000e+00   8.3689e-03   2.6421e+02
20211127_00:00:00   1.5166e-01   4.1260e+01   3.7888e+00   0.0000e+00   2.6116e-02   2.6420e+02
20211127_03:00:00   1.4265e-01   3.9495e+01   3.5028e+00   0.0000e+00   2.5038e-02   2.6562e+02
20211127_06:00:00   1.3834e-01   3.8492e+01   3.3826e+00   0.0000e+00   6.8609e-03   2.6391e+02
20211127_09:00:00   1.4016e-01   3.9066e+01   3.3600e+00   0.0000e+00   6.9240e-03   2.6475e+02
20211127_12:00:00   1.5221e-01   4.1635e+01   3.7121e+00   0.0000e+00   7.5984e-03   2.6679e+02
20211127_15:00:00   1.8336e-01   4.8268e+01   4.6043e+00   0.0000e+00   9.8800e-03   2.6607e+02
20211127_18:00:00   1.9680e-01   5.0856e+01   4.9380e+00   0.0000e+00   1.0485e-01   2.6444e+02
20211127_21:00:00   1.7883e-01   4.7016e+01   4.5381e+00   0.0000e+00   8.7872e-03   2.6454e+02
20211128_00:00:00   1.5042e-01   4.0842e+01   3.8072e+00   0.0000e+00   9.3862e-03   2.6777e+02
20211128_03:00:00   1.7348e-01   4.5865e+01   4.4178e+00   0.0000e+00   5.2914e-03   2.6929e+02
20211128_06:00:00   1.9026e-01   4.9778e+01   4.6639e+00   0.0000e+00   7.1460e-04   2.6845e+02
20211128_09:00:00   2.0382e-01   5.2822e+01   4.8029e+00   0.0000e+00   3.5449e-03   2.7012e+02
20211128_12:00:00   1.9858e-01   5.1781e+01   4.6363e+00   0.0000e+00   3.9837e-03   2.7044e+02
20211128_15:00:00   1.9977e-01   5.2134e+01   4.6933e+00   0.0000e+00   5.3214e-04   2.7209e+02
20211128_18:00:00   1.7807e-01   4.7535e+01   4.2108e+00   0.0000e+00   4.2249e-05   2.7053e+02
20211128_21:00:00   1.4908e-01   4.1067e+01   3.4989e+00   0.0000e+00   2.0499e-04   2.7208e+02
20211129_00:00:00   1.1825e-01   3.4092e+01   2.7292e+00   0.0000e+00   2.0780e-04   2.7015e+02
20211129_03:00:00   8.4796e-02   2.6131e+01   1.9277e+00   0.0000e+00   2.9260e-04   2.7241e+02
20211129_06:00:00   3.5459e-02   1.3615e+01   6.7662e-01   0.0000e+00   8.2560e-06   2.7162e+02
20211129_09:00:00   2.5979e-02   1.1026e+01   4.3412e-01   0.0000e+00   1.4632e-04   2.7347e+02
20211129_12:00:00   2.5507e-02   1.0869e+01   4.2938e-01   0.0000e+00   4.0600e-04   2.6975e+02
20211129_15:00:00   3.0369e-02   1.2191e+01   5.6136e-01   0.0000e+00   4.8680e-05   2.6948e+02
20211129_18:00:00   3.9617e-02   1.4653e+01   8.0845e-01   0.0000e+00   1.1560e-04   2.6972e+02
20211129_21:00:00   6.6309e-02   2.1486e+01   1.4855e+00   0.0000e+00   0.0000e+00   2.6942e+02
20211130_00:00:00   5.5848e-02   1.8857e+01   1.2190e+00   0.0000e+00   0.0000e+00   2.6895e+02
20211130_03:00:00   4.4400e-02   1.5903e+01   9.4395e-01   0.0000e+00   8.8100e-09   2.6774e+02
20211130_06:00:00   3.7734e-02   1.4094e+01   7.7180e-01   0.0000e+00   5.5693e-03   2.6690e+02
20211130_09:00:00   3.2359e-02   1.2628e+01   6.3938e-01   0.0000e+00   4.0651e-03   2.6746e+02
20211130_12:00:00   3.3887e-02   1.2987e+01   6.9474e-01   0.0000e+00   2.1240e-03   2.6702e+02
20211130_15:00:00   3.8535e-02   1.4225e+01   8.1855e-01   0.0000e+00   6.9765e-03   2.6690e+02
20211130_18:00:00   4.4967e-02   1.5851e+01   9.9402e-01   0.0000e+00   2.5721e-02   2.6801e+02
20211130_21:00:00   6.5934e-02   2.1218e+01   1.5382e+00   0.0000e+00   1.5474e-02   2.6584e+02
20211201_00:00:00   6.5101e-02   2.1011e+01   1.5355e+00   0.0000e+00   6.3160e-05   2.6526e+02
20211201_03:00:00   5.2218e-02   1.7678e+01   1.2204e+00   0.0000e+00   2.3819e-03   2.6479e+02
20211201_06:00:00   4.3648e-02   1.5505e+01   9.7786e-01   0.0000e+00   1.8874e-07   2.6435e+02
20211201_09:00:00   4.3423e-02   1.5452e+01   9.6737e-01   0.0000e+00   0.0000e+00   2.6371e+02
20211201_12:00:00   4.5302e-02   1.5927e+01   1.0228e+00   0.0000e+00   0.0000e+00   2.6240e+02
20211201_15:00:00   5.0626e-02   1.7321e+01   1.1686e+00   0.0000e+00   0.0000e+00   2.6332e+02
20211201_18:00:00   5.6773e-02   1.8868e+01   1.3445e+00   0.0000e+00   0.0000e+00   2.6353e+02
20211201_21:00:00   6.2830e-02   2.0475e+01   1.4978e+00   0.0000e+00   0.0000e+00   2.6612e+02
20211202_00:00:00   6.5383e-02   2.1120e+01   1.5622e+00   0.0000e+00   0.0000e+00   2.6489e+02
20211202_03:00:00   6.8643e-02   2.1747e+01   1.6783e+00   0.0000e+00   2.1420e-05   2.6819e+02
20211202_06:00:00   5.8674e-02   1.9378e+01   1.3717e+00   0.0000e+00   0.0000e+00   2.7088e+02
20211202_09:00:00   5.9887e-02   1.9766e+01   1.3852e+00   0.0000e+00   0.0000e+00   2.6855e+02
20211202_12:00:00   7.7890e-02   2.4359e+01   1.8377e+00   0.0000e+00   7.0760e-04   2.6948e+02
20211202_15:00:00   1.1474e-01   3.3304e+01   2.7746e+00   0.0000e+00   3.5304e-03   2.6723e+02
20211202_18:00:00   9.4758e-02   2.8408e+01   2.3127e+00   0.0000e+00   1.8600e-03   2.6438e+02
20211202_21:00:00   7.9646e-02   2.4635e+01   1.9124e+00   0.0000e+00   4.1857e-02   2.6597e+02
20211203_00:00:00   7.5581e-02   2.3649e+01   1.8137e+00   0.0000e+00   1.0135e-02   2.6662e+02
20211203_03:00:00   6.6589e-02   2.1319e+01   1.5964e+00   0.0000e+00   1.5388e-02   2.6457e+02
20211203_06:00:00   6.4234e-02   2.0742e+01   1.5316e+00   0.0000e+00   1.0014e-05   2.6546e+02
20211203_09:00:00   7.3258e-02   2.3062e+01   1.7590e+00   0.0000e+00   7.6760e-05   2.6599e+02
20211203_12:00:00   6.3506e-02   2.0650e+01   1.4977e+00   0.0000e+00   0.0000e+00   2.6673e+02
20211203_15:00:00   7.7023e-02   2.3972e+01   1.8744e+00   0.0000e+00   0.0000e+00   2.6487e+02
20211203_18:00:00   1.0618e-01   3.1016e+01   2.6439e+00   0.0000e+00   0.0000e+00   2.6454e+02
20211203_21:00:00   1.0697e-01   3.1132e+01   2.6698e+00   0.0000e+00   0.0000e+00   2.6480e+02
20211204_00:00:00   1.1016e-01   3.1881e+01   2.7380e+00   0.0000e+00   7.1660e-07   2.6591e+02
20211204_03:00:00   1.4443e-01   3.9796e+01   3.6083e+00   0.0000e+00   1.2616e-05   2.6543e+02
20211204_06:00:00   1.5697e-01   4.2673e+01   3.8813e+00   0.0000e+00   3.7060e-06   2.6491e+02
20211204_09:00:00   1.8425e-01   4.8690e+01   4.5313e+00   0.0000e+00   4.4557e-04   2.6379e+02
20211204_12:00:00   1.8169e-01   4.8148e+01   4.4911e+00   0.0000e+00   3.1697e-05   2.6453e+02
20211204_15:00:00   1.9966e-01   5.2061e+01   4.9445e+00   0.0000e+00   2.2640e-06   2.6413e+02
20211204_18:00:00   1.9693e-01   5.1489e+01   4.8716e+00   0.0000e+00   0.0000e+00   2.6337e+02
20211204_21:00:00   1.6747e-01   4.5041e+01   4.0963e+00   0.0000e+00   0.0000e+00   2.6062e+02
20211205_00:00:00   1.4049e-01   3.9049e+01   3.4532e+00   0.0000e+00   0.0000e+00   2.6249e+02
20211205_03:00:00   1.5725e-01   4.2803e+01   3.8477e+00   0.0000e+00   0.0000e+00   2.6212e+02
20211205_06:00:00   1.5794e-01   4.2844e+01   3.8662e+00   0.0000e+00   0.0000e+00   2.6041e+02
20211205_09:00:00   1.4409e-01   3.9737e+01   3.5165e+00   0.0000e+00   0.0000e+00   2.6157e+02
20211205_12:00:00   1.2713e-01   3.5947e+01   3.1006e+00   0.0000e+00   0.0000e+00   2.6402e+02
20211205_15:00:00   1.4126e-01   3.9243e+01   3.4781e+00   0.0000e+00   4.9362e-03   2.6202e+02
20211205_18:00:00   1.5920e-01   4.3222e+01   3.9092e+00   0.0000e+00   4.0764e-02   2.6035e+02
20211205_21:00:00   1.6184e-01   4.3647e+01   3.9983e+00   0.0000e+00   2.5229e-02   2.6150e+02
20211206_00:00:00   1.8928e-01   4.9714e+01   4.7081e+00   0.0000e+00   1.1170e-02   2.6291e+02
20211206_03:00:00   2.0040e-01   5.1851e+01   4.9884e+00   0.0000e+00   1.2470e-02   2.6165e+02
20211206_06:00:00   1.9864e-01   5.1412e+01   4.9571e+00   0.0000e+00   5.4785e-03   2.6068e+02
20211206_09:00:00   1.8374e-01   4.8119e+01   4.5995e+00   0.0000e+00   1.3544e-02   2.6054e+02
20211206_12:00:00   1.7240e-01   4.5863e+01   4.2185e+00   0.0000e+00   2.2841e-04   2.6019e+02
20211206_15:00:00   1.8188e-01   4.7990e+01   4.4497e+00   0.0000e+00   8.6948e-03   2.6180e+02
20211206_18:00:00   1.7270e-01   4.5953e+01   4.2423e+00   0.0000e+00   9.7877e-04   2.6174e+02
20211206_21:00:00   1.5805e-01   4.2665e+01   3.8687e+00   0.0000e+00   0.0000e+00   2.6188e+02
20211207_00:00:00   1.6386e-01   4.3945e+01   3.9962e+00   0.0000e+00   3.1834e-03   2.6084e+02
20211207_03:00:00   1.4431e-01   3.9689e+01   3.5188e+00   0.0000e+00   7.1160e-03   2.6087e+02
20211207_06:00:00   1.2858e-01   3.6124e+01   3.1137e+00   0.0000e+00   3.4840e-03   2.6058e+02
20211207_09:00:00   9.8795e-02   2.9209e+01   2.3627e+00   0.0000e+00   4.9920e-05   2.6148e+02
20211207_12:00:00   8.7492e-02   2.6549e+01   2.0499e+00   0.0000e+00   2.3880e-03   2.6061e+02
20211207_15:00:00   8.6148e-02   2.6318e+01   1.9986e+00   0.0000e+00   0.0000e+00   2.5910e+02
20211207_18:00:00   8.8682e-02   2.7000e+01   2.0322e+00   0.0000e+00   0.0000e+00   2.5644e+02
20211207_21:00:00   1.0098e-01   2.9937e+01   2.3113e+00   0.0000e+00   0.0000e+00   2.5568e+02
20211208_00:00:00   1.1261e-01   3.2626e+01   2.5776e+00   0.0000e+00   0.0000e+00   2.5878e+02
