#            date       tau255        Tb[K]      pwv[mm] lwp[kg*m^-2] iwp[kg*m^-2]       o3[DU]
20210207_12:00:00   8.6613e-02   2.6445e+01   2.0940e+00   0.0000e+00   0.0000e+00   2.4703e+02
20210207_13:00:00   8.8078e-02   2.6841e+01   2.1195e+00   0.0000e+00   0.0000e+00   2.4652e+02
20210207_14:00:00   8.7311e-02   2.6700e+01   2.0898e+00   0.0000e+00   0.0000e+00   2.4643e+02
20210207_15:00:00   1.0063e-01   2.9963e+01   2.4167e+00   0.0000e+00   0.0000e+00   2.4711e+02
20210207_16:00:00   1.2289e-01   3.5258e+01   2.9634e+00   0.0000e+00   3.5820e-07   2.4492e+02
20210207_17:00:00   1.4183e-01   3.9661e+01   3.4275e+00   0.0000e+00   2.5080e-06   2.4464e+02
20210207_18:00:00   1.5274e-01   4.2095e+01   3.7038e+00   0.0000e+00   9.8260e-06   2.4387e+02
20210207_19:00:00   1.5301e-01   4.2135e+01   3.7254e+00   0.0000e+00   3.6304e-06   2.4354e+02
20210207_20:00:00   1.5133e-01   4.1671e+01   3.7002e+00   0.0000e+00   3.5500e-05   2.4221e+02
20210207_21:00:00   1.4826e-01   4.0921e+01   3.6381e+00   0.0000e+00   8.8805e-04   2.4068e+02
20210207_22:00:00   1.5794e-01   4.3184e+01   3.8308e+00   0.0000e+00   2.8934e-03   2.3995e+02
20210207_23:00:00   1.7465e-01   4.7015e+01   4.1177e+00   0.0000e+00   4.4949e-03   2.4031e+02
20210208_00:00:00   1.6010e-01   4.3815e+01   3.8082e+00   0.0000e+00   1.6898e-03   2.4048e+02
20210208_01:00:00   1.5346e-01   4.2287e+01   3.6589e+00   0.0000e+00   7.2195e-04   2.4071e+02
20210208_02:00:00   1.4050e-01   3.9398e+01   3.3658e+00   0.0000e+00   5.9682e-06   2.3983e+02
20210208_03:00:00   1.4394e-01   4.0183e+01   3.4467e+00   0.0000e+00   1.0342e-03   2.4095e+02
20210208_04:00:00   1.5487e-01   4.2614e+01   3.7107e+00   0.0000e+00   3.9725e-03   2.4314e+02
20210208_05:00:00   1.7966e-01   4.8043e+01   4.2886e+00   0.0000e+00   3.0563e-03   2.4380e+02
20210208_06:00:00   1.9200e-01   5.0613e+01   4.5795e+00   0.0000e+00   1.8443e-03   2.4291e+02
20210208_07:00:00   1.9027e-01   5.0261e+01   4.5251e+00   0.0000e+00   7.5002e-06   2.4221e+02
20210208_08:00:00   1.9814e-01   5.1947e+01   4.6952e+00   0.0000e+00   4.1833e-05   2.4108e+02
20210208_09:00:00   2.0087e-01   5.2563e+01   4.7700e+00   0.0000e+00   2.2327e-06   2.4327e+02
20210208_10:00:00   2.0060e-01   5.2527e+01   4.7574e+00   0.0000e+00   0.0000e+00   2.4515e+02
20210208_11:00:00   1.9045e-01   5.0380e+01   4.5112e+00   0.0000e+00   3.3120e-07   2.4490e+02
20210208_12:00:00   1.8333e-01   4.8839e+01   4.3338e+00   0.0000e+00   5.4398e-04   2.4503e+02
20210208_13:00:00   1.7406e-01   4.6844e+01   4.0995e+00   0.0000e+00   4.0416e-04   2.4662e+02
20210208_14:00:00   1.7372e-01   4.6767e+01   4.0851e+00   0.0000e+00   0.0000e+00   2.4452e+02
20210208_15:00:00   1.7456e-01   4.6933e+01   4.1138e+00   0.0000e+00   0.0000e+00   2.4319e+02
20210208_16:00:00   1.6355e-01   4.4435e+01   3.8894e+00   0.0000e+00   1.1796e-06   2.4479e+02
20210208_17:00:00   1.5198e-01   4.1822e+01   3.6342e+00   0.0000e+00   0.0000e+00   2.4640e+02
20210208_18:00:00   1.4737e-01   4.0756e+01   3.5088e+00   0.0000e+00   0.0000e+00   2.4670e+02
20210208_19:00:00   1.4534e-01   4.0305e+01   3.4592e+00   0.0000e+00   0.0000e+00   2.4791e+02
20210208_20:00:00   1.6343e-01   4.4415e+01   3.8470e+00   1.2540e-04   1.6481e-05   2.4996e+02
20210208_21:00:00   1.8821e-01   4.9920e+01   4.3614e+00   6.3574e-04   6.0252e-04   2.4904e+02
20210208_22:00:00   2.4881e-01   6.2835e+01   4.5826e+00   2.1169e-02   1.9738e-03   2.4869e+02
20210208_23:00:00   5.1935e-01   1.1159e+02   4.6763e+00   1.3447e-01   1.0517e-02   2.4859e+02
20210209_00:00:00   4.5454e-01   1.0123e+02   4.3012e+00   1.1257e-01   3.0818e-02   2.4824e+02
20210209_01:00:00   2.4828e-01   6.2953e+01   3.5259e+00   4.0208e-02   8.4689e-04   2.4746e+02
20210209_02:00:00   1.5867e-01   4.3527e+01   3.1687e+00   9.3430e-03   2.7614e-04   2.4776e+02
20210209_03:00:00   1.0905e-01   3.1978e+01   2.5395e+00   0.0000e+00   2.3005e-05   2.4592e+02
20210209_04:00:00   8.6896e-02   2.6643e+01   2.0025e+00   0.0000e+00   0.0000e+00   2.4515e+02
20210209_05:00:00   7.1626e-02   2.2871e+01   1.6171e+00   0.0000e+00   3.1920e-05   2.4697e+02
20210209_06:00:00   6.8112e-02   2.1952e+01   1.5283e+00   0.0000e+00   2.5800e-05   2.4823e+02
20210209_07:00:00   6.6626e-02   2.1539e+01   1.4971e+00   0.0000e+00   1.9578e-07   2.4830e+02
20210209_08:00:00   6.4990e-02   2.1139e+01   1.4522e+00   0.0000e+00   6.3780e-05   2.4921e+02
20210209_09:00:00   6.6767e-02   2.1591e+01   1.4850e+00   0.0000e+00   1.1462e-04   2.5039e+02
20210209_10:00:00   6.6187e-02   2.1430e+01   1.4712e+00   0.0000e+00   5.7280e-05   2.4972e+02
20210209_11:00:00   6.5636e-02   2.1292e+01   1.4532e+00   0.0000e+00   0.0000e+00   2.4950e+02
20210209_12:00:00   7.0277e-02   2.2448e+01   1.5532e+00   0.0000e+00   0.0000e+00   2.4921e+02
20210209_13:00:00   7.5127e-02   2.3670e+01   1.6542e+00   0.0000e+00   0.0000e+00   2.4836e+02
20210209_14:00:00   7.2114e-02   2.2970e+01   1.5669e+00   0.0000e+00   0.0000e+00   2.4899e+02
20210209_15:00:00   7.7022e-02   2.4200e+01   1.6763e+00   0.0000e+00   0.0000e+00   2.4864e+02
20210209_16:00:00   9.1534e-02   2.7721e+01   2.0118e+00   0.0000e+00   0.0000e+00   2.4730e+02
20210209_17:00:00   1.0576e-01   3.1125e+01   2.3330e+00   0.0000e+00   0.0000e+00   2.4798e+02
20210209_18:00:00   1.2192e-01   3.4931e+01   2.6870e+00   0.0000e+00   0.0000e+00   2.4858e+02
20210209_19:00:00   1.2102e-01   3.4732e+01   2.6747e+00   2.2960e-05   1.2903e-05   2.4893e+02
20210209_20:00:00   1.3771e-01   3.8559e+01   3.0121e+00   7.6140e-04   5.7430e-04   2.4994e+02
20210209_21:00:00   2.4330e-01   6.1293e+01   4.2662e+00   2.1902e-02   3.3339e-02   2.4963e+02
20210209_22:00:00   8.4188e-01   1.5368e+02   5.4436e+00   2.6027e-01   2.5055e-01   2.4850e+02
20210209_23:00:00   5.7610e-01   1.1887e+02   5.1943e+00   1.4943e-01   2.6581e-01   2.4763e+02
20210210_00:00:00   5.9834e-01   1.2256e+02   4.3989e+00   1.7255e-01   1.4382e-01   2.4665e+02
20210210_01:00:00   3.7413e-01   8.6695e+01   3.3355e+00   9.4707e-02   2.7815e-02   2.4560e+02
20210210_02:00:00   1.8086e-01   4.8222e+01   2.7340e+00   2.3056e-02   9.2122e-04   2.4632e+02
20210210_03:00:00   1.7336e-01   4.6675e+01   2.1666e+00   3.0880e-02   3.8610e-04   2.4683e+02
20210210_04:00:00   1.8008e-01   4.8136e+01   2.1056e+00   3.5110e-02   4.9410e-04   2.4693e+02
20210210_05:00:00   1.4155e-01   3.9465e+01   2.0724e+00   1.9150e-02   4.6460e-04   2.4791e+02
20210210_06:00:00   1.3156e-01   3.7124e+01   2.0049e+00   1.6260e-02   4.6330e-04   2.4866e+02
20210210_07:00:00   1.1552e-01   3.3355e+01   1.9194e+00   1.0980e-02   3.5290e-04   2.4877e+02
20210210_08:00:00   8.7891e-02   2.6753e+01   1.7905e+00   1.6310e-03   1.3160e-04   2.4869e+02
20210210_09:00:00   8.1911e-02   2.5268e+01   1.7178e+00   6.2340e-04   2.0690e-05   2.4927e+02
20210210_10:00:00   7.7081e-02   2.4068e+01   1.6302e+00   2.5730e-04   1.3130e-05   2.4922e+02
20210210_11:00:00   7.3047e-02   2.3055e+01   1.5542e+00   0.0000e+00   0.0000e+00   2.5160e+02
20210210_12:00:00   7.1041e-02   2.2566e+01   1.5016e+00   0.0000e+00   0.0000e+00   2.5200e+02
20210210_13:00:00   6.9275e-02   2.2118e+01   1.4639e+00   0.0000e+00   0.0000e+00   2.5202e+02
20210210_14:00:00   6.7152e-02   2.1600e+01   1.4199e+00   0.0000e+00   0.0000e+00   2.5330e+02
20210210_15:00:00   7.1786e-02   2.2747e+01   1.5326e+00   0.0000e+00   0.0000e+00   2.5400e+02
20210210_16:00:00   9.0065e-02   2.7190e+01   1.9532e+00   0.0000e+00   0.0000e+00   2.5429e+02
20210210_17:00:00   1.0443e-01   3.0612e+01   2.2812e+00   0.0000e+00   0.0000e+00   2.5495e+02
20210210_18:00:00   1.0643e-01   3.1103e+01   2.3304e+00   0.0000e+00   0.0000e+00   2.5418e+02
20210210_19:00:00   1.0354e-01   3.0414e+01   2.2766e+00   0.0000e+00   1.7174e-04   2.5366e+02
20210210_20:00:00   1.4730e-01   4.0417e+01   3.2669e+00   6.3190e-04   1.9855e-03   2.5424e+02
20210210_21:00:00   3.6940e-01   8.4945e+01   4.9727e+00   6.4900e-02   1.1173e-01   2.5427e+02
20210210_22:00:00   2.5627e-01   6.3337e+01   5.2618e+00   6.3668e-03   2.0236e-01   2.5480e+02
20210210_23:00:00   5.0183e-01   1.0689e+02   5.3471e+00   1.1550e-01   3.4501e-01   2.5620e+02
20210211_00:00:00   1.3416e+00   1.9704e+02   5.8463e+00   4.8435e-01   4.9451e-01   2.5505e+02
20210211_01:00:00   1.0261e+00   1.7190e+02   4.9635e+00   3.5647e-01   1.5871e-01   2.5521e+02
20210211_02:00:00   5.4309e-01   1.1346e+02   4.7307e+00   1.4617e-01   2.2331e-01   2.5428e+02
20210211_03:00:00   3.4429e-01   8.0793e+01   3.5106e+00   7.8364e-02   7.4120e-02   2.5595e+02
20210211_04:00:00   2.1291e-01   5.4847e+01   2.3209e+00   4.5110e-02   3.2310e-03   2.5634e+02
20210211_05:00:00   1.6897e-01   4.5318e+01   1.9360e+00   3.3680e-02   1.1050e-03   2.5530e+02
20210211_06:00:00   1.4671e-01   4.0319e+01   1.8257e+00   2.6200e-02   8.9640e-04   2.5624e+02
20210211_07:00:00   9.7030e-02   2.8788e+01   1.6542e+00   7.7630e-03   2.2280e-04   2.5826e+02
20210211_08:00:00   6.8859e-02   2.1951e+01   1.4231e+00   5.5770e-06   6.5410e-05   2.6121e+02
20210211_09:00:00   6.0049e-02   1.9761e+01   1.2283e+00   0.0000e+00   0.0000e+00   2.6039e+02
20210211_10:00:00   5.6565e-02   1.8884e+01   1.1485e+00   0.0000e+00   0.0000e+00   2.6222e+02
20210211_11:00:00   5.5640e-02   1.8647e+01   1.1268e+00   0.0000e+00   0.0000e+00   2.6268e+02
20210211_12:00:00   5.4727e-02   1.8421e+01   1.1034e+00   0.0000e+00   0.0000e+00   2.6199e+02
20210211_13:00:00   5.5010e-02   1.8496e+01   1.1088e+00   0.0000e+00   0.0000e+00   2.5869e+02
20210211_14:00:00   5.7694e-02   1.9177e+01   1.1676e+00   0.0000e+00   0.0000e+00   2.5704e+02
20210211_15:00:00   6.4308e-02   2.0839e+01   1.3176e+00   0.0000e+00   0.0000e+00   2.5704e+02
20210211_16:00:00   7.5639e-02   2.3630e+01   1.5781e+00   0.0000e+00   0.0000e+00   2.5664e+02
20210211_17:00:00   8.7079e-02   2.6412e+01   1.8400e+00   0.0000e+00   0.0000e+00   2.5699e+02
20210211_18:00:00   8.4116e-02   2.5715e+01   1.7819e+00   0.0000e+00   0.0000e+00   2.5706e+02
20210211_19:00:00   7.3240e-02   2.3074e+01   1.5389e+00   0.0000e+00   0.0000e+00   2.5693e+02
20210211_20:00:00   7.9175e-02   2.4528e+01   1.6793e+00   3.6590e-05   1.1797e-04   2.5628e+02
20210211_21:00:00   1.2129e-01   3.4485e+01   2.5680e+00   1.3218e-03   2.9207e-03   2.5545e+02
20210211_22:00:00   2.4420e-01   6.0968e+01   3.9464e+00   2.7587e-02   1.1880e-01   2.5540e+02
20210211_23:00:00   2.3191e-01   5.8342e+01   4.7993e+00   3.0145e-03   2.4357e-01   2.5580e+02
20210212_00:00:00   1.8616e-01   4.8789e+01   3.7374e+00   4.1344e-03   1.2456e-01   2.5524e+02
20210212_01:00:00   2.0154e-01   5.2056e+01   3.2904e+00   2.1553e-02   7.6651e-02   2.5321e+02
20210212_02:00:00   1.4795e-01   4.0294e+01   3.2000e+00   1.5118e-03   3.7473e-03   2.5451e+02
20210212_03:00:00   1.4508e-01   3.9791e+01   2.9404e+00   4.6608e-03   9.1248e-04   2.5424e+02
20210212_04:00:00   1.1362e-01   3.2704e+01   2.0641e+00   7.5290e-03   3.2599e-04   2.5387e+02
20210212_05:00:00   7.3695e-02   2.3180e+01   1.5396e+00   0.0000e+00   2.2910e-06   2.5163e+02
20210212_06:00:00   6.5525e-02   2.1195e+01   1.3359e+00   0.0000e+00   0.0000e+00   2.5096e+02
20210212_07:00:00   5.6915e-02   1.9054e+01   1.1334e+00   0.0000e+00   0.0000e+00   2.5037e+02
20210212_08:00:00   4.8881e-02   1.7020e+01   9.4808e-01   0.0000e+00   0.0000e+00   2.4966e+02
20210212_09:00:00   4.2825e-02   1.5461e+01   8.1010e-01   0.0000e+00   0.0000e+00   2.4955e+02
20210212_10:00:00   4.0454e-02   1.4838e+01   7.5755e-01   0.0000e+00   0.0000e+00   2.4950e+02
20210212_11:00:00   3.9517e-02   1.4589e+01   7.3673e-01   0.0000e+00   0.0000e+00   2.5028e+02
20210212_12:00:00   3.8355e-02   1.4288e+01   7.0949e-01   0.0000e+00   0.0000e+00   2.4965e+02
20210212_15:00:00   4.5834e-02   1.6236e+01   8.8942e-01   0.0000e+00   0.0000e+00   2.4855e+02
20210212_18:00:00   7.2616e-02   2.3005e+01   1.5270e+00   0.0000e+00   0.0000e+00   2.4582e+02
20210212_21:00:00   9.0722e-02   2.7357e+01   1.9864e+00   0.0000e+00   0.0000e+00   2.4757e+02
20210213_00:00:00   1.4295e-01   3.9550e+01   2.6177e+00   9.0770e-03   1.6345e-03   2.4663e+02
20210213_03:00:00   9.4171e-02   2.8290e+01   1.8385e+00   3.3250e-03   7.2190e-05   2.4729e+02
20210213_06:00:00   6.4661e-02   2.1033e+01   1.3824e+00   0.0000e+00   0.0000e+00   2.4560e+02
20210213_09:00:00   5.9532e-02   1.9680e+01   1.2918e+00   0.0000e+00   0.0000e+00   2.4713e+02
20210213_12:00:00   5.8418e-02   1.9293e+01   1.3104e+00   0.0000e+00   0.0000e+00   2.5159e+02
20210213_15:00:00   7.9942e-02   2.4536e+01   1.8761e+00   0.0000e+00   0.0000e+00   2.4949e+02
20210213_18:00:00   9.6346e-02   2.8525e+01   2.2765e+00   0.0000e+00   0.0000e+00   2.4822e+02
20210213_21:00:00   1.5993e-01   4.3198e+01   3.7279e+00   0.0000e+00   0.0000e+00   2.4730e+02
20210214_00:00:00   1.2917e-01   3.6284e+01   2.9331e+00   0.0000e+00   1.8190e-05   2.4528e+02
20210214_03:00:00   8.6210e-02   2.6215e+01   1.9676e+00   0.0000e+00   0.0000e+00   2.4416e+02
20210214_06:00:00   6.2533e-02   2.0397e+01   1.3721e+00   0.0000e+00   0.0000e+00   2.4608e+02
20210214_09:00:00   5.2866e-02   1.7980e+01   1.1241e+00   0.0000e+00   0.0000e+00   2.4647e+02
20210214_12:00:00   4.8085e-02   1.6758e+01   1.0165e+00   0.0000e+00   0.0000e+00   2.4689e+02
20210214_15:00:00   4.8217e-02   1.6779e+01   1.0357e+00   0.0000e+00   0.0000e+00   2.4638e+02
20210214_18:00:00   7.4244e-02   2.3315e+01   1.6930e+00   0.0000e+00   0.0000e+00   2.4399e+02
20210214_21:00:00   1.0364e-01   3.0417e+01   2.4080e+00   0.0000e+00   0.0000e+00   2.4513e+02
20210215_00:00:00   8.5413e-02   2.6000e+01   1.9716e+00   0.0000e+00   0.0000e+00   2.4414e+02
20210215_03:00:00   7.2586e-02   2.2829e+01   1.7045e+00   0.0000e+00   0.0000e+00   2.4506e+02
20210215_06:00:00   6.7651e-02   2.1505e+01   1.6021e+00   0.0000e+00   0.0000e+00   2.4517e+02
20210215_09:00:00   6.5955e-02   2.0940e+01   1.5997e+00   0.0000e+00   1.3078e-03   2.4435e+02
20210215_12:00:00   6.0504e-02   1.9590e+01   1.4508e+00   0.0000e+00   0.0000e+00   2.4664e+02
20210215_15:00:00   7.0171e-02   2.1987e+01   1.7034e+00   0.0000e+00   0.0000e+00   2.4514e+02
20210215_18:00:00   9.0890e-02   2.7118e+01   2.2100e+00   0.0000e+00   0.0000e+00   2.4501e+02
20210215_21:00:00   1.2421e-01   3.5034e+01   2.9948e+00   0.0000e+00   1.9188e-05   2.4580e+02
20210216_00:00:00   9.6969e-02   2.8645e+01   2.3360e+00   0.0000e+00   0.0000e+00   2.4386e+02
20210216_03:00:00   8.6637e-02   2.6208e+01   2.0974e+00   0.0000e+00   0.0000e+00   2.4369e+02
20210216_06:00:00   8.4403e-02   2.5585e+01   2.0514e+00   0.0000e+00   0.0000e+00   2.4186e+02
20210216_09:00:00   7.0418e-02   2.2199e+01   1.6789e+00   0.0000e+00   0.0000e+00   2.4287e+02
20210216_12:00:00   6.4783e-02   2.0832e+01   1.5192e+00   0.0000e+00   0.0000e+00   2.4196e+02
20210216_15:00:00   7.2211e-02   2.2729e+01   1.6953e+00   0.0000e+00   0.0000e+00   2.4030e+02
20210216_18:00:00   8.3583e-02   2.5523e+01   1.9789e+00   0.0000e+00   2.8781e-05   2.4214e+02
20210216_21:00:00   9.7744e-02   2.8911e+01   2.3304e+00   0.0000e+00   9.5940e-06   2.4218e+02
20210217_00:00:00   1.1559e-01   3.3223e+01   2.6830e+00   0.0000e+00   8.7300e-06   2.4259e+02
20210217_03:00:00   8.2178e-02   2.5297e+01   1.9210e+00   0.0000e+00   0.0000e+00   2.4185e+02
20210217_06:00:00   7.1789e-02   2.2712e+01   1.6718e+00   0.0000e+00   0.0000e+00   2.4141e+02
20210217_09:00:00   7.3733e-02   2.3159e+01   1.7168e+00   0.0000e+00   0.0000e+00   2.4308e+02
20210217_12:00:00   7.3618e-02   2.3055e+01   1.7344e+00   0.0000e+00   0.0000e+00   2.4248e+02
20210217_15:00:00   7.9768e-02   2.4592e+01   1.8949e+00   0.0000e+00   1.5932e-03   2.4085e+02
20210217_18:00:00   8.8790e-02   2.6825e+01   2.1166e+00   0.0000e+00   0.0000e+00   2.4175e+02
20210217_21:00:00   9.3900e-02   2.8036e+01   2.2390e+00   0.0000e+00   9.1478e-03   2.4176e+02
20210218_00:00:00   1.2297e-01   3.5006e+01   2.9032e+00   0.0000e+00   4.5443e-05   2.4201e+02
20210218_03:00:00   1.0832e-01   3.1477e+01   2.6142e+00   0.0000e+00   3.2625e-03   2.4226e+02
20210218_06:00:00   1.1441e-01   3.2710e+01   2.8049e+00   0.0000e+00   8.9060e-04   2.4297e+02
20210218_09:00:00   1.0900e-01   3.1542e+01   2.6434e+00   0.0000e+00   9.5940e-06   2.4301e+02
20210218_12:00:00   1.3213e-01   3.6900e+01   3.2146e+00   0.0000e+00   7.1467e-03   2.4040e+02
20210218_15:00:00   1.7833e-01   4.7372e+01   4.2988e+00   0.0000e+00   4.8060e-07   2.4049e+02
20210218_18:00:00   2.6261e-01   6.5011e+01   6.2675e+00   0.0000e+00   3.0245e-02   2.3877e+02
20210218_21:00:00   1.9181e-01   5.0176e+01   4.6918e+00   0.0000e+00   4.0904e-03   2.4061e+02
20210219_00:00:00   1.7534e-01   4.6648e+01   4.3060e+00   0.0000e+00   3.6336e-03   2.4084e+02
20210219_03:00:00   1.8392e-01   4.8499e+01   4.5377e+00   0.0000e+00   4.6202e-03   2.4164e+02
20210219_06:00:00   1.6728e-01   4.4948e+01   4.0766e+00   0.0000e+00   0.0000e+00   2.4082e+02
20210219_09:00:00   1.9698e-01   5.1506e+01   4.7025e+00   0.0000e+00   0.0000e+00   2.4115e+02
20210219_12:00:00   2.0897e-01   5.4240e+01   4.8988e+00   0.0000e+00   1.1088e-05   2.4140e+02
20210219_15:00:00   2.3433e-01   5.9693e+01   5.3772e+00   1.4392e-03   4.8339e-04   2.3956e+02
20210219_18:00:00   2.6145e-01   6.5220e+01   6.1077e+00   0.0000e+00   2.2986e-02   2.3940e+02
20210219_21:00:00   2.1272e-01   5.5047e+01   5.0493e+00   0.0000e+00   0.0000e+00   2.3897e+02
20210220_00:00:00   1.5037e-01   4.1308e+01   3.6566e+00   0.0000e+00   5.1806e-03   2.3737e+02
20210220_03:00:00   1.6353e-01   4.4276e+01   3.9881e+00   0.0000e+00   6.2654e-03   2.3925e+02
20210220_06:00:00   1.8343e-01   4.8550e+01   4.5104e+00   0.0000e+00   1.0389e-03   2.3920e+02
20210220_09:00:00   2.0064e-01   5.2197e+01   4.8836e+00   0.0000e+00   1.7836e-02   2.3929e+02
20210220_12:00:00   2.0550e-01   5.3207e+01   5.0296e+00   0.0000e+00   4.0404e-02   2.3821e+02
20210220_15:00:00   2.3193e-01   5.8632e+01   5.6167e+00   0.0000e+00   2.3661e-01   2.3852e+02
20210220_18:00:00   2.8020e-01   6.8418e+01   6.9196e+00   0.0000e+00   3.3080e-02   2.3972e+02
20210220_21:00:00   2.0428e-01   5.3073e+01   5.0138e+00   0.0000e+00   6.6080e-07   2.4034e+02
20210221_00:00:00   1.6100e-01   4.3085e+01   4.0801e+00   0.0000e+00   2.0520e-01   2.4138e+02
20210221_03:00:00   1.9434e-01   5.0698e+01   4.9086e+00   0.0000e+00   9.7199e-05   2.4050e+02
20210221_06:00:00   1.6132e-01   4.3525e+01   4.0292e+00   0.0000e+00   9.7860e-05   2.3989e+02
20210221_09:00:00   1.5573e-01   4.2363e+01   3.8222e+00   0.0000e+00   6.2220e-05   2.3949e+02
20210221_12:00:00   1.6708e-01   4.4971e+01   4.0748e+00   0.0000e+00   9.0907e-04   2.4054e+02
20210221_15:00:00   1.8671e-01   4.9265e+01   4.5443e+00   0.0000e+00   4.1712e-02   2.4034e+02
20210221_18:00:00   1.8697e-01   4.9218e+01   4.6176e+00   0.0000e+00   3.5016e-02   2.3946e+02
20210221_21:00:00   1.0807e-01   3.1417e+01   2.6451e+00   0.0000e+00   2.6757e-02   2.3783e+02
20210222_00:00:00   8.6088e-02   2.6201e+01   2.0784e+00   0.0000e+00   3.0657e-04   2.3655e+02
20210222_03:00:00   6.5947e-02   2.1212e+01   1.5788e+00   0.0000e+00   2.5982e-03   2.3906e+02
20210222_06:00:00   1.0675e-01   3.1242e+01   2.5610e+00   0.0000e+00   0.0000e+00   2.3910e+02
20210222_09:00:00   1.0863e-01   3.1505e+01   2.6474e+00   0.0000e+00   0.0000e+00   2.4156e+02
20210222_12:00:00   9.3399e-02   2.7997e+01   2.2441e+00   0.0000e+00   0.0000e+00   2.4085e+02
20210222_15:00:00   1.1330e-01   3.2718e+01   2.7618e+00   0.0000e+00   4.4760e-04   2.4149e+02
20210222_18:00:00   1.4128e-01   3.9305e+01   3.4320e+00   0.0000e+00   1.7766e-04   2.3997e+02
20210222_21:00:00   1.0229e-01   3.0200e+01   2.4500e+00   0.0000e+00   8.1824e-05   2.4047e+02
20210223_00:00:00   7.8300e-02   2.4528e+01   1.7943e+00   0.0000e+00   6.8978e-06   2.4200e+02
20210223_03:00:00   6.0227e-02   2.0026e+01   1.3435e+00   0.0000e+00   0.0000e+00   2.3989e+02
20210223_06:00:00   5.2112e-02   1.7850e+01   1.1622e+00   0.0000e+00   0.0000e+00   2.3995e+02
20210223_09:00:00   3.6975e-02   1.3894e+01   7.6538e-01   0.0000e+00   0.0000e+00   2.3918e+02
20210223_12:00:00   3.6261e-02   1.3683e+01   7.5382e-01   0.0000e+00   0.0000e+00   2.4348e+02
