#            date       tau255        Tb[K]      pwv[mm] lwp[kg*m^-2] iwp[kg*m^-2]       o3[DU]
20211002_18:00:00   4.7640e-02   1.6721e+01   9.3447e-01   0.0000e+00   0.0000e+00   2.8522e+02
20211002_19:00:00   4.8079e-02   1.6817e+01   9.5294e-01   0.0000e+00   0.0000e+00   2.8415e+02
20211002_20:00:00   4.9496e-02   1.7176e+01   9.8384e-01   0.0000e+00   0.0000e+00   2.8397e+02
20211002_21:00:00   5.1037e-02   1.7553e+01   1.0157e+00   0.0000e+00   0.0000e+00   2.8421e+02
20211002_22:00:00   5.2350e-02   1.7868e+01   1.0441e+00   0.0000e+00   0.0000e+00   2.8397e+02
20211002_23:00:00   4.9235e-02   1.7084e+01   9.6941e-01   0.0000e+00   0.0000e+00   2.8336e+02
20211003_00:00:00   4.9826e-02   1.7218e+01   9.8414e-01   0.0000e+00   0.0000e+00   2.8190e+02
20211003_01:00:00   4.7613e-02   1.6655e+01   9.3357e-01   0.0000e+00   0.0000e+00   2.8074e+02
20211003_02:00:00   3.9204e-02   1.4484e+01   7.4302e-01   0.0000e+00   0.0000e+00   2.8034e+02
20211003_03:00:00   3.3604e-02   1.3004e+01   6.1390e-01   0.0000e+00   0.0000e+00   2.7864e+02
20211003_04:00:00   3.3059e-02   1.2848e+01   6.0379e-01   0.0000e+00   0.0000e+00   2.8036e+02
20211003_05:00:00   3.3598e-02   1.2984e+01   6.2251e-01   0.0000e+00   0.0000e+00   2.8200e+02
20211003_06:00:00   3.4251e-02   1.3152e+01   6.4070e-01   0.0000e+00   0.0000e+00   2.8094e+02
20211003_07:00:00   3.4207e-02   1.3141e+01   6.3868e-01   0.0000e+00   0.0000e+00   2.7939e+02
20211003_08:00:00   3.4024e-02   1.3094e+01   6.3176e-01   0.0000e+00   0.0000e+00   2.7855e+02
20211003_09:00:00   3.2929e-02   1.2810e+01   6.0308e-01   0.0000e+00   0.0000e+00   2.7869e+02
20211003_10:00:00   3.2282e-02   1.2637e+01   5.8528e-01   0.0000e+00   0.0000e+00   2.7978e+02
20211003_11:00:00   3.1709e-02   1.2490e+01   5.6784e-01   0.0000e+00   0.0000e+00   2.8361e+02
20211003_12:00:00   3.1562e-02   1.2453e+01   5.6261e-01   0.0000e+00   0.0000e+00   2.8562e+02
20211003_13:00:00   3.1357e-02   1.2406e+01   5.5484e-01   0.0000e+00   0.0000e+00   2.8844e+02
20211003_14:00:00   3.1705e-02   1.2505e+01   5.6275e-01   0.0000e+00   0.0000e+00   2.9162e+02
20211003_15:00:00   3.2772e-02   1.2792e+01   5.8947e-01   0.0000e+00   0.0000e+00   2.9291e+02
20211003_16:00:00   3.4781e-02   1.3326e+01   6.4067e-01   0.0000e+00   0.0000e+00   2.9359e+02
20211003_17:00:00   3.8118e-02   1.4200e+01   7.2444e-01   0.0000e+00   0.0000e+00   2.9279e+02
20211003_18:00:00   3.9449e-02   1.4540e+01   7.5620e-01   0.0000e+00   0.0000e+00   2.9103e+02
20211003_19:00:00   4.3287e-02   1.5529e+01   8.5199e-01   0.0000e+00   0.0000e+00   2.8879e+02
20211003_20:00:00   4.7795e-02   1.6677e+01   9.6230e-01   0.0000e+00   0.0000e+00   2.8790e+02
20211003_21:00:00   4.7511e-02   1.6594e+01   9.5120e-01   0.0000e+00   0.0000e+00   2.8864e+02
20211003_22:00:00   4.3779e-02   1.5624e+01   8.5861e-01   0.0000e+00   0.0000e+00   2.8767e+02
20211003_23:00:00   4.1032e-02   1.4908e+01   7.9127e-01   0.0000e+00   0.0000e+00   2.8584e+02
20211004_00:00:00   3.8558e-02   1.4273e+01   7.2968e-01   0.0000e+00   0.0000e+00   2.8502e+02
20211004_01:00:00   3.5436e-02   1.3481e+01   6.5473e-01   0.0000e+00   0.0000e+00   2.8400e+02
20211004_02:00:00   3.2844e-02   1.2814e+01   5.9092e-01   0.0000e+00   0.0000e+00   2.8407e+02
20211004_03:00:00   3.1837e-02   1.2557e+01   5.6482e-01   0.0000e+00   0.0000e+00   2.8678e+02
20211004_04:00:00   3.1105e-02   1.2363e+01   5.4964e-01   0.0000e+00   0.0000e+00   2.8852e+02
20211004_05:00:00   3.1459e-02   1.2456e+01   5.5742e-01   0.0000e+00   0.0000e+00   2.8870e+02
20211004_06:00:00   3.1495e-02   1.2466e+01   5.5852e-01   0.0000e+00   0.0000e+00   2.8895e+02
20211004_07:00:00   3.1261e-02   1.2400e+01   5.5279e-01   0.0000e+00   0.0000e+00   2.8863e+02
20211004_08:00:00   3.0742e-02   1.2260e+01   5.4053e-01   0.0000e+00   0.0000e+00   2.8803e+02
20211004_09:00:00   3.0367e-02   1.2159e+01   5.3084e-01   0.0000e+00   0.0000e+00   2.8630e+02
20211004_10:00:00   2.9923e-02   1.2043e+01   5.1909e-01   0.0000e+00   0.0000e+00   2.8626e+02
20211004_11:00:00   2.9356e-02   1.1890e+01   5.0591e-01   0.0000e+00   0.0000e+00   2.8721e+02
20211004_12:00:00   2.8711e-02   1.1719e+01   4.8883e-01   0.0000e+00   0.0000e+00   2.8784e+02
20211004_13:00:00   2.7772e-02   1.1472e+01   4.6470e-01   0.0000e+00   0.0000e+00   2.8761e+02
20211004_14:00:00   2.7770e-02   1.1473e+01   4.6495e-01   0.0000e+00   0.0000e+00   2.8820e+02
20211004_15:00:00   2.8437e-02   1.1655e+01   4.8297e-01   0.0000e+00   0.0000e+00   2.8887e+02
20211004_16:00:00   2.8565e-02   1.1697e+01   4.8603e-01   0.0000e+00   0.0000e+00   2.8877e+02
20211004_17:00:00   3.0794e-02   1.2308e+01   5.4320e-01   0.0000e+00   0.0000e+00   2.8754e+02
20211004_18:00:00   3.2882e-02   1.2880e+01   5.9542e-01   0.0000e+00   0.0000e+00   2.8647e+02
20211004_19:00:00   3.4909e-02   1.3419e+01   6.4795e-01   0.0000e+00   0.0000e+00   2.8518e+02
20211004_20:00:00   3.7106e-02   1.3989e+01   7.0569e-01   0.0000e+00   0.0000e+00   2.8468e+02
20211004_21:00:00   3.8395e-02   1.4317e+01   7.3926e-01   0.0000e+00   0.0000e+00   2.8453e+02
20211004_22:00:00   3.8561e-02   1.4348e+01   7.4515e-01   0.0000e+00   0.0000e+00   2.8340e+02
20211004_23:00:00   3.8469e-02   1.4323e+01   7.4078e-01   0.0000e+00   0.0000e+00   2.8268e+02
20211005_00:00:00   3.5937e-02   1.3662e+01   6.7706e-01   0.0000e+00   0.0000e+00   2.8313e+02
20211005_01:00:00   3.2055e-02   1.2650e+01   5.7820e-01   0.0000e+00   0.0000e+00   2.8364e+02
20211005_02:00:00   2.9695e-02   1.2021e+01   5.1928e-01   0.0000e+00   0.0000e+00   2.8376e+02
20211005_03:00:00   2.9291e-02   1.1875e+01   5.1915e-01   0.0000e+00   0.0000e+00   2.8258e+02
20211005_04:00:00   2.9126e-02   1.1807e+01   5.2195e-01   0.0000e+00   1.1454e-07   2.8121e+02
20211005_05:00:00   2.8731e-02   1.1668e+01   5.1863e-01   0.0000e+00   1.0418e-03   2.8193e+02
20211005_06:00:00   2.9045e-02   1.1718e+01   5.3490e-01   0.0000e+00   1.7546e-03   2.8340e+02
20211005_07:00:00   3.0667e-02   1.2122e+01   5.8431e-01   0.0000e+00   8.3911e-04   2.8485e+02
20211005_08:00:00   3.6217e-02   1.3507e+01   7.4820e-01   0.0000e+00   1.3764e-03   2.8489e+02
20211005_09:00:00   4.4305e-02   1.5521e+01   9.8197e-01   0.0000e+00   1.0102e-03   2.8359e+02
20211005_10:00:00   4.9049e-02   1.6682e+01   1.1184e+00   0.0000e+00   2.7463e-04   2.8291e+02
20211005_11:00:00   4.7521e-02   1.6336e+01   1.0711e+00   0.0000e+00   8.9949e-04   2.8273e+02
20211005_12:00:00   4.1673e-02   1.4891e+01   9.0212e-01   0.0000e+00   6.1136e-04   2.8117e+02
20211005_13:00:00   4.5090e-02   1.5746e+01   9.9961e-01   0.0000e+00   2.5562e-04   2.7862e+02
20211005_14:00:00   5.5633e-02   1.8330e+01   1.2986e+00   0.0000e+00   2.9145e-04   2.7697e+02
20211005_15:00:00   6.0396e-02   1.9533e+01   1.4183e+00   0.0000e+00   1.9992e-05   2.7690e+02
20211005_16:00:00   6.8720e-02   2.1556e+01   1.6419e+00   0.0000e+00   2.2299e-05   2.7718e+02
20211005_17:00:00   8.1365e-02   2.4584e+01   1.9844e+00   0.0000e+00   2.6856e-04   2.7749e+02
20211005_18:00:00   8.7319e-02   2.6006e+01   2.1408e+00   0.0000e+00   8.9030e-03   2.7637e+02
20211005_19:00:00   8.6613e-02   2.5924e+01   2.1069e+00   0.0000e+00   1.2532e-04   2.7644e+02
20211005_20:00:00   9.4084e-02   2.7595e+01   2.3049e+00   0.0000e+00   3.0497e-02   2.7739e+02
20211005_21:00:00   8.7501e-02   2.6143e+01   2.1106e+00   0.0000e+00   1.2372e-02   2.7780e+02
20211005_22:00:00   8.9153e-02   2.6543e+01   2.1367e+00   0.0000e+00   7.9580e-03   2.7833e+02
20211005_23:00:00   9.2311e-02   2.7291e+01   2.2205e+00   0.0000e+00   1.9340e-02   2.7961e+02
20211006_00:00:00   9.3746e-02   2.7735e+01   2.2633e+00   0.0000e+00   1.0302e-05   2.8064e+02
20211006_01:00:00   9.1780e-02   2.7381e+01   2.1891e+00   0.0000e+00   0.0000e+00   2.8123e+02
20211006_02:00:00   9.7444e-02   2.8645e+01   2.3518e+00   0.0000e+00   0.0000e+00   2.8098e+02
20211006_03:00:00   1.0921e-01   3.1302e+01   2.6717e+00   0.0000e+00   9.5940e-06   2.8132e+02
20211006_04:00:00   1.1409e-01   3.2460e+01   2.7775e+00   0.0000e+00   2.8780e-05   2.8110e+02
20211006_05:00:00   1.2100e-01   3.4005e+01   2.9718e+00   0.0000e+00   4.5899e-04   2.7942e+02
20211006_06:00:00   1.2930e-01   3.5851e+01   3.1882e+00   0.0000e+00   1.7584e-03   2.7864e+02
20211006_07:00:00   1.3089e-01   3.6203e+01   3.2236e+00   0.0000e+00   6.7320e-03   2.7712e+02
20211006_08:00:00   1.3425e-01   3.6979e+01   3.3067e+00   0.0000e+00   8.9013e-03   2.7713e+02
20211006_09:00:00   1.4422e-01   3.9205e+01   3.5576e+00   0.0000e+00   1.2026e-02   2.7609e+02
20211006_10:00:00   1.5131e-01   4.0760e+01   3.7316e+00   0.0000e+00   8.5349e-03   2.7602e+02
20211006_11:00:00   1.5593e-01   4.1801e+01   3.8288e+00   0.0000e+00   2.0718e-04   2.7576e+02
20211006_12:00:00   1.6210e-01   4.3132e+01   3.9787e+00   0.0000e+00   3.1677e-03   2.7850e+02
20211006_13:00:00   1.6989e-01   4.4780e+01   4.1913e+00   0.0000e+00   1.1611e-02   2.7902e+02
20211006_14:00:00   1.7465e-01   4.5867e+01   4.2970e+00   0.0000e+00   1.1676e-02   2.7850e+02
20211006_15:00:00   1.7341e-01   4.5591e+01   4.2941e+00   0.0000e+00   4.6755e-03   2.7855e+02
20211006_16:00:00   1.7295e-01   4.5451e+01   4.2799e+00   0.0000e+00   5.6500e-02   2.7716e+02
20211006_17:00:00   1.7465e-01   4.5740e+01   4.2983e+00   0.0000e+00   1.2090e-01   2.7647e+02
20211006_18:00:00   1.7373e-01   4.5480e+01   4.2642e+00   0.0000e+00   1.6295e-01   2.7473e+02
20211006_19:00:00   1.7438e-01   4.5626e+01   4.3346e+00   0.0000e+00   5.6967e-02   2.7347e+02
20211006_20:00:00   1.7123e-01   4.5006e+01   4.2412e+00   0.0000e+00   3.1840e-02   2.7366e+02
20211006_21:00:00   1.6682e-01   4.4087e+01   4.1233e+00   0.0000e+00   5.5210e-03   2.7429e+02
20211006_22:00:00   1.6245e-01   4.3266e+01   3.9597e+00   0.0000e+00   5.6494e-03   2.7359e+02
20211006_23:00:00   1.6941e-01   4.4800e+01   4.1143e+00   0.0000e+00   3.3110e-03   2.7279e+02
20211007_00:00:00   1.6572e-01   4.4091e+01   3.9845e+00   0.0000e+00   1.7300e-04   2.7312e+02
20211007_01:00:00   1.6787e-01   4.4595e+01   4.0160e+00   0.0000e+00   3.6998e-05   2.7277e+02
20211007_02:00:00   1.8592e-01   4.8544e+01   4.4218e+00   0.0000e+00   5.1879e-04   2.7382e+02
20211007_03:00:00   2.0166e-01   5.2024e+01   4.7060e+00   4.2860e-06   1.7189e-03   2.7428e+02
20211007_04:00:00   2.1536e-01   5.4987e+01   4.9506e+00   0.0000e+00   2.4251e-03   2.7583e+02
20211007_05:00:00   2.2879e-01   5.7808e+01   5.2167e+00   6.2110e-05   3.2948e-03   2.7655e+02
20211007_06:00:00   2.3374e-01   5.8771e+01   5.3021e+00   0.0000e+00   5.5770e-03   2.7574e+02
20211007_07:00:00   2.2056e-01   5.6075e+01   4.9805e+00   7.6290e-06   5.1146e-03   2.7747e+02
20211007_08:00:00   2.0425e-01   5.2687e+01   4.6099e+00   0.0000e+00   2.4539e-03   2.7932e+02
20211007_09:00:00   1.9892e-01   5.1562e+01   4.4726e+00   0.0000e+00   1.9722e-03   2.7994e+02
20211007_10:00:00   1.9885e-01   5.1537e+01   4.4453e+00   0.0000e+00   1.2482e-04   2.7850e+02
20211007_11:00:00   1.9645e-01   5.1036e+01   4.3924e+00   0.0000e+00   4.6045e-05   2.7752e+02
20211007_12:00:00   1.9860e-01   5.1512e+01   4.4199e+00   0.0000e+00   7.0490e-04   2.7771e+02
20211007_13:00:00   1.9328e-01   5.0445e+01   4.3001e+00   0.0000e+00   5.5039e-04   2.7620e+02
20211007_14:00:00   1.9082e-01   4.9958e+01   4.2823e+00   0.0000e+00   2.2535e-04   2.7565e+02
20211007_15:00:00   1.8592e-01   4.8972e+01   4.1835e+00   0.0000e+00   1.0485e-04   2.7531e+02
20211007_16:00:00   1.8810e-01   4.9473e+01   4.2467e+00   0.0000e+00   1.8889e-03   2.7417e+02
20211007_17:00:00   1.9753e-01   5.1507e+01   4.3802e+00   1.2641e-03   1.3622e-03   2.7288e+02
20211007_18:00:00   2.1403e-01   5.4970e+01   4.6703e+00   2.8403e-03   4.4220e-03   2.7331e+02
20211007_21:00:00   2.1606e-01   5.5270e+01   4.8064e+00   5.5996e-04   4.4181e-02   2.7215e+02
20211008_00:00:00   2.0996e-01   5.3889e+01   4.6973e+00   6.0620e-05   7.1754e-03   2.7168e+02
20211008_03:00:00   2.1471e-01   5.4841e+01   4.7973e+00   6.6060e-06   2.6312e-02   2.6998e+02
20211008_06:00:00   1.7166e-01   4.5753e+01   3.7769e+00   0.0000e+00   6.8765e-03   2.6916e+02
20211008_09:00:00   1.5020e-01   4.0950e+01   3.2622e+00   0.0000e+00   3.8269e-03   2.7344e+02
20211008_12:00:00   1.2676e-01   3.5671e+01   2.7474e+00   0.0000e+00   5.9949e-03   2.7492e+02
20211008_15:00:00   1.2438e-01   3.5258e+01   2.7143e+00   0.0000e+00   5.8007e-04   2.7305e+02
20211008_18:00:00   1.6676e-01   4.4656e+01   3.7584e+00   0.0000e+00   2.3140e-03   2.7197e+02
20211008_21:00:00   1.6365e-01   4.3943e+01   3.5154e+00   2.1308e-03   2.9865e-03   2.7594e+02
20211009_00:00:00   1.2537e-01   3.5301e+01   2.6884e+00   2.3900e-04   2.3651e-03   2.7324e+02
20211009_03:00:00   8.9674e-02   2.6954e+01   1.9239e+00   0.0000e+00   2.0280e-05   2.7303e+02
20211009_06:00:00   6.4482e-02   2.0817e+01   1.3555e+00   0.0000e+00   4.3496e-04   2.7270e+02
20211009_09:00:00   4.6021e-02   1.6160e+01   9.2795e-01   0.0000e+00   2.2780e-03   2.7386e+02
20211009_12:00:00   3.8631e-02   1.4254e+01   7.5075e-01   0.0000e+00   0.0000e+00   2.7582e+02
20211009_15:00:00   5.4595e-02   1.8388e+01   1.1455e+00   0.0000e+00   1.6784e-04   2.7543e+02
20211009_18:00:00   7.1186e-02   2.2459e+01   1.5683e+00   0.0000e+00   1.1480e-03   2.7382e+02
20211009_21:00:00   7.7676e-02   2.4083e+01   1.6959e+00   0.0000e+00   2.9340e-04   2.7382e+02
20211010_00:00:00   5.2986e-02   1.8065e+01   1.1018e+00   0.0000e+00   3.9920e-05   2.7399e+02
20211010_03:00:00   4.0871e-02   1.4975e+01   8.2125e-01   0.0000e+00   7.3420e-07   2.7507e+02
20211010_06:00:00   3.3443e-02   1.2996e+01   6.3691e-01   0.0000e+00   1.6322e-03   2.7542e+02
20211010_09:00:00   3.0493e-02   1.2208e+01   5.6040e-01   0.0000e+00   0.0000e+00   2.7445e+02
20211010_12:00:00   2.8877e-02   1.1786e+01   5.1760e-01   0.0000e+00   0.0000e+00   2.7457e+02
20211010_15:00:00   3.1431e-02   1.2455e+01   5.9350e-01   0.0000e+00   0.0000e+00   2.7338e+02
20211010_18:00:00   3.6175e-02   1.3745e+01   7.2008e-01   0.0000e+00   0.0000e+00   2.7121e+02
20211010_21:00:00   3.9797e-02   1.4714e+01   8.1485e-01   0.0000e+00   0.0000e+00   2.7212e+02
20211011_00:00:00   5.0495e-02   1.7354e+01   1.1260e+00   0.0000e+00   0.0000e+00   2.7162e+02
20211011_03:00:00   4.0969e-02   1.4911e+01   8.7505e-01   0.0000e+00   0.0000e+00   2.6708e+02
20211011_06:00:00   4.0109e-02   1.4584e+01   8.6220e-01   0.0000e+00   2.8520e-04   2.7047e+02
20211011_09:00:00   3.8172e-02   1.4109e+01   8.0299e-01   0.0000e+00   0.0000e+00   2.7128e+02
20211011_12:00:00   4.0635e-02   1.4646e+01   8.9156e-01   0.0000e+00   1.5230e-03   2.6891e+02
20211011_15:00:00   4.0011e-02   1.4528e+01   8.6727e-01   0.0000e+00   6.7054e-04   2.6841e+02
20211011_18:00:00   4.6630e-02   1.6114e+01   1.0426e+00   0.0000e+00   5.0350e-02   2.6914e+02
20211011_21:00:00   4.5207e-02   1.5906e+01   1.0042e+00   0.0000e+00   3.3561e-03   2.6883e+02
20211012_00:00:00   5.0227e-02   1.7144e+01   1.1477e+00   0.0000e+00   1.9128e-03   2.6935e+02
20211012_03:00:00   5.1479e-02   1.7550e+01   1.1682e+00   0.0000e+00   3.8700e-05   2.6817e+02
20211012_06:00:00   5.9012e-02   1.9419e+01   1.3675e+00   0.0000e+00   0.0000e+00   2.6882e+02
20211012_09:00:00   7.0605e-02   2.2195e+01   1.6845e+00   0.0000e+00   7.1660e-07   2.7012e+02
20211012_12:00:00   8.1096e-02   2.4739e+01   1.9439e+00   0.0000e+00   0.0000e+00   2.7045e+02
20211012_15:00:00   9.1183e-02   2.7082e+01   2.2075e+00   0.0000e+00   0.0000e+00   2.6817e+02
20211012_18:00:00   1.1439e-01   3.2525e+01   2.8110e+00   0.0000e+00   2.0000e-05   2.7013e+02
20211012_21:00:00   1.0306e-01   2.9663e+01   2.5081e+00   1.1654e-04   1.7563e-02   2.7040e+02
20211013_00:00:00   1.1396e-01   3.2112e+01   2.7952e+00   1.4096e-07   3.1102e-03   2.6934e+02
20211013_03:00:00   1.3056e-01   3.6254e+01   3.1125e+00   0.0000e+00   1.2524e-04   2.7023e+02
20211013_06:00:00   1.1176e-01   3.2094e+01   2.5670e+00   0.0000e+00   0.0000e+00   2.7377e+02
20211013_09:00:00   6.5911e-02   2.1216e+01   1.3880e+00   0.0000e+00   0.0000e+00   2.7319e+02
20211013_12:00:00   4.3321e-02   1.5550e+01   8.2200e-01   0.0000e+00   0.0000e+00   2.7387e+02
20211013_15:00:00   4.1457e-02   1.5121e+01   7.7043e-01   0.0000e+00   0.0000e+00   2.7678e+02
20211013_18:00:00   5.1919e-02   1.7745e+01   1.0539e+00   0.0000e+00   0.0000e+00   2.7633e+02
20211013_21:00:00   4.0478e-02   1.4806e+01   7.7840e-01   0.0000e+00   0.0000e+00   2.7742e+02
20211014_00:00:00   3.2559e-02   1.2741e+01   5.8520e-01   0.0000e+00   0.0000e+00   2.7622e+02
20211014_03:00:00   3.2282e-02   1.2668e+01   5.8224e-01   0.0000e+00   0.0000e+00   2.7827e+02
20211014_06:00:00   2.9655e-02   1.1984e+01   5.0541e-01   0.0000e+00   0.0000e+00   2.8083e+02
20211014_09:00:00   3.4691e-02   1.3265e+01   6.3766e-01   0.0000e+00   0.0000e+00   2.8027e+02
20211014_12:00:00   4.0653e-02   1.4741e+01   7.9658e-01   0.0000e+00   0.0000e+00   2.8075e+02
20211014_15:00:00   4.5738e-02   1.6020e+01   9.3224e-01   0.0000e+00   8.8100e-09   2.8195e+02
20211014_18:00:00   8.3325e-02   2.5262e+01   1.8406e+00   0.0000e+00   0.0000e+00   2.8098e+02
20211014_21:00:00   6.7230e-02   2.1425e+01   1.4232e+00   0.0000e+00   0.0000e+00   2.8327e+02
20211015_00:00:00   4.8439e-02   1.6778e+01   9.5128e-01   0.0000e+00   0.0000e+00   2.8160e+02
20211015_03:00:00   3.9240e-02   1.4452e+01   7.3545e-01   0.0000e+00   0.0000e+00   2.8149e+02
20211015_06:00:00   3.6544e-02   1.3739e+01   6.6966e-01   0.0000e+00   0.0000e+00   2.8179e+02
20211015_09:00:00   3.9011e-02   1.4324e+01   7.4524e-01   0.0000e+00   0.0000e+00   2.8524e+02
20211015_12:00:00   3.7465e-02   1.3925e+01   7.1162e-01   0.0000e+00   0.0000e+00   2.8430e+02
20211015_15:00:00   3.7306e-02   1.3941e+01   7.0462e-01   0.0000e+00   0.0000e+00   2.8201e+02
20211015_18:00:00   5.4111e-02   1.8225e+01   1.1259e+00   0.0000e+00   0.0000e+00   2.8104e+02
20211015_21:00:00   6.3918e-02   2.0656e+01   1.3654e+00   0.0000e+00   3.9800e-05   2.7883e+02
20211016_00:00:00   4.7277e-02   1.6452e+01   9.7033e-01   0.0000e+00   6.1920e-04   2.7562e+02
20211016_03:00:00   3.6182e-02   1.3615e+01   7.0024e-01   0.0000e+00   0.0000e+00   2.7797e+02
20211016_06:00:00   3.3933e-02   1.2983e+01   6.5512e-01   0.0000e+00   9.1560e-04   2.7903e+02
20211016_09:00:00   4.0906e-02   1.4771e+01   8.4320e-01   0.0000e+00   1.7620e-08   2.7698e+02
20211016_12:00:00   4.4028e-02   1.5571e+01   9.2474e-01   0.0000e+00   1.4332e-06   2.7814e+02
20211016_15:00:00   4.8810e-02   1.6809e+01   1.0569e+00   0.0000e+00   0.0000e+00   2.7660e+02
20211016_18:00:00   5.7761e-02   1.9089e+01   1.2942e+00   0.0000e+00   9.3600e-06   2.7395e+02
20211016_21:00:00   6.5134e-02   2.0877e+01   1.5038e+00   0.0000e+00   1.6774e-04   2.7449e+02
20211017_00:00:00   5.3356e-02   1.8036e+01   1.1808e+00   0.0000e+00   4.4500e-05   2.7438e+02
20211017_03:00:00   4.8463e-02   1.6797e+01   1.0710e+00   0.0000e+00   9.5936e-06   2.7430e+02
20211017_06:00:00   4.4940e-02   1.5887e+01   9.8086e-01   0.0000e+00   1.6358e-03   2.7506e+02
20211017_09:00:00   4.1381e-02   1.4930e+01   9.0206e-01   0.0000e+00   6.2322e-05   2.7473e+02
20211017_12:00:00   4.0203e-02   1.4564e+01   8.7928e-01   0.0000e+00   1.1013e-02   2.7192e+02
20211017_15:00:00   5.9431e-02   1.9323e+01   1.4319e+00   0.0000e+00   6.5061e-03   2.7143e+02
20211017_18:00:00   9.0082e-02   2.6540e+01   2.3027e+00   0.0000e+00   2.5185e-03   2.6986e+02
20211017_21:00:00   1.0882e-01   3.0800e+01   2.6950e+00   0.0000e+00   2.1945e-01   2.7140e+02
20211018_00:00:00   1.1354e-01   3.2076e+01   2.8766e+00   0.0000e+00   4.8328e-02   2.7299e+02
20211018_03:00:00   1.3292e-01   3.6512e+01   3.4057e+00   0.0000e+00   6.3267e-03   2.7266e+02
20211018_06:00:00   1.3834e-01   3.7883e+01   3.4477e+00   0.0000e+00   5.8783e-03   2.7451e+02
20211018_09:00:00   1.4986e-01   4.0385e+01   3.7108e+00   0.0000e+00   5.3113e-03   2.7396e+02
20211018_12:00:00   2.0601e-01   5.2780e+01   4.8857e+00   0.0000e+00   5.1265e-02   2.7491e+02
20211018_15:00:00   1.3255e-01   3.7183e+01   3.0981e+00   0.0000e+00   0.0000e+00   2.7478e+02
20211018_18:00:00   6.2513e-02   2.0660e+01   1.3249e+00   0.0000e+00   0.0000e+00   2.7311e+02
