#            date       tau255        Tb[K]      pwv[mm] lwp[kg*m^-2] iwp[kg*m^-2]       o3[DU]
20220111_00:00:00   7.4856e-01   1.4317e+02   9.0839e+00   1.4960e-01   5.0932e-01   2.5211e+02
20220111_01:00:00   8.1904e-01   1.5185e+02   9.0954e+00   1.8013e-01   3.5238e-01   2.5181e+02
20220111_02:00:00   7.5694e-01   1.4441e+02   8.8706e+00   1.6030e-01   1.4131e-01   2.5173e+02
20220111_03:00:00   7.4572e-01   1.4294e+02   8.7748e+00   1.5722e-01   1.4410e-01   2.5193e+02
20220111_04:00:00   4.9891e-01   1.0736e+02   8.8049e+00   5.2773e-02   1.0385e-01   2.5060e+02
20220111_05:00:00   4.0057e-01   9.0623e+01   8.5476e+00   1.6437e-02   4.9370e-02   2.4941e+02
20220111_06:00:00   3.8630e-01   8.8165e+01   8.3839e+00   1.3427e-02   6.2049e-02   2.5232e+02
20220111_07:00:00   4.1967e-01   9.3953e+01   8.5830e+00   2.3037e-02   1.1374e-01   2.5166e+02
20220111_08:00:00   3.9552e-01   8.9550e+01   8.6605e+00   7.8042e-03   3.8030e-01   2.5225e+02
20220111_09:00:00   3.6328e-01   8.3865e+01   8.4199e+00   5.4780e-04   1.6963e-01   2.5257e+02
20220111_10:00:00   3.5181e-01   8.1861e+01   8.2924e+00   0.0000e+00   3.9538e-02   2.5033e+02
20220111_11:00:00   3.5189e-01   8.1907e+01   8.2999e+00   0.0000e+00   1.2474e-02   2.5243e+02
20220111_12:00:00   3.4205e-01   8.0195e+01   8.0899e+00   2.2510e-07   9.2065e-03   2.5152e+02
20220111_13:00:00   3.3521e-01   7.9058e+01   7.8542e+00   1.0253e-04   1.3829e-03   2.5335e+02
20220111_14:00:00   3.0975e-01   7.4445e+01   7.1637e+00   7.2186e-04   9.0704e-04   2.5441e+02
20220111_15:00:00   4.2695e-01   9.6128e+01   6.7433e+00   5.6977e-02   1.7167e-03   2.5553e+02
20220111_16:00:00   4.3390e-01   9.7325e+01   6.4409e+00   6.5638e-02   1.5673e-03   2.5387e+02
20220111_17:00:00   4.7126e-01   1.0364e+02   6.8019e+00   7.4580e-02   1.4143e-02   2.5301e+02
20220111_18:00:00   4.1706e-01   9.4126e+01   7.8220e+00   3.2992e-02   6.7083e-02   2.5114e+02
20220111_19:00:00   6.3678e-01   1.2907e+02   8.3284e+00   1.1466e-01   8.9241e-02   2.5270e+02
20220111_20:00:00   5.8582e-01   1.2169e+02   8.3973e+00   9.3618e-02   1.9612e-02   2.5208e+02
20220111_21:00:00   7.4691e-01   1.4385e+02   8.7517e+00   1.5452e-01   5.1220e-02   2.5211e+02
20220111_22:00:00   9.3254e-01   1.6512e+02   8.7702e+00   2.3264e-01   1.0940e-01   2.5197e+02
20220111_23:00:00   1.1993e+00   1.8971e+02   8.4731e+00   3.5132e-01   8.1888e-02   2.4966e+02
20220112_00:00:00   9.3434e-01   1.6537e+02   8.3502e+00   2.4159e-01   5.8180e-02   2.5057e+02
20220112_01:00:00   4.1787e-01   9.4314e+01   8.2147e+00   2.9235e-02   2.1387e-02   2.5119e+02
20220112_02:00:00   8.5152e-01   1.5674e+02   8.3465e+00   2.0598e-01   1.8684e-02   2.5047e+02
20220112_03:00:00   4.1956e-01   9.4829e+01   7.8927e+00   3.4216e-02   7.9364e-03   2.5225e+02
20220112_04:00:00   3.1070e-01   7.4745e+01   7.2205e+00   9.3225e-04   1.3659e-03   2.5393e+02
20220112_05:00:00   3.1235e-01   7.5197e+01   6.8098e+00   8.3980e-03   2.1492e-03   2.5225e+02
20220112_06:00:00   3.5095e-01   8.2681e+01   6.5465e+00   2.8354e-02   3.5224e-03   2.5202e+02
20220112_07:00:00   2.9996e-01   7.2882e+01   6.2007e+00   1.3037e-02   2.2488e-03   2.5259e+02
20220112_08:00:00   2.6093e-01   6.4993e+01   5.9834e+00   5.8520e-04   4.2693e-04   2.5109e+02
20220112_09:00:00   2.4729e-01   6.2205e+01   5.7031e+00   6.7300e-06   2.6174e-04   2.5209e+02
20220112_10:00:00   2.3325e-01   5.9351e+01   5.2979e+00   1.5431e-03   8.2423e-05   2.5214e+02
20220112_11:00:00   2.3134e-01   5.9035e+01   4.9380e+00   7.4980e-03   1.2755e-04   2.5373e+02
20220112_12:00:00   2.1181e-01   5.4868e+01   4.8073e+00   2.2262e-03   1.6217e-04   2.5607e+02
20220112_13:00:00   2.0304e-01   5.2971e+01   4.7453e+00   3.7740e-05   8.3794e-04   2.5708e+02
20220112_14:00:00   1.9651e-01   5.1570e+01   4.6169e+00   7.1350e-05   6.9685e-04   2.5592e+02
20220112_15:00:00   1.9690e-01   5.1674e+01   4.6389e+00   0.0000e+00   2.1984e-05   2.5555e+02
20220112_16:00:00   1.9982e-01   5.2344e+01   4.7237e+00   0.0000e+00   4.7980e-04   2.5221e+02
20220112_17:00:00   2.1832e-01   5.6242e+01   5.2143e+00   0.0000e+00   1.3413e-03   2.5005e+02
20220112_18:00:00   2.4152e-01   6.1021e+01   5.7944e+00   0.0000e+00   3.8025e-03   2.5041e+02
20220112_19:00:00   2.4259e-01   6.1250e+01   5.8428e+00   2.8526e-04   5.4473e-03   2.5023e+02
20220112_20:00:00   2.5429e-01   6.3617e+01   6.1202e+00   4.3896e-04   8.0154e-03   2.4929e+02
20220112_21:00:00   2.8827e-01   7.0283e+01   6.7664e+00   2.0378e-03   9.6653e-02   2.4871e+02
20220112_22:00:00   3.5791e-01   8.3307e+01   7.6871e+00   1.0884e-02   2.5780e-01   2.4817e+02
20220112_23:00:00   2.8532e-01   6.9476e+01   6.6455e+00   0.0000e+00   8.6685e-02   2.4894e+02
20220113_00:00:00   2.7329e-01   6.7053e+01   6.4070e+00   0.0000e+00   4.5491e-02   2.4906e+02
20220113_01:00:00   2.4100e-01   6.0805e+01   5.6641e+00   0.0000e+00   1.7183e-03   2.4985e+02
20220113_02:00:00   2.4993e-01   6.2691e+01   5.8381e+00   0.0000e+00   5.9526e-03   2.5182e+02
20220113_03:00:00   2.8210e-01   6.9137e+01   6.4382e+00   1.8612e-03   7.8482e-03   2.5193e+02
20220113_04:00:00   2.7718e-01   6.8101e+01   6.4534e+00   3.1660e-04   2.8147e-03   2.5264e+02
20220113_05:00:00   2.6909e-01   6.6430e+01   6.3371e+00   0.0000e+00   3.9231e-05   2.5145e+02
20220113_06:00:00   2.7850e-01   6.8197e+01   6.5778e+00   0.0000e+00   3.9046e-05   2.5158e+02
20220113_07:00:00   2.8017e-01   6.8470e+01   6.6298e+00   0.0000e+00   2.2825e-05   2.5148e+02
20220113_08:00:00   2.7227e-01   6.6869e+01   6.4594e+00   0.0000e+00   1.8874e-07   2.5090e+02
20220113_09:00:00   2.7237e-01   6.6887e+01   6.4557e+00   0.0000e+00   0.0000e+00   2.4711e+02
20220113_10:00:00   2.7622e-01   6.7687e+01   6.5116e+00   0.0000e+00   0.0000e+00   2.4673e+02
20220113_11:00:00   2.7236e-01   6.6967e+01   6.4131e+00   0.0000e+00   7.6760e-06   2.4778e+02
20220113_12:00:00   2.7076e-01   6.6700e+01   6.3623e+00   0.0000e+00   0.0000e+00   2.5063e+02
20220113_13:00:00   2.7339e-01   6.7249e+01   6.4237e+00   0.0000e+00   9.8960e-07   2.5302e+02
20220113_14:00:00   2.8914e-01   7.0338e+01   6.7558e+00   4.7180e-07   6.5458e-05   2.5296e+02
20220113_15:00:00   3.0487e-01   7.3426e+01   6.9323e+00   3.3655e-03   1.7387e-03   2.5338e+02
20220113_16:00:00   3.2713e-01   7.7629e+01   6.7559e+00   1.7534e-02   2.2946e-02   2.5388e+02
20220113_17:00:00   2.6812e-01   6.6258e+01   6.2968e+00   1.0306e-03   2.0531e-02   2.5419e+02
20220113_18:00:00   2.4410e-01   6.1340e+01   5.8720e+00   3.2563e-05   7.8544e-03   2.5191e+02
20220113_19:00:00   2.3891e-01   6.0298e+01   5.7814e+00   3.8380e-05   1.6333e-02   2.4960e+02
20220113_20:00:00   2.4832e-01   6.2254e+01   5.9035e+00   2.2030e-03   2.1488e-02   2.5005e+02
20220113_21:00:00   2.8871e-01   7.0325e+01   6.7203e+00   1.4565e-03   1.7370e-01   2.4937e+02
20220113_22:00:00   3.6461e-01   8.4573e+01   7.3955e+00   1.8288e-02   2.2669e-01   2.4789e+02
20220113_23:00:00   3.4398e-01   8.0908e+01   7.2548e+00   1.0708e-02   9.1362e-02   2.4937e+02
20220114_00:00:00   3.0169e-01   7.3027e+01   6.6253e+00   4.7331e-03   3.0917e-02   2.5032e+02
20220114_01:00:00   2.8722e-01   7.0267e+01   6.2337e+00   6.0600e-03   1.2205e-02   2.5076e+02
20220114_02:00:00   2.9081e-01   7.0838e+01   6.5495e+00   9.2440e-04   2.6256e-02   2.5046e+02
20220114_03:00:00   2.6886e-01   6.6515e+01   6.1781e+00   0.0000e+00   1.1026e-03   2.5177e+02
20220114_04:00:00   2.7633e-01   6.7917e+01   6.3197e+00   5.4960e-05   2.4891e-04   2.5194e+02
20220114_05:00:00   2.7675e-01   6.7934e+01   6.2863e+00   1.2510e-04   8.9190e-04   2.5428e+02
20220114_06:00:00   2.7124e-01   6.6849e+01   6.0840e+00   1.3659e-03   2.3912e-03   2.5448e+02
20220114_07:00:00   2.6148e-01   6.4894e+01   5.8898e+00   5.3588e-04   8.2425e-04   2.5576e+02
20220114_08:00:00   2.6462e-01   6.5424e+01   6.0103e+00   5.7210e-05   4.3421e-04   2.5644e+02
20220114_09:00:00   2.6523e-01   6.5457e+01   6.0702e+00   0.0000e+00   4.0497e-04   2.5522e+02
20220114_10:00:00   2.7555e-01   6.7382e+01   6.1780e+00   3.6740e-03   2.9025e-03   2.5313e+02
20220114_11:00:00   2.6568e-01   6.5442e+01   6.1174e+00   0.0000e+00   8.3411e-03   2.5417e+02
20220114_12:00:00   2.6220e-01   6.4770e+01   6.0249e+00   0.0000e+00   6.6662e-03   2.5403e+02
20220114_13:00:00   2.6999e-01   6.6394e+01   6.0464e+00   2.0560e-03   7.0626e-03   2.5611e+02
20220114_14:00:00   2.4263e-01   6.1013e+01   5.5276e+00   2.1918e-04   1.8490e-03   2.5684e+02
20220114_15:00:00   2.5584e-01   6.3572e+01   5.6735e+00   4.7959e-03   6.0829e-03   2.5518e+02
20220114_16:00:00   2.5456e-01   6.3325e+01   5.7868e+00   2.2055e-03   4.5207e-02   2.5562e+02
20220114_17:00:00   2.6135e-01   6.4722e+01   6.0206e+00   1.6514e-04   1.1081e-01   2.5654e+02
20220114_18:00:00   2.8134e-01   6.8641e+01   6.4434e+00   4.8174e-04   1.8038e-01   2.5578e+02
20220114_19:00:00   2.8300e-01   6.8979e+01   6.6055e+00   1.1945e-04   5.2121e-02   2.5592e+02
20220114_20:00:00   3.5527e-01   8.2326e+01   7.4327e+00   1.3778e-02   4.6513e-01   2.5819e+02
20220114_21:00:00   5.3293e-01   1.1164e+02   8.4671e+00   6.1863e-02   1.6756e+00   2.5571e+02
20220114_22:00:00   4.0781e-01   9.2199e+01   7.1470e+00   3.7877e-02   2.4206e-01   2.5470e+02
20220114_23:00:00   5.1822e-01   1.1010e+02   7.9221e+00   6.9691e-02   5.8808e-01   2.5754e+02
20220115_00:00:00   6.0132e-01   1.2194e+02   7.8210e+00   1.0921e-01   1.0049e+00   2.5900e+02
20220115_01:00:00   3.8542e-01   8.7415e+01   7.5959e+00   1.7207e-02   9.5449e-01   2.5705e+02
20220115_02:00:00   3.6861e-01   8.4367e+01   7.7507e+00   7.8403e-03   8.6985e-01   2.5713e+02
20220115_03:00:00   3.6909e-01   8.4568e+01   7.9016e+00   6.7533e-03   6.5717e-01   2.5637e+02
20220115_04:00:00   4.4106e-01   9.7750e+01   7.6544e+00   4.1836e-02   3.7799e-01   2.5666e+02
20220115_05:00:00   3.7036e-01   8.5361e+01   7.2707e+00   1.8811e-02   2.7646e-01   2.5769e+02
20220115_06:00:00   3.8258e-01   8.7646e+01   6.9440e+00   3.2357e-02   1.0118e-01   2.5641e+02
20220115_07:00:00   4.9376e-01   1.0663e+02   6.6051e+00   8.8093e-02   1.4371e-02   2.5724e+02
20220115_08:00:00   6.8742e-01   1.3468e+02   6.2007e+00   1.8174e-01   1.4869e-02   2.5954e+02
20220115_09:00:00   7.0885e-01   1.3749e+02   5.7791e+00   1.9955e-01   1.8899e-02   2.5890e+02
20220115_10:00:00   2.5275e-01   6.2680e+01   5.7407e+00   2.6540e-03   5.3601e-03   2.5873e+02
20220115_11:00:00   2.3448e-01   5.8994e+01   5.5014e+00   3.6200e-05   6.3928e-03   2.5885e+02
20220115_12:00:00   2.3006e-01   5.8200e+01   5.3541e+00   3.5400e-05   2.7814e-03   2.5893e+02
20220115_13:00:00   2.2565e-01   5.7343e+01   5.2549e+00   3.1620e-05   2.4667e-03   2.5803e+02
20220115_14:00:00   2.4346e-01   6.1021e+01   5.5349e+00   2.3035e-03   5.7353e-03   2.5667e+02
20220115_15:00:00   2.4009e-01   6.0383e+01   5.5728e+00   2.3680e-04   5.5655e-03   2.5836e+02
20220115_16:00:00   2.6072e-01   6.4700e+01   5.7797e+00   4.8915e-03   1.5136e-03   2.5832e+02
20220115_17:00:00   5.0513e-01   1.0971e+02   5.5974e+00   1.0978e-01   5.8389e-04   2.5748e+02
20220115_18:00:00   5.4834e-01   1.1663e+02   5.6450e+00   1.2670e-01   3.8592e-04   2.5717e+02
20220115_19:00:00   3.7132e-01   8.6295e+01   5.9671e+00   4.8400e-02   4.8747e-04   2.5692e+02
20220115_20:00:00   6.0976e-01   1.2489e+02   6.6496e+00   1.3802e-01   1.9324e-02   2.5770e+02
20220115_21:00:00   1.6122e+00   2.1522e+02   8.3886e+00   5.4377e-01   4.6216e-01   2.5740e+02
20220115_22:00:00   1.1597e+00   1.8542e+02   7.2856e+00   3.6264e-01   2.1131e-01   2.5772e+02
20220115_23:00:00   9.0279e-01   1.6083e+02   6.5309e+00   2.6841e-01   1.0272e-01   2.5733e+02
20220116_00:00:00   6.6596e-01   1.3332e+02   5.7434e+00   1.7295e-01   1.0524e-01   2.5804e+02
20220116_03:00:00   2.9870e-01   7.2833e+01   4.6334e+00   4.1565e-02   4.9014e-04   2.5617e+02
20220116_06:00:00   2.4530e-01   6.1899e+01   4.8128e+00   1.5980e-02   7.9820e-05   2.5664e+02
20220116_09:00:00   2.4710e-01   6.2286e+01   4.5193e+00   2.1340e-02   1.3930e-04   2.5781e+02
20220116_12:00:00   2.2656e-01   5.8143e+01   3.9879e+00   2.3010e-02   2.6690e-05   2.5914e+02
20220116_15:00:00   4.4317e-01   9.9759e+01   4.0352e+00   1.1204e-01   1.0347e-04   2.5357e+02
20220116_18:00:00   2.3118e-01   5.8998e+01   4.6865e+00   1.1589e-02   6.6101e-04   2.4850e+02
20220116_21:00:00   5.3063e-01   1.1292e+02   5.5419e+00   1.2287e-01   1.0550e-01   2.5056e+02
20220117_00:00:00   5.0931e-01   1.0958e+02   4.6153e+00   1.2950e-01   7.8879e-02   2.5211e+02
20220117_03:00:00   1.6219e-01   4.4106e+01   3.4867e+00   3.7750e-03   4.1862e-03   2.5205e+02
20220117_06:00:00   1.6109e-01   4.3971e+01   2.7998e+00   1.6260e-02   1.9890e-04   2.5507e+02
20220117_09:00:00   1.4907e-01   4.1337e+01   2.4130e+00   1.7800e-02   5.5380e-05   2.5493e+02
20220117_12:00:00   9.6960e-02   2.9070e+01   2.2037e+00   0.0000e+00   0.0000e+00   2.5509e+02
20220117_15:00:00   1.3295e-01   3.7614e+01   3.0209e+00   0.0000e+00   0.0000e+00   2.5602e+02
20220117_18:00:00   2.1826e-01   5.6389e+01   4.9541e+00   2.9216e-05   9.2124e-05   2.5415e+02
20220117_21:00:00   1.8360e-01   4.8931e+01   4.2161e+00   0.0000e+00   1.4215e-07   2.5201e+02
20220118_00:00:00   2.8498e-01   7.0190e+01   3.6929e+00   5.1050e-02   9.2390e-03   2.5246e+02
20220118_03:00:00   1.2363e-01   3.5496e+01   2.7031e+00   7.5650e-04   4.7896e-04   2.5424e+02
20220118_06:00:00   1.1281e-01   3.2839e+01   2.5727e+00   0.0000e+00   8.8859e-04   2.5415e+02
20220118_09:00:00   1.0576e-01   3.1151e+01   2.3948e+00   0.0000e+00   4.6621e-05   2.5660e+02
20220118_12:00:00   1.0559e-01   3.1123e+01   2.4269e+00   0.0000e+00   1.0748e-06   2.5406e+02
20220118_15:00:00   1.4557e-01   4.0555e+01   3.3349e+00   0.0000e+00   1.3354e-05   2.5117e+02
20220118_18:00:00   1.7062e-01   4.6299e+01   3.8872e+00   0.0000e+00   0.0000e+00   2.5033e+02
20220118_21:00:00   1.2712e-01   3.6403e+01   2.9108e+00   0.0000e+00   0.0000e+00   2.5193e+02
20220119_00:00:00   1.6534e-01   4.5084e+01   3.3869e+00   6.6897e-03   3.2855e-04   2.5201e+02
20220119_03:00:00   1.4931e-01   4.1433e+01   3.4251e+00   0.0000e+00   0.0000e+00   2.4939e+02
20220119_06:00:00   1.8902e-01   5.0141e+01   4.3613e+00   0.0000e+00   0.0000e+00   2.5013e+02
20220119_09:00:00   1.9332e-01   5.1068e+01   4.4898e+00   0.0000e+00   3.0974e-03   2.4893e+02
20220119_12:00:00   1.8940e-01   5.0197e+01   4.3993e+00   0.0000e+00   3.0220e-02   2.5209e+02
20220119_15:00:00   2.2033e-01   5.7039e+01   5.1231e+00   0.0000e+00   1.3634e-02   2.5082e+02
20220119_18:00:00   3.1534e-01   7.5808e+01   7.4820e+00   1.9188e-05   1.3914e-01   2.4903e+02
20220119_21:00:00   3.4814e-01   8.1364e+01   8.2387e+00   1.0852e-05   3.0735e-01   2.4487e+02
20220120_00:00:00   4.0575e-01   9.1462e+01   8.7294e+00   1.5024e-02   2.7022e-01   2.4528e+02
20220120_03:00:00   3.8093e-01   8.7315e+01   8.9468e+00   0.0000e+00   1.9035e-01   2.4601e+02
20220120_06:00:00   3.5619e-01   8.2708e+01   8.3505e+00   0.0000e+00   3.8355e-01   2.4562e+02
20220120_09:00:00   2.7201e-01   6.7003e+01   6.5093e+00   0.0000e+00   1.0171e-02   2.4801e+02
20220120_12:00:00   1.8453e-01   4.8948e+01   4.4243e+00   0.0000e+00   7.0940e-04   2.4906e+02
20220120_15:00:00   1.7030e-01   4.6091e+01   4.0496e+00   0.0000e+00   1.6778e-06   2.4761e+02
20220120_18:00:00   2.5014e-01   6.2955e+01   5.9730e+00   0.0000e+00   1.5073e-02   2.4696e+02
20220120_21:00:00   3.6800e-01   8.5085e+01   7.9651e+00   1.2192e-02   1.5941e-01   2.4649e+02
20220121_00:00:00   3.6666e-01   8.4917e+01   7.9385e+00   1.2535e-02   2.6699e-02   2.4826e+02
20220121_03:00:00   2.7039e-01   6.7030e+01   6.3177e+00   0.0000e+00   4.4098e-02   2.4823e+02
20220121_06:00:00   2.9113e-01   7.0837e+01   6.9100e+00   0.0000e+00   2.0582e-02   2.4578e+02
20220121_09:00:00   2.8264e-01   6.9098e+01   6.7511e+00   0.0000e+00   4.9158e-03   2.4660e+02
20220121_12:00:00   2.8193e-01   6.9098e+01   6.6741e+00   0.0000e+00   3.8669e-03   2.4639e+02
20220121_15:00:00   3.1447e-01   7.5571e+01   7.4387e+00   1.3432e-04   2.2014e-02   2.4733e+02
20220121_18:00:00   3.6971e-01   8.5641e+01   8.7121e+00   9.1140e-04   3.9353e-02   2.4593e+02
20220121_21:00:00   3.4460e-01   8.0492e+01   8.1296e+00   1.8678e-06   4.1512e-01   2.4636e+02
20220122_00:00:00   3.3351e-01   7.8215e+01   7.9963e+00   0.0000e+00   3.0922e-01   2.4859e+02
20220122_03:00:00   3.8319e-01   8.7706e+01   8.9146e+00   0.0000e+00   4.4768e-01   2.4906e+02
20220122_06:00:00   4.2518e-01   9.5043e+01   9.1407e+00   1.0733e-02   4.6338e-01   2.5049e+02
20220122_09:00:00   3.4481e-01   8.0747e+01   8.1363e+00   1.9740e-05   2.0700e-01   2.5127e+02
20220122_12:00:00   3.1817e-01   7.5951e+01   7.5800e+00   0.0000e+00   1.5461e-02   2.5353e+02
20220122_15:00:00   3.1310e-01   7.5042e+01   7.5025e+00   4.8680e-05   2.5289e-02   2.5480e+02
20220122_18:00:00   3.7075e-01   8.5886e+01   8.7424e+00   1.1346e-03   4.8198e-02   2.5035e+02
20220122_21:00:00   4.0886e-01   9.2427e+01   9.5117e+00   6.1733e-04   3.6684e-01   2.4952e+02
20220123_00:00:00   3.5636e-01   8.3210e+01   8.4964e+00   0.0000e+00   2.4566e-02   2.5029e+02
20220123_03:00:00   3.3541e-01   7.9307e+01   8.1146e+00   0.0000e+00   1.4749e-03   2.5097e+02
20220123_06:00:00   3.1262e-01   7.4937e+01   7.5987e+00   0.0000e+00   1.7636e-02   2.5293e+02
20220123_09:00:00   2.7296e-01   6.7072e+01   6.7106e+00   0.0000e+00   8.9755e-03   2.5325e+02
20220123_12:00:00   2.6758e-01   6.6170e+01   6.5210e+00   0.0000e+00   2.6190e-03   2.5237e+02
20220123_15:00:00   3.1787e-01   7.6290e+01   7.3839e+00   3.8854e-03   9.7643e-04   2.5222e+02
20220123_18:00:00   5.3259e-01   1.1317e+02   9.9181e+00   3.5905e-02   1.0105e+00   2.5064e+02
20220123_21:00:00   3.5661e-01   8.3077e+01   8.4007e+00   8.3331e-04   1.6032e-01   2.5186e+02
20220124_00:00:00   3.9017e-01   8.8614e+01   8.8868e+00   2.3828e-03   5.9895e-01   2.5227e+02
20220124_03:00:00   3.4249e-01   8.0409e+01   8.2948e+00   0.0000e+00   7.5231e-02   2.5184e+02
20220124_06:00:00   2.9770e-01   7.2314e+01   7.1534e+00   0.0000e+00   1.0758e-02   2.5391e+02
20220124_09:00:00   2.4015e-01   6.0929e+01   5.6742e+00   0.0000e+00   7.1680e-02   2.5630e+02
20220124_12:00:00   1.8935e-01   5.0255e+01   4.4949e+00   0.0000e+00   1.5755e-02   2.5796e+02
20220124_15:00:00   2.3096e-01   5.9418e+01   5.3341e+00   0.0000e+00   1.3432e-04   2.5685e+02
20220124_18:00:00   2.4274e-01   6.1756e+01   5.6682e+00   0.0000e+00   1.1782e-03   2.5343e+02
20220124_21:00:00   2.0303e-01   5.3290e+01   4.7422e+00   0.0000e+00   3.1525e-06   2.5093e+02
20220125_00:00:00   3.1534e-01   7.6158e+01   4.3245e+00   5.3946e-02   1.5424e-03   2.5160e+02
20220125_03:00:00   1.7595e-01   4.7237e+01   4.2106e+00   0.0000e+00   2.6540e-03   2.5299e+02
20220125_06:00:00   1.8485e-01   4.9202e+01   4.3288e+00   0.0000e+00   1.2133e-03   2.5214e+02
20220125_09:00:00   1.5307e-01   4.2276e+01   3.5210e+00   0.0000e+00   4.0415e-04   2.5218e+02
20220125_12:00:00   1.4967e-01   4.1477e+01   3.4439e+00   0.0000e+00   5.7802e-05   2.5284e+02
20220125_15:00:00   1.9233e-01   5.0937e+01   4.4039e+00   0.0000e+00   6.8695e-04   2.5273e+02
20220125_18:00:00   1.4320e-01   3.9920e+01   3.3316e+00   0.0000e+00   7.5923e-03   2.5021e+02
20220125_21:00:00   1.6823e-01   4.5489e+01   3.8488e+00   4.3546e-05   5.7616e-03   2.5119e+02
20220126_00:00:00   3.5527e-01   8.3412e+01   4.0365e+00   7.4690e-02   2.2375e-02   2.5155e+02
20220126_03:00:00   1.2449e-01   3.5456e+01   2.8734e+00   0.0000e+00   3.6360e-04   2.5120e+02
20220126_06:00:00   9.8839e-02   2.9309e+01   2.3115e+00   0.0000e+00   1.8296e-03   2.5392e+02
20220126_09:00:00   9.6064e-02   2.8554e+01   2.2620e+00   0.0000e+00   3.4468e-04   2.5338e+02
20220126_12:00:00   8.2161e-02   2.5256e+01   1.8953e+00   0.0000e+00   2.3100e-03   2.5902e+02
20220126_15:00:00   9.0792e-02   2.7460e+01   2.0654e+00   0.0000e+00   1.8570e-03   2.5859e+02
20220126_18:00:00   1.0504e-01   3.0975e+01   2.3250e+00   0.0000e+00   0.0000e+00   2.5587e+02
20220126_21:00:00   2.0743e-01   5.3916e+01   3.7996e+00   1.5171e-02   2.0609e-02   2.5544e+02
20220127_00:00:00   2.4522e-01   6.1847e+01   4.0874e+00   2.3192e-02   9.3350e-02   2.5513e+02
