#            date       tau255        Tb[K]      pwv[mm] lwp[kg*m^-2] iwp[kg*m^-2]       o3[DU]
20231002_18:00:00   7.9750e-02   2.4868e+01   1.7981e+00   0.0000e+00   0.0000e+00   2.7380e+02
20231002_19:00:00   9.7735e-02   2.9193e+01   2.2247e+00   0.0000e+00   0.0000e+00   2.7308e+02
20231002_20:00:00   9.9416e-02   2.9595e+01   2.2621e+00   0.0000e+00   0.0000e+00   2.7334e+02
20231002_21:00:00   9.9500e-02   2.9591e+01   2.2502e+00   0.0000e+00   0.0000e+00   2.7282e+02
20231002_22:00:00   1.0155e-01   3.0024e+01   2.2988e+00   0.0000e+00   0.0000e+00   2.7313e+02
20231002_23:00:00   9.6372e-02   2.8775e+01   2.1507e+00   0.0000e+00   0.0000e+00   2.7515e+02
20231003_00:00:00   8.4694e-02   2.5962e+01   1.8701e+00   0.0000e+00   0.0000e+00   2.7332e+02
20231003_01:00:00   7.8707e-02   2.4495e+01   1.7508e+00   0.0000e+00   0.0000e+00   2.7310e+02
20231003_02:00:00   7.4799e-02   2.3541e+01   1.6676e+00   0.0000e+00   0.0000e+00   2.7166e+02
20231003_03:00:00   6.5663e-02   2.1285e+01   1.4576e+00   0.0000e+00   0.0000e+00   2.7152e+02
20231003_04:00:00   6.6420e-02   2.1466e+01   1.4705e+00   0.0000e+00   0.0000e+00   2.7149e+02
20231003_05:00:00   6.6624e-02   2.1505e+01   1.4675e+00   0.0000e+00   0.0000e+00   2.7059e+02
20231003_06:00:00   6.7834e-02   2.1774e+01   1.4917e+00   0.0000e+00   0.0000e+00   2.7104e+02
20231003_07:00:00   6.7202e-02   2.1599e+01   1.4831e+00   0.0000e+00   0.0000e+00   2.7128e+02
20231003_08:00:00   6.4377e-02   2.0910e+01   1.4112e+00   0.0000e+00   0.0000e+00   2.7184e+02
20231003_09:00:00   6.2220e-02   2.0388e+01   1.3464e+00   0.0000e+00   0.0000e+00   2.7244e+02
20231003_10:00:00   7.1004e-02   2.2528e+01   1.5374e+00   0.0000e+00   0.0000e+00   2.7100e+02
20231003_11:00:00   7.2467e-02   2.2909e+01   1.5673e+00   0.0000e+00   0.0000e+00   2.6957e+02
20231003_12:00:00   7.5901e-02   2.3743e+01   1.6426e+00   0.0000e+00   0.0000e+00   2.6911e+02
20231003_13:00:00   7.6203e-02   2.3833e+01   1.6565e+00   0.0000e+00   0.0000e+00   2.6927e+02
20231003_14:00:00   6.8895e-02   2.2065e+01   1.5024e+00   0.0000e+00   0.0000e+00   2.6994e+02
20231003_15:00:00   7.1843e-02   2.2825e+01   1.5841e+00   0.0000e+00   0.0000e+00   2.7110e+02
20231003_16:00:00   9.3125e-02   2.7977e+01   2.0883e+00   0.0000e+00   0.0000e+00   2.7194e+02
20231003_17:00:00   1.1681e-01   3.3514e+01   2.6254e+00   0.0000e+00   0.0000e+00   2.7272e+02
20231003_18:00:00   1.2017e-01   3.4265e+01   2.7330e+00   0.0000e+00   0.0000e+00   2.7322e+02
20231003_19:00:00   1.2815e-01   3.6065e+01   2.9208e+00   0.0000e+00   6.6060e-06   2.7387e+02
20231003_20:00:00   1.3030e-01   3.6536e+01   2.9662e+00   0.0000e+00   1.0192e-05   2.7372e+02
20231003_21:00:00   1.2461e-01   3.5272e+01   2.8030e+00   0.0000e+00   0.0000e+00   2.7276e+02
20231003_22:00:00   1.1771e-01   3.3713e+01   2.5883e+00   2.0923e-04   2.6273e-05   2.7324e+02
20231003_23:00:00   8.4120e-02   2.5794e+01   1.8541e+00   0.0000e+00   1.2472e-04   2.7238e+02
20231004_00:00:00   6.6587e-02   2.1529e+01   1.4491e+00   0.0000e+00   2.6820e-05   2.7142e+02
20231004_01:00:00   6.0966e-02   2.0138e+01   1.3179e+00   0.0000e+00   4.1960e-05   2.7282e+02
20231004_02:00:00   4.2891e-02   1.5553e+01   9.0425e-01   0.0000e+00   0.0000e+00   2.7403e+02
20231004_03:00:00   3.8847e-02   1.4486e+01   8.0420e-01   0.0000e+00   0.0000e+00   2.7398e+02
20231004_04:00:00   3.4560e-02   1.3318e+01   7.0265e-01   0.0000e+00   4.8940e-07   2.7417e+02
20231004_05:00:00   3.4000e-02   1.3167e+01   6.8601e-01   0.0000e+00   0.0000e+00   2.7434e+02
20231004_06:00:00   3.2359e-02   1.2712e+01   6.4831e-01   0.0000e+00   7.5960e-04   2.7350e+02
20231004_07:00:00   3.1954e-02   1.2603e+01   6.3401e-01   0.0000e+00   1.5802e-03   2.7462e+02
20231004_08:00:00   3.1833e-02   1.2556e+01   6.3231e-01   0.0000e+00   2.8060e-03   2.7518e+02
20231004_09:00:00   3.0387e-02   1.2169e+01   5.9397e-01   0.0000e+00   3.8340e-04   2.7648e+02
20231004_10:00:00   2.9378e-02   1.1903e+01   5.6681e-01   0.0000e+00   4.8320e-04   2.7684e+02
20231004_11:00:00   2.8917e-02   1.1784e+01   5.5222e-01   0.0000e+00   3.7760e-06   2.7591e+02
20231004_12:00:00   2.8873e-02   1.1772e+01   5.5205e-01   0.0000e+00   6.7620e-04   2.7488e+02
20231004_13:00:00   2.9578e-02   1.1977e+01   5.6822e-01   0.0000e+00   0.0000e+00   2.7587e+02
20231004_14:00:00   2.9394e-02   1.1937e+01   5.6214e-01   0.0000e+00   3.0840e-06   2.7675e+02
20231004_15:00:00   3.1911e-02   1.2624e+01   6.2935e-01   0.0000e+00   1.3806e-05   2.7519e+02
20231004_16:00:00   3.6185e-02   1.3772e+01   7.4432e-01   0.0000e+00   5.1776e-04   2.7483e+02
20231004_17:00:00   4.3415e-02   1.5698e+01   9.3145e-01   0.0000e+00   2.8660e-07   2.7421e+02
20231004_18:00:00   5.0654e-02   1.7588e+01   1.1155e+00   0.0000e+00   0.0000e+00   2.7374e+02
20231004_19:00:00   5.4187e-02   1.8491e+01   1.2077e+00   0.0000e+00   0.0000e+00   2.7276e+02
20231004_20:00:00   5.8574e-02   1.9598e+01   1.3148e+00   0.0000e+00   0.0000e+00   2.7250e+02
20231004_21:00:00   5.6927e-02   1.9172e+01   1.2677e+00   0.0000e+00   0.0000e+00   2.7275e+02
20231004_22:00:00   4.7878e-02   1.6855e+01   1.0409e+00   0.0000e+00   0.0000e+00   2.7217e+02
20231004_23:00:00   4.6405e-02   1.6491e+01   9.9614e-01   0.0000e+00   0.0000e+00   2.7217e+02
20231005_00:00:00   4.3276e-02   1.5692e+01   9.1859e-01   0.0000e+00   0.0000e+00   2.7264e+02
20231005_01:00:00   4.3498e-02   1.5764e+01   9.1895e-01   0.0000e+00   0.0000e+00   2.7375e+02
20231005_02:00:00   3.9251e-02   1.4637e+01   8.1834e-01   0.0000e+00   0.0000e+00   2.7262e+02
20231005_03:00:00   3.1235e-02   1.2510e+01   6.0756e-01   0.0000e+00   0.0000e+00   2.6979e+02
20231005_04:00:00   2.9335e-02   1.1996e+01   5.5524e-01   0.0000e+00   0.0000e+00   2.6808e+02
20231005_05:00:00   2.6870e-02   1.1321e+01   4.8635e-01   0.0000e+00   0.0000e+00   2.6813e+02
20231005_06:00:00   2.9055e-02   1.1875e+01   5.5868e-01   0.0000e+00   0.0000e+00   2.6918e+02
20231005_07:00:00   2.9869e-02   1.2092e+01   5.8338e-01   0.0000e+00   0.0000e+00   2.7109e+02
20231005_08:00:00   3.1281e-02   1.2446e+01   6.2830e-01   0.0000e+00   0.0000e+00   2.7236e+02
20231005_09:00:00   3.1614e-02   1.2527e+01   6.3920e-01   0.0000e+00   6.1410e-07   2.7399e+02
20231005_10:00:00   3.1617e-02   1.2525e+01   6.3881e-01   0.0000e+00   0.0000e+00   2.7584e+02
20231005_11:00:00   3.6907e-02   1.3843e+01   8.0384e-01   0.0000e+00   0.0000e+00   2.7717e+02
20231005_12:00:00   3.9236e-02   1.4417e+01   8.7357e-01   0.0000e+00   0.0000e+00   2.7563e+02
20231005_13:00:00   4.4279e-02   1.5664e+01   1.0248e+00   0.0000e+00   0.0000e+00   2.7314e+02
20231005_14:00:00   4.9787e-02   1.7013e+01   1.1927e+00   0.0000e+00   0.0000e+00   2.7060e+02
20231005_15:00:00   4.6651e-02   1.6326e+01   1.0929e+00   0.0000e+00   0.0000e+00   2.7258e+02
20231005_16:00:00   5.1541e-02   1.7547e+01   1.2349e+00   0.0000e+00   0.0000e+00   2.7356e+02
20231005_17:00:00   5.7213e-02   1.9006e+01   1.3816e+00   0.0000e+00   0.0000e+00   2.7301e+02
20231005_18:00:00   5.9983e-02   1.9803e+01   1.4251e+00   0.0000e+00   6.2910e-06   2.7099e+02
20231005_19:00:00   6.4117e-02   2.0857e+01   1.5302e+00   0.0000e+00   6.1410e-06   2.6920e+02
20231005_20:00:00   6.6257e-02   2.1382e+01   1.5752e+00   0.0000e+00   1.5350e-05   2.6963e+02
20231005_21:00:00   6.1392e-02   2.0134e+01   1.4525e+00   0.0000e+00   7.8640e-06   2.7008e+02
20231005_22:00:00   5.7870e-02   1.9233e+01   1.3474e+00   0.0000e+00   6.3670e-06   2.7235e+02
20231005_23:00:00   5.9571e-02   1.9629e+01   1.3812e+00   0.0000e+00   0.0000e+00   2.7251e+02
20231006_00:00:00   5.7728e-02   1.9138e+01   1.3419e+00   0.0000e+00   0.0000e+00   2.7160e+02
20231006_01:00:00   5.4190e-02   1.8234e+01   1.2634e+00   0.0000e+00   0.0000e+00   2.7279e+02
20231006_02:00:00   5.0503e-02   1.7300e+01   1.1651e+00   0.0000e+00   0.0000e+00   2.7335e+02
20231006_03:00:00   5.5957e-02   1.8660e+01   1.3099e+00   0.0000e+00   0.0000e+00   2.7669e+02
20231006_04:00:00   5.6025e-02   1.8652e+01   1.3111e+00   0.0000e+00   0.0000e+00   2.7667e+02
20231006_05:00:00   5.3506e-02   1.8017e+01   1.2481e+00   0.0000e+00   0.0000e+00   2.7516e+02
20231006_06:00:00   5.4186e-02   1.8165e+01   1.2744e+00   0.0000e+00   0.0000e+00   2.7553e+02
20231006_07:00:00   5.7841e-02   1.9034e+01   1.3719e+00   0.0000e+00   0.0000e+00   2.7332e+02
20231006_08:00:00   6.2302e-02   2.0111e+01   1.4887e+00   0.0000e+00   0.0000e+00   2.7193e+02
20231006_09:00:00   6.4504e-02   2.0625e+01   1.5572e+00   0.0000e+00   7.1660e-07   2.7205e+02
20231006_10:00:00   6.5134e-02   2.0775e+01   1.5781e+00   0.0000e+00   0.0000e+00   2.7099e+02
20231006_11:00:00   6.7050e-02   2.1191e+01   1.6371e+00   0.0000e+00   3.2136e-04   2.7001e+02
20231006_12:00:00   6.8584e-02   2.1582e+01   1.6780e+00   0.0000e+00   0.0000e+00   2.7001e+02
20231006_13:00:00   6.8437e-02   2.1564e+01   1.6721e+00   0.0000e+00   0.0000e+00   2.6979e+02
20231006_14:00:00   6.4508e-02   2.0667e+01   1.5597e+00   0.0000e+00   0.0000e+00   2.6862e+02
20231006_15:00:00   6.6709e-02   2.1252e+01   1.6073e+00   0.0000e+00   0.0000e+00   2.6967e+02
20231006_16:00:00   7.6179e-02   2.3581e+01   1.8442e+00   0.0000e+00   0.0000e+00   2.7276e+02
20231006_17:00:00   8.3097e-02   2.5254e+01   2.0089e+00   0.0000e+00   7.7140e-07   2.7369e+02
20231006_18:00:00   8.8205e-02   2.6417e+01   2.1596e+00   0.0000e+00   3.1561e-04   2.7389e+02
20231006_19:00:00   8.6851e-02   2.6130e+01   2.1087e+00   0.0000e+00   2.1305e-04   2.7413e+02
20231006_20:00:00   8.8290e-02   2.6436e+01   2.1351e+00   5.2860e-08   7.8107e-04   2.7538e+02
20231006_21:00:00   8.7621e-02   2.6205e+01   2.1232e+00   0.0000e+00   7.1918e-04   2.7453e+02
20231006_22:00:00   8.3350e-02   2.5185e+01   1.9950e+00   0.0000e+00   6.2420e-04   2.7568e+02
20231006_23:00:00   7.1476e-02   2.2415e+01   1.6570e+00   0.0000e+00   0.0000e+00   2.7999e+02
20231007_00:00:00   6.1674e-02   2.0067e+01   1.3743e+00   0.0000e+00   7.8640e-06   2.7801e+02
20231007_01:00:00   5.3582e-02   1.8076e+01   1.1537e+00   0.0000e+00   0.0000e+00   2.8042e+02
20231007_02:00:00   4.6671e-02   1.6348e+01   9.7920e-01   0.0000e+00   0.0000e+00   2.7983e+02
20231007_03:00:00   4.1779e-02   1.5103e+01   8.5775e-01   0.0000e+00   0.0000e+00   2.7951e+02
20231007_04:00:00   3.9149e-02   1.4433e+01   7.8528e-01   0.0000e+00   0.0000e+00   2.8234e+02
20231007_05:00:00   3.8804e-02   1.4355e+01   7.6676e-01   0.0000e+00   0.0000e+00   2.8543e+02
20231007_06:00:00   3.6197e-02   1.3684e+01   6.9538e-01   0.0000e+00   0.0000e+00   2.8590e+02
20231007_07:00:00   3.5247e-02   1.3434e+01   6.7097e-01   0.0000e+00   0.0000e+00   2.8673e+02
20231007_08:00:00   3.4360e-02   1.3194e+01   6.5230e-01   0.0000e+00   0.0000e+00   2.8814e+02
20231007_09:00:00   3.3131e-02   1.2877e+01   6.1795e-01   0.0000e+00   0.0000e+00   2.8777e+02
20231007_10:00:00   2.9948e-02   1.2053e+01   5.3194e-01   0.0000e+00   0.0000e+00   2.8612e+02
20231007_11:00:00   2.7512e-02   1.1422e+01   4.6383e-01   0.0000e+00   0.0000e+00   2.8389e+02
20231007_12:00:00   2.7110e-02   1.1322e+01   4.4959e-01   0.0000e+00   0.0000e+00   2.8174e+02
20231007_13:00:00   2.7733e-02   1.1497e+01   4.6235e-01   0.0000e+00   0.0000e+00   2.8248e+02
20231007_14:00:00   3.0967e-02   1.2372e+01   5.4215e-01   0.0000e+00   0.0000e+00   2.8350e+02
20231007_15:00:00   3.4961e-02   1.3427e+01   6.4139e-01   0.0000e+00   0.0000e+00   2.8643e+02
20231007_16:00:00   4.0428e-02   1.4857e+01   7.7347e-01   0.0000e+00   0.0000e+00   2.8717e+02
20231007_17:00:00   4.7813e-02   1.6756e+01   9.5640e-01   0.0000e+00   0.0000e+00   2.8725e+02
20231007_18:00:00   6.0181e-02   1.9825e+01   1.2607e+00   0.0000e+00   0.0000e+00   2.8612e+02
20231007_21:00:00   5.4868e-02   1.8500e+01   1.1076e+00   0.0000e+00   0.0000e+00   2.8721e+02
20231008_00:00:00   4.3972e-02   1.5715e+01   8.3583e-01   0.0000e+00   0.0000e+00   2.8822e+02
20231008_03:00:00   2.5533e-02   1.0903e+01   4.0250e-01   0.0000e+00   0.0000e+00   2.8486e+02
20231008_06:00:00   2.1194e-02   9.6883e+00   3.0565e-01   0.0000e+00   0.0000e+00   2.8208e+02
20231008_09:00:00   2.5149e-02   1.0736e+01   4.4160e-01   0.0000e+00   0.0000e+00   2.8255e+02
20231008_12:00:00   3.2814e-02   1.2752e+01   6.8085e-01   0.0000e+00   0.0000e+00   2.8269e+02
20231008_15:00:00   3.4213e-02   1.3160e+01   7.2045e-01   0.0000e+00   0.0000e+00   2.7951e+02
20231008_18:00:00   4.3017e-02   1.5440e+01   9.7453e-01   0.0000e+00   0.0000e+00   2.8427e+02
20231008_21:00:00   4.4207e-02   1.5776e+01   1.0046e+00   0.0000e+00   0.0000e+00   2.8017e+02
20231009_00:00:00   4.6311e-02   1.6365e+01   1.0509e+00   0.0000e+00   0.0000e+00   2.7824e+02
20231009_03:00:00   3.7699e-02   1.4156e+01   8.1148e-01   0.0000e+00   0.0000e+00   2.7448e+02
20231009_06:00:00   3.5741e-02   1.3619e+01   7.5552e-01   0.0000e+00   0.0000e+00   2.7778e+02
20231009_09:00:00   3.5251e-02   1.3497e+01   7.3794e-01   0.0000e+00   0.0000e+00   2.8018e+02
20231009_12:00:00   3.5332e-02   1.3538e+01   7.3559e-01   0.0000e+00   6.3700e-06   2.7894e+02
20231009_15:00:00   3.6778e-02   1.3926e+01   7.7444e-01   0.0000e+00   0.0000e+00   2.7693e+02
20231009_18:00:00   3.8351e-02   1.4367e+01   8.1206e-01   0.0000e+00   0.0000e+00   2.7612e+02
20231009_21:00:00   4.1160e-02   1.5127e+01   8.7883e-01   0.0000e+00   0.0000e+00   2.7919e+02
20231010_00:00:00   3.8896e-02   1.4565e+01   8.0994e-01   0.0000e+00   0.0000e+00   2.7861e+02
20231010_03:00:00   3.1885e-02   1.2687e+01   6.2600e-01   0.0000e+00   3.7790e-06   2.8062e+02
20231010_06:00:00   3.0346e-02   1.2257e+01   5.8472e-01   0.0000e+00   3.1230e-05   2.8073e+02
20231010_09:00:00   2.9641e-02   1.2051e+01   5.6473e-01   0.0000e+00   1.4458e-04   2.8110e+02
20231010_12:00:00   3.0917e-02   1.2369e+01   6.0461e-01   0.0000e+00   0.0000e+00   2.8112e+02
20231010_15:00:00   3.3761e-02   1.3124e+01   6.8534e-01   0.0000e+00   0.0000e+00   2.7971e+02
20231010_18:00:00   4.1618e-02   1.5235e+01   8.9691e-01   0.0000e+00   3.0700e-05   2.7851e+02
20231010_21:00:00   4.9156e-02   1.7210e+01   1.0924e+00   0.0000e+00   4.5300e-07   2.7697e+02
20231011_00:00:00   4.1875e-02   1.5326e+01   8.9658e-01   0.0000e+00   0.0000e+00   2.7856e+02
20231011_03:00:00   3.2910e-02   1.2903e+01   6.6450e-01   0.0000e+00   0.0000e+00   2.7992e+02
20231011_06:00:00   3.5043e-02   1.3422e+01   7.2764e-01   0.0000e+00   0.0000e+00   2.7639e+02
20231011_09:00:00   3.5573e-02   1.3540e+01   7.4280e-01   0.0000e+00   0.0000e+00   2.7509e+02
20231011_12:00:00   3.6522e-02   1.3786e+01   7.7012e-01   0.0000e+00   0.0000e+00   2.7231e+02
20231011_15:00:00   3.8059e-02   1.4220e+01   8.1081e-01   0.0000e+00   0.0000e+00   2.7325e+02
20231011_18:00:00   3.9115e-02   1.4536e+01   8.3847e-01   0.0000e+00   0.0000e+00   2.7364e+02
20231011_21:00:00   4.5631e-02   1.6248e+01   1.0153e+00   0.0000e+00   0.0000e+00   2.7568e+02
20231012_00:00:00   4.1896e-02   1.5296e+01   9.0526e-01   0.0000e+00   0.0000e+00   2.7225e+02
20231012_03:00:00   3.8537e-02   1.4389e+01   8.2059e-01   0.0000e+00   6.1410e-06   2.6880e+02
20231012_06:00:00   3.8025e-02   1.4238e+01   8.0394e-01   0.0000e+00   0.0000e+00   2.6794e+02
20231012_09:00:00   3.8230e-02   1.4297e+01   7.9839e-01   0.0000e+00   0.0000e+00   2.6970e+02
20231012_12:00:00   3.9515e-02   1.4623e+01   8.3413e-01   0.0000e+00   9.5360e-05   2.6845e+02
20231012_15:00:00   4.5074e-02   1.6023e+01   9.9809e-01   0.0000e+00   1.2629e-04   2.7225e+02
20231012_18:00:00   4.7400e-02   1.6641e+01   1.0596e+00   0.0000e+00   4.5100e-05   2.6837e+02
20231012_21:00:00   5.8001e-02   1.9358e+01   1.3290e+00   0.0000e+00   1.2885e-05   2.6914e+02
20231013_00:00:00   5.1392e-02   1.7688e+01   1.1558e+00   0.0000e+00   6.8960e-06   2.7007e+02
20231013_03:00:00   4.6486e-02   1.6376e+01   1.0454e+00   0.0000e+00   7.8791e-05   2.7062e+02
20231013_06:00:00   5.2300e-02   1.7756e+01   1.2226e+00   0.0000e+00   3.8980e-05   2.7031e+02
20231013_09:00:00   6.3626e-02   2.0508e+01   1.5312e+00   0.0000e+00   0.0000e+00   2.6936e+02
20231013_12:00:00   7.3270e-02   2.2833e+01   1.7932e+00   0.0000e+00   4.4270e-05   2.6657e+02
20231013_15:00:00   8.8657e-02   2.6578e+01   2.2148e+00   0.0000e+00   8.7449e-05   2.6947e+02
20231013_18:00:00   9.8414e-02   2.8980e+01   2.4753e+00   0.0000e+00   1.2104e-04   2.6791e+02
20231013_21:00:00   9.0638e-02   2.7197e+01   2.2713e+00   0.0000e+00   2.8120e-04   2.6755e+02
20231014_00:00:00   8.4717e-02   2.5832e+01   2.1050e+00   0.0000e+00   4.0040e-05   2.6533e+02
20231014_03:00:00   8.1205e-02   2.5038e+01   1.9885e+00   0.0000e+00   1.0424e-05   2.6322e+02
20231014_06:00:00   6.9698e-02   2.2297e+01   1.6500e+00   0.0000e+00   0.0000e+00   2.6712e+02
20231014_09:00:00   7.4505e-02   2.3363e+01   1.7705e+00   0.0000e+00   1.0864e-04   2.6986e+02
20231014_12:00:00   8.8410e-02   2.6655e+01   2.1370e+00   0.0000e+00   0.0000e+00   2.7103e+02
20231014_15:00:00   1.2383e-01   3.4954e+01   2.9974e+00   0.0000e+00   6.4060e-05   2.7039e+02
20231014_18:00:00   1.2747e-01   3.5781e+01   3.0805e+00   0.0000e+00   0.0000e+00   2.6617e+02
20231014_21:00:00   1.1476e-01   3.2762e+01   2.7519e+00   0.0000e+00   8.1940e-07   2.6603e+02
20231015_00:00:00   1.1964e-01   3.3890e+01   2.8107e+00   0.0000e+00   1.0093e-06   2.6719e+02
20231015_03:00:00   1.5728e-01   4.2370e+01   3.5550e+00   0.0000e+00   1.6344e-03   2.6843e+02
20231015_06:00:00   9.4484e-02   2.8247e+01   2.0486e+00   0.0000e+00   0.0000e+00   2.7289e+02
20231015_09:00:00   5.9366e-02   1.9713e+01   1.2262e+00   0.0000e+00   0.0000e+00   2.7531e+02
20231015_12:00:00   4.5884e-02   1.6313e+01   9.1686e-01   0.0000e+00   0.0000e+00   2.7680e+02
20231015_15:00:00   4.8812e-02   1.7083e+01   1.0059e+00   0.0000e+00   1.3035e-05   2.7538e+02
20231015_18:00:00   6.8426e-02   2.2030e+01   1.4959e+00   0.0000e+00   0.0000e+00   2.7502e+02
20231015_21:00:00   8.6277e-02   2.6351e+01   1.8853e+00   0.0000e+00   0.0000e+00   2.7839e+02
20231016_00:00:00   7.5191e-02   2.3650e+01   1.5883e+00   0.0000e+00   0.0000e+00   2.7965e+02
20231016_03:00:00   4.2853e-02   1.5552e+01   8.5528e-01   0.0000e+00   1.2005e-04   2.8668e+02
20231016_06:00:00   4.0697e-02   1.4944e+01   8.0953e-01   0.0000e+00   7.3810e-05   2.8312e+02
20231016_09:00:00   4.3453e-02   1.5620e+01   8.8690e-01   0.0000e+00   0.0000e+00   2.8495e+02
20231016_12:00:00   4.2445e-02   1.5372e+01   8.5496e-01   0.0000e+00   1.8721e-05   2.8288e+02
20231016_15:00:00   5.0412e-02   1.7457e+01   1.0428e+00   0.0000e+00   0.0000e+00   2.8280e+02
20231016_18:00:00   7.2864e-02   2.3032e+01   1.6065e+00   0.0000e+00   0.0000e+00   2.8119e+02
20231016_21:00:00   9.4350e-02   2.8130e+01   2.0648e+00   0.0000e+00   0.0000e+00   2.8254e+02
20231017_00:00:00   7.2618e-02   2.2890e+01   1.5629e+00   0.0000e+00   8.0530e-06   2.8445e+02
20231017_03:00:00   4.8360e-02   1.6868e+01   1.0250e+00   0.0000e+00   6.2910e-06   2.8359e+02
20231017_06:00:00   5.2689e-02   1.7960e+01   1.1434e+00   0.0000e+00   6.1410e-06   2.8652e+02
20231017_09:00:00   4.7395e-02   1.6652e+01   9.8932e-01   0.0000e+00   8.7470e-05   2.8689e+02
20231017_12:00:00   4.5564e-02   1.6201e+01   9.3562e-01   0.0000e+00   9.3310e-05   2.8929e+02
20231017_15:00:00   4.8215e-02   1.6910e+01   1.0040e+00   0.0000e+00   2.5010e-05   2.8599e+02
20231017_18:00:00   5.4538e-02   1.8583e+01   1.1528e+00   0.0000e+00   1.8574e-05   2.8388e+02
20231017_21:00:00   7.2020e-02   2.2883e+01   1.5871e+00   0.0000e+00   0.0000e+00   2.8464e+02
20231018_00:00:00   5.1603e-02   1.7789e+01   1.0759e+00   0.0000e+00   0.0000e+00   2.8024e+02
20231018_03:00:00   4.2574e-02   1.5476e+01   8.6289e-01   0.0000e+00   0.0000e+00   2.7705e+02
20231018_06:00:00   3.8788e-02   1.4457e+01   7.7105e-01   0.0000e+00   0.0000e+00   2.8154e+02
20231018_09:00:00   3.7331e-02   1.4054e+01   7.3437e-01   0.0000e+00   3.6577e-06   2.8160e+02
20231018_12:00:00   3.6986e-02   1.3957e+01   7.2557e-01   0.0000e+00   9.7520e-06   2.8277e+02
20231018_15:00:00   4.0675e-02   1.4929e+01   8.1694e-01   0.0000e+00   1.5524e-04   2.8224e+02
20231018_18:00:00   5.9923e-02   1.9792e+01   1.3081e+00   0.0000e+00   1.0850e-04   2.8252e+02
