#            date       tau255        Tb[K]      pwv[mm] lwp[kg*m^-2] iwp[kg*m^-2]       o3[DU]
20240511_06:00:00   6.3706e-02   2.0748e+01   1.5021e+00   0.0000e+00   0.0000e+00   2.4012e+02
20240511_07:00:00   5.8540e-02   1.9425e+01   1.3813e+00   0.0000e+00   5.2860e-08   2.3994e+02
20240511_08:00:00   6.0365e-02   1.9786e+01   1.4744e+00   0.0000e+00   7.8700e-07   2.3935e+02
20240511_09:00:00   6.8551e-02   2.1692e+01   1.7319e+00   0.0000e+00   8.9798e-05   2.3955e+02
20240511_10:00:00   6.5794e-02   2.1082e+01   1.6461e+00   0.0000e+00   5.0836e-05   2.3965e+02
20240511_11:00:00   6.2249e-02   2.0213e+01   1.5457e+00   0.0000e+00   7.6760e-05   2.3960e+02
20240511_12:00:00   5.9409e-02   1.9480e+01   1.4728e+00   0.0000e+00   6.7415e-04   2.3838e+02
20240511_13:00:00   6.0265e-02   1.9682e+01   1.4903e+00   0.0000e+00   3.1253e-03   2.3704e+02
20240511_14:00:00   6.1330e-02   1.9989e+01   1.5103e+00   0.0000e+00   2.7508e-03   2.3665e+02
20240511_15:00:00   5.9095e-02   1.9498e+01   1.4326e+00   0.0000e+00   2.3940e-04   2.3669e+02
20240511_16:00:00   6.5307e-02   2.1075e+01   1.5930e+00   0.0000e+00   3.3979e-05   2.3690e+02
20240511_17:00:00   8.1372e-02   2.4973e+01   2.0359e+00   0.0000e+00   4.6005e-04   2.3777e+02
20240511_18:00:00   9.3445e-02   2.7878e+01   2.3346e+00   0.0000e+00   3.9960e-04   2.3755e+02
20240511_19:00:00   1.0531e-01   3.0729e+01   2.6023e+00   0.0000e+00   5.9478e-04   2.3636e+02
20240511_20:00:00   1.1022e-01   3.1878e+01   2.7002e+00   0.0000e+00   6.0740e-04   2.3630e+02
20240511_21:00:00   1.0840e-01   3.1433e+01   2.6524e+00   0.0000e+00   1.2554e-04   2.3673e+02
20240511_22:00:00   9.4628e-02   2.8135e+01   2.3257e+00   0.0000e+00   2.5495e-04   2.3597e+02
20240511_23:00:00   8.6445e-02   2.6147e+01   2.1202e+00   0.0000e+00   1.0990e-04   2.3494e+02
20240512_00:00:00   7.0490e-02   2.2262e+01   1.7143e+00   0.0000e+00   1.0320e-04   2.3431e+02
20240512_01:00:00   6.3123e-02   2.0471e+01   1.5202e+00   0.0000e+00   1.2776e-04   2.3398e+02
20240512_02:00:00   5.9065e-02   1.9434e+01   1.4263e+00   0.0000e+00   3.8992e-03   2.3453e+02
20240512_03:00:00   5.6491e-02   1.8774e+01   1.3629e+00   0.0000e+00   3.1970e-03   2.3349e+02
20240512_04:00:00   5.4101e-02   1.8181e+01   1.2966e+00   0.0000e+00   2.4607e-03   2.3299e+02
20240512_05:00:00   5.5514e-02   1.8556e+01   1.3294e+00   0.0000e+00   2.6522e-03   2.3317e+02
20240512_06:00:00   5.7589e-02   1.9048e+01   1.3915e+00   0.0000e+00   5.5313e-03   2.3400e+02
20240512_07:00:00   5.8668e-02   1.9326e+01   1.4143e+00   0.0000e+00   5.0461e-03   2.3413e+02
20240512_08:00:00   5.7221e-02   1.8988e+01   1.3622e+00   0.0000e+00   4.3110e-03   2.3404e+02
20240512_09:00:00   5.5755e-02   1.8628e+01   1.3200e+00   0.0000e+00   6.0476e-04   2.3415e+02
20240512_10:00:00   5.0677e-02   1.7359e+01   1.1818e+00   0.0000e+00   5.9479e-05   2.3315e+02
20240512_11:00:00   4.8764e-02   1.6834e+01   1.1404e+00   0.0000e+00   6.0685e-05   2.3326e+02
20240512_12:00:00   4.5946e-02   1.6120e+01   1.0622e+00   0.0000e+00   5.2480e-07   2.3360e+02
20240512_13:00:00   4.5362e-02   1.5989e+01   1.0419e+00   0.0000e+00   0.0000e+00   2.3354e+02
20240512_14:00:00   4.4099e-02   1.5678e+01   1.0047e+00   0.0000e+00   0.0000e+00   2.3430e+02
20240512_15:00:00   4.5652e-02   1.6071e+01   1.0521e+00   0.0000e+00   7.0480e-09   2.3558e+02
20240512_16:00:00   4.7713e-02   1.6605e+01   1.1081e+00   0.0000e+00   5.4821e-06   2.3540e+02
20240512_17:00:00   5.1420e-02   1.7580e+01   1.1976e+00   0.0000e+00   7.0977e-05   2.3528e+02
20240512_18:00:00   5.2478e-02   1.7902e+01   1.2116e+00   0.0000e+00   1.7886e-04   2.3524e+02
20240512_19:00:00   5.3988e-02   1.8298e+01   1.2415e+00   0.0000e+00   1.1619e-03   2.3464e+02
20240512_20:00:00   5.4743e-02   1.8491e+01   1.2615e+00   0.0000e+00   3.7427e-04   2.3363e+02
20240512_21:00:00   5.1910e-02   1.7770e+01   1.1879e+00   0.0000e+00   1.0260e-04   2.3324e+02
20240512_22:00:00   5.0897e-02   1.7506e+01   1.1593e+00   0.0000e+00   7.5469e-04   2.3346e+02
20240512_23:00:00   5.0122e-02   1.7301e+01   1.1417e+00   0.0000e+00   1.2850e-03   2.3322e+02
20240513_00:00:00   5.0462e-02   1.7393e+01   1.1505e+00   0.0000e+00   1.3938e-05   2.3311e+02
20240513_01:00:00   5.0828e-02   1.7473e+01   1.1720e+00   0.0000e+00   0.0000e+00   2.3263e+02
20240513_02:00:00   5.4192e-02   1.8278e+01   1.2772e+00   0.0000e+00   4.9780e-04   2.3217e+02
20240513_03:00:00   5.5448e-02   1.8569e+01   1.3176e+00   0.0000e+00   7.9099e-04   2.3108e+02
20240513_04:00:00   5.5786e-02   1.8649e+01   1.3240e+00   0.0000e+00   1.0022e-03   2.3138e+02
20240513_05:00:00   5.5497e-02   1.8578e+01   1.3145e+00   0.0000e+00   1.3046e-03   2.3131e+02
20240513_06:00:00   5.5316e-02   1.8512e+01   1.3097e+00   0.0000e+00   2.7574e-03   2.3133e+02
20240513_07:00:00   5.3735e-02   1.8128e+01   1.2619e+00   0.0000e+00   1.6080e-03   2.3285e+02
20240513_08:00:00   5.4345e-02   1.8283e+01   1.2740e+00   0.0000e+00   8.2500e-04   2.3411e+02
20240513_09:00:00   5.4303e-02   1.8267e+01   1.2731e+00   0.0000e+00   0.0000e+00   2.3373e+02
20240513_10:00:00   5.5077e-02   1.8461e+01   1.2901e+00   0.0000e+00   0.0000e+00   2.3349e+02
20240513_11:00:00   5.5760e-02   1.8635e+01   1.3050e+00   0.0000e+00   0.0000e+00   2.3384e+02
20240513_12:00:00   5.7019e-02   1.8940e+01   1.3388e+00   0.0000e+00   0.0000e+00   2.3462e+02
20240513_13:00:00   5.9529e-02   1.9543e+01   1.4125e+00   0.0000e+00   0.0000e+00   2.3535e+02
20240513_14:00:00   6.2217e-02   2.0200e+01   1.4908e+00   0.0000e+00   0.0000e+00   2.3520e+02
20240513_15:00:00   6.4884e-02   2.0832e+01   1.5679e+00   0.0000e+00   5.2860e-08   2.3424e+02
20240513_16:00:00   6.8723e-02   2.1766e+01   1.6711e+00   0.0000e+00   8.6259e-05   2.3337e+02
20240513_17:00:00   7.4021e-02   2.3040e+01   1.8091e+00   0.0000e+00   3.8926e-05   2.3285e+02
20240513_18:00:00   7.7986e-02   2.3965e+01   1.9214e+00   0.0000e+00   3.2073e-04   2.3312e+02
20240513_19:00:00   7.9279e-02   2.4289e+01   1.9482e+00   0.0000e+00   5.0104e-04   2.3455e+02
20240513_20:00:00   7.9880e-02   2.4450e+01   1.9544e+00   0.0000e+00   1.0342e-03   2.3526e+02
20240513_21:00:00   7.9176e-02   2.4252e+01   1.9315e+00   0.0000e+00   2.8058e-03   2.3576e+02
20240513_22:00:00   7.6991e-02   2.3693e+01   1.8738e+00   0.0000e+00   5.4420e-03   2.3527e+02
20240513_23:00:00   7.5373e-02   2.3270e+01   1.8379e+00   0.0000e+00   1.1360e-02   2.3581e+02
20240514_00:00:00   7.2707e-02   2.2592e+01   1.7718e+00   0.0000e+00   1.8656e-02   2.3600e+02
20240514_01:00:00   6.9142e-02   2.1706e+01   1.6874e+00   0.0000e+00   1.9537e-02   2.3569e+02
20240514_02:00:00   6.6113e-02   2.0941e+01   1.6182e+00   0.0000e+00   9.9919e-03   2.3519e+02
20240514_03:00:00   6.1710e-02   1.9852e+01   1.4948e+00   0.0000e+00   1.3822e-02   2.3514e+02
20240514_04:00:00   5.8785e-02   1.9134e+01   1.4195e+00   0.0000e+00   5.0218e-03   2.3606e+02
20240514_05:00:00   5.9674e-02   1.9322e+01   1.4479e+00   0.0000e+00   4.5815e-03   2.3744e+02
20240514_06:00:00   6.1928e-02   1.9849e+01   1.5086e+00   0.0000e+00   9.1284e-03   2.3642e+02
20240514_07:00:00   6.6299e-02   2.0872e+01   1.6207e+00   0.0000e+00   2.2714e-02   2.3692e+02
20240514_08:00:00   6.7528e-02   2.1175e+01   1.6538e+00   0.0000e+00   1.4306e-02   2.3698e+02
20240514_09:00:00   6.1938e-02   1.9893e+01   1.4880e+00   0.0000e+00   6.4367e-03   2.3747e+02
20240514_10:00:00   6.2819e-02   2.0108e+01   1.5107e+00   0.0000e+00   6.5650e-03   2.3649e+02
20240514_11:00:00   6.9995e-02   2.1766e+01   1.6916e+00   0.0000e+00   4.3132e-02   2.3670e+02
20240514_12:00:00   7.0645e-02   2.1959e+01   1.7208e+00   0.0000e+00   1.1499e-02   2.3671e+02
20240514_13:00:00   7.2126e-02   2.2346e+01   1.7448e+00   0.0000e+00   2.3938e-02   2.3680e+02
20240514_14:00:00   7.8490e-02   2.3849e+01   1.9203e+00   0.0000e+00   1.8790e-02   2.3741e+02
20240514_15:00:00   8.8758e-02   2.6267e+01   2.1694e+00   0.0000e+00   6.5340e-02   2.3644e+02
20240514_16:00:00   1.0994e-01   3.1211e+01   2.7180e+00   0.0000e+00   5.7518e-02   2.3543e+02
20240514_17:00:00   1.2263e-01   3.4274e+01   3.0284e+00   0.0000e+00   2.0376e-03   2.3473e+02
20240514_18:00:00   1.4520e-01   3.9341e+01   3.5721e+00   0.0000e+00   1.6864e-02   2.3413e+02
20240514_19:00:00   1.6484e-01   4.3722e+01   4.0109e+00   0.0000e+00   6.5808e-03   2.3467e+02
20240514_20:00:00   1.7802e-01   4.6551e+01   4.2853e+00   0.0000e+00   2.4207e-02   2.3484e+02
20240514_21:00:00   1.9615e-01   5.0330e+01   4.6499e+00   0.0000e+00   7.1111e-02   2.3534e+02
20240514_22:00:00   2.0751e-01   5.2737e+01   4.8698e+00   0.0000e+00   6.0407e-02   2.3386e+02
20240514_23:00:00   2.2437e-01   5.6119e+01   5.1754e+00   0.0000e+00   1.3038e-01   2.3434e+02
20240515_00:00:00   2.2706e-01   5.6692e+01   5.2716e+00   1.7197e-06   4.2280e-02   2.3436e+02
20240515_01:00:00   2.2967e-01   5.7305e+01   5.3234e+00   1.0818e-04   2.4579e-02   2.3463e+02
20240515_02:00:00   2.3867e-01   5.9180e+01   5.5013e+00   1.3776e-04   5.1578e-02   2.3603e+02
20240515_03:00:00   2.4480e-01   6.0431e+01   5.6414e+00   4.9868e-05   2.8503e-02   2.3662e+02
20240515_04:00:00   2.4585e-01   6.0668e+01   5.6619e+00   1.0181e-04   1.1452e-02   2.3593e+02
20240515_05:00:00   2.4295e-01   6.0069e+01   5.5818e+00   0.0000e+00   1.3136e-02   2.3447e+02
20240515_06:00:00   2.3735e-01   5.8980e+01   5.4565e+00   0.0000e+00   4.9450e-03   2.3340e+02
20240515_07:00:00   2.3775e-01   5.9019e+01   5.4296e+00   0.0000e+00   1.4390e-02   2.3128e+02
20240515_08:00:00   2.3581e-01   5.8599e+01   5.3878e+00   0.0000e+00   8.2899e-03   2.2883e+02
20240515_09:00:00   2.2993e-01   5.7434e+01   5.2790e+00   0.0000e+00   2.9852e-03   2.2855e+02
20240515_10:00:00   2.3640e-01   5.8676e+01   5.3794e+00   0.0000e+00   2.8992e-02   2.2967e+02
20240515_11:00:00   2.4121e-01   5.9586e+01   5.4553e+00   0.0000e+00   1.0014e-01   2.2953e+02
20240515_12:00:00   2.4475e-01   6.0343e+01   5.4871e+00   1.8166e-05   1.3622e-01   2.3106e+02
20240515_13:00:00   2.4582e-01   6.0529e+01   5.5445e+00   0.0000e+00   9.6470e-02   2.3192e+02
20240515_14:00:00   2.4348e-01   6.0111e+01   5.3802e+00   2.3436e-03   2.4930e-02   2.3331e+02
20240515_15:00:00   2.4279e-01   6.0020e+01   5.2751e+00   4.6075e-03   1.2243e-02   2.3379e+02
20240515_16:00:00   2.2165e-01   5.5818e+01   5.0117e+00   9.3370e-06   7.1065e-03   2.3570e+02
20240515_17:00:00   2.1834e-01   5.5140e+01   4.8636e+00   7.2000e-04   9.7561e-03   2.3716e+02
20240515_18:00:00   2.1806e-01   5.5033e+01   4.8431e+00   4.9899e-04   2.1771e-02   2.3604e+02
20240515_19:00:00   2.5221e-01   6.1891e+01   5.0233e+00   1.1469e-02   1.1139e-01   2.3480e+02
20240515_20:00:00   3.1410e-01   7.3654e+01   5.0361e+00   4.1529e-02   1.1915e-01   2.3406e+02
20240515_21:00:00   2.3527e-01   5.8415e+01   4.8164e+00   8.3562e-03   6.3240e-02   2.3262e+02
20240515_22:00:00   2.0110e-01   5.1434e+01   4.4704e+00   3.3270e-04   2.1065e-02   2.3327e+02
20240515_23:00:00   1.9040e-01   4.9175e+01   4.2534e+00   1.2734e-04   1.8778e-02   2.3260e+02
20240516_00:00:00   1.7076e-01   4.5050e+01   3.8334e+00   6.2510e-07   2.3983e-03   2.3431e+02
20240516_01:00:00   1.5848e-01   4.2422e+01   3.5670e+00   0.0000e+00   1.0986e-03   2.3452e+02
20240516_02:00:00   1.5269e-01   4.1136e+01   3.4627e+00   0.0000e+00   1.4402e-03   2.3569e+02
20240516_03:00:00   1.5669e-01   4.1958e+01   3.5640e+00   2.1220e-05   1.1226e-02   2.3608e+02
20240516_04:00:00   1.6027e-01   4.2702e+01   3.6519e+00   6.1340e-06   1.1929e-02   2.3585e+02
20240516_05:00:00   1.6069e-01   4.2762e+01   3.6728e+00   0.0000e+00   3.2060e-03   2.3730e+02
20240516_06:00:00   1.6091e-01   4.2740e+01   3.6574e+00   0.0000e+00   6.0617e-02   2.3687e+02
20240516_09:00:00   1.6728e-01   4.4058e+01   3.7411e+00   8.6320e-04   6.3428e-02   2.4110e+02
20240516_12:00:00   1.6361e-01   4.3328e+01   3.6793e+00   0.0000e+00   1.9796e-03   2.4458e+02
20240516_15:00:00   1.5944e-01   4.2454e+01   3.6008e+00   0.0000e+00   3.2737e-03   2.4397e+02
20240516_18:00:00   1.6972e-01   4.4653e+01   3.8438e+00   5.5956e-05   3.2933e-03   2.4476e+02
20240516_21:00:00   1.8146e-01   4.6961e+01   3.7075e+00   8.8757e-03   9.1765e-03   2.4602e+02
20240517_00:00:00   1.5802e-01   4.2044e+01   3.4637e+00   7.7980e-06   1.8474e-03   2.4381e+02
20240517_03:00:00   1.2409e-01   3.4531e+01   2.7519e+00   6.7940e-06   8.1858e-04   2.4270e+02
20240517_06:00:00   1.0307e-01   2.9752e+01   2.2843e+00   0.0000e+00   2.6490e-05   2.4397e+02
20240517_09:00:00   9.5813e-02   2.8083e+01   2.1193e+00   0.0000e+00   7.3600e-06   2.4423e+02
20240517_12:00:00   1.0060e-01   2.9200e+01   2.2197e+00   0.0000e+00   1.7458e-05   2.4260e+02
20240517_15:00:00   1.1584e-01   3.2842e+01   2.5150e+00   0.0000e+00   2.9120e-07   2.4582e+02
20240517_18:00:00   1.4705e-01   3.9759e+01   3.1702e+00   1.3412e-03   5.6487e-03   2.4903e+02
20240517_21:00:00   1.3650e-01   3.7541e+01   2.9132e+00   6.4760e-06   4.8414e-04   2.4903e+02
20240518_00:00:00   1.3609e-01   3.7437e+01   2.5655e+00   6.9130e-03   1.5380e-03   2.4789e+02
20240518_03:00:00   8.7045e-02   2.6197e+01   1.8497e+00   0.0000e+00   0.0000e+00   2.4453e+02
20240518_06:00:00   7.0640e-02   2.2300e+01   1.4940e+00   0.0000e+00   0.0000e+00   2.4310e+02
20240518_09:00:00   6.3457e-02   2.0528e+01   1.3457e+00   0.0000e+00   0.0000e+00   2.4251e+02
20240518_12:00:00   5.4515e-02   1.8318e+01   1.1535e+00   0.0000e+00   0.0000e+00   2.4345e+02
20240518_15:00:00   5.4726e-02   1.8362e+01   1.1875e+00   0.0000e+00   0.0000e+00   2.4391e+02
20240518_18:00:00   8.2020e-02   2.5064e+01   1.8566e+00   0.0000e+00   0.0000e+00   2.4144e+02
20240518_21:00:00   1.0505e-01   3.0569e+01   2.3259e+00   0.0000e+00   0.0000e+00   2.4310e+02
20240519_00:00:00   6.7688e-02   2.1683e+01   1.4619e+00   0.0000e+00   0.0000e+00   2.4483e+02
20240519_03:00:00   4.6266e-02   1.6343e+01   9.5776e-01   0.0000e+00   0.0000e+00   2.4519e+02
20240519_06:00:00   3.7084e-02   1.3978e+01   7.2200e-01   0.0000e+00   0.0000e+00   2.4469e+02
20240519_09:00:00   3.5347e-02   1.3517e+01   6.7751e-01   0.0000e+00   0.0000e+00   2.4459e+02
20240519_12:00:00   3.5380e-02   1.3515e+01   6.7797e-01   0.0000e+00   0.0000e+00   2.4299e+02
20240519_15:00:00   3.6080e-02   1.3690e+01   6.9986e-01   0.0000e+00   0.0000e+00   2.4497e+02
20240519_18:00:00   5.2179e-02   1.7790e+01   1.1146e+00   0.0000e+00   0.0000e+00   2.4362e+02
20240519_21:00:00   6.9697e-02   2.2132e+01   1.5304e+00   0.0000e+00   0.0000e+00   2.4518e+02
20240520_00:00:00   6.1605e-02   2.0116e+01   1.3378e+00   0.0000e+00   0.0000e+00   2.4640e+02
20240520_03:00:00   4.9909e-02   1.7190e+01   1.0644e+00   0.0000e+00   0.0000e+00   2.4373e+02
20240520_06:00:00   4.5408e-02   1.6034e+01   9.5651e-01   0.0000e+00   0.0000e+00   2.4506e+02
20240520_09:00:00   5.2109e-02   1.7654e+01   1.1436e+00   0.0000e+00   0.0000e+00   2.4318e+02
20240520_12:00:00   5.8526e-02   1.9228e+01   1.3062e+00   0.0000e+00   0.0000e+00   2.4438e+02
20240520_15:00:00   6.0227e-02   1.9604e+01   1.3587e+00   0.0000e+00   0.0000e+00   2.4479e+02
20240520_18:00:00   7.6759e-02   2.3530e+01   1.7981e+00   0.0000e+00   0.0000e+00   2.4378e+02
20240520_21:00:00   9.5935e-02   2.8088e+01   2.2508e+00   0.0000e+00   0.0000e+00   2.4358e+02
20240521_00:00:00   8.9731e-02   2.6592e+01   2.1032e+00   0.0000e+00   2.1500e-06   2.4473e+02
20240521_03:00:00   8.0154e-02   2.4472e+01   1.8687e+00   0.0000e+00   0.0000e+00   2.4651e+02
20240521_06:00:00   7.4563e-02   2.3164e+01   1.7264e+00   0.0000e+00   0.0000e+00   2.4666e+02
20240521_09:00:00   6.6101e-02   2.1200e+01   1.4810e+00   0.0000e+00   0.0000e+00   2.4735e+02
20240521_12:00:00   5.1888e-02   1.7795e+01   1.0935e+00   0.0000e+00   0.0000e+00   2.4950e+02
20240521_15:00:00   5.6121e-02   1.8840e+01   1.2128e+00   0.0000e+00   0.0000e+00   2.4945e+02
20240521_18:00:00   6.7109e-02   2.1460e+01   1.5245e+00   0.0000e+00   8.8100e-09   2.4960e+02
20240521_21:00:00   9.4407e-02   2.7786e+01   2.2791e+00   0.0000e+00   3.6525e-04   2.4959e+02
20240522_00:00:00   8.3589e-02   2.5477e+01   1.9351e+00   0.0000e+00   0.0000e+00   2.5210e+02
20240522_03:00:00   8.6037e-02   2.6106e+01   2.0056e+00   0.0000e+00   0.0000e+00   2.5063e+02
20240522_06:00:00   9.8857e-02   2.9170e+01   2.3099e+00   0.0000e+00   0.0000e+00   2.4957e+02
20240522_09:00:00   1.0996e-01   3.1755e+01   2.5837e+00   0.0000e+00   0.0000e+00   2.4787e+02
20240522_12:00:00   1.2585e-01   3.5406e+01   2.9838e+00   0.0000e+00   0.0000e+00   2.4757e+02
20240522_15:00:00   1.3075e-01   3.6593e+01   3.1103e+00   0.0000e+00   0.0000e+00   2.4745e+02
20240522_18:00:00   1.3925e-01   3.8401e+01   3.3359e+00   0.0000e+00   9.6130e-07   2.4638e+02
20240522_21:00:00   1.4852e-01   4.0401e+01   3.5421e+00   0.0000e+00   0.0000e+00   2.4561e+02
20240523_00:00:00   1.4649e-01   4.0059e+01   3.4521e+00   0.0000e+00   0.0000e+00   2.4315e+02
20240523_03:00:00   1.4828e-01   4.0557e+01   3.4606e+00   0.0000e+00   0.0000e+00   2.4207e+02
20240523_06:00:00   1.3832e-01   3.8358e+01   3.2202e+00   0.0000e+00   0.0000e+00   2.4620e+02
20240523_09:00:00   1.3055e-01   3.6596e+01   3.0185e+00   0.0000e+00   0.0000e+00   2.4649e+02
20240523_12:00:00   1.1557e-01   3.3200e+01   2.6617e+00   0.0000e+00   0.0000e+00   2.4452e+02
20240523_15:00:00   9.4297e-02   2.8294e+01   2.1330e+00   0.0000e+00   0.0000e+00   2.4471e+02
20240523_18:00:00   7.0710e-02   2.2650e+01   1.5522e+00   0.0000e+00   0.0000e+00   2.4496e+02
20240523_21:00:00   6.0511e-02   2.0108e+01   1.3003e+00   0.0000e+00   0.0000e+00   2.4531e+02
20240524_00:00:00   5.2695e-02   1.8165e+01   1.0945e+00   0.0000e+00   0.0000e+00   2.4513e+02
20240524_03:00:00   3.3702e-02   1.3234e+01   6.1663e-01   0.0000e+00   0.0000e+00   2.4658e+02
20240524_06:00:00   2.7309e-02   1.1503e+01   4.5181e-01   0.0000e+00   0.0000e+00   2.4758e+02
20240524_09:00:00   2.4644e-02   1.0776e+01   3.7692e-01   0.0000e+00   0.0000e+00   2.4678e+02
20240524_12:00:00   2.3207e-02   1.0370e+01   3.4192e-01   0.0000e+00   0.0000e+00   2.4393e+02
20240524_15:00:00   2.6220e-02   1.1221e+01   4.2142e-01   0.0000e+00   0.0000e+00   2.4475e+02
20240524_18:00:00   3.9895e-02   1.4926e+01   7.8167e-01   0.0000e+00   0.0000e+00   2.4564e+02
20240524_21:00:00   4.9035e-02   1.7307e+01   1.0074e+00   0.0000e+00   0.0000e+00   2.4550e+02
20240525_00:00:00   5.0517e-02   1.7680e+01   1.0411e+00   0.0000e+00   0.0000e+00   2.4296e+02
20240525_03:00:00   4.4219e-02   1.6035e+01   8.9266e-01   0.0000e+00   0.0000e+00   2.4288e+02
20240525_06:00:00   4.5747e-02   1.6411e+01   9.3344e-01   0.0000e+00   0.0000e+00   2.4419e+02
20240525_09:00:00   5.0408e-02   1.7575e+01   1.0469e+00   0.0000e+00   0.0000e+00   2.4711e+02
20240525_12:00:00   5.4728e-02   1.8603e+01   1.1769e+00   0.0000e+00   0.0000e+00   2.4997e+02
20240525_15:00:00   5.4189e-02   1.8410e+01   1.1883e+00   0.0000e+00   0.0000e+00   2.4933e+02
20240525_18:00:00   5.7520e-02   1.9293e+01   1.2539e+00   0.0000e+00   0.0000e+00   2.4682e+02
20240525_21:00:00   7.1738e-02   2.2836e+01   1.5740e+00   0.0000e+00   0.0000e+00   2.4547e+02
20240526_00:00:00   6.8528e-02   2.2059e+01   1.4630e+00   0.0000e+00   0.0000e+00   2.4235e+02
20240526_03:00:00   5.8763e-02   1.9619e+01   1.2378e+00   0.0000e+00   0.0000e+00   2.3916e+02
20240526_06:00:00   5.1365e-02   1.7671e+01   1.1113e+00   0.0000e+00   0.0000e+00   2.4164e+02
20240526_09:00:00   4.7557e-02   1.6692e+01   1.0233e+00   0.0000e+00   0.0000e+00   2.4150e+02
20240526_12:00:00   4.3367e-02   1.5620e+01   9.1519e-01   0.0000e+00   0.0000e+00   2.4101e+02
20240526_15:00:00   4.4722e-02   1.5969e+01   9.4729e-01   0.0000e+00   0.0000e+00   2.4057e+02
20240526_18:00:00   5.4133e-02   1.8345e+01   1.1940e+00   0.0000e+00   0.0000e+00   2.4010e+02
20240526_21:00:00   7.0130e-02   2.2342e+01   1.5703e+00   0.0000e+00   0.0000e+00   2.3853e+02
20240527_00:00:00   6.4118e-02   2.0848e+01   1.4140e+00   0.0000e+00   0.0000e+00   2.3880e+02
20240527_03:00:00   5.4669e-02   1.8489e+01   1.1921e+00   0.0000e+00   0.0000e+00   2.4028e+02
20240527_06:00:00   5.0517e-02   1.7404e+01   1.0866e+00   0.0000e+00   0.0000e+00   2.4230e+02
