#            date       tau255        Tb[K]      pwv[mm] lwp[kg*m^-2] iwp[kg*m^-2]       o3[DU]
20250801_18:00:00   2.0764e-01   5.1798e+01   3.5315e+00   2.0973e-02   2.1650e-01   2.7318e+02
20250801_19:00:00   2.6059e-01   6.2041e+01   3.6051e+00   4.8723e-02   2.8021e-01   2.7232e+02
20250801_20:00:00   1.9366e-01   4.8987e+01   3.6118e+00   1.1537e-02   1.8870e-01   2.7115e+02
20250801_21:00:00   1.7268e-01   4.4694e+01   3.5859e+00   1.9666e-03   8.8082e-02   2.6855e+02
20250801_22:00:00   1.5420e-01   4.0851e+01   3.2935e+00   1.6887e-04   3.6340e-02   2.6677e+02
20250801_23:00:00   1.3893e-01   3.7650e+01   2.9657e+00   4.1647e-05   7.0530e-03   2.6845e+02
20250802_00:00:00   1.4555e-01   3.9100e+01   3.0613e+00   3.5258e-04   8.9605e-03   2.7004e+02
20250802_01:00:00   1.4688e-01   3.9314e+01   3.1285e+00   6.7410e-06   5.5107e-03   2.6953e+02
20250802_02:00:00   1.4837e-01   3.9576e+01   3.1746e+00   7.9390e-06   7.6787e-03   2.6817e+02
20250802_03:00:00   1.4674e-01   3.9198e+01   3.1761e+00   0.0000e+00   7.5555e-03   2.7087e+02
20250802_04:00:00   1.5871e-01   4.1672e+01   3.4197e+00   0.0000e+00   9.3755e-02   2.7143e+02
20250802_05:00:00   1.5265e-01   4.0409e+01   3.3254e+00   0.0000e+00   4.0121e-02   2.7016e+02
20250802_06:00:00   1.4521e-01   3.8812e+01   3.1772e+00   0.0000e+00   2.4913e-02   2.7079e+02
20250802_07:00:00   1.5153e-01   4.0147e+01   3.2965e+00   0.0000e+00   7.5219e-02   2.7166e+02
20250802_08:00:00   1.4745e-01   3.9263e+01   3.2164e+00   0.0000e+00   8.2071e-02   2.7183e+02
20250802_09:00:00   1.3165e-01   3.5894e+01   2.8983e+00   0.0000e+00   1.6937e-02   2.7565e+02
20250802_10:00:00   1.1954e-01   3.3270e+01   2.6113e+00   0.0000e+00   1.1245e-02   2.7652e+02
20250802_11:00:00   1.1329e-01   3.1930e+01   2.4544e+00   0.0000e+00   8.7060e-04   2.7585e+02
20250802_12:00:00   1.1451e-01   3.2214e+01   2.4694e+00   0.0000e+00   5.9250e-04   2.7571e+02
20250802_13:00:00   1.0576e-01   3.0267e+01   2.2801e+00   0.0000e+00   0.0000e+00   2.7656e+02
20250802_14:00:00   1.0810e-01   3.0775e+01   2.3509e+00   0.0000e+00   2.5584e-05   2.7646e+02
20250802_15:00:00   1.0673e-01   3.0469e+01   2.3274e+00   0.0000e+00   7.7303e-04   2.7652e+02
20250802_16:00:00   1.0874e-01   3.0948e+01   2.3762e+00   0.0000e+00   2.1752e-03   2.7928e+02
20250802_17:00:00   1.1038e-01   3.1357e+01   2.3986e+00   0.0000e+00   7.5539e-04   2.8124e+02
20250802_18:00:00   1.1165e-01   3.1677e+01   2.4159e+00   0.0000e+00   4.4252e-05   2.8088e+02
20250802_19:00:00   1.1749e-01   3.3017e+01   2.5349e+00   0.0000e+00   2.3129e-05   2.8085e+02
20250802_20:00:00   1.2651e-01   3.4970e+01   2.7601e+00   0.0000e+00   5.9000e-05   2.8026e+02
20250802_21:00:00   1.0832e-01   3.0971e+01   2.3340e+00   0.0000e+00   0.0000e+00   2.8139e+02
20250802_22:00:00   9.5309e-02   2.8036e+01   2.0266e+00   0.0000e+00   0.0000e+00   2.8538e+02
20250802_23:00:00   8.3956e-02   2.5416e+01   1.7547e+00   0.0000e+00   0.0000e+00   2.8695e+02
20250803_00:00:00   7.3029e-02   2.2824e+01   1.5062e+00   0.0000e+00   0.0000e+00   2.8639e+02
20250803_01:00:00   7.1984e-02   2.2541e+01   1.4918e+00   0.0000e+00   0.0000e+00   2.8455e+02
20250803_02:00:00   7.2053e-02   2.2518e+01   1.5072e+00   0.0000e+00   0.0000e+00   2.8697e+02
20250803_03:00:00   6.7882e-02   2.1506e+01   1.4180e+00   0.0000e+00   0.0000e+00   2.8741e+02
20250803_04:00:00   6.3398e-02   2.0422e+01   1.3131e+00   0.0000e+00   0.0000e+00   2.8768e+02
20250803_05:00:00   6.6954e-02   2.1252e+01   1.4003e+00   0.0000e+00   0.0000e+00   2.8949e+02
20250803_06:00:00   6.5747e-02   2.0959e+01   1.3676e+00   0.0000e+00   0.0000e+00   2.8853e+02
20250803_07:00:00   6.1703e-02   1.9991e+01   1.2670e+00   0.0000e+00   0.0000e+00   2.8686e+02
20250803_08:00:00   6.0475e-02   1.9686e+01   1.2377e+00   0.0000e+00   0.0000e+00   2.8532e+02
20250803_09:00:00   5.9840e-02   1.9545e+01   1.2139e+00   0.0000e+00   0.0000e+00   2.8431e+02
20250803_10:00:00   5.7637e-02   1.9020e+01   1.1600e+00   0.0000e+00   0.0000e+00   2.8414e+02
20250803_11:00:00   5.3811e-02   1.8090e+01   1.0681e+00   0.0000e+00   0.0000e+00   2.8182e+02
20250803_12:00:00   4.9078e-02   1.6906e+01   9.6848e-01   0.0000e+00   0.0000e+00   2.7985e+02
20250803_13:00:00   4.8213e-02   1.6688e+01   9.5359e-01   0.0000e+00   0.0000e+00   2.7720e+02
20250803_14:00:00   4.4158e-02   1.5682e+01   8.5425e-01   0.0000e+00   0.0000e+00   2.7679e+02
20250803_15:00:00   4.1747e-02   1.5084e+01   7.9371e-01   0.0000e+00   0.0000e+00   2.7848e+02
20250803_16:00:00   4.2506e-02   1.5287e+01   8.1080e-01   0.0000e+00   0.0000e+00   2.7987e+02
20250803_17:00:00   4.7026e-02   1.6442e+01   9.2083e-01   0.0000e+00   0.0000e+00   2.7892e+02
20250803_18:00:00   4.8901e-02   1.6926e+01   9.6417e-01   0.0000e+00   0.0000e+00   2.7615e+02
20250803_19:00:00   5.1749e-02   1.7637e+01   1.0346e+00   0.0000e+00   0.0000e+00   2.7468e+02
20250803_20:00:00   5.6125e-02   1.8716e+01   1.1462e+00   0.0000e+00   0.0000e+00   2.7438e+02
20250803_21:00:00   5.9921e-02   1.9642e+01   1.2426e+00   0.0000e+00   0.0000e+00   2.7544e+02
20250803_22:00:00   6.0005e-02   1.9655e+01   1.2515e+00   0.0000e+00   0.0000e+00   2.7485e+02
20250803_23:00:00   5.8385e-02   1.9250e+01   1.2217e+00   0.0000e+00   7.1660e-07   2.7287e+02
20250804_00:00:00   5.6357e-02   1.8742e+01   1.1837e+00   0.0000e+00   0.0000e+00   2.7138e+02
20250804_01:00:00   5.7143e-02   1.8922e+01   1.2117e+00   0.0000e+00   1.2042e-05   2.6806e+02
20250804_02:00:00   6.3524e-02   2.0453e+01   1.3845e+00   0.0000e+00   3.3378e-04   2.6544e+02
20250804_03:00:00   6.5941e-02   2.0997e+01   1.4640e+00   0.0000e+00   7.7461e-04   2.6577e+02
20250804_04:00:00   7.1267e-02   2.2197e+01   1.6259e+00   0.0000e+00   5.4457e-04   2.6380e+02
20250804_05:00:00   7.3050e-02   2.2596e+01   1.6775e+00   0.0000e+00   1.5718e-04   2.6480e+02
20250804_06:00:00   5.9888e-02   1.9488e+01   1.3345e+00   0.0000e+00   5.5427e-04   2.6532e+02
20250804_07:00:00   5.8261e-02   1.9060e+01   1.3012e+00   0.0000e+00   5.5498e-04   2.6666e+02
20250804_08:00:00   5.8148e-02   1.9005e+01   1.3044e+00   0.0000e+00   2.4760e-05   2.6785e+02
20250804_09:00:00   5.7049e-02   1.8730e+01   1.2775e+00   0.0000e+00   2.7668e-04   2.6827e+02
20250804_10:00:00   5.3831e-02   1.7946e+01   1.1949e+00   0.0000e+00   2.9532e-03   2.6799e+02
20250804_11:00:00   5.0307e-02   1.7092e+01   1.1009e+00   0.0000e+00   1.6278e-03   2.6702e+02
20250804_12:00:00   4.6560e-02   1.6178e+01   1.0014e+00   0.0000e+00   2.7694e-05   2.6598e+02
20250804_13:00:00   4.4825e-02   1.5736e+01   9.5912e-01   0.0000e+00   3.9574e-04   2.6577e+02
20250804_14:00:00   4.2821e-02   1.5238e+01   9.0604e-01   0.0000e+00   0.0000e+00   2.6644e+02
20250804_15:00:00   4.1447e-02   1.4889e+01   8.7016e-01   0.0000e+00   7.5580e-05   2.6448e+02
20250804_16:00:00   4.0792e-02   1.4740e+01   8.4999e-01   0.0000e+00   7.3026e-05   2.6514e+02
20250804_17:00:00   4.1389e-02   1.4892e+01   8.6706e-01   0.0000e+00   5.1600e-04   2.6629e+02
20250804_18:00:00   4.4768e-02   1.5757e+01   9.5700e-01   0.0000e+00   1.1602e-03   2.6579e+02
20250804_19:00:00   4.8696e-02   1.6793e+01   1.0515e+00   0.0000e+00   2.1296e-04   2.6614e+02
20250804_20:00:00   4.9563e-02   1.7021e+01   1.0707e+00   0.0000e+00   2.0017e-04   2.6502e+02
20250804_21:00:00   5.0711e-02   1.7300e+01   1.0983e+00   0.0000e+00   1.4214e-03   2.6429e+02
20250804_22:00:00   4.7402e-02   1.6446e+01   1.0208e+00   0.0000e+00   6.5078e-04   2.6355e+02
20250804_23:00:00   4.1921e-02   1.5026e+01   8.8465e-01   0.0000e+00   5.0631e-03   2.6095e+02
20250805_00:00:00   4.2401e-02   1.5133e+01   9.0450e-01   0.0000e+00   2.5264e-03   2.6060e+02
20250805_01:00:00   4.3979e-02   1.5546e+01   9.4503e-01   0.0000e+00   2.2301e-05   2.5976e+02
20250805_02:00:00   4.7182e-02   1.6312e+01   1.0408e+00   0.0000e+00   2.5479e-04   2.5872e+02
20250805_03:00:00   4.8060e-02   1.6538e+01   1.0594e+00   0.0000e+00   7.0314e-05   2.5777e+02
20250805_04:00:00   4.9516e-02   1.6857e+01   1.1108e+00   0.0000e+00   1.4716e-03   2.5525e+02
20250805_05:00:00   5.0345e-02   1.7058e+01   1.1347e+00   0.0000e+00   2.0620e-05   2.5495e+02
20250805_06:00:00   4.4880e-02   1.5736e+01   9.7889e-01   0.0000e+00   3.0665e-04   2.5589e+02
20250805_07:00:00   4.2421e-02   1.5125e+01   9.0958e-01   0.0000e+00   1.4687e-03   2.5560e+02
20250805_08:00:00   3.9407e-02   1.4398e+01   8.1973e-01   0.0000e+00   4.0800e-05   2.5638e+02
20250805_09:00:00   3.8094e-02   1.4064e+01   7.8535e-01   0.0000e+00   2.8540e-04   2.5727e+02
20250805_10:00:00   3.7573e-02   1.3932e+01   7.7271e-01   0.0000e+00   2.0180e-05   2.6017e+02
20250805_11:00:00   3.6868e-02   1.3761e+01   7.5178e-01   0.0000e+00   4.7180e-07   2.6140e+02
20250805_12:00:00   3.7212e-02   1.3844e+01   7.6419e-01   0.0000e+00   0.0000e+00   2.6278e+02
20250805_13:00:00   3.5595e-02   1.3456e+01   7.1342e-01   0.0000e+00   0.0000e+00   2.6351e+02
20250805_14:00:00   3.4390e-02   1.3158e+01   6.7635e-01   0.0000e+00   2.3600e-07   2.6252e+02
20250805_15:00:00   3.4868e-02   1.3282e+01   6.8953e-01   0.0000e+00   0.0000e+00   2.6045e+02
20250805_16:00:00   3.5444e-02   1.3436e+01   7.0506e-01   0.0000e+00   0.0000e+00   2.5930e+02
20250805_17:00:00   3.6720e-02   1.3778e+01   7.3710e-01   0.0000e+00   0.0000e+00   2.5879e+02
20250805_18:00:00   3.7622e-02   1.4013e+01   7.6182e-01   0.0000e+00   0.0000e+00   2.5732e+02
20250805_19:00:00   3.7855e-02   1.4074e+01   7.6835e-01   0.0000e+00   0.0000e+00   2.5589e+02
20250805_20:00:00   3.7829e-02   1.4066e+01   7.6724e-01   0.0000e+00   0.0000e+00   2.5601e+02
20250805_21:00:00   3.7478e-02   1.3981e+01   7.5532e-01   0.0000e+00   0.0000e+00   2.5663e+02
20250805_22:00:00   3.9634e-02   1.4537e+01   8.1394e-01   0.0000e+00   0.0000e+00   2.5708e+02
20250805_23:00:00   4.0054e-02   1.4669e+01   8.1971e-01   0.0000e+00   0.0000e+00   2.5870e+02
20250806_00:00:00   4.0013e-02   1.4664e+01   8.1939e-01   0.0000e+00   0.0000e+00   2.5982e+02
20250806_01:00:00   4.0026e-02   1.4674e+01   8.1911e-01   0.0000e+00   0.0000e+00   2.6033e+02
20250806_02:00:00   3.8630e-02   1.4323e+01   7.8153e-01   0.0000e+00   0.0000e+00   2.6173e+02
20250806_03:00:00   3.6006e-02   1.3636e+01   7.1274e-01   0.0000e+00   0.0000e+00   2.6257e+02
20250806_04:00:00   3.2884e-02   1.2811e+01   6.3016e-01   0.0000e+00   0.0000e+00   2.6450e+02
20250806_05:00:00   3.0864e-02   1.2278e+01   5.7341e-01   0.0000e+00   0.0000e+00   2.6602e+02
20250806_06:00:00   2.9397e-02   1.1895e+01   5.3092e-01   0.0000e+00   0.0000e+00   2.6734e+02
20250806_07:00:00   2.8031e-02   1.1542e+01   4.9088e-01   0.0000e+00   0.0000e+00   2.6940e+02
20250806_08:00:00   2.6875e-02   1.1229e+01   4.6127e-01   0.0000e+00   0.0000e+00   2.7178e+02
20250806_09:00:00   2.6370e-02   1.1089e+01   4.4776e-01   0.0000e+00   0.0000e+00   2.7512e+02
20250806_10:00:00   2.5573e-02   1.0875e+01   4.2608e-01   0.0000e+00   0.0000e+00   2.7540e+02
20250806_11:00:00   2.5049e-02   1.0735e+01   4.1023e-01   0.0000e+00   0.0000e+00   2.7688e+02
20250806_12:00:00   2.4825e-02   1.0672e+01   4.0544e-01   0.0000e+00   0.0000e+00   2.7733e+02
20250806_13:00:00   2.4741e-02   1.0649e+01   4.0246e-01   0.0000e+00   0.0000e+00   2.7648e+02
20250806_14:00:00   2.4475e-02   1.0581e+01   3.9359e-01   0.0000e+00   0.0000e+00   2.7574e+02
20250806_15:00:00   2.4983e-02   1.0717e+01   4.0825e-01   0.0000e+00   0.0000e+00   2.7388e+02
20250806_16:00:00   2.5332e-02   1.0815e+01   4.1723e-01   0.0000e+00   0.0000e+00   2.7443e+02
20250806_17:00:00   2.6414e-02   1.1110e+01   4.4534e-01   0.0000e+00   0.0000e+00   2.7570e+02
20250806_18:00:00   2.7798e-02   1.1492e+01   4.8027e-01   0.0000e+00   0.0000e+00   2.7644e+02
20250806_21:00:00   2.8702e-02   1.1725e+01   5.0453e-01   0.0000e+00   0.0000e+00   2.7464e+02
20250807_00:00:00   2.9720e-02   1.1993e+01   5.3101e-01   0.0000e+00   0.0000e+00   2.7647e+02
20250807_03:00:00   3.2879e-02   1.2845e+01   6.0943e-01   0.0000e+00   0.0000e+00   2.7450e+02
20250807_06:00:00   3.0264e-02   1.2139e+01   5.4112e-01   0.0000e+00   0.0000e+00   2.7534e+02
20250807_09:00:00   2.8591e-02   1.1676e+01   4.9960e-01   0.0000e+00   0.0000e+00   2.7610e+02
20250807_12:00:00   2.8931e-02   1.1752e+01   5.1277e-01   0.0000e+00   0.0000e+00   2.8099e+02
20250807_15:00:00   2.9631e-02   1.1932e+01   5.3335e-01   0.0000e+00   0.0000e+00   2.8157e+02
20250807_18:00:00   3.3237e-02   1.2865e+01   6.3262e-01   0.0000e+00   2.9820e-04   2.8125e+02
20250807_21:00:00   3.3309e-02   1.2864e+01   6.3693e-01   0.0000e+00   0.0000e+00   2.8058e+02
20250808_00:00:00   3.7401e-02   1.3916e+01   7.4568e-01   0.0000e+00   0.0000e+00   2.8123e+02
20250808_03:00:00   3.6973e-02   1.3750e+01   7.4673e-01   0.0000e+00   9.4562e-07   2.8123e+02
20250808_06:00:00   3.8726e-02   1.4146e+01   8.0113e-01   0.0000e+00   3.2940e-04   2.7862e+02
20250808_09:00:00   4.0992e-02   1.4711e+01   8.6334e-01   0.0000e+00   1.1676e-05   2.7912e+02
20250808_12:00:00   3.9880e-02   1.4443e+01   8.3295e-01   0.0000e+00   4.5640e-06   2.7832e+02
20250808_15:00:00   3.8647e-02   1.4116e+01   7.9981e-01   0.0000e+00   2.4040e-03   2.7572e+02
20250808_18:00:00   4.2086e-02   1.5020e+01   8.8195e-01   0.0000e+00   2.1360e-03   2.7565e+02
20250808_21:00:00   4.4759e-02   1.5752e+01   9.3068e-01   0.0000e+00   0.0000e+00   2.7774e+02
20250809_00:00:00   5.1399e-02   1.7425e+01   1.0976e+00   0.0000e+00   0.0000e+00   2.7632e+02
20250809_03:00:00   4.2053e-02   1.5084e+01   8.5880e-01   0.0000e+00   0.0000e+00   2.7581e+02
20250809_06:00:00   4.4656e-02   1.5677e+01   9.3203e-01   0.0000e+00   0.0000e+00   2.7703e+02
20250809_09:00:00   4.4585e-02   1.5665e+01   9.1969e-01   0.0000e+00   0.0000e+00   2.7699e+02
20250809_12:00:00   4.0050e-02   1.4567e+01   7.9368e-01   0.0000e+00   0.0000e+00   2.7663e+02
20250809_15:00:00   4.0386e-02   1.4720e+01   7.8897e-01   0.0000e+00   0.0000e+00   2.8119e+02
20250809_18:00:00   3.9038e-02   1.4424e+01   7.4121e-01   0.0000e+00   0.0000e+00   2.8345e+02
20250809_21:00:00   3.5017e-02   1.3380e+01   6.3730e-01   0.0000e+00   0.0000e+00   2.8097e+02
20250810_00:00:00   2.9440e-02   1.1925e+01   4.9005e-01   0.0000e+00   0.0000e+00   2.7572e+02
20250810_03:00:00   3.0810e-02   1.2262e+01   5.3408e-01   0.0000e+00   0.0000e+00   2.7448e+02
20250810_06:00:00   2.9646e-02   1.1947e+01   5.0849e-01   0.0000e+00   0.0000e+00   2.7624e+02
20250810_09:00:00   2.8686e-02   1.1704e+01   4.8337e-01   0.0000e+00   0.0000e+00   2.7662e+02
20250810_12:00:00   2.6754e-02   1.1202e+01   4.3071e-01   0.0000e+00   0.0000e+00   2.7568e+02
20250810_15:00:00   2.7371e-02   1.1361e+01   4.4753e-01   0.0000e+00   0.0000e+00   2.7684e+02
20250810_18:00:00   2.8215e-02   1.1598e+01   4.7041e-01   0.0000e+00   0.0000e+00   2.7711e+02
20250810_21:00:00   3.3464e-02   1.3014e+01   6.0708e-01   0.0000e+00   0.0000e+00   2.7690e+02
20250811_00:00:00   3.1895e-02   1.2613e+01   5.6379e-01   0.0000e+00   0.0000e+00   2.7541e+02
20250811_03:00:00   2.7340e-02   1.1391e+01   4.4856e-01   0.0000e+00   0.0000e+00   2.7487e+02
20250811_06:00:00   3.2013e-02   1.2629e+01   5.7568e-01   0.0000e+00   0.0000e+00   2.7029e+02
20250811_09:00:00   3.2105e-02   1.2689e+01   5.6704e-01   0.0000e+00   0.0000e+00   2.6904e+02
20250811_12:00:00   2.5781e-02   1.0998e+01   4.0081e-01   0.0000e+00   0.0000e+00   2.6944e+02
20250811_15:00:00   2.4460e-02   1.0634e+01   3.6738e-01   0.0000e+00   0.0000e+00   2.7245e+02
20250811_18:00:00   2.9137e-02   1.1892e+01   4.9124e-01   0.0000e+00   0.0000e+00   2.7247e+02
20250811_21:00:00   3.0634e-02   1.2280e+01   5.3148e-01   0.0000e+00   0.0000e+00   2.7235e+02
20250812_00:00:00   3.1908e-02   1.2616e+01   5.6500e-01   0.0000e+00   0.0000e+00   2.7251e+02
20250812_03:00:00   2.8895e-02   1.1802e+01   4.8710e-01   0.0000e+00   0.0000e+00   2.7511e+02
20250812_06:00:00   2.4173e-02   1.0504e+01   3.6980e-01   0.0000e+00   0.0000e+00   2.7705e+02
20250812_09:00:00   2.3802e-02   1.0359e+01   3.7122e-01   0.0000e+00   0.0000e+00   2.7449e+02
20250812_12:00:00   2.4281e-02   1.0497e+01   3.8292e-01   0.0000e+00   0.0000e+00   2.7187e+02
20250812_15:00:00   2.3333e-02   1.0274e+01   3.4901e-01   0.0000e+00   0.0000e+00   2.7214e+02
20250812_18:00:00   2.9680e-02   1.1975e+01   5.1775e-01   0.0000e+00   0.0000e+00   2.7405e+02
20250812_21:00:00   3.7747e-02   1.4081e+01   7.3240e-01   0.0000e+00   0.0000e+00   2.7568e+02
20250813_00:00:00   4.2382e-02   1.5248e+01   8.5573e-01   0.0000e+00   0.0000e+00   2.7784e+02
20250813_03:00:00   3.8093e-02   1.4143e+01   7.4762e-01   0.0000e+00   0.0000e+00   2.7653e+02
20250813_06:00:00   3.6801e-02   1.3751e+01   7.2202e-01   0.0000e+00   0.0000e+00   2.7341e+02
20250813_09:00:00   3.8786e-02   1.4166e+01   7.9501e-01   0.0000e+00   1.6568e-04   2.6965e+02
20250813_12:00:00   4.2154e-02   1.5050e+01   8.7854e-01   0.0000e+00   7.1660e-07   2.6945e+02
20250813_15:00:00   4.2236e-02   1.5101e+01   8.7634e-01   0.0000e+00   0.0000e+00   2.7144e+02
20250813_18:00:00   4.6388e-02   1.6195e+01   9.7387e-01   0.0000e+00   0.0000e+00   2.7264e+02
20250813_21:00:00   5.1133e-02   1.7406e+01   1.0881e+00   0.0000e+00   0.0000e+00   2.7404e+02
20250814_00:00:00   5.0182e-02   1.7170e+01   1.0631e+00   0.0000e+00   0.0000e+00   2.7120e+02
20250814_03:00:00   4.7305e-02   1.6437e+01   9.9499e-01   0.0000e+00   0.0000e+00   2.7180e+02
20250814_06:00:00   5.1598e-02   1.7443e+01   1.1078e+00   0.0000e+00   0.0000e+00   2.7350e+02
20250814_09:00:00   5.9072e-02   1.9214e+01   1.3021e+00   0.0000e+00   0.0000e+00   2.7290e+02
20250814_12:00:00   6.0807e-02   1.9628e+01   1.3363e+00   0.0000e+00   0.0000e+00   2.7288e+02
20250814_15:00:00   6.2626e-02   2.0070e+01   1.3766e+00   0.0000e+00   0.0000e+00   2.7582e+02
20250814_18:00:00   7.7713e-02   2.3638e+01   1.7432e+00   0.0000e+00   0.0000e+00   2.7573e+02
20250814_21:00:00   9.1816e-02   2.6887e+01   2.0652e+00   0.0000e+00   0.0000e+00   2.7349e+02
20250815_00:00:00   9.7848e-02   2.8139e+01   2.1850e+00   0.0000e+00   2.4481e-07   2.7079e+02
20250815_03:00:00   8.2821e-02   2.4769e+01   1.8616e+00   0.0000e+00   0.0000e+00   2.7174e+02
20250815_06:00:00   8.7358e-02   2.5767e+01   1.9907e+00   0.0000e+00   1.2032e-05   2.7355e+02
20250815_09:00:00   8.7398e-02   2.5759e+01   1.9911e+00   0.0000e+00   9.9082e-04   2.7094e+02
20250815_12:00:00   9.1309e-02   2.6621e+01   2.0813e+00   0.0000e+00   1.0142e-06   2.7218e+02
20250815_15:00:00   9.6349e-02   2.7756e+01   2.2122e+00   0.0000e+00   3.2213e-03   2.6911e+02
20250815_18:00:00   9.3310e-02   2.7139e+01   2.1142e+00   0.0000e+00   2.0620e-05   2.7075e+02
20250815_21:00:00   9.9381e-02   2.8539e+01   2.2400e+00   0.0000e+00   3.6395e-03   2.7489e+02
20250816_00:00:00   9.9535e-02   2.8510e+01   2.2121e+00   0.0000e+00   1.6306e-03   2.7715e+02
20250816_03:00:00   9.2478e-02   2.6904e+01   2.0453e+00   0.0000e+00   5.0160e-06   2.7546e+02
20250816_06:00:00   9.0525e-02   2.6455e+01   1.9878e+00   0.0000e+00   3.1500e-04   2.7251e+02
20250816_09:00:00   9.2050e-02   2.6764e+01   2.0117e+00   0.0000e+00   8.9581e-04   2.7450e+02
20250816_12:00:00   9.0139e-02   2.6345e+01   1.9558e+00   0.0000e+00   4.7180e-07   2.7375e+02
20250816_15:00:00   8.5203e-02   2.5301e+01   1.8188e+00   0.0000e+00   0.0000e+00   2.7648e+02
20250816_18:00:00   7.8377e-02   2.3829e+01   1.6392e+00   0.0000e+00   0.0000e+00   2.7658e+02
20250816_21:00:00   7.2975e-02   2.2604e+01   1.5098e+00   0.0000e+00   0.0000e+00   2.7519e+02
20250817_00:00:00   6.2406e-02   2.0133e+01   1.2412e+00   0.0000e+00   0.0000e+00   2.7635e+02
20250817_03:00:00   4.0767e-02   1.4815e+01   7.3053e-01   0.0000e+00   0.0000e+00   2.7798e+02
20250817_06:00:00   3.3904e-02   1.3059e+01   5.6711e-01   0.0000e+00   0.0000e+00   2.8027e+02
20250817_09:00:00   3.1156e-02   1.2355e+01   4.9912e-01   0.0000e+00   0.0000e+00   2.8331e+02
20250817_12:00:00   3.3001e-02   1.2825e+01   5.4592e-01   0.0000e+00   0.0000e+00   2.8326e+02
20250817_15:00:00   4.0851e-02   1.4861e+01   7.3386e-01   0.0000e+00   0.0000e+00   2.8132e+02
20250817_18:00:00   5.3952e-02   1.8148e+01   1.0757e+00   0.0000e+00   0.0000e+00   2.8108e+02
