#            date       tau255        Tb[K]      pwv[mm] lwp[kg*m^-2] iwp[kg*m^-2]       o3[DU]
20260203_12:00:00   6.2308e-02   2.0643e+01   1.2997e+00   0.0000e+00   0.0000e+00   2.4895e+02
20260203_13:00:00   6.4019e-02   2.1095e+01   1.3337e+00   0.0000e+00   0.0000e+00   2.4821e+02
20260203_14:00:00   6.4651e-02   2.1253e+01   1.3568e+00   0.0000e+00   0.0000e+00   2.4835e+02
20260203_15:00:00   8.3139e-02   2.5854e+01   1.7855e+00   0.0000e+00   0.0000e+00   2.4813e+02
20260203_16:00:00   1.2497e-01   3.5864e+01   2.6697e+00   8.5480e-05   5.6990e-05   2.4853e+02
20260203_17:00:00   1.7894e-01   4.8058e+01   3.3221e+00   9.5187e-03   6.0180e-04   2.4867e+02
20260203_18:00:00   1.7376e-01   4.6916e+01   3.5856e+00   2.1589e-03   1.0576e-03   2.4971e+02
20260203_19:00:00   1.7798e-01   4.7817e+01   3.7778e+00   1.3624e-03   2.8777e-04   2.5040e+02
20260203_20:00:00   1.7470e-01   4.7065e+01   3.8114e+00   0.0000e+00   1.2280e-04   2.4820e+02
20260203_21:00:00   1.6608e-01   4.5081e+01   3.6938e+00   0.0000e+00   0.0000e+00   2.4329e+02
20260203_22:00:00   1.5220e-01   4.1917e+01   3.4647e+00   0.0000e+00   0.0000e+00   2.4351e+02
20260203_23:00:00   1.5542e-01   4.2625e+01   3.5102e+00   6.8141e-05   4.9812e-05   2.4422e+02
20260204_00:00:00   1.9703e-01   5.1956e+01   3.5239e+00   1.6130e-02   5.6970e-04   2.4356e+02
20260204_01:00:00   1.5144e-01   4.1968e+01   3.2405e+00   1.9318e-03   4.3274e-04   2.4335e+02
20260204_02:00:00   1.4583e-01   4.0747e+01   3.2020e+00   8.1300e-04   1.0405e-04   2.4454e+02
20260204_03:00:00   1.5490e-01   4.2791e+01   3.5200e+00   0.0000e+00   0.0000e+00   2.4481e+02
20260204_04:00:00   1.6683e-01   4.5467e+01   3.8085e+00   0.0000e+00   0.0000e+00   2.4371e+02
20260204_05:00:00   1.7050e-01   4.6279e+01   3.9023e+00   0.0000e+00   0.0000e+00   2.4355e+02
20260204_06:00:00   1.8314e-01   4.9038e+01   4.1419e+00   0.0000e+00   0.0000e+00   2.4570e+02
20260204_07:00:00   1.8673e-01   4.9801e+01   4.2145e+00   0.0000e+00   0.0000e+00   2.4467e+02
20260204_08:00:00   1.9594e-01   5.1735e+01   4.4155e+00   0.0000e+00   0.0000e+00   2.4589e+02
20260204_09:00:00   1.9929e-01   5.2470e+01   4.4675e+00   0.0000e+00   0.0000e+00   2.4536e+02
20260204_10:00:00   1.9581e-01   5.1708e+01   4.3933e+00   0.0000e+00   0.0000e+00   2.4721e+02
20260204_11:00:00   1.6894e-01   4.5859e+01   3.8422e+00   0.0000e+00   0.0000e+00   2.5020e+02
20260204_12:00:00   1.3449e-01   3.8166e+01   3.0548e+00   0.0000e+00   0.0000e+00   2.4995e+02
20260204_13:00:00   1.1421e-01   3.3482e+01   2.6071e+00   0.0000e+00   0.0000e+00   2.5063e+02
20260204_14:00:00   1.1852e-01   3.4552e+01   2.7063e+00   0.0000e+00   0.0000e+00   2.5023e+02
20260204_15:00:00   1.3471e-01   3.8400e+01   3.0650e+00   0.0000e+00   0.0000e+00   2.4782e+02
20260204_16:00:00   1.6142e-01   4.4470e+01   3.7001e+00   0.0000e+00   0.0000e+00   2.4784e+02
20260204_17:00:00   1.8136e-01   4.8919e+01   4.1068e+00   0.0000e+00   1.0764e-04   2.4664e+02
20260204_18:00:00   1.7911e-01   4.8326e+01   4.1220e+00   0.0000e+00   0.0000e+00   2.4264e+02
20260204_19:00:00   1.9121e-01   5.0846e+01   4.4654e+00   0.0000e+00   0.0000e+00   2.4396e+02
20260204_20:00:00   2.0597e-01   5.4087e+01   4.7219e+00   0.0000e+00   0.0000e+00   2.4447e+02
20260204_21:00:00   2.4400e-01   6.1983e+01   5.4582e+00   2.4998e-06   6.1823e-05   2.4397e+02
20260204_22:00:00   3.0799e-01   7.4657e+01   6.0785e+00   1.4386e-02   7.5084e-04   2.4326e+02
20260204_23:00:00   3.9032e-01   8.9932e+01   6.5279e+00   4.0129e-02   2.3475e-03   2.4196e+02
20260205_00:00:00   5.3387e-01   1.1410e+02   6.4517e+00   1.0202e-01   8.2910e-04   2.4293e+02
20260205_01:00:00   2.7717e-01   6.8666e+01   6.2509e+00   4.7010e-04   8.3515e-04   2.4302e+02
20260205_02:00:00   2.7447e-01   6.8105e+01   6.2368e+00   3.2900e-05   1.2184e-02   2.4289e+02
20260205_03:00:00   2.7166e-01   6.7573e+01   6.1338e+00   0.0000e+00   1.9346e-05   2.4698e+02
20260205_04:00:00   2.7600e-01   6.8377e+01   6.2022e+00   0.0000e+00   5.4968e-04   2.4746e+02
20260205_05:00:00   2.8567e-01   7.0248e+01   6.3578e+00   0.0000e+00   6.2214e-03   2.4750e+02
20260205_06:00:00   2.8542e-01   7.0199e+01   6.3789e+00   0.0000e+00   8.0531e-03   2.4774e+02
20260205_07:00:00   2.8987e-01   7.1046e+01   6.5073e+00   0.0000e+00   8.2228e-03   2.4490e+02
20260205_08:00:00   2.8778e-01   7.0627e+01   6.4831e+00   1.8032e-04   1.2391e-02   2.4344e+02
20260205_09:00:00   2.7621e-01   6.8363e+01   6.2867e+00   4.2220e-05   1.9057e-03   2.4519e+02
20260205_10:00:00   2.7390e-01   6.7759e+01   6.3460e+00   0.0000e+00   9.7385e-04   2.4351e+02
20260205_11:00:00   2.6721e-01   6.6338e+01   6.2580e+00   0.0000e+00   1.3495e-03   2.4492e+02
20260205_12:00:00   2.5468e-01   6.3894e+01   5.9947e+00   0.0000e+00   4.0251e-04   2.4492e+02
20260205_13:00:00   2.5449e-01   6.3891e+01   6.0328e+00   0.0000e+00   3.2945e-03   2.4394e+02
20260205_14:00:00   2.7372e-01   6.7889e+01   6.4053e+00   0.0000e+00   1.0669e-02   2.4293e+02
20260205_15:00:00   2.7583e-01   6.8444e+01   6.4387e+00   0.0000e+00   2.1016e-02   2.4362e+02
20260205_16:00:00   3.2500e-01   7.7883e+01   7.5183e+00   1.8662e-04   2.3044e-02   2.4296e+02
20260205_17:00:00   3.8388e-01   8.8460e+01   8.2828e+00   1.1660e-02   1.0173e-01   2.4193e+02
20260205_18:00:00   3.5382e-01   8.2958e+01   7.9722e+00   2.5222e-03   2.5091e-01   2.4118e+02
20260205_19:00:00   4.1624e-01   9.3651e+01   9.2323e+00   7.2800e-04   4.5757e-01   2.3994e+02
20260205_20:00:00   3.8569e-01   8.8380e+01   8.7208e+00   1.4160e-05   2.5623e-01   2.4043e+02
20260205_21:00:00   3.6333e-01   8.4338e+01   8.2717e+00   6.8070e-05   2.1152e-01   2.4044e+02
20260205_22:00:00   5.3550e-01   1.1313e+02   9.0363e+00   5.6133e-02   1.7099e-01   2.4038e+02
20260205_23:00:00   4.4627e-01   9.8794e+01   8.5920e+00   2.6327e-02   2.2806e-01   2.4382e+02
20260206_00:00:00   3.8119e-01   8.7549e+01   8.2861e+00   6.8310e-03   1.3996e-01   2.4317e+02
20260206_01:00:00   3.5805e-01   8.3435e+01   8.2934e+00   5.6470e-05   7.9689e-02   2.4014e+02
20260206_02:00:00   3.4181e-01   8.0621e+01   8.0031e+00   0.0000e+00   5.9774e-02   2.4181e+02
20260206_03:00:00   3.4650e-01   8.1523e+01   8.0592e+00   0.0000e+00   5.1560e-02   2.4370e+02
20260206_04:00:00   3.5517e-01   8.3108e+01   8.0627e+00   3.5540e-03   1.2446e-02   2.4260e+02
20260206_05:00:00   4.0433e-01   9.1629e+01   8.2262e+00   2.2420e-02   2.8409e-02   2.4290e+02
20260206_06:00:00   3.4689e-01   8.1600e+01   7.9780e+00   0.0000e+00   1.7541e-02   2.4234e+02
20260206_07:00:00   3.2684e-01   7.7914e+01   7.5879e+00   0.0000e+00   2.1152e-02   2.4031e+02
20260206_08:00:00   3.1886e-01   7.6385e+01   7.4743e+00   0.0000e+00   8.3607e-03   2.3984e+02
20260206_09:00:00   3.1156e-01   7.5028e+01   7.3202e+00   0.0000e+00   4.6268e-04   2.4137e+02
20260206_10:00:00   3.1039e-01   7.4774e+01   7.3242e+00   0.0000e+00   5.9512e-04   2.4048e+02
20260206_11:00:00   3.1398e-01   7.5422e+01   7.4061e+00   0.0000e+00   2.2763e-03   2.4038e+02
20260206_12:00:00   3.0434e-01   7.3636e+01   7.1821e+00   0.0000e+00   1.1240e-03   2.4165e+02
20260206_13:00:00   2.9754e-01   7.2394e+01   7.0283e+00   0.0000e+00   4.5000e-04   2.3977e+02
20260206_14:00:00   3.0576e-01   7.4039e+01   7.2023e+00   0.0000e+00   9.3352e-05   2.4113e+02
20260206_15:00:00   3.4862e-01   8.2178e+01   7.8741e+00   4.2101e-03   4.8068e-03   2.4212e+02
20260206_16:00:00   4.1198e-01   9.3621e+01   8.5403e+00   1.5564e-02   1.1390e-01   2.4215e+02
20260206_17:00:00   5.1569e-01   1.1062e+02   9.7683e+00   2.8136e-02   7.2947e-01   2.4404e+02
20260206_18:00:00   9.5310e-01   1.6574e+02   1.0483e+01   1.9333e-01   2.8809e+00   2.3977e+02
20260206_19:00:00   4.4134e-01   9.7639e+01   9.5204e+00   8.9880e-06   1.1829e+00   2.3747e+02
20260206_20:00:00   3.8588e-01   8.8089e+01   8.5973e+00   0.0000e+00   8.2994e-01   2.3778e+02
20260206_21:00:00   3.6161e-01   8.3833e+01   8.2432e+00   0.0000e+00   4.8156e-01   2.4017e+02
20260206_22:00:00   3.4625e-01   8.1087e+01   7.9121e+00   8.4236e-04   3.6896e-01   2.4072e+02
20260206_23:00:00   3.3706e-01   7.9769e+01   7.2965e+00   9.3970e-03   2.0460e-01   2.3942e+02
20260207_00:00:00   3.3288e-01   7.8959e+01   7.2443e+00   7.2080e-03   1.2398e-01   2.3814e+02
20260207_01:00:00   3.0781e-01   7.4075e+01   6.9906e+00   0.0000e+00   2.9106e-01   2.3854e+02
20260207_02:00:00   2.7863e-01   6.8293e+01   6.4640e+00   0.0000e+00   3.4720e-01   2.4107e+02
20260207_03:00:00   2.6608e-01   6.5754e+01   6.3197e+00   0.0000e+00   2.6267e-01   2.3962e+02
20260207_04:00:00   2.7401e-01   6.7274e+01   6.5995e+00   0.0000e+00   1.6412e-01   2.3923e+02
20260207_05:00:00   2.7424e-01   6.7410e+01   6.6362e+00   0.0000e+00   2.3519e-02   2.4147e+02
20260207_06:00:00   2.6761e-01   6.6024e+01   6.4898e+00   0.0000e+00   5.4861e-02   2.4283e+02
20260207_07:00:00   2.8083e-01   6.8637e+01   6.7191e+00   0.0000e+00   1.3854e-01   2.4210e+02
20260207_08:00:00   2.8437e-01   6.9299e+01   6.7195e+00   9.4180e-06   2.9707e-01   2.4164e+02
20260207_09:00:00   2.8933e-01   7.0603e+01   6.5882e+00   5.5370e-03   3.5740e-02   2.4021e+02
20260207_10:00:00   3.3802e-01   8.0316e+01   6.7234e+00   2.1541e-02   7.6975e-03   2.3972e+02
20260207_11:00:00   3.1268e-01   7.5075e+01   7.3552e+00   0.0000e+00   1.5180e-02   2.4290e+02
20260207_12:00:00   3.2037e-01   7.6462e+01   7.5344e+00   0.0000e+00   1.4447e-02   2.4205e+02
20260207_13:00:00   3.0890e-01   7.4375e+01   7.1958e+00   0.0000e+00   1.3154e-02   2.4272e+02
20260207_14:00:00   3.2392e-01   7.7418e+01   7.2709e+00   3.0320e-03   2.1340e-02   2.4338e+02
20260207_15:00:00   3.3151e-01   7.9001e+01   7.4566e+00   9.5600e-04   2.9776e-02   2.4374e+02
20260207_16:00:00   3.4759e-01   8.2086e+01   7.8174e+00   1.3104e-03   3.3295e-02   2.4415e+02
20260207_17:00:00   4.4969e-01   9.9966e+01   8.4582e+00   3.4093e-02   5.4551e-02   2.4263e+02
20260207_18:00:00   4.2452e-01   9.5596e+01   8.8217e+00   1.6301e-02   1.6512e-01   2.4401e+02
20260207_19:00:00   3.9958e-01   9.1154e+01   8.9565e+00   2.9409e-03   2.9465e-01   2.4447e+02
20260207_20:00:00   4.1120e-01   9.3125e+01   9.2749e+00   1.3849e-03   2.7745e-01   2.4408e+02
20260207_21:00:00   5.6071e-01   1.1733e+02   1.0012e+01   4.6469e-02   4.0230e-01   2.4289e+02
20260207_22:00:00   6.6628e-01   1.3320e+02   9.6749e+00   9.1752e-02   2.3431e-01   2.4198e+02
20260207_23:00:00   4.0519e-01   9.2342e+01   8.4604e+00   1.0209e-02   1.4970e-02   2.4253e+02
20260208_00:00:00   3.3706e-01   8.0195e+01   7.4305e+00   7.4214e-04   2.5657e-02   2.4443e+02
20260208_01:00:00   3.0208e-01   7.3824e+01   6.5269e+00   2.5620e-03   1.8396e-02   2.4372e+02
20260208_02:00:00   2.8416e-01   7.0384e+01   6.3013e+00   1.4794e-03   4.2376e-03   2.4360e+02
20260208_03:00:00   2.8276e-01   6.9979e+01   6.5176e+00   0.0000e+00   4.8929e-03   2.4522e+02
20260208_04:00:00   2.7694e-01   6.8510e+01   6.5808e+00   0.0000e+00   4.6832e-03   2.4523e+02
20260208_05:00:00   2.8888e-01   7.0690e+01   6.8534e+00   0.0000e+00   4.4540e-03   2.4607e+02
20260208_06:00:00   2.8716e-01   7.0105e+01   6.8896e+00   0.0000e+00   1.0938e-02   2.4558e+02
20260208_07:00:00   2.5397e-01   6.3552e+01   6.1393e+00   0.0000e+00   1.4829e-02   2.4517e+02
20260208_08:00:00   2.3473e-01   5.9596e+01   5.7107e+00   0.0000e+00   6.5105e-03   2.4386e+02
20260208_09:00:00   2.2134e-01   5.6851e+01   5.3906e+00   0.0000e+00   7.8065e-04   2.4618e+02
20260208_10:00:00   2.0541e-01   5.3504e+01   5.0051e+00   0.0000e+00   1.2181e-03   2.4632e+02
20260208_11:00:00   2.0233e-01   5.2698e+01   5.0054e+00   0.0000e+00   2.0741e-03   2.4626e+02
20260208_12:00:00   2.2042e-01   5.6363e+01   5.4692e+00   0.0000e+00   4.0641e-03   2.4700e+02
20260208_15:00:00   1.5638e-01   4.2973e+01   3.8428e+00   0.0000e+00   2.1302e-03   2.4354e+02
20260208_18:00:00   1.9664e-01   5.1702e+01   4.8987e+00   0.0000e+00   1.1502e-03   2.4322e+02
20260208_21:00:00   3.5608e-01   8.3575e+01   7.9288e+00   4.1473e-03   4.3975e-02   2.4387e+02
20260209_00:00:00   3.0201e-01   7.3563e+01   6.9634e+00   0.0000e+00   2.2948e-04   2.4249e+02
20260209_03:00:00   2.7018e-01   6.7353e+01   6.2948e+00   0.0000e+00   1.5836e-04   2.4565e+02
20260209_06:00:00   2.7604e-01   6.8303e+01   6.4371e+00   0.0000e+00   2.6173e-03   2.4419e+02
20260209_09:00:00   2.3651e-01   6.0347e+01   5.5884e+00   0.0000e+00   1.0090e-04   2.4802e+02
20260209_12:00:00   2.2218e-01   5.7275e+01   5.3503e+00   0.0000e+00   2.3100e-04   2.4955e+02
20260209_15:00:00   2.0538e-01   5.4009e+01   4.8855e+00   0.0000e+00   0.0000e+00   2.5004e+02
20260209_18:00:00   1.8541e-01   4.9603e+01   4.4772e+00   0.0000e+00   6.7160e-05   2.4826e+02
20260209_21:00:00   3.1631e-01   7.6392e+01   6.6618e+00   9.5911e-03   1.0606e-01   2.4867e+02
20260210_00:00:00   2.9893e-01   7.2596e+01   6.9052e+00   2.6869e-04   3.1851e-02   2.4498e+02
20260210_03:00:00   2.6601e-01   6.6151e+01   6.3085e+00   0.0000e+00   8.7391e-03   2.4769e+02
20260210_06:00:00   2.2627e-01   5.8251e+01   5.3480e+00   0.0000e+00   3.6627e-03   2.4944e+02
20260210_09:00:00   1.5443e-01   4.2539e+01   3.7753e+00   0.0000e+00   0.0000e+00   2.4499e+02
20260210_12:00:00   1.2969e-01   3.6727e+01   3.2434e+00   0.0000e+00   0.0000e+00   2.4890e+02
20260210_15:00:00   1.5597e-01   4.2896e+01   3.8321e+00   0.0000e+00   0.0000e+00   2.4972e+02
20260210_18:00:00   1.6679e-01   4.5348e+01   4.0545e+00   0.0000e+00   0.0000e+00   2.4816e+02
20260210_21:00:00   1.6890e-01   4.5913e+01   3.9213e+00   0.0000e+00   1.0024e-02   2.4591e+02
20260211_00:00:00   1.3207e-01   3.7465e+01   3.1090e+00   0.0000e+00   1.0837e-02   2.4605e+02
20260211_03:00:00   9.4965e-02   2.8555e+01   2.3499e+00   0.0000e+00   4.5723e-03   2.4538e+02
20260211_06:00:00   9.2721e-02   2.7870e+01   2.3331e+00   0.0000e+00   1.1958e-03   2.4826e+02
20260211_09:00:00   7.8231e-02   2.4374e+01   1.9362e+00   0.0000e+00   9.0500e-04   2.5099e+02
20260211_12:00:00   6.8698e-02   2.2028e+01   1.6890e+00   0.0000e+00   0.0000e+00   2.4936e+02
20260211_15:00:00   8.9099e-02   2.7204e+01   2.2048e+00   0.0000e+00   0.0000e+00   2.4989e+02
20260211_18:00:00   1.8855e-01   5.0285e+01   4.5579e+00   0.0000e+00   0.0000e+00   2.4690e+02
20260211_21:00:00   1.8093e-01   4.8407e+01   4.4175e+00   0.0000e+00   0.0000e+00   2.4441e+02
20260212_00:00:00   1.9312e-01   5.1218e+01   4.5470e+00   0.0000e+00   8.9748e-05   2.4582e+02
20260212_03:00:00   2.2664e-01   5.8052e+01   5.3386e+00   0.0000e+00   7.8198e-02   2.4584e+02
20260212_06:00:00   2.2550e-01   5.8049e+01   5.3170e+00   0.0000e+00   1.7243e-02   2.4691e+02
20260212_09:00:00   2.4542e-01   6.2110e+01   5.7129e+00   0.0000e+00   3.7987e-03   2.4505e+02
20260212_12:00:00   2.1295e-01   5.5433e+01   4.9706e+00   0.0000e+00   1.8517e-04   2.4671e+02
20260212_15:00:00   2.5693e-01   6.4596e+01   6.0115e+00   0.0000e+00   4.7709e-05   2.4589e+02
20260212_18:00:00   5.2561e-01   1.1076e+02   9.8897e+00   1.9233e-02   2.2673e+00   2.4166e+02
20260212_21:00:00   4.4815e-01   9.8539e+01   9.5433e+00   5.7080e-05   1.1107e+00   2.4350e+02
20260213_00:00:00   3.9414e-01   8.9293e+01   8.7716e+00   7.8340e-08   6.3824e-01   2.4312e+02
20260213_03:00:00   3.5350e-01   8.2233e+01   8.0108e+00   8.3630e-06   3.4491e-01   2.4360e+02
20260213_06:00:00   3.4239e-01   8.0294e+01   7.7720e+00   2.8574e-04   1.7788e-01   2.4452e+02
20260213_09:00:00   3.1036e-01   7.4353e+01   7.2484e+00   0.0000e+00   5.2407e-03   2.4406e+02
20260213_12:00:00   2.5480e-01   6.3415e+01   6.1346e+00   0.0000e+00   1.8824e-04   2.4270e+02
20260213_15:00:00   3.2047e-01   7.6552e+01   7.4483e+00   0.0000e+00   1.3199e-02   2.4162e+02
20260213_18:00:00   4.2049e-01   9.4691e+01   9.2509e+00   1.9834e-03   1.2007e-01   2.4009e+02
20260213_21:00:00   5.1576e-01   1.0974e+02   9.5505e+00   3.1762e-02   8.7986e-01   2.3881e+02
20260214_00:00:00   3.0116e+00   2.5817e+02   9.7972e+00   1.0897e+00   5.8912e-01   2.4036e+02
20260214_03:00:00   4.2671e-01   9.5909e+01   7.7008e+00   3.9550e-02   7.1576e-02   2.3980e+02
20260214_06:00:00   3.4034e-01   7.9719e+01   7.7664e+00   0.0000e+00   2.6390e-01   2.3901e+02
20260214_09:00:00   3.2470e-01   7.6984e+01   7.4175e+00   0.0000e+00   5.7732e-02   2.3881e+02
20260214_12:00:00   3.1937e-01   7.5984e+01   7.2360e+00   1.0916e-03   6.4681e-02   2.4042e+02
20260214_15:00:00   3.4266e-01   8.0622e+01   7.3493e+00   8.5608e-03   2.1567e-02   2.4052e+02
20260214_18:00:00   4.2118e-01   9.5050e+01   7.6602e+00   3.4319e-02   1.4629e-03   2.3893e+02
20260214_21:00:00   1.7566e+00   2.2479e+02   8.2681e+00   5.8491e-01   1.3557e-01   2.3783e+02
20260215_00:00:00   1.4669e+00   2.0669e+02   1.0141e+01   4.1969e-01   2.7436e+00   2.3849e+02
20260215_03:00:00   4.1081e-01   9.2540e+01   7.7394e+00   2.6548e-02   4.2313e-01   2.3856e+02
20260215_06:00:00   8.3570e-01   1.5455e+02   7.4857e+00   2.1086e-01   1.0084e-01   2.3913e+02
20260215_09:00:00   3.7183e-01   8.5995e+01   6.7283e+00   3.1430e-02   5.4528e-03   2.4073e+02
20260215_12:00:00   3.7145e-01   8.6100e+01   6.3130e+00   3.8209e-02   1.2294e-03   2.4163e+02
20260215_15:00:00   5.1139e-01   1.1033e+02   6.5123e+00   9.1030e-02   5.8245e-04   2.4285e+02
20260215_18:00:00   1.0646e+00   1.7843e+02   7.0130e+00   3.1270e-01   1.8019e-02   2.4363e+02
20260215_21:00:00   3.3428e-01   7.9383e+01   5.9485e+00   2.8807e-02   5.4527e-03   2.4114e+02
20260216_00:00:00   1.6506e+00   2.1825e+02   8.1041e+00   5.4521e-01   3.8268e-01   2.4218e+02
20260216_03:00:00   4.5938e-01   1.0198e+02   5.3348e+00   9.3614e-02   2.0979e-03   2.4236e+02
20260216_06:00:00   3.1789e-01   7.6379e+01   4.7472e+00   4.6735e-02   3.6001e-04   2.4150e+02
20260216_09:00:00   6.0423e-01   1.2397e+02   5.4754e+00   1.5443e-01   4.8730e-04   2.4028e+02
20260216_12:00:00   6.1036e-01   1.2564e+02   4.4499e+00   1.7510e-01   3.4890e-04   2.4207e+02
20260216_15:00:00   1.8798e-01   4.9782e+01   3.9408e+00   8.6880e-03   1.3166e-04   2.4423e+02
20260216_18:00:00   3.4329e-01   8.1645e+01   5.0060e+00   5.0390e-02   3.9581e-04   2.4372e+02
20260216_21:00:00   1.8441e-01   4.9184e+01   4.1730e+00   4.8810e-05   4.4740e-06   2.4313e+02
20260217_00:00:00   1.0873e+00   1.7952e+02   6.1779e+00   3.4540e-01   1.5113e-01   2.4333e+02
20260217_03:00:00   1.4781e+00   2.1059e+02   5.9474e+00   4.9970e-01   9.6438e-03   2.4335e+02
20260217_06:00:00   4.4053e-01   9.8537e+01   5.3475e+00   8.3900e-02   1.8929e-03   2.4349e+02
20260217_09:00:00   3.0013e-01   7.3200e+01   4.5579e+00   4.0200e-02   1.8464e-03   2.4103e+02
20260217_12:00:00   5.2082e-01   1.1244e+02   4.4187e+00   1.3421e-01   2.7774e-04   2.4183e+02
20260217_15:00:00   3.6479e-01   8.5730e+01   4.5529e+00   6.5817e-02   3.2221e-03   2.4084e+02
20260217_18:00:00   7.7321e-01   1.4688e+02   5.1308e+00   2.3048e-01   7.4309e-03   2.4279e+02
20260217_21:00:00   2.5242e-01   6.3406e+01   4.5356e+00   2.0109e-02   2.3974e-03   2.4270e+02
20260218_00:00:00   1.6566e+00   2.1898e+02   5.6627e+00   5.9159e-01   2.5938e-01   2.4086e+02
20260218_03:00:00   9.6821e-01   1.6887e+02   4.3636e+00   3.2681e-01   3.4295e-02   2.4393e+02
20260218_06:00:00   2.0089e-01   5.2598e+01   4.1546e+00   6.3030e-03   2.4599e-03   2.4543e+02
20260218_09:00:00   2.1294e-01   5.5202e+01   3.2912e+00   2.8130e-02   9.0682e-04   2.4513e+02
20260218_12:00:00   1.2630e-01   3.5947e+01   2.8277e+00   5.7460e-05   0.0000e+00   2.4848e+02
20260218_15:00:00   1.6831e-01   4.5619e+01   3.5380e+00   4.0080e-03   1.6121e-04   2.4927e+02
20260218_18:00:00   5.4075e-01   1.1489e+02   4.8791e+00   1.3519e-01   1.7731e-03   2.4671e+02
20260218_21:00:00   1.5489e-01   4.2569e+01   3.4580e+00   2.3730e-04   2.2624e-05   2.4598e+02
20260219_00:00:00   9.3534e-01   1.6419e+02   5.3594e+00   2.9614e-01   1.8255e-01   2.4648e+02
20260219_03:00:00   1.2159e+00   1.9004e+02   3.9826e+00   4.4283e-01   1.7829e-02   2.4865e+02
20260219_06:00:00   2.5416e-01   6.3951e+01   3.7406e+00   3.4250e-02   1.4410e-02   2.4790e+02
20260219_09:00:00   2.5300e-01   6.3563e+01   3.9504e+00   2.9970e-02   2.6888e-03   2.4563e+02
20260219_12:00:00   1.6100e-01   4.3900e+01   3.4313e+00   8.5370e-05   1.7742e-03   2.4907e+02
