#            date       tau255        Tb[K]      pwv[mm] lwp[kg*m^-2] iwp[kg*m^-2]       o3[DU]
20220818_06:00:00   1.5861e-01   4.5097e+01   3.2441e+00   2.4940e-04   0.0000e+00   2.9301e+02
20220818_07:00:00   1.6134e-01   4.5768e+01   3.2959e+00   2.2970e-04   0.0000e+00   2.9289e+02
20220818_08:00:00   1.6577e-01   4.6866e+01   3.3740e+00   3.8230e-04   0.0000e+00   2.9433e+02
20220818_09:00:00   1.6981e-01   4.7877e+01   3.3988e+00   1.3910e-03   0.0000e+00   2.9566e+02
20220818_10:00:00   1.6792e-01   4.7438e+01   3.3941e+00   7.4670e-04   0.0000e+00   2.9641e+02
20220818_11:00:00   1.7147e-01   4.8311e+01   3.4808e+00   4.1660e-04   0.0000e+00   2.9800e+02
20220818_12:00:00   1.8661e-01   5.1871e+01   3.7930e+00   4.4760e-04   0.0000e+00   2.9811e+02
20220818_13:00:00   2.0214e-01   5.5468e+01   4.1151e+00   4.0690e-04   0.0000e+00   2.9525e+02
20220818_14:00:00   2.1357e-01   5.8070e+01   4.3659e+00   1.7030e-04   0.0000e+00   2.9461e+02
20220818_15:00:00   2.2003e-01   5.9500e+01   4.5078e+00   1.3530e-04   0.0000e+00   2.9369e+02
20220818_16:00:00   2.2306e-01   6.0154e+01   4.5724e+00   3.5140e-04   0.0000e+00   2.9433e+02
20220818_17:00:00   2.2265e-01   6.0070e+01   4.5536e+00   6.2720e-04   0.0000e+00   2.9515e+02
20220818_18:00:00   2.1702e-01   5.8789e+01   4.4515e+00   4.1340e-04   0.0000e+00   2.9432e+02
20220818_19:00:00   2.1025e-01   5.7264e+01   4.3106e+00   3.8250e-04   0.0000e+00   2.9849e+02
20220818_20:00:00   2.0347e-01   5.5720e+01   4.1644e+00   4.1310e-04   0.0000e+00   2.9972e+02
20220818_21:00:00   1.9470e-01   5.3689e+01   3.9591e+00   8.2560e-04   0.0000e+00   2.9908e+02
20220818_22:00:00   1.8190e-01   5.0660e+01   3.6936e+00   7.5680e-04   0.0000e+00   3.0021e+02
20220818_23:00:00   1.7422e-01   4.8836e+01   3.5417e+00   6.1130e-04   0.0000e+00   2.9897e+02
20220819_00:00:00   1.7028e-01   4.7923e+01   3.4589e+00   5.3200e-04   0.0000e+00   2.9816e+02
20220819_01:00:00   1.6453e-01   4.6561e+01   3.3585e+00   3.6270e-05   0.0000e+00   2.9621e+02
20220819_02:00:00   1.6119e-01   4.5780e+01   3.2690e+00   2.4620e-04   0.0000e+00   2.9294e+02
20220819_03:00:00   1.5839e-01   4.5121e+01   3.2056e+00   2.4750e-04   0.0000e+00   2.9649e+02
20220819_04:00:00   1.5616e-01   4.4551e+01   3.1542e+00   2.6290e-04   0.0000e+00   2.9576e+02
20220819_05:00:00   1.5231e-01   4.3590e+01   3.0786e+00   1.6900e-04   0.0000e+00   2.9778e+02
20220819_06:00:00   1.5131e-01   4.3357e+01   3.0512e+00   1.3690e-04   0.0000e+00   2.9886e+02
20220819_07:00:00   1.5880e-01   4.5227e+01   3.1879e+00   1.6460e-04   0.0000e+00   2.9672e+02
20220819_08:00:00   1.7425e-01   4.8964e+01   3.5025e+00   0.0000e+00   0.0000e+00   2.9774e+02
20220819_09:00:00   1.9103e-01   5.2953e+01   3.8297e+00   0.0000e+00   0.0000e+00   2.9607e+02
20220819_10:00:00   2.0997e-01   5.7355e+01   4.1923e+00   0.0000e+00   0.0000e+00   2.9533e+02
20220819_11:00:00   2.1675e-01   5.8988e+01   4.3055e+00   0.0000e+00   0.0000e+00   2.9603e+02
20220819_12:00:00   2.1790e-01   5.9328e+01   4.3078e+00   0.0000e+00   0.0000e+00   2.9700e+02
20220819_13:00:00   2.1545e-01   5.8817e+01   4.2465e+00   0.0000e+00   0.0000e+00   2.9459e+02
20220819_14:00:00   2.1321e-01   5.8353e+01   4.1881e+00   0.0000e+00   0.0000e+00   2.9367e+02
20220819_15:00:00   2.2574e-01   6.1154e+01   4.4484e+00   0.0000e+00   0.0000e+00   2.9184e+02
20220819_16:00:00   2.7651e-01   7.2063e+01   5.4770e+00   0.0000e+00   0.0000e+00   2.9029e+02
20220819_17:00:00   3.1481e-01   7.9917e+01   6.2318e+00   0.0000e+00   0.0000e+00   2.9333e+02
20220819_18:00:00   3.3961e-01   8.4871e+01   6.7195e+00   0.0000e+00   0.0000e+00   2.9243e+02
20220819_19:00:00   3.5780e-01   8.8409e+01   7.0730e+00   0.0000e+00   0.0000e+00   2.9311e+02
20220819_20:00:00   3.7889e-01   9.2383e+01   7.4822e+00   0.0000e+00   0.0000e+00   2.9226e+02
20220819_21:00:00   3.9840e-01   9.6041e+01   7.8607e+00   0.0000e+00   0.0000e+00   2.9194e+02
20220819_22:00:00   4.1515e-01   9.9167e+01   8.1903e+00   0.0000e+00   0.0000e+00   2.9408e+02
20220819_23:00:00   4.2996e-01   1.0186e+02   8.4912e+00   0.0000e+00   0.0000e+00   2.9429e+02
20220820_00:00:00   4.6097e-01   1.0734e+02   9.0866e+00   0.0000e+00   0.0000e+00   2.9553e+02
20220820_01:00:00   4.8731e-01   1.1181e+02   9.5809e+00   0.0000e+00   0.0000e+00   2.9579e+02
20220820_02:00:00   5.2272e-01   1.1761e+02   1.0244e+01   0.0000e+00   0.0000e+00   2.9183e+02
20220820_03:00:00   5.3247e-01   1.1924e+02   1.0392e+01   0.0000e+00   0.0000e+00   2.9213e+02
20220820_04:00:00   5.4599e-01   1.2143e+02   1.0642e+01   0.0000e+00   0.0000e+00   2.9096e+02
20220820_05:00:00   5.5690e-01   1.2295e+02   1.0887e+01   0.0000e+00   0.0000e+00   2.9157e+02
20220820_06:00:00   5.8069e-01   1.2651e+02   1.1374e+01   0.0000e+00   0.0000e+00   2.8889e+02
20220820_07:00:00   6.3289e-01   1.3410e+02   1.2350e+01   0.0000e+00   0.0000e+00   2.8810e+02
20220820_08:00:00   6.6385e-01   1.3849e+02   1.2896e+01   1.6056e-04   4.9320e-05   2.9151e+02
20220820_09:00:00   7.2035e-01   1.4606e+02   1.3665e+01   6.5250e-03   4.3237e-04   2.9444e+02
20220820_10:00:00   8.3731e-01   1.6034e+02   1.4814e+01   3.1170e-02   8.1781e-03   2.9113e+02
20220820_11:00:00   8.5079e-01   1.6213e+02   1.5595e+01   1.8696e-02   1.9774e-02   2.8978e+02
20220820_12:00:00   8.3613e-01   1.6058e+02   1.5513e+01   1.4440e-02   1.8938e-03   2.8873e+02
20220820_13:00:00   1.0049e+00   1.7886e+02   1.6369e+01   6.5940e-02   7.5277e-04   2.8924e+02
20220820_14:00:00   9.4742e-01   1.7349e+02   1.7649e+01   1.3083e-02   2.3600e-04   2.8859e+02
20220820_15:00:00   1.3514e+00   2.0843e+02   1.9838e+01   1.3004e-01   7.4190e-02   2.8758e+02
20220820_16:00:00   1.6989e+00   2.2951e+02   2.2238e+01   2.1284e-01   3.5927e-01   2.8565e+02
20220820_17:00:00   1.9027e+00   2.3845e+02   2.1007e+01   3.2846e-01   6.2489e-02   2.8660e+02
20220820_18:00:00   1.6262e+00   2.2516e+02   2.0833e+01   2.2596e-01   3.8994e-02   2.8797e+02
20220820_19:00:00   1.4084e+00   2.1249e+02   2.1049e+01   1.3067e-01   3.6968e-02   2.8720e+02
20220820_20:00:00   1.2406e+00   2.0067e+02   2.0854e+01   6.2015e-02   1.7528e-03   2.8847e+02
20220820_21:00:00   1.0613e+00   1.8552e+02   2.0479e+01   5.4517e-04   1.3399e-04   2.8794e+02
20220820_22:00:00   1.0632e+00   1.8573e+02   2.0690e+01   3.3920e-06   2.2362e-03   2.8730e+02
20220820_23:00:00   1.0679e+00   1.8607e+02   2.0905e+01   0.0000e+00   8.0304e-03   2.8682e+02
20220821_00:00:00   1.0722e+00   1.8637e+02   2.1047e+01   0.0000e+00   8.5126e-02   2.8678e+02
20220821_01:00:00   1.0689e+00   1.8604e+02   2.0992e+01   0.0000e+00   5.1992e-02   2.8547e+02
20220821_02:00:00   1.0180e+00   1.8133e+02   1.9955e+01   0.0000e+00   1.3962e-02   2.8569e+02
20220821_03:00:00   9.8136e-01   1.7762e+02   1.9259e+01   0.0000e+00   5.6652e-04   2.8606e+02
20220821_04:00:00   9.9366e-01   1.7858e+02   1.9651e+01   0.0000e+00   3.1669e-03   2.8534e+02
20220821_05:00:00   1.0166e+00   1.8062e+02   2.0111e+01   0.0000e+00   5.2678e-02   2.8467e+02
20220821_06:00:00   1.0324e+00   1.8192e+02   2.0402e+01   1.1164e-05   1.5468e-01   2.8566e+02
20220821_07:00:00   1.0341e+00   1.8198e+02   2.0352e+01   1.0542e-03   2.2355e-01   2.8607e+02
20220821_08:00:00   1.0183e+00   1.8046e+02   2.0141e+01   0.0000e+00   7.9416e-02   2.8324e+02
20220821_09:00:00   1.0049e+00   1.7924e+02   1.9900e+01   0.0000e+00   5.5752e-02   2.8634e+02
20220821_10:00:00   9.9431e-01   1.7822e+02   1.9678e+01   0.0000e+00   8.1113e-02   2.9092e+02
20220821_11:00:00   9.8328e-01   1.7719e+02   1.9415e+01   0.0000e+00   7.0122e-02   2.8976e+02
20220821_12:00:00   9.6776e-01   1.7571e+02   1.9122e+01   0.0000e+00   2.6658e-02   2.8876e+02
20220821_13:00:00   9.7685e-01   1.7658e+02   1.9380e+01   0.0000e+00   2.2567e-02   2.8863e+02
20220821_14:00:00   9.7594e-01   1.7645e+02   1.9434e+01   0.0000e+00   1.0743e-02   2.8930e+02
20220821_15:00:00   9.6967e-01   1.7578e+02   1.9356e+01   0.0000e+00   9.9034e-03   2.9156e+02
20220821_16:00:00   9.7019e-01   1.7578e+02   1.9386e+01   0.0000e+00   2.3178e-02   2.9005e+02
20220821_17:00:00   9.6742e-01   1.7553e+02   1.9204e+01   2.3500e-03   1.6866e-02   2.9050e+02
20220821_18:00:00   1.0060e+00   1.7944e+02   1.9250e+01   1.6472e-02   9.8824e-03   2.8840e+02
20220821_19:00:00   1.0249e+00   1.8132e+02   1.9302e+01   2.2642e-02   2.9485e-03   2.8999e+02
20220821_20:00:00   9.8748e-01   1.7765e+02   1.9395e+01   5.9700e-03   4.9208e-03   2.9136e+02
20220821_21:00:00   9.7595e-01   1.7647e+02   1.9476e+01   1.2846e-04   7.3163e-02   2.9180e+02
20220821_22:00:00   9.8028e-01   1.7693e+02   1.9586e+01   0.0000e+00   1.1786e-01   2.8968e+02
20220821_23:00:00   9.8188e-01   1.7703e+02   1.9576e+01   0.0000e+00   2.5280e-01   2.8886e+02
20220822_00:00:00   9.8968e-01   1.7776e+02   1.9715e+01   0.0000e+00   3.5048e-01   2.9021e+02
20220822_01:00:00   9.8156e-01   1.7697e+02   1.9544e+01   0.0000e+00   1.9872e-01   2.9177e+02
20220822_02:00:00   9.5221e-01   1.7411e+02   1.8923e+01   0.0000e+00   1.7110e-02   2.9168e+02
20220822_03:00:00   9.3868e-01   1.7271e+02   1.8635e+01   0.0000e+00   2.0076e-03   2.9347e+02
20220822_04:00:00   9.3191e-01   1.7196e+02   1.8458e+01   0.0000e+00   2.5454e-04   2.9368e+02
20220822_05:00:00   9.4121e-01   1.7290e+02   1.8617e+01   0.0000e+00   2.2949e-05   2.9336e+02
20220822_06:00:00   9.4178e-01   1.7290e+02   1.8627e+01   0.0000e+00   1.4331e-03   2.9354e+02
20220822_07:00:00   9.3876e-01   1.7262e+02   1.8501e+01   0.0000e+00   6.1388e-04   2.9482e+02
20220822_08:00:00   9.4492e-01   1.7326e+02   1.8554e+01   0.0000e+00   1.0040e-02   2.9542e+02
20220822_09:00:00   9.6532e-01   1.7530e+02   1.8941e+01   0.0000e+00   1.8466e-02   2.9519e+02
20220822_10:00:00   9.8570e-01   1.7752e+02   1.9293e+01   0.0000e+00   6.9064e-04   2.9685e+02
20220822_11:00:00   1.0009e+00   1.7913e+02   1.9481e+01   0.0000e+00   6.0798e-04   2.9579e+02
20220822_12:00:00   1.0151e+00   1.8061e+02   1.9723e+01   0.0000e+00   4.6141e-04   2.9870e+02
20220822_13:00:00   1.0294e+00   1.8204e+02   1.9930e+01   0.0000e+00   2.8360e-03   2.9950e+02
20220822_14:00:00   1.0331e+00   1.8234e+02   1.9998e+01   0.0000e+00   3.9863e-03   2.9808e+02
20220822_15:00:00   1.0096e+00   1.8002e+02   1.9601e+01   0.0000e+00   1.0201e-02   2.9800e+02
20220822_16:00:00   9.6368e-01   1.7531e+02   1.8826e+01   0.0000e+00   3.1158e-03   2.9807e+02
20220822_17:00:00   9.3324e-01   1.7207e+02   1.8326e+01   0.0000e+00   8.6740e-04   2.9889e+02
20220822_18:00:00   9.1977e-01   1.7059e+02   1.8116e+01   0.0000e+00   1.4810e-03   2.9993e+02
20220822_19:00:00   8.8904e-01   1.6705e+02   1.7625e+01   0.0000e+00   7.7029e-04   3.0030e+02
20220822_20:00:00   8.4941e-01   1.6223e+02   1.6993e+01   0.0000e+00   3.9270e-04   2.9863e+02
20220822_21:00:00   8.1705e-01   1.5822e+02   1.6396e+01   0.0000e+00   2.7940e-04   2.9855e+02
20220822_22:00:00   8.0976e-01   1.5739e+02   1.6195e+01   0.0000e+00   1.2334e-07   2.9882e+02
20220822_23:00:00   8.1561e-01   1.5816e+02   1.6238e+01   0.0000e+00   2.2840e-07   2.9745e+02
20220823_00:00:00   8.0855e-01   1.5739e+02   1.6053e+01   0.0000e+00   1.0508e-07   2.9806e+02
20220823_01:00:00   7.8728e-01   1.5482e+02   1.5610e+01   0.0000e+00   0.0000e+00   2.9879e+02
20220823_02:00:00   7.5465e-01   1.5068e+02   1.4975e+01   0.0000e+00   0.0000e+00   2.9946e+02
20220823_03:00:00   7.1897e-01   1.4606e+02   1.4262e+01   0.0000e+00   0.0000e+00   3.0030e+02
20220823_04:00:00   7.0024e-01   1.4353e+02   1.3845e+01   0.0000e+00   0.0000e+00   3.0157e+02
20220823_05:00:00   6.6771e-01   1.3922e+02   1.3122e+01   0.0000e+00   0.0000e+00   2.9961e+02
20220823_06:00:00   6.1097e-01   1.3129e+02   1.1851e+01   0.0000e+00   0.0000e+00   2.9905e+02
20220823_09:00:00   5.4369e-01   1.2131e+02   1.0201e+01   0.0000e+00   0.0000e+00   2.9869e+02
20220823_12:00:00   5.6001e-01   1.2403e+02   1.0408e+01   0.0000e+00   0.0000e+00   2.9412e+02
20220823_15:00:00   5.2305e-01   1.1798e+02   9.7826e+00   0.0000e+00   0.0000e+00   2.9694e+02
20220823_18:00:00   4.6326e-01   1.0786e+02   8.6934e+00   0.0000e+00   0.0000e+00   2.9778e+02
20220823_21:00:00   4.1064e-01   9.8452e+01   7.6978e+00   0.0000e+00   0.0000e+00   2.9643e+02
20220824_00:00:00   3.6114e-01   8.9009e+01   6.7980e+00   0.0000e+00   0.0000e+00   2.9958e+02
20220824_03:00:00   3.2475e-01   8.1760e+01   6.1544e+00   0.0000e+00   0.0000e+00   2.9606e+02
20220824_06:00:00   3.1314e-01   7.9418e+01   5.9080e+00   0.0000e+00   0.0000e+00   2.9382e+02
20220824_09:00:00   2.9523e-01   7.5823e+01   5.5125e+00   0.0000e+00   0.0000e+00   2.9287e+02
20220824_12:00:00   2.8706e-01   7.4190e+01   5.3300e+00   0.0000e+00   0.0000e+00   2.9193e+02
20220824_15:00:00   2.5838e-01   6.8152e+01   4.8153e+00   0.0000e+00   0.0000e+00   2.9324e+02
20220824_18:00:00   2.1498e-01   5.8580e+01   4.0448e+00   0.0000e+00   0.0000e+00   2.9314e+02
20220824_21:00:00   1.4682e-01   4.2586e+01   2.7751e+00   0.0000e+00   0.0000e+00   2.9445e+02
20220825_00:00:00   1.0704e-01   3.2654e+01   2.0006e+00   0.0000e+00   0.0000e+00   2.9268e+02
20220825_03:00:00   9.0557e-02   2.8458e+01   1.6524e+00   0.0000e+00   0.0000e+00   2.9148e+02
20220825_06:00:00   8.8039e-02   2.7812e+01   1.5954e+00   0.0000e+00   0.0000e+00   2.9325e+02
20220825_09:00:00   8.7270e-02   2.7635e+01   1.5705e+00   0.0000e+00   0.0000e+00   2.9494e+02
20220825_12:00:00   8.6820e-02   2.7543e+01   1.5580e+00   0.0000e+00   0.0000e+00   2.9663e+02
20220825_15:00:00   8.7461e-02   2.7703e+01   1.5773e+00   0.0000e+00   0.0000e+00   2.9466e+02
20220825_18:00:00   8.7324e-02   2.7642e+01   1.5892e+00   0.0000e+00   0.0000e+00   2.9541e+02
20220825_21:00:00   8.5525e-02   2.7153e+01   1.5676e+00   0.0000e+00   0.0000e+00   2.9417e+02
20220826_00:00:00   8.7286e-02   2.7611e+01   1.6011e+00   0.0000e+00   0.0000e+00   2.9026e+02
20220826_03:00:00   9.1856e-02   2.8741e+01   1.7092e+00   0.0000e+00   0.0000e+00   2.8877e+02
20220826_06:00:00   9.2446e-02   2.8904e+01   1.7119e+00   0.0000e+00   0.0000e+00   2.8616e+02
20220826_09:00:00   9.2447e-02   2.8905e+01   1.7125e+00   0.0000e+00   0.0000e+00   2.8543e+02
20220826_12:00:00   9.5101e-02   2.9531e+01   1.7869e+00   0.0000e+00   0.0000e+00   2.8489e+02
20220826_15:00:00   9.9838e-02   3.0742e+01   1.8889e+00   0.0000e+00   0.0000e+00   2.8584e+02
20220826_18:00:00   1.0333e-01   3.1588e+01   1.9932e+00   0.0000e+00   0.0000e+00   2.8481e+02
20220826_21:00:00   1.0442e-01   3.1766e+01   2.0587e+00   0.0000e+00   0.0000e+00   2.8381e+02
20220827_00:00:00   1.1574e-01   3.4551e+01   2.3272e+00   0.0000e+00   0.0000e+00   2.8151e+02
20220827_03:00:00   1.3427e-01   3.8987e+01   2.7487e+00   0.0000e+00   0.0000e+00   2.8313e+02
20220827_06:00:00   1.5449e-01   4.3745e+01   3.2019e+00   0.0000e+00   0.0000e+00   2.8204e+02
20220827_09:00:00   1.6268e-01   4.5644e+01   3.3717e+00   0.0000e+00   0.0000e+00   2.8059e+02
20220827_12:00:00   1.8057e-01   4.9872e+01   3.7452e+00   0.0000e+00   0.0000e+00   2.8182e+02
20220827_15:00:00   2.0263e-01   5.4954e+01   4.2217e+00   0.0000e+00   0.0000e+00   2.7993e+02
20220827_18:00:00   2.3145e-01   6.1474e+01   4.8155e+00   0.0000e+00   0.0000e+00   2.7814e+02
20220827_21:00:00   2.5558e-01   6.6920e+01   5.2886e+00   0.0000e+00   0.0000e+00   2.8024e+02
20220828_00:00:00   2.7949e-01   7.2073e+01   5.7384e+00   0.0000e+00   0.0000e+00   2.8274e+02
20220828_03:00:00   2.5525e-01   6.7089e+01   5.1947e+00   0.0000e+00   0.0000e+00   2.8322e+02
20220828_06:00:00   3.0339e-01   7.6917e+01   6.2140e+00   0.0000e+00   0.0000e+00   2.8576e+02
20220828_09:00:00   3.0737e-01   7.7678e+01   6.2867e+00   0.0000e+00   0.0000e+00   2.8390e+02
20220828_12:00:00   3.4806e-01   8.6003e+01   7.0605e+00   0.0000e+00   0.0000e+00   2.8319e+02
20220828_15:00:00   3.6918e-01   9.0479e+01   7.4013e+00   0.0000e+00   0.0000e+00   2.8151e+02
20220828_18:00:00   4.4208e-01   1.0400e+02   8.7733e+00   0.0000e+00   0.0000e+00   2.8020e+02
20220828_21:00:00   4.7231e-01   1.0953e+02   9.2732e+00   0.0000e+00   0.0000e+00   2.7895e+02
20220829_00:00:00   5.1566e-01   1.1695e+02   1.0087e+01   0.0000e+00   0.0000e+00   2.8187e+02
20220829_03:00:00   6.5005e-01   1.3742e+02   1.2600e+01   0.0000e+00   0.0000e+00   2.7858e+02
20220829_06:00:00   8.1096e-01   1.5921e+02   1.5441e+01   0.0000e+00   0.0000e+00   2.7984e+02
20220829_09:00:00   8.3551e-01   1.6195e+02   1.6087e+01   0.0000e+00   4.2820e-06   2.7842e+02
20220829_12:00:00   9.2032e-01   1.7176e+02   1.7561e+01   0.0000e+00   3.7101e-05   2.7808e+02
20220829_15:00:00   9.9829e-01   1.7969e+02   1.9415e+01   0.0000e+00   5.2340e-05   2.7528e+02
20220829_18:00:00   9.9031e-01   1.7924e+02   1.9150e+01   0.0000e+00   0.0000e+00   2.7385e+02
20220829_21:00:00   8.8874e-01   1.6823e+02   1.7522e+01   0.0000e+00   0.0000e+00   2.7483e+02
20220830_00:00:00   8.1331e-01   1.5913e+02   1.6275e+01   0.0000e+00   0.0000e+00   2.7511e+02
20220830_03:00:00   8.0432e-01   1.5757e+02   1.6071e+01   2.1420e-03   1.7830e-03   2.7615e+02
20220830_06:00:00   8.0512e-01   1.5738e+02   1.6097e+01   2.6800e-05   1.5947e-02   2.7424e+02
20220830_09:00:00   7.3713e-01   1.4886e+02   1.4816e+01   0.0000e+00   2.6277e-04   2.7344e+02
20220830_12:00:00   6.8050e-01   1.4134e+02   1.3769e+01   0.0000e+00   0.0000e+00   2.7565e+02
20220830_15:00:00   5.9117e-01   1.2825e+02   1.2089e+01   0.0000e+00   0.0000e+00   2.7479e+02
20220830_18:00:00   5.0811e-01   1.1580e+02   1.0241e+01   0.0000e+00   0.0000e+00   2.7360e+02
20220830_21:00:00   5.2252e-01   1.1869e+02   1.0244e+01   0.0000e+00   0.0000e+00   2.7367e+02
20220831_00:00:00   6.4162e-01   1.3735e+02   1.2234e+01   0.0000e+00   0.0000e+00   2.7630e+02
20220831_03:00:00   5.5246e-01   1.2373e+02   1.0470e+01   0.0000e+00   0.0000e+00   2.7635e+02
20220831_06:00:00   5.7340e-01   1.2648e+02   1.1021e+01   0.0000e+00   0.0000e+00   2.7693e+02
20220831_09:00:00   7.1763e-01   1.4732e+02   1.3566e+01   0.0000e+00   0.0000e+00   2.8189e+02
20220831_12:00:00   7.3086e-01   1.4895e+02   1.3901e+01   0.0000e+00   3.6480e-06   2.8547e+02
20220831_15:00:00   7.8068e-01   1.5534e+02   1.4850e+01   0.0000e+00   0.0000e+00   2.8511e+02
20220831_18:00:00   1.1354e+00   1.9212e+02   1.8058e+01   7.4373e-02   1.2454e-03   2.8331e+02
20220831_21:00:00   9.5512e-01   1.7516e+02   1.7969e+01   3.8000e-03   1.6516e-04   2.8231e+02
20220901_00:00:00   9.5505e-01   1.7500e+02   1.8307e+01   0.0000e+00   0.0000e+00   2.8266e+02
20220901_03:00:00   9.5484e-01   1.7494e+02   1.8263e+01   0.0000e+00   3.6718e-04   2.8288e+02
20220901_06:00:00   9.1016e-01   1.7006e+02   1.7581e+01   0.0000e+00   0.0000e+00   2.8231e+02
20220901_09:00:00   9.2045e-01   1.7110e+02   1.7853e+01   0.0000e+00   9.9677e-05   2.8266e+02
20220901_12:00:00   9.0437e-01   1.6964e+02   1.7487e+01   0.0000e+00   0.0000e+00   2.8115e+02
20220901_15:00:00   9.3709e-01   1.7342e+02   1.7919e+01   9.6660e-04   3.6480e-06   2.8193e+02
20220901_18:00:00   8.6388e-01   1.6534e+02   1.6707e+01   0.0000e+00   0.0000e+00   2.8211e+02
20220901_21:00:00   8.1153e-01   1.5904e+02   1.5815e+01   0.0000e+00   0.0000e+00   2.8412e+02
20220902_00:00:00   8.0609e-01   1.5824e+02   1.5789e+01   0.0000e+00   0.0000e+00   2.8404e+02
20220902_03:00:00   8.0530e-01   1.5794e+02   1.5730e+01   0.0000e+00   0.0000e+00   2.8542e+02
20220902_06:00:00   7.9720e-01   1.5685e+02   1.5526e+01   0.0000e+00   0.0000e+00   2.8749e+02
20220902_09:00:00   7.8224e-01   1.5508e+02   1.5238e+01   0.0000e+00   0.0000e+00   2.8912e+02
20220902_12:00:00   7.1760e-01   1.4655e+02   1.4154e+01   0.0000e+00   0.0000e+00   2.8957e+02
20220902_15:00:00   7.0515e-01   1.4491e+02   1.3919e+01   0.0000e+00   0.0000e+00   2.8668e+02
20220902_18:00:00   6.7363e-01   1.4061e+02   1.3338e+01   0.0000e+00   0.0000e+00   2.8783e+02
20220902_21:00:00   6.5280e-01   1.3775e+02   1.2912e+01   0.0000e+00   0.0000e+00   2.8727e+02
20220903_00:00:00   6.9607e-01   1.4371e+02   1.3737e+01   0.0000e+00   0.0000e+00   2.8667e+02
20220903_03:00:00   7.7245e-01   1.5322e+02   1.5165e+01   0.0000e+00   1.7128e-05   2.8494e+02
20220903_06:00:00   7.6097e-01   1.5168e+02   1.4974e+01   0.0000e+00   1.5264e-05   2.8497e+02
