#            date       tau255        Tb[K]      pwv[mm] lwp[kg*m^-2] iwp[kg*m^-2]       o3[DU]
20201212_06:00:00   2.1154e-01   5.7549e+01   4.0979e+00   0.0000e+00   0.0000e+00   2.6939e+02
20201212_07:00:00   2.0326e-01   5.5663e+01   3.9433e+00   0.0000e+00   0.0000e+00   2.6817e+02
20201212_08:00:00   2.2119e-01   5.9574e+01   4.3430e+00   0.0000e+00   0.0000e+00   2.6806e+02
20201212_09:00:00   2.3876e-01   6.3502e+01   4.6902e+00   0.0000e+00   0.0000e+00   2.6928e+02
20201212_10:00:00   2.5392e-01   6.7085e+01   4.8969e+00   0.0000e+00   0.0000e+00   2.6833e+02
20201212_11:00:00   2.5771e-01   6.8160e+01   4.9216e+00   0.0000e+00   0.0000e+00   2.6704e+02
20201212_12:00:00   2.5331e-01   6.7344e+01   4.8690e+00   0.0000e+00   0.0000e+00   2.6692e+02
20201212_13:00:00   2.4515e-01   6.5576e+01   4.7628e+00   0.0000e+00   0.0000e+00   2.6493e+02
20201212_14:00:00   2.2080e-01   6.0272e+01   4.2795e+00   0.0000e+00   0.0000e+00   2.6281e+02
20201212_15:00:00   2.0421e-01   5.6573e+01   3.9322e+00   0.0000e+00   0.0000e+00   2.6159e+02
20201212_16:00:00   1.9320e-01   5.4088e+01   3.7136e+00   0.0000e+00   0.0000e+00   2.6211e+02
20201212_17:00:00   1.8432e-01   5.2095e+01   3.5496e+00   0.0000e+00   0.0000e+00   2.6144e+02
20201212_18:00:00   1.8943e-01   5.3243e+01   3.6811e+00   0.0000e+00   0.0000e+00   2.6131e+02
20201212_19:00:00   1.9079e-01   5.3460e+01   3.7325e+00   0.0000e+00   0.0000e+00   2.6304e+02
20201212_20:00:00   1.9545e-01   5.4395e+01   3.8644e+00   0.0000e+00   0.0000e+00   2.6333e+02
20201212_21:00:00   2.0911e-01   5.7411e+01   4.1584e+00   0.0000e+00   0.0000e+00   2.6386e+02
20201212_22:00:00   2.2215e-01   6.0383e+01   4.4017e+00   0.0000e+00   0.0000e+00   2.6467e+02
20201212_23:00:00   2.3072e-01   6.2263e+01   4.5555e+00   0.0000e+00   0.0000e+00   2.6609e+02
20201213_00:00:00   2.4245e-01   6.4776e+01   4.7835e+00   0.0000e+00   0.0000e+00   2.6674e+02
20201213_01:00:00   2.5011e-01   6.6404e+01   4.9155e+00   0.0000e+00   0.0000e+00   2.6754e+02
20201213_02:00:00   2.5228e-01   6.6930e+01   4.9582e+00   0.0000e+00   0.0000e+00   2.6716e+02
20201213_03:00:00   2.5870e-01   6.8357e+01   5.1068e+00   0.0000e+00   0.0000e+00   2.6742e+02
20201213_04:00:00   2.5430e-01   6.7428e+01   5.0221e+00   0.0000e+00   0.0000e+00   2.6697e+02
20201213_05:00:00   2.4345e-01   6.5084e+01   4.8098e+00   0.0000e+00   0.0000e+00   2.6822e+02
20201213_06:00:00   2.4165e-01   6.4694e+01   4.7869e+00   0.0000e+00   0.0000e+00   2.6847e+02
20201213_07:00:00   2.5317e-01   6.7255e+01   5.0099e+00   0.0000e+00   0.0000e+00   2.6711e+02
20201213_08:00:00   2.8066e-01   7.3156e+01   5.5441e+00   0.0000e+00   0.0000e+00   2.6628e+02
20201213_09:00:00   3.4422e-01   8.6201e+01   6.7675e+00   0.0000e+00   0.0000e+00   2.6779e+02
20201213_10:00:00   4.2745e-01   1.0199e+02   8.5229e+00   0.0000e+00   0.0000e+00   2.6844e+02
20201213_11:00:00   5.0911e-01   1.1601e+02   1.0343e+01   0.0000e+00   0.0000e+00   2.6754e+02
20201213_12:00:00   5.5373e-01   1.2306e+02   1.1399e+01   0.0000e+00   0.0000e+00   2.6569e+02
20201213_13:00:00   5.4712e-01   1.2185e+02   1.1292e+01   0.0000e+00   4.9800e-06   2.6283e+02
20201213_14:00:00   5.3596e-01   1.1993e+02   1.1092e+01   0.0000e+00   0.0000e+00   2.6241e+02
20201213_15:00:00   5.5975e-01   1.2372e+02   1.1611e+01   0.0000e+00   0.0000e+00   2.6267e+02
20201213_16:00:00   5.9309e-01   1.2882e+02   1.2269e+01   0.0000e+00   0.0000e+00   2.6268e+02
20201213_17:00:00   5.8820e-01   1.2809e+02   1.2146e+01   0.0000e+00   0.0000e+00   2.6261e+02
20201213_18:00:00   5.7055e-01   1.2537e+02   1.1767e+01   0.0000e+00   0.0000e+00   2.6334e+02
20201213_19:00:00   5.5310e-01   1.2254e+02   1.1407e+01   0.0000e+00   0.0000e+00   2.6344e+02
20201213_20:00:00   5.2706e-01   1.1829e+02   1.0870e+01   0.0000e+00   0.0000e+00   2.6416e+02
20201213_21:00:00   5.0947e-01   1.1527e+02   1.0522e+01   0.0000e+00   0.0000e+00   2.6485e+02
20201213_22:00:00   5.0003e-01   1.1356e+02   1.0334e+01   0.0000e+00   0.0000e+00   2.6543e+02
20201213_23:00:00   5.0960e-01   1.1502e+02   1.0509e+01   0.0000e+00   0.0000e+00   2.6432e+02
20201214_00:00:00   5.0661e-01   1.1433e+02   1.0412e+01   0.0000e+00   0.0000e+00   2.6372e+02
20201214_01:00:00   4.8732e-01   1.1113e+02   9.9970e+00   0.0000e+00   0.0000e+00   2.6282e+02
20201214_02:00:00   4.6304e-01   1.0706e+02   9.4941e+00   0.0000e+00   0.0000e+00   2.6277e+02
20201214_03:00:00   4.4591e-01   1.0427e+02   9.1253e+00   0.0000e+00   0.0000e+00   2.6332e+02
20201214_04:00:00   4.4282e-01   1.0388e+02   9.0237e+00   0.0000e+00   0.0000e+00   2.6317e+02
20201214_05:00:00   4.5126e-01   1.0553e+02   9.1629e+00   0.0000e+00   0.0000e+00   2.6180e+02
20201214_06:00:00   4.5855e-01   1.0699e+02   9.2897e+00   0.0000e+00   0.0000e+00   2.6270e+02
20201214_07:00:00   4.6826e-01   1.0888e+02   9.4730e+00   0.0000e+00   0.0000e+00   2.6362e+02
20201214_08:00:00   4.7112e-01   1.0939e+02   9.5213e+00   0.0000e+00   0.0000e+00   2.6353e+02
20201214_09:00:00   4.6821e-01   1.0893e+02   9.4624e+00   0.0000e+00   0.0000e+00   2.6317e+02
20201214_10:00:00   4.7075e-01   1.0945e+02   9.5226e+00   0.0000e+00   0.0000e+00   2.6317e+02
20201214_11:00:00   4.8436e-01   1.1182e+02   9.7888e+00   0.0000e+00   0.0000e+00   2.6290e+02
20201214_12:00:00   5.0044e-01   1.1467e+02   1.0109e+01   0.0000e+00   0.0000e+00   2.6219e+02
20201214_13:00:00   5.1077e-01   1.1647e+02   1.0361e+01   0.0000e+00   0.0000e+00   2.6223e+02
20201214_14:00:00   5.2825e-01   1.1928e+02   1.0727e+01   0.0000e+00   0.0000e+00   2.6178e+02
20201214_15:00:00   5.3288e-01   1.1992e+02   1.0830e+01   0.0000e+00   0.0000e+00   2.6109e+02
20201214_16:00:00   5.2315e-01   1.1821e+02   1.0688e+01   0.0000e+00   0.0000e+00   2.6077e+02
20201214_17:00:00   5.1104e-01   1.1618e+02   1.0540e+01   0.0000e+00   0.0000e+00   2.6020e+02
20201214_18:00:00   5.0980e-01   1.1590e+02   1.0550e+01   0.0000e+00   0.0000e+00   2.6024e+02
20201214_19:00:00   5.1503e-01   1.1670e+02   1.0647e+01   0.0000e+00   0.0000e+00   2.6101e+02
20201214_20:00:00   5.1841e-01   1.1719e+02   1.0685e+01   0.0000e+00   0.0000e+00   2.6130e+02
20201214_21:00:00   5.2549e-01   1.1827e+02   1.0821e+01   0.0000e+00   0.0000e+00   2.6072e+02
20201214_22:00:00   5.4338e-01   1.2101e+02   1.1148e+01   0.0000e+00   0.0000e+00   2.6017e+02
20201214_23:00:00   5.4078e-01   1.2030e+02   1.1040e+01   0.0000e+00   0.0000e+00   2.5905e+02
20201215_00:00:00   5.2474e-01   1.1773e+02   1.0685e+01   0.0000e+00   0.0000e+00   2.5851e+02
20201215_01:00:00   5.1721e-01   1.1645e+02   1.0511e+01   0.0000e+00   0.0000e+00   2.5817e+02
20201215_02:00:00   5.1087e-01   1.1535e+02   1.0369e+01   0.0000e+00   0.0000e+00   2.5946e+02
20201215_03:00:00   4.9435e-01   1.1254e+02   1.0023e+01   0.0000e+00   0.0000e+00   2.6033e+02
20201215_04:00:00   4.8073e-01   1.1032e+02   9.7241e+00   0.0000e+00   0.0000e+00   2.6089e+02
20201215_05:00:00   4.8511e-01   1.1116e+02   9.7858e+00   0.0000e+00   0.0000e+00   2.6106e+02
20201215_06:00:00   4.8485e-01   1.1132e+02   9.7609e+00   0.0000e+00   0.0000e+00   2.6098e+02
20201215_07:00:00   4.6743e-01   1.0859e+02   9.3830e+00   0.0000e+00   0.0000e+00   2.6129e+02
20201215_08:00:00   4.6807e-01   1.0890e+02   9.3734e+00   0.0000e+00   0.0000e+00   2.6210e+02
20201215_09:00:00   4.7963e-01   1.1099e+02   9.5855e+00   0.0000e+00   0.0000e+00   2.6256e+02
20201215_10:00:00   4.9618e-01   1.1395e+02   9.9026e+00   0.0000e+00   0.0000e+00   2.6209e+02
20201215_11:00:00   5.0906e-01   1.1638e+02   1.0126e+01   0.0000e+00   0.0000e+00   2.6146e+02
20201215_12:00:00   5.1382e-01   1.1742e+02   1.0221e+01   0.0000e+00   0.0000e+00   2.6007e+02
20201215_13:00:00   5.3598e-01   1.2111e+02   1.0704e+01   0.0000e+00   0.0000e+00   2.6040e+02
20201215_14:00:00   5.6416e-01   1.2551e+02   1.1356e+01   0.0000e+00   0.0000e+00   2.6130e+02
20201215_15:00:00   5.7843e-01   1.2761e+02   1.1686e+01   0.0000e+00   0.0000e+00   2.6160e+02
20201215_16:00:00   5.8661e-01   1.2874e+02   1.1871e+01   0.0000e+00   0.0000e+00   2.6059e+02
20201215_17:00:00   6.0790e-01   1.3183e+02   1.2362e+01   0.0000e+00   0.0000e+00   2.6000e+02
20201215_18:00:00   6.2214e-01   1.3378e+02   1.2638e+01   0.0000e+00   0.0000e+00   2.6064e+02
20201215_19:00:00   6.3261e-01   1.3520e+02   1.2795e+01   0.0000e+00   0.0000e+00   2.6180e+02
20201215_20:00:00   6.1475e-01   1.3247e+02   1.2426e+01   0.0000e+00   0.0000e+00   2.6289e+02
20201215_21:00:00   6.0120e-01   1.3041e+02   1.2183e+01   0.0000e+00   0.0000e+00   2.6335e+02
20201215_22:00:00   6.1262e-01   1.3197e+02   1.2455e+01   0.0000e+00   0.0000e+00   2.6385e+02
20201215_23:00:00   5.7996e-01   1.2649e+02   1.1761e+01   0.0000e+00   3.8560e-05   2.6394e+02
20201216_00:00:00   5.5729e-01   1.2289e+02   1.1335e+01   0.0000e+00   0.0000e+00   2.6400e+02
20201216_01:00:00   6.0064e-01   1.2997e+02   1.2052e+01   0.0000e+00   0.0000e+00   2.6402e+02
20201216_02:00:00   6.1954e-01   1.3307e+02   1.2279e+01   0.0000e+00   0.0000e+00   2.6400e+02
20201216_03:00:00   6.7470e-01   1.4137e+02   1.3192e+01   0.0000e+00   0.0000e+00   2.6493e+02
20201216_04:00:00   6.8672e-01   1.4316e+02   1.3356e+01   0.0000e+00   0.0000e+00   2.6456e+02
20201216_05:00:00   7.2066e-01   1.4814e+02   1.3865e+01   0.0000e+00   0.0000e+00   2.6456e+02
20201216_06:00:00   7.2562e-01   1.4895e+02   1.3932e+01   0.0000e+00   0.0000e+00   2.6466e+02
20201216_07:00:00   6.9908e-01   1.4546e+02   1.3437e+01   0.0000e+00   0.0000e+00   2.6433e+02
20201216_08:00:00   6.7889e-01   1.4271e+02   1.3030e+01   0.0000e+00   0.0000e+00   2.6273e+02
20201216_09:00:00   7.2902e-01   1.4966e+02   1.3922e+01   0.0000e+00   0.0000e+00   2.6143e+02
20201216_10:00:00   8.2639e-01   1.6161e+02   1.4884e+01   2.2023e-02   1.7789e-04   2.6106e+02
20201216_11:00:00   8.6545e-01   1.6553e+02   1.5158e+01   4.1892e-02   1.1179e-02   2.5966e+02
20201216_12:00:00   9.1424e-01   1.7065e+02   1.5632e+01   5.7938e-02   5.6658e-02   2.5936e+02
20201216_13:00:00   9.1485e-01   1.7130e+02   1.6760e+01   2.7309e-02   4.2832e-02   2.5876e+02
20201216_14:00:00   9.1702e-01   1.7183e+02   1.7496e+01   8.9823e-03   2.3692e-02   2.5849e+02
20201216_15:00:00   1.2538e+00   2.0261e+02   1.9477e+01   1.0142e-01   1.1172e-02   2.5819e+02
20201216_16:00:00   1.0989e+00   1.8968e+02   2.0374e+01   1.9152e-02   2.6043e-03   2.5886e+02
20201216_17:00:00   1.4243e+00   2.1375e+02   2.1869e+01   1.2165e-01   1.9180e-02   2.6012e+02
20201216_18:00:00   1.7009e+00   2.2876e+02   2.2798e+01   2.2144e-01   3.2020e-01   2.5912e+02
20201216_19:00:00   1.1035e+00   1.8866e+02   2.1583e+01   0.0000e+00   2.7047e-01   2.5918e+02
20201216_20:00:00   1.0599e+00   1.8459e+02   2.0903e+01   1.7829e-03   3.4132e-01   2.5944e+02
20201216_21:00:00   1.0027e+00   1.7871e+02   2.0017e+01   8.6260e-05   2.5211e-01   2.5977e+02
20201216_22:00:00   1.0167e+00   1.8028e+02   2.0171e+01   6.3260e-04   1.5383e-01   2.6071e+02
20201216_23:00:00   1.0227e+00   1.8099e+02   2.0153e+01   2.0120e-04   1.5960e-01   2.6237e+02
20201217_00:00:00   1.0466e+00   1.8326e+02   2.0528e+01   0.0000e+00   1.5411e-01   2.6223e+02
20201217_01:00:00   1.0435e+00   1.8289e+02   2.0471e+01   6.6680e-05   1.8822e-01   2.6163e+02
20201217_02:00:00   1.0537e+00   1.8392e+02   2.0566e+01   4.3140e-04   1.2793e-01   2.5999e+02
20201217_03:00:00   1.0001e+00   1.7856e+02   1.9753e+01   0.0000e+00   1.5934e-01   2.6118e+02
20201217_04:00:00   9.6401e-01   1.7486e+02   1.9170e+01   1.3560e-03   8.6457e-02   2.6152e+02
20201217_05:00:00   9.4048e-01   1.7245e+02   1.8787e+01   0.0000e+00   9.4790e-02   2.6167e+02
20201217_06:00:00   9.7244e-01   1.7592e+02   1.9238e+01   0.0000e+00   7.4167e-02   2.6151e+02
20201217_09:00:00   1.0219e+00   1.8133e+02   1.9796e+01   4.6680e-03   7.1514e-02   2.6071e+02
20201217_12:00:00   1.9009e+00   2.3792e+02   2.1322e+01   3.4850e-01   1.9063e-01   2.5792e+02
20201217_15:00:00   1.3188e+00   2.0588e+02   2.2280e+01   6.6803e-02   5.3738e-01   2.5651e+02
20201217_18:00:00   1.1976e+00   1.9663e+02   2.1911e+01   2.8442e-02   3.7604e-01   2.5654e+02
20201217_21:00:00   1.0974e+00   1.8797e+02   2.1075e+01   9.4320e-03   1.2795e-01   2.5639e+02
20201218_00:00:00   1.1075e+00   1.8906e+02   2.1434e+01   3.1584e-03   1.3632e-01   2.5629e+02
20201218_03:00:00   1.1800e+00   1.9433e+02   2.0752e+01   4.8942e-02   1.4234e-01   2.5577e+02
20201218_06:00:00   1.0071e+00   1.7909e+02   1.9795e+01   0.0000e+00   1.7314e-01   2.5690e+02
20201218_09:00:00   1.0829e+00   1.8702e+02   2.0902e+01   0.0000e+00   7.0046e-02   2.5552e+02
20201218_12:00:00   1.8525e+00   2.3702e+02   2.2396e+01   2.8431e-01   1.4168e-02   2.5350e+02
20201218_15:00:00   1.3081e+00   2.0641e+02   2.1593e+01   6.9666e-02   1.6181e-03   2.5308e+02
20201218_18:00:00   1.1689e+00   1.9527e+02   2.1126e+01   2.6969e-02   2.6642e-03   2.5476e+02
20201218_21:00:00   1.2679e+00   2.0295e+02   2.1890e+01   4.5054e-02   7.0179e-03   2.5400e+02
20201219_00:00:00   1.1676e+00   1.9480e+02   2.1731e+01   6.7000e-03   6.1766e-04   2.5143e+02
20201219_03:00:00   1.4069e+00   2.1224e+02   2.1965e+01   1.0531e-01   5.0362e-02   2.5123e+02
20201219_06:00:00   1.0925e+00   1.8785e+02   2.0790e+01   2.6007e-03   1.0546e-02   2.5001e+02
20201219_09:00:00   1.1035e+00   1.8952e+02   2.0951e+01   0.0000e+00   3.8701e-06   2.4982e+02
20201219_12:00:00   1.8237e+00   2.3657e+02   2.2550e+01   2.4947e-01   1.2242e-04   2.4804e+02
20201219_15:00:00   1.6163e+00   2.2621e+02   2.2862e+01   1.5324e-01   7.1328e-04   2.4949e+02
20201219_18:00:00   1.1568e+00   1.9473e+02   2.1649e+01   8.0510e-04   0.0000e+00   2.4945e+02
20201219_21:00:00   1.5535e+00   2.2199e+02   2.1511e+01   1.7230e-01   2.9802e-02   2.4845e+02
20201220_00:00:00   1.3366e+00   2.0793e+02   1.9624e+01   1.2499e-01   1.8618e-04   2.5042e+02
20201220_03:00:00   1.0041e+00   1.8019e+02   1.9069e+01   0.0000e+00   1.9324e-05   2.5040e+02
20201220_06:00:00   9.5794e-01   1.7583e+02   1.7961e+01   0.0000e+00   0.0000e+00   2.5067e+02
20201220_09:00:00   9.5600e-01   1.7606e+02   1.7866e+01   0.0000e+00   0.0000e+00   2.5145e+02
20201220_12:00:00   1.4278e+00   2.1603e+02   1.9535e+01   1.5490e-01   1.6722e-04   2.4976e+02
20201220_15:00:00   1.2558e+00   2.0379e+02   1.9970e+01   6.9526e-02   1.6103e-05   2.4933e+02
20201220_18:00:00   1.0547e+00   1.8662e+02   1.9543e+01   0.0000e+00   0.0000e+00   2.5162e+02
20201220_21:00:00   1.1725e+00   1.9687e+02   1.9496e+01   5.3258e-02   1.6926e-03   2.5232e+02
20201221_00:00:00   9.6187e-01   1.7676e+02   1.8005e+01   0.0000e+00   0.0000e+00   2.5365e+02
20201221_03:00:00   9.0724e-01   1.7083e+02   1.7038e+01   0.0000e+00   0.0000e+00   2.5132e+02
20201221_06:00:00   9.0247e-01   1.7073e+02   1.6775e+01   0.0000e+00   3.0240e-05   2.5140e+02
20201221_09:00:00   9.4982e-01   1.7612e+02   1.7503e+01   0.0000e+00   1.5312e-04   2.5246e+02
20201221_12:00:00   1.4339e+00   2.1665e+02   1.9484e+01   1.5873e-01   7.1814e-04   2.5282e+02
20201221_15:00:00   1.1457e+00   1.9494e+02   1.9101e+01   5.1081e-02   4.6451e-03   2.5188e+02
20201221_18:00:00   1.1391e+00   1.9427e+02   2.0719e+01   1.1352e-02   1.9683e-02   2.5412e+02
20201221_21:00:00   1.4826e+00   2.1869e+02   2.2458e+01   1.2798e-01   2.1810e-02   2.5212e+02
20201222_00:00:00   1.2956e+00   2.0581e+02   2.1978e+01   5.6160e-02   4.0769e-03   2.5327e+02
20201222_03:00:00   1.1832e+00   1.9740e+02   2.1447e+01   1.5554e-02   4.8138e-03   2.5326e+02
20201222_06:00:00   1.1670e+00   1.9595e+02   2.1357e+01   7.8500e-03   1.9509e-03   2.5393e+02
20201222_09:00:00   1.0727e+00   1.8752e+02   2.0188e+01   0.0000e+00   2.2963e-03   2.5368e+02
20201222_12:00:00   1.7886e+00   2.3567e+02   2.1617e+01   2.5891e-01   3.7017e-03   2.5553e+02
20201222_15:00:00   1.8397e+00   2.3786e+02   2.4165e+01   2.1434e-01   2.5206e-02   2.5659e+02
20201222_18:00:00   1.8271e+00   2.3741e+02   2.3660e+01   2.2396e-01   1.4712e-02   2.5477e+02
20201222_21:00:00   1.5553e+00   2.2377e+02   2.3446e+01   1.1739e-01   4.3533e-02   2.5542e+02
20201223_00:00:00   1.2865e+00   2.0502e+02   2.0710e+01   7.7203e-02   1.0579e-03   2.5690e+02
20201223_03:00:00   1.1596e+00   1.9322e+02   1.6728e+01   1.2312e-01   1.0811e-03   2.5823e+02
20201223_06:00:00   8.5400e-01   1.6235e+02   1.4847e+01   4.3741e-02   7.3359e-04   2.5810e+02
20201223_09:00:00   7.9111e-01   1.5569e+02   1.5620e+01   0.0000e+00   1.0250e-03   2.5582e+02
20201223_12:00:00   8.5997e-01   1.6476e+02   1.6768e+01   0.0000e+00   6.1088e-04   2.5401e+02
20201223_15:00:00   7.8236e-01   1.5550e+02   1.5344e+01   0.0000e+00   4.2404e-03   2.5325e+02
20201223_18:00:00   6.7605e-01   1.4167e+02   1.3385e+01   0.0000e+00   2.4377e-03   2.5357e+02
20201223_21:00:00   6.0173e-01   1.3053e+02   1.1884e+01   0.0000e+00   4.8056e-03   2.5205e+02
20201224_00:00:00   6.3845e-01   1.3572e+02   1.2256e+01   0.0000e+00   3.7020e-03   2.5145e+02
20201224_03:00:00   7.7526e-01   1.5531e+02   1.3956e+01   0.0000e+00   3.1679e-03   2.5205e+02
20201224_06:00:00   7.2989e-01   1.5023e+02   1.2824e+01   0.0000e+00   8.4980e-04   2.5242e+02
20201224_09:00:00   5.5363e-01   1.2439e+02   9.9519e+00   0.0000e+00   0.0000e+00   2.5115e+02
20201224_12:00:00   6.3201e-01   1.3628e+02   1.1937e+01   0.0000e+00   7.9120e-05   2.5134e+02
20201224_15:00:00   7.1566e-01   1.4821e+02   1.3579e+01   0.0000e+00   0.0000e+00   2.5165e+02
20201224_18:00:00   6.6278e-01   1.4083e+02   1.2641e+01   0.0000e+00   0.0000e+00   2.5293e+02
20201224_21:00:00   6.5049e-01   1.3902e+02   1.2388e+01   0.0000e+00   0.0000e+00   2.5393e+02
20201225_00:00:00   6.3766e-01   1.3676e+02   1.2144e+01   0.0000e+00   0.0000e+00   2.5413e+02
20201225_03:00:00   6.2781e-01   1.3520e+02   1.1813e+01   0.0000e+00   0.0000e+00   2.5401e+02
20201225_06:00:00   5.8959e-01   1.2981e+02   1.1074e+01   0.0000e+00   1.1930e-05   2.5499e+02
20201225_09:00:00   5.4872e-01   1.2329e+02   1.0452e+01   0.0000e+00   7.3980e-06   2.5600e+02
20201225_12:00:00   6.5317e-01   1.3905e+02   1.2860e+01   0.0000e+00   2.5762e-06   2.5600e+02
20201225_15:00:00   8.1353e-01   1.6065e+02   1.5879e+01   4.6176e-03   2.3594e-03   2.5245e+02
20201225_18:00:00   9.8057e-01   1.7933e+02   1.8762e+01   1.5560e-04   0.0000e+00   2.5180e+02
20201225_21:00:00   1.2639e+00   2.0364e+02   2.0896e+01   7.0443e-02   2.1753e-04   2.5085e+02
20201226_00:00:00   1.1036e+00   1.8988e+02   2.1770e+01   8.6260e-05   2.0242e-02   2.5032e+02
20201226_03:00:00   1.1729e+00   1.9563e+02   2.3100e+01   6.0380e-04   2.6680e-02   2.4890e+02
20201226_06:00:00   1.0967e+00   1.8940e+02   2.1614e+01   0.0000e+00   3.4654e-02   2.5079e+02
20201226_09:00:00   1.2473e+00   2.0255e+02   2.3912e+01   1.4240e-03   8.0874e-03   2.5097e+02
20201226_12:00:00   2.3109e+00   2.5460e+02   2.5747e+01   3.9270e-01   2.2560e-02   2.4943e+02
20201226_15:00:00   1.8294e+00   2.3796e+02   2.5704e+01   2.0083e-01   9.7124e-02   2.4761e+02
20201226_18:00:00   1.2534e+00   2.0351e+02   2.4311e+01   3.2680e-03   6.6925e-02   2.4917e+02
20201226_21:00:00   1.2442e+00   2.0274e+02   2.4070e+01   2.4680e-03   3.5350e-02   2.5005e+02
20201227_00:00:00   1.2237e+00   2.0095e+02   2.2830e+01   1.6998e-02   4.1349e-03   2.5214e+02
20201227_03:00:00   1.1213e+00   1.9209e+02   2.1564e+01   0.0000e+00   2.2776e-02   2.5296e+02
20201227_06:00:00   1.2110e+00   1.9940e+02   2.2291e+01   1.6104e-02   2.4228e-03   2.5491e+02
20201227_09:00:00   1.1792e+00   1.9718e+02   2.2114e+01   2.2421e-03   1.2845e-03   2.5512e+02
20201227_12:00:00   2.4269e+00   2.5728e+02   2.2750e+01   5.0644e-01   6.7935e-03   2.5479e+02
20201227_15:00:00   1.3542e+00   2.1121e+02   2.1499e+01   9.0139e-02   3.5844e-03   2.5583e+02
20201227_18:00:00   1.1669e+00   1.9709e+02   2.0373e+01   3.5456e-02   1.6319e-02   2.5464e+02
20201227_21:00:00   1.0497e+00   1.8653e+02   1.9315e+01   1.1913e-02   5.1494e-05   2.5313e+02
20201228_00:00:00   1.2836e+00   2.0581e+02   1.9594e+01   9.9840e-02   5.2814e-04   2.5503e+02
20201228_03:00:00   1.0269e+00   1.8298e+02   1.8577e+01   2.7813e-02   3.6331e-03   2.5405e+02
20201228_06:00:00   1.0186e+00   1.8237e+02   1.9070e+01   7.0684e-03   3.6374e-03   2.5488e+02
