#            date       tau255        Tb[K]      pwv[mm] lwp[kg*m^-2] iwp[kg*m^-2]       o3[DU]
20210820_00:00:00   6.9895e-02   2.2946e+01   1.1482e+00   0.0000e+00   0.0000e+00   2.8523e+02
20210820_01:00:00   6.8867e-02   2.2638e+01   1.1410e+00   0.0000e+00   0.0000e+00   2.8460e+02
20210820_02:00:00   6.9123e-02   2.2716e+01   1.1418e+00   0.0000e+00   0.0000e+00   2.8454e+02
20210820_03:00:00   6.8812e-02   2.2643e+01   1.1342e+00   0.0000e+00   0.0000e+00   2.8572e+02
20210820_04:00:00   6.7626e-02   2.2338e+01   1.1117e+00   0.0000e+00   0.0000e+00   2.8624e+02
20210820_05:00:00   6.6740e-02   2.2105e+01   1.0924e+00   0.0000e+00   0.0000e+00   2.8633e+02
20210820_06:00:00   6.8818e-02   2.2638e+01   1.1321e+00   0.0000e+00   0.0000e+00   2.8707e+02
20210820_07:00:00   6.6569e-02   2.2064e+01   1.0860e+00   0.0000e+00   0.0000e+00   2.8747e+02
20210820_08:00:00   6.4883e-02   2.1641e+01   1.0502e+00   0.0000e+00   0.0000e+00   2.8880e+02
20210820_09:00:00   6.7953e-02   2.2440e+01   1.1066e+00   0.0000e+00   0.0000e+00   2.8959e+02
20210820_10:00:00   6.9512e-02   2.2842e+01   1.1383e+00   0.0000e+00   0.0000e+00   2.9081e+02
20210820_11:00:00   8.0171e-02   2.5595e+01   1.3461e+00   0.0000e+00   0.0000e+00   2.9056e+02
20210820_12:00:00   8.6936e-02   2.7343e+01   1.4757e+00   0.0000e+00   0.0000e+00   2.9006e+02
20210820_13:00:00   9.3866e-02   2.9107e+01   1.6049e+00   0.0000e+00   0.0000e+00   2.8864e+02
20210820_14:00:00   9.0007e-02   2.8135e+01   1.5351e+00   0.0000e+00   0.0000e+00   2.8863e+02
20210820_15:00:00   8.7889e-02   2.7590e+01   1.4942e+00   0.0000e+00   0.0000e+00   2.8857e+02
20210820_16:00:00   7.3044e-02   2.3783e+01   1.2142e+00   0.0000e+00   0.0000e+00   2.8836e+02
20210820_17:00:00   7.0952e-02   2.3230e+01   1.1723e+00   0.0000e+00   0.0000e+00   2.8829e+02
20210820_18:00:00   6.3900e-02   2.1372e+01   1.0421e+00   0.0000e+00   0.0000e+00   2.8749e+02
20210820_19:00:00   6.3234e-02   2.1183e+01   1.0299e+00   0.0000e+00   0.0000e+00   2.8680e+02
20210820_20:00:00   6.1451e-02   2.0708e+01   9.9831e-01   0.0000e+00   0.0000e+00   2.8625e+02
20210820_21:00:00   6.2009e-02   2.0826e+01   1.0156e+00   0.0000e+00   0.0000e+00   2.8609e+02
20210820_22:00:00   6.2797e-02   2.1007e+01   1.0369e+00   0.0000e+00   0.0000e+00   2.8607e+02
20210820_23:00:00   6.3295e-02   2.1112e+01   1.0541e+00   0.0000e+00   0.0000e+00   2.8552e+02
20210821_00:00:00   6.3268e-02   2.1088e+01   1.0607e+00   0.0000e+00   0.0000e+00   2.8551e+02
20210821_01:00:00   6.3567e-02   2.1153e+01   1.0696e+00   0.0000e+00   0.0000e+00   2.8588e+02
20210821_02:00:00   6.3851e-02   2.1211e+01   1.0813e+00   0.0000e+00   0.0000e+00   2.8651e+02
20210821_03:00:00   6.5529e-02   2.1632e+01   1.1199e+00   0.0000e+00   0.0000e+00   2.8709e+02
20210821_04:00:00   6.8046e-02   2.2271e+01   1.1740e+00   0.0000e+00   0.0000e+00   2.8775e+02
20210821_05:00:00   7.1027e-02   2.3028e+01   1.2399e+00   0.0000e+00   0.0000e+00   2.8847e+02
20210821_06:00:00   7.4503e-02   2.3888e+01   1.3241e+00   0.0000e+00   0.0000e+00   2.8820e+02
20210821_07:00:00   7.6800e-02   2.4479e+01   1.3723e+00   0.0000e+00   0.0000e+00   2.8656e+02
20210821_08:00:00   7.9165e-02   2.5088e+01   1.4180e+00   0.0000e+00   0.0000e+00   2.8612e+02
20210821_09:00:00   8.0923e-02   2.5543e+01   1.4512e+00   0.0000e+00   0.0000e+00   2.8623e+02
20210821_10:00:00   8.6514e-02   2.6929e+01   1.5789e+00   0.0000e+00   0.0000e+00   2.8793e+02
20210821_11:00:00   9.6208e-02   2.9308e+01   1.7942e+00   0.0000e+00   0.0000e+00   2.8972e+02
20210821_12:00:00   1.0736e-01   3.1978e+01   2.0560e+00   0.0000e+00   0.0000e+00   2.8994e+02
20210821_13:00:00   1.1775e-01   3.4464e+01   2.2851e+00   0.0000e+00   0.0000e+00   2.8938e+02
20210821_14:00:00   1.2280e-01   3.5710e+01   2.3834e+00   0.0000e+00   0.0000e+00   2.8839e+02
20210821_15:00:00   1.2246e-01   3.5613e+01   2.3877e+00   0.0000e+00   0.0000e+00   2.8879e+02
20210821_16:00:00   1.2100e-01   3.5229e+01   2.3655e+00   0.0000e+00   0.0000e+00   2.8794e+02
20210821_17:00:00   1.2209e-01   3.5433e+01   2.4050e+00   0.0000e+00   0.0000e+00   2.8949e+02
20210821_18:00:00   1.2615e-01   3.6331e+01   2.5058e+00   0.0000e+00   0.0000e+00   2.9065e+02
20210821_19:00:00   1.3216e-01   3.7627e+01   2.6509e+00   0.0000e+00   0.0000e+00   2.9073e+02
20210821_20:00:00   1.3638e-01   3.8609e+01   2.7396e+00   0.0000e+00   0.0000e+00   2.9089e+02
20210821_21:00:00   1.3693e-01   3.8871e+01   2.7238e+00   0.0000e+00   0.0000e+00   2.9045e+02
20210821_22:00:00   1.3952e-01   3.9580e+01   2.7689e+00   0.0000e+00   0.0000e+00   2.8837e+02
20210821_23:00:00   1.4030e-01   3.9806e+01   2.7784e+00   0.0000e+00   0.0000e+00   2.8667e+02
20210822_00:00:00   1.4820e-01   4.1614e+01   2.9553e+00   0.0000e+00   0.0000e+00   2.8574e+02
20210822_01:00:00   1.5346e-01   4.2849e+01   3.0640e+00   0.0000e+00   0.0000e+00   2.8714e+02
20210822_02:00:00   1.5964e-01   4.4290e+01   3.2023e+00   0.0000e+00   0.0000e+00   2.8794e+02
20210822_03:00:00   1.6939e-01   4.6540e+01   3.4099e+00   0.0000e+00   0.0000e+00   2.8740e+02
20210822_04:00:00   1.7812e-01   4.8556e+01   3.5836e+00   0.0000e+00   0.0000e+00   2.8599e+02
20210822_05:00:00   1.8921e-01   5.1071e+01   3.8109e+00   0.0000e+00   0.0000e+00   2.8714e+02
20210822_06:00:00   2.0117e-01   5.3759e+01   4.0531e+00   0.0000e+00   0.0000e+00   2.8720e+02
20210822_07:00:00   2.1348e-01   5.6537e+01   4.2971e+00   0.0000e+00   0.0000e+00   2.8636e+02
20210822_08:00:00   2.3247e-01   6.0730e+01   4.6755e+00   0.0000e+00   0.0000e+00   2.8576e+02
20210822_09:00:00   2.6317e-01   6.7213e+01   5.2839e+00   0.0000e+00   0.0000e+00   2.8512e+02
20210822_10:00:00   2.9141e-01   7.3054e+01   5.8368e+00   0.0000e+00   0.0000e+00   2.8421e+02
20210822_11:00:00   3.2579e-01   7.9953e+01   6.5025e+00   0.0000e+00   0.0000e+00   2.8324e+02
20210822_12:00:00   3.5104e-01   8.4961e+01   7.0110e+00   0.0000e+00   0.0000e+00   2.8391e+02
20210822_13:00:00   3.6570e-01   8.7827e+01   7.3194e+00   0.0000e+00   0.0000e+00   2.8314e+02
20210822_14:00:00   3.7828e-01   9.0156e+01   7.5871e+00   0.0000e+00   0.0000e+00   2.8082e+02
20210822_15:00:00   3.8506e-01   9.1382e+01   7.7327e+00   0.0000e+00   0.0000e+00   2.8106e+02
20210822_16:00:00   4.0009e-01   9.4140e+01   8.0296e+00   0.0000e+00   0.0000e+00   2.8175e+02
20210822_17:00:00   4.1283e-01   9.6452e+01   8.2893e+00   0.0000e+00   0.0000e+00   2.8161e+02
20210822_18:00:00   4.2328e-01   9.8381e+01   8.4942e+00   0.0000e+00   0.0000e+00   2.8025e+02
20210822_19:00:00   4.3802e-01   1.0092e+02   8.7998e+00   0.0000e+00   0.0000e+00   2.7959e+02
20210822_20:00:00   4.3497e-01   1.0043e+02   8.7506e+00   0.0000e+00   0.0000e+00   2.7977e+02
20210822_21:00:00   4.3541e-01   1.0042e+02   8.7950e+00   0.0000e+00   3.2200e-06   2.7923e+02
20210822_22:00:00   4.3265e-01   9.9857e+01   8.7505e+00   0.0000e+00   4.1400e-05   2.7994e+02
20210822_23:00:00   4.3290e-01   9.9798e+01   8.7332e+00   0.0000e+00   3.4960e-05   2.7908e+02
20210823_00:00:00   4.3150e-01   9.9547e+01   8.6691e+00   0.0000e+00   1.3802e-06   2.7962e+02
20210823_01:00:00   4.2999e-01   9.9328e+01   8.6180e+00   0.0000e+00   0.0000e+00   2.8029e+02
20210823_02:00:00   4.2345e-01   9.8254e+01   8.4699e+00   0.0000e+00   0.0000e+00   2.8125e+02
20210823_03:00:00   4.2464e-01   9.8568e+01   8.4842e+00   0.0000e+00   0.0000e+00   2.8223e+02
20210823_04:00:00   4.2159e-01   9.8127e+01   8.4087e+00   0.0000e+00   0.0000e+00   2.8195e+02
20210823_05:00:00   4.2468e-01   9.8869e+01   8.4629e+00   0.0000e+00   0.0000e+00   2.8070e+02
20210823_06:00:00   4.2436e-01   9.8941e+01   8.4495e+00   0.0000e+00   0.0000e+00   2.7948e+02
20210823_07:00:00   4.1982e-01   9.8170e+01   8.3461e+00   0.0000e+00   0.0000e+00   2.7975e+02
20210823_08:00:00   4.1972e-01   9.8288e+01   8.3367e+00   0.0000e+00   0.0000e+00   2.8013e+02
20210823_09:00:00   4.1337e-01   9.7145e+01   8.2343e+00   0.0000e+00   0.0000e+00   2.7931e+02
20210823_10:00:00   4.0702e-01   9.5988e+01   8.1156e+00   0.0000e+00   0.0000e+00   2.7936e+02
20210823_11:00:00   4.1230e-01   9.6856e+01   8.2192e+00   0.0000e+00   0.0000e+00   2.7778e+02
20210823_12:00:00   4.1565e-01   9.7378e+01   8.2829e+00   0.0000e+00   0.0000e+00   2.7730e+02
20210823_13:00:00   4.2762e-01   9.9453e+01   8.5062e+00   0.0000e+00   0.0000e+00   2.7746e+02
20210823_14:00:00   4.3237e-01   1.0033e+02   8.5884e+00   0.0000e+00   0.0000e+00   2.7805e+02
20210823_15:00:00   4.2511e-01   9.9052e+01   8.4382e+00   0.0000e+00   0.0000e+00   2.7665e+02
20210823_16:00:00   4.0776e-01   9.5986e+01   8.0873e+00   0.0000e+00   0.0000e+00   2.7615e+02
20210823_17:00:00   3.6798e-01   8.8787e+01   7.2842e+00   0.0000e+00   0.0000e+00   2.7559e+02
20210823_18:00:00   3.4497e-01   8.4412e+01   6.8305e+00   0.0000e+00   0.0000e+00   2.7524e+02
20210823_19:00:00   3.3935e-01   8.3298e+01   6.7274e+00   0.0000e+00   0.0000e+00   2.7417e+02
20210823_20:00:00   3.3165e-01   8.1771e+01   6.5635e+00   0.0000e+00   0.0000e+00   2.7553e+02
20210823_21:00:00   3.2770e-01   8.1025e+01   6.4694e+00   0.0000e+00   0.0000e+00   2.7682e+02
20210823_22:00:00   3.2152e-01   7.9770e+01   6.3307e+00   0.0000e+00   0.0000e+00   2.7753e+02
20210823_23:00:00   2.9026e-01   7.3536e+01   5.7042e+00   0.0000e+00   0.0000e+00   2.7847e+02
20210824_00:00:00   2.5589e-01   6.6472e+01   5.0108e+00   0.0000e+00   0.0000e+00   2.7968e+02
20210824_01:00:00   2.2350e-01   5.9559e+01   4.3494e+00   0.0000e+00   0.0000e+00   2.8031e+02
20210824_02:00:00   2.0148e-01   5.4690e+01   3.9018e+00   0.0000e+00   0.0000e+00   2.8070e+02
20210824_03:00:00   1.7683e-01   4.9129e+01   3.3951e+00   0.0000e+00   0.0000e+00   2.8136e+02
20210824_04:00:00   1.4714e-01   4.2223e+01   2.7796e+00   0.0000e+00   0.0000e+00   2.8230e+02
20210824_05:00:00   1.1735e-01   3.5021e+01   2.1597e+00   0.0000e+00   0.0000e+00   2.8245e+02
20210824_06:00:00   8.7692e-02   2.7647e+01   1.5317e+00   0.0000e+00   0.0000e+00   2.8203e+02
20210824_07:00:00   6.7100e-02   2.2326e+01   1.0949e+00   0.0000e+00   0.0000e+00   2.8118e+02
20210824_08:00:00   5.3014e-02   1.8626e+01   7.8139e-01   0.0000e+00   0.0000e+00   2.8051e+02
20210824_09:00:00   4.6083e-02   1.6773e+01   6.2525e-01   0.0000e+00   0.0000e+00   2.8233e+02
20210824_10:00:00   4.6523e-02   1.6902e+01   6.2681e-01   0.0000e+00   0.0000e+00   2.8395e+02
20210824_11:00:00   4.8017e-02   1.7311e+01   6.5900e-01   0.0000e+00   0.0000e+00   2.8473e+02
20210824_12:00:00   5.4727e-02   1.9137e+01   7.8662e-01   0.0000e+00   0.0000e+00   2.8565e+02
20210824_13:00:00   6.2056e-02   2.1072e+01   9.2927e-01   0.0000e+00   0.0000e+00   2.8602e+02
20210824_14:00:00   6.4353e-02   2.1677e+01   9.7066e-01   0.0000e+00   0.0000e+00   2.8637e+02
20210824_15:00:00   6.4186e-02   2.1661e+01   9.5796e-01   0.0000e+00   0.0000e+00   2.8541e+02
20210824_16:00:00   6.3603e-02   2.1487e+01   9.5318e-01   0.0000e+00   0.0000e+00   2.8482e+02
20210824_17:00:00   5.9435e-02   2.0380e+01   8.7780e-01   0.0000e+00   0.0000e+00   2.8488e+02
20210824_18:00:00   5.2046e-02   1.8405e+01   7.4305e-01   0.0000e+00   0.0000e+00   2.8490e+02
20210824_19:00:00   4.7485e-02   1.7159e+01   6.5970e-01   0.0000e+00   0.0000e+00   2.8518e+02
20210824_20:00:00   4.7686e-02   1.7197e+01   6.7447e-01   0.0000e+00   0.0000e+00   2.8557e+02
20210824_21:00:00   4.9966e-02   1.7816e+01   7.3018e-01   0.0000e+00   0.0000e+00   2.8555e+02
20210824_22:00:00   5.8755e-02   2.0169e+01   9.1752e-01   0.0000e+00   0.0000e+00   2.8610e+02
20210824_23:00:00   6.1958e-02   2.0992e+01   9.9367e-01   0.0000e+00   0.0000e+00   2.8624e+02
20210825_00:00:00   6.0038e-02   2.0443e+01   9.6649e-01   0.0000e+00   0.0000e+00   2.8580e+02
20210825_03:00:00   6.2273e-02   2.0923e+01   1.0418e+00   0.0000e+00   0.0000e+00   2.8461e+02
20210825_06:00:00   5.9750e-02   2.0242e+01   9.9019e-01   0.0000e+00   0.0000e+00   2.8374e+02
20210825_09:00:00   5.6754e-02   1.9384e+01   9.4126e-01   0.0000e+00   0.0000e+00   2.8528e+02
20210825_12:00:00   6.7864e-02   2.2358e+01   1.1745e+00   0.0000e+00   0.0000e+00   2.8312e+02
20210825_15:00:00   6.7417e-02   2.2225e+01   1.1721e+00   0.0000e+00   0.0000e+00   2.8472e+02
20210825_18:00:00   6.1621e-02   2.0708e+01   1.0454e+00   0.0000e+00   0.0000e+00   2.8313e+02
20210825_21:00:00   5.5208e-02   1.8948e+01   9.1523e-01   0.0000e+00   0.0000e+00   2.8191e+02
20210826_00:00:00   5.4595e-02   1.8799e+01   8.9373e-01   0.0000e+00   2.8560e-05   2.8340e+02
20210826_03:00:00   5.1450e-02   1.8002e+01   8.1447e-01   0.0000e+00   0.0000e+00   2.8321e+02
20210826_06:00:00   5.1506e-02   1.8058e+01   8.0298e-01   0.0000e+00   0.0000e+00   2.8294e+02
20210826_09:00:00   5.0914e-02   1.7948e+01   7.7152e-01   0.0000e+00   1.6668e-04   2.8596e+02
20210826_12:00:00   5.6902e-02   1.9621e+01   8.8524e-01   0.0000e+00   0.0000e+00   2.8737e+02
20210826_15:00:00   7.3980e-02   2.4151e+01   1.2279e+00   0.0000e+00   2.0898e-05   2.8699e+02
20210826_18:00:00   5.6833e-02   1.9568e+01   8.9423e-01   0.0000e+00   0.0000e+00   2.8762e+02
20210826_21:00:00   5.8353e-02   1.9914e+01   9.2653e-01   0.0000e+00   2.8460e-05   2.8655e+02
20210827_00:00:00   5.1337e-02   1.8064e+01   7.6630e-01   0.0000e+00   0.0000e+00   2.8591e+02
20210827_03:00:00   4.6670e-02   1.6811e+01   6.5782e-01   0.0000e+00   0.0000e+00   2.8470e+02
20210827_06:00:00   4.6465e-02   1.6772e+01   6.4930e-01   0.0000e+00   2.9340e-05   2.8523e+02
20210827_09:00:00   6.3241e-02   2.1140e+01   1.0376e+00   0.0000e+00   0.0000e+00   2.8153e+02
20210827_12:00:00   1.3439e-01   3.8584e+01   2.6235e+00   0.0000e+00   3.7420e-04   2.8427e+02
20210827_15:00:00   2.1276e-01   5.6696e+01   4.0383e+00   0.0000e+00   3.4540e-04   2.8654e+02
20210827_18:00:00   2.7804e-01   7.0674e+01   5.1473e+00   1.0740e-03   0.0000e+00   2.9044e+02
20210827_21:00:00   1.3595e-01   3.9038e+01   1.8724e+00   1.3050e-02   0.0000e+00   2.9735e+02
20210828_00:00:00   9.4723e-02   2.8422e+01   1.8560e+00   0.0000e+00   0.0000e+00   3.0547e+02
20210828_03:00:00   8.0301e-02   2.5096e+01   1.4368e+00   0.0000e+00   0.0000e+00   3.1023e+02
20210828_06:00:00   6.4539e-02   2.1160e+01   1.0918e+00   0.0000e+00   0.0000e+00   3.0996e+02
20210828_09:00:00   8.4925e-02   2.6333e+01   1.5746e+00   0.0000e+00   0.0000e+00   3.1092e+02
20210828_12:00:00   1.1488e-01   3.3884e+01   2.1454e+00   0.0000e+00   0.0000e+00   3.0889e+02
20210828_15:00:00   1.1390e-01   3.3794e+01   2.1735e+00   0.0000e+00   0.0000e+00   3.0622e+02
20210828_18:00:00   1.1462e-01   3.4026e+01   2.2066e+00   0.0000e+00   0.0000e+00   3.0160e+02
20210828_21:00:00   1.2528e-01   3.6671e+01   2.4662e+00   0.0000e+00   0.0000e+00   3.0217e+02
20210829_00:00:00   1.3986e-01   4.0138e+01   2.8045e+00   0.0000e+00   0.0000e+00   2.9679e+02
20210829_03:00:00   1.5419e-01   4.3533e+01   3.1253e+00   0.0000e+00   4.0020e-06   2.9501e+02
20210829_06:00:00   1.5984e-01   4.4938e+01   3.2530e+00   0.0000e+00   0.0000e+00   2.9682e+02
20210829_09:00:00   1.7569e-01   4.8585e+01   3.6216e+00   0.0000e+00   0.0000e+00   2.9581e+02
20210829_12:00:00   1.9173e-01   5.2219e+01   3.9674e+00   0.0000e+00   0.0000e+00   2.9607e+02
20210829_15:00:00   1.9577e-01   5.3149e+01   4.0276e+00   0.0000e+00   0.0000e+00   2.9463e+02
20210829_18:00:00   1.9376e-01   5.2817e+01   3.9762e+00   0.0000e+00   0.0000e+00   2.9019e+02
20210829_21:00:00   1.8168e-01   5.0201e+01   3.6693e+00   0.0000e+00   0.0000e+00   2.8841e+02
20210830_00:00:00   1.7419e-01   4.8629e+01   3.4415e+00   0.0000e+00   0.0000e+00   2.8594e+02
20210830_03:00:00   1.6744e-01   4.7119e+01   3.2767e+00   0.0000e+00   0.0000e+00   2.8528e+02
20210830_06:00:00   1.4470e-01   4.1883e+01   2.7796e+00   0.0000e+00   0.0000e+00   2.8425e+02
20210830_09:00:00   1.2561e-01   3.7294e+01   2.3411e+00   0.0000e+00   0.0000e+00   2.8720e+02
20210830_12:00:00   1.2888e-01   3.8079e+01   2.4136e+00   0.0000e+00   0.0000e+00   2.9018e+02
20210830_15:00:00   1.1691e-01   3.5101e+01   2.1757e+00   0.0000e+00   0.0000e+00   2.8626e+02
20210830_18:00:00   9.1476e-02   2.8607e+01   1.6646e+00   0.0000e+00   0.0000e+00   2.8487e+02
20210830_21:00:00   1.4993e-01   4.2960e+01   2.9242e+00   0.0000e+00   0.0000e+00   2.8576e+02
20210831_00:00:00   2.0359e-01   5.5271e+01   4.0506e+00   0.0000e+00   0.0000e+00   2.8459e+02
20210831_03:00:00   2.6490e-01   6.8274e+01   5.3779e+00   0.0000e+00   0.0000e+00   2.8554e+02
20210831_06:00:00   3.8592e-01   9.1564e+01   7.8690e+00   0.0000e+00   0.0000e+00   2.8329e+02
20210831_09:00:00   4.3165e-01   9.9543e+01   8.6941e+00   0.0000e+00   3.4400e-04   2.8344e+02
20210831_12:00:00   4.8846e-01   1.0919e+02   9.7806e+00   0.0000e+00   4.3559e-04   2.8148e+02
20210831_15:00:00   4.9781e-01   1.1056e+02   9.9276e+00   0.0000e+00   3.8302e-04   2.8036e+02
20210831_18:00:00   5.5438e-01   1.2010e+02   1.0991e+01   0.0000e+00   8.2554e-05   2.8004e+02
20210831_21:00:00   5.7525e-01   1.2409e+02   1.1414e+01   0.0000e+00   2.3000e-05   2.8227e+02
20210901_00:00:00   4.6102e-01   1.0537e+02   9.3494e+00   0.0000e+00   3.2659e-03   2.8193e+02
20210901_03:00:00   4.3741e-01   1.0071e+02   9.0263e+00   0.0000e+00   3.6459e-03   2.8307e+02
20210901_06:00:00   4.8000e-01   1.0802e+02   9.8955e+00   0.0000e+00   5.4265e-04   2.8420e+02
20210901_09:00:00   6.4322e-01   1.3357e+02   1.2859e+01   0.0000e+00   2.8983e-02   2.8264e+02
20210901_12:00:00   6.8815e-01   1.3990e+02   1.3636e+01   0.0000e+00   1.7791e-02   2.8229e+02
20210901_15:00:00   6.4244e-01   1.3393e+02   1.2743e+01   0.0000e+00   3.3468e-03   2.8242e+02
20210901_18:00:00   5.8185e-01   1.2520e+02   1.1581e+01   0.0000e+00   1.7855e-03   2.8268e+02
20210901_21:00:00   5.6599e-01   1.2244e+02   1.1270e+01   4.5660e-04   2.8196e-03   2.8102e+02
20210902_00:00:00   5.7597e-01   1.2344e+02   1.1469e+01   1.6678e-04   6.2880e-02   2.8186e+02
20210902_03:00:00   5.9269e-01   1.2506e+02   1.1829e+01   0.0000e+00   1.9438e-01   2.7770e+02
20210902_06:00:00   4.8477e-01   1.0907e+02   9.7912e+00   0.0000e+00   3.1428e-03   2.7625e+02
20210902_09:00:00   4.0950e-01   9.6330e+01   8.2831e+00   0.0000e+00   3.5680e-05   2.7844e+02
20210902_12:00:00   4.5711e-01   1.0460e+02   9.2520e+00   0.0000e+00   6.9074e-05   2.7720e+02
20210902_15:00:00   4.8485e-01   1.0967e+02   9.7868e+00   0.0000e+00   9.9400e-04   2.7628e+02
20210902_18:00:00   4.7968e-01   1.0908e+02   9.6366e+00   0.0000e+00   8.0520e-06   2.7790e+02
20210902_21:00:00   5.1833e-01   1.1536e+02   1.0373e+01   0.0000e+00   1.0870e-04   2.7850e+02
20210903_00:00:00   5.7196e-01   1.2389e+02   1.1430e+01   0.0000e+00   1.0200e-03   2.7930e+02
20210903_03:00:00   5.8022e-01   1.2512e+02   1.1652e+01   0.0000e+00   2.8788e-03   2.7887e+02
20210903_06:00:00   6.9182e-01   1.4096e+02   1.3865e+01   2.4900e-05   7.4083e-02   2.7637e+02
20210903_09:00:00   8.3508e-01   1.5881e+02   1.5239e+01   2.9291e-02   1.3816e-01   2.7756e+02
20210903_12:00:00   7.2351e-01   1.4633e+02   1.4350e+01   1.0670e-05   1.3023e-02   2.7747e+02
20210903_15:00:00   7.5393e-01   1.5023e+02   1.4941e+01   7.2160e-05   3.0480e-02   2.7972e+02
20210903_18:00:00   6.9721e-01   1.4327e+02   1.3933e+01   0.0000e+00   3.1959e-03   2.7731e+02
20210903_21:00:00   7.0068e-01   1.4363e+02   1.4080e+01   1.6104e-05   2.9516e-02   2.7711e+02
20210904_00:00:00   6.9088e-01   1.4241e+02   1.3742e+01   0.0000e+00   2.9157e-03   2.7746e+02
20210904_03:00:00   6.5568e-01   1.3724e+02   1.3152e+01   0.0000e+00   1.8888e-03   2.7647e+02
20210904_06:00:00   6.3294e-01   1.3397e+02   1.2794e+01   0.0000e+00   4.0820e-04   2.7703e+02
20210904_09:00:00   6.4637e-01   1.3595e+02   1.2954e+01   0.0000e+00   1.8936e-04   2.7829e+02
20210904_12:00:00   6.3917e-01   1.3526e+02   1.2880e+01   0.0000e+00   2.7220e-04   2.7627e+02
20210904_15:00:00   5.9778e-01   1.2951e+02   1.2109e+01   0.0000e+00   4.7540e-05   2.7833e+02
20210904_18:00:00   6.0900e-01   1.3121e+02   1.2421e+01   0.0000e+00   3.8880e-04   2.7765e+02
20210904_21:00:00   6.4012e-01   1.3552e+02   1.3027e+01   9.8100e-05   1.2733e-03   2.7776e+02
20210905_00:00:00   6.5406e-01   1.3700e+02   1.3345e+01   0.0000e+00   5.4860e-03   2.7775e+02
