#            date       tau255        Tb[K]      pwv[mm] lwp[kg*m^-2] iwp[kg*m^-2]       o3[DU]
20210716_18:00:00   1.9189e-01   5.2344e+01   3.3760e+00   0.0000e+00   0.0000e+00   2.7907e+02
20210716_19:00:00   1.9869e-01   5.3837e+01   3.4991e+00   0.0000e+00   0.0000e+00   2.7872e+02
20210716_20:00:00   2.0024e-01   5.4195e+01   3.5253e+00   0.0000e+00   0.0000e+00   2.7887e+02
20210716_21:00:00   2.0144e-01   5.4524e+01   3.5397e+00   0.0000e+00   0.0000e+00   2.7981e+02
20210716_22:00:00   2.0507e-01   5.5398e+01   3.5934e+00   0.0000e+00   0.0000e+00   2.7895e+02
20210716_23:00:00   2.1866e-01   5.8360e+01   3.8476e+00   0.0000e+00   0.0000e+00   2.7852e+02
20210717_00:00:00   2.2767e-01   6.0294e+01   4.0156e+00   0.0000e+00   0.0000e+00   2.7587e+02
20210717_01:00:00   2.3664e-01   6.2242e+01   4.1699e+00   0.0000e+00   0.0000e+00   2.7400e+02
20210717_02:00:00   2.5572e-01   6.6298e+01   4.5040e+00   0.0000e+00   0.0000e+00   2.7421e+02
20210717_03:00:00   2.6314e-01   6.7900e+01   4.6111e+00   0.0000e+00   0.0000e+00   2.7470e+02
20210717_04:00:00   2.7289e-01   6.9976e+01   4.7560e+00   0.0000e+00   0.0000e+00   2.7425e+02
20210717_05:00:00   2.7147e-01   6.9736e+01   4.7085e+00   0.0000e+00   0.0000e+00   2.7324e+02
20210717_06:00:00   2.5842e-01   6.7027e+01   4.4700e+00   0.0000e+00   0.0000e+00   2.7090e+02
20210717_07:00:00   2.4618e-01   6.4395e+01   4.2773e+00   0.0000e+00   0.0000e+00   2.6981e+02
20210717_08:00:00   2.4316e-01   6.3713e+01   4.2428e+00   0.0000e+00   0.0000e+00   2.7020e+02
20210717_09:00:00   2.4608e-01   6.4342e+01   4.2958e+00   0.0000e+00   0.0000e+00   2.7061e+02
20210717_10:00:00   2.6956e-01   6.9277e+01   4.7217e+00   0.0000e+00   0.0000e+00   2.7087e+02
20210717_11:00:00   2.9241e-01   7.3954e+01   5.1728e+00   0.0000e+00   0.0000e+00   2.7219e+02
20210717_12:00:00   3.1602e-01   7.8650e+01   5.6426e+00   0.0000e+00   0.0000e+00   2.7227e+02
20210717_13:00:00   3.5343e-01   8.5751e+01   6.4191e+00   0.0000e+00   0.0000e+00   2.7233e+02
20210717_14:00:00   3.8162e-01   9.0912e+01   6.9861e+00   0.0000e+00   0.0000e+00   2.7250e+02
20210717_15:00:00   4.0365e-01   9.4864e+01   7.4052e+00   0.0000e+00   1.6048e-04   2.7230e+02
20210717_16:00:00   4.1796e-01   9.7378e+01   7.6714e+00   1.2558e-04   9.2820e-04   2.7136e+02
20210717_17:00:00   4.2746e-01   9.8998e+01   7.8290e+00   3.9460e-05   1.5516e-02   2.7002e+02
20210717_18:00:00   4.3240e-01   9.9942e+01   7.8784e+00   8.0020e-06   5.7602e-03   2.6948e+02
20210717_19:00:00   4.3483e-01   1.0036e+02   7.8981e+00   7.9140e-05   2.9162e-03   2.6940e+02
20210717_20:00:00   4.2294e-01   9.8315e+01   7.6738e+00   0.0000e+00   2.5000e-04   2.7013e+02
20210717_21:00:00   3.9220e-01   9.2924e+01   7.0967e+00   0.0000e+00   0.0000e+00   2.7051e+02
20210717_22:00:00   3.6950e-01   8.8872e+01   6.6417e+00   0.0000e+00   0.0000e+00   2.7038e+02
20210717_23:00:00   3.6147e-01   8.7360e+01   6.4834e+00   0.0000e+00   0.0000e+00   2.7008e+02
20210718_00:00:00   3.6129e-01   8.7221e+01   6.4761e+00   0.0000e+00   0.0000e+00   2.7067e+02
20210718_01:00:00   3.4904e-01   8.4948e+01   6.2366e+00   0.0000e+00   0.0000e+00   2.7154e+02
20210718_02:00:00   3.4858e-01   8.4901e+01   6.2186e+00   0.0000e+00   0.0000e+00   2.7166e+02
20210718_03:00:00   3.5143e-01   8.5448e+01   6.2612e+00   0.0000e+00   0.0000e+00   2.7060e+02
20210718_04:00:00   3.4649e-01   8.4532e+01   6.1729e+00   0.0000e+00   0.0000e+00   2.7102e+02
20210718_05:00:00   3.4379e-01   8.3978e+01   6.1325e+00   0.0000e+00   0.0000e+00   2.7202e+02
20210718_06:00:00   3.5686e-01   8.6370e+01   6.3943e+00   0.0000e+00   0.0000e+00   2.7387e+02
20210718_07:00:00   3.7379e-01   8.9510e+01   6.7044e+00   0.0000e+00   0.0000e+00   2.7547e+02
20210718_08:00:00   3.7866e-01   9.0440e+01   6.7830e+00   0.0000e+00   0.0000e+00   2.7655e+02
20210718_09:00:00   3.8872e-01   9.2261e+01   6.9558e+00   0.0000e+00   0.0000e+00   2.7753e+02
20210718_10:00:00   3.9470e-01   9.3321e+01   7.0519e+00   0.0000e+00   0.0000e+00   2.7904e+02
20210718_11:00:00   3.8595e-01   9.1790e+01   6.9192e+00   0.0000e+00   0.0000e+00   2.7950e+02
20210718_12:00:00   3.9675e-01   9.3683e+01   7.2066e+00   0.0000e+00   0.0000e+00   2.7985e+02
20210718_13:00:00   4.1584e-01   9.7019e+01   7.6043e+00   0.0000e+00   0.0000e+00   2.8132e+02
20210718_14:00:00   4.1979e-01   9.7745e+01   7.6971e+00   0.0000e+00   1.7132e-05   2.8219e+02
20210718_15:00:00   4.2602e-01   9.8813e+01   7.8171e+00   4.8320e-05   3.2320e-04   2.8281e+02
20210718_16:00:00   4.2922e-01   9.9367e+01   7.8376e+00   7.8160e-04   5.0220e-03   2.8259e+02
20210718_17:00:00   4.2735e-01   9.9028e+01   7.8148e+00   0.0000e+00   1.3852e-02   2.8303e+02
20210718_18:00:00   4.3081e-01   9.9620e+01   7.8522e+00   7.4700e-05   4.6179e-03   2.8303e+02
20210718_19:00:00   4.3385e-01   1.0011e+02   7.8936e+00   8.3960e-05   9.7760e-04   2.8246e+02
20210718_20:00:00   4.1435e-01   9.6715e+01   7.5326e+00   0.0000e+00   1.1354e-04   2.8206e+02
20210718_21:00:00   3.7790e-01   9.0294e+01   6.8336e+00   0.0000e+00   0.0000e+00   2.8151e+02
20210718_22:00:00   3.6551e-01   8.8042e+01   6.5886e+00   0.0000e+00   0.0000e+00   2.8057e+02
20210718_23:00:00   3.6371e-01   8.7757e+01   6.5496e+00   0.0000e+00   0.0000e+00   2.8021e+02
20210719_00:00:00   3.7376e-01   8.9621e+01   6.7151e+00   0.0000e+00   0.0000e+00   2.7985e+02
20210719_01:00:00   3.8037e-01   9.0765e+01   6.8197e+00   0.0000e+00   1.0670e-06   2.8102e+02
20210719_02:00:00   3.6682e-01   8.8194e+01   6.5633e+00   0.0000e+00   0.0000e+00   2.8273e+02
20210719_03:00:00   3.5906e-01   8.6831e+01   6.3897e+00   0.0000e+00   0.0000e+00   2.8314e+02
20210719_04:00:00   3.3983e-01   8.3194e+01   6.0409e+00   0.0000e+00   0.0000e+00   2.8224e+02
20210719_05:00:00   3.0573e-01   7.6587e+01   5.4324e+00   0.0000e+00   0.0000e+00   2.8153e+02
20210719_06:00:00   2.9089e-01   7.3631e+01   5.1637e+00   0.0000e+00   0.0000e+00   2.8137e+02
20210719_07:00:00   2.8908e-01   7.3329e+01   5.1207e+00   0.0000e+00   0.0000e+00   2.8095e+02
20210719_08:00:00   3.2154e-01   7.9765e+01   5.7109e+00   0.0000e+00   0.0000e+00   2.8078e+02
20210719_09:00:00   3.4086e-01   8.3505e+01   6.0560e+00   0.0000e+00   0.0000e+00   2.7964e+02
20210719_10:00:00   3.5803e-01   8.6747e+01   6.3725e+00   0.0000e+00   0.0000e+00   2.7823e+02
20210719_11:00:00   3.6567e-01   8.8220e+01   6.5372e+00   0.0000e+00   0.0000e+00   2.7626e+02
20210719_12:00:00   3.6933e-01   8.8918e+01   6.6584e+00   0.0000e+00   0.0000e+00   2.7568e+02
20210719_13:00:00   3.7094e-01   8.9218e+01   6.7481e+00   0.0000e+00   0.0000e+00   2.7456e+02
20210719_14:00:00   3.7963e-01   9.0765e+01   6.9672e+00   0.0000e+00   0.0000e+00   2.7338e+02
20210719_15:00:00   3.8917e-01   9.2444e+01   7.1713e+00   0.0000e+00   0.0000e+00   2.7225e+02
20210719_16:00:00   3.8692e-01   9.2001e+01   7.1329e+00   0.0000e+00   0.0000e+00   2.7129e+02
20210719_17:00:00   3.8717e-01   9.2008e+01   7.1456e+00   0.0000e+00   0.0000e+00   2.6876e+02
20210719_18:00:00   3.8298e-01   9.1283e+01   7.0546e+00   0.0000e+00   0.0000e+00   2.6823e+02
20210719_19:00:00   3.8138e-01   9.1004e+01   7.0056e+00   0.0000e+00   0.0000e+00   2.6757e+02
20210719_20:00:00   3.8164e-01   9.0976e+01   7.0356e+00   0.0000e+00   0.0000e+00   2.6946e+02
20210719_21:00:00   3.8296e-01   9.1134e+01   7.0900e+00   0.0000e+00   0.0000e+00   2.6954e+02
20210719_22:00:00   3.7162e-01   8.9038e+01   6.8831e+00   0.0000e+00   0.0000e+00   2.7088e+02
20210719_23:00:00   3.5049e-01   8.5031e+01   6.5180e+00   0.0000e+00   0.0000e+00   2.7216e+02
20210720_00:00:00   3.3924e-01   8.2851e+01   6.3368e+00   0.0000e+00   0.0000e+00   2.7353e+02
20210720_01:00:00   3.3656e-01   8.2309e+01   6.2910e+00   0.0000e+00   0.0000e+00   2.7325e+02
20210720_02:00:00   3.5028e-01   8.4959e+01   6.5322e+00   0.0000e+00   0.0000e+00   2.7315e+02
20210720_03:00:00   3.9671e-01   9.3640e+01   7.3544e+00   0.0000e+00   0.0000e+00   2.7360e+02
20210720_04:00:00   3.9320e-01   9.3020e+01   7.2844e+00   0.0000e+00   0.0000e+00   2.7496e+02
20210720_05:00:00   4.0295e-01   9.4752e+01   7.4729e+00   0.0000e+00   0.0000e+00   2.7514e+02
20210720_06:00:00   4.1589e-01   9.7045e+01   7.7195e+00   0.0000e+00   0.0000e+00   2.7560e+02
20210720_07:00:00   4.3469e-01   1.0025e+02   8.0742e+00   0.0000e+00   6.9020e-06   2.7628e+02
20210720_08:00:00   4.3817e-01   1.0069e+02   8.1507e+00   0.0000e+00   8.4280e-05   2.7736e+02
20210720_09:00:00   4.6794e-01   1.0548e+02   8.7331e+00   1.8978e-04   3.1005e-03   2.7874e+02
20210720_10:00:00   4.7421e-01   1.0665e+02   8.7406e+00   2.4160e-05   1.1460e-04   2.7990e+02
20210720_11:00:00   4.9012e-01   1.0933e+02   8.7945e+00   5.2800e-03   2.4440e-04   2.7936e+02
20210720_12:00:00   4.7787e-01   1.0729e+02   8.7987e+00   0.0000e+00   1.6022e-05   2.7897e+02
20210720_13:00:00   4.4872e-01   1.0261e+02   8.1384e+00   0.0000e+00   0.0000e+00   2.7802e+02
20210720_14:00:00   4.3928e-01   1.0107e+02   7.9102e+00   0.0000e+00   0.0000e+00   2.7687e+02
20210720_15:00:00   4.4110e-01   1.0139e+02   7.8874e+00   0.0000e+00   0.0000e+00   2.7532e+02
20210720_16:00:00   3.8831e-01   9.2220e+01   6.8944e+00   0.0000e+00   0.0000e+00   2.7584e+02
20210720_17:00:00   2.8884e-01   7.3104e+01   5.1129e+00   0.0000e+00   0.0000e+00   2.7610e+02
20210720_18:00:00   2.0576e-01   5.5565e+01   3.6025e+00   0.0000e+00   0.0000e+00   2.7628e+02
20210720_19:00:00   1.4307e-01   4.1249e+01   2.3886e+00   0.0000e+00   0.0000e+00   2.7727e+02
20210720_20:00:00   9.4346e-02   2.9341e+01   1.4687e+00   0.0000e+00   0.0000e+00   2.7846e+02
20210720_21:00:00   6.8562e-02   2.2669e+01   9.9246e-01   0.0000e+00   0.0000e+00   2.7836e+02
20210720_22:00:00   5.0454e-02   1.7841e+01   6.5506e-01   0.0000e+00   0.0000e+00   2.7843e+02
20210720_23:00:00   3.9225e-02   1.4771e+01   4.3883e-01   0.0000e+00   0.0000e+00   2.7932e+02
20210721_00:00:00   3.4146e-02   1.3357e+01   3.4053e-01   0.0000e+00   0.0000e+00   2.7915e+02
20210721_01:00:00   3.3464e-02   1.3154e+01   3.2847e-01   0.0000e+00   0.0000e+00   2.8075e+02
20210721_02:00:00   3.3133e-02   1.3055e+01   3.2232e-01   0.0000e+00   0.0000e+00   2.8200e+02
20210721_03:00:00   3.5657e-02   1.3727e+01   3.7986e-01   0.0000e+00   0.0000e+00   2.8292e+02
20210721_04:00:00   3.9560e-02   1.4745e+01   4.7369e-01   0.0000e+00   0.0000e+00   2.8394e+02
20210721_05:00:00   4.7836e-02   1.6854e+01   6.7520e-01   0.0000e+00   0.0000e+00   2.8593e+02
20210721_06:00:00   5.2918e-02   1.8186e+01   7.8594e-01   0.0000e+00   0.0000e+00   2.8656e+02
20210721_07:00:00   5.5676e-02   1.8997e+01   8.2613e-01   0.0000e+00   0.0000e+00   2.8741e+02
20210721_08:00:00   6.3314e-02   2.0941e+01   1.0000e+00   0.0000e+00   0.0000e+00   2.8785e+02
20210721_09:00:00   6.1857e-02   2.0656e+01   9.5210e-01   0.0000e+00   0.0000e+00   2.8869e+02
20210721_10:00:00   6.8453e-02   2.2321e+01   1.1001e+00   0.0000e+00   0.0000e+00   2.8974e+02
20210721_11:00:00   7.4378e-02   2.3891e+01   1.2063e+00   0.0000e+00   0.0000e+00   2.8980e+02
20210721_12:00:00   7.6488e-02   2.4412e+01   1.2561e+00   0.0000e+00   0.0000e+00   2.8995e+02
20210721_13:00:00   7.6061e-02   2.4273e+01   1.2576e+00   0.0000e+00   0.0000e+00   2.9124e+02
20210721_14:00:00   7.7467e-02   2.4569e+01   1.3097e+00   0.0000e+00   0.0000e+00   2.9305e+02
20210721_15:00:00   7.7969e-02   2.4655e+01   1.3296e+00   0.0000e+00   0.0000e+00   2.9463e+02
20210721_16:00:00   7.9248e-02   2.4954e+01   1.3716e+00   0.0000e+00   0.0000e+00   2.9482e+02
20210721_17:00:00   8.1683e-02   2.5537e+01   1.4358e+00   0.0000e+00   0.0000e+00   2.9405e+02
20210721_18:00:00   8.3366e-02   2.5929e+01   1.4828e+00   0.0000e+00   0.0000e+00   2.9460e+02
20210721_21:00:00   8.5561e-02   2.6439e+01   1.5504e+00   0.0000e+00   0.0000e+00   3.0206e+02
20210722_00:00:00   1.0432e-01   3.0790e+01   2.0419e+00   0.0000e+00   0.0000e+00   2.9802e+02
20210722_03:00:00   1.0449e-01   3.0845e+01   2.0595e+00   0.0000e+00   0.0000e+00   2.9985e+02
20210722_06:00:00   9.0589e-02   2.7486e+01   1.7278e+00   0.0000e+00   0.0000e+00   3.0017e+02
20210722_09:00:00   8.5379e-02   2.6194e+01   1.6090e+00   0.0000e+00   0.0000e+00   2.9433e+02
20210722_12:00:00   1.0665e-01   3.1167e+01   2.1332e+00   0.0000e+00   0.0000e+00   2.9536e+02
20210722_15:00:00   1.0815e-01   3.1746e+01   2.1078e+00   0.0000e+00   1.5410e-03   2.9571e+02
20210722_18:00:00   1.1225e-01   3.3061e+01   2.1091e+00   0.0000e+00   1.8404e-05   2.9669e+02
20210722_21:00:00   1.0037e-01   3.0385e+01   1.7929e+00   0.0000e+00   2.6680e-06   2.9241e+02
20210723_00:00:00   9.5103e-02   2.9254e+01   1.6290e+00   0.0000e+00   0.0000e+00   2.9524e+02
20210723_03:00:00   9.6242e-02   2.9561e+01   1.6273e+00   0.0000e+00   0.0000e+00   2.9561e+02
20210723_06:00:00   1.0071e-01   3.0672e+01   1.7118e+00   0.0000e+00   0.0000e+00   2.9519e+02
20210723_09:00:00   1.0968e-01   3.2857e+01   1.8870e+00   0.0000e+00   0.0000e+00   2.9779e+02
20210723_12:00:00   1.1575e-01   3.4385e+01   1.9837e+00   0.0000e+00   0.0000e+00   2.9565e+02
20210723_15:00:00   1.2066e-01   3.5570e+01   2.0617e+00   0.0000e+00   0.0000e+00   2.9592e+02
20210723_18:00:00   1.3763e-01   3.9605e+01   2.3802e+00   0.0000e+00   0.0000e+00   2.9449e+02
20210723_21:00:00   1.4048e-01   4.0315e+01   2.4210e+00   0.0000e+00   0.0000e+00   2.9651e+02
20210724_00:00:00   1.2324e-01   3.6262e+01   2.0910e+00   0.0000e+00   0.0000e+00   2.9572e+02
20210724_03:00:00   1.4043e-01   4.0398e+01   2.3889e+00   0.0000e+00   0.0000e+00   2.9877e+02
20210724_06:00:00   1.1952e-01   3.5406e+01   1.9877e+00   0.0000e+00   0.0000e+00   3.0020e+02
20210724_09:00:00   9.4598e-02   2.9285e+01   1.5099e+00   0.0000e+00   0.0000e+00   2.9926e+02
20210724_12:00:00   8.8342e-02   2.7724e+01   1.3954e+00   0.0000e+00   0.0000e+00   2.9681e+02
20210724_15:00:00   8.1342e-02   2.5957e+01   1.2596e+00   0.0000e+00   0.0000e+00   2.9600e+02
20210724_18:00:00   7.2828e-02   2.3822e+01   1.0855e+00   0.0000e+00   0.0000e+00   2.9562e+02
20210724_21:00:00   6.9230e-02   2.2897e+01   1.0092e+00   0.0000e+00   0.0000e+00   2.9316e+02
20210725_00:00:00   7.7752e-02   2.5091e+01   1.1672e+00   0.0000e+00   0.0000e+00   2.8912e+02
20210725_03:00:00   7.4322e-02   2.4231e+01   1.1032e+00   0.0000e+00   0.0000e+00   2.8620e+02
20210725_06:00:00   7.1913e-02   2.3611e+01   1.0587e+00   0.0000e+00   0.0000e+00   2.8495e+02
20210725_09:00:00   8.8679e-02   2.7874e+01   1.3734e+00   0.0000e+00   0.0000e+00   2.8681e+02
20210725_12:00:00   1.5944e-01   4.5039e+01   2.6981e+00   0.0000e+00   0.0000e+00   2.8321e+02
20210725_15:00:00   2.2677e-01   6.0101e+01   4.0405e+00   0.0000e+00   0.0000e+00   2.8081e+02
20210725_18:00:00   2.4821e-01   6.4583e+01   4.4341e+00   0.0000e+00   0.0000e+00   2.7816e+02
20210725_21:00:00   2.0155e-01   5.4553e+01   3.5071e+00   0.0000e+00   0.0000e+00   2.7748e+02
20210726_00:00:00   2.1997e-01   5.8738e+01   3.8418e+00   0.0000e+00   0.0000e+00   2.7920e+02
20210726_03:00:00   2.2735e-01   6.0316e+01   3.9850e+00   0.0000e+00   0.0000e+00   2.8054e+02
20210726_06:00:00   2.0145e-01   5.4605e+01   3.5161e+00   0.0000e+00   0.0000e+00   2.7942e+02
20210726_09:00:00   1.7258e-01   4.8095e+01   3.0143e+00   0.0000e+00   0.0000e+00   2.7821e+02
20210726_12:00:00   2.2997e-01   6.0998e+01   4.0925e+00   0.0000e+00   0.0000e+00   2.7658e+02
20210726_15:00:00   2.6688e-01   6.8870e+01   4.9017e+00   0.0000e+00   0.0000e+00   2.7600e+02
20210726_18:00:00   2.6929e-01   6.9308e+01   4.9792e+00   0.0000e+00   0.0000e+00   2.7429e+02
20210726_21:00:00   2.4384e-01   6.3941e+01   4.4685e+00   0.0000e+00   0.0000e+00   2.7316e+02
20210727_00:00:00   2.1266e-01   5.7173e+01   3.9415e+00   0.0000e+00   0.0000e+00   2.7233e+02
20210727_03:00:00   1.9915e-01   5.4158e+01   3.6869e+00   0.0000e+00   0.0000e+00   2.7196e+02
20210727_06:00:00   1.7294e-01   4.8112e+01   3.2433e+00   0.0000e+00   3.3940e-05   2.6955e+02
20210727_09:00:00   1.5947e-01   4.5015e+01   3.0175e+00   0.0000e+00   0.0000e+00   2.7044e+02
20210727_12:00:00   1.7796e-01   4.9363e+01   3.3877e+00   0.0000e+00   0.0000e+00   2.7055e+02
20210727_15:00:00   2.0055e-01   5.4414e+01   3.8638e+00   0.0000e+00   1.7991e-02   2.6907e+02
20210727_18:00:00   1.7883e-01   4.9644e+01   3.3924e+00   0.0000e+00   1.2370e-04   2.6835e+02
20210727_21:00:00   1.4977e-01   4.2883e+01   2.8083e+00   0.0000e+00   0.0000e+00   2.6867e+02
20210728_00:00:00   1.8682e-01   5.1501e+01   3.5022e+00   0.0000e+00   6.5520e-05   2.6987e+02
20210728_03:00:00   1.9302e-01   5.2921e+01   3.5980e+00   0.0000e+00   2.2720e-03   2.6986e+02
20210728_06:00:00   1.7633e-01   4.9092e+01   3.2615e+00   0.0000e+00   1.0225e-03   2.6803e+02
20210728_09:00:00   1.4822e-01   4.2480e+01   2.7407e+00   0.0000e+00   4.5963e-03   2.6840e+02
20210728_12:00:00   1.5228e-01   4.3252e+01   2.8915e+00   0.0000e+00   1.2324e-02   2.6703e+02
20210728_15:00:00   1.5736e-01   4.4793e+01   2.9067e+00   0.0000e+00   7.0300e-05   2.6637e+02
20210728_18:00:00   1.6453e-01   4.6462e+01   3.0520e+00   0.0000e+00   6.9855e-04   2.6652e+02
20210728_21:00:00   1.6824e-01   4.7409e+01   3.1039e+00   0.0000e+00   0.0000e+00   2.6533e+02
20210729_00:00:00   1.6587e-01   4.6828e+01   3.0294e+00   0.0000e+00   0.0000e+00   2.6528e+02
20210729_03:00:00   1.6927e-01   4.7525e+01   3.0805e+00   0.0000e+00   0.0000e+00   2.6651e+02
20210729_06:00:00   1.7234e-01   4.8106e+01   3.1559e+00   0.0000e+00   0.0000e+00   2.6652e+02
20210729_09:00:00   1.5968e-01   4.5111e+01   2.9492e+00   0.0000e+00   0.0000e+00   2.6808e+02
20210729_12:00:00   1.8035e-01   4.9766e+01   3.3974e+00   0.0000e+00   0.0000e+00   2.6773e+02
20210729_15:00:00   1.9346e-01   5.2693e+01   3.7105e+00   0.0000e+00   0.0000e+00   2.6660e+02
20210729_18:00:00   1.7362e-01   4.8246e+01   3.2816e+00   0.0000e+00   0.0000e+00   2.6568e+02
20210729_21:00:00   2.0277e-01   5.4933e+01   3.8363e+00   0.0000e+00   0.0000e+00   2.6598e+02
20210730_00:00:00   2.6619e-01   6.8479e+01   5.0207e+00   0.0000e+00   0.0000e+00   2.6519e+02
20210730_03:00:00   3.2740e-01   8.0619e+01   6.1560e+00   0.0000e+00   0.0000e+00   2.6220e+02
20210730_06:00:00   3.2345e-01   7.9722e+01   6.0717e+00   0.0000e+00   0.0000e+00   2.6318e+02
20210730_09:00:00   3.5201e-01   8.4831e+01   6.6117e+00   0.0000e+00   0.0000e+00   2.6456e+02
20210730_12:00:00   4.0370e-01   9.4050e+01   7.3537e+00   2.4811e-05   0.0000e+00   2.6740e+02
20210730_15:00:00   3.4454e-01   8.3061e+01   6.2978e+00   0.0000e+00   0.0000e+00   2.7261e+02
20210730_18:00:00   3.6229e-01   8.6238e+01   5.9763e+00   1.1498e-02   1.3427e-05   2.7358e+02
20210730_21:00:00   3.3693e-01   8.1024e+01   6.0522e+00   7.8180e-04   0.0000e+00   2.7630e+02
20210731_00:00:00   1.7292e-01   4.7153e+01   2.4208e+00   9.7884e-03   1.4491e-05   2.7455e+02
20210731_03:00:00   1.6890e-01   4.5943e+01   2.6936e+00   4.5090e-05   3.3760e-06   2.8105e+02
20210731_06:00:00   1.7980e-01   4.8259e+01   2.8812e+00   0.0000e+00   0.0000e+00   2.8568e+02
20210731_09:00:00   1.3869e-01   3.9080e+01   2.1919e+00   0.0000e+00   0.0000e+00   2.8500e+02
20210731_12:00:00   2.0772e-01   5.4560e+01   3.5589e+00   0.0000e+00   0.0000e+00   2.7884e+02
20210731_15:00:00   2.5578e-01   6.4705e+01   4.4436e+00   0.0000e+00   0.0000e+00   2.8312e+02
20210731_18:00:00   2.4826e-01   6.3146e+01   4.5021e+00   0.0000e+00   8.6340e-07   2.8263e+02
20210731_21:00:00   2.4515e-01   6.2333e+01   4.7213e+00   0.0000e+00   0.0000e+00   2.8294e+02
20210801_00:00:00   2.7159e-01   6.7527e+01   5.3060e+00   0.0000e+00   0.0000e+00   2.8131e+02
20210801_03:00:00   2.9184e-01   7.1680e+01   5.6076e+00   0.0000e+00   0.0000e+00   2.8646e+02
20210801_06:00:00   3.1578e-01   7.6448e+01   5.9383e+00   0.0000e+00   0.0000e+00   2.9712e+02
20210801_09:00:00   2.9950e-01   7.3431e+01   5.5309e+00   0.0000e+00   0.0000e+00   3.0432e+02
20210801_12:00:00   3.1103e-01   7.5569e+01   5.9238e+00   0.0000e+00   0.0000e+00   3.0660e+02
20210801_15:00:00   2.8380e-01   7.0641e+01   5.2705e+00   0.0000e+00   0.0000e+00   3.0542e+02
20210801_18:00:00   2.5972e-01   6.5879e+01   4.9067e+00   0.0000e+00   0.0000e+00   3.0612e+02
