#            date       tau255        Tb[K]      pwv[mm] lwp[kg*m^-2] iwp[kg*m^-2]       o3[DU]
20230128_00:00:00   1.1463e+00   1.9487e+02   1.9609e+01   9.9399e-03   4.9800e-06   2.5990e+02
20230128_01:00:00   1.1824e+00   1.9774e+02   2.0040e+01   1.6964e-02   1.3713e-03   2.6520e+02
20230128_02:00:00   1.4087e+00   2.1424e+02   2.0329e+01   1.0527e-01   1.0251e-02   2.6761e+02
20230128_03:00:00   1.6178e+00   2.2652e+02   2.0494e+01   1.9216e-01   2.2506e-02   2.6939e+02
20230128_04:00:00   1.6584e+00   2.2859e+02   2.0469e+01   2.0515e-01   1.6119e-02   2.6898e+02
20230128_05:00:00   1.4477e+00   2.1653e+02   2.0124e+01   1.2358e-01   5.9866e-03   2.7070e+02
20230128_06:00:00   1.2338e+00   2.0152e+02   1.9738e+01   4.6256e-02   4.4426e-04   2.7352e+02
20230128_07:00:00   1.1454e+00   1.9431e+02   1.9423e+01   1.9770e-02   4.9080e-05   2.7160e+02
20230128_08:00:00   1.1027e+00   1.9079e+02   1.9425e+01   1.5258e-03   1.0670e-05   2.6969e+02
20230128_09:00:00   1.1150e+00   1.9210e+02   1.9664e+01   0.0000e+00   0.0000e+00   2.6889e+02
20230128_10:00:00   1.2390e+00   2.0273e+02   2.0314e+01   3.3138e-02   0.0000e+00   2.6754e+02
20230128_11:00:00   1.5664e+00   2.2485e+02   2.0983e+01   1.5054e-01   1.0456e-04   2.6511e+02
20230128_12:00:00   1.9648e+00   2.4346e+02   2.1639e+01   2.9910e-01   7.5900e-04   2.6481e+02
20230128_13:00:00   1.7399e+00   2.3376e+02   2.1652e+01   2.0985e-01   2.8796e-03   2.6713e+02
20230128_14:00:00   1.6773e+00   2.3053e+02   2.1635e+01   1.8740e-01   4.0355e-03   2.6656e+02
20230128_15:00:00   1.3035e+00   2.0776e+02   2.0773e+01   5.3883e-02   2.4542e-03   2.6403e+02
20230128_16:00:00   1.2771e+00   2.0526e+02   2.1082e+01   4.2724e-02   7.1264e-03   2.6286e+02
20230128_17:00:00   1.1546e+00   1.9542e+02   2.0346e+01   1.2174e-02   4.6531e-04   2.6171e+02
20230128_18:00:00   1.1030e+00   1.9100e+02   1.9871e+01   1.6946e-03   1.7386e-05   2.6191e+02
20230128_19:00:00   1.0914e+00   1.8991e+02   1.9703e+01   4.0182e-03   1.6890e-04   2.6051e+02
20230128_20:00:00   1.0934e+00   1.8988e+02   1.9601e+01   6.3224e-03   1.7892e-03   2.6091e+02
20230128_21:00:00   1.1465e+00   1.9431e+02   1.9925e+01   1.7039e-02   1.9571e-03   2.6339e+02
20230128_22:00:00   1.1059e+00   1.9085e+02   1.9403e+01   1.1190e-02   4.1982e-04   2.6596e+02
20230128_23:00:00   1.0890e+00   1.8915e+02   1.9087e+01   1.3354e-02   1.4732e-04   2.6446e+02
20230129_00:00:00   1.2068e+00   1.9889e+02   1.9160e+01   6.0105e-02   2.1081e-03   2.6448e+02
20230129_01:00:00   1.1976e+00   1.9805e+02   1.8990e+01   5.9381e-02   7.8075e-03   2.6328e+02
20230129_02:00:00   1.0632e+00   1.8625e+02   1.8264e+01   2.1597e-02   2.3916e-03   2.6181e+02
20230129_03:00:00   1.0135e+00   1.8143e+02   1.7600e+01   2.1484e-02   6.8701e-03   2.6139e+02
20230129_04:00:00   9.5119e-01   1.7499e+02   1.7118e+01   1.0127e-02   9.1819e-03   2.6254e+02
20230129_05:00:00   8.9821e-01   1.6928e+02   1.6596e+01   1.1764e-03   6.6351e-03   2.6194e+02
20230129_06:00:00   8.6664e-01   1.6574e+02   1.6069e+01   6.2240e-06   2.1236e-03   2.6143e+02
20230129_07:00:00   8.7004e-01   1.6610e+02   1.6053e+01   0.0000e+00   0.0000e+00   2.6122e+02
20230129_08:00:00   8.7153e-01   1.6644e+02   1.6040e+01   0.0000e+00   0.0000e+00   2.6195e+02
20230129_09:00:00   8.6416e-01   1.6587e+02   1.5944e+01   0.0000e+00   0.0000e+00   2.6243e+02
20230129_10:00:00   8.7404e-01   1.6722e+02   1.6127e+01   0.0000e+00   0.0000e+00   2.6250e+02
20230129_11:00:00   9.1961e-01   1.7251e+02   1.6847e+01   0.0000e+00   0.0000e+00   2.6058e+02
20230129_12:00:00   9.5863e-01   1.7689e+02   1.7372e+01   1.4440e-03   0.0000e+00   2.5816e+02
20230129_13:00:00   9.6767e-01   1.7803e+02   1.7442e+01   2.0242e-03   3.2200e-06   2.5727e+02
20230129_14:00:00   9.2313e-01   1.7328e+02   1.6878e+01   1.2158e-03   1.2882e-05   2.5603e+02
20230129_15:00:00   8.9747e-01   1.7035e+02   1.6613e+01   4.6302e-04   0.0000e+00   2.5575e+02
20230129_16:00:00   9.4409e-01   1.7507e+02   1.7469e+01   1.4090e-04   5.6020e-05   2.5734e+02
20230129_17:00:00   9.6370e-01   1.7698e+02   1.7857e+01   7.9680e-05   3.4786e-04   2.5899e+02
20230129_18:00:00   1.0402e+00   1.8429e+02   1.8900e+01   4.1160e-03   5.8432e-04   2.5976e+02
20230129_19:00:00   9.8945e-01   1.7953e+02   1.8219e+01   8.6960e-04   5.0897e-05   2.5979e+02
20230129_20:00:00   1.0034e+00   1.8087e+02   1.8315e+01   4.1820e-03   6.9300e-05   2.5946e+02
20230129_21:00:00   1.1246e+00   1.9197e+02   1.8482e+01   4.9266e-02   7.2244e-04   2.5942e+02
20230129_22:00:00   1.1382e+00   1.9301e+02   1.8523e+01   5.3240e-02   5.7294e-04   2.5821e+02
20230129_23:00:00   9.7021e-01   1.7723e+02   1.7852e+01   6.1540e-04   2.7100e-05   2.5863e+02
20230130_00:00:00   9.5267e-01   1.7533e+02   1.7569e+01   0.0000e+00   0.0000e+00   2.5792e+02
20230130_01:00:00   9.5150e-01   1.7509e+02   1.7579e+01   0.0000e+00   0.0000e+00   2.5845e+02
20230130_02:00:00   9.8829e-01   1.7869e+02   1.8177e+01   2.6500e-03   6.2960e-05   2.6057e+02
20230130_03:00:00   1.0260e+00   1.8229e+02   1.8175e+01   1.5456e-02   1.7840e-04   2.6002e+02
20230130_04:00:00   9.8305e-01   1.7812e+02   1.7923e+01   1.3038e-03   6.0043e-05   2.5976e+02
20230130_05:00:00   9.5809e-01   1.7565e+02   1.7504e+01   2.8007e-05   1.0670e-06   2.5887e+02
20230130_06:00:00   9.4367e-01   1.7422e+02   1.7258e+01   1.1042e-04   4.6000e-06   2.5992e+02
20230130_07:00:00   9.1297e-01   1.7101e+02   1.6796e+01   1.2308e-04   0.0000e+00   2.6086e+02
20230130_08:00:00   8.9006e-01   1.6854e+02   1.6506e+01   0.0000e+00   4.9800e-06   2.6036e+02
20230130_09:00:00   9.0888e-01   1.7063e+02   1.6848e+01   0.0000e+00   1.1204e-04   2.5931e+02
20230130_10:00:00   9.3239e-01   1.7322e+02   1.7279e+01   0.0000e+00   1.5544e-04   2.5934e+02
20230130_11:00:00   9.6191e-01   1.7639e+02   1.7871e+01   0.0000e+00   9.6182e-04   2.5878e+02
20230130_12:00:00   9.8670e-01   1.7889e+02   1.8395e+01   5.7260e-04   5.6039e-03   2.5818e+02
20230130_13:00:00   9.9793e-01   1.8003e+02   1.8633e+01   5.8240e-04   1.2788e-03   2.5948e+02
20230130_14:00:00   9.8775e-01   1.7898e+02   1.8540e+01   0.0000e+00   9.2960e-05   2.5946e+02
20230130_15:00:00   9.6696e-01   1.7682e+02   1.8205e+01   0.0000e+00   0.0000e+00   2.5804e+02
20230130_16:00:00   9.6893e-01   1.7704e+02   1.8218e+01   0.0000e+00   0.0000e+00   2.5657e+02
20230130_17:00:00   9.8015e-01   1.7830e+02   1.8304e+01   0.0000e+00   0.0000e+00   2.5673e+02
20230130_18:00:00   9.7982e-01   1.7807e+02   1.8235e+01   0.0000e+00   0.0000e+00   2.5642e+02
20230130_19:00:00   1.0244e+00   1.8251e+02   1.8845e+01   3.8484e-03   1.1566e-03   2.5639e+02
20230130_20:00:00   1.1103e+00   1.9044e+02   1.8978e+01   3.3044e-02   1.1105e-02   2.5597e+02
20230130_21:00:00   1.0927e+00   1.8871e+02   1.8574e+01   3.1475e-02   3.3706e-03   2.5754e+02
20230130_22:00:00   9.9035e-01   1.7897e+02   1.7811e+01   6.1446e-03   1.7834e-04   2.5757e+02
20230130_23:00:00   9.5581e-01   1.7560e+02   1.7563e+01   6.5260e-05   5.6480e-06   2.5829e+02
20230131_00:00:00   9.7001e-01   1.7689e+02   1.7817e+01   2.1080e-03   1.8239e-04   2.5677e+02
20230131_01:00:00   9.9556e-01   1.7934e+02   1.8043e+01   6.0497e-03   4.9266e-03   2.5601e+02
20230131_02:00:00   1.0728e+00   1.8656e+02   1.8032e+01   3.5222e-02   2.4934e-02   2.5636e+02
20230131_03:00:00   1.2633e+00   2.0228e+02   1.7743e+01   1.1692e-01   2.5748e-02   2.5616e+02
20230131_04:00:00   1.0338e+00   1.8280e+02   1.7173e+01   3.7259e-02   1.6832e-03   2.5699e+02
20230131_05:00:00   9.3891e-01   1.7319e+02   1.7100e+01   4.5900e-03   1.2723e-03   2.5637e+02
20230131_06:00:00   9.4871e-01   1.7417e+02   1.7710e+01   2.9400e-04   1.7207e-03   2.5740e+02
20230131_07:00:00   9.8099e-01   1.7739e+02   1.8403e+01   2.6678e-05   2.2920e-03   2.5647e+02
20230131_08:00:00   1.0200e+00   1.8120e+02   1.9103e+01   6.2240e-06   6.4457e-03   2.5704e+02
20230131_09:00:00   1.0501e+00   1.8406e+02   1.9705e+01   0.0000e+00   6.1624e-03   2.5622e+02
20230131_10:00:00   1.0693e+00   1.8590e+02   2.0038e+01   0.0000e+00   8.0889e-03   2.5542e+02
20230131_11:00:00   1.0871e+00   1.8761e+02   2.0241e+01   1.7394e-03   1.6306e-02   2.5342e+02
20230131_12:00:00   1.1345e+00   1.9202e+02   2.0374e+01   1.8107e-02   1.0226e-02   2.5257e+02
20230131_13:00:00   1.3062e+00   2.0585e+02   2.0417e+01   8.8494e-02   5.0337e-03   2.5418e+02
20230131_14:00:00   1.2184e+00   1.9914e+02   1.9889e+01   6.5008e-02   2.9222e-03   2.5539e+02
20230131_15:00:00   1.0765e+00   1.8693e+02   1.8924e+01   3.2300e-02   3.4695e-05   2.5612e+02
20230131_16:00:00   9.3518e-01   1.7287e+02   1.7889e+01   1.4752e-03   0.0000e+00   2.5769e+02
20230131_17:00:00   8.8141e-01   1.6703e+02   1.7076e+01   0.0000e+00   0.0000e+00   2.5963e+02
20230131_18:00:00   8.5827e-01   1.6456e+02   1.6639e+01   0.0000e+00   0.0000e+00   2.5942e+02
20230131_19:00:00   8.3305e-01   1.6176e+02   1.6052e+01   0.0000e+00   0.0000e+00   2.5942e+02
20230131_20:00:00   8.6341e-01   1.6516e+02   1.6510e+01   1.9324e-04   9.6620e-06   2.5711e+02
20230131_21:00:00   1.0573e+00   1.8482e+02   1.6789e+01   7.2700e-02   6.3296e-04   2.5798e+02
20230131_22:00:00   1.0191e+00   1.8117e+02   1.6531e+01   5.9260e-02   4.2042e-04   2.5787e+02
20230131_23:00:00   8.6195e-01   1.6478e+02   1.6166e+01   2.6460e-03   5.5152e-04   2.5574e+02
20230201_00:00:00   8.6005e-01   1.6421e+02   1.6335e+01   5.6360e-04   2.4799e-04   2.5857e+02
20230201_01:00:00   8.6615e-01   1.6454e+02   1.6499e+01   4.8080e-04   7.6807e-05   2.5937e+02
20230201_02:00:00   8.8298e-01   1.6639e+02   1.6825e+01   0.0000e+00   3.5084e-03   2.6125e+02
20230201_03:00:00   8.9894e-01   1.6819e+02   1.7162e+01   0.0000e+00   1.6348e-02   2.6035e+02
20230201_04:00:00   9.1911e-01   1.7038e+02   1.7554e+01   0.0000e+00   3.6022e-02   2.6007e+02
20230201_05:00:00   9.3025e-01   1.7130e+02   1.7791e+01   0.0000e+00   2.7951e-02   2.6099e+02
20230201_06:00:00   9.2327e-01   1.7045e+02   1.7774e+01   0.0000e+00   2.3829e-03   2.6067e+02
20230201_07:00:00   9.1060e-01   1.6870e+02   1.7553e+01   2.0781e-03   6.5893e-03   2.5760e+02
20230201_08:00:00   9.6965e-01   1.7459e+02   1.7429e+01   3.0340e-02   1.8039e-02   2.5658e+02
20230201_09:00:00   9.4133e-01   1.7206e+02   1.8218e+01   2.1740e-04   1.0765e-02   2.5651e+02
20230201_10:00:00   1.0152e+00   1.8005e+02   1.9265e+01   1.1486e-03   4.0597e-03   2.5494e+02
20230201_11:00:00   1.3288e+00   2.0701e+02   2.0855e+01   8.4817e-02   6.2645e-03   2.5415e+02
20230201_12:00:00   2.5253e+00   2.5773e+02   2.2407e+01   5.3434e-01   8.5305e-03   2.5457e+02
20230201_13:00:00   2.9297e+00   2.6480e+02   2.4119e+01   6.5380e-01   7.7834e-02   2.5523e+02
20230201_14:00:00   2.4728e+00   2.5657e+02   2.5038e+01   4.4668e-01   1.2346e-01   2.5625e+02
20230201_15:00:00   2.0476e+00   2.4429e+02   2.4912e+01   2.8025e-01   9.0589e-02   2.5590e+02
20230201_16:00:00   1.4390e+00   2.1498e+02   2.3842e+01   5.7663e-02   5.3447e-03   2.5554e+02
20230201_17:00:00   1.2839e+00   2.0373e+02   2.3820e+01   9.0700e-05   4.9437e-02   2.5601e+02
20230201_18:00:00   1.3013e+00   2.0505e+02   2.3944e+01   6.7356e-03   1.9384e-02   2.5609e+02
20230201_19:00:00   1.3077e+00   2.0557e+02   2.4055e+01   9.9142e-03   9.4621e-03   2.5592e+02
20230201_20:00:00   1.4069e+00   2.1260e+02   2.4262e+01   4.5716e-02   8.4187e-03   2.5538e+02
20230201_21:00:00   1.5205e+00   2.1960e+02   2.4416e+01   8.8340e-02   4.3298e-02   2.5665e+02
20230201_22:00:00   1.5429e+00   2.2091e+02   2.4516e+01   8.7200e-02   5.8216e-02   2.5949e+02
20230201_23:00:00   1.6786e+00   2.2799e+02   2.4074e+01   1.5525e-01   4.7586e-02   2.5826e+02
20230202_00:00:00   1.8319e+00   2.3505e+02   2.3487e+01   2.3268e-01   5.7733e-02   2.5685e+02
20230202_03:00:00   1.4858e+00   2.1674e+02   2.2520e+01   1.1599e-01   4.5984e-03   2.5715e+02
20230202_06:00:00   1.7797e+00   2.3321e+02   2.3494e+01   2.0434e-01   4.6436e-03   2.5786e+02
20230202_09:00:00   1.9256e+00   2.4010e+02   2.4647e+01   2.2414e-01   8.9958e-04   2.5690e+02
20230202_12:00:00   1.3796e+00   2.1198e+02   2.3864e+01   1.8213e-02   3.0267e-04   2.5624e+02
20230202_15:00:00   2.5294e+00   2.5985e+02   2.4692e+01   4.5482e-01   6.0169e-04   2.5428e+02
20230202_18:00:00   2.3252e+00   2.5396e+02   2.3859e+01   3.8708e-01   3.8684e-04   2.5628e+02
20230202_21:00:00   2.5444e+00   2.5888e+02   2.3079e+01   5.0108e-01   5.5967e-04   2.5893e+02
20230203_00:00:00   2.2943e+00   2.5242e+02   2.3078e+01   4.0806e-01   5.5395e-03   2.5748e+02
20230203_03:00:00   1.2227e+00   2.0034e+02   2.1396e+01   1.1199e-02   5.5803e-04   2.5426e+02
20230203_06:00:00   1.2160e+00   1.9994e+02   2.1256e+01   6.1978e-03   1.5537e-04   2.5639e+02
20230203_09:00:00   1.3401e+00   2.1011e+02   2.2505e+01   9.1920e-03   2.9499e-05   2.5596e+02
20230203_12:00:00   2.2808e+00   2.5508e+02   2.5274e+01   3.1737e-01   1.2292e-03   2.5573e+02
20230203_15:00:00   3.0208e+00   2.6836e+02   2.7815e+01   5.7922e-01   6.5734e-03   2.5324e+02
20230203_18:00:00   2.1743e+00   2.4973e+02   2.7529e+01   2.4808e-01   7.3482e-01   2.5484e+02
20230203_21:00:00   3.1776e+00   2.7019e+02   2.8092e+01   6.3551e-01   3.6584e-02   2.5274e+02
20230204_00:00:00   1.4262e+00   2.1506e+02   2.4748e+01   3.4827e-02   4.1573e-01   2.5653e+02
20230204_03:00:00   1.2849e+00   2.0549e+02   2.3462e+01   0.0000e+00   3.1276e-02   2.5527e+02
20230204_06:00:00   1.2579e+00   2.0371e+02   2.2690e+01   0.0000e+00   1.1980e-02   2.5362e+02
20230204_09:00:00   1.2499e+00   2.0318e+02   2.2528e+01   0.0000e+00   2.1508e-03   2.5319e+02
20230204_12:00:00   1.8275e+00   2.3895e+02   2.4605e+01   1.6888e-01   2.4856e-04   2.5288e+02
20230204_15:00:00   2.1624e+00   2.5109e+02   2.5815e+01   2.6822e-01   3.7818e-04   2.5095e+02
20230204_18:00:00   1.6914e+00   2.3118e+02   2.6268e+01   7.7680e-02   7.7383e-04   2.5297e+02
20230204_21:00:00   1.4591e+00   2.1817e+02   2.5735e+01   5.2220e-03   5.4434e-03   2.5329e+02
20230205_00:00:00   1.5342e+00   2.2242e+02   2.6024e+01   3.5724e-02   4.3070e-02   2.5507e+02
20230205_03:00:00   1.6453e+00   2.2792e+02   2.6093e+01   8.6720e-02   1.9201e-02   2.5431e+02
20230205_06:00:00   1.5978e+00   2.2556e+02   2.6207e+01   5.8691e-02   8.0253e-03   2.5339e+02
20230205_09:00:00   1.5870e+00   2.2480e+02   2.6118e+01   4.5025e-02   3.6480e-03   2.5114e+02
20230205_12:00:00   2.0815e+00   2.4808e+02   2.6969e+01   2.0886e-01   1.7973e-03   2.5107e+02
20230205_15:00:00   2.0938e+00   2.4779e+02   2.6134e+01   2.3715e-01   2.0279e-02   2.5091e+02
20230205_18:00:00   1.5672e+00   2.2436e+02   2.4381e+01   7.2993e-02   4.2052e-02   2.5375e+02
20230205_21:00:00   1.3712e+00   2.1127e+02   2.1423e+01   7.6293e-02   1.3058e-02   2.5554e+02
20230206_00:00:00   1.1258e+00   1.9210e+02   2.0089e+01   2.0660e-04   2.8138e-02   2.5359e+02
20230206_03:00:00   1.0814e+00   1.8814e+02   1.9254e+01   0.0000e+00   2.6862e-03   2.5342e+02
20230206_06:00:00   1.0400e+00   1.8421e+02   1.8398e+01   0.0000e+00   1.8108e-02   2.5253e+02
20230206_09:00:00   9.4865e-01   1.7502e+02   1.6943e+01   0.0000e+00   1.9476e-02   2.5269e+02
20230206_12:00:00   9.8101e-01   1.7921e+02   1.7085e+01   0.0000e+00   2.1671e-02   2.5323e+02
20230206_15:00:00   1.0411e+00   1.8546e+02   1.6934e+01   2.5280e-02   3.6038e-02   2.5361e+02
20230206_18:00:00   9.3423e-01   1.7431e+02   1.5999e+01   1.4494e-04   3.3191e-02   2.4971e+02
20230206_21:00:00   1.1662e+00   1.9635e+02   1.8835e+01   3.5702e-02   7.8930e-03   2.5216e+02
20230207_00:00:00   1.9049e+00   2.3949e+02   2.1108e+01   2.8726e-01   2.4598e-02   2.5370e+02
20230207_03:00:00   1.2345e+00   2.0153e+02   2.0312e+01   2.2523e-02   2.0652e-03   2.5153e+02
20230207_06:00:00   1.9210e+00   2.3987e+02   2.1187e+01   2.9503e-01   1.9623e-02   2.5326e+02
20230207_09:00:00   1.2335e+00   2.0123e+02   2.0897e+01   1.1760e-02   2.0923e-03   2.5178e+02
20230207_12:00:00   2.6969e+00   2.6333e+02   2.4756e+01   5.0866e-01   8.0643e-03   2.5522e+02
20230207_15:00:00   2.3452e+00   2.5497e+02   2.5800e+01   3.4319e-01   1.8930e-02   2.5363e+02
20230207_18:00:00   2.5731e+00   2.5880e+02   2.7626e+01   4.1771e-01   7.2041e-01   2.5436e+02
20230207_21:00:00   1.6838e+00   2.2977e+02   2.5469e+01   1.0099e-01   6.6766e-02   2.5221e+02
20230208_00:00:00   1.5490e+00   2.2230e+02   2.5150e+01   6.0891e-02   6.6479e-02   2.5419e+02
20230208_03:00:00   1.3160e+00   2.0693e+02   2.4103e+01   1.0582e-03   9.0076e-02   2.5626e+02
20230208_06:00:00   1.3528e+00   2.0969e+02   2.4359e+01   0.0000e+00   7.4989e-03   2.5939e+02
20230208_09:00:00   1.4587e+00   2.1716e+02   2.5493e+01   4.3501e-03   3.4836e-04   2.5680e+02
20230208_12:00:00   2.4535e+00   2.5761e+02   2.6845e+01   3.9027e-01   7.3978e-03   2.5717e+02
20230208_15:00:00   3.5763e+00   2.7429e+02   2.8187e+01   8.0423e-01   8.4685e-02   2.5609e+02
20230208_18:00:00   2.3344e+00   2.5419e+02   2.7492e+01   3.2015e-01   2.9498e-01   2.5581e+02
20230208_21:00:00   2.0818e+00   2.4628e+02   2.5805e+01   2.6566e-01   1.5223e-01   2.5479e+02
20230209_00:00:00   1.5896e+00   2.2470e+02   2.4658e+01   9.5697e-02   8.8092e-02   2.5588e+02
20230209_03:00:00   1.3509e+00   2.0986e+02   2.3446e+01   1.3344e-02   2.3071e-03   2.5672e+02
20230209_06:00:00   1.2460e+00   2.0228e+02   2.1869e+01   0.0000e+00   2.8450e-06   2.5635e+02
20230209_09:00:00   1.2905e+00   2.0598e+02   2.2736e+01   0.0000e+00   3.4160e-04   2.5620e+02
20230209_12:00:00   2.1174e+00   2.4934e+02   2.3107e+01   3.1410e-01   2.0759e-03   2.5468e+02
20230209_15:00:00   3.2193e+00   2.7164e+02   2.4792e+01   7.2147e-01   3.5151e-03   2.5486e+02
20230209_18:00:00   1.5664e+00   2.2460e+02   2.3884e+01   6.6224e-02   2.5091e-02   2.5442e+02
20230209_21:00:00   1.4771e+00   2.1928e+02   2.0004e+01   1.3396e-01   6.4144e-04   2.5597e+02
20230210_00:00:00   1.9859e+00   2.4343e+02   2.4148e+01   2.4783e-01   8.1723e-02   2.5584e+02
20230210_03:00:00   1.1370e+00   1.9378e+02   2.0203e+01   1.2448e-05   2.4900e-06   2.5605e+02
20230210_06:00:00   1.1508e+00   1.9470e+02   2.0609e+01   0.0000e+00   0.0000e+00   2.5516e+02
20230210_09:00:00   1.1721e+00   1.9653e+02   2.1181e+01   0.0000e+00   0.0000e+00   2.5484e+02
20230210_12:00:00   2.3253e+00   2.5542e+02   2.5079e+01   3.6201e-01   2.5770e-04   2.5307e+02
20230210_15:00:00   2.7407e+00   2.6428e+02   2.5036e+01   5.3638e-01   8.2120e-04   2.5425e+02
20230210_18:00:00   2.3254e+00   2.5386e+02   2.4489e+01   3.9661e-01   3.0131e-02   2.5419e+02
20230210_21:00:00   1.4875e+00   2.1901e+02   2.3228e+01   8.3753e-02   3.9980e-03   2.5522e+02
20230211_00:00:00   1.2399e+00   2.0187e+02   2.2348e+01   0.0000e+00   2.8320e-04   2.5349e+02
20230211_03:00:00   1.2299e+00   2.0081e+02   2.1919e+01   6.2800e-04   4.2328e-03   2.5349e+02
20230211_06:00:00   1.1815e+00   1.9665e+02   2.1434e+01   0.0000e+00   6.7106e-03   2.5368e+02
20230211_09:00:00   1.2693e+00   2.0424e+02   2.2364e+01   5.0960e-03   9.5462e-05   2.5433e+02
20230211_12:00:00   2.8578e+00   2.6615e+02   2.5321e+01   5.8247e-01   4.8344e-04   2.5242e+02
20230211_15:00:00   2.0503e+00   2.4553e+02   2.6065e+01   2.5098e-01   3.8307e-01   2.5104e+02
20230211_18:00:00   1.8428e+00   2.3870e+02   2.5893e+01   1.5306e-01   4.7291e-02   2.5310e+02
20230211_21:00:00   1.3226e+00   2.0853e+02   2.4008e+01   0.0000e+00   2.5373e-04   2.5375e+02
20230212_00:00:00   1.2023e+00   1.9874e+02   2.2305e+01   0.0000e+00   4.0839e-03   2.5214e+02
20230212_03:00:00   1.1575e+00   1.9487e+02   2.1303e+01   0.0000e+00   2.1476e-04   2.5370e+02
20230212_06:00:00   1.1643e+00   1.9540e+02   2.1146e+01   0.0000e+00   1.4671e-04   2.5372e+02
20230212_09:00:00   1.1443e+00   1.9399e+02   2.0658e+01   1.7740e-03   2.4796e-03   2.5528e+02
20230212_12:00:00   1.5152e+00   2.2106e+02   2.1838e+01   1.3490e-01   5.3453e-04   2.5497e+02
20230212_15:00:00   1.5862e+00   2.2519e+02   2.0928e+01   1.8217e-01   1.4599e-02   2.5507e+02
20230212_18:00:00   1.8530e+00   2.3794e+02   2.4044e+01   2.1518e-01   1.2158e-01   2.5478e+02
20230212_21:00:00   1.6198e+00   2.2685e+02   2.0604e+01   2.0040e-01   2.2776e-02   2.5422e+02
20230213_00:00:00   2.1476e+00   2.4875e+02   2.2244e+01   3.7022e-01   2.2199e-02   2.5541e+02
