#            date       tau255        Tb[K]      pwv[mm] lwp[kg*m^-2] iwp[kg*m^-2]       o3[DU]
20230412_00:00:00   3.8180e-01   9.2731e+01   7.5527e+00   0.0000e+00   0.0000e+00   2.6122e+02
20230412_01:00:00   3.2571e-01   8.1756e+01   6.5468e+00   0.0000e+00   0.0000e+00   2.5937e+02
20230412_02:00:00   2.5716e-01   6.7537e+01   5.2685e+00   0.0000e+00   0.0000e+00   2.5933e+02
20230412_03:00:00   2.8508e-01   7.3565e+01   5.7454e+00   0.0000e+00   0.0000e+00   2.6095e+02
20230412_04:00:00   2.8236e-01   7.3016e+01   5.6432e+00   0.0000e+00   0.0000e+00   2.6118e+02
20230412_05:00:00   2.8567e-01   7.3783e+01   5.6693e+00   0.0000e+00   0.0000e+00   2.5961e+02
20230412_06:00:00   3.1576e-01   8.0023e+01   6.2149e+00   0.0000e+00   0.0000e+00   2.5944e+02
20230412_07:00:00   3.8489e-01   9.3496e+01   7.4648e+00   0.0000e+00   0.0000e+00   2.5769e+02
20230412_08:00:00   4.3976e-01   1.0356e+02   8.4244e+00   0.0000e+00   0.0000e+00   2.5707e+02
20230412_09:00:00   4.6908e-01   1.0873e+02   8.9357e+00   0.0000e+00   0.0000e+00   2.5788e+02
20230412_10:00:00   4.6040e-01   1.0727e+02   8.8049e+00   0.0000e+00   0.0000e+00   2.5718e+02
20230412_11:00:00   4.5046e-01   1.0557e+02   8.6621e+00   0.0000e+00   0.0000e+00   2.5645e+02
20230412_12:00:00   4.4410e-01   1.0445e+02   8.5976e+00   0.0000e+00   0.0000e+00   2.5621e+02
20230412_13:00:00   4.7220e-01   1.0929e+02   9.1757e+00   0.0000e+00   0.0000e+00   2.5700e+02
20230412_14:00:00   4.8618e-01   1.1162e+02   9.4367e+00   0.0000e+00   0.0000e+00   2.5781e+02
20230412_15:00:00   4.6729e-01   1.0841e+02   9.0545e+00   0.0000e+00   0.0000e+00   2.5791e+02
20230412_16:00:00   4.5087e-01   1.0558e+02   8.7521e+00   0.0000e+00   0.0000e+00   2.5708e+02
20230412_17:00:00   4.3335e-01   1.0256e+02   8.4240e+00   0.0000e+00   0.0000e+00   2.5573e+02
20230412_18:00:00   4.2808e-01   1.0159e+02   8.3576e+00   0.0000e+00   0.0000e+00   2.5378e+02
20230412_19:00:00   4.5808e-01   1.0695e+02   8.9454e+00   0.0000e+00   0.0000e+00   2.5233e+02
20230412_20:00:00   5.1751e-01   1.1718e+02   1.0044e+01   0.0000e+00   0.0000e+00   2.5130e+02
20230412_21:00:00   5.2452e-01   1.1830e+02   1.0183e+01   0.0000e+00   0.0000e+00   2.5169e+02
20230412_22:00:00   5.3674e-01   1.2013e+02   1.0407e+01   0.0000e+00   0.0000e+00   2.5284e+02
20230412_23:00:00   5.4720e-01   1.2172e+02   1.0580e+01   0.0000e+00   0.0000e+00   2.5371e+02
20230413_00:00:00   5.5323e-01   1.2256e+02   1.0693e+01   0.0000e+00   0.0000e+00   2.5466e+02
20230413_01:00:00   5.4708e-01   1.2140e+02   1.0586e+01   0.0000e+00   0.0000e+00   2.5341e+02
20230413_02:00:00   5.5275e-01   1.2220e+02   1.0668e+01   0.0000e+00   0.0000e+00   2.5243e+02
20230413_03:00:00   5.2968e-01   1.1841e+02   1.0274e+01   0.0000e+00   0.0000e+00   2.5315e+02
20230413_04:00:00   5.2354e-01   1.1750e+02   1.0123e+01   0.0000e+00   0.0000e+00   2.5416e+02
20230413_05:00:00   5.4543e-01   1.2111e+02   1.0461e+01   0.0000e+00   0.0000e+00   2.5462e+02
20230413_06:00:00   5.3614e-01   1.1957e+02   1.0314e+01   0.0000e+00   0.0000e+00   2.5476e+02
20230413_07:00:00   5.3358e-01   1.1904e+02   1.0253e+01   0.0000e+00   0.0000e+00   2.5466e+02
20230413_08:00:00   5.3030e-01   1.1852e+02   1.0186e+01   0.0000e+00   0.0000e+00   2.5464e+02
20230413_09:00:00   5.2180e-01   1.1722e+02   1.0051e+01   0.0000e+00   0.0000e+00   2.5661e+02
20230413_10:00:00   5.2304e-01   1.1756e+02   1.0057e+01   0.0000e+00   0.0000e+00   2.5893e+02
20230413_11:00:00   5.5039e-01   1.2208e+02   1.0495e+01   0.0000e+00   0.0000e+00   2.5916e+02
20230413_12:00:00   5.4606e-01   1.2147e+02   1.0424e+01   0.0000e+00   0.0000e+00   2.5890e+02
20230413_13:00:00   5.3083e-01   1.1898e+02   1.0166e+01   0.0000e+00   0.0000e+00   2.5789e+02
20230413_14:00:00   5.0958e-01   1.1549e+02   9.8055e+00   0.0000e+00   0.0000e+00   2.5760e+02
20230413_15:00:00   4.8981e-01   1.1225e+02   9.4693e+00   0.0000e+00   0.0000e+00   2.5884e+02
20230413_16:00:00   4.7213e-01   1.0916e+02   9.1695e+00   0.0000e+00   0.0000e+00   2.6029e+02
20230413_17:00:00   4.6633e-01   1.0811e+02   9.0833e+00   0.0000e+00   0.0000e+00   2.6101e+02
20230413_18:00:00   4.6357e-01   1.0764e+02   9.0322e+00   0.0000e+00   0.0000e+00   2.6182e+02
20230413_19:00:00   4.7194e-01   1.0917e+02   9.1570e+00   0.0000e+00   0.0000e+00   2.6163e+02
20230413_20:00:00   4.7535e-01   1.0999e+02   9.2044e+00   0.0000e+00   0.0000e+00   2.6106e+02
20230413_21:00:00   4.6699e-01   1.0876e+02   9.0582e+00   0.0000e+00   0.0000e+00   2.5982e+02
20230413_22:00:00   4.8128e-01   1.1114e+02   9.3774e+00   0.0000e+00   0.0000e+00   2.5934e+02
20230413_23:00:00   5.1477e-01   1.1657e+02   1.0027e+01   0.0000e+00   0.0000e+00   2.5956e+02
20230414_00:00:00   5.2963e-01   1.1878e+02   1.0339e+01   0.0000e+00   0.0000e+00   2.6031e+02
20230414_01:00:00   5.6565e-01   1.2407e+02   1.0950e+01   0.0000e+00   0.0000e+00   2.6016e+02
20230414_02:00:00   5.5654e-01   1.2244e+02   1.0775e+01   0.0000e+00   0.0000e+00   2.6129e+02
20230414_03:00:00   5.1689e-01   1.1603e+02   1.0078e+01   0.0000e+00   0.0000e+00   2.6066e+02
20230414_04:00:00   5.0781e-01   1.1446e+02   9.8911e+00   0.0000e+00   0.0000e+00   2.5984e+02
20230414_05:00:00   5.1974e-01   1.1640e+02   1.0052e+01   0.0000e+00   0.0000e+00   2.6008e+02
20230414_06:00:00   4.9772e-01   1.1285e+02   9.6749e+00   0.0000e+00   0.0000e+00   2.6063e+02
20230414_07:00:00   4.6399e-01   1.0720e+02   9.1113e+00   0.0000e+00   0.0000e+00   2.6036e+02
20230414_08:00:00   4.4362e-01   1.0370e+02   8.7508e+00   0.0000e+00   0.0000e+00   2.6017e+02
20230414_09:00:00   4.5373e-01   1.0549e+02   8.9165e+00   0.0000e+00   0.0000e+00   2.5987e+02
20230414_10:00:00   4.5990e-01   1.0650e+02   9.0243e+00   0.0000e+00   0.0000e+00   2.5901e+02
20230414_11:00:00   4.6474e-01   1.0725e+02   9.1467e+00   0.0000e+00   0.0000e+00   2.5858e+02
20230414_12:00:00   4.7774e-01   1.0955e+02   9.4227e+00   0.0000e+00   0.0000e+00   2.5890e+02
20230414_13:00:00   4.8668e-01   1.1128e+02   9.6333e+00   0.0000e+00   0.0000e+00   2.5843e+02
20230414_14:00:00   4.9077e-01   1.1199e+02   9.7474e+00   0.0000e+00   0.0000e+00   2.5748e+02
20230414_15:00:00   4.8736e-01   1.1140e+02   9.6963e+00   0.0000e+00   0.0000e+00   2.5637e+02
20230414_16:00:00   4.9263e-01   1.1221e+02   9.8107e+00   0.0000e+00   0.0000e+00   2.5610e+02
20230414_17:00:00   5.1939e-01   1.1668e+02   1.0313e+01   0.0000e+00   0.0000e+00   2.5631e+02
20230414_18:00:00   5.5583e-01   1.2252e+02   1.0938e+01   0.0000e+00   0.0000e+00   2.5757e+02
20230414_19:00:00   5.4530e-01   1.2084e+02   1.0683e+01   0.0000e+00   0.0000e+00   2.5852e+02
20230414_20:00:00   5.6170e-01   1.2319e+02   1.0937e+01   0.0000e+00   0.0000e+00   2.5924e+02
20230414_21:00:00   5.5366e-01   1.2175e+02   1.0759e+01   0.0000e+00   0.0000e+00   2.5983e+02
20230414_22:00:00   5.4442e-01   1.2025e+02   1.0560e+01   0.0000e+00   4.8080e-04   2.6016e+02
20230414_23:00:00   5.2529e-01   1.1739e+02   1.0163e+01   0.0000e+00   1.2866e-03   2.5909e+02
20230415_00:00:00   5.1188e-01   1.1538e+02   9.9226e+00   0.0000e+00   3.1120e-06   2.5858e+02
20230415_01:00:00   4.9048e-01   1.1192e+02   9.5795e+00   0.0000e+00   0.0000e+00   2.5787e+02
20230415_02:00:00   4.8262e-01   1.1054e+02   9.4765e+00   0.0000e+00   0.0000e+00   2.5707e+02
20230415_03:00:00   4.9179e-01   1.1211e+02   9.6567e+00   0.0000e+00   0.0000e+00   2.5728e+02
20230415_04:00:00   5.2645e-01   1.1802e+02   1.0231e+01   0.0000e+00   0.0000e+00   2.5658e+02
20230415_05:00:00   5.6064e-01   1.2352e+02   1.0795e+01   0.0000e+00   0.0000e+00   2.5626e+02
20230415_06:00:00   5.8845e-01   1.2780e+02   1.1267e+01   0.0000e+00   1.1502e-05   2.5657e+02
20230415_07:00:00   6.0657e-01   1.3072e+02   1.1523e+01   0.0000e+00   0.0000e+00   2.5814e+02
20230415_08:00:00   6.0245e-01   1.3024e+02   1.1440e+01   0.0000e+00   0.0000e+00   2.5899e+02
20230415_09:00:00   5.9313e-01   1.2875e+02   1.1380e+01   0.0000e+00   1.7254e-06   2.5770e+02
20230415_10:00:00   5.9849e-01   1.2947e+02   1.1553e+01   0.0000e+00   0.0000e+00   2.5693e+02
20230415_11:00:00   6.7613e-01   1.4072e+02   1.2955e+01   0.0000e+00   1.1452e-04   2.5693e+02
20230415_12:00:00   8.6995e-01   1.6429e+02   1.4739e+01   4.7281e-02   3.3570e-02   2.5897e+02
20230415_13:00:00   1.3003e+00   2.0321e+02   1.6814e+01   1.8260e-01   2.6599e-01   2.5927e+02
20230415_14:00:00   1.2195e+00   1.9762e+02   1.8970e+01   8.6425e-02   3.0153e-01   2.5978e+02
20230415_15:00:00   1.1758e+00   1.9419e+02   1.8838e+01   7.1797e-02   2.6959e-01   2.5951e+02
20230415_16:00:00   1.5803e+00   2.2203e+02   1.9034e+01   2.2831e-01   1.4573e-01   2.5959e+02
20230415_17:00:00   1.3483e+00   2.0766e+02   1.8867e+01   1.2710e-01   8.0598e-02   2.5921e+02
20230415_18:00:00   1.0376e+00   1.8203e+02   1.8521e+01   1.1151e-02   1.1395e-01   2.6045e+02
20230415_19:00:00   1.0294e+00   1.8111e+02   1.8426e+01   9.1022e-03   1.3447e-01   2.6146e+02
20230415_20:00:00   9.8808e-01   1.7709e+02   1.8245e+01   7.4700e-05   9.1466e-03   2.6230e+02
20230415_21:00:00   1.0044e+00   1.7869e+02   1.8387e+01   6.8300e-04   1.7578e-02   2.6237e+02
20230415_22:00:00   1.1276e+00   1.9017e+02   1.8537e+01   4.5619e-02   5.0470e-02   2.6194e+02
20230415_23:00:00   9.8681e-01   1.7680e+02   1.8235e+01   0.0000e+00   6.7919e-02   2.6087e+02
20230416_00:00:00   1.0018e+00   1.7824e+02   1.8618e+01   7.4700e-05   3.9826e-02   2.6092e+02
20230416_01:00:00   1.1113e+00   1.8845e+02   1.8934e+01   3.7727e-02   5.7793e-02   2.5965e+02
20230416_02:00:00   1.0675e+00   1.8457e+02   1.9043e+01   1.2609e-02   1.0233e-01   2.5850e+02
20230416_03:00:00   9.8996e-01   1.7720e+02   1.8227e+01   1.2670e-04   3.3621e-02   2.5783e+02
20230416_04:00:00   9.7564e-01   1.7588e+02   1.7799e+01   1.8247e-03   4.3869e-03   2.5761e+02
20230416_05:00:00   9.9046e-01   1.7740e+02   1.7554e+01   1.3517e-02   2.4140e-02   2.5705e+02
20230416_06:00:00   9.7717e-01   1.7597e+02   1.7480e+01   9.3341e-03   8.8947e-03   2.5594e+02
20230416_07:00:00   9.6845e-01   1.7483e+02   1.7504e+01   5.4560e-03   9.0251e-03   2.5469e+02
20230416_08:00:00   1.0539e+00   1.8334e+02   1.7559e+01   3.7660e-02   4.6097e-03   2.5422e+02
20230416_09:00:00   1.0348e+00   1.8144e+02   1.7592e+01   2.9730e-02   4.4860e-02   2.5566e+02
20230416_10:00:00   9.9099e-01   1.7733e+02   1.7489e+01   1.3235e-02   7.5319e-02   2.5434e+02
20230416_11:00:00   1.0739e+00   1.8509e+02   1.7252e+01   5.5497e-02   1.2353e-01   2.5408e+02
20230416_12:00:00   1.0140e+00   1.7961e+02   1.6977e+01   3.8101e-02   9.6131e-02   2.5414e+02
20230416_13:00:00   1.0458e+00   1.8279e+02   1.6836e+01   5.5968e-02   7.5552e-02   2.5324e+02
20230416_14:00:00   9.5331e-01   1.7390e+02   1.6914e+01   1.4542e-02   3.0009e-02   2.5207e+02
20230416_15:00:00   9.0073e-01   1.6841e+02   1.6643e+01   8.1150e-04   4.5441e-03   2.5092e+02
20230416_16:00:00   8.7273e-01   1.6535e+02   1.6230e+01   2.8581e-04   4.6255e-03   2.5066e+02
20230416_17:00:00   8.4150e-01   1.6182e+02   1.5708e+01   8.6960e-05   3.4148e-04   2.5026e+02
20230416_18:00:00   9.0200e-01   1.6850e+02   1.6194e+01   1.4411e-02   6.4658e-03   2.5025e+02
20230416_19:00:00   9.5291e-01   1.7383e+02   1.6811e+01   1.9518e-02   1.4017e-02   2.5001e+02
20230416_20:00:00   9.4977e-01   1.7349e+02   1.6973e+01   1.2910e-02   3.9707e-03   2.5059e+02
20230416_21:00:00   9.5419e-01   1.7387e+02   1.7460e+01   4.5155e-03   6.9126e-03   2.5142e+02
20230416_22:00:00   1.0190e+00   1.8017e+02   1.8195e+01   1.4826e-02   5.5320e-03   2.5257e+02
20230416_23:00:00   1.0022e+00   1.7843e+02   1.8513e+01   2.8324e-04   3.4026e-03   2.5172e+02
20230417_00:00:00   1.0071e+00   1.7898e+02   1.8107e+01   9.8940e-03   5.8590e-03   2.5049e+02
20230417_03:00:00   1.1803e+00   1.9431e+02   1.8609e+01   6.9301e-02   5.3504e-03   2.5291e+02
20230417_06:00:00   1.2911e+00   2.0290e+02   1.9181e+01   9.4959e-02   7.0813e-03   2.5104e+02
20230417_09:00:00   1.0562e+00   1.8380e+02   1.8973e+01   0.0000e+00   1.8033e-04   2.5108e+02
20230417_12:00:00   1.2177e+00   1.9832e+02   1.8959e+01   7.1112e-02   1.9072e-03   2.5023e+02
20230417_15:00:00   1.3504e+00   2.0815e+02   1.8558e+01   1.4095e-01   1.2467e-02   2.5004e+02
20230417_18:00:00   1.2667e+00   2.0221e+02   1.9713e+01   6.6866e-02   1.1934e-02   2.5336e+02
20230417_21:00:00   1.0402e+00   1.8253e+02   1.8996e+01   1.3086e-03   6.4543e-04   2.5332e+02
20230418_00:00:00   1.0242e+00   1.8093e+02   1.8660e+01   0.0000e+00   9.3424e-05   2.5615e+02
20230418_03:00:00   9.8662e-01   1.7716e+02   1.7900e+01   0.0000e+00   0.0000e+00   2.5658e+02
20230418_06:00:00   9.4816e-01   1.7334e+02   1.7334e+01   0.0000e+00   0.0000e+00   2.5455e+02
20230418_09:00:00   8.8062e-01   1.6654e+02   1.5988e+01   0.0000e+00   0.0000e+00   2.5673e+02
20230418_12:00:00   1.0659e+00   1.8607e+02   1.6648e+01   5.3421e-02   8.6000e-05   2.5797e+02
20230418_15:00:00   9.1171e-01   1.7078e+02   1.6421e+01   4.8580e-04   2.6816e-05   2.5836e+02
20230418_18:00:00   1.1658e+00   1.9490e+02   1.6987e+01   9.3040e-02   2.7485e-03   2.5904e+02
20230418_21:00:00   9.6988e-01   1.7647e+02   1.7529e+01   0.0000e+00   0.0000e+00   2.6201e+02
20230419_00:00:00   1.0151e+00   1.8024e+02   1.8613e+01   0.0000e+00   1.0672e-04   2.6178e+02
20230419_03:00:00   9.5891e-01   1.7466e+02   1.7533e+01   2.8180e-05   2.1996e-04   2.6096e+02
20230419_06:00:00   9.3446e-01   1.7214e+02   1.7080e+01   0.0000e+00   0.0000e+00   2.5909e+02
20230419_09:00:00   9.0605e-01   1.6923e+02   1.6674e+01   0.0000e+00   0.0000e+00   2.6104e+02
20230419_12:00:00   1.0479e+00   1.8368e+02   1.7968e+01   3.1437e-02   5.9360e-04   2.6331e+02
20230419_15:00:00   2.0643e+00   2.4278e+02   2.0160e+01   4.1441e-01   5.9527e-01   2.6081e+02
20230419_18:00:00   1.0213e+00   1.8122e+02   1.8000e+01   1.5512e-02   5.0858e-03   2.6179e+02
20230419_21:00:00   8.6293e-01   1.6403e+02   1.6354e+01   0.0000e+00   1.8314e-04   2.6082e+02
20230420_00:00:00   8.7428e-01   1.6509e+02   1.6347e+01   0.0000e+00   5.2280e-05   2.6328e+02
20230420_03:00:00   8.5823e-01   1.6341e+02   1.5818e+01   0.0000e+00   0.0000e+00   2.6056e+02
20230420_06:00:00   8.4522e-01   1.6198e+02   1.5490e+01   2.6680e-06   3.7343e-05   2.5784e+02
20230420_09:00:00   8.3134e-01   1.6054e+02   1.5086e+01   0.0000e+00   0.0000e+00   2.5934e+02
20230420_12:00:00   9.0077e-01   1.6854e+02   1.6102e+01   6.8935e-03   2.3108e-03   2.5953e+02
20230420_15:00:00   1.0552e+00   1.8394e+02   1.8244e+01   2.7836e-02   8.2072e-02   2.5753e+02
20230420_18:00:00   8.6959e-01   1.6437e+02   1.6519e+01   0.0000e+00   1.3908e-02   2.5850e+02
20230420_21:00:00   8.6426e-01   1.6345e+02   1.6155e+01   3.2411e-03   1.9524e-02   2.5681e+02
20230421_00:00:00   7.7103e-01   1.5253e+02   1.4415e+01   3.6580e-04   7.8638e-03   2.5640e+02
20230421_03:00:00   7.8621e-01   1.5418e+02   1.4572e+01   4.4640e-03   2.7991e-02   2.5790e+02
20230421_06:00:00   8.4301e-01   1.6027e+02   1.5824e+01   2.4502e-03   1.2537e-01   2.5882e+02
20230421_09:00:00   9.5779e-01   1.7321e+02   1.7001e+01   1.7047e-02   4.0117e-02   2.5900e+02
20230421_12:00:00   8.3418e-01   1.6077e+02   1.4410e+01   1.6344e-02   9.5880e-05   2.5849e+02
20230421_15:00:00   8.0446e-01   1.5713e+02   1.3987e+01   1.5336e-02   8.2840e-04   2.5841e+02
20230421_18:00:00   6.4955e-01   1.3662e+02   1.2051e+01   0.0000e+00   0.0000e+00   2.5870e+02
20230421_21:00:00   5.7270e-01   1.2582e+02   1.0766e+01   0.0000e+00   0.0000e+00   2.5744e+02
20230422_00:00:00   6.6543e-01   1.3929e+02   1.2247e+01   0.0000e+00   0.0000e+00   2.5715e+02
20230422_03:00:00   6.8223e-01   1.4131e+02   1.2554e+01   0.0000e+00   6.4020e-06   2.5451e+02
20230422_06:00:00   6.5651e-01   1.3771e+02   1.2033e+01   1.3338e-05   1.5294e-05   2.5365e+02
20230422_09:00:00   6.3419e-01   1.3458e+02   1.1583e+01   0.0000e+00   0.0000e+00   2.5584e+02
20230422_12:00:00   5.8493e-01   1.2716e+02   1.0878e+01   0.0000e+00   0.0000e+00   2.5457e+02
20230422_15:00:00   5.1117e-01   1.1560e+02   9.6644e+00   0.0000e+00   0.0000e+00   2.5361e+02
20230422_18:00:00   4.8165e-01   1.1096e+02   9.1589e+00   0.0000e+00   1.0882e-03   2.5168e+02
20230422_21:00:00   5.6170e-01   1.2402e+02   1.0723e+01   0.0000e+00   2.5741e-03   2.5209e+02
20230423_00:00:00   6.5155e-01   1.3702e+02   1.2405e+01   0.0000e+00   0.0000e+00   2.5230e+02
20230423_03:00:00   6.2123e-01   1.3249e+02   1.1925e+01   0.0000e+00   2.4900e-06   2.5401e+02
20230423_06:00:00   6.0365e-01   1.3024e+02   1.1382e+01   0.0000e+00   2.0740e-04   2.5495e+02
20230423_09:00:00   5.2745e-01   1.1851e+02   1.0043e+01   0.0000e+00   1.6330e-03   2.5320e+02
20230423_12:00:00   5.2972e-01   1.1834e+02   1.0177e+01   0.0000e+00   1.8770e-04   2.5316e+02
20230423_15:00:00   5.3537e-01   1.1910e+02   1.0233e+01   0.0000e+00   0.0000e+00   2.5290e+02
20230423_18:00:00   5.8832e-01   1.2763e+02   1.1114e+01   0.0000e+00   0.0000e+00   2.5369e+02
20230423_21:00:00   5.7487e-01   1.2632e+02   1.1051e+01   0.0000e+00   0.0000e+00   2.5516e+02
20230424_00:00:00   5.9316e-01   1.2899e+02   1.1491e+01   0.0000e+00   0.0000e+00   2.5509e+02
20230424_03:00:00   6.5263e-01   1.3746e+02   1.2371e+01   0.0000e+00   2.6680e-06   2.5431e+02
20230424_06:00:00   6.5267e-01   1.3712e+02   1.2470e+01   0.0000e+00   0.0000e+00   2.5364e+02
20230424_09:00:00   6.5068e-01   1.3680e+02   1.2352e+01   0.0000e+00   0.0000e+00   2.5384e+02
20230424_12:00:00   6.0752e-01   1.3022e+02   1.1670e+01   0.0000e+00   1.8980e-04   2.5369e+02
20230424_15:00:00   5.8733e-01   1.2709e+02   1.1361e+01   0.0000e+00   1.0794e-04   2.5302e+02
20230424_18:00:00   5.7989e-01   1.2673e+02   1.1204e+01   0.0000e+00   0.0000e+00   2.5344e+02
20230424_21:00:00   6.1429e-01   1.3181e+02   1.1894e+01   0.0000e+00   0.0000e+00   2.5348e+02
20230425_00:00:00   6.8516e-01   1.4152e+02   1.3116e+01   0.0000e+00   3.4600e-05   2.5283e+02
20230425_03:00:00   6.6911e-01   1.3912e+02   1.2801e+01   0.0000e+00   0.0000e+00   2.5213e+02
20230425_06:00:00   6.1043e-01   1.3027e+02   1.1821e+01   0.0000e+00   0.0000e+00   2.5158e+02
20230425_09:00:00   5.9768e-01   1.2806e+02   1.1670e+01   0.0000e+00   0.0000e+00   2.5125e+02
20230425_12:00:00   5.8754e-01   1.2664e+02   1.1511e+01   0.0000e+00   0.0000e+00   2.5240e+02
20230425_15:00:00   5.7654e-01   1.2509e+02   1.1246e+01   0.0000e+00   0.0000e+00   2.5249e+02
20230425_18:00:00   5.2413e-01   1.1734e+02   1.0311e+01   0.0000e+00   1.7254e-06   2.5227e+02
20230425_21:00:00   5.0415e-01   1.1380e+02   1.0101e+01   0.0000e+00   0.0000e+00   2.5320e+02
20230426_00:00:00   5.4203e-01   1.1916e+02   1.0847e+01   0.0000e+00   0.0000e+00   2.5306e+02
20230426_03:00:00   5.0664e-01   1.1272e+02   1.0239e+01   3.4240e-05   6.1814e-04   2.5502e+02
20230426_06:00:00   5.2302e-01   1.1446e+02   1.0340e+01   5.6362e-05   2.4904e-02   2.5559e+02
20230426_09:00:00   5.6951e-01   1.2246e+02   1.1163e+01   0.0000e+00   3.5000e-04   2.5616e+02
20230426_12:00:00   6.3131e-01   1.3198e+02   1.2284e+01   6.9560e-05   1.8216e-03   2.5646e+02
20230426_15:00:00   6.9315e-01   1.3965e+02   1.3611e+01   0.0000e+00   2.8925e-01   2.5765e+02
20230426_18:00:00   7.1203e-01   1.4295e+02   1.3873e+01   0.0000e+00   1.4760e-01   2.5909e+02
20230426_21:00:00   5.6634e-01   1.2135e+02   1.1381e+01   0.0000e+00   1.3873e-02   2.5989e+02
20230427_00:00:00   4.9818e-01   1.0992e+02   1.0037e+01   0.0000e+00   1.8182e-03   2.5968e+02
20230427_03:00:00   5.4136e-01   1.1675e+02   1.0676e+01   1.7070e-05   6.9974e-02   2.6195e+02
20230427_06:00:00   4.8859e-01   1.0869e+02   9.5971e+00   0.0000e+00   6.5357e-04   2.6128e+02
20230427_09:00:00   4.4690e-01   1.0244e+02   8.6083e+00   0.0000e+00   0.0000e+00   2.6226e+02
20230427_12:00:00   5.0099e-01   1.1199e+02   9.3960e+00   0.0000e+00   0.0000e+00   2.6356e+02
20230427_15:00:00   4.7351e-01   1.0780e+02   8.7445e+00   0.0000e+00   0.0000e+00   2.6145e+02
20230427_18:00:00   3.5435e-01   8.6358e+01   6.6935e+00   0.0000e+00   0.0000e+00   2.6161e+02
20230427_21:00:00   4.1908e-01   9.7886e+01   7.9797e+00   0.0000e+00   0.0000e+00   2.6153e+02
20230428_00:00:00   4.7319e-01   1.0688e+02   8.8691e+00   0.0000e+00   0.0000e+00   2.6262e+02
