#            date       tau255        Tb[K]      pwv[mm] lwp[kg*m^-2] iwp[kg*m^-2]       o3[DU]
20200730_00:00:00   2.9044e-01   7.1892e+01   6.2169e+00   0.0000e+00   3.1408e-02   2.9141e+02
20200730_01:00:00   2.6264e-01   6.6289e+01   5.6760e+00   0.0000e+00   3.9624e-02   2.9263e+02
20200730_02:00:00   2.8808e-01   7.1456e+01   6.1714e+00   0.0000e+00   1.7595e-03   2.9379e+02
20200730_03:00:00   3.0098e-01   7.3848e+01   6.3491e+00   1.3746e-03   9.2371e-03   2.9657e+02
20200730_04:00:00   2.3536e-01   6.0695e+01   5.0237e+00   0.0000e+00   0.0000e+00   2.9710e+02
20200730_05:00:00   2.3372e-01   6.0258e+01   4.9950e+00   0.0000e+00   0.0000e+00   2.9566e+02
20200730_06:00:00   2.4749e-01   6.3037e+01   5.2856e+00   0.0000e+00   0.0000e+00   2.9758e+02
20200730_07:00:00   2.5310e-01   6.4131e+01   5.4005e+00   0.0000e+00   0.0000e+00   2.9843e+02
20200730_08:00:00   2.2075e-01   5.7464e+01   4.6677e+00   0.0000e+00   0.0000e+00   2.9806e+02
20200730_09:00:00   1.9184e-01   5.1252e+01   4.0521e+00   0.0000e+00   0.0000e+00   2.9788e+02
20200730_10:00:00   1.4833e-01   4.1554e+01   3.0861e+00   0.0000e+00   0.0000e+00   2.9706e+02
20200730_11:00:00   1.2801e-01   3.6830e+01   2.6264e+00   0.0000e+00   0.0000e+00   2.9571e+02
20200730_12:00:00   1.1244e-01   3.3091e+01   2.3134e+00   0.0000e+00   0.0000e+00   2.9406e+02
20200730_13:00:00   9.7186e-02   2.9355e+01   2.0051e+00   0.0000e+00   0.0000e+00   2.9275e+02
20200730_14:00:00   1.0212e-01   3.0523e+01   2.1406e+00   0.0000e+00   0.0000e+00   2.9085e+02
20200730_15:00:00   1.5090e-01   4.1988e+01   3.1803e+00   0.0000e+00   0.0000e+00   2.8876e+02
20200730_16:00:00   2.0327e-01   5.3552e+01   4.3103e+00   0.0000e+00   0.0000e+00   2.8699e+02
20200730_17:00:00   2.1839e-01   5.6868e+01   4.5327e+00   0.0000e+00   0.0000e+00   2.8699e+02
20200730_18:00:00   3.2371e-01   7.7941e+01   5.6004e+00   2.3516e-02   1.6956e-03   2.8787e+02
20200730_19:00:00   4.6561e-01   1.0292e+02   6.7013e+00   6.2486e-02   9.5901e-02   2.8602e+02
20200730_20:00:00   4.0468e-01   9.2855e+01   7.2655e+00   2.3344e-02   5.1181e-02   2.8404e+02
20200730_21:00:00   4.8610e-01   1.0697e+02   7.7254e+00   4.7351e-02   4.9374e-02   2.8429e+02
20200730_22:00:00   3.6969e-01   8.6706e+01   7.6782e+00   2.0420e-03   4.4298e-04   2.8388e+02
20200730_23:00:00   3.4986e-01   8.3271e+01   6.9954e+00   7.1551e-03   9.8271e-05   2.8303e+02
20200731_00:00:00   3.1647e-01   7.6919e+01   6.6702e+00   7.6335e-04   1.0602e-03   2.8406e+02
20200731_01:00:00   3.1732e-01   7.6861e+01   6.8803e+00   0.0000e+00   6.7240e-04   2.8458e+02
20200731_02:00:00   3.6598e-01   8.5895e+01   7.8704e+00   0.0000e+00   4.1751e-04   2.8333e+02
20200731_03:00:00   3.3555e-01   8.0391e+01   7.1457e+00   0.0000e+00   2.5680e-04   2.8321e+02
20200731_04:00:00   2.9517e-01   7.2676e+01   6.2800e+00   0.0000e+00   0.0000e+00   2.8466e+02
20200731_05:00:00   2.5048e-01   6.3599e+01   5.3608e+00   0.0000e+00   0.0000e+00   2.8467e+02
20200731_06:00:00   2.3126e-01   5.9677e+01   4.8907e+00   0.0000e+00   0.0000e+00   2.8432e+02
20200731_07:00:00   1.8860e-01   5.0580e+01   3.9630e+00   0.0000e+00   0.0000e+00   2.8506e+02
20200731_08:00:00   1.6191e-01   4.4613e+01   3.4179e+00   0.0000e+00   0.0000e+00   2.8557e+02
20200731_09:00:00   1.9476e-01   5.1856e+01   4.1349e+00   0.0000e+00   0.0000e+00   2.8446e+02
20200731_10:00:00   2.1491e-01   5.6153e+01   4.5579e+00   0.0000e+00   0.0000e+00   2.8405e+02
20200731_11:00:00   2.2279e-01   5.7785e+01   4.7342e+00   0.0000e+00   0.0000e+00   2.8407e+02
20200731_12:00:00   2.1017e-01   5.5079e+01   4.4633e+00   0.0000e+00   0.0000e+00   2.8424e+02
20200731_13:00:00   1.9220e-01   5.1222e+01   4.0813e+00   0.0000e+00   0.0000e+00   2.8670e+02
20200731_14:00:00   1.9902e-01   5.2642e+01   4.2440e+00   0.0000e+00   0.0000e+00   2.8684e+02
20200731_15:00:00   2.0929e-01   5.4827e+01   4.4719e+00   0.0000e+00   0.0000e+00   2.8736e+02
20200731_16:00:00   2.1241e-01   5.5524e+01   4.4929e+00   0.0000e+00   0.0000e+00   2.8880e+02
20200731_17:00:00   2.5144e-01   6.3683e+01   5.2781e+00   9.8000e-05   8.1920e-06   2.8987e+02
20200731_18:00:00   4.1264e-01   9.4468e+01   6.4415e+00   4.3367e-02   1.1761e-03   2.8956e+02
20200731_19:00:00   3.5420e-01   8.3699e+01   7.3662e+00   1.3905e-03   1.2249e-02   2.9007e+02
20200731_20:00:00   3.6010e-01   8.4796e+01   7.5584e+00   1.0092e-03   2.3076e-02   2.9052e+02
20200731_21:00:00   3.9899e-01   9.1866e+01   8.1387e+00   5.1470e-03   1.1578e-02   2.9047e+02
20200731_22:00:00   3.9112e-01   9.0443e+01   8.1039e+00   4.4791e-03   7.9203e-03   2.9034e+02
20200731_23:00:00   9.3479e-01   1.6494e+02   9.4475e+00   2.1752e-01   3.3433e-01   2.8957e+02
20200801_00:00:00   4.9797e-01   1.0752e+02   9.5021e+00   2.3344e-02   5.2279e-01   2.8597e+02
20200801_01:00:00   4.1089e-01   9.2727e+01   8.7875e+00   2.1810e-04   7.5934e-01   2.8526e+02
20200801_02:00:00   3.3869e-01   8.0399e+01   7.5297e+00   0.0000e+00   2.2449e-02   2.8480e+02
20200801_03:00:00   3.1456e-01   7.5937e+01   6.9680e+00   0.0000e+00   1.7948e-06   2.8480e+02
20200801_04:00:00   2.7026e-01   6.7409e+01   5.9052e+00   0.0000e+00   0.0000e+00   2.8325e+02
20200801_05:00:00   2.6727e-01   6.6743e+01   5.8470e+00   0.0000e+00   0.0000e+00   2.8294e+02
20200801_06:00:00   2.4892e-01   6.3011e+01   5.4697e+00   0.0000e+00   1.3066e-06   2.8436e+02
20200801_07:00:00   2.2340e-01   5.7433e+01   5.0220e+00   0.0000e+00   0.0000e+00   2.8495e+02
20200801_08:00:00   1.9628e-01   5.1503e+01   4.4664e+00   0.0000e+00   0.0000e+00   2.8536e+02
20200801_09:00:00   1.7667e-01   4.7205e+01   4.0281e+00   0.0000e+00   0.0000e+00   2.8473e+02
20200801_10:00:00   1.8837e-01   4.9484e+01   4.3802e+00   0.0000e+00   0.0000e+00   2.8472e+02
20200801_11:00:00   2.0782e-01   5.3754e+01   4.7904e+00   0.0000e+00   0.0000e+00   2.8360e+02
20200801_12:00:00   2.4272e-01   6.1142e+01   5.4913e+00   0.0000e+00   0.0000e+00   2.8159e+02
20200801_13:00:00   2.4701e-01   6.2176e+01   5.5345e+00   0.0000e+00   0.0000e+00   2.8003e+02
20200801_14:00:00   2.6203e-01   6.5215e+01   5.8646e+00   0.0000e+00   0.0000e+00   2.7767e+02
20200801_15:00:00   2.8004e-01   6.8811e+01   6.2508e+00   0.0000e+00   1.7578e-05   2.7711e+02
20200801_16:00:00   2.7077e-01   6.7172e+01   5.9628e+00   0.0000e+00   0.0000e+00   2.7722e+02
20200801_17:00:00   2.9707e-01   7.2570e+01   6.3615e+00   0.0000e+00   0.0000e+00   2.7751e+02
20200801_18:00:00   4.7010e-01   1.0391e+02   7.2209e+00   5.4400e-02   1.3622e-03   2.7640e+02
20200801_19:00:00   4.1623e-01   9.4750e+01   7.7125e+00   2.1018e-02   2.9886e-03   2.7644e+02
20200801_20:00:00   4.2879e-01   9.7016e+01   7.9236e+00   2.1922e-02   2.1354e-02   2.7730e+02
20200801_21:00:00   6.3406e-01   1.2873e+02   8.5562e+00   9.9779e-02   7.4427e-02   2.8035e+02
20200801_22:00:00   1.6304e+00   2.1694e+02   1.0854e+01   4.9197e-01   1.7885e+00   2.8105e+02
20200801_23:00:00   3.6484e-01   8.5557e+01   7.8500e+00   6.2780e-04   2.2662e-01   2.8070e+02
20200802_00:00:00   1.0011e+00   1.7168e+02   9.6282e+00   2.3687e-01   1.9138e-01   2.7968e+02
20200802_01:00:00   1.1027e+00   1.8171e+02   1.0361e+01   2.5489e-01   9.5931e-01   2.7872e+02
20200802_02:00:00   4.2247e-01   9.5611e+01   9.1168e+00   1.8558e-04   3.0338e-01   2.8066e+02
20200802_03:00:00   3.9054e-01   9.0334e+01   8.3703e+00   0.0000e+00   1.8428e-02   2.8343e+02
20200802_04:00:00   3.1691e-01   7.6983e+01   6.7530e+00   0.0000e+00   0.0000e+00   2.8534e+02
20200802_05:00:00   3.0615e-01   7.4873e+01   6.5082e+00   0.0000e+00   0.0000e+00   2.8465e+02
20200802_06:00:00   3.0011e-01   7.3627e+01   6.4004e+00   0.0000e+00   0.0000e+00   2.8441e+02
20200802_07:00:00   2.6547e-01   6.6754e+01   5.6956e+00   0.0000e+00   6.8720e-04   2.8346e+02
20200802_08:00:00   2.2313e-01   5.7791e+01   4.9310e+00   0.0000e+00   2.7767e-03   2.8371e+02
20200802_09:00:00   2.1940e-01   5.6740e+01   4.9631e+00   0.0000e+00   2.0753e-03   2.8453e+02
20200802_10:00:00   2.7701e-01   6.8399e+01   6.2769e+00   0.0000e+00   1.1623e-03   2.8602e+02
20200802_11:00:00   2.9939e-01   7.2828e+01   6.7236e+00   0.0000e+00   3.0784e-03   2.8725e+02
20200802_12:00:00   3.1632e-01   7.6096e+01   7.0473e+00   0.0000e+00   1.4209e-03   2.8987e+02
20200802_13:00:00   3.1452e-01   7.5874e+01   6.9311e+00   0.0000e+00   7.0463e-04   2.9300e+02
20200802_14:00:00   3.1495e-01   7.5919e+01   6.9632e+00   0.0000e+00   4.6689e-04   2.9256e+02
20200802_15:00:00   3.1137e-01   7.5247e+01   6.8859e+00   0.0000e+00   1.8100e-03   2.9401e+02
20200802_16:00:00   3.1086e-01   7.5106e+01   6.8821e+00   0.0000e+00   4.3126e-03   2.9404e+02
20200802_17:00:00   3.2308e-01   7.7408e+01   7.1733e+00   0.0000e+00   2.6995e-03   2.9421e+02
20200802_18:00:00   3.5283e-01   8.3107e+01   7.6959e+00   4.3840e-04   4.6178e-03   2.9362e+02
20200802_19:00:00   5.5297e-01   1.1668e+02   9.2628e+00   5.4120e-02   1.2961e-01   2.9300e+02
20200802_20:00:00   9.8866e-01   1.7020e+02   1.0019e+01   2.3230e-01   9.3659e-01   2.8863e+02
20200802_21:00:00   9.2050e-01   1.6302e+02   1.0535e+01   1.9212e-01   1.8989e-01   2.8921e+02
20200802_22:00:00   5.7538e-01   1.2012e+02   9.6348e+00   5.7102e-02   4.5672e-02   2.9004e+02
20200802_23:00:00   1.6533e+00   2.1800e+02   1.0922e+01   5.0020e-01   1.0596e+00   2.8658e+02
20200803_00:00:00   4.3175e-01   9.6684e+01   9.3854e+00   2.7787e-03   3.8161e-01   2.8850e+02
20200803_01:00:00   3.3031e-01   7.8818e+01   7.5857e+00   0.0000e+00   1.7279e-02   2.9082e+02
20200803_02:00:00   3.6615e-01   8.5565e+01   8.0518e+00   0.0000e+00   6.9952e-04   2.9680e+02
20200803_03:00:00   3.5916e-01   8.4402e+01   7.8583e+00   2.0250e-04   6.1793e-05   2.9619e+02
20200803_04:00:00   3.4531e-01   8.1786e+01   7.5670e+00   0.0000e+00   1.5255e-02   2.9272e+02
20200803_05:00:00   3.1838e-01   7.6769e+01   6.9382e+00   0.0000e+00   1.1232e-02   2.9260e+02
20200803_06:00:00   2.7423e-01   6.8180e+01   6.0035e+00   0.0000e+00   7.7301e-03   2.9504e+02
20200803_07:00:00   2.4682e-01   6.2527e+01   5.4873e+00   0.0000e+00   3.1890e-03   2.9263e+02
20200803_08:00:00   2.5732e-01   6.4785e+01   5.6787e+00   0.0000e+00   8.0300e-04   2.8865e+02
20200803_09:00:00   2.4188e-01   6.1446e+01   5.4394e+00   0.0000e+00   0.0000e+00   2.8609e+02
20200803_10:00:00   2.3496e-01   6.0128e+01   5.2133e+00   0.0000e+00   0.0000e+00   2.8545e+02
20200803_11:00:00   2.2276e-01   5.7631e+01   4.9248e+00   0.0000e+00   0.0000e+00   2.8614e+02
20200803_12:00:00   2.0622e-01   5.4152e+01   4.5615e+00   0.0000e+00   0.0000e+00   2.8600e+02
20200803_13:00:00   1.9776e-01   5.2277e+01   4.4168e+00   0.0000e+00   0.0000e+00   2.8373e+02
20200803_14:00:00   1.8808e-01   5.0128e+01   4.2277e+00   0.0000e+00   0.0000e+00   2.8091e+02
20200803_15:00:00   2.1663e-01   5.6288e+01   4.8670e+00   0.0000e+00   0.0000e+00   2.7989e+02
20200803_16:00:00   2.5715e-01   6.4780e+01   5.7134e+00   0.0000e+00   0.0000e+00   2.8035e+02
20200803_17:00:00   2.6490e-01   6.6324e+01   5.8985e+00   0.0000e+00   0.0000e+00   2.7913e+02
20200803_18:00:00   2.9818e-01   7.3081e+01   6.5463e+00   1.6332e-04   1.0735e-03   2.7657e+02
20200803_19:00:00   4.1564e-01   9.5209e+01   7.8664e+00   1.9267e-02   1.4264e-03   2.7598e+02
20200803_20:00:00   3.9157e-01   9.0915e+01   8.3242e+00   9.4440e-04   1.9601e-03   2.7536e+02
20200803_21:00:00   4.1038e-01   9.4294e+01   8.3862e+00   9.0117e-03   4.0968e-03   2.7528e+02
20200803_22:00:00   4.0089e-01   9.2619e+01   8.6218e+00   1.2668e-03   1.8952e-03   2.7585e+02
20200803_23:00:00   6.6141e-01   1.3267e+02   1.0181e+01   9.0175e-02   9.1114e-02   2.7724e+02
20200804_00:00:00   5.4141e-01   1.1566e+02   9.9744e+00   3.0300e-02   6.6543e-01   2.7806e+02
20200804_03:00:00   3.8534e-01   8.9372e+01   8.5978e+00   0.0000e+00   2.3738e-01   2.7689e+02
20200804_06:00:00   3.4037e-01   8.1686e+01   7.4386e+00   0.0000e+00   2.1084e-04   2.7844e+02
20200804_09:00:00   3.6893e-01   8.6693e+01   8.1180e+00   0.0000e+00   0.0000e+00   2.7795e+02
20200804_12:00:00   3.4683e-01   8.2577e+01   7.6405e+00   0.0000e+00   2.3743e-05   2.7943e+02
20200804_15:00:00   2.7062e-01   6.7713e+01   6.0734e+00   0.0000e+00   0.0000e+00   2.8048e+02
20200804_18:00:00   3.2148e-01   7.7681e+01   6.9318e+00   4.4680e-03   6.1595e-03   2.7788e+02
20200804_21:00:00   4.1471e-01   9.4656e+01   8.4543e+00   1.6064e-02   1.2944e-01   2.7473e+02
20200805_00:00:00   4.1054e-01   9.4403e+01   8.7838e+00   4.4620e-03   6.7758e-02   2.7489e+02
20200805_03:00:00   3.5236e-01   8.3526e+01   7.8850e+00   5.7080e-05   3.0208e-02   2.7508e+02
20200805_06:00:00   2.7819e-01   6.9385e+01   6.2436e+00   0.0000e+00   0.0000e+00   2.7501e+02
20200805_09:00:00   2.3826e-01   6.0993e+01   5.4070e+00   0.0000e+00   0.0000e+00   2.7324e+02
20200805_12:00:00   2.0385e-01   5.3661e+01   4.5995e+00   0.0000e+00   0.0000e+00   2.7472e+02
20200805_15:00:00   1.7952e-01   4.8342e+01   4.0632e+00   0.0000e+00   0.0000e+00   2.7385e+02
20200805_18:00:00   2.0621e-01   5.4360e+01   4.5871e+00   0.0000e+00   0.0000e+00   2.7403e+02
20200805_21:00:00   2.8336e-01   7.0181e+01   6.3420e+00   0.0000e+00   5.0945e-02   2.7306e+02
20200806_00:00:00   3.5813e-01   8.4373e+01   7.9580e+00   0.0000e+00   1.3455e-01   2.7213e+02
20200806_03:00:00   3.6367e-01   8.5462e+01   8.0579e+00   0.0000e+00   6.1370e-02   2.7306e+02
20200806_06:00:00   2.9667e-01   7.2926e+01   6.5904e+00   0.0000e+00   0.0000e+00   2.7212e+02
20200806_09:00:00   2.1509e-01   5.6326e+01   4.7380e+00   0.0000e+00   0.0000e+00   2.7404e+02
20200806_12:00:00   2.0551e-01   5.4184e+01   4.5366e+00   0.0000e+00   6.8802e-04   2.7216e+02
20200806_15:00:00   1.6778e-01   4.5580e+01   3.7778e+00   0.0000e+00   9.6960e-04   2.7610e+02
20200806_18:00:00   2.2116e-01   5.7197e+01   4.9611e+00   0.0000e+00   1.9398e-04   2.7535e+02
20200806_21:00:00   3.0941e-01   7.5077e+01   6.8715e+00   0.0000e+00   6.9963e-02   2.7699e+02
20200807_00:00:00   3.4504e-01   8.1970e+01   7.2471e+00   8.9520e-03   5.2452e-02   2.7448e+02
20200807_03:00:00   3.5360e-01   8.3490e+01   7.8537e+00   0.0000e+00   1.7352e-02   2.7490e+02
20200807_06:00:00   3.3156e-01   7.9220e+01   7.4726e+00   0.0000e+00   1.6900e-03   2.7751e+02
20200807_09:00:00   3.3484e-01   7.9691e+01   7.6081e+00   0.0000e+00   2.9217e-02   2.7474e+02
20200807_12:00:00   3.5426e-01   8.3113e+01   8.0247e+00   0.0000e+00   3.0604e-03   2.7559e+02
20200807_15:00:00   3.7877e-01   8.7377e+01   8.4661e+00   0.0000e+00   1.1918e-01   2.7752e+02
20200807_18:00:00   3.9242e-01   9.0080e+01   8.5102e+00   3.1045e-03   5.4713e-02   2.7597e+02
20200807_21:00:00   8.3472e-01   1.5332e+02   9.8883e+00   1.6536e-01   6.1484e-01   2.7729e+02
20200808_00:00:00   3.7879e-01   8.8183e+01   8.4255e+00   0.0000e+00   2.5609e-02   2.7620e+02
20200808_03:00:00   4.3962e-01   9.8169e+01   9.6556e+00   0.0000e+00   4.5238e-01   2.7647e+02
20200808_06:00:00   3.7065e-01   8.6472e+01   8.3101e+00   0.0000e+00   6.1056e-03   2.7444e+02
20200808_09:00:00   3.3553e-01   7.9997e+01   7.4744e+00   0.0000e+00   1.4040e-03   2.7247e+02
20200808_12:00:00   2.8036e-01   6.9428e+01   6.2376e+00   0.0000e+00   0.0000e+00   2.7421e+02
20200808_15:00:00   2.6335e-01   6.5918e+01   5.9224e+00   0.0000e+00   9.7270e-05   2.7350e+02
20200808_18:00:00   5.2396e-01   1.1228e+02   8.0273e+00   6.8401e-02   9.3201e-03   2.7516e+02
20200808_21:00:00   5.1793e-01   1.1165e+02   8.0583e+00   6.3857e-02   1.3469e-01   2.7565e+02
20200809_00:00:00   3.9687e-01   9.1224e+01   8.7115e+00   2.6428e-04   1.0608e-01   2.7456e+02
20200809_03:00:00   3.7140e-01   8.6915e+01   8.0702e+00   0.0000e+00   5.6021e-04   2.7233e+02
20200809_06:00:00   2.9525e-01   7.2386e+01   6.6942e+00   0.0000e+00   3.3214e-04   2.7214e+02
20200809_09:00:00   2.2936e-01   5.9186e+01   5.1404e+00   0.0000e+00   1.3458e-03   2.7115e+02
20200809_12:00:00   2.2065e-01   5.7049e+01   5.0259e+00   0.0000e+00   0.0000e+00   2.7224e+02
20200809_15:00:00   2.1388e-01   5.5663e+01   4.8397e+00   0.0000e+00   0.0000e+00   2.7114e+02
20200809_18:00:00   3.4491e-01   8.1862e+01   6.8175e+00   1.5936e-02   1.5367e-02   2.7322e+02
20200809_21:00:00   4.5515e-01   1.0157e+02   8.2961e+00   3.0697e-02   1.4618e-01   2.7221e+02
20200810_00:00:00   5.6571e-01   1.1929e+02   8.3369e+00   7.8238e-02   7.5020e-02   2.7227e+02
20200810_03:00:00   5.3672e-01   1.1390e+02   1.0773e+01   1.2992e-02   8.0006e-01   2.7270e+02
20200810_06:00:00   4.0568e-01   9.3052e+01   8.6889e+00   1.1336e-03   5.8516e-02   2.7321e+02
20200810_09:00:00   3.2812e-01   7.9161e+01   7.1281e+00   0.0000e+00   6.1028e-04   2.7275e+02
20200810_12:00:00   2.5080e-01   6.3792e+01   5.5316e+00   0.0000e+00   0.0000e+00   2.7409e+02
20200810_15:00:00   1.9568e-01   5.2073e+01   4.3376e+00   0.0000e+00   0.0000e+00   2.7508e+02
20200810_18:00:00   2.7713e-01   6.9123e+01   6.0693e+00   0.0000e+00   0.0000e+00   2.7545e+02
20200810_21:00:00   3.2908e-01   7.9327e+01   7.2411e+00   0.0000e+00   4.0066e-02   2.7614e+02
20200811_00:00:00   3.8180e-01   8.9247e+01   8.3685e+00   0.0000e+00   2.5318e-02   2.7396e+02
20200811_03:00:00   3.6907e-01   8.6839e+01   7.8783e+00   5.1338e-03   1.3327e-02   2.7118e+02
20200811_06:00:00   3.3061e-01   7.9859e+01   7.2171e+00   0.0000e+00   5.2260e-07   2.7286e+02
20200811_09:00:00   3.5264e-01   8.3701e+01   7.6236e+00   0.0000e+00   2.8470e-03   2.7403e+02
20200811_12:00:00   3.5144e-01   8.3216e+01   7.6814e+00   0.0000e+00   7.4397e-03   2.7674e+02
20200811_15:00:00   2.4767e-01   6.2862e+01   5.5645e+00   0.0000e+00   8.3947e-04   2.7798e+02
20200811_18:00:00   3.3525e-01   7.9780e+01   7.5223e+00   0.0000e+00   1.3484e-02   2.7739e+02
20200811_21:00:00   4.4966e-01   1.0048e+02   9.2783e+00   1.2858e-02   1.0845e-01   2.8336e+02
20200812_00:00:00   5.7317e-01   1.1957e+02   8.5215e+00   8.8074e-02   1.1672e-01   2.8076e+02
20200812_03:00:00   3.4132e-01   8.1789e+01   7.4504e+00   0.0000e+00   2.5360e-04   2.8221e+02
20200812_06:00:00   2.8633e-01   7.1161e+01   6.1762e+00   0.0000e+00   0.0000e+00   2.8285e+02
20200812_09:00:00   2.8306e-01   7.0279e+01   6.0860e+00   0.0000e+00   2.2556e-04   2.8698e+02
20200812_12:00:00   2.0723e-01   5.4711e+01   4.4389e+00   0.0000e+00   0.0000e+00   2.8313e+02
20200812_15:00:00   1.4087e-01   3.9735e+01   3.0761e+00   0.0000e+00   0.0000e+00   2.7990e+02
20200812_18:00:00   1.9034e-01   5.0927e+01   4.1618e+00   0.0000e+00   0.0000e+00   2.7865e+02
20200812_21:00:00   2.2217e-01   5.7668e+01   4.9811e+00   4.5880e-04   5.4620e-04   2.7710e+02
20200813_00:00:00   2.9019e-01   7.1200e+01   6.6478e+00   0.0000e+00   7.7735e-03   2.7426e+02
20200813_03:00:00   2.4293e-01   6.1867e+01   5.5831e+00   0.0000e+00   1.1987e-03   2.7041e+02
20200813_06:00:00   1.8532e-01   4.9900e+01   4.2051e+00   0.0000e+00   0.0000e+00   2.7172e+02
20200813_09:00:00   1.7620e-01   4.7870e+01   3.9700e+00   0.0000e+00   0.0000e+00   2.7347e+02
20200813_12:00:00   2.0208e-01   5.3600e+01   4.4736e+00   0.0000e+00   0.0000e+00   2.7548e+02
20200813_15:00:00   2.3104e-01   5.9723e+01   5.1125e+00   0.0000e+00   0.0000e+00   2.7262e+02
20200813_18:00:00   3.1698e-01   7.7011e+01   6.8777e+00   5.3440e-04   2.9880e-02   2.7410e+02
20200813_21:00:00   4.0823e-01   9.3934e+01   8.5970e+00   3.6161e-03   4.3629e-02   2.7465e+02
20200814_00:00:00   5.3614e-01   1.1472e+02   1.0558e+01   2.0201e-02   3.2148e-01   2.7261e+02
20200814_03:00:00   4.2757e-01   9.6750e+01   9.4708e+00   7.4080e-04   1.0389e-01   2.7336e+02
20200814_06:00:00   3.2507e-01   7.8198e+01   7.4837e+00   0.0000e+00   5.2460e-05   2.7358e+02
20200814_09:00:00   3.7730e-01   8.7515e+01   8.6412e+00   0.0000e+00   4.5829e-02   2.7404e+02
20200814_12:00:00   3.5929e-01   8.4136e+01   8.2284e+00   0.0000e+00   3.1853e-03   2.7230e+02
20200814_15:00:00   3.8672e-01   8.8727e+01   8.6717e+00   0.0000e+00   3.0264e-01   2.7286e+02
20200814_18:00:00   4.6404e-01   1.0219e+02   1.0063e+01   0.0000e+00   4.1390e-01   2.7540e+02
20200814_21:00:00   4.4982e-01   1.0030e+02   9.6500e+00   4.2212e-03   1.6617e-01   2.7566e+02
20200815_00:00:00   1.1620e+00   1.8742e+02   1.0556e+01   2.8498e-01   2.3128e-01   2.7395e+02
