#            date       tau255        Tb[K]      pwv[mm] lwp[kg*m^-2] iwp[kg*m^-2]       o3[DU]
20210730_06:00:00   1.7112e-01   4.7267e+01   3.7243e+00   0.0000e+00   2.0039e-05   3.0460e+02
20210730_07:00:00   1.7505e-01   4.8124e+01   3.8076e+00   0.0000e+00   3.9909e-05   3.0148e+02
20210730_08:00:00   1.8256e-01   4.9830e+01   3.9296e+00   0.0000e+00   3.7101e-05   3.0058e+02
20210730_09:00:00   1.8932e-01   5.1254e+01   4.0834e+00   0.0000e+00   0.0000e+00   2.9862e+02
20210730_10:00:00   1.7618e-01   4.8216e+01   3.8411e+00   0.0000e+00   0.0000e+00   2.9855e+02
20210730_11:00:00   1.7735e-01   4.8405e+01   3.8912e+00   0.0000e+00   0.0000e+00   2.9856e+02
20210730_12:00:00   1.7543e-01   4.7932e+01   3.8585e+00   0.0000e+00   0.0000e+00   3.0092e+02
20210730_13:00:00   1.7456e-01   4.7706e+01   3.8490e+00   0.0000e+00   0.0000e+00   3.0453e+02
20210730_14:00:00   1.7339e-01   4.7421e+01   3.8345e+00   0.0000e+00   0.0000e+00   3.0387e+02
20210730_15:00:00   1.7869e-01   4.8662e+01   3.9296e+00   0.0000e+00   0.0000e+00   3.0261e+02
20210730_16:00:00   1.9988e-01   5.3466e+01   4.3401e+00   0.0000e+00   0.0000e+00   3.0640e+02
20210730_17:00:00   2.8660e-01   7.1759e+01   6.1052e+00   0.0000e+00   0.0000e+00   3.0506e+02
20210730_18:00:00   3.3918e-01   8.2160e+01   7.1426e+00   0.0000e+00   3.9380e-05   3.0342e+02
20210730_19:00:00   8.5815e-01   1.5930e+02   9.1254e+00   1.7478e-01   2.6363e-03   3.0179e+02
20210730_20:00:00   2.8942e+00   2.5840e+02   1.1390e+01   9.9715e-01   1.7807e-01   3.0127e+02
20210730_21:00:00   2.3251e+00   2.4605e+02   1.2956e+01   7.4121e-01   1.1003e+00   2.9748e+02
20210730_22:00:00   1.0525e+00   1.7889e+02   1.0440e+01   2.3616e-01   2.8363e-01   2.9849e+02
20210730_23:00:00   5.5805e-01   1.1906e+02   9.5832e+00   4.8060e-02   1.0098e-01   2.9744e+02
20210731_00:00:00   4.6777e-01   1.0490e+02   8.9000e+00   2.3640e-02   1.5646e-02   2.9730e+02
20210731_01:00:00   6.8520e-01   1.3712e+02   9.7709e+00   9.6208e-02   8.8603e-03   2.9601e+02
20210731_02:00:00   8.9862e-01   1.6219e+02   1.0218e+01   1.8034e-01   1.2710e-01   2.9348e+02
20210731_03:00:00   5.8885e-01   1.2401e+02   8.6530e+00   7.2552e-02   1.4863e-02   2.9404e+02
20210731_04:00:00   4.6798e-01   1.0513e+02   7.3409e+00   4.9114e-02   5.7085e-03   2.9214e+02
20210731_05:00:00   3.1961e-01   7.8262e+01   6.5305e+00   3.7820e-03   6.8129e-03   2.9164e+02
20210731_06:00:00   3.1161e-01   7.6694e+01   6.4071e+00   2.3180e-03   8.9695e-03   2.9090e+02
20210731_07:00:00   2.9502e-01   7.3429e+01   5.9215e+00   5.7840e-03   1.4712e-02   2.9092e+02
20210731_08:00:00   2.8058e-01   7.0525e+01   5.7302e+00   4.0820e-03   1.3665e-02   2.9437e+02
20210731_09:00:00   2.6615e-01   6.7555e+01   5.6555e+00   0.0000e+00   6.4522e-03   2.9668e+02
20210731_10:00:00   2.8106e-01   7.0500e+01   5.9855e+00   0.0000e+00   2.0578e-03   2.9714e+02
20210731_11:00:00   2.9868e-01   7.3905e+01   6.4010e+00   0.0000e+00   1.4071e-03   2.9684e+02
20210731_12:00:00   3.3605e-01   8.0884e+01   7.3028e+00   0.0000e+00   3.7347e-03   2.9752e+02
20210731_13:00:00   3.4655e-01   8.2844e+01   7.4892e+00   0.0000e+00   7.7302e-03   2.9804e+02
20210731_14:00:00   3.5254e-01   8.3947e+01   7.6343e+00   0.0000e+00   7.6207e-03   2.9769e+02
20210731_15:00:00   3.6764e-01   8.6637e+01   8.0031e+00   0.0000e+00   9.9651e-03   2.9596e+02
20210731_16:00:00   3.8235e-01   8.9190e+01   8.3789e+00   0.0000e+00   1.3784e-02   2.9567e+02
20210731_17:00:00   3.9288e-01   9.1057e+01   8.6189e+00   1.4770e-04   1.6602e-02   2.9831e+02
20210731_18:00:00   4.1372e-01   9.4725e+01   9.0465e+00   6.1240e-04   2.3606e-02   3.0135e+02
20210731_19:00:00   5.6404e-01   1.1982e+02   9.6344e+00   5.0230e-02   2.5310e-02   3.0317e+02
20210731_20:00:00   5.9424e-01   1.2401e+02   1.0432e+01   4.8627e-02   5.1531e-02   3.0369e+02
20210731_21:00:00   7.1949e-01   1.4081e+02   1.1201e+01   8.7237e-02   1.1031e-01   3.0169e+02
20210731_22:00:00   1.1791e+00   1.8960e+02   1.1650e+01   2.6818e-01   1.0463e-01   3.0061e+02
20210731_23:00:00   2.3589e+00   2.4768e+02   1.2571e+01   7.4355e-01   1.1381e-01   2.9881e+02
20210801_00:00:00   3.6102e+00   2.6692e+02   1.4151e+01   1.2585e+00   5.4514e-01   2.9638e+02
20210801_01:00:00   2.3687e+00   2.4790e+02   1.3450e+01   7.2780e-01   1.3954e+00   2.9549e+02
20210801_02:00:00   5.4584e-01   1.1603e+02   1.0508e+01   2.8792e-02   5.6879e-01   2.9570e+02
20210801_03:00:00   1.0908e+00   1.8233e+02   1.1775e+01   2.2678e-01   2.8233e-01   2.9276e+02
20210801_04:00:00   2.2886e+00   2.4546e+02   1.3055e+01   7.1008e-01   2.8585e-01   2.9094e+02
20210801_05:00:00   8.8887e-01   1.6101e+02   1.2499e+01   1.3343e-01   2.0591e-01   2.9065e+02
20210801_06:00:00   7.4509e-01   1.4443e+02   1.1988e+01   8.1937e-02   9.2629e-02   2.9376e+02
20210801_07:00:00   8.8808e-01   1.6122e+02   1.1774e+01   1.4692e-01   2.3719e-02   2.9578e+02
20210801_08:00:00   2.1899e+00   2.4263e+02   1.2325e+01   6.7459e-01   1.7490e-01   2.9683e+02
20210801_09:00:00   2.3126e+00   2.4682e+02   1.2688e+01   7.1542e-01   1.5233e-01   2.9585e+02
20210801_10:00:00   1.6739e+00   2.2321e+02   1.2149e+01   4.5626e-01   6.1549e-02   2.9270e+02
20210801_11:00:00   1.0192e+00   1.7594e+02   1.1665e+01   1.9921e-01   3.9954e-02   2.9232e+02
20210801_12:00:00   5.9430e-01   1.2352e+02   1.1247e+01   3.5142e-02   1.2944e-02   2.9232e+02
20210801_13:00:00   5.7428e-01   1.2033e+02   1.1081e+01   2.9450e-02   6.4300e-03   2.9356e+02
20210801_14:00:00   5.3014e-01   1.1351e+02   1.1147e+01   8.6843e-03   8.1302e-03   2.9506e+02
20210801_15:00:00   6.1165e-01   1.2604e+02   1.1150e+01   4.1831e-02   4.6301e-03   2.9459e+02
20210801_16:00:00   7.4970e-01   1.4478e+02   1.1265e+01   9.6890e-02   6.6824e-03   2.9326e+02
20210801_17:00:00   9.4183e-01   1.6692e+02   1.1358e+01   1.7472e-01   2.8142e-02   2.9197e+02
20210801_18:00:00   8.6363e-01   1.5882e+02   1.1373e+01   1.3920e-01   2.9843e-02   2.9134e+02
20210801_19:00:00   5.9555e-01   1.2368e+02   1.1252e+01   3.2660e-02   8.2166e-03   2.8811e+02
20210801_20:00:00   6.5995e-01   1.3318e+02   1.1379e+01   5.6543e-02   9.2223e-03   2.8477e+02
20210801_21:00:00   8.9213e-01   1.6249e+02   1.1843e+01   1.4160e-01   3.3530e-02   2.8125e+02
20210801_22:00:00   8.0725e-01   1.5280e+02   1.1705e+01   1.1079e-01   6.1257e-04   2.8024e+02
20210801_23:00:00   6.9136e-01   1.3803e+02   1.1160e+01   7.4720e-02   6.9843e-04   2.8032e+02
20210802_00:00:00   6.2679e-01   1.2909e+02   1.0593e+01   5.8620e-02   0.0000e+00   2.8064e+02
20210802_01:00:00   5.2888e-01   1.1424e+02   1.0378e+01   2.2633e-02   0.0000e+00   2.8049e+02
20210802_02:00:00   4.8136e-01   1.0635e+02   1.0479e+01   1.4255e-03   0.0000e+00   2.8289e+02
20210802_03:00:00   4.7190e-01   1.0485e+02   1.0374e+01   0.0000e+00   2.4140e-05   2.8239e+02
20210802_04:00:00   4.8144e-01   1.0637e+02   1.0532e+01   0.0000e+00   2.5280e-05   2.8425e+02
20210802_05:00:00   4.7149e-01   1.0480e+02   1.0349e+01   0.0000e+00   3.2340e-04   2.8226e+02
20210802_06:00:00   4.8610e-01   1.0710e+02   1.0630e+01   3.0360e-05   5.6860e-04   2.8087e+02
20210802_07:00:00   4.7789e-01   1.0579e+02   1.0501e+01   0.0000e+00   6.8315e-04   2.7940e+02
20210802_08:00:00   4.7825e-01   1.0582e+02   1.0602e+01   0.0000e+00   2.4438e-03   2.8014e+02
20210802_09:00:00   4.9061e-01   1.0780e+02   1.0831e+01   0.0000e+00   6.1128e-04   2.8161e+02
20210802_10:00:00   4.8919e-01   1.0759e+02   1.0789e+01   0.0000e+00   2.0068e-04   2.8038e+02
20210802_11:00:00   5.2552e-01   1.1317e+02   1.1492e+01   3.9463e-05   1.8531e-03   2.8003e+02
20210802_12:00:00   5.4498e-01   1.1605e+02   1.1946e+01   0.0000e+00   3.3049e-03   2.8141e+02
20210802_13:00:00   5.6305e-01   1.1880e+02   1.2126e+01   3.3680e-03   1.7520e-03   2.8246e+02
20210802_14:00:00   5.5684e-01   1.1780e+02   1.2085e+01   1.5918e-03   2.1632e-03   2.8289e+02
20210802_15:00:00   5.4860e-01   1.1650e+02   1.2043e+01   5.5460e-05   2.0957e-03   2.8342e+02
20210802_16:00:00   5.4917e-01   1.1656e+02   1.2087e+01   0.0000e+00   6.0062e-03   2.8281e+02
20210802_17:00:00   5.6425e-01   1.1883e+02   1.2324e+01   1.3940e-03   3.4996e-03   2.8317e+02
20210802_18:00:00   8.1222e-01   1.5252e+02   1.2864e+01   9.3980e-02   1.8703e-02   2.8378e+02
20210802_19:00:00   1.3150e+00   2.0004e+02   1.3335e+01   2.9218e-01   1.3655e-01   2.8258e+02
20210802_20:00:00   1.9619e+00   2.3433e+02   1.3640e+01   5.6705e-01   2.7815e-01   2.8364e+02
20210802_21:00:00   1.7311e+00   2.2506e+02   1.3417e+01   4.6789e-01   7.9962e-01   2.8403e+02
20210802_22:00:00   3.6965e+00   2.6747e+02   1.3710e+01   1.3028e+00   2.9712e-01   2.8415e+02
20210802_23:00:00   2.5794e+00   2.5287e+02   1.3815e+01   8.1012e-01   9.9924e-01   2.8246e+02
20210803_00:00:00   1.3626e+00   2.0311e+02   1.3411e+01   3.0296e-01   1.6002e+00   2.8203e+02
20210803_01:00:00   7.5598e-01   1.4581e+02   1.2826e+01   6.8384e-02   4.7790e-01   2.8039e+02
20210803_02:00:00   9.6887e-01   1.6980e+02   1.3373e+01   1.4688e-01   3.6262e-01   2.8057e+02
20210803_03:00:00   6.3640e-01   1.2937e+02   1.2978e+01   1.6605e-02   4.0783e-01   2.7859e+02
20210803_04:00:00   5.3535e-01   1.1456e+02   1.1958e+01   0.0000e+00   1.8378e-01   2.7913e+02
20210803_05:00:00   5.2191e-01   1.1240e+02   1.1673e+01   0.0000e+00   2.9589e-01   2.8028e+02
20210803_06:00:00   4.9295e-01   1.0790e+02   1.1195e+01   0.0000e+00   6.5004e-02   2.8033e+02
20210803_07:00:00   4.9326e-01   1.0791e+02   1.1173e+01   0.0000e+00   1.6253e-02   2.8159e+02
20210803_08:00:00   4.7856e-01   1.0563e+02   1.0766e+01   0.0000e+00   1.3669e-03   2.8263e+02
20210803_09:00:00   4.6423e-01   1.0325e+02   1.0486e+01   0.0000e+00   4.5101e-03   2.8408e+02
20210803_10:00:00   4.6576e-01   1.0347e+02   1.0465e+01   0.0000e+00   6.5065e-03   2.8217e+02
20210803_11:00:00   4.7621e-01   1.0506e+02   1.0638e+01   0.0000e+00   1.6011e-03   2.8134e+02
20210803_12:00:00   4.8011e-01   1.0564e+02   1.0649e+01   0.0000e+00   7.8105e-03   2.8176e+02
20210803_13:00:00   4.6959e-01   1.0396e+02   1.0351e+01   0.0000e+00   1.7384e-03   2.8405e+02
20210803_14:00:00   4.6201e-01   1.0270e+02   1.0155e+01   0.0000e+00   1.5047e-03   2.8551e+02
20210803_15:00:00   4.5751e-01   1.0192e+02   1.0017e+01   0.0000e+00   9.2104e-04   2.8686e+02
20210803_16:00:00   4.4534e-01   9.9956e+01   9.7100e+00   0.0000e+00   2.2984e-04   2.8824e+02
20210803_17:00:00   5.2097e-01   1.1280e+02   9.6678e+00   3.0310e-02   7.0320e-05   2.8777e+02
20210803_18:00:00   7.8301e-01   1.4995e+02   9.9786e+00   1.3044e-01   7.8248e-04   2.8783e+02
20210803_19:00:00   7.0923e-01   1.4001e+02   1.0072e+01   1.0027e-01   2.4874e-03   2.8801e+02
20210803_20:00:00   8.1490e-01   1.5307e+02   1.0132e+01   1.4553e-01   2.3858e-02   2.8869e+02
20210803_21:00:00   8.7863e-01   1.6059e+02   1.1454e+01   1.4345e-01   3.8917e-02   2.8782e+02
20210803_22:00:00   1.3958e+00   2.0525e+02   1.1652e+01   3.6118e-01   1.3574e-01   2.8546e+02
20210803_23:00:00   1.4838e+00   2.1015e+02   1.2248e+01   3.9752e-01   6.9087e-01   2.8342e+02
20210804_00:00:00   5.8520e-01   1.2124e+02   1.2098e+01   9.2638e-03   1.0579e+00   2.8206e+02
20210804_01:00:00   6.1410e-01   1.2587e+02   1.1786e+01   3.4715e-02   2.7777e-01   2.8388e+02
20210804_02:00:00   8.2556e-01   1.5385e+02   1.2404e+01   1.0382e-01   4.3705e-01   2.8352e+02
20210804_03:00:00   1.4618e+00   2.1007e+02   1.2717e+01   3.5724e-01   6.6691e-01   2.8345e+02
20210804_04:00:00   5.8904e-01   1.2203e+02   1.2376e+01   5.6540e-03   6.4455e-01   2.8270e+02
20210804_05:00:00   5.4059e-01   1.1483e+02   1.1846e+01   0.0000e+00   2.6886e-01   2.8459e+02
20210804_06:00:00   5.4664e-01   1.1587e+02   1.1805e+01   3.6857e-03   1.7392e-02   2.8650e+02
20210804_09:00:00   4.5172e-01   1.0071e+02   9.9768e+00   1.0228e-03   3.4856e-03   2.8922e+02
20210804_12:00:00   3.6451e-01   8.5525e+01   8.2088e+00   0.0000e+00   9.6200e-04   2.8718e+02
20210804_15:00:00   4.1960e-01   9.5957e+01   8.4488e+00   8.9290e-03   1.3303e-05   2.8738e+02
20210804_18:00:00   5.3145e-01   1.1565e+02   6.6052e+00   8.5946e-02   0.0000e+00   2.8716e+02
20210804_21:00:00   2.2637e-01   5.9352e+01   4.6383e+00   0.0000e+00   0.0000e+00   2.8174e+02
20210805_00:00:00   4.2376e-01   9.7499e+01   6.8474e+00   3.7207e-02   4.2205e-03   2.8066e+02
20210805_03:00:00   2.4535e-01   6.3512e+01   5.0730e+00   0.0000e+00   0.0000e+00   2.7825e+02
20210805_06:00:00   2.1397e-01   5.6808e+01   4.4076e+00   0.0000e+00   0.0000e+00   2.8020e+02
20210805_09:00:00   1.3634e-01   3.9208e+01   2.7998e+00   0.0000e+00   0.0000e+00   2.8145e+02
20210805_12:00:00   1.2480e-01   3.6381e+01   2.5663e+00   0.0000e+00   0.0000e+00   2.8074e+02
20210805_15:00:00   1.0499e-01   3.1616e+01   2.1356e+00   0.0000e+00   0.0000e+00   2.8082e+02
20210805_18:00:00   1.8714e-01   5.0724e+01   3.9227e+00   0.0000e+00   0.0000e+00   2.8398e+02
20210805_21:00:00   2.8580e-01   7.1445e+01   6.1811e+00   0.0000e+00   0.0000e+00   2.8636e+02
20210806_00:00:00   4.2223e-01   9.6377e+01   9.4032e+00   6.7960e-04   7.2630e-03   2.8299e+02
20210806_03:00:00   3.7488e-01   8.8311e+01   8.1853e+00   0.0000e+00   7.6660e-03   2.8325e+02
20210806_06:00:00   3.1629e-01   7.7155e+01   7.0526e+00   0.0000e+00   2.7400e-06   2.8424e+02
20210806_09:00:00   2.6363e-01   6.6887e+01   5.7683e+00   0.0000e+00   0.0000e+00   2.8649e+02
20210806_12:00:00   2.6475e-01   6.6931e+01   5.8705e+00   0.0000e+00   0.0000e+00   2.8512e+02
20210806_15:00:00   3.1913e-01   7.7578e+01   7.0347e+00   0.0000e+00   2.1560e-05   2.8721e+02
20210806_18:00:00   2.7545e-01   6.9301e+01   5.9042e+00   0.0000e+00   0.0000e+00   2.8656e+02
20210806_21:00:00   4.3315e-01   9.7616e+01   8.5278e+00   2.3296e-02   2.9195e-01   2.8695e+02
20210807_00:00:00   2.7606e-01   6.9294e+01   6.1805e+00   0.0000e+00   1.2066e-04   2.8642e+02
20210807_03:00:00   2.8110e-01   7.0329e+01   6.1825e+00   0.0000e+00   5.4925e-04   2.9107e+02
20210807_06:00:00   2.6011e-01   6.5848e+01   5.7158e+00   0.0000e+00   4.0345e-04   2.8968e+02
20210807_09:00:00   1.5184e-01   4.2486e+01   3.3509e+00   0.0000e+00   0.0000e+00   2.8466e+02
20210807_12:00:00   2.1361e-01   5.5886e+01   4.8086e+00   0.0000e+00   0.0000e+00   2.8581e+02
20210807_15:00:00   2.2763e-01   5.9200e+01   5.0088e+00   0.0000e+00   0.0000e+00   2.8650e+02
20210807_18:00:00   2.4795e-01   6.3419e+01   5.4479e+00   0.0000e+00   0.0000e+00   2.8662e+02
20210807_21:00:00   3.2849e-01   7.9228e+01   7.2433e+00   2.1320e-03   4.5679e-02   2.8719e+02
20210808_00:00:00   5.6828e-01   1.1903e+02   1.1128e+01   2.1271e-02   8.6769e-01   2.8658e+02
20210808_03:00:00   4.0841e-01   9.3537e+01   9.2264e+00   0.0000e+00   6.8356e-02   2.8698e+02
20210808_06:00:00   3.6219e-01   8.4928e+01   8.4210e+00   0.0000e+00   8.7339e-03   2.8701e+02
20210808_09:00:00   3.3711e-01   7.9865e+01   7.9861e+00   0.0000e+00   2.4700e-02   2.8406e+02
20210808_12:00:00   3.6457e-01   8.5035e+01   8.5222e+00   0.0000e+00   1.2790e-02   2.8492e+02
20210808_15:00:00   4.0005e-01   9.1503e+01   9.1381e+00   0.0000e+00   7.1714e-02   2.8441e+02
20210808_18:00:00   6.6309e-01   1.3256e+02   1.1294e+01   6.2035e-02   3.2315e-01   2.8410e+02
20210808_21:00:00   5.2239e-01   1.1250e+02   1.0900e+01   1.0567e-02   2.9937e-02   2.8632e+02
20210809_00:00:00   8.0495e-01   1.5151e+02   1.2538e+01   9.2724e-02   5.6984e-01   2.8621e+02
20210809_03:00:00   1.0514e+00   1.7676e+02   1.2158e+01   2.1179e-01   3.6335e-01   2.8427e+02
20210809_06:00:00   4.0698e-01   9.3939e+01   8.9501e+00   0.0000e+00   7.5060e-06   2.8344e+02
20210809_09:00:00   3.2338e-01   7.8866e+01   7.0463e+00   0.0000e+00   0.0000e+00   2.8315e+02
20210809_12:00:00   3.2466e-01   7.8836e+01   7.1749e+00   0.0000e+00   2.6717e-03   2.8485e+02
20210809_15:00:00   3.2302e-01   7.8348e+01   7.1433e+00   0.0000e+00   7.0740e-04   2.8495e+02
20210809_18:00:00   3.3455e-01   8.0912e+01   7.1414e+00   0.0000e+00   1.4708e-04   2.8600e+02
20210809_21:00:00   1.5442e+00   2.1463e+02   1.0058e+01   4.5411e-01   1.5842e-01   2.8385e+02
20210810_00:00:00   5.1476e-01   1.1244e+02   9.5965e+00   2.7521e-02   3.2873e-02   2.8547e+02
20210810_03:00:00   4.1866e-01   9.6411e+01   9.0571e+00   3.7565e-04   1.9094e-03   2.8346e+02
20210810_06:00:00   4.6571e-01   1.0375e+02   1.0292e+01   2.8920e-03   4.4146e-03   2.8355e+02
20210810_09:00:00   4.6144e-01   1.0280e+02   1.0564e+01   0.0000e+00   1.5340e-02   2.8313e+02
20210810_12:00:00   5.0533e-01   1.0991e+02   1.1312e+01   0.0000e+00   2.5532e-03   2.8269e+02
20210810_15:00:00   7.1371e-01   1.4032e+02   1.2068e+01   6.7397e-02   1.0292e-02   2.8477e+02
20210810_18:00:00   2.3434e+00   2.4683e+02   1.2390e+01   7.4230e-01   1.0253e-01   2.8545e+02
20210810_21:00:00   6.5752e-01   1.3339e+02   1.1091e+01   6.0862e-02   4.5833e-03   2.8509e+02
20210811_00:00:00   5.6752e-01   1.1898e+02   1.2032e+01   7.8938e-03   6.0258e-01   2.8415e+02
20210811_03:00:00   5.1421e-01   1.1099e+02   1.1431e+01   0.0000e+00   1.1614e-01   2.8508e+02
20210811_06:00:00   4.1420e-01   9.4842e+01   9.2360e+00   0.0000e+00   5.3440e-06   2.8354e+02
20210811_09:00:00   3.8379e-01   8.9226e+01   8.6203e+00   0.0000e+00   4.1572e-02   2.8571e+02
20210811_12:00:00   3.9100e-01   9.0686e+01   8.4208e+00   0.0000e+00   1.8644e-04   2.8577e+02
20210811_15:00:00   3.3629e-01   8.0484e+01   7.2974e+00   4.2760e-05   1.1314e-03   2.8670e+02
20210811_18:00:00   3.9706e-01   9.1662e+01   8.2926e+00   4.6418e-03   1.8478e-03   2.8845e+02
20210811_21:00:00   4.2435e-01   9.6673e+01   8.6050e+00   8.9915e-03   2.9477e-02   2.8588e+02
20210812_00:00:00   3.1998e-01   7.7973e+01   6.9211e+00   2.4820e-05   1.8418e-05   2.8620e+02
20210812_03:00:00   2.8509e-01   7.0848e+01   6.3514e+00   0.0000e+00   0.0000e+00   2.8468e+02
20210812_06:00:00   3.2393e-01   7.8340e+01   7.1930e+00   0.0000e+00   2.8380e-03   2.8335e+02
20210812_09:00:00   3.0512e-01   7.4683e+01   6.8399e+00   0.0000e+00   1.3066e-06   2.8258e+02
20210812_12:00:00   2.8438e-01   7.0608e+01   6.3165e+00   0.0000e+00   0.0000e+00   2.8454e+02
20210812_15:00:00   2.8389e-01   7.0464e+01   6.2666e+00   0.0000e+00   0.0000e+00   2.8290e+02
20210812_18:00:00   3.1607e-01   7.6734e+01   6.9056e+00   0.0000e+00   9.9280e-05   2.8412e+02
20210812_21:00:00   3.5441e-01   8.4158e+01   7.6874e+00   5.1920e-04   5.9843e-03   2.8092e+02
20210813_00:00:00   3.5208e-01   8.3996e+01   7.3544e+00   5.9560e-03   1.1378e-03   2.8246e+02
20210813_03:00:00   2.8733e-01   7.1528e+01   6.2903e+00   0.0000e+00   4.0360e-05   2.8329e+02
20210813_06:00:00   3.9009e-01   9.0543e+01   8.6648e+00   0.0000e+00   2.3408e-03   2.8649e+02
20210813_09:00:00   4.7456e-01   1.0474e+02   1.0350e+01   2.7836e-03   5.0260e-02   2.8430e+02
20210813_12:00:00   4.3043e-01   9.7041e+01   9.7530e+00   0.0000e+00   3.4741e-02   2.8707e+02
20210813_15:00:00   4.1927e-01   9.5066e+01   9.5999e+00   0.0000e+00   1.7467e-02   2.8679e+02
20210813_18:00:00   4.7542e-01   1.0485e+02   1.0580e+01   2.0369e-03   4.5131e-03   2.8785e+02
20210813_21:00:00   6.0211e-01   1.2529e+02   1.1248e+01   3.5755e-02   3.8534e-03   2.9043e+02
20210814_00:00:00   4.4950e-01   1.0143e+02   9.5725e+00   2.3485e-03   1.4074e-03   2.9150e+02
20210814_03:00:00   4.1093e-01   9.4792e+01   8.8041e+00   8.9730e-04   2.6920e-04   2.9153e+02
20210814_06:00:00   3.7361e-01   8.8134e+01   8.0430e+00   0.0000e+00   1.6952e-05   2.9283e+02
20210814_09:00:00   3.6670e-01   8.6730e+01   8.0367e+00   0.0000e+00   2.4480e-06   2.9142e+02
20210814_12:00:00   3.4706e-01   8.3082e+01   7.6279e+00   0.0000e+00   0.0000e+00   2.9121e+02
20210814_15:00:00   3.4962e-01   8.3509e+01   7.5421e+00   0.0000e+00   0.0000e+00   2.8898e+02
20210814_18:00:00   6.0382e-01   1.2591e+02   8.1754e+00   8.8681e-02   2.2060e-04   2.9128e+02
20210814_21:00:00   8.1722e-01   1.5422e+02   9.2251e+00   1.5672e-01   2.1624e-03   2.9088e+02
20210815_00:00:00   1.0259e+00   1.7660e+02   8.9385e+00   2.5043e-01   1.7758e-02   2.9330e+02
20210815_03:00:00   1.3650e+00   2.0438e+02   1.1383e+01   3.4544e-01   8.7227e-02   2.9145e+02
20210815_06:00:00   4.3155e-01   9.8082e+01   9.3989e+00   3.4240e-05   4.8380e-04   2.9094e+02
