#            date       tau255        Tb[K]      pwv[mm] lwp[kg*m^-2] iwp[kg*m^-2]       o3[DU]
20210901_18:00:00   3.3312e-01   7.9096e+01   7.9281e+00   0.0000e+00   1.9306e-02   2.8390e+02
20210901_19:00:00   3.7808e-01   8.7465e+01   8.9282e+00   0.0000e+00   1.1419e-02   2.8522e+02
20210901_20:00:00   4.2295e-01   9.5356e+01   9.7203e+00   0.0000e+00   3.5505e-01   2.8571e+02
20210901_21:00:00   4.4959e-01   1.0005e+02   1.0354e+01   1.1414e-05   2.1988e-01   2.8680e+02
20210901_22:00:00   5.5493e-01   1.1668e+02   1.2133e+01   4.5601e-03   4.6701e-01   2.8528e+02
20210901_23:00:00   5.9205e-01   1.2222e+02   1.2621e+01   8.2675e-03   6.0268e-01   2.8107e+02
20210902_00:00:00   6.0626e-01   1.2458e+02   1.3137e+01   4.4049e-03   4.9115e-01   2.7703e+02
20210902_01:00:00   8.2806e-01   1.5412e+02   1.3197e+01   9.1012e-02   6.3469e-01   2.7633e+02
20210902_02:00:00   6.6506e-01   1.3336e+02   1.3467e+01   2.2364e-02   3.9555e-01   2.7673e+02
20210902_03:00:00   6.2597e-01   1.2773e+02   1.3390e+01   7.7070e-03   3.6016e-01   2.7720e+02
20210902_04:00:00   6.0053e-01   1.2377e+02   1.3202e+01   0.0000e+00   6.6916e-01   2.7715e+02
20210902_05:00:00   5.1986e-01   1.1239e+02   1.1013e+01   1.1261e-02   1.6528e-02   2.7782e+02
20210902_06:00:00   4.1747e-01   9.5710e+01   8.7324e+00   6.5831e-03   8.0686e-05   2.8350e+02
20210902_07:00:00   3.4362e-01   8.2476e+01   7.3242e+00   0.0000e+00   0.0000e+00   2.8588e+02
20210902_08:00:00   2.9500e-01   7.3040e+01   6.2965e+00   0.0000e+00   2.2020e-05   2.8635e+02
20210902_09:00:00   2.5142e-01   6.4180e+01   5.3828e+00   0.0000e+00   0.0000e+00   2.8870e+02
20210902_10:00:00   2.7767e-01   6.9349e+01   6.0498e+00   0.0000e+00   0.0000e+00   2.8833e+02
20210902_11:00:00   3.0709e-01   7.5134e+01   6.6664e+00   0.0000e+00   0.0000e+00   2.8936e+02
20210902_12:00:00   2.9079e-01   7.1899e+01   6.3291e+00   0.0000e+00   0.0000e+00   2.8691e+02
20210902_13:00:00   2.9455e-01   7.2601e+01   6.3838e+00   0.0000e+00   0.0000e+00   2.8341e+02
20210902_14:00:00   3.0692e-01   7.4973e+01   6.6323e+00   0.0000e+00   0.0000e+00   2.8306e+02
20210902_15:00:00   3.1804e-01   7.7123e+01   6.8378e+00   0.0000e+00   0.0000e+00   2.8185e+02
20210902_16:00:00   3.2838e-01   7.9091e+01   7.0176e+00   0.0000e+00   0.0000e+00   2.7996e+02
20210902_17:00:00   3.6969e-01   8.6855e+01   7.4811e+00   6.3250e-03   0.0000e+00   2.8096e+02
20210902_18:00:00   7.2469e-01   1.4192e+02   8.2832e+00   1.3743e-01   7.8653e-04   2.8139e+02
20210902_19:00:00   1.4514e+00   2.0877e+02   8.7636e+00   4.3488e-01   4.5539e-02   2.8092e+02
20210902_20:00:00   1.4853e+00   2.1108e+02   8.7111e+00   4.4941e-01   1.4744e-02   2.7998e+02
20210902_21:00:00   1.8701e+00   2.3068e+02   9.0507e+00   6.0539e-01   7.3523e-02   2.7903e+02
20210902_22:00:00   1.3739e+00   2.0454e+02   8.6748e+00   3.9753e-01   4.7171e-02   2.7851e+02
20210902_23:00:00   2.3361e+00   2.4737e+02   8.8413e+00   7.9471e-01   5.5715e-02   2.7773e+02
20210903_00:00:00   8.2915e-01   1.5524e+02   8.8326e+00   1.7114e-01   2.3245e-02   2.7619e+02
20210903_01:00:00   1.1878e+00   1.9023e+02   1.0147e+01   2.9412e-01   1.7944e-01   2.7648e+02
20210903_02:00:00   1.5238e+00   2.1420e+02   1.0061e+01   4.3430e-01   4.7605e-02   2.7776e+02
20210903_03:00:00   1.4112e+00   2.0671e+02   1.0364e+01   3.8404e-01   1.1061e-01   2.7926e+02
20210903_04:00:00   1.0854e+00   1.8113e+02   9.9775e+00   2.5785e-01   1.0185e-01   2.8128e+02
20210903_05:00:00   1.4877e+00   2.1189e+02   1.0390e+01   4.1295e-01   9.6705e-02   2.8215e+02
20210903_06:00:00   7.8076e-01   1.4910e+02   9.7368e+00   1.3332e-01   5.3135e-02   2.8267e+02
20210903_07:00:00   5.7575e-01   1.2127e+02   9.0301e+00   6.1020e-02   3.0733e-02   2.8485e+02
20210903_08:00:00   5.5056e-01   1.1801e+02   6.8955e+00   8.9831e-02   4.1917e-03   2.8507e+02
20210903_09:00:00   3.3208e-01   8.0214e+01   6.0531e+00   1.6190e-02   1.6451e-03   2.8620e+02
20210903_10:00:00   2.6230e-01   6.6390e+01   5.4619e+00   0.0000e+00   0.0000e+00   2.8537e+02
20210903_11:00:00   2.6620e-01   6.7147e+01   5.5535e+00   0.0000e+00   0.0000e+00   2.8647e+02
20210903_12:00:00   2.5364e-01   6.4588e+01   5.3003e+00   0.0000e+00   0.0000e+00   2.8629e+02
20210903_13:00:00   2.3851e-01   6.1445e+01   4.9990e+00   0.0000e+00   0.0000e+00   2.8729e+02
20210903_14:00:00   2.3537e-01   6.0770e+01   4.9589e+00   0.0000e+00   0.0000e+00   2.8562e+02
20210903_15:00:00   2.3654e-01   6.0926e+01   5.0503e+00   0.0000e+00   0.0000e+00   2.8527e+02
20210903_16:00:00   2.3378e-01   6.0302e+01   5.0284e+00   0.0000e+00   0.0000e+00   2.8622e+02
20210903_17:00:00   2.4907e-01   6.3376e+01   5.3968e+00   0.0000e+00   0.0000e+00   2.8746e+02
20210903_18:00:00   3.0900e-01   7.5299e+01   6.4362e+00   4.8360e-03   0.0000e+00   2.8647e+02
20210903_19:00:00   3.4392e-01   8.1906e+01   7.1743e+00   3.7130e-03   7.8740e-05   2.8507e+02
20210903_20:00:00   6.9490e-01   1.3796e+02   7.5957e+00   1.3948e-01   5.8588e-03   2.8341e+02
20210903_21:00:00   5.3149e-01   1.1450e+02   7.5650e+00   6.9106e-02   3.0262e-02   2.8246e+02
20210903_22:00:00   4.0526e-01   9.3239e+01   7.1284e+00   2.7758e-02   3.7380e-02   2.8259e+02
20210903_23:00:00   4.2938e-01   9.7395e+01   7.1700e+00   3.8419e-02   7.6676e-02   2.8160e+02
20210904_00:00:00   3.5722e-01   8.4746e+01   7.2058e+00   5.0776e-03   6.3270e-02   2.8120e+02
20210904_01:00:00   3.5401e-01   8.4001e+01   7.3515e+00   3.9540e-04   9.4376e-02   2.8192e+02
20210904_02:00:00   3.7365e-01   8.7527e+01   7.3185e+00   9.2398e-03   6.9763e-02   2.8294e+02
20210904_03:00:00   3.4357e-01   8.1909e+01   7.1864e+00   0.0000e+00   4.3119e-02   2.8266e+02
20210904_04:00:00   3.4375e-01   8.1935e+01   7.1802e+00   0.0000e+00   2.3571e-02   2.8360e+02
20210904_05:00:00   3.3404e-01   8.0140e+01   6.9789e+00   5.0220e-05   1.1763e-02   2.8301e+02
20210904_06:00:00   3.4269e-01   8.1685e+01   7.1170e+00   1.4975e-03   4.4876e-03   2.8351e+02
20210904_07:00:00   3.1081e-01   7.5625e+01   6.5116e+00   1.6208e-04   2.2080e-03   2.8467e+02
20210904_08:00:00   3.3533e-01   8.0439e+01   5.9800e+00   1.9682e-02   1.8942e-03   2.8536e+02
20210904_09:00:00   2.8396e-01   7.0478e+01   5.6062e+00   4.9800e-03   1.0096e-03   2.8352e+02
20210904_10:00:00   2.6171e-01   6.6035e+01   5.1259e+00   4.7140e-03   6.3080e-04   2.8243e+02
20210904_11:00:00   2.6466e-01   6.6572e+01   4.9487e+00   9.5960e-03   8.0900e-04   2.8638e+02
20210904_12:00:00   2.6507e-01   6.6582e+01   4.7592e+00   1.3562e-02   1.2212e-03   2.8638e+02
20210904_13:00:00   2.1865e-01   5.6890e+01   4.3542e+00   2.1700e-03   1.8945e-04   2.8480e+02
20210904_14:00:00   1.8416e-01   4.9445e+01   3.7632e+00   0.0000e+00   0.0000e+00   2.8307e+02
20210904_15:00:00   1.5510e-01   4.2974e+01   3.1800e+00   0.0000e+00   0.0000e+00   2.8292e+02
20210904_16:00:00   1.3926e-01   3.9381e+01   2.8272e+00   0.0000e+00   0.0000e+00   2.8438e+02
20210904_17:00:00   1.4933e-01   4.1703e+01   3.0310e+00   0.0000e+00   0.0000e+00   2.8399e+02
20210904_18:00:00   1.7332e-01   4.7143e+01   3.5227e+00   0.0000e+00   0.0000e+00   2.8215e+02
20210904_19:00:00   2.2054e-01   5.7404e+01   4.5242e+00   4.5660e-06   2.5948e-04   2.8149e+02
20210904_20:00:00   2.6753e-01   6.7038e+01   5.3300e+00   4.4360e-03   1.6796e-03   2.8105e+02
20210904_21:00:00   3.2165e-01   7.7599e+01   5.8785e+00   1.7532e-02   1.0486e-02   2.7994e+02
20210904_22:00:00   3.5541e-01   8.4047e+01   6.4567e+00   1.9648e-02   7.6668e-02   2.7731e+02
20210904_23:00:00   3.1047e-01   7.5473e+01   6.5733e+00   3.4240e-05   2.6910e-02   2.7691e+02
20210905_00:00:00   3.0874e-01   7.5085e+01   6.5957e+00   0.0000e+00   1.2269e-02   2.7709e+02
20210905_01:00:00   3.1999e-01   7.7159e+01   6.8233e+00   0.0000e+00   4.2515e-02   2.7813e+02
20210905_02:00:00   3.1145e-01   7.5663e+01   6.5984e+00   0.0000e+00   8.1310e-03   2.7868e+02
20210905_03:00:00   3.4137e-01   8.1335e+01   7.1046e+00   0.0000e+00   6.6437e-02   2.7833e+02
20210905_04:00:00   3.5660e-01   8.3880e+01   7.5649e+00   1.0564e-03   9.4841e-03   2.7904e+02
20210905_05:00:00   3.1746e-01   7.6693e+01   6.7354e+00   0.0000e+00   1.8612e-04   2.7912e+02
20210905_06:00:00   3.2300e-01   7.7579e+01   6.9136e+00   0.0000e+00   5.8058e-05   2.8156e+02
20210905_07:00:00   2.6381e-01   6.6377e+01   5.4613e+00   0.0000e+00   0.0000e+00   2.8513e+02
20210905_08:00:00   2.4456e-01   6.2348e+01   5.0971e+00   0.0000e+00   9.7880e-06   2.8582e+02
20210905_09:00:00   2.1265e-01   5.5630e+01   4.4209e+00   0.0000e+00   0.0000e+00   2.8538e+02
20210905_10:00:00   2.0112e-01   5.3030e+01   4.2267e+00   0.0000e+00   0.0000e+00   2.8433e+02
20210905_11:00:00   1.9859e-01   5.2296e+01   4.2252e+00   0.0000e+00   0.0000e+00   2.8669e+02
20210905_12:00:00   1.9274e-01   5.0997e+01   4.0827e+00   0.0000e+00   0.0000e+00   2.9052e+02
20210905_13:00:00   1.6885e-01   4.5649e+01   3.5919e+00   0.0000e+00   0.0000e+00   2.9461e+02
20210905_14:00:00   1.3251e-01   3.7274e+01   2.8493e+00   0.0000e+00   0.0000e+00   2.9659e+02
20210905_15:00:00   1.1981e-01   3.4410e+01   2.5359e+00   0.0000e+00   0.0000e+00   3.0169e+02
20210905_16:00:00   1.2617e-01   3.5974e+01   2.6527e+00   0.0000e+00   0.0000e+00   3.0177e+02
20210905_17:00:00   1.3446e-01   3.7959e+01   2.8088e+00   0.0000e+00   0.0000e+00   2.9467e+02
20210905_18:00:00   1.5586e-01   4.2779e+01   3.2932e+00   0.0000e+00   0.0000e+00   2.9210e+02
20210905_19:00:00   1.6777e-01   4.5474e+01   3.5719e+00   0.0000e+00   0.0000e+00   2.9105e+02
20210905_20:00:00   1.7640e-01   4.7456e+01   3.7769e+00   0.0000e+00   4.2760e-06   2.9045e+02
20210905_21:00:00   1.8364e-01   4.9055e+01   3.9811e+00   0.0000e+00   5.1300e-05   2.8795e+02
20210905_22:00:00   1.8298e-01   4.8964e+01   3.9989e+00   0.0000e+00   4.2760e-06   2.8668e+02
20210905_23:00:00   1.7950e-01   4.8276e+01   3.9366e+00   0.0000e+00   0.0000e+00   2.8567e+02
20210906_00:00:00   1.8065e-01   4.8548e+01   3.9882e+00   0.0000e+00   0.0000e+00   2.8550e+02
20210906_01:00:00   1.7791e-01   4.7959e+01   3.9626e+00   0.0000e+00   0.0000e+00   2.8643e+02
20210906_02:00:00   1.8394e-01   4.9251e+01   4.0937e+00   0.0000e+00   0.0000e+00   2.8679e+02
20210906_03:00:00   1.5679e-01   4.3302e+01   3.4707e+00   0.0000e+00   0.0000e+00   2.8503e+02
20210906_04:00:00   1.5425e-01   4.2687e+01   3.4188e+00   0.0000e+00   0.0000e+00   2.8402e+02
20210906_05:00:00   1.5076e-01   4.1915e+01   3.3425e+00   0.0000e+00   0.0000e+00   2.8361e+02
20210906_06:00:00   1.4974e-01   4.1694e+01   3.3397e+00   0.0000e+00   0.0000e+00   2.8252e+02
20210906_07:00:00   1.5033e-01   4.1775e+01   3.3855e+00   0.0000e+00   0.0000e+00   2.8123e+02
20210906_08:00:00   1.4576e-01   4.0750e+01   3.2741e+00   0.0000e+00   0.0000e+00   2.8039e+02
20210906_09:00:00   1.4058e-01   3.9594e+01   3.1643e+00   0.0000e+00   0.0000e+00   2.8034e+02
20210906_10:00:00   1.3908e-01   3.9244e+01   3.1366e+00   0.0000e+00   0.0000e+00   2.7997e+02
20210906_11:00:00   1.4047e-01   3.9602e+01   3.1638e+00   0.0000e+00   0.0000e+00   2.7898e+02
20210906_12:00:00   1.4433e-01   4.0542e+01   3.2432e+00   0.0000e+00   0.0000e+00   2.7827e+02
20210906_13:00:00   1.5218e-01   4.2363e+01   3.4118e+00   0.0000e+00   0.0000e+00   2.7810e+02
20210906_14:00:00   1.5845e-01   4.3784e+01   3.5525e+00   0.0000e+00   0.0000e+00   2.7633e+02
20210906_15:00:00   1.5879e-01   4.3883e+01   3.5513e+00   0.0000e+00   0.0000e+00   2.7568e+02
20210906_16:00:00   1.5839e-01   4.3815e+01   3.5336e+00   0.0000e+00   0.0000e+00   2.7713e+02
20210906_17:00:00   1.6586e-01   4.5515e+01   3.6791e+00   0.0000e+00   0.0000e+00   2.7737e+02
20210906_18:00:00   1.7688e-01   4.7997e+01   3.9086e+00   0.0000e+00   0.0000e+00   2.7634e+02
20210906_21:00:00   2.2099e-01   5.7675e+01   4.8963e+00   0.0000e+00   0.0000e+00   2.7252e+02
20210907_00:00:00   2.6799e-01   6.7297e+01   5.9157e+00   0.0000e+00   3.2618e-04   2.6989e+02
20210907_03:00:00   2.3198e-01   5.9990e+01   5.0841e+00   0.0000e+00   0.0000e+00   2.6898e+02
20210907_06:00:00   1.7253e-01   4.7216e+01   3.6867e+00   0.0000e+00   0.0000e+00   2.7555e+02
20210907_09:00:00   1.5268e-01   4.2558e+01   3.3009e+00   0.0000e+00   0.0000e+00   2.7725e+02
20210907_12:00:00   1.3216e-01   3.7802e+01   2.8452e+00   0.0000e+00   0.0000e+00   2.7298e+02
20210907_15:00:00   1.2184e-01   3.5334e+01   2.6436e+00   0.0000e+00   0.0000e+00   2.6954e+02
20210907_18:00:00   1.5384e-01   4.2892e+01   3.3296e+00   0.0000e+00   0.0000e+00   2.7107e+02
20210907_21:00:00   1.9765e-01   5.2802e+01   4.3340e+00   0.0000e+00   0.0000e+00   2.6977e+02
20210908_00:00:00   1.9684e-01   5.2705e+01   4.2941e+00   0.0000e+00   2.0378e-03   2.6932e+02
20210908_03:00:00   1.8466e-01   4.9944e+01   4.1203e+00   0.0000e+00   0.0000e+00   2.6918e+02
20210908_06:00:00   1.5636e-01   4.3430e+01   3.5543e+00   0.0000e+00   0.0000e+00   2.6919e+02
20210908_09:00:00   1.5041e-01   4.1887e+01   3.4585e+00   0.0000e+00   2.2280e-05   2.6886e+02
20210908_12:00:00   1.3617e-01   3.8560e+01   3.1257e+00   0.0000e+00   0.0000e+00   2.6736e+02
20210908_15:00:00   1.2128e-01   3.5157e+01   2.7489e+00   0.0000e+00   6.1160e-06   2.6881e+02
20210908_18:00:00   1.5726e-01   4.3734e+01   3.5157e+00   0.0000e+00   0.0000e+00   2.6976e+02
20210908_21:00:00   1.9376e-01   5.2163e+01   4.3261e+00   0.0000e+00   0.0000e+00   2.6692e+02
20210909_00:00:00   1.6382e-01   4.5473e+01   3.6811e+00   0.0000e+00   0.0000e+00   2.6649e+02
20210909_03:00:00   2.3221e-01   6.0347e+01   5.2651e+00   0.0000e+00   0.0000e+00   2.6904e+02
20210909_06:00:00   2.1659e-01   5.7011e+01   4.8831e+00   0.0000e+00   0.0000e+00   2.6727e+02
20210909_09:00:00   1.9499e-01   5.2172e+01   4.4327e+00   0.0000e+00   3.0260e-05   2.6963e+02
20210909_12:00:00   2.2467e-01   5.8319e+01   5.1462e+00   0.0000e+00   2.4720e-05   2.6901e+02
20210909_15:00:00   2.3146e-01   5.9651e+01   5.2792e+00   0.0000e+00   0.0000e+00   2.6911e+02
20210909_18:00:00   2.3172e-01   5.9736e+01   5.2556e+00   0.0000e+00   0.0000e+00   2.7047e+02
20210909_21:00:00   2.6312e-01   6.6341e+01   5.9201e+00   0.0000e+00   2.8918e-05   2.7346e+02
20210910_00:00:00   2.8651e-01   7.1052e+01   6.3940e+00   0.0000e+00   1.3540e-03   2.7300e+02
20210910_03:00:00   3.2268e-01   7.7783e+01   7.2181e+00   0.0000e+00   2.3021e-03   2.7525e+02
20210910_06:00:00   3.0551e-01   7.4559e+01   6.8829e+00   0.0000e+00   1.8063e-04   2.7652e+02
20210910_09:00:00   2.9255e-01   7.2023e+01   6.5786e+00   0.0000e+00   8.2120e-05   2.7556e+02
20210910_12:00:00   2.9385e-01   7.2084e+01   6.6107e+00   0.0000e+00   9.4740e-05   2.7635e+02
20210910_15:00:00   2.9355e-01   7.1776e+01   6.6976e+00   0.0000e+00   1.3540e-05   2.7904e+02
20210910_18:00:00   2.9323e-01   7.1951e+01   6.5912e+00   0.0000e+00   9.1320e-06   2.7835e+02
20210910_21:00:00   2.6575e-01   6.6701e+01   5.9692e+00   0.0000e+00   5.0249e-03   2.7788e+02
20210911_00:00:00   2.7218e-01   6.8130e+01   6.1607e+00   0.0000e+00   8.6300e-04   2.7943e+02
20210911_03:00:00   3.1341e-01   7.6243e+01   6.9493e+00   0.0000e+00   7.4778e-04   2.8064e+02
20210911_06:00:00   3.0876e-01   7.5364e+01   6.7965e+00   0.0000e+00   7.0190e-04   2.7855e+02
20210911_09:00:00   2.5294e-01   6.4282e+01   5.5898e+00   0.0000e+00   1.4922e-04   2.7571e+02
20210911_12:00:00   2.0435e-01   5.3934e+01   4.5663e+00   0.0000e+00   1.9862e-03   2.7747e+02
20210911_15:00:00   1.6645e-01   4.5581e+01   3.7091e+00   0.0000e+00   0.0000e+00   2.7758e+02
20210911_18:00:00   2.2545e-01   5.8466e+01   5.0022e+00   0.0000e+00   0.0000e+00   2.7709e+02
20210911_21:00:00   2.9432e-01   7.2692e+01   6.4877e+00   0.0000e+00   7.0560e-04   2.7675e+02
20210912_00:00:00   3.7007e-01   8.7027e+01   8.1725e+00   0.0000e+00   1.0901e-03   2.7754e+02
20210912_03:00:00   3.9144e-01   9.0909e+01   8.6089e+00   5.0220e-05   9.1493e-05   2.7604e+02
20210912_06:00:00   3.5574e-01   8.4383e+01   7.8725e+00   0.0000e+00   5.2260e-07   2.7484e+02
20210912_09:00:00   3.2296e-01   7.8122e+01   7.1794e+00   0.0000e+00   0.0000e+00   2.7249e+02
20210912_12:00:00   3.2142e-01   7.7834e+01   6.9778e+00   0.0000e+00   0.0000e+00   2.7288e+02
20210912_15:00:00   2.8640e-01   7.1194e+01   6.1206e+00   0.0000e+00   0.0000e+00   2.7536e+02
20210912_18:00:00   3.4181e-01   8.2014e+01   7.1364e+00   1.3636e-03   1.1486e-04   2.7458e+02
20210912_21:00:00   8.0414e-01   1.5170e+02   8.9591e+00   1.6072e-01   1.0890e-01   2.7496e+02
20210913_00:00:00   8.5022e-01   1.5736e+02   9.5137e+00   1.6575e-01   1.6922e-01   2.7332e+02
20210913_03:00:00   5.8735e-01   1.2367e+02   7.7433e+00   8.7147e-02   3.1421e-03   2.7537e+02
20210913_06:00:00   3.7057e-01   8.7951e+01   6.2058e+00   2.7100e-02   1.4038e-03   2.7399e+02
20210913_09:00:00   2.0614e-01   5.4962e+01   4.3065e+00   0.0000e+00   0.0000e+00   2.7162e+02
20210913_12:00:00   1.9136e-01   5.1495e+01   4.1108e+00   0.0000e+00   0.0000e+00   2.7236e+02
20210913_15:00:00   2.2481e-01   5.8609e+01   4.8391e+00   0.0000e+00   0.0000e+00   2.7290e+02
20210913_18:00:00   2.7252e-01   6.8505e+01   5.8021e+00   0.0000e+00   0.0000e+00   2.6909e+02
20210913_21:00:00   2.9399e-01   7.2979e+01   6.3304e+00   0.0000e+00   6.6560e-06   2.6726e+02
20210914_00:00:00   3.6357e-01   8.6415e+01   7.7582e+00   2.1380e-05   1.1672e-03   2.6986e+02
20210914_03:00:00   3.4099e-01   8.2313e+01   7.2133e+00   2.0599e-04   6.8498e-03   2.6843e+02
20210914_06:00:00   2.3335e-01   6.0868e+01   5.0749e+00   0.0000e+00   0.0000e+00   2.6867e+02
20210914_09:00:00   1.5327e-01   4.3099e+01   3.3694e+00   0.0000e+00   0.0000e+00   2.7039e+02
20210914_12:00:00   1.1798e-01   3.4646e+01   2.6317e+00   0.0000e+00   0.0000e+00   2.7225e+02
20210914_15:00:00   1.2739e-01   3.6780e+01   2.8824e+00   0.0000e+00   0.0000e+00   2.7303e+02
20210914_18:00:00   2.5068e-01   6.3890e+01   5.3811e+00   0.0000e+00   0.0000e+00   2.7295e+02
20210914_21:00:00   3.2092e-01   7.7923e+01   6.7381e+00   2.5680e-03   2.0129e-03   2.7370e+02
20210915_00:00:00   3.5347e-01   8.3946e+01   7.5211e+00   1.3442e-03   2.4165e-02   2.7371e+02
20210915_03:00:00   3.4145e-01   8.1820e+01   7.2485e+00   5.3440e-05   9.0921e-03   2.7447e+02
20210915_06:00:00   3.1335e-01   7.6490e+01   6.5443e+00   0.0000e+00   1.4210e-03   2.7289e+02
20210915_09:00:00   2.8749e-01   7.1392e+01   5.9918e+00   0.0000e+00   2.6358e-04   2.7268e+02
20210915_12:00:00   2.4941e-01   6.3693e+01   5.2052e+00   0.0000e+00   0.0000e+00   2.7380e+02
20210915_15:00:00   1.8452e-01   4.9845e+01   3.9295e+00   0.0000e+00   0.0000e+00   2.7106e+02
20210915_18:00:00   2.0316e-01   5.3935e+01   4.3278e+00   0.0000e+00   0.0000e+00   2.6878e+02
20210915_21:00:00   2.6125e-01   6.6119e+01   5.6765e+00   0.0000e+00   0.0000e+00   2.6992e+02
20210916_00:00:00   2.7636e-01   6.9332e+01   6.0519e+00   0.0000e+00   0.0000e+00   2.6772e+02
20210916_03:00:00   3.3097e-01   7.9936e+01   7.1876e+00   0.0000e+00   4.4820e-05   2.6629e+02
20210916_06:00:00   2.8629e-01   7.1520e+01   6.1109e+00   0.0000e+00   0.0000e+00   2.6658e+02
20210916_09:00:00   2.7500e-01   6.9124e+01   5.8625e+00   0.0000e+00   0.0000e+00   2.6676e+02
20210916_12:00:00   2.8216e-01   7.0451e+01   5.9653e+00   0.0000e+00   0.0000e+00   2.6656e+02
20210916_15:00:00   2.9896e-01   7.3665e+01   6.2775e+00   0.0000e+00   0.0000e+00   2.6785e+02
20210916_18:00:00   3.0393e-01   7.4598e+01   6.3403e+00   1.5456e-04   1.1650e-05   2.6783e+02
20210916_21:00:00   3.0997e-01   7.5770e+01   6.5799e+00   3.5775e-04   5.5951e-04   2.6571e+02
20210917_00:00:00   3.0244e-01   7.4655e+01   6.2672e+00   4.5943e-03   1.4734e-04   2.6602e+02
20210917_03:00:00   5.0764e-01   1.1026e+02   9.8399e+00   1.8635e-02   1.2421e-01   2.6742e+02
20210917_06:00:00   5.6123e-01   1.1879e+02   9.8873e+00   4.0755e-02   1.0896e-02   2.6841e+02
20210917_09:00:00   4.5419e-01   1.0113e+02   9.7860e+00   0.0000e+00   8.2924e-02   2.6680e+02
20210917_12:00:00   3.6495e-01   8.6042e+01   7.7444e+00   0.0000e+00   7.4820e-04   2.6508e+02
20210917_15:00:00   2.6658e-01   6.7097e+01   5.6314e+00   0.0000e+00   0.0000e+00   2.6539e+02
20210917_18:00:00   2.6179e-01   6.6244e+01   5.4642e+00   0.0000e+00   0.0000e+00   2.6590e+02
