#            date       tau255        Tb[K]      pwv[mm] lwp[kg*m^-2] iwp[kg*m^-2]       o3[DU]
20230905_06:00:00   5.6541e-02   1.9241e+01   1.1399e+00   0.0000e+00   0.0000e+00   2.9511e+02
20230905_07:00:00   5.7960e-02   1.9582e+01   1.1742e+00   0.0000e+00   0.0000e+00   2.9365e+02
20230905_08:00:00   6.3941e-02   2.1084e+01   1.3149e+00   0.0000e+00   0.0000e+00   2.9305e+02
20230905_09:00:00   7.1734e-02   2.3037e+01   1.4978e+00   0.0000e+00   0.0000e+00   2.9169e+02
20230905_10:00:00   7.8637e-02   2.4752e+01   1.6480e+00   0.0000e+00   0.0000e+00   2.9018e+02
20230905_11:00:00   9.1460e-02   2.7872e+01   1.9143e+00   0.0000e+00   0.0000e+00   2.8813e+02
20230905_12:00:00   9.6586e-02   2.9107e+01   2.0224e+00   0.0000e+00   0.0000e+00   2.8874e+02
20230905_13:00:00   1.0011e-01   2.9935e+01   2.1086e+00   0.0000e+00   0.0000e+00   2.8789e+02
20230905_14:00:00   9.9595e-02   2.9797e+01   2.0822e+00   0.0000e+00   0.0000e+00   2.8958e+02
20230905_15:00:00   9.2235e-02   2.8048e+01   1.8977e+00   0.0000e+00   0.0000e+00   2.9276e+02
20230905_16:00:00   9.4275e-02   2.8566e+01   1.9160e+00   0.0000e+00   0.0000e+00   2.9408e+02
20230905_17:00:00   1.1322e-01   3.3114e+01   2.3058e+00   0.0000e+00   0.0000e+00   2.9462e+02
20230905_18:00:00   1.5563e-01   4.2935e+01   3.1571e+00   0.0000e+00   0.0000e+00   2.9548e+02
20230905_19:00:00   1.7543e-01   4.7438e+01   3.5747e+00   0.0000e+00   0.0000e+00   2.9338e+02
20230905_20:00:00   1.9929e-01   5.2663e+01   4.1280e+00   0.0000e+00   0.0000e+00   2.8994e+02
20230905_21:00:00   2.3017e-01   5.9167e+01   4.8172e+00   0.0000e+00   3.5820e-04   2.8748e+02
20230905_22:00:00   2.5047e-01   6.3405e+01   5.2464e+00   0.0000e+00   2.3340e-03   2.8516e+02
20230905_23:00:00   2.4613e-01   6.2649e+01   5.1944e+00   0.0000e+00   3.5180e-03   2.8207e+02
20230906_00:00:00   2.3712e-01   6.0872e+01   5.0529e+00   0.0000e+00   1.2801e-05   2.8039e+02
20230906_01:00:00   2.3559e-01   6.0613e+01   5.0425e+00   0.0000e+00   4.9700e-05   2.7867e+02
20230906_02:00:00   2.4183e-01   6.1990e+01   5.1492e+00   0.0000e+00   7.8460e-05   2.7676e+02
20230906_03:00:00   2.6414e-01   6.6594e+01   5.5493e+00   0.0000e+00   6.6460e-04   2.7563e+02
20230906_04:00:00   2.6309e-01   6.6431e+01   5.4747e+00   0.0000e+00   1.0794e-04   2.7530e+02
20230906_05:00:00   2.0565e-01   5.4569e+01   4.2880e+00   0.0000e+00   0.0000e+00   2.7640e+02
20230906_06:00:00   1.5950e-01   4.4373e+01   3.3614e+00   0.0000e+00   0.0000e+00   2.7738e+02
20230906_07:00:00   1.1936e-01   3.5002e+01   2.5407e+00   0.0000e+00   0.0000e+00   2.7810e+02
20230906_08:00:00   1.0070e-01   3.0481e+01   2.1399e+00   0.0000e+00   0.0000e+00   2.7542e+02
20230906_09:00:00   6.6979e-02   2.1991e+01   1.4079e+00   0.0000e+00   0.0000e+00   2.7486e+02
20230906_10:00:00   6.1902e-02   2.0656e+01   1.2997e+00   0.0000e+00   0.0000e+00   2.7666e+02
20230906_11:00:00   6.2685e-02   2.0811e+01   1.3320e+00   0.0000e+00   0.0000e+00   2.7676e+02
20230906_12:00:00   7.0895e-02   2.2827e+01   1.5446e+00   0.0000e+00   0.0000e+00   2.7568e+02
20230906_13:00:00   7.9577e-02   2.4926e+01   1.7713e+00   0.0000e+00   0.0000e+00   2.7649e+02
20230906_14:00:00   8.4480e-02   2.6076e+01   1.9130e+00   0.0000e+00   0.0000e+00   2.7744e+02
20230906_15:00:00   8.5923e-02   2.6384e+01   1.9730e+00   0.0000e+00   0.0000e+00   2.7852e+02
20230906_16:00:00   9.0288e-02   2.7434e+01   2.0950e+00   0.0000e+00   0.0000e+00   2.7839e+02
20230906_17:00:00   1.0043e-01   2.9906e+01   2.3339e+00   0.0000e+00   0.0000e+00   2.7855e+02
20230906_18:00:00   1.1920e-01   3.4458e+01   2.7397e+00   0.0000e+00   0.0000e+00   2.7821e+02
20230906_19:00:00   1.5105e-01   4.1947e+01   3.4291e+00   0.0000e+00   0.0000e+00   2.7714e+02
20230906_20:00:00   1.6343e-01   4.4819e+01   3.7011e+00   0.0000e+00   0.0000e+00   2.7516e+02
20230906_21:00:00   1.7980e-01   4.8478e+01   4.0861e+00   0.0000e+00   0.0000e+00   2.7535e+02
20230906_22:00:00   1.9052e-01   5.0867e+01   4.3213e+00   0.0000e+00   0.0000e+00   2.7774e+02
20230906_23:00:00   2.0036e-01   5.2979e+01   4.5756e+00   0.0000e+00   0.0000e+00   2.8021e+02
20230907_00:00:00   2.1923e-01   5.6949e+01   5.0079e+00   0.0000e+00   0.0000e+00   2.8009e+02
20230907_01:00:00   2.1707e-01   5.6451e+01   4.9668e+00   0.0000e+00   0.0000e+00   2.7947e+02
20230907_02:00:00   1.9162e-01   5.1081e+01   4.3935e+00   0.0000e+00   0.0000e+00   2.7892e+02
20230907_03:00:00   1.8247e-01   4.9112e+01   4.1631e+00   0.0000e+00   0.0000e+00   2.7850e+02
20230907_04:00:00   1.7113e-01   4.6615e+01   3.9171e+00   0.0000e+00   0.0000e+00   2.7841e+02
20230907_05:00:00   1.5706e-01   4.3463e+01   3.6039e+00   0.0000e+00   0.0000e+00   2.7910e+02
20230907_06:00:00   1.4437e-01   4.0539e+01   3.3245e+00   0.0000e+00   0.0000e+00   2.8090e+02
20230907_07:00:00   1.3225e-01   3.7659e+01   3.0802e+00   0.0000e+00   0.0000e+00   2.8125e+02
20230907_08:00:00   1.2311e-01   3.5440e+01   2.8911e+00   0.0000e+00   0.0000e+00   2.8067e+02
20230907_09:00:00   1.0353e-01   3.0643e+01   2.4535e+00   0.0000e+00   0.0000e+00   2.7922e+02
20230907_10:00:00   1.0016e-01   2.9777e+01   2.3819e+00   0.0000e+00   0.0000e+00   2.7932e+02
20230907_11:00:00   1.0111e-01   2.9960e+01   2.4063e+00   0.0000e+00   0.0000e+00   2.7878e+02
20230907_12:00:00   1.0481e-01   3.0831e+01   2.4966e+00   0.0000e+00   0.0000e+00   2.7983e+02
20230907_13:00:00   1.0935e-01   3.1917e+01   2.6086e+00   0.0000e+00   0.0000e+00   2.8023e+02
20230907_14:00:00   1.1158e-01   3.2404e+01   2.6679e+00   0.0000e+00   2.0519e-05   2.8048e+02
20230907_15:00:00   1.1268e-01   3.2629e+01   2.6960e+00   0.0000e+00   7.7580e-04   2.7974e+02
20230907_16:00:00   1.1442e-01   3.3005e+01   2.7386e+00   0.0000e+00   1.7854e-03   2.8077e+02
20230907_17:00:00   1.2985e-01   3.6615e+01   3.0847e+00   0.0000e+00   4.5797e-03   2.8104e+02
20230907_18:00:00   1.5274e-01   4.1881e+01   3.5933e+00   0.0000e+00   5.9640e-03   2.8038e+02
20230907_19:00:00   1.8654e-01   4.9471e+01   4.3196e+00   0.0000e+00   5.0920e-03   2.7926e+02
20230907_20:00:00   2.2178e-01   5.7017e+01   5.1024e+00   0.0000e+00   1.8524e-03   2.7797e+02
20230907_21:00:00   2.4309e-01   6.1361e+01   5.5865e+00   0.0000e+00   4.4786e-04   2.7768e+02
20230907_22:00:00   2.6429e-01   6.5608e+01   6.0415e+00   0.0000e+00   3.4233e-03   2.7753e+02
20230907_23:00:00   2.6911e-01   6.6498e+01   6.0415e+00   2.8500e-03   5.5452e-03   2.7779e+02
20230908_00:00:00   2.5542e-01   6.3736e+01   5.8799e+00   0.0000e+00   1.0489e-02   2.7805e+02
20230908_01:00:00   2.4348e-01   6.1280e+01   5.6090e+00   1.4542e-04   2.7299e-02   2.7830e+02
20230908_02:00:00   2.4036e-01   6.0702e+01   5.5201e+00   0.0000e+00   1.0700e-02   2.7923e+02
20230908_03:00:00   2.4871e-01   6.2427e+01   5.6695e+00   0.0000e+00   1.2001e-03   2.7986e+02
20230908_04:00:00   2.2759e-01   5.8222e+01   5.1984e+00   0.0000e+00   2.3629e-04   2.7928e+02
20230908_05:00:00   2.1070e-01   5.4767e+01   4.8153e+00   0.0000e+00   3.2660e-06   2.7875e+02
20230908_06:00:00   2.0760e-01   5.4075e+01   4.7433e+00   0.0000e+00   0.0000e+00   2.7969e+02
20230908_07:00:00   1.9163e-01   5.0691e+01   4.3945e+00   0.0000e+00   0.0000e+00   2.8109e+02
20230908_08:00:00   1.7276e-01   4.6579e+01   3.9760e+00   0.0000e+00   0.0000e+00   2.8227e+02
20230908_09:00:00   1.6481e-01   4.4769e+01   3.7947e+00   0.0000e+00   0.0000e+00   2.8133e+02
20230908_10:00:00   1.5772e-01   4.3185e+01   3.6205e+00   0.0000e+00   0.0000e+00   2.7940e+02
20230908_11:00:00   1.4100e-01   3.9454e+01   3.2180e+00   0.0000e+00   0.0000e+00   2.7888e+02
20230908_12:00:00   1.3338e-01   3.7730e+01   3.0250e+00   0.0000e+00   0.0000e+00   2.7866e+02
20230908_13:00:00   1.2457e-01   3.5667e+01   2.8198e+00   0.0000e+00   0.0000e+00   2.8148e+02
20230908_14:00:00   1.1708e-01   3.3917e+01   2.6431e+00   0.0000e+00   0.0000e+00   2.8290e+02
20230908_15:00:00   1.1133e-01   3.2536e+01   2.5151e+00   0.0000e+00   0.0000e+00   2.8337e+02
20230908_16:00:00   1.1007e-01   3.2231e+01   2.4872e+00   0.0000e+00   0.0000e+00   2.8194e+02
20230908_17:00:00   1.3353e-01   3.7803e+01   2.9975e+00   0.0000e+00   0.0000e+00   2.8040e+02
20230908_18:00:00   1.5307e-01   4.2310e+01   3.4367e+00   0.0000e+00   0.0000e+00   2.8199e+02
20230908_19:00:00   1.7794e-01   4.7900e+01   3.9837e+00   0.0000e+00   0.0000e+00   2.8316e+02
20230908_20:00:00   1.9568e-01   5.1795e+01   4.3743e+00   0.0000e+00   0.0000e+00   2.8277e+02
20230908_21:00:00   2.2013e-01   5.6963e+01   4.9214e+00   0.0000e+00   0.0000e+00   2.8229e+02
20230908_22:00:00   2.3525e-01   6.0076e+01   5.2580e+00   0.0000e+00   1.9385e-04   2.8136e+02
20230908_23:00:00   2.3584e-01   6.0213e+01   5.2934e+00   1.2412e-05   5.4932e-03   2.8081e+02
20230909_00:00:00   2.4046e-01   6.1250e+01   5.3978e+00   0.0000e+00   3.6435e-03   2.7954e+02
20230909_01:00:00   2.9073e-01   7.1326e+01   6.3305e+00   0.0000e+00   2.6672e-02   2.8027e+02
20230909_02:00:00   2.6382e-01   6.6110e+01   5.8054e+00   0.0000e+00   0.0000e+00   2.7943e+02
20230909_03:00:00   2.5531e-01   6.4377e+01   5.6223e+00   0.0000e+00   0.0000e+00   2.7892e+02
20230909_04:00:00   2.3574e-01   6.0450e+01   5.1956e+00   0.0000e+00   0.0000e+00   2.7850e+02
20230909_05:00:00   2.2953e-01   5.9228e+01   5.0384e+00   0.0000e+00   0.0000e+00   2.7791e+02
20230909_06:00:00   2.3536e-01   6.0284e+01   5.2085e+00   0.0000e+00   0.0000e+00   2.7591e+02
20230909_07:00:00   2.4421e-01   6.2104e+01   5.3755e+00   0.0000e+00   0.0000e+00   2.7444e+02
20230909_08:00:00   2.3189e-01   5.9559e+01   5.1048e+00   0.0000e+00   0.0000e+00   2.7278e+02
20230909_09:00:00   2.0812e-01   5.4450e+01   4.6292e+00   0.0000e+00   0.0000e+00   2.7169e+02
20230909_10:00:00   2.0401e-01   5.3582e+01   4.5365e+00   0.0000e+00   0.0000e+00   2.7075e+02
20230909_11:00:00   1.9159e-01   5.0944e+01   4.2671e+00   0.0000e+00   0.0000e+00   2.7064e+02
20230909_12:00:00   1.8528e-01   4.9596e+01   4.1260e+00   0.0000e+00   0.0000e+00   2.7136e+02
20230909_13:00:00   1.9092e-01   5.0798e+01   4.2420e+00   0.0000e+00   0.0000e+00   2.7201e+02
20230909_14:00:00   1.9070e-01   5.0706e+01   4.2423e+00   0.0000e+00   0.0000e+00   2.7226e+02
20230909_15:00:00   1.8886e-01   5.0226e+01   4.2238e+00   0.0000e+00   0.0000e+00   2.7294e+02
20230909_16:00:00   1.8503e-01   4.9299e+01   4.1677e+00   0.0000e+00   0.0000e+00   2.7411e+02
20230909_17:00:00   2.0108e-01   5.2666e+01   4.5486e+00   0.0000e+00   6.1160e-06   2.7442e+02
20230909_18:00:00   2.2926e-01   5.8540e+01   5.1778e+00   0.0000e+00   0.0000e+00   2.7437e+02
20230909_19:00:00   2.6403e-01   6.5532e+01   5.9287e+00   0.0000e+00   1.2468e-03   2.7311e+02
20230909_20:00:00   2.9140e-01   7.0862e+01   6.4573e+00   6.9040e-04   5.2212e-02   2.7260e+02
20230909_21:00:00   3.1156e-01   7.4690e+01   6.8513e+00   1.9270e-04   1.5820e-01   2.7127e+02
20230909_22:00:00   3.2914e-01   7.8043e+01   7.1667e+00   1.3338e-03   1.4752e-01   2.6960e+02
20230909_23:00:00   4.5657e-01   1.0001e+02   7.5672e+00   5.1004e-02   4.5292e-01   2.6906e+02
20230910_00:00:00   4.3605e-01   9.6736e+01   8.1605e+00   1.9614e-02   9.0890e-01   2.7038e+02
20230910_01:00:00   3.2300e-01   7.7433e+01   6.9623e+00   6.7340e-04   2.6732e-02   2.6963e+02
20230910_02:00:00   3.5113e-01   8.2564e+01   7.5814e+00   3.1500e-04   3.0028e-03   2.6935e+02
20230910_03:00:00   3.3469e-01   7.9637e+01   7.2189e+00   0.0000e+00   4.2860e-04   2.6876e+02
20230910_04:00:00   3.3124e-01   7.8968e+01   7.1233e+00   0.0000e+00   4.3481e-03   2.6833e+02
20230910_05:00:00   3.3484e-01   7.9615e+01   7.1730e+00   0.0000e+00   5.5236e-03   2.6895e+02
20230910_06:00:00   3.2489e-01   7.7754e+01   6.9705e+00   0.0000e+00   2.3480e-04   2.6834e+02
20230910_09:00:00   3.1154e-01   7.5193e+01   6.6139e+00   0.0000e+00   9.9978e-04   2.7087e+02
20230910_12:00:00   2.5824e-01   6.4565e+01   5.6663e+00   0.0000e+00   1.1367e-03   2.7815e+02
20230910_15:00:00   2.8069e-01   6.8652e+01   6.1833e+00   0.0000e+00   4.3955e-03   2.7797e+02
20230910_18:00:00   3.4745e-01   8.1348e+01   7.3684e+00   1.5302e-03   2.2182e-02   2.7743e+02
20230910_21:00:00   4.3868e-01   9.7548e+01   7.9206e+00   2.6632e-02   3.0746e-01   2.7726e+02
20230911_00:00:00   3.8082e-01   8.7521e+01   7.9464e+00   0.0000e+00   2.5019e-01   2.7556e+02
20230911_03:00:00   2.8185e-01   6.9292e+01   5.9852e+00   0.0000e+00   1.2292e-02   2.7619e+02
20230911_06:00:00   2.4639e-01   6.2160e+01   5.2298e+00   0.0000e+00   6.3150e-04   2.7908e+02
20230911_09:00:00   2.3151e-01   5.8972e+01   4.9762e+00   0.0000e+00   1.1566e-03   2.8177e+02
20230911_12:00:00   2.0172e-01   5.2822e+01   4.1949e+00   0.0000e+00   0.0000e+00   2.8885e+02
20230911_15:00:00   1.8815e-01   4.9842e+01   3.8874e+00   0.0000e+00   0.0000e+00   2.9570e+02
20230911_18:00:00   2.8948e-01   7.0575e+01   5.7321e+00   3.6080e-03   6.4997e-02   2.9452e+02
20230911_21:00:00   4.4947e-01   1.0007e+02   6.8457e+00   4.5497e-02   6.1225e-02   2.8889e+02
20230912_00:00:00   1.0787e+00   1.8015e+02   7.2226e+00   3.0030e-01   7.9174e-02   2.8168e+02
20230912_03:00:00   1.0107e+00   1.7388e+02   5.8177e+00   3.0485e-01   4.9630e-04   2.8456e+02
20230912_06:00:00   1.0530e+00   1.7793e+02   4.6728e+00   3.4348e-01   1.8864e-03   2.8107e+02
20230912_09:00:00   1.4395e-01   3.9855e+01   3.0557e+00   1.5920e-04   1.1414e-06   2.8238e+02
20230912_12:00:00   9.9411e-02   2.9326e+01   2.1896e+00   1.5610e-05   0.0000e+00   2.8409e+02
20230912_15:00:00   9.2739e-02   2.7562e+01   2.0699e+00   0.0000e+00   4.8940e-05   2.8553e+02
20230912_18:00:00   1.1829e-01   3.3864e+01   2.5636e+00   0.0000e+00   0.0000e+00   2.8696e+02
20230912_21:00:00   2.2757e-01   5.8382e+01   4.6905e+00   2.2860e-05   2.7172e-04   2.8679e+02
20230913_00:00:00   2.3942e-01   6.0827e+01   5.0273e+00   0.0000e+00   1.2784e-05   2.8657e+02
20230913_03:00:00   2.6750e-01   6.6184e+01   5.7115e+00   0.0000e+00   1.0688e-05   2.8772e+02
20230913_06:00:00   2.2049e-01   5.6536e+01   4.7462e+00   0.0000e+00   0.0000e+00   2.8588e+02
20230913_09:00:00   2.2017e-01   5.6355e+01   4.7509e+00   0.0000e+00   0.0000e+00   2.8824e+02
20230913_12:00:00   2.6185e-01   6.4761e+01   5.5710e+00   0.0000e+00   6.2620e-05   2.9157e+02
20230913_15:00:00   2.8431e-01   6.8811e+01   6.1363e+00   0.0000e+00   4.5724e-02   2.9168e+02
20230913_18:00:00   3.3452e-01   7.8463e+01   6.7111e+00   7.0000e-03   8.3930e-02   2.8955e+02
20230913_21:00:00   3.8113e-01   8.7389e+01   7.0172e+00   1.6633e-02   1.6926e-01   2.8922e+02
20230914_00:00:00   3.3475e-01   7.8720e+01   6.7879e+00   3.5171e-03   1.9836e-01   2.8774e+02
20230914_03:00:00   2.8417e-01   6.8846e+01   6.1730e+00   0.0000e+00   6.6382e-02   2.8640e+02
20230914_06:00:00   1.9720e-01   5.1527e+01   4.2457e+00   0.0000e+00   1.4574e-04   2.9364e+02
20230914_09:00:00   1.8491e-01   4.8899e+01   3.9386e+00   0.0000e+00   0.0000e+00   2.9338e+02
20230914_12:00:00   1.8447e-01   4.8726e+01   3.9292e+00   0.0000e+00   0.0000e+00   2.9287e+02
20230914_15:00:00   1.7444e-01   4.6608e+01   3.6933e+00   0.0000e+00   0.0000e+00   2.9290e+02
20230914_18:00:00   2.1126e-01   5.4576e+01   4.4061e+00   0.0000e+00   6.5780e-04   2.9607e+02
20230914_21:00:00   2.8870e-01   7.0114e+01   5.9083e+00   2.9457e-03   1.1348e-01   2.9439e+02
20230915_00:00:00   2.8904e-01   7.0391e+01   6.0854e+00   0.0000e+00   2.1769e-02   2.9269e+02
20230915_03:00:00   2.7260e-01   6.7357e+01   5.6583e+00   0.0000e+00   1.6579e-02   2.9293e+02
20230915_06:00:00   2.4060e-01   6.0930e+01   5.0835e+00   0.0000e+00   0.0000e+00   2.9299e+02
20230915_09:00:00   1.9179e-01   5.0817e+01   4.0461e+00   0.0000e+00   0.0000e+00   2.9352e+02
20230915_12:00:00   1.7440e-01   4.6927e+01   3.7276e+00   0.0000e+00   0.0000e+00   2.9290e+02
20230915_15:00:00   1.6870e-01   4.5538e+01   3.6602e+00   0.0000e+00   0.0000e+00   2.9089e+02
20230915_18:00:00   2.3424e-01   5.9673e+01   4.9646e+00   0.0000e+00   1.5390e-04   2.9211e+02
20230915_21:00:00   2.7222e-01   6.7397e+01   5.7224e+00   1.1708e-03   5.3230e-02   2.9021e+02
20230916_00:00:00   3.6790e-01   8.5341e+01   7.6224e+00   0.0000e+00   1.2796e-01   2.8934e+02
20230916_03:00:00   3.3035e-01   7.8520e+01   7.0030e+00   0.0000e+00   1.5017e-02   2.8281e+02
20230916_06:00:00   2.8087e-01   6.9273e+01   5.9071e+00   0.0000e+00   5.4420e-04   2.7897e+02
20230916_09:00:00   1.8657e-01   4.9948e+01   3.9361e+00   0.0000e+00   0.0000e+00   2.8014e+02
20230916_12:00:00   1.4816e-01   4.1332e+01   3.1367e+00   0.0000e+00   0.0000e+00   2.7834e+02
20230916_15:00:00   1.5772e-01   4.3423e+01   3.3482e+00   0.0000e+00   0.0000e+00   2.7919e+02
20230916_18:00:00   2.4017e-01   6.1243e+01   4.9893e+00   0.0000e+00   1.9612e-03   2.7930e+02
20230916_21:00:00   2.9889e-01   7.2872e+01   6.2568e+00   2.3119e-04   3.4889e-02   2.7420e+02
20230917_00:00:00   3.1600e-01   7.6094e+01   6.7016e+00   0.0000e+00   8.2934e-02   2.7473e+02
20230917_03:00:00   3.3708e-01   8.0121e+01   6.9513e+00   1.4930e-03   5.4085e-02   2.7571e+02
20230917_06:00:00   3.2085e-01   7.7435e+01   6.6298e+00   0.0000e+00   1.3702e-04   2.7471e+02
20230917_09:00:00   2.8471e-01   7.0227e+01   6.1427e+00   0.0000e+00   0.0000e+00   2.7455e+02
20230917_12:00:00   2.8712e-01   7.0583e+01   6.1686e+00   0.0000e+00   0.0000e+00   2.7390e+02
20230917_15:00:00   2.7931e-01   6.9056e+01   5.9535e+00   0.0000e+00   0.0000e+00   2.7472e+02
20230917_18:00:00   2.6825e-01   6.6981e+01   5.6043e+00   5.5060e-05   4.2580e-04   2.7423e+02
20230917_21:00:00   2.5512e-01   6.4013e+01   5.4215e+00   2.5200e-03   1.0594e-02   2.7968e+02
20230918_00:00:00   1.8761e-01   4.9858e+01   4.1993e+00   0.0000e+00   6.4200e-03   2.7957e+02
20230918_03:00:00   2.3399e-01   5.9619e+01   5.1565e+00   0.0000e+00   1.4500e-02   2.8118e+02
20230918_06:00:00   2.7966e-01   6.9007e+01   5.9138e+00   0.0000e+00   1.7346e-04   2.8253e+02
20230918_09:00:00   2.3598e-01   6.0179e+01   4.9845e+00   0.0000e+00   9.7800e-05   2.8505e+02
20230918_12:00:00   2.3486e-01   5.9781e+01   4.9496e+00   0.0000e+00   2.6030e-03   2.8918e+02
20230918_15:00:00   2.4257e-01   6.1238e+01   5.1032e+00   0.0000e+00   1.0360e-03   2.8498e+02
20230918_18:00:00   5.2885e-01   1.1237e+02   7.1775e+00   7.6572e-02   1.8308e-01   2.7964e+02
20230918_21:00:00   3.5444e-01   8.2878e+01   7.2487e+00   3.3301e-03   6.6366e-02   2.7953e+02
20230919_00:00:00   3.6737e-01   8.5425e+01   7.5420e+00   7.0040e-04   4.8480e-02   2.7935e+02
20230919_03:00:00   4.2073e-01   9.4508e+01   8.4493e+00   3.2920e-03   2.1503e-01   2.7822e+02
20230919_06:00:00   3.2307e-01   7.7247e+01   6.8030e+00   0.0000e+00   7.4683e-03   2.7903e+02
20230919_09:00:00   2.5703e-01   6.4588e+01   5.3652e+00   0.0000e+00   0.0000e+00   2.7899e+02
20230919_12:00:00   2.0573e-01   5.3884e+01   4.3583e+00   0.0000e+00   0.0000e+00   2.8117e+02
20230919_15:00:00   2.0346e-01   5.3395e+01   4.2699e+00   0.0000e+00   0.0000e+00   2.8063e+02
20230919_18:00:00   2.8171e-01   6.9575e+01   5.6559e+00   2.0520e-03   9.5180e-04   2.8279e+02
20230919_21:00:00   3.2066e-01   7.7266e+01   6.5332e+00   3.9040e-04   1.9853e-02   2.8698e+02
20230920_00:00:00   3.6013e-01   8.4656e+01   7.3003e+00   0.0000e+00   1.5237e-02   2.8563e+02
20230920_03:00:00   3.7465e-01   8.7151e+01   7.6912e+00   0.0000e+00   4.7844e-03   2.8592e+02
20230920_06:00:00   2.9684e-01   7.2678e+01   6.2000e+00   0.0000e+00   0.0000e+00   2.8446e+02
20230920_09:00:00   2.7723e-01   6.8660e+01   5.8752e+00   0.0000e+00   0.0000e+00   2.8323e+02
20230920_12:00:00   2.4360e-01   6.1797e+01   5.2202e+00   0.0000e+00   0.0000e+00   2.8167e+02
20230920_15:00:00   2.2221e-01   5.7349e+01   4.7620e+00   0.0000e+00   0.0000e+00   2.8142e+02
20230920_18:00:00   2.9359e-01   7.1932e+01   5.9299e+00   4.3400e-03   1.1286e-03   2.8391e+02
20230920_21:00:00   3.4994e-01   8.2787e+01   7.1817e+00   1.2430e-03   3.3225e-02   2.8313e+02
20230921_00:00:00   3.4050e-01   8.1248e+01   7.0328e+00   0.0000e+00   1.4429e-03   2.8477e+02
20230921_03:00:00   3.2326e-01   7.7525e+01   6.8985e+00   0.0000e+00   3.3580e-05   2.8712e+02
20230921_06:00:00   2.5567e-01   6.4338e+01   5.5407e+00   0.0000e+00   0.0000e+00   2.8698e+02
