#            date       tau255        Tb[K]      pwv[mm] lwp[kg*m^-2] iwp[kg*m^-2]       o3[DU]
20201201_06:00:00   1.9761e-01   4.8462e+01   2.2993e+00   0.0000e+00   8.4452e-04   3.1053e+02
20201201_07:00:00   2.0169e-01   4.9255e+01   2.3652e+00   0.0000e+00   2.9151e-03   3.0645e+02
20201201_08:00:00   2.0401e-01   4.9712e+01   2.3959e+00   0.0000e+00   2.8576e-03   3.0351e+02
20201201_09:00:00   2.0232e-01   4.9405e+01   2.3744e+00   0.0000e+00   1.3901e-03   3.0070e+02
20201201_10:00:00   1.9948e-01   4.8847e+01   2.3401e+00   0.0000e+00   1.1459e-03   2.9659e+02
20201201_11:00:00   1.9983e-01   4.8927e+01   2.3510e+00   0.0000e+00   9.2386e-04   2.9275e+02
20201201_12:00:00   2.0185e-01   4.9325e+01   2.3846e+00   0.0000e+00   1.8527e-03   2.9156e+02
20201201_13:00:00   2.0523e-01   4.9980e+01   2.4376e+00   0.0000e+00   4.9632e-03   2.9413e+02
20201201_14:00:00   2.0790e-01   5.0489e+01   2.4675e+00   0.0000e+00   1.3255e-02   2.9816e+02
20201201_15:00:00   2.1116e-01   5.1124e+01   2.4967e+00   0.0000e+00   3.2578e-02   2.9947e+02
20201201_16:00:00   2.1472e-01   5.1813e+01   2.5265e+00   0.0000e+00   4.9852e-02   2.9940e+02
20201201_17:00:00   2.2121e-01   5.3091e+01   2.5924e+00   0.0000e+00   6.7578e-02   2.9843e+02
20201201_18:00:00   2.2786e-01   5.4404e+01   2.6616e+00   0.0000e+00   7.5653e-02   2.9753e+02
20201201_19:00:00   2.2775e-01   5.4353e+01   2.6424e+00   0.0000e+00   9.0723e-02   2.9348e+02
20201201_20:00:00   2.2786e-01   5.4362e+01   2.6331e+00   0.0000e+00   9.9355e-02   2.8974e+02
20201201_21:00:00   2.2801e-01   5.4377e+01   2.6247e+00   0.0000e+00   1.1421e-01   2.8770e+02
20201201_22:00:00   2.2553e-01   5.3883e+01   2.5869e+00   0.0000e+00   1.1882e-01   2.8757e+02
20201201_23:00:00   2.2022e-01   5.2889e+01   2.5097e+00   0.0000e+00   1.0441e-01   2.8543e+02
20201202_00:00:00   2.1793e-01   5.2466e+01   2.4722e+00   0.0000e+00   9.8575e-02   2.8293e+02
20201202_01:00:00   2.1786e-01   5.2440e+01   2.4746e+00   0.0000e+00   9.2291e-02   2.8162e+02
20201202_02:00:00   2.1616e-01   5.2115e+01   2.4557e+00   0.0000e+00   7.1373e-02   2.8192e+02
20201202_03:00:00   2.1532e-01   5.1955e+01   2.4354e+00   0.0000e+00   8.2802e-02   2.8422e+02
20201202_04:00:00   2.1588e-01   5.2103e+01   2.4425e+00   0.0000e+00   7.6120e-02   2.8605e+02
20201202_05:00:00   2.1508e-01   5.1977e+01   2.4283e+00   0.0000e+00   6.6398e-02   2.8589e+02
20201202_06:00:00   2.1543e-01   5.2105e+01   2.4313e+00   0.0000e+00   6.2194e-02   2.8481e+02
20201202_07:00:00   2.1702e-01   5.2472e+01   2.4552e+00   0.0000e+00   5.4300e-02   2.8429e+02
20201202_08:00:00   2.1796e-01   5.2706e+01   2.4698e+00   0.0000e+00   4.8631e-02   2.8032e+02
20201202_09:00:00   2.2096e-01   5.3363e+01   2.5123e+00   0.0000e+00   4.4309e-02   2.7944e+02
20201202_10:00:00   2.2629e-01   5.4463e+01   2.5902e+00   0.0000e+00   4.8271e-02   2.8166e+02
20201202_11:00:00   2.3340e-01   5.5866e+01   2.7043e+00   0.0000e+00   5.1115e-02   2.7998e+02
20201202_12:00:00   2.4117e-01   5.7378e+01   2.8189e+00   0.0000e+00   7.9052e-02   2.8179e+02
20201202_13:00:00   2.4873e-01   5.8896e+01   2.9167e+00   0.0000e+00   1.0075e-01   2.8190e+02
20201202_14:00:00   2.5583e-01   6.0336e+01   3.0125e+00   0.0000e+00   1.1335e-01   2.8263e+02
20201202_15:00:00   2.6083e-01   6.1337e+01   3.0783e+00   0.0000e+00   1.2621e-01   2.8410e+02
20201202_16:00:00   2.6459e-01   6.2062e+01   3.1153e+00   0.0000e+00   1.5685e-01   2.8727e+02
20201202_17:00:00   2.6755e-01   6.2607e+01   3.1461e+00   0.0000e+00   1.6356e-01   2.9124e+02
20201202_18:00:00   2.6786e-01   6.2614e+01   3.1435e+00   0.0000e+00   1.5885e-01   2.9346e+02
20201202_19:00:00   2.6770e-01   6.2569e+01   3.1401e+00   0.0000e+00   1.6113e-01   2.9507e+02
20201202_20:00:00   2.6566e-01   6.2189e+01   3.1271e+00   0.0000e+00   1.4015e-01   2.9838e+02
20201202_21:00:00   2.6341e-01   6.1760e+01   3.0985e+00   0.0000e+00   1.4657e-01   2.9790e+02
20201202_22:00:00   2.6522e-01   6.2132e+01   3.1262e+00   0.0000e+00   1.4479e-01   2.9787e+02
20201202_23:00:00   2.6712e-01   6.2498e+01   3.1231e+00   0.0000e+00   1.9993e-01   2.9945e+02
20201203_00:00:00   2.6721e-01   6.2531e+01   3.1077e+00   0.0000e+00   2.2315e-01   2.9819e+02
20201203_01:00:00   2.6748e-01   6.2620e+01   3.1124e+00   0.0000e+00   2.1314e-01   2.9962e+02
20201203_02:00:00   2.6635e-01   6.2461e+01   3.1178e+00   0.0000e+00   1.6950e-01   3.0134e+02
20201203_03:00:00   2.6356e-01   6.1935e+01   3.0922e+00   0.0000e+00   1.4758e-01   3.0075e+02
20201203_04:00:00   2.6275e-01   6.1756e+01   3.0752e+00   0.0000e+00   1.4864e-01   2.9710e+02
20201203_05:00:00   2.6064e-01   6.1361e+01   3.0446e+00   0.0000e+00   1.3932e-01   2.9572e+02
20201203_06:00:00   2.5861e-01   6.1015e+01   3.0145e+00   0.0000e+00   1.3993e-01   2.9628e+02
20201203_07:00:00   2.5634e-01   6.0612e+01   2.9881e+00   0.0000e+00   1.1578e-01   2.9761e+02
20201203_08:00:00   2.5542e-01   6.0432e+01   2.9675e+00   0.0000e+00   1.1347e-01   2.9885e+02
20201203_09:00:00   2.5425e-01   6.0169e+01   2.9375e+00   0.0000e+00   1.2090e-01   2.9975e+02
20201203_10:00:00   2.5255e-01   5.9845e+01   2.9081e+00   0.0000e+00   1.1354e-01   2.9869e+02
20201203_11:00:00   2.5065e-01   5.9486e+01   2.8779e+00   0.0000e+00   1.0993e-01   2.9807e+02
20201203_12:00:00   2.5135e-01   5.9623e+01   2.8787e+00   0.0000e+00   1.2041e-01   2.9844e+02
20201203_13:00:00   2.5379e-01   6.0121e+01   2.9096e+00   0.0000e+00   1.2100e-01   2.9912e+02
20201203_14:00:00   2.5463e-01   6.0313e+01   2.9255e+00   0.0000e+00   1.0671e-01   2.9833e+02
20201203_15:00:00   2.5490e-01   6.0393e+01   2.9258e+00   0.0000e+00   1.0348e-01   2.9575e+02
20201203_16:00:00   2.4999e-01   5.9468e+01   2.8548e+00   0.0000e+00   8.5501e-02   2.9488e+02
20201203_17:00:00   2.4487e-01   5.8511e+01   2.7791e+00   0.0000e+00   7.3056e-02   2.9425e+02
20201203_18:00:00   2.3810e-01   5.7215e+01   2.6833e+00   0.0000e+00   5.5927e-02   2.9289e+02
20201203_19:00:00   2.3266e-01   5.6152e+01   2.6055e+00   0.0000e+00   4.5792e-02   2.9128e+02
20201203_20:00:00   2.2633e-01   5.4889e+01   2.5158e+00   0.0000e+00   3.6727e-02   2.8908e+02
20201203_21:00:00   2.1971e-01   5.3568e+01   2.4254e+00   0.0000e+00   2.4331e-02   2.9058e+02
20201203_22:00:00   2.1295e-01   5.2211e+01   2.3335e+00   0.0000e+00   1.3946e-02   2.9212e+02
20201203_23:00:00   2.0506e-01   5.0624e+01   2.2264e+00   0.0000e+00   1.0384e-02   2.9213e+02
20201204_00:00:00   1.9659e-01   4.8892e+01   2.1110e+00   0.0000e+00   9.7438e-03   2.9416e+02
20201204_01:00:00   1.8906e-01   4.7337e+01   2.0093e+00   0.0000e+00   7.7311e-03   2.9794e+02
20201204_02:00:00   1.8204e-01   4.5882e+01   1.9165e+00   0.0000e+00   5.8925e-03   3.0242e+02
20201204_03:00:00   1.7627e-01   4.4683e+01   1.8410e+00   0.0000e+00   3.2649e-03   3.0381e+02
20201204_04:00:00   1.7079e-01   4.3533e+01   1.7692e+00   0.0000e+00   2.8253e-03   3.0456e+02
20201204_05:00:00   1.6661e-01   4.2632e+01   1.7130e+00   0.0000e+00   3.2631e-03   3.0091e+02
20201204_06:00:00   1.6172e-01   4.1581e+01   1.6501e+00   0.0000e+00   2.8201e-03   3.0004e+02
20201204_07:00:00   1.5856e-01   4.0895e+01   1.6104e+00   0.0000e+00   2.3077e-03   3.0336e+02
20201204_08:00:00   1.5596e-01   4.0330e+01   1.5786e+00   0.0000e+00   1.4635e-03   3.0917e+02
20201204_09:00:00   1.5383e-01   3.9862e+01   1.5524e+00   0.0000e+00   1.3619e-03   3.1617e+02
20201204_10:00:00   1.5263e-01   3.9595e+01   1.5386e+00   0.0000e+00   1.2276e-03   3.1967e+02
20201204_11:00:00   1.5164e-01   3.9362e+01   1.5284e+00   0.0000e+00   1.0794e-03   3.1942e+02
20201204_12:00:00   1.5032e-01   3.9061e+01   1.5147e+00   0.0000e+00   7.8081e-04   3.1911e+02
20201204_13:00:00   1.4881e-01   3.8731e+01   1.4984e+00   0.0000e+00   6.0014e-04   3.2033e+02
20201204_14:00:00   1.4677e-01   3.8290e+01   1.4752e+00   0.0000e+00   1.6136e-04   3.2311e+02
20201204_15:00:00   1.4522e-01   3.7944e+01   1.4580e+00   0.0000e+00   9.8832e-05   3.2738e+02
20201204_16:00:00   1.4425e-01   3.7721e+01   1.4479e+00   0.0000e+00   8.6210e-05   3.2948e+02
20201204_17:00:00   1.4376e-01   3.7594e+01   1.4440e+00   0.0000e+00   5.9703e-05   3.3068e+02
20201204_18:00:00   1.4306e-01   3.7423e+01   1.4355e+00   0.0000e+00   4.8853e-05   3.3132e+02
20201204_19:00:00   1.4346e-01   3.7473e+01   1.4419e+00   0.0000e+00   1.2504e-05   3.3010e+02
20201204_20:00:00   1.4423e-01   3.7612e+01   1.4514e+00   0.0000e+00   1.0463e-05   3.3119e+02
20201204_21:00:00   1.4534e-01   3.7832e+01   1.4653e+00   0.0000e+00   1.1363e-05   3.3364e+02
20201204_22:00:00   1.4586e-01   3.7920e+01   1.4725e+00   0.0000e+00   1.0469e-05   3.3497e+02
20201204_23:00:00   1.4456e-01   3.7635e+01   1.4561e+00   0.0000e+00   7.8662e-06   3.3528e+02
20201205_00:00:00   1.4232e-01   3.7152e+01   1.4264e+00   0.0000e+00   7.8872e-06   3.3720e+02
20201205_01:00:00   1.4043e-01   3.6738e+01   1.4007e+00   0.0000e+00   7.3592e-06   3.3831e+02
20201205_02:00:00   1.3992e-01   3.6632e+01   1.3949e+00   0.0000e+00   6.4826e-06   3.3654e+02
20201205_03:00:00   1.3843e-01   3.6305e+01   1.3759e+00   0.0000e+00   1.8967e-06   3.3726e+02
20201205_04:00:00   1.3633e-01   3.5848e+01   1.3480e+00   0.0000e+00   2.4305e-06   3.3628e+02
20201205_05:00:00   1.3424e-01   3.5403e+01   1.3228e+00   0.0000e+00   2.6875e-06   3.3433e+02
20201205_06:00:00   1.3253e-01   3.5035e+01   1.3045e+00   0.0000e+00   2.9110e-06   3.3291e+02
20201205_07:00:00   1.3057e-01   3.4616e+01   1.2801e+00   0.0000e+00   4.2314e-06   3.3241e+02
20201205_08:00:00   1.2874e-01   3.4226e+01   1.2581e+00   0.0000e+00   4.3810e-06   3.3098e+02
20201205_09:00:00   1.2784e-01   3.4025e+01   1.2464e+00   0.0000e+00   3.2812e-06   3.3148e+02
20201205_10:00:00   1.2630e-01   3.3691e+01   1.2261e+00   0.0000e+00   3.2861e-06   3.3165e+02
20201205_11:00:00   1.2524e-01   3.3459e+01   1.2133e+00   0.0000e+00   3.1886e-06   3.3244e+02
20201205_12:00:00   1.2438e-01   3.3272e+01   1.2023e+00   0.0000e+00   4.4764e-06   3.3336e+02
20201205_13:00:00   1.2384e-01   3.3146e+01   1.1940e+00   0.0000e+00   8.0720e-06   3.3320e+02
20201205_14:00:00   1.2395e-01   3.3154e+01   1.1934e+00   0.0000e+00   3.6282e-06   3.3271e+02
20201205_15:00:00   1.2412e-01   3.3168e+01   1.1936e+00   0.0000e+00   2.6083e-06   3.3323e+02
20201205_16:00:00   1.2453e-01   3.3239e+01   1.1966e+00   0.0000e+00   3.9773e-06   3.3381e+02
20201205_17:00:00   1.2581e-01   3.3501e+01   1.2099e+00   0.0000e+00   3.6831e-06   3.3436e+02
20201205_18:00:00   1.2760e-01   3.3866e+01   1.2283e+00   0.0000e+00   2.0908e-05   3.3691e+02
20201205_19:00:00   1.2942e-01   3.4241e+01   1.2494e+00   0.0000e+00   1.2469e-04   3.3625e+02
20201205_20:00:00   1.3010e-01   3.4373e+01   1.2570e+00   0.0000e+00   4.3083e-04   3.3551e+02
20201205_21:00:00   1.3159e-01   3.4681e+01   1.2778e+00   0.0000e+00   5.8078e-04   3.3419e+02
20201205_22:00:00   1.4104e-01   3.6654e+01   1.4089e+00   0.0000e+00   6.8624e-04   3.3168e+02
20201205_23:00:00   1.4910e-01   3.8348e+01   1.5226e+00   0.0000e+00   1.3063e-03   3.2993e+02
20201206_00:00:00   1.5277e-01   3.9123e+01   1.5799e+00   0.0000e+00   2.0952e-03   3.2843e+02
20201206_01:00:00   1.5336e-01   3.9233e+01   1.5890e+00   0.0000e+00   1.7019e-03   3.2631e+02
20201206_02:00:00   1.5409e-01   3.9352e+01   1.5969e+00   0.0000e+00   1.4237e-03   3.2585e+02
20201206_03:00:00   1.5289e-01   3.9102e+01   1.5806e+00   0.0000e+00   1.0802e-03   3.2406e+02
20201206_04:00:00   1.4937e-01   3.8406e+01   1.5377e+00   0.0000e+00   3.1289e-04   3.2130e+02
20201206_05:00:00   1.4562e-01   3.7660e+01   1.4973e+00   0.0000e+00   4.8037e-05   3.1994e+02
20201206_06:00:00   1.4230e-01   3.6985e+01   1.4622e+00   0.0000e+00   6.5535e-06   3.1948e+02
20201206_09:00:00   1.3786e-01   3.6107e+01   1.4281e+00   0.0000e+00   3.7429e-06   3.2137e+02
20201206_12:00:00   1.4105e-01   3.6840e+01   1.4941e+00   0.0000e+00   0.0000e+00   3.1916e+02
20201206_15:00:00   1.4693e-01   3.8126e+01   1.5842e+00   0.0000e+00   7.1130e-06   3.1774e+02
20201206_18:00:00   1.3450e-01   3.5518e+01   1.3984e+00   0.0000e+00   1.7960e-06   3.1544e+02
20201206_21:00:00   1.3219e-01   3.5065e+01   1.3595e+00   0.0000e+00   3.5920e-06   3.1636e+02
20201207_00:00:00   1.3068e-01   3.4784e+01   1.3427e+00   0.0000e+00   0.0000e+00   3.2298e+02
20201207_03:00:00   1.2985e-01   3.4633e+01   1.3388e+00   0.0000e+00   0.0000e+00   3.1473e+02
20201207_06:00:00   1.2766e-01   3.4181e+01   1.3167e+00   0.0000e+00   0.0000e+00   3.1277e+02
20201207_09:00:00   1.2663e-01   3.3977e+01   1.3105e+00   0.0000e+00   0.0000e+00   3.0898e+02
20201207_12:00:00   1.2349e-01   3.3311e+01   1.2635e+00   0.0000e+00   0.0000e+00   3.0510e+02
20201207_15:00:00   1.1706e-01   3.1918e+01   1.1689e+00   0.0000e+00   0.0000e+00   3.0095e+02
20201207_18:00:00   1.2358e-01   3.3317e+01   1.2724e+00   0.0000e+00   0.0000e+00   2.9967e+02
20201207_21:00:00   2.0081e-01   4.9485e+01   2.3991e+00   0.0000e+00   2.5493e-03   2.9667e+02
20201208_00:00:00   2.8187e-01   6.5193e+01   3.5756e+00   0.0000e+00   6.8535e-02   3.0341e+02
20201208_03:00:00   3.0273e-01   6.9208e+01   3.8446e+00   0.0000e+00   1.7941e-01   3.0111e+02
20201208_06:00:00   3.0987e-01   7.0590e+01   3.9446e+00   0.0000e+00   2.0994e-01   3.0256e+02
20201208_09:00:00   3.1107e-01   7.0863e+01   3.9644e+00   0.0000e+00   1.8159e-01   3.0456e+02
20201208_12:00:00   3.1390e-01   7.1432e+01   3.9948e+00   0.0000e+00   1.9354e-01   3.0375e+02
20201208_15:00:00   3.0320e-01   6.9344e+01   3.8378e+00   0.0000e+00   1.7959e-01   3.0636e+02
20201208_18:00:00   2.9466e-01   6.7700e+01   3.7244e+00   0.0000e+00   1.2042e-01   3.1180e+02
20201208_21:00:00   2.9897e-01   6.8597e+01   3.8022e+00   0.0000e+00   8.1977e-02   3.1485e+02
20201209_00:00:00   3.2093e-01   7.2899e+01   4.0737e+00   0.0000e+00   2.4814e-01   3.1478e+02
20201209_03:00:00   3.4189e-01   7.6998e+01   4.3689e+00   0.0000e+00   3.1868e-01   3.1920e+02
20201209_06:00:00   3.1664e-01   7.2077e+01   4.0032e+00   0.0000e+00   3.3762e-01   3.2053e+02
20201209_09:00:00   2.3015e-01   5.4966e+01   2.7077e+00   0.0000e+00   1.6353e-01   3.2343e+02
20201209_12:00:00   1.5190e-01   3.8789e+01   1.5754e+00   0.0000e+00   9.8212e-04   3.2703e+02
20201209_15:00:00   1.4204e-01   3.6557e+01   1.4128e+00   0.0000e+00   1.1619e-03   3.2731e+02
20201209_18:00:00   1.4593e-01   3.7349e+01   1.4667e+00   0.0000e+00   2.9878e-03   3.2302e+02
20201209_21:00:00   1.6176e-01   4.0678e+01   1.6968e+00   0.0000e+00   4.3144e-03   3.1840e+02
20201210_00:00:00   1.6853e-01   4.2177e+01   1.8190e+00   0.0000e+00   6.6933e-04   3.1407e+02
20201210_03:00:00   1.7066e-01   4.2726e+01   1.8823e+00   0.0000e+00   2.5708e-04   3.1033e+02
20201210_06:00:00   1.6615e-01   4.1942e+01   1.8673e+00   0.0000e+00   4.0895e-05   3.0094e+02
20201210_09:00:00   1.6368e-01   4.1544e+01   1.8795e+00   0.0000e+00   1.8398e-03   2.9592e+02
20201210_12:00:00   1.5945e-01   4.0782e+01   1.8604e+00   0.0000e+00   1.6180e-04   2.9101e+02
20201210_15:00:00   1.5605e-01   4.0170e+01   1.8464e+00   0.0000e+00   5.9776e-04   2.9019e+02
20201210_18:00:00   1.5760e-01   4.0575e+01   1.9122e+00   0.0000e+00   6.8690e-03   2.9293e+02
20201210_21:00:00   1.8223e-01   4.5733e+01   2.3451e+00   0.0000e+00   1.8594e-02   2.9271e+02
20201211_00:00:00   2.2486e-01   5.4369e+01   2.9997e+00   0.0000e+00   5.3688e-02   2.9099e+02
20201211_03:00:00   2.5965e-01   6.1257e+01   3.4611e+00   0.0000e+00   5.1373e-02   2.8857e+02
20201211_06:00:00   2.6429e-01   6.2399e+01   3.4410e+00   0.0000e+00   2.0275e-02   2.9028e+02
20201211_09:00:00   2.7839e-01   6.5242e+01   3.6190e+00   0.0000e+00   2.7053e-03   2.8853e+02
20201211_12:00:00   2.6955e-01   6.3646e+01   3.5121e+00   0.0000e+00   7.0467e-04   2.8639e+02
20201211_15:00:00   2.7448e-01   6.4693e+01   3.6020e+00   0.0000e+00   1.2515e-03   2.8792e+02
20201211_18:00:00   3.1443e-01   7.2401e+01   4.1543e+00   0.0000e+00   3.3878e-03   2.8777e+02
20201211_21:00:00   3.6184e-01   8.1131e+01   4.8534e+00   0.0000e+00   9.2237e-03   2.8785e+02
20201212_00:00:00   4.1420e-01   9.0281e+01   5.6624e+00   0.0000e+00   5.5986e-02   2.8414e+02
20201212_03:00:00   4.3744e-01   9.4408e+01   6.0570e+00   0.0000e+00   1.0274e-01   2.8766e+02
20201212_06:00:00   5.1976e-01   1.0804e+02   7.0935e+00   0.0000e+00   3.9372e-01   2.8918e+02
20201212_09:00:00   5.7971e-01   1.1787e+02   7.9597e+00   0.0000e+00   3.8943e-01   2.9167e+02
20201212_12:00:00   5.9030e-01   1.1986e+02   8.1870e+00   0.0000e+00   2.8587e-01   2.9189e+02
20201212_15:00:00   5.7053e-01   1.1692e+02   7.9434e+00   0.0000e+00   1.3743e-01   2.9460e+02
20201212_18:00:00   5.4957e-01   1.1380e+02   7.6391e+00   0.0000e+00   6.0332e-02   2.9493e+02
20201212_21:00:00   5.2558e-01   1.0999e+02   7.2308e+00   0.0000e+00   5.3304e-02   2.9474e+02
20201213_00:00:00   4.8464e-01   1.0334e+02   6.6070e+00   0.0000e+00   4.7920e-02   2.9528e+02
20201213_03:00:00   4.6432e-01   9.9730e+01   6.2822e+00   0.0000e+00   8.8991e-03   2.9168e+02
20201213_06:00:00   3.7732e-01   8.4018e+01   5.1448e+00   0.0000e+00   3.8930e-02   2.9043e+02
20201213_09:00:00   3.7080e-01   8.2714e+01   5.0047e+00   0.0000e+00   4.0090e-02   2.8787e+02
20201213_12:00:00   3.8141e-01   8.4560e+01   5.1637e+00   0.0000e+00   4.2667e-02   2.8352e+02
20201213_15:00:00   4.0684e-01   8.8833e+01   5.5528e+00   0.0000e+00   7.2467e-02   2.8006e+02
20201213_18:00:00   4.1421e-01   9.0088e+01   5.7429e+00   0.0000e+00   2.6026e-02   2.7468e+02
20201213_21:00:00   4.0708e-01   8.9167e+01   5.6930e+00   0.0000e+00   1.8070e-02   2.7085e+02
20201214_00:00:00   4.6146e-01   9.8575e+01   6.5113e+00   0.0000e+00   1.7975e-02   2.7118e+02
20201214_03:00:00   4.9576e-01   1.0458e+02   7.0296e+00   0.0000e+00   7.0230e-03   2.7101e+02
20201214_06:00:00   5.2463e-01   1.0951e+02   7.4983e+00   0.0000e+00   1.5257e-02   2.7004e+02
20201214_09:00:00   5.5106e-01   1.1391e+02   7.8970e+00   0.0000e+00   4.0773e-02   2.5859e+02
20201214_12:00:00   5.6267e-01   1.1593e+02   8.0755e+00   0.0000e+00   3.7735e-02   2.5177e+02
20201214_15:00:00   5.2700e-01   1.1031e+02   7.5849e+00   0.0000e+00   8.3807e-02   2.5340e+02
20201214_18:00:00   4.4580e-01   9.7297e+01   6.5019e+00   0.0000e+00   1.6754e-02   2.5933e+02
20201214_21:00:00   4.4283e-01   9.6906e+01   6.4778e+00   0.0000e+00   1.0552e-01   2.6444e+02
20201215_00:00:00   4.3976e-01   9.6729e+01   6.5003e+00   0.0000e+00   2.9506e-02   2.6441e+02
20201215_03:00:00   4.3535e-01   9.6151e+01   6.5456e+00   0.0000e+00   2.9964e-02   2.5747e+02
20201215_06:00:00   3.9585e-01   8.9877e+01   6.0373e+00   0.0000e+00   1.7674e-02   2.5696e+02
20201215_09:00:00   3.3528e-01   7.9146e+01   5.1264e+00   0.0000e+00   2.3623e-02   2.5551e+02
20201215_12:00:00   3.5918e-01   8.3420e+01   5.6204e+00   0.0000e+00   8.0569e-02   2.4326e+02
20201215_15:00:00   4.0136e-01   9.0966e+01   6.3057e+00   0.0000e+00   1.5502e-01   2.4024e+02
20201215_18:00:00   6.1009e-01   1.2352e+02   9.5226e+00   0.0000e+00   2.5068e-02   2.4229e+02
20201215_21:00:00   5.1905e-01   1.1004e+02   8.0312e+00   0.0000e+00   7.8754e-03   2.3764e+02
20201216_00:00:00   5.5195e-01   1.1530e+02   8.2682e+00   0.0000e+00   8.8653e-04   2.3831e+02
20201216_03:00:00   5.5571e-01   1.1570e+02   8.0622e+00   0.0000e+00   3.1949e-02   2.4653e+02
20201216_06:00:00   5.0945e-01   1.0709e+02   7.1381e+00   1.8274e-05   1.5477e-01   2.6722e+02
20201216_09:00:00   4.6895e-01   1.0047e+02   6.3957e+00   0.0000e+00   1.5712e-01   2.7859e+02
20201216_12:00:00   4.1908e-01   9.2050e+01   5.6167e+00   0.0000e+00   6.8755e-02   2.8147e+02
20201216_15:00:00   3.5641e-01   8.1642e+01   4.4979e+00   3.2163e-04   1.2338e-02   2.7769e+02
20201216_18:00:00   3.3685e-01   7.7818e+01   4.3088e+00   2.7220e-04   1.0103e-02   2.7235e+02
20201216_21:00:00   4.2872e-01   9.3845e+01   5.5495e+00   0.0000e+00   1.5164e-01   2.8207e+02
20201217_00:00:00   3.8514e-01   8.6633e+01   4.9256e+00   5.4817e-05   3.6736e-02   2.9056e+02
20201217_03:00:00   2.5337e-01   6.1356e+01   3.0757e+00   1.1548e-03   1.7418e-03   2.9001e+02
20201217_06:00:00   2.8761e-01   6.7394e+01   3.7274e+00   5.6120e-06   4.9561e-03   2.9070e+02
