#            date       tau255        Tb[K]      pwv[mm] lwp[kg*m^-2] iwp[kg*m^-2]       o3[DU]
20200719_00:00:00   1.0153e+00   1.7710e+02   1.6595e+01   0.0000e+00   8.9476e-04   2.7353e+02
20200719_01:00:00   9.9437e-01   1.7494e+02   1.6309e+01   0.0000e+00   6.7227e-04   2.7256e+02
20200719_02:00:00   9.6754e-01   1.7204e+02   1.5989e+01   0.0000e+00   9.6146e-04   2.7376e+02
20200719_03:00:00   9.3327e-01   1.6823e+02   1.5527e+01   0.0000e+00   3.8421e-03   2.7538e+02
20200719_04:00:00   9.0366e-01   1.6486e+02   1.5078e+01   0.0000e+00   4.6356e-03   2.7604e+02
20200719_05:00:00   8.7425e-01   1.6148e+02   1.4624e+01   0.0000e+00   4.4591e-03   2.7627e+02
20200719_06:00:00   8.4569e-01   1.5812e+02   1.4191e+01   0.0000e+00   6.6948e-03   2.7632e+02
20200719_07:00:00   8.2575e-01   1.5565e+02   1.3897e+01   0.0000e+00   8.6433e-03   2.7605e+02
20200719_08:00:00   8.0768e-01   1.5339e+02   1.3672e+01   0.0000e+00   6.4198e-03   2.7599e+02
20200719_09:00:00   7.9702e-01   1.5200e+02   1.3530e+01   0.0000e+00   4.5252e-02   2.7574e+02
20200719_10:00:00   8.2106e-01   1.5471e+02   1.3904e+01   0.0000e+00   1.5964e-01   2.7603e+02
20200719_11:00:00   8.3182e-01   1.5597e+02   1.4090e+01   0.0000e+00   8.0267e-02   2.7596e+02
20200719_12:00:00   8.3162e-01   1.5598e+02   1.4085e+01   0.0000e+00   4.4771e-02   2.7604e+02
20200719_13:00:00   8.3479e-01   1.5644e+02   1.4117e+01   0.0000e+00   3.3669e-02   2.7626e+02
20200719_14:00:00   8.3486e-01   1.5653e+02   1.4098e+01   0.0000e+00   1.9594e-02   2.7634e+02
20200719_15:00:00   8.4142e-01   1.5733e+02   1.4186e+01   0.0000e+00   2.8223e-02   2.7628e+02
20200719_16:00:00   8.4830e-01   1.5813e+02   1.4286e+01   0.0000e+00   2.4952e-02   2.7631e+02
20200719_17:00:00   8.5074e-01   1.5840e+02   1.4315e+01   0.0000e+00   1.4722e-02   2.7649e+02
20200719_18:00:00   8.5471e-01   1.5888e+02   1.4351e+01   0.0000e+00   1.0512e-02   2.7680e+02
20200719_19:00:00   8.4940e-01   1.5831e+02   1.4223e+01   0.0000e+00   1.2057e-02   2.7767e+02
20200719_20:00:00   8.4092e-01   1.5735e+02   1.4042e+01   0.0000e+00   2.6245e-02   2.7927e+02
20200719_21:00:00   8.3945e-01   1.5723e+02   1.3967e+01   0.0000e+00   3.4670e-02   2.8092e+02
20200719_22:00:00   8.4347e-01   1.5771e+02   1.4039e+01   0.0000e+00   2.1432e-02   2.8206e+02
20200719_23:00:00   8.5468e-01   1.5898e+02   1.4222e+01   0.0000e+00   2.5664e-02   2.8307e+02
20200720_00:00:00   8.7026e-01   1.6075e+02   1.4466e+01   0.0000e+00   2.0618e-02   2.8399e+02
20200720_01:00:00   8.8470e-01   1.6233e+02   1.4710e+01   0.0000e+00   5.9484e-03   2.8442e+02
20200720_02:00:00   8.9595e-01   1.6353e+02   1.4862e+01   0.0000e+00   7.2835e-03   2.8425e+02
20200720_03:00:00   9.0737e-01   1.6471e+02   1.5049e+01   0.0000e+00   3.5077e-03   2.8401e+02
20200720_04:00:00   9.1909e-01   1.6592e+02   1.5234e+01   0.0000e+00   2.9720e-03   2.8392e+02
20200720_05:00:00   9.3519e-01   1.6757e+02   1.5489e+01   0.0000e+00   8.7776e-03   2.8344e+02
20200720_06:00:00   9.5521e-01   1.6966e+02   1.5801e+01   0.0000e+00   1.7539e-02   2.8285e+02
20200720_07:00:00   9.7900e-01   1.7215e+02   1.6165e+01   0.0000e+00   1.8562e-02   2.8347e+02
20200720_08:00:00   1.0080e+00   1.7515e+02   1.6598e+01   0.0000e+00   1.2587e-02   2.8484e+02
20200720_09:00:00   1.0470e+00   1.7911e+02   1.7164e+01   0.0000e+00   1.5744e-02   2.8645e+02
20200720_10:00:00   1.0886e+00   1.8319e+02   1.7738e+01   0.0000e+00   1.9078e-02   2.8718e+02
20200720_11:00:00   1.1305e+00   1.8719e+02   1.8301e+01   0.0000e+00   7.5682e-03   2.8758e+02
20200720_12:00:00   1.1632e+00   1.9019e+02   1.8727e+01   0.0000e+00   3.6007e-03   2.8751e+02
20200720_13:00:00   1.1914e+00   1.9278e+02   1.9098e+01   0.0000e+00   2.4850e-03   2.8721e+02
20200720_14:00:00   1.2078e+00   1.9426e+02   1.9296e+01   0.0000e+00   3.1341e-03   2.8666e+02
20200720_15:00:00   1.2081e+00   1.9447e+02   1.9262e+01   0.0000e+00   3.8804e-03   2.8640e+02
20200720_16:00:00   1.2062e+00   1.9451e+02   1.9181e+01   0.0000e+00   2.9487e-03   2.8620e+02
20200720_17:00:00   1.2022e+00   1.9429e+02   1.9093e+01   0.0000e+00   3.1402e-03   2.8643e+02
20200720_18:00:00   1.1932e+00   1.9371e+02   1.8907e+01   0.0000e+00   2.5156e-03   2.8664e+02
20200720_19:00:00   1.1838e+00   1.9313e+02   1.8717e+01   0.0000e+00   1.2433e-03   2.8658e+02
20200720_20:00:00   1.1754e+00   1.9262e+02   1.8522e+01   0.0000e+00   5.1652e-05   2.8658e+02
20200720_21:00:00   1.1726e+00   1.9254e+02   1.8416e+01   0.0000e+00   3.0340e-06   2.8684e+02
20200720_22:00:00   1.1739e+00   1.9276e+02   1.8392e+01   0.0000e+00   8.0110e-06   2.8779e+02
20200720_23:00:00   1.1721e+00   1.9267e+02   1.8326e+01   0.0000e+00   5.1874e-05   2.8865e+02
20200721_00:00:00   1.1517e+00   1.9107e+02   1.7945e+01   0.0000e+00   6.8883e-04   2.8882e+02
20200721_01:00:00   1.1258e+00   1.8888e+02   1.7478e+01   0.0000e+00   6.8062e-04   2.8836e+02
20200721_02:00:00   1.1141e+00   1.8784e+02   1.7243e+01   0.0000e+00   5.3023e-05   2.8756e+02
20200721_03:00:00   1.1030e+00   1.8682e+02   1.7041e+01   0.0000e+00   8.8200e-04   2.8708e+02
20200721_04:00:00   1.0871e+00   1.8535e+02   1.6794e+01   0.0000e+00   2.9678e-03   2.8733e+02
20200721_05:00:00   1.0792e+00   1.8450e+02   1.6666e+01   0.0000e+00   3.9526e-03   2.8884e+02
20200721_06:00:00   1.0659e+00   1.8314e+02   1.6482e+01   0.0000e+00   2.6014e-03   2.8906e+02
20200721_07:00:00   1.0690e+00   1.8324e+02   1.6562e+01   0.0000e+00   3.4327e-03   2.8891e+02
20200721_08:00:00   1.0696e+00   1.8308e+02   1.6649e+01   0.0000e+00   5.1852e-03   2.8898e+02
20200721_09:00:00   1.0681e+00   1.8281e+02   1.6682e+01   0.0000e+00   1.8690e-03   2.8990e+02
20200721_10:00:00   1.0557e+00   1.8156e+02   1.6494e+01   0.0000e+00   5.1780e-04   2.9248e+02
20200721_11:00:00   1.0456e+00   1.8046e+02   1.6335e+01   0.0000e+00   7.0160e-06   2.9309e+02
20200721_12:00:00   1.0340e+00   1.7926e+02   1.6126e+01   0.0000e+00   0.0000e+00   2.9281e+02
20200721_13:00:00   1.0232e+00   1.7809e+02   1.5970e+01   0.0000e+00   0.0000e+00   2.9241e+02
20200721_14:00:00   1.0119e+00   1.7695e+02   1.5775e+01   0.0000e+00   0.0000e+00   2.9190e+02
20200721_15:00:00   1.0113e+00   1.7691e+02   1.5764e+01   0.0000e+00   0.0000e+00   2.9194e+02
20200721_16:00:00   1.0068e+00   1.7642e+02   1.5735e+01   0.0000e+00   0.0000e+00   2.9272e+02
20200721_17:00:00   1.0051e+00   1.7624e+02   1.5712e+01   0.0000e+00   0.0000e+00   2.9337e+02
20200721_18:00:00   1.0032e+00   1.7598e+02   1.5669e+01   0.0000e+00   0.0000e+00   2.9376e+02
20200721_19:00:00   1.0028e+00   1.7596e+02   1.5638e+01   0.0000e+00   1.4276e-06   2.9387e+02
20200721_20:00:00   9.9029e-01   1.7475e+02   1.5454e+01   0.0000e+00   1.8314e-05   2.9306e+02
20200721_21:00:00   9.8569e-01   1.7436e+02   1.5398e+01   0.0000e+00   2.0259e-05   2.9084e+02
20200721_22:00:00   9.7558e-01   1.7342e+02   1.5229e+01   0.0000e+00   1.0524e-03   2.9025e+02
20200721_23:00:00   9.7302e-01   1.7319e+02   1.5171e+01   0.0000e+00   6.8840e-04   2.8891e+02
20200722_00:00:00   9.6443e-01   1.7236e+02   1.5026e+01   0.0000e+00   1.0062e-03   2.8777e+02
20200722_01:00:00   9.5631e-01   1.7154e+02   1.4853e+01   0.0000e+00   4.7060e-04   2.8669e+02
20200722_02:00:00   9.4365e-01   1.7018e+02   1.4636e+01   0.0000e+00   7.0104e-04   2.8561e+02
20200722_03:00:00   9.3408e-01   1.6917e+02   1.4476e+01   0.0000e+00   3.2209e-04   2.8463e+02
20200722_04:00:00   9.1854e-01   1.6755e+02   1.4276e+01   0.0000e+00   2.0800e-03   2.8383e+02
20200722_05:00:00   9.1370e-01   1.6707e+02   1.4244e+01   0.0000e+00   4.1387e-03   2.8336e+02
20200722_06:00:00   9.1061e-01   1.6682e+02   1.4226e+01   0.0000e+00   1.7322e-03   2.8335e+02
20200722_07:00:00   9.0687e-01   1.6649e+02   1.4213e+01   0.0000e+00   2.4345e-03   2.8335e+02
20200722_08:00:00   9.0045e-01   1.6584e+02   1.4128e+01   0.0000e+00   3.9477e-03   2.8316e+02
20200722_09:00:00   8.8995e-01   1.6473e+02   1.3982e+01   0.0000e+00   3.8018e-03   2.8335e+02
20200722_10:00:00   8.7669e-01   1.6330e+02   1.3813e+01   0.0000e+00   3.4682e-03   2.8343e+02
20200722_11:00:00   8.6445e-01   1.6203e+02   1.3638e+01   0.0000e+00   2.6303e-03   2.8362e+02
20200722_12:00:00   8.4970e-01   1.6046e+02   1.3414e+01   0.0000e+00   1.7649e-03   2.8424e+02
20200722_13:00:00   8.3369e-01   1.5872e+02   1.3194e+01   0.0000e+00   3.2565e-03   2.8444e+02
20200722_14:00:00   8.2142e-01   1.5735e+02   1.3044e+01   0.0000e+00   2.7476e-03   2.8478e+02
20200722_15:00:00   8.0730e-01   1.5575e+02   1.2880e+01   0.0000e+00   1.6354e-04   2.8502e+02
20200722_16:00:00   7.9620e-01   1.5444e+02   1.2748e+01   0.0000e+00   3.6720e-06   2.8515e+02
20200722_17:00:00   7.8497e-01   1.5310e+02   1.2611e+01   0.0000e+00   8.9949e-05   2.8490e+02
20200722_18:00:00   7.7065e-01   1.5135e+02   1.2433e+01   0.0000e+00   1.6679e-04   2.8469e+02
20200722_19:00:00   7.5629e-01   1.4959e+02   1.2258e+01   0.0000e+00   1.1237e-04   2.8452e+02
20200722_20:00:00   7.4322e-01   1.4797e+02   1.2088e+01   0.0000e+00   3.6018e-05   2.8453e+02
20200722_21:00:00   7.3085e-01   1.4642e+02   1.1925e+01   0.0000e+00   8.1580e-06   2.8444e+02
20200722_22:00:00   7.2050e-01   1.4512e+02   1.1772e+01   0.0000e+00   0.0000e+00   2.8447e+02
20200722_23:00:00   7.1185e-01   1.4401e+02   1.1635e+01   0.0000e+00   0.0000e+00   2.8450e+02
20200723_00:00:00   7.0326e-01   1.4288e+02   1.1483e+01   0.0000e+00   2.0361e-05   2.8451e+02
20200723_01:00:00   6.9746e-01   1.4210e+02   1.1389e+01   0.0000e+00   2.8269e-04   2.8463e+02
20200723_02:00:00   6.8864e-01   1.4090e+02   1.1245e+01   0.0000e+00   7.8731e-04   2.8488e+02
20200723_03:00:00   6.7786e-01   1.3942e+02   1.1077e+01   0.0000e+00   7.5561e-04   2.8535e+02
20200723_04:00:00   6.6211e-01   1.3721e+02   1.0846e+01   0.0000e+00   2.8459e-04   2.8552e+02
20200723_05:00:00   6.4837e-01   1.3521e+02   1.0633e+01   0.0000e+00   5.5858e-04   2.8567e+02
20200723_06:00:00   6.3817e-01   1.3366e+02   1.0480e+01   0.0000e+00   7.1571e-04   2.8609e+02
20200723_07:00:00   6.2900e-01   1.3227e+02   1.0346e+01   0.0000e+00   5.4870e-04   2.8639e+02
20200723_08:00:00   6.2069e-01   1.3102e+02   1.0227e+01   0.0000e+00   2.5485e-04   2.8642e+02
20200723_09:00:00   6.1623e-01   1.3032e+02   1.0174e+01   0.0000e+00   7.3080e-05   2.8632e+02
20200723_10:00:00   6.1339e-01   1.2986e+02   1.0128e+01   0.0000e+00   1.1635e-04   2.8599e+02
20200723_11:00:00   6.1435e-01   1.2999e+02   1.0139e+01   0.0000e+00   5.7971e-04   2.8524e+02
20200723_12:00:00   6.1212e-01   1.2967e+02   1.0091e+01   0.0000e+00   1.5244e-03   2.8467e+02
20200723_13:00:00   6.1511e-01   1.3011e+02   1.0102e+01   0.0000e+00   1.3826e-03   2.8507e+02
20200723_14:00:00   6.2235e-01   1.3115e+02   1.0181e+01   0.0000e+00   3.1150e-03   2.8589e+02
20200723_15:00:00   6.4200e-01   1.3393e+02   1.0502e+01   0.0000e+00   4.4117e-03   2.8627e+02
20200723_16:00:00   6.7841e-01   1.3885e+02   1.1144e+01   0.0000e+00   5.6642e-03   2.8659e+02
20200723_17:00:00   7.0700e-01   1.4265e+02   1.1624e+01   0.0000e+00   7.3997e-03   2.8763e+02
20200723_18:00:00   7.0351e-01   1.4227e+02   1.1464e+01   0.0000e+00   7.0383e-03   2.8873e+02
20200723_19:00:00   6.8028e-01   1.3937e+02   1.0929e+01   0.0000e+00   1.7129e-03   2.9193e+02
20200723_20:00:00   6.8691e-01   1.4023e+02   1.1081e+01   0.0000e+00   1.4115e-05   2.9355e+02
20200723_21:00:00   7.4457e-01   1.4747e+02   1.2280e+01   0.0000e+00   0.0000e+00   2.9029e+02
20200723_22:00:00   8.0585e-01   1.5470e+02   1.3515e+01   0.0000e+00   0.0000e+00   2.8918e+02
20200723_23:00:00   7.9916e-01   1.5421e+02   1.3119e+01   0.0000e+00   0.0000e+00   2.9057e+02
20200724_00:00:00   8.4545e-01   1.5949e+02   1.3900e+01   0.0000e+00   0.0000e+00   2.9128e+02
20200724_03:00:00   9.1264e-01   1.6697e+02   1.4766e+01   0.0000e+00   2.5470e-04   2.9193e+02
20200724_06:00:00   9.4551e-01   1.7022e+02   1.4974e+01   2.8560e-03   5.3608e-03   2.8649e+02
20200724_09:00:00   1.2089e+00   1.9394e+02   1.6598e+01   6.5679e-02   9.0563e-03   2.8868e+02
20200724_12:00:00   2.0138e+00   2.3864e+02   1.6497e+01   3.7995e-01   2.8361e-02   2.9488e+02
20200724_15:00:00   1.2230e+00   1.9519e+02   1.4916e+01   9.6033e-02   2.8092e-04   2.9270e+02
20200724_18:00:00   1.7539e+00   2.2810e+02   1.6164e+01   2.7774e-01   1.5617e-02   2.8755e+02
20200724_21:00:00   1.7431e+00   2.2750e+02   1.6422e+01   2.6497e-01   7.3410e-02   2.8672e+02
20200725_00:00:00   1.2269e+00   1.9540e+02   1.6869e+01   4.6482e-02   8.1366e-02   2.8748e+02
20200725_03:00:00   2.5630e+00   2.5341e+02   2.0075e+01   5.2171e-01   9.1261e-02   2.9262e+02
20200725_06:00:00   2.1749e+00   2.4340e+02   1.7797e+01   4.0903e-01   1.0182e-01   2.9587e+02
20200725_09:00:00   1.7067e+00   2.2533e+02   1.8318e+01   2.0175e-01   7.0981e-03   2.9737e+02
20200725_12:00:00   1.5751e+00   2.1818e+02   1.8212e+01   1.5375e-01   6.2567e-03   3.0253e+02
20200725_15:00:00   1.3193e+00   2.0200e+02   1.7274e+01   6.7641e-02   2.3722e-04   3.0220e+02
20200725_18:00:00   1.4676e+00   2.1211e+02   1.6886e+01   1.3380e-01   2.3026e-04   2.9961e+02
20200725_21:00:00   1.6069e+00   2.2009e+02   1.6847e+01   1.9275e-01   1.8010e-04   2.9576e+02
20200726_00:00:00   1.4328e+00   2.0970e+02   1.6263e+01   1.3473e-01   1.5266e-03   2.9494e+02
20200726_03:00:00   1.3608e+00   2.0461e+02   1.7053e+01   9.3554e-02   2.3969e-04   2.9646e+02
20200726_06:00:00   1.1802e+00   1.9092e+02   1.6890e+01   2.6565e-02   2.3852e-03   2.9280e+02
20200726_09:00:00   1.2064e+00   1.9338e+02   1.6793e+01   4.7371e-02   5.6905e-04   2.8732e+02
20200726_12:00:00   1.2834e+00   1.9926e+02   1.8095e+01   5.5505e-02   9.1642e-04   2.8440e+02
20200726_15:00:00   1.2756e+00   1.9890e+02   1.8064e+01   5.4371e-02   1.7219e-03   2.7944e+02
20200726_18:00:00   1.1795e+00   1.9161e+02   1.7923e+01   2.1152e-02   1.5574e-04   2.7908e+02
20200726_21:00:00   1.1181e+00   1.8658e+02   1.7644e+01   0.0000e+00   2.3126e-05   2.8210e+02
20200727_00:00:00   1.1141e+00   1.8636e+02   1.7396e+01   0.0000e+00   3.8076e-04   2.8748e+02
20200727_03:00:00   1.1246e+00   1.8695e+02   1.7686e+01   0.0000e+00   8.8028e-04   2.9082e+02
20200727_06:00:00   1.0792e+00   1.8267e+02   1.7147e+01   0.0000e+00   6.6770e-04   2.8853e+02
20200727_09:00:00   1.0414e+00   1.7910e+02   1.6485e+01   0.0000e+00   6.2150e-04   2.8589e+02
20200727_12:00:00   1.0488e+00   1.8001e+02   1.6507e+01   0.0000e+00   7.3260e-04   2.7936e+02
20200727_15:00:00   1.0901e+00   1.8378e+02   1.7293e+01   0.0000e+00   1.5727e-02   2.7809e+02
20200727_18:00:00   1.1023e+00   1.8432e+02   1.7929e+01   5.0519e-05   2.5483e-02   2.7500e+02
20200727_21:00:00   1.2265e+00   1.9449e+02   2.0101e+01   7.2960e-05   6.5536e-02   2.7307e+02
20200728_00:00:00   2.7534e+00   2.5769e+02   2.3952e+01   5.1180e-01   4.3149e-01   2.7093e+02
20200728_03:00:00   2.5652e+00   2.5439e+02   2.4262e+01   4.2405e-01   3.9742e-01   2.7417e+02
20200728_06:00:00   3.0058e+00   2.6202e+02   2.4236e+01   6.0554e-01   2.0618e-01   2.7701e+02
20200728_09:00:00   2.8841e+00   2.6040e+02   2.3391e+01   5.6799e-01   1.1564e-01   2.7661e+02
20200728_12:00:00   3.2374e+00   2.6541e+02   2.3326e+01   7.0787e-01   9.5124e-02   2.7674e+02
20200728_15:00:00   2.9781e+00   2.6224e+02   2.3845e+01   5.8601e-01   1.3009e-01   2.7657e+02
20200728_18:00:00   3.0996e+00   2.6393e+02   2.3559e+01   6.4269e-01   1.0088e-01   2.7662e+02
20200728_21:00:00   2.9876e+00   2.6218e+02   2.3184e+01   6.0643e-01   4.3652e-02   2.7759e+02
20200729_00:00:00   3.0579e+00   2.6297e+02   2.3798e+01   6.2386e-01   1.0411e-01   2.7553e+02
20200729_03:00:00   3.2238e+00   2.6496e+02   2.3833e+01   6.9180e-01   6.1682e-02   2.7795e+02
20200729_06:00:00   3.3229e+00   2.6600e+02   2.3779e+01   7.3190e-01   1.6557e-01   2.7876e+02
20200729_09:00:00   3.0220e+00   2.6261e+02   2.3506e+01   6.1132e-01   1.7881e-01   2.8011e+02
20200729_12:00:00   3.5000e+00   2.6733e+02   2.3042e+01   8.2434e-01   1.9831e-01   2.8089e+02
20200729_15:00:00   3.2919e+00   2.6534e+02   2.3118e+01   7.3713e-01   2.6429e-01   2.8218e+02
20200729_18:00:00   3.4769e+00   2.6765e+02   2.3160e+01   8.0505e-01   1.4703e-01   2.8378e+02
20200729_21:00:00   2.5471e+00   2.5415e+02   2.2514e+01   4.4203e-01   1.4327e-01   2.8360e+02
20200730_00:00:00   1.9310e+00   2.3576e+02   2.1614e+01   2.1210e-01   3.5696e-02   2.8364e+02
20200730_03:00:00   2.9018e+00   2.6037e+02   2.1466e+01   6.1647e-01   1.6877e-01   2.8341e+02
20200730_06:00:00   2.9577e+00   2.6125e+02   2.0716e+01   6.5310e-01   1.8399e-01   2.8324e+02
20200730_09:00:00   2.4595e+00   2.5187e+02   2.0668e+01   4.4935e-01   1.7269e-01   2.8302e+02
20200730_12:00:00   2.7302e+00   2.5736e+02   2.0542e+01   5.6439e-01   2.0040e-01   2.8235e+02
20200730_15:00:00   2.3711e+00   2.4970e+02   2.0198e+01   4.2243e-01   1.5862e-01   2.8283e+02
20200730_18:00:00   1.4956e+00   2.1413e+02   1.9774e+01   7.3103e-02   2.4138e-02   2.8349e+02
20200730_21:00:00   1.6047e+00   2.2040e+02   2.0067e+01   1.1513e-01   2.5632e-02   2.8330e+02
20200731_00:00:00   2.2502e+00   2.4664e+02   2.0367e+01   3.7239e-01   1.0902e-01   2.8211e+02
20200731_03:00:00   2.0217e+00   2.3930e+02   2.0425e+01   2.7412e-01   9.0939e-02   2.8179e+02
20200731_06:00:00   2.0127e+00   2.3896e+02   2.0258e+01   2.7707e-01   9.9871e-02   2.8119e+02
20200731_09:00:00   2.2693e+00   2.4707e+02   2.0370e+01   3.8051e-01   1.3057e-01   2.8115e+02
20200731_12:00:00   2.2365e+00   2.4606e+02   2.0485e+01   3.6514e-01   1.1846e-01   2.8145e+02
20200731_15:00:00   2.2482e+00   2.4681e+02   2.0316e+01   3.7038e-01   5.7277e-02   2.8100e+02
20200731_18:00:00   2.4397e+00   2.5158e+02   2.0707e+01   4.4157e-01   1.3989e-01   2.7951e+02
20200731_21:00:00   1.6410e+00   2.2281e+02   2.0555e+01   1.1327e-01   2.6391e-02   2.7816e+02
20200801_00:00:00   1.5162e+00   2.1594e+02   2.0456e+01   6.6592e-02   3.1015e-02   2.7738e+02
20200801_03:00:00   2.3874e+00   2.5084e+02   2.0712e+01   4.1903e-01   4.7147e-02   2.7703e+02
20200801_06:00:00   2.1370e+00   2.4370e+02   2.0618e+01   3.1671e-01   1.1215e-01   2.7702e+02
20200801_09:00:00   1.4053e+00   2.0889e+02   2.0067e+01   3.3086e-02   7.7252e-03   2.7872e+02
20200801_12:00:00   1.2695e+00   1.9914e+02   1.9362e+01   0.0000e+00   1.0929e-03   2.8053e+02
20200801_15:00:00   1.2087e+00   1.9454e+02   1.8603e+01   0.0000e+00   5.1884e-05   2.8049e+02
20200801_18:00:00   1.1477e+00   1.8986e+02   1.7814e+01   0.0000e+00   4.6662e-05   2.8047e+02
20200801_21:00:00   1.1065e+00   1.8656e+02   1.7233e+01   0.0000e+00   3.1456e-05   2.8112e+02
20200802_00:00:00   1.0659e+00   1.8303e+02   1.6583e+01   0.0000e+00   4.0873e-05   2.8166e+02
20200802_03:00:00   9.9907e-01   1.7661e+02   1.5513e+01   0.0000e+00   4.0420e-06   2.8257e+02
20200802_06:00:00   9.2569e-01   1.6872e+02   1.4396e+01   0.0000e+00   4.4060e-06   2.8452e+02
20200802_09:00:00   8.9345e-01   1.6507e+02   1.3809e+01   0.0000e+00   0.0000e+00   2.8857e+02
20200802_12:00:00   8.6339e-01   1.6164e+02   1.3277e+01   0.0000e+00   0.0000e+00   2.9091e+02
20200802_15:00:00   8.5686e-01   1.6097e+02   1.3134e+01   0.0000e+00   0.0000e+00   2.9188e+02
20200802_18:00:00   8.5289e-01   1.6090e+02   1.3124e+01   0.0000e+00   0.0000e+00   2.9209e+02
20200802_21:00:00   8.3233e-01   1.5872e+02   1.2884e+01   0.0000e+00   0.0000e+00   2.9294e+02
20200803_00:00:00   8.1543e-01   1.5667e+02   1.2674e+01   0.0000e+00   0.0000e+00   2.9425e+02
20200803_03:00:00   8.0167e-01   1.5489e+02   1.2492e+01   0.0000e+00   0.0000e+00   2.9454e+02
20200803_06:00:00   8.2638e-01   1.5732e+02   1.2838e+01   0.0000e+00   0.0000e+00   2.9542e+02
20200803_09:00:00   8.8589e-01   1.6366e+02   1.3585e+01   0.0000e+00   0.0000e+00   2.9589e+02
20200803_12:00:00   9.2464e-01   1.6753e+02   1.4058e+01   0.0000e+00   0.0000e+00   2.9589e+02
20200803_15:00:00   9.7759e-01   1.7300e+02   1.4749e+01   0.0000e+00   0.0000e+00   2.9660e+02
20200803_18:00:00   1.0486e+00   1.7994e+02   1.5532e+01   5.1243e-03   1.7708e-05   2.9140e+02
20200803_21:00:00   1.0613e+00   1.8106e+02   1.6033e+01   0.0000e+00   1.4690e-06   2.8592e+02
20200804_00:00:00   1.0762e+00   1.8223e+02   1.6368e+01   0.0000e+00   5.7884e-05   2.8087e+02
