#            date       tau255        Tb[K]      pwv[mm] lwp[kg*m^-2] iwp[kg*m^-2]       o3[DU]
20201215_00:00:00   1.9715e-01   4.8676e+01   2.2109e+00   0.0000e+00   4.8256e-05   3.1848e+02
20201215_01:00:00   2.0172e-01   4.9643e+01   2.2805e+00   0.0000e+00   8.4815e-05   3.1596e+02
20201215_02:00:00   2.0745e-01   5.0835e+01   2.3714e+00   0.0000e+00   8.3325e-05   3.1356e+02
20201215_03:00:00   2.0900e-01   5.1204e+01   2.4051e+00   0.0000e+00   2.8564e-05   3.1007e+02
20201215_04:00:00   2.1137e-01   5.1693e+01   2.4549e+00   0.0000e+00   1.7560e-05   3.0908e+02
20201215_05:00:00   2.1198e-01   5.1824e+01   2.4841e+00   0.0000e+00   3.7210e-05   3.0875e+02
20201215_06:00:00   2.0425e-01   5.0330e+01   2.4053e+00   0.0000e+00   3.4981e-05   3.0819e+02
20201215_07:00:00   1.9605e-01   4.8697e+01   2.3235e+00   0.0000e+00   3.2142e-05   3.0336e+02
20201215_08:00:00   1.8889e-01   4.7249e+01   2.2541e+00   0.0000e+00   4.4868e-05   3.0373e+02
20201215_09:00:00   1.8144e-01   4.5737e+01   2.1806e+00   0.0000e+00   4.7806e-05   3.0580e+02
20201215_10:00:00   1.7407e-01   4.4226e+01   2.1046e+00   0.0000e+00   7.5505e-05   3.0454e+02
20201215_11:00:00   1.6910e-01   4.3220e+01   2.0523e+00   0.0000e+00   7.5955e-05   2.9972e+02
20201215_12:00:00   1.6664e-01   4.2750e+01   2.0323e+00   0.0000e+00   7.5470e-05   2.9658e+02
20201215_13:00:00   1.6520e-01   4.2503e+01   2.0226e+00   0.0000e+00   3.3936e-05   2.9298e+02
20201215_14:00:00   1.6417e-01   4.2337e+01   2.0191e+00   0.0000e+00   2.5698e-05   2.8975e+02
20201215_15:00:00   1.6398e-01   4.2337e+01   2.0356e+00   0.0000e+00   1.7540e-05   2.9080e+02
20201215_16:00:00   1.6129e-01   4.1836e+01   2.0068e+00   0.0000e+00   1.5174e-05   2.9498e+02
20201215_17:00:00   1.5909e-01   4.1420e+01   1.9839e+00   0.0000e+00   1.5174e-05   2.9513e+02
20201215_18:00:00   1.5744e-01   4.1126e+01   1.9660e+00   0.0000e+00   7.0160e-06   2.9332e+02
20201215_19:00:00   1.5532e-01   4.0729e+01   1.9418e+00   0.0000e+00   7.0160e-06   2.9276e+02
20201215_20:00:00   1.5283e-01   4.0252e+01   1.9103e+00   0.0000e+00   0.0000e+00   2.9313e+02
20201215_21:00:00   1.5011e-01   3.9707e+01   1.8733e+00   0.0000e+00   0.0000e+00   2.9413e+02
20201215_22:00:00   1.4773e-01   3.9226e+01   1.8414e+00   0.0000e+00   0.0000e+00   2.9385e+02
20201215_23:00:00   1.4479e-01   3.8627e+01   1.7993e+00   0.0000e+00   0.0000e+00   2.9095e+02
20201216_00:00:00   1.4171e-01   3.7998e+01   1.7540e+00   0.0000e+00   0.0000e+00   2.8581e+02
20201216_01:00:00   1.3838e-01   3.7302e+01   1.7049e+00   0.0000e+00   0.0000e+00   2.8344e+02
20201216_02:00:00   1.3420e-01   3.6398e+01   1.6406e+00   0.0000e+00   0.0000e+00   2.8350e+02
20201216_03:00:00   1.3030e-01   3.5553e+01   1.5827e+00   0.0000e+00   0.0000e+00   2.8322e+02
20201216_04:00:00   1.2665e-01   3.4751e+01   1.5288e+00   0.0000e+00   0.0000e+00   2.8149e+02
20201216_05:00:00   1.2325e-01   3.3988e+01   1.4801e+00   0.0000e+00   0.0000e+00   2.8170e+02
20201216_06:00:00   1.2007e-01   3.3270e+01   1.4326e+00   0.0000e+00   0.0000e+00   2.8409e+02
20201216_07:00:00   1.1666e-01   3.2510e+01   1.3800e+00   0.0000e+00   0.0000e+00   2.8520e+02
20201216_08:00:00   1.1353e-01   3.1814e+01   1.3307e+00   0.0000e+00   0.0000e+00   2.8565e+02
20201216_09:00:00   1.1099e-01   3.1242e+01   1.2911e+00   0.0000e+00   0.0000e+00   2.8409e+02
20201216_10:00:00   1.0877e-01   3.0728e+01   1.2550e+00   0.0000e+00   0.0000e+00   2.8151e+02
20201216_11:00:00   1.0634e-01   3.0166e+01   1.2150e+00   0.0000e+00   0.0000e+00   2.7982e+02
20201216_12:00:00   1.0445e-01   2.9728e+01   1.1819e+00   0.0000e+00   0.0000e+00   2.8191e+02
20201216_13:00:00   1.0395e-01   2.9613e+01   1.1683e+00   0.0000e+00   0.0000e+00   2.8433e+02
20201216_14:00:00   1.0461e-01   2.9763e+01   1.1708e+00   0.0000e+00   0.0000e+00   2.8456e+02
20201216_15:00:00   1.0518e-01   2.9886e+01   1.1721e+00   0.0000e+00   0.0000e+00   2.8334e+02
20201216_16:00:00   1.0497e-01   2.9828e+01   1.1627e+00   0.0000e+00   0.0000e+00   2.8106e+02
20201216_17:00:00   1.0449e-01   2.9703e+01   1.1503e+00   0.0000e+00   0.0000e+00   2.8143e+02
20201216_18:00:00   1.0391e-01   2.9563e+01   1.1392e+00   0.0000e+00   0.0000e+00   2.8390e+02
20201216_19:00:00   1.0321e-01   2.9400e+01   1.1263e+00   0.0000e+00   0.0000e+00   2.8571e+02
20201216_20:00:00   1.0314e-01   2.9383e+01   1.1236e+00   0.0000e+00   0.0000e+00   2.8603e+02
20201216_21:00:00   1.0382e-01   2.9533e+01   1.1327e+00   0.0000e+00   0.0000e+00   2.8633e+02
20201216_22:00:00   1.0529e-01   2.9863e+01   1.1512e+00   0.0000e+00   0.0000e+00   2.8626e+02
20201216_23:00:00   1.0715e-01   3.0286e+01   1.1771e+00   0.0000e+00   0.0000e+00   2.8578e+02
20201217_00:00:00   1.0921e-01   3.0752e+01   1.2037e+00   0.0000e+00   0.0000e+00   2.8603e+02
20201217_01:00:00   1.1148e-01   3.1267e+01   1.2314e+00   0.0000e+00   0.0000e+00   2.8666e+02
20201217_02:00:00   1.1430e-01   3.1914e+01   1.2694e+00   0.0000e+00   0.0000e+00   2.8851e+02
20201217_03:00:00   1.1869e-01   3.2921e+01   1.3290e+00   0.0000e+00   0.0000e+00   2.9151e+02
20201217_04:00:00   1.2521e-01   3.4405e+01   1.4184e+00   0.0000e+00   0.0000e+00   2.9732e+02
20201217_05:00:00   1.3665e-01   3.6973e+01   1.5744e+00   0.0000e+00   0.0000e+00   3.0204e+02
20201217_06:00:00   1.5652e-01   4.1361e+01   1.8424e+00   0.0000e+00   0.0000e+00   3.0041e+02
20201217_07:00:00   1.7461e-01   4.5281e+01   2.0868e+00   0.0000e+00   8.7700e-06   2.9364e+02
20201217_08:00:00   1.9013e-01   4.8580e+01   2.2981e+00   0.0000e+00   8.7700e-06   2.9050e+02
20201217_09:00:00   2.0377e-01   5.1407e+01   2.4845e+00   0.0000e+00   1.7540e-05   2.8908e+02
20201217_10:00:00   2.1281e-01   5.3242e+01   2.6088e+00   0.0000e+00   2.0398e-05   2.8995e+02
20201217_11:00:00   2.1404e-01   5.3472e+01   2.6285e+00   0.0000e+00   2.4920e-04   2.9113e+02
20201217_12:00:00   2.1117e-01   5.2834e+01   2.5963e+00   0.0000e+00   4.5699e-04   2.9356e+02
20201217_13:00:00   2.0708e-01   5.1952e+01   2.5476e+00   0.0000e+00   2.9268e-04   2.9512e+02
20201217_14:00:00   2.0322e-01   5.1121e+01   2.5012e+00   0.0000e+00   6.8053e-04   2.9468e+02
20201217_15:00:00   1.9907e-01   5.0224e+01   2.4455e+00   0.0000e+00   2.1632e-03   2.9421e+02
20201217_16:00:00   1.9671e-01   4.9685e+01   2.4146e+00   0.0000e+00   1.2724e-03   2.9359e+02
20201217_17:00:00   1.9328e-01   4.8948e+01   2.3679e+00   0.0000e+00   1.8324e-03   2.9203e+02
20201217_18:00:00   1.9470e-01   4.9209e+01   2.3936e+00   0.0000e+00   3.9915e-03   2.9074e+02
20201217_19:00:00   2.0363e-01   5.1060e+01   2.5223e+00   0.0000e+00   5.5517e-03   2.8895e+02
20201217_20:00:00   2.2749e-01   5.5955e+01   2.8604e+00   0.0000e+00   8.5974e-03   2.9009e+02
20201217_21:00:00   2.6469e-01   6.3363e+01   3.3755e+00   0.0000e+00   9.1930e-03   2.8778e+02
20201217_22:00:00   2.9847e-01   6.9803e+01   3.8586e+00   0.0000e+00   1.2337e-02   2.8759e+02
20201217_23:00:00   3.2176e-01   7.4127e+01   4.1986e+00   0.0000e+00   1.2959e-02   2.8512e+02
20201218_00:00:00   3.4608e-01   7.8476e+01   4.5623e+00   0.0000e+00   1.5541e-02   2.8623e+02
20201218_01:00:00   3.7144e-01   8.2883e+01   4.9442e+00   0.0000e+00   2.4625e-02   2.8740e+02
20201218_02:00:00   3.8935e-01   8.5864e+01   5.2169e+00   0.0000e+00   3.6087e-02   2.8490e+02
20201218_03:00:00   3.9554e-01   8.6771e+01   5.3273e+00   0.0000e+00   2.7723e-02   2.8499e+02
20201218_04:00:00   3.8797e-01   8.5373e+01   5.2237e+00   0.0000e+00   1.8467e-02   2.8791e+02
20201218_05:00:00   3.7046e-01   8.2279e+01   4.9589e+00   0.0000e+00   1.6128e-02   2.8948e+02
20201218_06:00:00   3.6235e-01   8.0748e+01   4.8261e+00   0.0000e+00   2.8286e-02   2.9150e+02
20201218_07:00:00   3.5156e-01   7.8808e+01   4.6576e+00   0.0000e+00   2.4810e-02   2.9391e+02
20201218_08:00:00   3.2375e-01   7.3786e+01   4.2319e+00   0.0000e+00   1.6679e-02   2.9755e+02
20201218_09:00:00   3.1216e-01   7.1623e+01   4.0422e+00   0.0000e+00   2.2074e-02   3.0098e+02
20201218_10:00:00   3.0872e-01   7.0970e+01   3.9768e+00   0.0000e+00   2.0376e-02   3.0163e+02
20201218_11:00:00   3.0753e-01   7.0758e+01   3.9472e+00   0.0000e+00   1.5547e-02   3.0274e+02
20201218_12:00:00   3.0261e-01   6.9875e+01   3.8562e+00   0.0000e+00   1.1263e-02   3.0289e+02
20201218_13:00:00   2.9422e-01   6.8344e+01   3.7083e+00   0.0000e+00   7.8124e-03   3.0275e+02
20201218_14:00:00   2.8584e-01   6.6775e+01   3.5669e+00   0.0000e+00   4.3656e-03   3.0145e+02
20201218_15:00:00   2.7617e-01   6.4966e+01   3.4167e+00   0.0000e+00   2.6057e-03   2.9957e+02
20201218_16:00:00   2.6960e-01   6.3731e+01   3.3134e+00   0.0000e+00   1.9817e-03   2.9858e+02
20201218_17:00:00   2.6303e-01   6.2483e+01   3.2154e+00   0.0000e+00   1.5258e-03   2.9949e+02
20201218_18:00:00   2.5855e-01   6.1633e+01   3.1528e+00   0.0000e+00   9.4607e-04   3.0101e+02
20201218_19:00:00   2.5487e-01   6.0939e+01   3.1021e+00   0.0000e+00   7.7490e-04   3.0055e+02
20201218_20:00:00   2.5210e-01   6.0412e+01   3.0739e+00   0.0000e+00   6.1421e-04   2.9987e+02
20201218_21:00:00   2.5163e-01   6.0288e+01   3.0947e+00   0.0000e+00   7.6536e-04   2.9920e+02
20201218_22:00:00   2.5339e-01   6.0590e+01   3.1423e+00   0.0000e+00   2.4439e-03   2.9792e+02
20201218_23:00:00   2.5755e-01   6.1346e+01   3.2290e+00   0.0000e+00   3.5398e-03   2.9788e+02
20201219_00:00:00   2.6315e-01   6.2369e+01   3.3348e+00   0.0000e+00   3.1923e-03   2.9871e+02
20201219_01:00:00   2.6937e-01   6.3506e+01   3.4460e+00   0.0000e+00   4.4071e-03   3.0018e+02
20201219_02:00:00   2.7449e-01   6.4430e+01   3.5411e+00   0.0000e+00   6.6473e-03   3.0214e+02
20201219_03:00:00   2.7997e-01   6.5433e+01   3.6368e+00   0.0000e+00   7.9819e-03   3.0316e+02
20201219_04:00:00   2.8726e-01   6.6737e+01   3.7539e+00   0.0000e+00   9.5850e-03   3.0348e+02
20201219_05:00:00   2.9557e-01   6.8228e+01   3.8764e+00   0.0000e+00   1.5291e-02   3.0471e+02
20201219_06:00:00   3.0422e-01   6.9770e+01   3.9946e+00   0.0000e+00   2.5796e-02   3.0554e+02
20201219_07:00:00   3.1409e-01   7.1530e+01   4.1148e+00   0.0000e+00   3.8029e-02   3.0675e+02
20201219_08:00:00   3.1737e-01   7.2098e+01   4.1169e+00   0.0000e+00   6.7657e-02   3.0775e+02
20201219_09:00:00   3.1788e-01   7.2145e+01   4.0954e+00   0.0000e+00   1.0050e-01   3.0629e+02
20201219_10:00:00   3.1722e-01   7.1981e+01   4.0655e+00   0.0000e+00   1.1477e-01   3.0278e+02
20201219_11:00:00   3.1419e-01   7.1377e+01   4.0073e+00   0.0000e+00   1.2131e-01   3.0091e+02
20201219_12:00:00   3.1007e-01   7.0579e+01   3.9331e+00   0.0000e+00   1.3008e-01   3.0079e+02
20201219_13:00:00   3.0515e-01   6.9615e+01   3.8444e+00   0.0000e+00   1.3589e-01   3.0132e+02
20201219_14:00:00   2.9734e-01   6.8111e+01   3.7268e+00   0.0000e+00   1.1170e-01   3.0215e+02
20201219_15:00:00   2.8761e-01   6.6308e+01   3.5859e+00   0.0000e+00   6.0104e-02   3.0654e+02
20201219_16:00:00   2.7313e-01   6.3627e+01   3.3645e+00   0.0000e+00   2.1024e-02   3.1065e+02
20201219_17:00:00   2.6689e-01   6.2433e+01   3.2592e+00   0.0000e+00   1.2023e-02   3.1278e+02
20201219_18:00:00   2.6294e-01   6.1660e+01   3.1919e+00   0.0000e+00   8.5725e-03   3.1495e+02
20201219_19:00:00   2.6004e-01   6.1104e+01   3.1491e+00   0.0000e+00   6.4245e-03   3.1535e+02
20201219_20:00:00   2.5693e-01   6.0546e+01   3.1089e+00   0.0000e+00   3.3146e-03   3.1210e+02
20201219_21:00:00   2.5827e-01   6.0800e+01   3.1426e+00   0.0000e+00   3.6396e-03   3.0980e+02
20201219_22:00:00   2.6004e-01   6.1145e+01   3.1779e+00   0.0000e+00   4.0093e-03   3.0872e+02
20201219_23:00:00   2.6388e-01   6.1903e+01   3.2477e+00   0.0000e+00   3.1464e-03   3.0805e+02
20201220_00:00:00   2.6363e-01   6.1930e+01   3.2491e+00   0.0000e+00   2.2719e-03   3.0657e+02
20201220_03:00:00   2.5730e-01   6.0945e+01   3.2193e+00   0.0000e+00   1.2311e-04   3.0414e+02
20201220_06:00:00   2.7657e-01   6.4840e+01   3.5549e+00   0.0000e+00   4.2105e-04   2.9992e+02
20201220_09:00:00   2.8167e-01   6.6005e+01   3.6652e+00   0.0000e+00   3.8369e-04   2.9505e+02
20201220_12:00:00   2.7183e-01   6.4320e+01   3.5608e+00   0.0000e+00   2.5210e-04   2.9289e+02
20201220_15:00:00   2.4152e-01   5.8569e+01   3.1680e+00   0.0000e+00   7.1020e-05   2.9275e+02
20201220_18:00:00   2.0498e-01   5.1276e+01   2.6806e+00   0.0000e+00   6.5240e-06   2.8729e+02
20201220_21:00:00   1.7890e-01   4.5950e+01   2.3222e+00   0.0000e+00   1.3050e-05   2.8728e+02
20201221_00:00:00   1.6090e-01   4.2225e+01   2.0641e+00   0.0000e+00   0.0000e+00   2.8537e+02
20201221_03:00:00   1.4864e-01   3.9694e+01   1.8650e+00   0.0000e+00   0.0000e+00   2.8577e+02
20201221_06:00:00   1.4711e-01   3.9466e+01   1.8277e+00   0.0000e+00   0.0000e+00   2.8936e+02
20201221_09:00:00   1.5280e-01   4.0668e+01   1.9246e+00   0.0000e+00   0.0000e+00   2.8952e+02
20201221_12:00:00   1.5884e-01   4.1899e+01   2.0297e+00   0.0000e+00   0.0000e+00   2.9140e+02
20201221_15:00:00   1.5773e-01   4.1559e+01   1.9921e+00   0.0000e+00   0.0000e+00   2.9432e+02
20201221_18:00:00   1.5266e-01   4.0495e+01   1.8234e+00   0.0000e+00   1.2652e-04   2.9703e+02
20201221_21:00:00   1.7478e-01   4.5120e+01   2.1291e+00   0.0000e+00   2.2153e-04   2.9869e+02
20201222_00:00:00   1.8456e-01   4.6832e+01   2.2911e+00   0.0000e+00   3.0312e-04   3.0018e+02
20201222_03:00:00   1.9801e-01   4.9442e+01   2.4634e+00   0.0000e+00   0.0000e+00   3.0054e+02
20201222_06:00:00   2.2124e-01   5.4124e+01   2.7567e+00   0.0000e+00   8.7350e-06   3.0278e+02
20201222_09:00:00   3.1988e-01   7.3021e+01   4.0769e+00   0.0000e+00   1.0025e-01   3.0377e+02
20201222_12:00:00   3.3872e-01   7.6510e+01   4.3207e+00   0.0000e+00   1.0596e-01   3.0539e+02
20201222_15:00:00   3.1309e-01   7.2024e+01   3.9632e+00   1.7930e-05   3.2934e-02   3.0055e+02
20201222_18:00:00   3.0112e-01   6.9882e+01   3.7676e+00   0.0000e+00   1.5730e-02   2.9844e+02
20201222_21:00:00   2.8588e-01   6.6931e+01   3.5602e+00   0.0000e+00   1.2812e-02   2.9439e+02
20201223_00:00:00   2.7979e-01   6.5813e+01   3.4662e+00   0.0000e+00   1.1946e-02   2.9756e+02
20201223_03:00:00   2.7269e-01   6.4389e+01   3.3865e+00   0.0000e+00   1.4760e-02   2.9799e+02
20201223_06:00:00   2.6877e-01   6.3573e+01   3.3289e+00   0.0000e+00   8.5448e-03   3.0107e+02
20201223_09:00:00   2.7477e-01   6.4631e+01   3.3683e+00   0.0000e+00   1.0124e-02   3.0476e+02
20201223_12:00:00   2.5767e-01   6.1171e+01   3.1357e+00   0.0000e+00   5.2417e-03   3.0824e+02
20201223_15:00:00   2.3782e-01   5.7149e+01   2.8720e+00   0.0000e+00   7.5805e-03   3.1146e+02
20201223_18:00:00   2.3944e-01   5.7495e+01   2.8910e+00   0.0000e+00   1.8266e-03   3.1017e+02
20201223_21:00:00   2.3841e-01   5.7342e+01   2.8734e+00   0.0000e+00   6.8307e-04   3.1202e+02
20201224_00:00:00   2.7652e-01   6.4938e+01   3.3508e+00   0.0000e+00   6.6727e-04   3.1561e+02
20201224_03:00:00   2.6193e-01   6.2259e+01   3.1530e+00   0.0000e+00   2.9210e-04   3.1561e+02
20201224_06:00:00   2.3243e-01   5.6549e+01   2.7605e+00   0.0000e+00   1.8720e-04   3.2489e+02
20201224_09:00:00   2.0041e-01   5.0093e+01   2.3448e+00   0.0000e+00   6.4339e-05   3.2526e+02
20201224_12:00:00   1.6481e-01   4.2653e+01   1.8801e+00   0.0000e+00   1.1420e-06   3.0673e+02
20201224_15:00:00   1.4478e-01   3.8442e+01   1.6127e+00   0.0000e+00   0.0000e+00   3.0495e+02
20201224_18:00:00   1.2016e-01   3.3138e+01   1.2758e+00   0.0000e+00   0.0000e+00   3.1017e+02
20201224_21:00:00   1.0684e-01   3.0136e+01   1.1547e+00   0.0000e+00   1.0544e-04   2.9313e+02
20201225_00:00:00   1.1252e-01   3.1269e+01   1.3976e+00   0.0000e+00   5.8451e-03   2.8686e+02
20201225_03:00:00   1.6870e-01   4.3361e+01   2.5480e+00   0.0000e+00   2.9766e-02   2.8637e+02
20201225_06:00:00   2.5782e-01   6.1877e+01   4.1320e+00   0.0000e+00   1.2784e-02   2.8553e+02
20201225_09:00:00   3.6105e-01   8.1745e+01   5.7663e+00   0.0000e+00   6.0500e-02   2.8674e+02
20201225_12:00:00   5.5638e-01   1.1474e+02   8.5122e+00   0.0000e+00   1.6008e-01   2.9154e+02
20201225_15:00:00   6.7991e-01   1.3298e+02   1.0034e+01   0.0000e+00   2.4320e-01   2.9738e+02
20201225_18:00:00   7.4064e-01   1.4137e+02   1.0578e+01   0.0000e+00   4.6405e-01   2.9752e+02
20201225_21:00:00   6.6942e-01   1.3208e+02   8.7741e+00   2.2750e-02   8.4339e-02   2.9757e+02
20201226_00:00:00   5.2545e-01   1.1060e+02   7.4971e+00   1.1160e-05   4.1006e-02   2.9595e+02
20201226_03:00:00   5.0888e-01   1.0766e+02   7.3235e+00   0.0000e+00   4.9397e-02   2.9747e+02
20201226_06:00:00   5.7200e-01   1.1681e+02   7.9527e+00   4.4023e-03   1.4038e-01   2.9573e+02
20201226_09:00:00   5.5100e-01   1.1339e+02   7.6711e+00   0.0000e+00   2.7781e-01   2.9297e+02
20201226_12:00:00   5.2954e-01   1.1000e+02   7.2809e+00   0.0000e+00   3.2318e-01   2.9237e+02
20201226_15:00:00   4.5076e-01   9.6946e+01   6.2402e+00   0.0000e+00   3.7338e-02   2.9351e+02
20201226_18:00:00   3.6477e-01   8.1531e+01   4.9732e+00   0.0000e+00   1.0305e-01   2.9528e+02
20201226_21:00:00   3.0955e-01   7.1303e+01   4.1725e+00   0.0000e+00   4.4443e-02   2.9578e+02
20201227_00:00:00   3.0243e-01   6.9740e+01   4.0335e+00   0.0000e+00   7.3300e-02   2.9656e+02
20201227_03:00:00   3.3614e-01   7.5820e+01   4.5074e+00   0.0000e+00   5.3911e-02   2.9770e+02
20201227_06:00:00   3.4800e-01   7.7782e+01   4.5845e+00   0.0000e+00   2.9687e-01   3.0396e+02
20201227_09:00:00   3.2614e-01   7.3624e+01   4.2088e+00   0.0000e+00   3.7907e-01   3.0889e+02
20201227_12:00:00   2.9080e-01   6.6902e+01   3.6446e+00   0.0000e+00   3.7011e-01   3.1269e+02
20201227_15:00:00   2.6503e-01   6.1925e+01   3.2339e+00   0.0000e+00   2.8985e-01   3.1860e+02
20201227_18:00:00   2.4000e-01   5.6963e+01   2.8797e+00   0.0000e+00   1.4781e-01   3.2004e+02
20201227_21:00:00   2.2951e-01   5.4885e+01   2.7146e+00   0.0000e+00   1.2107e-01   3.2342e+02
20201228_00:00:00   2.2381e-01   5.3732e+01   2.6233e+00   0.0000e+00   1.3592e-01   3.2982e+02
20201228_03:00:00   2.2351e-01   5.3677e+01   2.6179e+00   0.0000e+00   1.1635e-01   3.3181e+02
20201228_06:00:00   2.2523e-01   5.4057e+01   2.6490e+00   0.0000e+00   8.6956e-02   3.3275e+02
20201228_09:00:00   2.2746e-01   5.4608e+01   2.6811e+00   0.0000e+00   6.0812e-02   3.3171e+02
20201228_12:00:00   2.2335e-01   5.3829e+01   2.6400e+00   0.0000e+00   1.0225e-02   3.3050e+02
20201228_15:00:00   2.1656e-01   5.2460e+01   2.5369e+00   0.0000e+00   1.0358e-02   3.3110e+02
20201228_18:00:00   2.0893e-01   5.0851e+01   2.4188e+00   0.0000e+00   6.3954e-03   3.3088e+02
20201228_21:00:00   2.0722e-01   5.0378e+01   2.3903e+00   0.0000e+00   3.5760e-02   3.2789e+02
20201229_00:00:00   2.1349e-01   5.1540e+01   2.4744e+00   0.0000e+00   9.4387e-02   3.2547e+02
20201229_03:00:00   2.1175e-01   5.1138e+01   2.4556e+00   0.0000e+00   9.2431e-02   3.2370e+02
20201229_06:00:00   2.1389e-01   5.1547e+01   2.5103e+00   0.0000e+00   5.5945e-02   3.1996e+02
20201229_09:00:00   2.1797e-01   5.2381e+01   2.5812e+00   0.0000e+00   3.3484e-02   3.1955e+02
20201229_12:00:00   2.2308e-01   5.3472e+01   2.6561e+00   0.0000e+00   1.2011e-02   3.1737e+02
20201229_15:00:00   2.1815e-01   5.2712e+01   2.5692e+00   0.0000e+00   2.5078e-03   3.0945e+02
20201229_18:00:00   2.1015e-01   5.1199e+01   2.4819e+00   0.0000e+00   5.3259e-04   3.0768e+02
20201229_21:00:00   1.9143e-01   4.7542e+01   2.2566e+00   0.0000e+00   3.5944e-05   2.9969e+02
20201230_00:00:00   1.6784e-01   4.2741e+01   1.9544e+00   0.0000e+00   3.1489e-05   3.0254e+02
20201230_03:00:00   1.5150e-01   3.9320e+01   1.7481e+00   0.0000e+00   3.3125e-05   3.0315e+02
20201230_06:00:00   1.4387e-01   3.7703e+01   1.6596e+00   0.0000e+00   1.1944e-03   3.0387e+02
20201230_09:00:00   1.3612e-01   3.6036e+01   1.5574e+00   0.0000e+00   3.5080e-06   3.0453e+02
20201230_12:00:00   1.3110e-01   3.4990e+01   1.4877e+00   0.0000e+00   0.0000e+00   3.0439e+02
20201230_15:00:00   1.3102e-01   3.4999e+01   1.5028e+00   0.0000e+00   1.3994e-04   2.9976e+02
20201230_18:00:00   1.3458e-01   3.5735e+01   1.5735e+00   0.0000e+00   2.3144e-03   2.9910e+02
20201230_21:00:00   1.3607e-01   3.6034e+01   1.5963e+00   0.0000e+00   2.4242e-03   2.9995e+02
20201231_00:00:00   1.3513e-01   3.5814e+01   1.5643e+00   0.0000e+00   1.2054e-03   3.0206e+02
