#            date       tau255        Tb[K]      pwv[mm] lwp[kg*m^-2] iwp[kg*m^-2]       o3[DU]
20210426_12:00:00   6.7482e-01   1.3446e+02   1.0429e+01   0.0000e+00   3.0382e-02   3.7467e+02
20210426_13:00:00   7.0064e-01   1.3807e+02   1.0767e+01   0.0000e+00   6.7576e-02   3.6804e+02
20210426_14:00:00   7.4132e-01   1.4359e+02   1.1327e+01   0.0000e+00   3.2299e-02   3.6559e+02
20210426_15:00:00   7.4406e-01   1.4405e+02   1.1357e+01   0.0000e+00   2.4010e-02   3.6620e+02
20210426_16:00:00   7.5997e-01   1.4602e+02   1.1645e+01   0.0000e+00   1.4362e-02   3.6672e+02
20210426_17:00:00   7.8567e-01   1.4916e+02   1.2021e+01   0.0000e+00   2.0333e-02   3.6552e+02
20210426_18:00:00   8.0723e-01   1.5174e+02   1.2359e+01   0.0000e+00   2.9013e-02   3.6363e+02
20210426_19:00:00   8.1536e-01   1.5272e+02   1.2413e+01   0.0000e+00   9.5843e-02   3.6891e+02
20210426_20:00:00   8.4339e-01   1.5601e+02   1.2806e+01   0.0000e+00   1.2980e-01   3.7636e+02
20210426_21:00:00   8.7291e-01   1.5932e+02   1.3237e+01   0.0000e+00   1.5882e-01   3.8212e+02
20210426_22:00:00   8.5699e-01   1.5757e+02   1.3030e+01   0.0000e+00   1.4331e-01   3.8167e+02
20210426_23:00:00   8.2844e-01   1.5436e+02   1.2627e+01   0.0000e+00   6.0202e-02   3.8692e+02
20210427_00:00:00   8.3358e-01   1.5494e+02   1.2702e+01   0.0000e+00   5.5301e-02   3.9132e+02
20210427_01:00:00   8.5066e-01   1.5691e+02   1.2922e+01   0.0000e+00   4.9096e-02   3.9894e+02
20210427_02:00:00   8.3145e-01   1.5461e+02   1.2681e+01   0.0000e+00   9.5968e-03   4.0104e+02
20210427_03:00:00   8.1245e-01   1.5220e+02   1.2408e+01   0.0000e+00   1.0776e-02   3.9763e+02
20210427_04:00:00   8.0353e-01   1.5107e+02   1.2287e+01   0.0000e+00   8.8139e-03   3.9294e+02
20210427_05:00:00   7.9505e-01   1.5005e+02   1.2130e+01   0.0000e+00   2.9626e-03   3.8901e+02
20210427_06:00:00   8.0186e-01   1.5079e+02   1.2198e+01   0.0000e+00   2.1949e-02   3.8919e+02
20210427_07:00:00   8.1842e-01   1.5280e+02   1.2358e+01   0.0000e+00   2.7068e-02   3.8910e+02
20210427_08:00:00   8.4599e-01   1.5603e+02   1.2716e+01   0.0000e+00   2.5328e-02   3.8529e+02
20210427_09:00:00   8.5972e-01   1.5757e+02   1.2946e+01   0.0000e+00   1.1779e-02   3.8047e+02
20210427_10:00:00   8.6618e-01   1.5826e+02   1.3104e+01   0.0000e+00   1.4214e-02   3.8375e+02
20210427_11:00:00   8.5872e-01   1.5750e+02   1.3012e+01   0.0000e+00   1.0148e-02   3.8647e+02
20210427_12:00:00   8.6003e-01   1.5775e+02   1.3024e+01   0.0000e+00   1.3847e-02   3.9174e+02
20210427_13:00:00   8.5270e-01   1.5692e+02   1.2930e+01   0.0000e+00   3.9388e-02   3.8996e+02
20210427_14:00:00   8.4451e-01   1.5590e+02   1.2798e+01   0.0000e+00   7.3464e-02   3.8772e+02
20210427_15:00:00   8.5119e-01   1.5665e+02   1.2832e+01   0.0000e+00   1.4803e-01   3.8974e+02
20210427_16:00:00   8.6784e-01   1.5841e+02   1.3018e+01   0.0000e+00   2.2044e-01   3.8920e+02
20210427_17:00:00   8.7856e-01   1.5939e+02   1.3050e+01   0.0000e+00   3.7589e-01   3.8871e+02
20210427_18:00:00   8.8898e-01   1.6038e+02   1.3143e+01   1.1226e-06   3.0023e-01   3.8821e+02
20210427_19:00:00   9.0947e-01   1.6240e+02   1.3353e+01   2.6940e-05   2.2973e-01   3.8453e+02
20210427_20:00:00   9.0516e-01   1.6180e+02   1.3222e+01   4.4900e-06   2.4684e-01   3.8348e+02
20210427_21:00:00   8.8425e-01   1.5930e+02   1.2885e+01   2.4533e-05   2.6280e-01   3.8103e+02
20210427_22:00:00   8.5257e-01   1.5539e+02   1.2392e+01   9.7350e-05   2.7111e-01   3.8201e+02
20210427_23:00:00   8.1409e-01   1.5063e+02   1.1795e+01   1.2461e-04   2.7732e-01   3.7800e+02
20210428_00:00:00   7.9063e-01   1.4765e+02   1.1292e+01   3.6699e-03   1.9085e-01   3.6979e+02
20210428_01:00:00   7.3850e-01   1.4101e+02   1.0625e+01   3.7896e-04   1.1552e-01   3.6987e+02
20210428_02:00:00   7.0253e-01   1.3620e+02   1.0054e+01   1.3525e-03   6.1821e-02   3.7637e+02
20210428_03:00:00   7.0850e-01   1.3711e+02   9.1800e+00   2.7063e-02   4.6590e-02   3.9008e+02
20210428_04:00:00   5.8319e-01   1.1999e+02   7.8568e+00   5.0044e-03   3.2812e-02   4.0806e+02
20210428_05:00:00   5.5639e-01   1.1610e+02   7.3687e+00   4.8950e-03   1.8618e-02   4.0751e+02
20210428_06:00:00   5.4392e-01   1.1404e+02   7.2993e+00   1.7795e-03   5.3169e-03   4.0110e+02
20210428_07:00:00   5.3819e-01   1.1310e+02   7.2757e+00   6.5804e-04   2.7190e-03   4.0376e+02
20210428_08:00:00   5.3142e-01   1.1203e+02   7.1973e+00   3.2500e-04   1.9235e-03   4.0559e+02
20210428_09:00:00   5.2262e-01   1.1068e+02   7.0722e+00   2.0984e-04   1.6650e-03   4.0706e+02
20210428_10:00:00   5.2116e-01   1.1042e+02   7.0492e+00   1.7749e-04   1.6002e-03   4.0157e+02
20210428_11:00:00   5.2892e-01   1.1155e+02   7.1404e+00   8.3019e-04   1.6894e-03   3.9624e+02
20210428_12:00:00   5.3862e-01   1.1295e+02   7.2591e+00   1.5991e-03   2.2572e-03   3.9812e+02
20210428_13:00:00   5.4631e-01   1.1401e+02   7.3727e+00   1.7761e-03   2.4959e-03   3.9532e+02
20210428_14:00:00   5.4832e-01   1.1424e+02   7.4333e+00   8.7216e-04   2.8511e-03   4.0202e+02
20210428_15:00:00   5.5415e-01   1.1505e+02   7.5379e+00   6.1169e-04   2.6585e-03   4.1690e+02
20210428_16:00:00   5.6502e-01   1.1660e+02   7.7000e+00   4.5500e-04   7.4017e-03   4.1730e+02
20210428_17:00:00   5.8000e-01   1.1876e+02   7.8795e+00   8.6644e-04   4.2200e-02   4.1897e+02
20210428_18:00:00   5.9506e-01   1.2093e+02   8.0863e+00   7.5940e-05   9.2548e-02   4.1314e+02
20210428_19:00:00   6.0495e-01   1.2233e+02   8.1791e+00   6.7414e-04   1.2226e-01   4.2211e+02
20210428_20:00:00   6.0365e-01   1.2216e+02   8.1633e+00   9.5138e-04   9.0323e-02   4.3789e+02
20210428_21:00:00   5.9658e-01   1.2118e+02   8.0959e+00   7.9488e-05   5.0100e-02   4.3423e+02
20210428_22:00:00   5.9883e-01   1.2157e+02   8.1219e+00   0.0000e+00   2.4714e-02   4.2686e+02
20210428_23:00:00   6.0792e-01   1.2292e+02   8.2354e+00   0.0000e+00   2.0049e-02   4.2467e+02
20210429_00:00:00   6.1121e-01   1.2336e+02   8.2703e+00   0.0000e+00   3.8283e-02   4.3134e+02
20210429_01:00:00   5.9827e-01   1.2156e+02   8.0985e+00   0.0000e+00   3.7619e-02   4.3338e+02
20210429_02:00:00   5.7567e-01   1.1833e+02   7.7805e+00   0.0000e+00   1.3718e-02   4.3105e+02
20210429_03:00:00   5.5398e-01   1.1505e+02   7.4827e+00   0.0000e+00   2.2698e-03   4.2457e+02
20210429_04:00:00   5.5373e-01   1.1495e+02   7.4621e+00   7.3100e-07   2.7030e-03   4.2135e+02
20210429_05:00:00   5.5513e-01   1.1508e+02   7.4241e+00   0.0000e+00   2.4608e-02   4.2581e+02
20210429_06:00:00   5.0942e-01   1.0826e+02   6.7831e+00   0.0000e+00   5.1683e-03   4.1786e+02
20210429_07:00:00   4.7099e-01   1.0229e+02   6.2322e+00   4.0416e-05   9.0616e-05   4.0485e+02
20210429_08:00:00   4.5608e-01   9.9907e+01   5.9775e+00   4.6640e-04   3.1118e-04   3.9925e+02
20210429_09:00:00   4.2527e-01   9.4866e+01   5.5630e+00   7.8580e-06   3.2128e-04   3.9128e+02
20210429_10:00:00   3.9917e-01   9.0471e+01   5.2232e+00   1.1226e-06   7.7942e-04   3.9689e+02
20210429_11:00:00   3.7374e-01   8.5956e+01   4.9314e+00   1.1787e-05   1.4662e-03   4.0872e+02
20210429_12:00:00   3.6823e-01   8.4800e+01   4.9607e+00   8.4180e-06   1.3026e-03   4.0760e+02
20210429_13:00:00   3.6351e-01   8.3866e+01   4.9717e+00   0.0000e+00   1.5802e-03   4.0030e+02
20210429_14:00:00   3.5544e-01   8.2349e+01   4.9270e+00   0.0000e+00   4.1095e-03   4.0031e+02
20210429_15:00:00   3.5943e-01   8.2987e+01   5.0542e+00   0.0000e+00   7.9961e-03   3.9702e+02
20210429_16:00:00   3.6253e-01   8.3497e+01   5.1347e+00   0.0000e+00   3.5488e-02   3.9089e+02
20210429_17:00:00   3.6846e-01   8.4585e+01   5.2251e+00   0.0000e+00   1.0557e-01   3.8751e+02
20210429_18:00:00   3.7072e-01   8.4977e+01   5.2736e+00   0.0000e+00   1.6387e-01   3.7876e+02
20210429_19:00:00   3.7450e-01   8.5587e+01   5.3826e+00   0.0000e+00   1.7541e-01   3.7399e+02
20210429_20:00:00   3.7322e-01   8.5270e+01   5.4445e+00   0.0000e+00   1.3215e-01   3.7789e+02
20210429_21:00:00   3.7251e-01   8.5063e+01   5.4806e+00   0.0000e+00   1.4986e-01   3.8012e+02
20210429_22:00:00   3.9649e-01   8.9195e+01   5.8810e+00   0.0000e+00   2.0007e-01   3.7784e+02
20210429_23:00:00   4.1957e-01   9.3157e+01   6.3046e+00   0.0000e+00   1.4571e-01   3.7601e+02
20210430_00:00:00   4.4201e-01   9.6981e+01   6.7234e+00   0.0000e+00   5.4077e-02   3.7368e+02
20210430_01:00:00   4.4675e-01   9.7798e+01   6.8384e+00   0.0000e+00   2.4862e-02   3.7734e+02
20210430_02:00:00   4.2480e-01   9.4168e+01   6.5095e+00   0.0000e+00   1.3095e-02   3.7681e+02
20210430_03:00:00   4.0422e-01   9.0673e+01   6.1992e+00   0.0000e+00   8.7001e-03   3.7588e+02
20210430_04:00:00   4.0613e-01   9.0999e+01   6.2643e+00   0.0000e+00   4.6944e-03   3.7253e+02
20210430_05:00:00   4.1034e-01   9.1690e+01   6.3931e+00   0.0000e+00   4.3502e-03   3.7198e+02
20210430_06:00:00   4.1283e-01   9.2067e+01   6.4955e+00   0.0000e+00   4.0464e-03   3.7194e+02
20210430_07:00:00   4.0172e-01   9.0130e+01   6.3580e+00   0.0000e+00   7.7178e-03   3.6992e+02
20210430_08:00:00   3.6229e-01   8.3242e+01   5.7159e+00   0.0000e+00   6.8322e-03   3.6983e+02
20210430_09:00:00   3.1456e-01   7.4517e+01   4.9122e+00   0.0000e+00   3.8626e-03   3.6371e+02
20210430_10:00:00   2.6106e-01   6.4235e+01   3.9892e+00   0.0000e+00   4.3396e-03   3.6073e+02
20210430_11:00:00   2.2781e-01   5.7491e+01   3.4302e+00   0.0000e+00   4.2775e-03   3.5932e+02
20210430_12:00:00   2.1591e-01   5.5008e+01   3.2418e+00   0.0000e+00   4.4630e-03   3.5888e+02
20210430_13:00:00   2.1512e-01   5.4822e+01   3.2506e+00   0.0000e+00   4.5955e-03   3.5654e+02
20210430_14:00:00   2.3012e-01   5.7788e+01   3.5626e+00   0.0000e+00   1.0022e-02   3.5714e+02
20210430_15:00:00   2.4620e-01   6.1017e+01   3.8666e+00   0.0000e+00   2.5324e-02   3.5729e+02
20210430_16:00:00   2.5677e-01   6.3165e+01   4.0322e+00   0.0000e+00   8.5228e-02   3.5958e+02
20210430_17:00:00   2.6770e-01   6.5431e+01   4.2055e+00   0.0000e+00   1.0647e-01   3.6096e+02
20210430_18:00:00   2.8671e-01   6.9360e+01   4.4897e+00   0.0000e+00   1.0260e-01   3.6037e+02
20210430_19:00:00   3.1641e-01   7.5271e+01   4.9712e+00   0.0000e+00   6.0041e-02   3.5790e+02
20210430_20:00:00   3.2324e-01   7.6930e+01   5.0127e+00   0.0000e+00   2.0394e-02   3.5628e+02
20210430_21:00:00   3.1380e-01   7.5290e+01   4.7999e+00   0.0000e+00   1.2011e-02   3.5602e+02
20210430_22:00:00   3.0487e-01   7.3507e+01   4.6680e+00   0.0000e+00   9.1694e-03   3.5279e+02
20210430_23:00:00   3.2927e-01   7.8031e+01   5.1066e+00   0.0000e+00   7.9484e-03   3.5011e+02
20210501_00:00:00   3.6540e-01   8.4709e+01   5.7039e+00   0.0000e+00   1.4161e-02   3.5060e+02
20210501_01:00:00   3.9323e-01   8.9606e+01   6.1925e+00   0.0000e+00   3.2945e-02   3.5163e+02
20210501_02:00:00   4.1674e-01   9.3444e+01   6.6953e+00   0.0000e+00   2.0672e-02   3.5209e+02
20210501_03:00:00   4.4852e-01   9.8684e+01   7.2786e+00   0.0000e+00   4.0140e-02   3.5315e+02
20210501_04:00:00   5.3095e-01   1.1180e+02   8.6026e+00   0.0000e+00   9.1809e-02   3.4994e+02
20210501_05:00:00   5.2835e-01   1.1148e+02   8.5344e+00   0.0000e+00   7.1018e-02   3.4656e+02
20210501_06:00:00   5.1411e-01   1.0936e+02   8.2967e+00   0.0000e+00   3.3878e-02   3.4665e+02
20210501_07:00:00   5.0354e-01   1.0791e+02   8.0919e+00   0.0000e+00   1.4620e-02   3.4966e+02
20210501_08:00:00   5.1728e-01   1.1025e+02   8.2810e+00   0.0000e+00   2.0957e-02   3.5188e+02
20210501_09:00:00   4.9111e-01   1.0600e+02   7.8937e+00   0.0000e+00   3.5269e-02   3.5239e+02
20210501_10:00:00   4.8722e-01   1.0543e+02   7.8285e+00   0.0000e+00   5.5232e-02   3.5452e+02
20210501_11:00:00   5.2512e-01   1.1167e+02   8.4123e+00   0.0000e+00   8.5718e-02   3.5707e+02
20210501_12:00:00   5.4509e-01   1.1473e+02   8.6824e+00   0.0000e+00   1.3037e-01   3.5762e+02
20210501_15:00:00   4.9384e-01   1.0764e+02   7.5306e+00   0.0000e+00   3.4317e-02   3.5933e+02
20210501_18:00:00   3.7665e-01   8.8316e+01   5.3743e+00   0.0000e+00   2.9080e-03   3.5422e+02
20210501_21:00:00   3.6839e-01   8.6669e+01   5.3788e+00   0.0000e+00   2.4330e-02   3.5281e+02
20210502_00:00:00   3.2605e-01   7.8880e+01   4.6902e+00   0.0000e+00   3.2613e-02   3.5903e+02
20210502_03:00:00   2.9472e-01   7.2519e+01   4.3053e+00   0.0000e+00   3.7962e-02   3.5379e+02
20210502_06:00:00   3.3939e-01   8.1048e+01   5.0780e+00   0.0000e+00   5.6519e-03   3.5196e+02
20210502_09:00:00   2.8880e-01   7.1328e+01   4.1130e+00   0.0000e+00   4.6278e-04   3.5535e+02
20210502_12:00:00   3.1857e-01   7.7147e+01   4.3882e+00   0.0000e+00   1.7234e-04   3.6078e+02
20210502_15:00:00   3.0902e-01   7.5120e+01   4.2381e+00   0.0000e+00   1.1260e-05   3.7177e+02
20210502_18:00:00   4.5089e-01   1.0080e+02   6.3330e+00   0.0000e+00   0.0000e+00   3.5822e+02
20210502_21:00:00   6.1824e-01   1.2637e+02   8.8594e+00   0.0000e+00   1.4032e-05   3.4750e+02
20210503_00:00:00   6.4278e-01   1.2945e+02   9.1233e+00   6.9838e-04   3.5208e-04   3.4143e+02
20210503_03:00:00   6.6094e-01   1.3157e+02   8.6465e+00   1.8322e-02   6.0855e-03   3.3515e+02
20210503_06:00:00   5.8014e-01   1.2020e+02   8.0927e+00   1.2348e-05   9.5975e-04   3.4668e+02
20210503_09:00:00   5.3067e-01   1.1285e+02   7.4703e+00   0.0000e+00   6.0285e-06   3.6153e+02
20210503_12:00:00   4.9162e-01   1.0709e+02   6.9575e+00   0.0000e+00   0.0000e+00   3.5893e+02
20210503_15:00:00   4.6110e-01   1.0244e+02   6.5356e+00   0.0000e+00   4.2050e-07   3.6745e+02
20210503_18:00:00   4.3397e-01   9.8073e+01   6.2002e+00   0.0000e+00   4.0820e-07   3.7409e+02
20210503_21:00:00   4.0649e-01   9.3401e+01   5.8147e+00   0.0000e+00   3.2050e-07   3.7591e+02
20210504_00:00:00   3.9351e-01   9.0953e+01   5.6342e+00   0.0000e+00   0.0000e+00   3.8119e+02
20210504_03:00:00   3.7397e-01   8.7317e+01   5.3547e+00   0.0000e+00   0.0000e+00   3.8830e+02
20210504_06:00:00   3.5978e-01   8.4549e+01   5.1281e+00   0.0000e+00   0.0000e+00   3.8249e+02
20210504_09:00:00   3.3841e-01   8.0447e+01   4.7891e+00   0.0000e+00   0.0000e+00   3.8796e+02
20210504_12:00:00   3.3631e-01   7.9883e+01   4.7102e+00   0.0000e+00   1.1821e-03   3.9620e+02
20210504_15:00:00   3.6516e-01   8.4977e+01   5.1011e+00   0.0000e+00   1.0954e-03   3.9572e+02
20210504_18:00:00   4.8371e-01   1.0451e+02   7.0828e+00   1.1881e-03   8.7140e-04   3.9097e+02
20210504_21:00:00   5.0326e-01   1.0762e+02   7.2178e+00   4.6127e-03   1.2998e-03   3.8755e+02
20210505_00:00:00   5.5248e-01   1.1519e+02   7.0918e+00   2.8276e-02   5.6417e-03   3.8284e+02
20210505_03:00:00   5.6911e-01   1.1692e+02   7.9256e+00   1.4449e-02   2.4918e-02   3.8340e+02
20210505_06:00:00   4.6266e-01   1.0027e+02   6.7090e+00   0.0000e+00   8.2837e-03   3.8075e+02
20210505_09:00:00   3.4788e-01   8.0332e+01   4.9612e+00   0.0000e+00   6.5687e-03   3.8792e+02
20210505_12:00:00   3.4251e-01   7.9256e+01   4.9269e+00   0.0000e+00   7.2685e-03   3.8806e+02
20210505_15:00:00   3.6854e-01   8.3885e+01   5.3457e+00   0.0000e+00   1.0151e-02   3.8645e+02
20210505_18:00:00   3.9391e-01   8.8280e+01   5.7157e+00   0.0000e+00   3.5575e-02   3.9315e+02
20210505_21:00:00   4.1834e-01   9.2318e+01   6.0688e+00   0.0000e+00   5.1611e-02   3.9422e+02
20210506_00:00:00   4.5407e-01   9.8067e+01   6.5801e+00   0.0000e+00   8.5605e-02   3.8697e+02
20210506_03:00:00   4.9984e-01   1.0528e+02   7.1756e+00   0.0000e+00   1.1559e-01   3.8441e+02
20210506_06:00:00   5.4146e-01   1.1174e+02   7.6185e+00   0.0000e+00   1.7325e-01   3.8649e+02
20210506_09:00:00   5.6083e-01   1.1467e+02   7.7463e+00   0.0000e+00   2.1527e-01   3.8761e+02
20210506_12:00:00   5.3830e-01   1.1121e+02   7.3718e+00   0.0000e+00   1.9092e-01   3.9209e+02
20210506_15:00:00   5.2135e-01   1.0858e+02   7.0980e+00   4.9465e-05   1.5101e-01   3.9284e+02
20210506_18:00:00   5.0458e-01   1.0588e+02   6.7924e+00   3.9754e-05   2.0913e-01   3.9423e+02
20210506_21:00:00   4.7429e-01   1.0088e+02   6.2765e+00   0.0000e+00   2.6490e-01   3.9627e+02
20210507_00:00:00   4.3102e-01   9.3602e+01   5.6152e+00   0.0000e+00   1.6177e-01   4.0172e+02
20210507_03:00:00   3.7859e-01   8.4417e+01   4.8060e+00   0.0000e+00   1.2385e-01   4.1548e+02
20210507_06:00:00   3.0684e-01   7.1176e+01   3.7551e+00   0.0000e+00   8.8300e-03   4.2098e+02
20210507_09:00:00   3.0386e-01   7.0589e+01   3.6930e+00   0.0000e+00   4.4330e-02   4.2047e+02
20210507_12:00:00   3.1153e-01   7.2004e+01   3.8136e+00   0.0000e+00   8.2288e-02   4.2269e+02
20210507_15:00:00   3.3963e-01   7.7207e+01   4.1911e+00   0.0000e+00   1.8220e-01   4.4909e+02
20210507_18:00:00   3.4945e-01   7.9102e+01   4.3644e+00   0.0000e+00   1.6149e-01   4.5508e+02
20210507_21:00:00   3.6318e-01   8.1648e+01   4.5831e+00   0.0000e+00   1.2488e-01   4.4575e+02
20210508_00:00:00   3.8192e-01   8.4997e+01   4.8505e+00   0.0000e+00   8.7518e-02   4.4170e+02
20210508_03:00:00   3.8286e-01   8.5061e+01   4.9135e+00   0.0000e+00   3.9988e-02   4.4240e+02
20210508_06:00:00   3.8086e-01   8.4743e+01   4.9146e+00   0.0000e+00   4.0613e-02   4.4607e+02
20210508_09:00:00   3.8762e-01   8.5955e+01   5.0144e+00   0.0000e+00   5.4519e-02   4.4600e+02
20210508_12:00:00   3.9536e-01   8.7377e+01   5.1364e+00   0.0000e+00   6.0477e-02   4.4774e+02
20210508_15:00:00   4.1041e-01   9.0151e+01   5.3505e+00   0.0000e+00   6.7170e-02   4.5109e+02
20210508_18:00:00   4.2585e-01   9.2945e+01   5.5612e+00   0.0000e+00   7.7938e-02   4.5231e+02
20210508_21:00:00   4.3312e-01   9.4328e+01   5.6584e+00   0.0000e+00   4.9661e-02   4.5166e+02
20210509_00:00:00   4.3171e-01   9.4108e+01   5.6503e+00   0.0000e+00   1.1542e-02   4.5095e+02
20210509_03:00:00   4.1194e-01   9.0618e+01   5.3937e+00   0.0000e+00   4.6766e-03   4.4966e+02
20210509_06:00:00   3.8928e-01   8.6646e+01   5.1127e+00   0.0000e+00   5.5299e-04   4.4674e+02
20210509_09:00:00   3.8223e-01   8.5346e+01   5.0755e+00   0.0000e+00   2.6975e-03   4.4420e+02
20210509_12:00:00   3.8393e-01   8.5806e+01   5.1472e+00   0.0000e+00   8.0366e-04   4.4351e+02
20210509_15:00:00   3.7375e-01   8.4256e+01   5.0195e+00   0.0000e+00   2.0252e-05   4.3834e+02
20210509_18:00:00   3.6689e-01   8.3164e+01   4.9410e+00   0.0000e+00   1.4781e-05   4.3869e+02
20210509_21:00:00   3.5548e-01   8.1394e+01   4.7514e+00   0.0000e+00   1.0676e-05   4.3788e+02
20210510_00:00:00   3.3550e-01   7.7869e+01   4.4839e+00   0.0000e+00   1.1019e-05   4.3044e+02
20210510_03:00:00   3.3481e-01   7.7444e+01   4.6151e+00   0.0000e+00   8.2287e-05   4.2839e+02
20210510_06:00:00   3.4086e-01   7.8355e+01   4.7974e+00   0.0000e+00   6.0121e-03   4.2714e+02
20210510_09:00:00   3.8863e-01   8.6739e+01   5.4904e+00   0.0000e+00   8.2477e-03   4.2370e+02
20210510_12:00:00   4.2463e-01   9.2733e+01   5.9745e+00   0.0000e+00   1.1489e-02   4.2021e+02
20210510_15:00:00   4.1648e-01   9.1232e+01   5.8569e+00   0.0000e+00   2.1920e-02   4.1689e+02
20210510_18:00:00   4.5483e-01   9.7656e+01   6.3496e+00   0.0000e+00   5.3131e-02   4.1784e+02
20210510_21:00:00   3.5747e-01   8.0744e+01   4.9417e+00   0.0000e+00   4.0787e-02   4.2224e+02
20210511_00:00:00   3.5884e-01   8.0835e+01   4.9234e+00   3.3680e-06   3.4607e-02   4.2923e+02
20210511_03:00:00   3.2217e-01   7.4155e+01   4.3070e+00   0.0000e+00   1.6440e-02   4.3574e+02
20210511_06:00:00   2.8552e-01   6.7345e+01   3.6798e+00   0.0000e+00   1.6160e-03   4.3944e+02
20210511_09:00:00   2.8225e-01   6.6724e+01   3.5813e+00   0.0000e+00   2.8736e-04   4.4484e+02
20210511_12:00:00   2.8960e-01   6.8217e+01   3.6517e+00   0.0000e+00   3.0702e-04   4.5261e+02
20210511_15:00:00   3.0771e-01   7.1745e+01   3.8801e+00   0.0000e+00   8.3671e-05   4.5825e+02
20210511_18:00:00   3.1510e-01   7.3162e+01   3.9811e+00   0.0000e+00   1.6840e-04   4.6072e+02
20210511_21:00:00   3.0886e-01   7.2045e+01   3.8804e+00   0.0000e+00   2.2469e-05   4.6135e+02
20210512_00:00:00   3.0367e-01   7.0977e+01   3.8015e+00   0.0000e+00   1.6284e-05   4.6202e+02
20210512_03:00:00   3.0465e-01   7.0937e+01   3.8252e+00   0.0000e+00   6.8807e-04   4.5931e+02
20210512_06:00:00   3.1000e-01   7.1724e+01   3.9551e+00   0.0000e+00   2.0973e-03   4.4895e+02
20210512_09:00:00   3.0642e-01   7.1084e+01   3.9564e+00   0.0000e+00   1.0071e-04   4.4582e+02
20210512_12:00:00   3.2205e-01   7.4056e+01   4.2605e+00   0.0000e+00   2.6483e-04   4.4568e+02
