#            date       tau255        Tb[K]      pwv[mm] lwp[kg*m^-2] iwp[kg*m^-2]       o3[DU]
20210914_12:00:00   4.6756e-01   1.0125e+02   6.4054e+00   0.0000e+00   1.9240e-03   2.8506e+02
20210914_13:00:00   4.6629e-01   1.0108e+02   6.3830e+00   0.0000e+00   7.1691e-04   2.8456e+02
20210914_14:00:00   4.6967e-01   1.0160e+02   6.4306e+00   0.0000e+00   3.5366e-04   2.8338e+02
20210914_15:00:00   4.7170e-01   1.0195e+02   6.4622e+00   0.0000e+00   2.3213e-04   2.8204e+02
20210914_16:00:00   4.7147e-01   1.0192e+02   6.4658e+00   0.0000e+00   1.6829e-04   2.8174e+02
20210914_17:00:00   4.7665e-01   1.0274e+02   6.5401e+00   0.0000e+00   3.7920e-04   2.8129e+02
20210914_18:00:00   4.8114e-01   1.0345e+02   6.6019e+00   0.0000e+00   4.4905e-04   2.8208e+02
20210914_19:00:00   4.8122e-01   1.0347e+02   6.6056e+00   0.0000e+00   4.9340e-04   2.8258e+02
20210914_20:00:00   4.7768e-01   1.0288e+02   6.5603e+00   0.0000e+00   6.3784e-04   2.8216e+02
20210914_21:00:00   4.7377e-01   1.0219e+02   6.5254e+00   0.0000e+00   3.8419e-04   2.8240e+02
20210914_22:00:00   4.6801e-01   1.0120e+02   6.4554e+00   0.0000e+00   1.6292e-04   2.8326e+02
20210914_23:00:00   4.6538e-01   1.0067e+02   6.4224e+00   0.0000e+00   2.2173e-04   2.8381e+02
20210915_00:00:00   4.6258e-01   1.0018e+02   6.3705e+00   0.0000e+00   4.9029e-04   2.8392e+02
20210915_01:00:00   4.6376e-01   1.0028e+02   6.4065e+00   0.0000e+00   7.9049e-04   2.8255e+02
20210915_02:00:00   4.5950e-01   9.9569e+01   6.3420e+00   0.0000e+00   3.6155e-04   2.8261e+02
20210915_03:00:00   4.5673e-01   9.9051e+01   6.3162e+00   0.0000e+00   2.6722e-04   2.8376e+02
20210915_04:00:00   4.5569e-01   9.8816e+01   6.3147e+00   0.0000e+00   1.6145e-04   2.8312e+02
20210915_05:00:00   4.5138e-01   9.8068e+01   6.2708e+00   0.0000e+00   8.4423e-05   2.8357e+02
20210915_06:00:00   4.4808e-01   9.7443e+01   6.2398e+00   0.0000e+00   5.4778e-05   2.8486e+02
20210915_07:00:00   4.5076e-01   9.7816e+01   6.2937e+00   0.0000e+00   4.9391e-05   2.8511e+02
20210915_08:00:00   4.5468e-01   9.8388e+01   6.3673e+00   0.0000e+00   9.5865e-05   2.8603e+02
20210915_09:00:00   4.5824e-01   9.8915e+01   6.4375e+00   0.0000e+00   1.0377e-03   2.8713e+02
20210915_10:00:00   4.6182e-01   9.9452e+01   6.5034e+00   0.0000e+00   3.7532e-03   2.8746e+02
20210915_11:00:00   4.6567e-01   1.0006e+02   6.5656e+00   0.0000e+00   6.7831e-03   2.8748e+02
20210915_12:00:00   4.7035e-01   1.0080e+02   6.6321e+00   0.0000e+00   1.1483e-02   2.8573e+02
20210915_13:00:00   4.7692e-01   1.0188e+02   6.7212e+00   0.0000e+00   1.8995e-02   2.8402e+02
20210915_14:00:00   4.8596e-01   1.0335e+02   6.8431e+00   0.0000e+00   2.6019e-02   2.8263e+02
20210915_15:00:00   4.9758e-01   1.0517e+02   6.9852e+00   0.0000e+00   4.1541e-02   2.8288e+02
20210915_16:00:00   5.1720e-01   1.0825e+02   7.2191e+00   0.0000e+00   6.1446e-02   2.8384e+02
20210915_17:00:00   5.3612e-01   1.1115e+02   7.4197e+00   0.0000e+00   1.2212e-01   2.8388e+02
20210915_18:00:00   5.4631e-01   1.1267e+02   7.4998e+00   0.0000e+00   2.1673e-01   2.8409e+02
20210915_19:00:00   5.4850e-01   1.1299e+02   7.4824e+00   0.0000e+00   2.8279e-01   2.8515e+02
20210915_20:00:00   5.4674e-01   1.1273e+02   7.4427e+00   0.0000e+00   2.8678e-01   2.8571e+02
20210915_21:00:00   5.4446e-01   1.1239e+02   7.3900e+00   0.0000e+00   3.0712e-01   2.8525e+02
20210915_22:00:00   5.4104e-01   1.1186e+02   7.3169e+00   0.0000e+00   3.2024e-01   2.8582e+02
20210915_23:00:00   5.3500e-01   1.1092e+02   7.2188e+00   0.0000e+00   3.1132e-01   2.8779e+02
20210916_00:00:00   5.2961e-01   1.1009e+02   7.1323e+00   0.0000e+00   2.9513e-01   2.8898e+02
20210916_01:00:00   5.2542e-01   1.0947e+02   7.0510e+00   0.0000e+00   2.9362e-01   2.8891e+02
20210916_02:00:00   5.1799e-01   1.0838e+02   6.9209e+00   0.0000e+00   2.7411e-01   2.8928e+02
20210916_03:00:00   5.1379e-01   1.0775e+02   6.8556e+00   0.0000e+00   2.5030e-01   2.9052e+02
20210916_04:00:00   5.0753e-01   1.0678e+02   6.7692e+00   0.0000e+00   2.1370e-01   2.9086e+02
20210916_05:00:00   5.0073e-01   1.0570e+02   6.6825e+00   0.0000e+00   1.7961e-01   2.9151e+02
20210916_06:00:00   4.9228e-01   1.0435e+02   6.5782e+00   0.0000e+00   1.4070e-01   2.9158e+02
20210916_07:00:00   4.8759e-01   1.0361e+02   6.5212e+00   0.0000e+00   1.1975e-01   2.9158e+02
20210916_08:00:00   4.8219e-01   1.0275e+02   6.4567e+00   0.0000e+00   8.8166e-02   2.9133e+02
20210916_09:00:00   4.7865e-01   1.0217e+02   6.4233e+00   0.0000e+00   6.3052e-02   2.9231e+02
20210916_10:00:00   4.7554e-01   1.0166e+02   6.3955e+00   0.0000e+00   5.0369e-02   2.9288e+02
20210916_11:00:00   4.6940e-01   1.0067e+02   6.3270e+00   0.0000e+00   3.0091e-02   2.9235e+02
20210916_12:00:00   4.5884e-01   9.8961e+01   6.2021e+00   0.0000e+00   1.1831e-02   2.9157e+02
20210916_13:00:00   4.5154e-01   9.7761e+01   6.1305e+00   0.0000e+00   3.7756e-03   2.9081e+02
20210916_14:00:00   4.4494e-01   9.6712e+01   6.0530e+00   0.0000e+00   9.8724e-04   2.9046e+02
20210916_15:00:00   4.4191e-01   9.6245e+01   6.0175e+00   0.0000e+00   6.2996e-04   2.9091e+02
20210916_16:00:00   4.4336e-01   9.6533e+01   6.0364e+00   0.0000e+00   1.1779e-03   2.9069e+02
20210916_17:00:00   4.4330e-01   9.6572e+01   6.0320e+00   0.0000e+00   1.3148e-03   2.8973e+02
20210916_18:00:00   4.3805e-01   9.5760e+01   5.9593e+00   0.0000e+00   8.7791e-04   2.8830e+02
20210916_19:00:00   4.2922e-01   9.4312e+01   5.8418e+00   0.0000e+00   5.1843e-04   2.8713e+02
20210916_20:00:00   4.2002e-01   9.2744e+01   5.7257e+00   0.0000e+00   6.8676e-05   2.8619e+02
20210916_21:00:00   4.0938e-01   9.0918e+01   5.5947e+00   0.0000e+00   5.4030e-05   2.8522e+02
20210916_22:00:00   4.0041e-01   8.9292e+01   5.4942e+00   0.0000e+00   3.1999e-04   2.8577e+02
20210916_23:00:00   3.9104e-01   8.7600e+01   5.3876e+00   0.0000e+00   1.0769e-03   2.8711e+02
20210917_00:00:00   3.8504e-01   8.6505e+01   5.3252e+00   0.0000e+00   1.8396e-03   2.8912e+02
20210917_01:00:00   3.7822e-01   8.5267e+01   5.2461e+00   0.0000e+00   1.4868e-03   2.9099e+02
20210917_02:00:00   3.7305e-01   8.4332e+01   5.1842e+00   0.0000e+00   7.3829e-04   2.9195e+02
20210917_03:00:00   3.6887e-01   8.3563e+01   5.1377e+00   0.0000e+00   8.0513e-04   2.9236e+02
20210917_04:00:00   3.6384e-01   8.2641e+01   5.0758e+00   0.0000e+00   7.2456e-04   2.9213e+02
20210917_05:00:00   3.6086e-01   8.2093e+01   5.0364e+00   0.0000e+00   1.2780e-03   2.9179e+02
20210917_06:00:00   3.5478e-01   8.0990e+01   4.9498e+00   0.0000e+00   2.2523e-03   2.9196e+02
20210917_07:00:00   3.4809e-01   7.9765e+01   4.8577e+00   0.0000e+00   2.6580e-03   2.9241e+02
20210917_08:00:00   3.4337e-01   7.8893e+01   4.7987e+00   0.0000e+00   1.3219e-03   2.9339e+02
20210917_09:00:00   3.4243e-01   7.8677e+01   4.7972e+00   0.0000e+00   5.8508e-04   2.9428e+02
20210917_10:00:00   3.4427e-01   7.8968e+01   4.8336e+00   0.0000e+00   9.5274e-05   2.9312e+02
20210917_11:00:00   3.4902e-01   7.9794e+01   4.9100e+00   0.0000e+00   3.2206e-05   2.9107e+02
20210917_12:00:00   3.5550e-01   8.0950e+01   5.0054e+00   0.0000e+00   3.3203e-05   2.9018e+02
20210917_13:00:00   3.6185e-01   8.2088e+01   5.0914e+00   0.0000e+00   3.2632e-05   2.9065e+02
20210917_14:00:00   3.7524e-01   8.4468e+01   5.2610e+00   0.0000e+00   4.9400e-05   2.9215e+02
20210917_15:00:00   3.9298e-01   8.7547e+01   5.4856e+00   0.0000e+00   7.5464e-05   2.9209e+02
20210917_16:00:00   4.0191e-01   8.9042e+01   5.5984e+00   0.0000e+00   2.5113e-04   2.9243e+02
20210917_17:00:00   4.0671e-01   8.9794e+01   5.6607e+00   0.0000e+00   7.1129e-04   2.9299e+02
20210917_18:00:00   4.1072e-01   9.0423e+01   5.7160e+00   0.0000e+00   1.8298e-03   2.9283e+02
20210917_19:00:00   4.1127e-01   9.0453e+01   5.7332e+00   0.0000e+00   3.4748e-03   2.9280e+02
20210917_20:00:00   4.1291e-01   9.0617e+01   5.7898e+00   0.0000e+00   4.5720e-03   2.9268e+02
20210917_21:00:00   4.1105e-01   9.0235e+01   5.7728e+00   0.0000e+00   4.3721e-03   2.9235e+02
20210917_22:00:00   4.0807e-01   8.9661e+01   5.7348e+00   0.0000e+00   4.4014e-03   2.9161e+02
20210917_23:00:00   4.0715e-01   8.9462e+01   5.7200e+00   0.0000e+00   4.1516e-03   2.9196e+02
20210918_00:00:00   4.0712e-01   8.9406e+01   5.7185e+00   0.0000e+00   2.6087e-03   2.9259e+02
20210918_01:00:00   4.1232e-01   9.0266e+01   5.7895e+00   0.0000e+00   2.1498e-03   2.9284e+02
20210918_02:00:00   4.1742e-01   9.1149e+01   5.8413e+00   0.0000e+00   3.2571e-03   2.9279e+02
20210918_03:00:00   4.3018e-01   9.3268e+01   6.0100e+00   0.0000e+00   9.5403e-03   2.9238e+02
20210918_04:00:00   4.4309e-01   9.5458e+01   6.1682e+00   0.0000e+00   2.5711e-02   2.9301e+02
20210918_05:00:00   4.5281e-01   9.7104e+01   6.2768e+00   0.0000e+00   4.9978e-02   2.9488e+02
20210918_06:00:00   4.5932e-01   9.8211e+01   6.3432e+00   0.0000e+00   6.5738e-02   2.9743e+02
20210918_07:00:00   4.6240e-01   9.8740e+01   6.3664e+00   0.0000e+00   8.1576e-02   2.9950e+02
20210918_08:00:00   4.6465e-01   9.9145e+01   6.3839e+00   0.0000e+00   8.4811e-02   3.0004e+02
20210918_09:00:00   4.6645e-01   9.9476e+01   6.4001e+00   0.0000e+00   8.1082e-02   3.0032e+02
20210918_10:00:00   4.6864e-01   9.9859e+01   6.4227e+00   0.0000e+00   8.3749e-02   2.9992e+02
20210918_11:00:00   4.7102e-01   1.0027e+02   6.4487e+00   0.0000e+00   9.4012e-02   2.9938e+02
20210918_12:00:00   4.7514e-01   1.0098e+02   6.5000e+00   0.0000e+00   1.0973e-01   2.9882e+02
20210918_13:00:00   4.7876e-01   1.0160e+02   6.5451e+00   0.0000e+00   1.2318e-01   2.9932e+02
20210918_14:00:00   4.8096e-01   1.0198e+02   6.5603e+00   0.0000e+00   1.5077e-01   3.0041e+02
20210918_15:00:00   4.8349e-01   1.0242e+02   6.5873e+00   0.0000e+00   1.6958e-01   3.0166e+02
20210918_16:00:00   4.8647e-01   1.0293e+02   6.6308e+00   0.0000e+00   1.6710e-01   3.0345e+02
20210918_17:00:00   4.8576e-01   1.0282e+02   6.6232e+00   0.0000e+00   1.6025e-01   3.0517e+02
20210918_18:00:00   4.8597e-01   1.0287e+02   6.6395e+00   0.0000e+00   1.3782e-01   3.0543e+02
20210918_19:00:00   4.8690e-01   1.0302e+02   6.6548e+00   0.0000e+00   1.3761e-01   3.0531e+02
20210918_20:00:00   4.8536e-01   1.0277e+02   6.6336e+00   0.0000e+00   1.3547e-01   3.0484e+02
20210918_21:00:00   4.8450e-01   1.0263e+02   6.6232e+00   0.0000e+00   1.3285e-01   3.0453e+02
20210918_22:00:00   4.8210e-01   1.0223e+02   6.6013e+00   0.0000e+00   1.1046e-01   3.0445e+02
20210918_23:00:00   4.8238e-01   1.0225e+02   6.5855e+00   0.0000e+00   1.5042e-01   3.0432e+02
20210919_00:00:00   4.8263e-01   1.0228e+02   6.5805e+00   0.0000e+00   1.5960e-01   3.0405e+02
20210919_01:00:00   4.8188e-01   1.0217e+02   6.5729e+00   0.0000e+00   1.4621e-01   3.0333e+02
20210919_02:00:00   4.8079e-01   1.0201e+02   6.5738e+00   0.0000e+00   1.1691e-01   3.0308e+02
20210919_03:00:00   4.7636e-01   1.0129e+02   6.5326e+00   0.0000e+00   8.2013e-02   3.0289e+02
20210919_04:00:00   4.7369e-01   1.0085e+02   6.5038e+00   0.0000e+00   7.0488e-02   3.0238e+02
20210919_05:00:00   4.7083e-01   1.0037e+02   6.4634e+00   0.0000e+00   6.9617e-02   3.0197e+02
20210919_06:00:00   4.6445e-01   9.9334e+01   6.3949e+00   0.0000e+00   4.8733e-02   3.0186e+02
20210919_07:00:00   4.5855e-01   9.8355e+01   6.3205e+00   0.0000e+00   4.8932e-02   3.0086e+02
20210919_08:00:00   4.5629e-01   9.7951e+01   6.2835e+00   0.0000e+00   6.0016e-02   3.0032e+02
20210919_09:00:00   4.5159e-01   9.7161e+01   6.2090e+00   0.0000e+00   8.6646e-02   3.0028e+02
20210919_10:00:00   4.4746e-01   9.6467e+01   6.1469e+00   0.0000e+00   9.9708e-02   3.0078e+02
20210919_11:00:00   4.4867e-01   9.6668e+01   6.1389e+00   0.0000e+00   1.3865e-01   3.0093e+02
20210919_12:00:00   4.5159e-01   9.7162e+01   6.1659e+00   0.0000e+00   1.4396e-01   3.0017e+02
20210919_15:00:00   4.3542e-01   9.4501e+01   5.9385e+00   0.0000e+00   1.6105e-01   2.9553e+02
20210919_18:00:00   4.2330e-01   9.2537e+01   5.7516e+00   0.0000e+00   1.7977e-01   2.9285e+02
20210919_21:00:00   4.2577e-01   9.3102e+01   5.7796e+00   0.0000e+00   1.3798e-01   2.9549e+02
20210920_00:00:00   4.3884e-01   9.5541e+01   5.9130e+00   0.0000e+00   1.4222e-01   2.9476e+02
20210920_03:00:00   4.6384e-01   9.9947e+01   6.2381e+00   0.0000e+00   1.0308e-01   2.9166e+02
20210920_06:00:00   4.8826e-01   1.0400e+02   6.5328e+00   0.0000e+00   8.0377e-02   2.8887e+02
20210920_09:00:00   4.5837e-01   9.9088e+01   6.1517e+00   0.0000e+00   5.5379e-03   2.8704e+02
20210920_12:00:00   4.4360e-01   9.6703e+01   5.9448e+00   0.0000e+00   1.6608e-03   2.8605e+02
20210920_15:00:00   4.0321e-01   9.0011e+01   5.4094e+00   0.0000e+00   3.0313e-05   2.8554e+02
20210920_18:00:00   3.6513e-01   8.3472e+01   4.8910e+00   0.0000e+00   1.6384e-05   2.8673e+02
20210920_21:00:00   3.2322e-01   7.5811e+01   4.3097e+00   0.0000e+00   1.4276e-07   2.8738e+02
20210921_00:00:00   2.8638e-01   6.8772e+01   3.8000e+00   0.0000e+00   0.0000e+00   2.8667e+02
20210921_03:00:00   2.4911e-01   6.1406e+01   3.2810e+00   0.0000e+00   0.0000e+00   2.8638e+02
20210921_06:00:00   2.2916e-01   5.7379e+01   3.0077e+00   0.0000e+00   0.0000e+00   2.8772e+02
20210921_09:00:00   2.1215e-01   5.3936e+01   2.7643e+00   0.0000e+00   0.0000e+00   2.9121e+02
20210921_12:00:00   1.9858e-01   5.1220e+01   2.5877e+00   0.0000e+00   0.0000e+00   2.9504e+02
20210921_15:00:00   1.9508e-01   5.0633e+01   2.5438e+00   0.0000e+00   0.0000e+00   3.0089e+02
20210921_18:00:00   1.9648e-01   5.1004e+01   2.5724e+00   0.0000e+00   0.0000e+00   3.0312e+02
20210921_21:00:00   2.0447e-01   5.2609e+01   2.7372e+00   0.0000e+00   0.0000e+00   3.0116e+02
20210922_00:00:00   2.2068e-01   5.5831e+01   3.0719e+00   0.0000e+00   8.1580e-06   3.0089e+02
20210922_03:00:00   2.5638e-01   6.3001e+01   3.7331e+00   0.0000e+00   1.4064e-03   3.0006e+02
20210922_06:00:00   3.0273e-01   7.2170e+01   4.5503e+00   0.0000e+00   1.9543e-03   2.9760e+02
20210922_09:00:00   3.4666e-01   8.0884e+01   5.2729e+00   0.0000e+00   1.8598e-05   2.9371e+02
20210922_12:00:00   3.7678e-01   8.6793e+01   5.7710e+00   0.0000e+00   2.7536e-05   2.8897e+02
20210922_15:00:00   3.6963e-01   8.5796e+01   5.7143e+00   0.0000e+00   1.9645e-04   2.8763e+02
20210922_18:00:00   4.0499e-01   9.2387e+01   6.3515e+00   0.0000e+00   2.3920e-04   2.8338e+02
20210922_21:00:00   4.7501e-01   1.0441e+02   7.4941e+00   0.0000e+00   2.9182e-03   2.8302e+02
20210923_00:00:00   5.1738e-01   1.1113e+02   8.2236e+00   0.0000e+00   2.1836e-03   2.8279e+02
20210923_03:00:00   5.2322e-01   1.1191e+02   8.3052e+00   0.0000e+00   3.7765e-04   2.8075e+02
20210923_06:00:00   5.2190e-01   1.1157e+02   8.2320e+00   0.0000e+00   2.4518e-03   2.8205e+02
20210923_09:00:00   5.2531e-01   1.1186e+02   8.2608e+00   0.0000e+00   5.0631e-03   2.8411e+02
20210923_12:00:00   5.2289e-01   1.1127e+02   8.1827e+00   0.0000e+00   7.1123e-04   2.8329e+02
20210923_15:00:00   5.3198e-01   1.1257e+02   8.2792e+00   0.0000e+00   5.6362e-04   2.8162e+02
20210923_18:00:00   5.3902e-01   1.1354e+02   8.3480e+00   0.0000e+00   1.2047e-03   2.8574e+02
20210923_21:00:00   5.2815e-01   1.1170e+02   8.1411e+00   0.0000e+00   0.0000e+00   2.8822e+02
20210924_00:00:00   5.0516e-01   1.0789e+02   7.7498e+00   0.0000e+00   0.0000e+00   2.9143e+02
20210924_03:00:00   4.9556e-01   1.0615e+02   7.5750e+00   0.0000e+00   0.0000e+00   2.9286e+02
20210924_06:00:00   5.3838e-01   1.1269e+02   8.1173e+00   0.0000e+00   0.0000e+00   2.9300e+02
20210924_09:00:00   5.4379e-01   1.1336e+02   8.1604e+00   0.0000e+00   3.7330e-06   2.9122e+02
20210924_12:00:00   5.4382e-01   1.1330e+02   8.0747e+00   1.7960e-05   3.5632e-05   2.8939e+02
20210924_15:00:00   5.5267e-01   1.1477e+02   8.0734e+00   0.0000e+00   6.9444e-05   2.8723e+02
20210924_18:00:00   4.9048e-01   1.0562e+02   6.7766e+00   1.7330e-03   1.2243e-03   2.8200e+02
20210924_21:00:00   5.8566e-01   1.1945e+02   8.3494e+00   5.3038e-03   2.2521e-02   2.8177e+02
20210925_00:00:00   5.6542e-01   1.1686e+02   7.8484e+00   3.1860e-06   5.4224e-02   2.8441e+02
20210925_03:00:00   5.4357e-01   1.1345e+02   7.4835e+00   8.2085e-05   5.0312e-02   2.8945e+02
20210925_06:00:00   5.3940e-01   1.1258e+02   7.3936e+00   2.4085e-05   5.3076e-02   2.9422e+02
20210925_09:00:00   5.2392e-01   1.1004e+02   7.0831e+00   2.5466e-03   2.5335e-02   2.9521e+02
20210925_12:00:00   5.3286e-01   1.1119e+02   7.1700e+00   4.2641e-03   4.1700e-02   2.9613e+02
20210925_15:00:00   5.3919e-01   1.1187e+02   7.4977e+00   1.3896e-04   1.6949e-02   2.9557e+02
20210925_18:00:00   5.2371e-01   1.0963e+02   7.2699e+00   7.8340e-06   6.4106e-03   2.9889e+02
20210925_21:00:00   5.0613e-01   1.0687e+02   7.0528e+00   1.2554e-04   1.4877e-03   2.9759e+02
20210926_00:00:00   5.0217e-01   1.0624e+02   7.0170e+00   0.0000e+00   1.7842e-04   2.9791e+02
20210926_03:00:00   5.1164e-01   1.0769e+02   7.1550e+00   0.0000e+00   5.1552e-04   3.0188e+02
20210926_06:00:00   5.3838e-01   1.1177e+02   7.5212e+00   1.0950e-04   6.3452e-03   3.0147e+02
20210926_09:00:00   5.4764e-01   1.1320e+02   7.5987e+00   1.1620e-06   2.4209e-02   3.0706e+02
20210926_12:00:00   6.0684e-01   1.2188e+02   7.6678e+00   2.1231e-02   1.0572e-01   3.1048e+02
20210926_15:00:00   5.4188e-01   1.1243e+02   7.3918e+00   1.7540e-05   6.9129e-02   3.1313e+02
20210926_18:00:00   5.2298e-01   1.0951e+02   7.1858e+00   2.1240e-06   3.2402e-02   3.1248e+02
20210926_21:00:00   5.1300e-01   1.0790e+02   7.0865e+00   0.0000e+00   2.4743e-02   3.1638e+02
20210927_00:00:00   5.0199e-01   1.0629e+02   6.8380e+00   0.0000e+00   3.3251e-02   3.1273e+02
20210927_03:00:00   5.1419e-01   1.0803e+02   7.0468e+00   9.5600e-06   6.6406e-02   3.1703e+02
20210927_06:00:00   5.4285e-01   1.1217e+02   7.5955e+00   0.0000e+00   6.5077e-02   3.1277e+02
20210927_09:00:00   5.7581e-01   1.1685e+02   8.0543e+00   0.0000e+00   2.1921e-01   3.0493e+02
20210927_12:00:00   5.6678e-01   1.1550e+02   7.9540e+00   0.0000e+00   1.8823e-01   3.0695e+02
20210927_15:00:00   5.4625e-01   1.1238e+02   7.7174e+00   0.0000e+00   1.6761e-01   3.0350e+02
20210927_18:00:00   5.3093e-01   1.1002e+02   7.5741e+00   0.0000e+00   1.1496e-01   3.0347e+02
20210927_21:00:00   5.2735e-01   1.0946e+02   7.5928e+00   0.0000e+00   7.1038e-02   3.0576e+02
20210928_00:00:00   5.4443e-01   1.1212e+02   7.8655e+00   0.0000e+00   1.3954e-01   3.0646e+02
20210928_03:00:00   5.3926e-01   1.1142e+02   7.8576e+00   0.0000e+00   1.6653e-01   3.0925e+02
20210928_06:00:00   5.1407e-01   1.0757e+02   7.5915e+00   0.0000e+00   1.6108e-01   3.1129e+02
20210928_09:00:00   5.0117e-01   1.0557e+02   7.4695e+00   0.0000e+00   1.2638e-01   3.0716e+02
20210928_12:00:00   4.5526e-01   9.8145e+01   6.8435e+00   0.0000e+00   1.2042e-01   3.0694e+02
20210928_15:00:00   4.4627e-01   9.6570e+01   6.8131e+00   0.0000e+00   6.7668e-02   3.0190e+02
20210928_18:00:00   4.9400e-01   1.0440e+02   7.5746e+00   0.0000e+00   6.8633e-02   3.0054e+02
20210928_21:00:00   4.9221e-01   1.0430e+02   7.6576e+00   0.0000e+00   4.7033e-02   3.0178e+02
20210929_00:00:00   5.2195e-01   1.0920e+02   8.1516e+00   0.0000e+00   2.2019e-02   3.0833e+02
20210929_03:00:00   5.5605e-01   1.1443e+02   8.6571e+00   0.0000e+00   1.3342e-01   3.0720e+02
20210929_06:00:00   5.7741e-01   1.1752e+02   8.8437e+00   0.0000e+00   3.1583e-01   3.1039e+02
20210929_09:00:00   6.3445e-01   1.2555e+02   9.2781e+00   0.0000e+00   4.7989e-01   3.1143e+02
20210929_12:00:00   6.2810e-01   1.2469e+02   8.9226e+00   5.3100e-07   4.8757e-01   3.1591e+02
20210929_15:00:00   5.9788e-01   1.2074e+02   8.3298e+00   0.0000e+00   3.0290e-01   3.1777e+02
20210929_18:00:00   5.5243e-01   1.1472e+02   7.4781e+00   0.0000e+00   5.3220e-02   3.1600e+02
20210929_21:00:00   5.0427e-01   1.0732e+02   6.8920e+00   0.0000e+00   4.5234e-03   3.1808e+02
20210930_00:00:00   4.7334e-01   1.0228e+02   6.5895e+00   4.1640e-04   3.6431e-04   3.2181e+02
20210930_03:00:00   5.4922e-01   1.1434e+02   7.3569e+00   1.1121e-02   1.1875e-02   3.1959e+02
20210930_06:00:00   5.1565e-01   1.0947e+02   7.1839e+00   2.7673e-03   4.8681e-03   3.1167e+02
20210930_09:00:00   4.8709e-01   1.0510e+02   6.7966e+00   0.0000e+00   1.1395e-03   3.0626e+02
20210930_12:00:00   6.5305e-01   1.2893e+02   9.5500e+00   3.2620e-05   6.8962e-02   3.0162e+02
