#            date       tau255        Tb[K]      pwv[mm] lwp[kg*m^-2] iwp[kg*m^-2]       o3[DU]
20210331_06:00:00   2.6675e-01   6.3183e+01   3.5523e+00   0.0000e+00   2.4500e-02   4.0526e+02
20210331_07:00:00   2.7427e-01   6.4733e+01   3.6723e+00   0.0000e+00   1.8321e-02   3.9858e+02
20210331_08:00:00   2.8516e-01   6.6897e+01   3.8323e+00   0.0000e+00   1.2752e-02   3.9371e+02
20210331_09:00:00   2.8727e-01   6.7419e+01   3.8758e+00   0.0000e+00   1.4253e-02   3.9586e+02
20210331_10:00:00   2.8825e-01   6.7641e+01   3.9027e+00   0.0000e+00   2.5716e-02   3.9580e+02
20210331_11:00:00   2.8386e-01   6.6860e+01   3.8475e+00   0.0000e+00   4.4260e-02   3.9669e+02
20210331_12:00:00   2.7294e-01   6.4835e+01   3.6990e+00   0.0000e+00   6.1671e-02   3.9841e+02
20210331_13:00:00   2.7045e-01   6.4342e+01   3.6336e+00   0.0000e+00   1.8542e-01   3.9708e+02
20210331_14:00:00   3.3293e-01   7.5945e+01   4.3626e+00   0.0000e+00   5.5113e-01   3.9905e+02
20210331_15:00:00   3.2849e-01   7.4605e+01   4.3312e+00   0.0000e+00   2.6827e-01   4.0050e+02
20210331_16:00:00   3.1186e-01   7.1348e+01   4.0819e+00   0.0000e+00   2.1643e-01   4.0469e+02
20210331_17:00:00   3.2122e-01   7.3131e+01   4.1842e+00   0.0000e+00   1.8411e-01   4.0854e+02
20210331_18:00:00   2.8626e-01   6.6181e+01   3.5902e+00   0.0000e+00   3.0706e-01   4.0853e+02
20210331_19:00:00   2.4118e-01   5.7102e+01   2.9158e+00   0.0000e+00   1.6017e-01   3.9908e+02
20210331_20:00:00   2.1684e-01   5.2089e+01   2.5121e+00   7.5900e-05   9.2646e-02   3.9878e+02
20210331_21:00:00   2.0108e-01   4.8947e+01   2.2449e+00   0.0000e+00   5.8843e-02   3.9589e+02
20210331_22:00:00   1.8447e-01   4.5783e+01   1.9754e+00   0.0000e+00   2.3900e-02   4.0586e+02
20210331_23:00:00   1.7129e-01   4.3153e+01   1.7676e+00   0.0000e+00   1.7440e-02   4.0337e+02
20210401_00:00:00   1.6541e-01   4.1824e+01   1.6842e+00   1.6099e-04   9.4254e-03   3.9660e+02
20210401_01:00:00   1.5675e-01   3.9939e+01   1.5874e+00   0.0000e+00   1.2649e-03   3.9446e+02
20210401_02:00:00   1.6119e-01   4.0887e+01   1.6610e+00   0.0000e+00   7.1636e-04   3.8815e+02
20210401_03:00:00   1.6837e-01   4.2394e+01   1.7861e+00   0.0000e+00   6.9016e-03   3.8546e+02
20210401_04:00:00   1.6814e-01   4.2388e+01   1.7987e+00   0.0000e+00   1.7001e-02   3.7699e+02
20210401_05:00:00   1.6812e-01   4.2472e+01   1.8225e+00   0.0000e+00   3.0044e-02   3.6702e+02
20210401_06:00:00   2.0072e-01   4.9146e+01   2.2888e+00   0.0000e+00   4.3098e-02   3.6898e+02
20210401_07:00:00   2.1689e-01   5.2345e+01   2.5096e+00   0.0000e+00   5.6502e-02   3.7321e+02
20210401_08:00:00   2.2937e-01   5.4787e+01   2.6899e+00   0.0000e+00   6.0602e-02   3.7752e+02
20210401_09:00:00   2.4449e-01   5.7792e+01   2.8785e+00   0.0000e+00   1.3923e-01   3.7724e+02
20210401_10:00:00   2.5820e-01   6.0499e+01   3.0457e+00   0.0000e+00   2.0775e-01   3.7680e+02
20210401_11:00:00   2.6634e-01   6.2075e+01   3.1740e+00   0.0000e+00   2.1536e-01   3.8011e+02
20210401_12:00:00   2.6228e-01   6.1301e+01   3.1520e+00   0.0000e+00   1.4414e-01   3.7904e+02
20210401_13:00:00   2.5308e-01   5.9530e+01   3.0739e+00   0.0000e+00   7.8725e-02   3.8055e+02
20210401_14:00:00   2.5340e-01   5.9660e+01   3.0875e+00   0.0000e+00   5.8471e-02   3.8152e+02
20210401_15:00:00   2.6789e-01   6.2582e+01   3.2905e+00   0.0000e+00   6.6083e-02   3.8895e+02
20210401_16:00:00   2.8288e-01   6.5617e+01   3.4938e+00   0.0000e+00   1.1418e-01   3.9320e+02
20210401_17:00:00   3.0039e-01   6.9048e+01   3.7701e+00   0.0000e+00   1.0410e-01   3.9784e+02
20210401_18:00:00   3.1787e-01   7.2445e+01   4.0118e+00   0.0000e+00   1.5934e-01   3.9744e+02
20210401_19:00:00   3.3125e-01   7.4992e+01   4.2158e+00   0.0000e+00   1.6083e-01   3.9362e+02
20210401_20:00:00   3.4371e-01   7.7311e+01   4.3820e+00   0.0000e+00   2.4967e-01   3.8612e+02
20210401_21:00:00   3.5246e-01   7.8922e+01   4.4964e+00   0.0000e+00   3.3938e-01   3.8116e+02
20210401_22:00:00   3.5812e-01   7.9995e+01   4.5889e+00   0.0000e+00   3.6330e-01   3.8394e+02
20210401_23:00:00   3.6668e-01   8.1603e+01   4.7277e+00   0.0000e+00   3.7393e-01   3.8684e+02
20210402_00:00:00   3.7434e-01   8.3072e+01   4.8741e+00   0.0000e+00   3.2081e-01   3.8547e+02
20210402_01:00:00   3.8304e-01   8.4694e+01   4.9872e+00   0.0000e+00   3.7386e-01   3.8542e+02
20210402_02:00:00   3.8795e-01   8.5626e+01   5.0476e+00   0.0000e+00   4.0102e-01   3.8951e+02
20210402_03:00:00   3.9315e-01   8.6598e+01   5.1333e+00   0.0000e+00   3.8937e-01   3.9252e+02
20210402_04:00:00   3.9584e-01   8.7081e+01   5.2022e+00   0.0000e+00   3.5028e-01   3.9466e+02
20210402_05:00:00   3.9266e-01   8.6420e+01   5.1334e+00   0.0000e+00   4.4730e-01   3.9528e+02
20210402_06:00:00   3.7822e-01   8.3681e+01   4.9228e+00   0.0000e+00   4.7343e-01   3.9627e+02
20210402_07:00:00   3.5533e-01   7.9295e+01   4.5636e+00   0.0000e+00   5.3932e-01   4.0413e+02
20210402_08:00:00   3.0631e-01   6.9805e+01   3.7570e+00   0.0000e+00   6.5830e-01   4.0352e+02
20210402_09:00:00   2.5025e-01   5.8738e+01   2.9083e+00   0.0000e+00   5.3326e-01   4.0570e+02
20210402_10:00:00   1.9923e-01   4.8240e+01   2.1373e+00   0.0000e+00   4.1854e-01   4.0909e+02
20210402_11:00:00   1.6149e-01   4.0379e+01   1.6477e+00   0.0000e+00   1.2738e-01   4.1396e+02
20210402_12:00:00   1.3372e-01   3.4531e+01   1.2554e+00   0.0000e+00   1.7244e-02   4.1482e+02
20210402_13:00:00   1.1867e-01   3.1257e+01   1.0280e+00   0.0000e+00   1.2851e-02   4.1138e+02
20210402_14:00:00   1.1016e-01   2.9398e+01   9.0688e-01   0.0000e+00   5.8583e-03   4.1159e+02
20210402_15:00:00   1.0591e-01   2.8447e+01   8.4276e-01   0.0000e+00   2.7973e-03   4.1406e+02
20210402_16:00:00   1.0428e-01   2.8067e+01   8.1374e-01   0.0000e+00   2.6314e-03   4.1754e+02
20210402_17:00:00   1.0404e-01   2.8001e+01   8.0673e-01   0.0000e+00   3.2318e-03   4.1834e+02
20210402_18:00:00   1.0366e-01   2.7905e+01   7.9756e-01   0.0000e+00   3.1968e-03   4.1949e+02
20210402_19:00:00   1.0248e-01   2.7656e+01   7.8245e-01   0.0000e+00   1.4369e-03   4.1595e+02
20210402_20:00:00   1.0254e-01   2.7668e+01   7.7940e-01   0.0000e+00   9.3862e-04   4.1292e+02
20210402_21:00:00   1.0243e-01   2.7652e+01   7.7672e-01   0.0000e+00   6.6237e-04   4.1881e+02
20210402_22:00:00   1.0195e-01   2.7549e+01   7.7030e-01   0.0000e+00   6.0873e-04   4.2305e+02
20210402_23:00:00   1.0268e-01   2.7709e+01   7.7863e-01   0.0000e+00   1.2598e-03   4.2267e+02
20210403_00:00:00   1.0259e-01   2.7699e+01   7.8118e-01   0.0000e+00   8.6219e-04   4.2107e+02
20210403_01:00:00   1.0373e-01   2.7943e+01   7.9759e-01   0.0000e+00   1.2289e-03   4.2002e+02
20210403_02:00:00   1.0642e-01   2.8517e+01   8.3012e-01   0.0000e+00   1.6372e-03   4.1944e+02
20210403_03:00:00   1.0895e-01   2.9068e+01   8.6251e-01   0.0000e+00   1.4002e-03   4.2017e+02
20210403_04:00:00   1.1164e-01   2.9637e+01   8.9886e-01   0.0000e+00   2.1970e-03   4.1991e+02
20210403_05:00:00   1.1793e-01   3.0954e+01   9.8729e-01   0.0000e+00   4.6003e-03   4.1985e+02
20210403_06:00:00   1.2304e-01   3.2031e+01   1.0638e+00   0.0000e+00   9.8807e-03   4.1969e+02
20210403_07:00:00   1.2696e-01   3.2869e+01   1.1183e+00   0.0000e+00   1.6376e-02   4.1719e+02
20210403_08:00:00   1.2980e-01   3.3481e+01   1.1529e+00   0.0000e+00   2.6762e-02   4.1523e+02
20210403_09:00:00   1.3215e-01   3.3991e+01   1.1819e+00   0.0000e+00   3.2802e-02   4.1271e+02
20210403_10:00:00   1.3437e-01   3.4470e+01   1.2088e+00   0.0000e+00   3.3859e-02   4.1027e+02
20210403_11:00:00   1.3656e-01   3.4944e+01   1.2345e+00   0.0000e+00   3.8345e-02   4.0921e+02
20210403_12:00:00   1.3832e-01   3.5324e+01   1.2561e+00   0.0000e+00   4.3138e-02   4.0660e+02
20210403_13:00:00   1.3934e-01   3.5548e+01   1.2704e+00   0.0000e+00   3.9618e-02   4.0746e+02
20210403_14:00:00   1.4266e-01   3.6230e+01   1.3131e+00   0.0000e+00   3.7473e-02   4.0620e+02
20210403_15:00:00   1.4359e-01   3.6432e+01   1.3256e+00   0.0000e+00   3.2350e-02   4.0492e+02
20210403_16:00:00   1.4704e-01   3.7143e+01   1.3744e+00   0.0000e+00   2.6848e-02   4.0598e+02
20210403_17:00:00   1.4818e-01   3.7392e+01   1.3910e+00   0.0000e+00   2.2932e-02   4.0567e+02
20210403_18:00:00   1.4946e-01   3.7667e+01   1.4095e+00   0.0000e+00   1.8709e-02   4.0052e+02
20210403_19:00:00   1.5106e-01   3.8011e+01   1.4311e+00   0.0000e+00   1.6450e-02   4.0201e+02
20210403_20:00:00   1.5234e-01   3.8285e+01   1.4467e+00   0.0000e+00   1.6233e-02   4.0316e+02
20210403_21:00:00   1.5327e-01   3.8496e+01   1.4599e+00   0.0000e+00   1.2010e-02   4.0244e+02
20210403_22:00:00   1.5381e-01   3.8629e+01   1.4704e+00   0.0000e+00   6.2929e-03   3.9812e+02
20210403_23:00:00   1.5627e-01   3.9132e+01   1.5115e+00   0.0000e+00   2.8063e-03   3.9463e+02
20210404_00:00:00   1.5600e-01   3.9076e+01   1.5113e+00   0.0000e+00   2.2625e-03   3.9374e+02
20210404_01:00:00   1.5657e-01   3.9209e+01   1.5215e+00   0.0000e+00   1.7162e-03   3.9131e+02
20210404_02:00:00   1.5635e-01   3.9191e+01   1.5201e+00   0.0000e+00   9.8550e-04   3.9033e+02
20210404_03:00:00   1.5535e-01   3.9019e+01   1.5083e+00   0.0000e+00   5.0980e-04   3.8930e+02
20210404_04:00:00   1.5343e-01   3.8667e+01   1.4846e+00   0.0000e+00   1.5742e-04   3.8653e+02
20210404_05:00:00   1.5158e-01   3.8324e+01   1.4629e+00   0.0000e+00   4.2813e-05   3.8266e+02
20210404_06:00:00   1.4945e-01   3.7930e+01   1.4389e+00   0.0000e+00   3.1712e-05   3.8118e+02
20210404_07:00:00   1.4877e-01   3.7823e+01   1.4382e+00   0.0000e+00   2.9567e-05   3.8237e+02
20210404_08:00:00   1.4522e-01   3.7131e+01   1.3932e+00   0.0000e+00   2.3970e-05   3.8252e+02
20210404_09:00:00   1.4115e-01   3.6339e+01   1.3442e+00   0.0000e+00   1.9093e-05   3.8230e+02
20210404_10:00:00   1.3578e-01   3.5276e+01   1.2823e+00   0.0000e+00   9.2631e-06   3.8121e+02
20210404_11:00:00   1.3086e-01   3.4284e+01   1.2256e+00   0.0000e+00   1.1420e-06   3.8020e+02
20210404_12:00:00   1.2590e-01   3.3255e+01   1.1666e+00   0.0000e+00   0.0000e+00   3.7718e+02
20210404_13:00:00   1.2048e-01   3.2135e+01   1.1059e+00   0.0000e+00   0.0000e+00   3.7501e+02
20210404_14:00:00   1.1486e-01   3.0983e+01   1.0415e+00   0.0000e+00   0.0000e+00   3.7347e+02
20210404_15:00:00   1.0978e-01   2.9961e+01   9.8645e-01   0.0000e+00   0.0000e+00   3.7104e+02
20210404_16:00:00   1.0507e-01   2.8989e+01   9.3406e-01   0.0000e+00   0.0000e+00   3.6863e+02
20210404_17:00:00   1.0031e-01   2.7963e+01   8.8172e-01   0.0000e+00   2.6300e-05   3.6637e+02
20210404_18:00:00   9.7172e-02   2.7280e+01   8.5177e-01   0.0000e+00   5.5597e-04   3.6260e+02
20210404_19:00:00   9.5666e-02   2.6979e+01   8.5170e-01   0.0000e+00   2.6738e-03   3.5997e+02
20210404_20:00:00   9.6535e-02   2.7193e+01   8.9244e-01   0.0000e+00   4.6233e-03   3.5769e+02
20210404_21:00:00   9.6135e-02   2.7115e+01   9.0944e-01   0.0000e+00   4.8112e-03   3.5724e+02
20210404_22:00:00   9.7342e-02   2.7388e+01   9.5498e-01   0.0000e+00   9.4714e-03   3.5708e+02
20210404_23:00:00   1.0096e-01   2.8187e+01   1.0360e+00   0.0000e+00   2.8658e-02   3.5738e+02
20210405_00:00:00   1.0503e-01   2.9087e+01   1.1254e+00   0.0000e+00   4.1558e-02   3.5736e+02
20210405_01:00:00   1.0905e-01   2.9976e+01   1.2153e+00   0.0000e+00   4.0336e-02   3.5662e+02
20210405_02:00:00   1.1530e-01   3.1345e+01   1.3339e+00   0.0000e+00   4.7753e-02   3.5613e+02
20210405_03:00:00   1.2863e-01   3.4249e+01   1.5549e+00   0.0000e+00   7.7611e-02   3.5838e+02
20210405_04:00:00   1.4652e-01   3.8101e+01   1.8413e+00   0.0000e+00   8.5947e-02   3.6022e+02
20210405_05:00:00   1.6503e-01   4.2024e+01   2.1046e+00   0.0000e+00   1.3799e-01   3.6151e+02
20210405_06:00:00   1.7962e-01   4.5098e+01   2.3099e+00   0.0000e+00   1.3918e-01   3.6555e+02
20210405_09:00:00   2.2625e-01   5.4577e+01   2.9677e+00   0.0000e+00   5.8664e-02   3.8071e+02
20210405_12:00:00   2.6315e-01   6.1720e+01   3.4687e+00   0.0000e+00   2.9469e-02   3.9144e+02
20210405_15:00:00   2.7143e-01   6.3243e+01   3.5209e+00   0.0000e+00   6.8943e-02   3.8833e+02
20210405_18:00:00   2.7665e-01   6.4096e+01   3.4819e+00   0.0000e+00   1.5192e-01   3.8179e+02
20210405_21:00:00   2.8196e-01   6.4941e+01   3.4675e+00   0.0000e+00   1.8279e-01   3.9014e+02
20210406_00:00:00   2.7063e-01   6.2706e+01   3.3191e+00   0.0000e+00   9.9337e-02   3.9602e+02
20210406_03:00:00   2.6672e-01   6.1933e+01   3.2566e+00   0.0000e+00   8.8616e-02   3.9190e+02
20210406_06:00:00   2.6408e-01   6.1425e+01   3.2115e+00   0.0000e+00   7.0871e-02   3.8888e+02
20210406_09:00:00   2.6138e-01   6.0922e+01   3.1529e+00   0.0000e+00   7.2378e-02   3.9544e+02
20210406_12:00:00   2.5916e-01   6.0595e+01   3.1150e+00   0.0000e+00   4.8554e-02   3.9721e+02
20210406_15:00:00   2.5099e-01   5.9043e+01   3.0085e+00   0.0000e+00   3.3703e-02   3.9761e+02
20210406_18:00:00   2.4744e-01   5.8345e+01   2.9509e+00   5.4820e-07   3.3388e-02   3.9579e+02
20210406_21:00:00   2.4432e-01   5.7738e+01   2.9098e+00   0.0000e+00   1.3229e-02   4.0426e+02
20210407_00:00:00   2.3862e-01   5.6579e+01   2.8302e+00   0.0000e+00   1.3464e-02   4.0655e+02
20210407_03:00:00   2.4163e-01   5.7116e+01   2.8713e+00   0.0000e+00   1.1329e-02   4.1397e+02
20210407_06:00:00   2.5534e-01   5.9712e+01   3.0759e+00   0.0000e+00   1.8994e-02   4.1776e+02
20210407_09:00:00   2.5922e-01   6.0506e+01   3.0966e+00   0.0000e+00   4.2686e-02   4.2568e+02
20210407_12:00:00   2.5879e-01   6.0520e+01   3.0595e+00   0.0000e+00   3.6446e-02   4.2818e+02
20210407_15:00:00   2.6056e-01   6.0948e+01   3.0716e+00   0.0000e+00   3.1519e-02   4.3046e+02
20210407_18:00:00   2.6443e-01   6.1845e+01   3.1294e+00   0.0000e+00   1.4623e-02   4.3455e+02
20210407_21:00:00   2.6513e-01   6.2107e+01   3.1374e+00   0.0000e+00   1.3825e-02   4.3222e+02
20210408_00:00:00   2.7426e-01   6.3744e+01   3.3600e+00   0.0000e+00   1.7822e-02   4.2278e+02
20210408_03:00:00   2.8695e-01   6.6103e+01   3.6069e+00   0.0000e+00   4.2617e-02   4.1657e+02
20210408_06:00:00   3.0327e-01   6.9156e+01   3.8174e+00   0.0000e+00   1.7701e-01   4.1459e+02
20210408_09:00:00   3.1536e-01   7.1412e+01   3.9280e+00   0.0000e+00   2.6203e-01   4.1234e+02
20210408_12:00:00   3.1461e-01   7.1241e+01   3.9521e+00   0.0000e+00   2.3102e-01   4.0538e+02
20210408_15:00:00   3.1312e-01   7.1087e+01   3.9641e+00   0.0000e+00   1.6538e-01   4.0762e+02
20210408_18:00:00   3.1759e-01   7.1918e+01   4.0606e+00   0.0000e+00   1.3874e-01   4.1186e+02
20210408_21:00:00   3.2375e-01   7.3037e+01   4.1464e+00   0.0000e+00   1.4838e-01   4.1774e+02
20210409_00:00:00   3.0649e-01   6.9967e+01   3.8535e+00   0.0000e+00   7.0176e-02   4.2016e+02
20210409_03:00:00   2.7537e-01   6.4332e+01   3.3206e+00   0.0000e+00   2.5695e-02   4.3301e+02
20210409_06:00:00   2.4794e-01   5.9157e+01   2.9288e+00   0.0000e+00   3.8189e-03   4.2217e+02
20210409_09:00:00   2.3862e-01   5.7358e+01   2.8238e+00   0.0000e+00   8.4740e-04   4.1963e+02
20210409_12:00:00   2.2523e-01   5.4825e+01   2.6251e+00   0.0000e+00   1.9847e-04   4.1338e+02
20210409_15:00:00   2.2042e-01   5.3886e+01   2.6070e+00   0.0000e+00   3.6832e-05   4.0959e+02
20210409_18:00:00   2.4330e-01   5.8291e+01   3.0379e+00   0.0000e+00   3.1816e-03   4.1541e+02
20210409_21:00:00   2.3864e-01   5.7328e+01   3.0306e+00   0.0000e+00   1.6129e-02   4.1622e+02
20210410_00:00:00   2.6496e-01   6.2367e+01   3.4250e+00   0.0000e+00   5.3305e-02   4.1263e+02
20210410_03:00:00   2.9040e-01   6.7086e+01   3.7716e+00   0.0000e+00   1.2447e-01   4.0494e+02
20210410_06:00:00   3.3547e-01   7.5257e+01   4.3152e+00   0.0000e+00   2.6416e-01   3.9381e+02
20210410_09:00:00   3.4582e-01   7.7107e+01   4.3823e+00   0.0000e+00   3.0162e-01   4.0549e+02
20210410_12:00:00   3.3263e-01   7.4780e+01   4.1792e+00   0.0000e+00   2.5075e-01   4.1551e+02
20210410_15:00:00   3.2504e-01   7.3442e+01   4.0830e+00   0.0000e+00   1.6112e-01   4.2195e+02
20210410_18:00:00   3.1796e-01   7.2206e+01   3.9880e+00   0.0000e+00   6.3560e-02   4.3272e+02
20210410_21:00:00   3.0387e-01   6.9782e+01   3.7108e+00   0.0000e+00   3.4077e-02   4.3829e+02
20210411_00:00:00   2.8835e-01   6.6904e+01   3.4188e+00   0.0000e+00   2.2345e-02   4.5343e+02
20210411_03:00:00   2.7226e-01   6.3810e+01   3.1944e+00   0.0000e+00   5.6260e-03   4.5187e+02
20210411_06:00:00   2.3757e-01   5.7054e+01   2.7388e+00   0.0000e+00   1.4533e-04   4.4591e+02
20210411_09:00:00   2.0132e-01   4.9884e+01   2.2670e+00   0.0000e+00   1.7662e-05   4.3117e+02
20210411_12:00:00   1.6180e-01   4.1918e+01   1.7244e+00   0.0000e+00   1.4276e-07   4.2110e+02
20210411_15:00:00   1.2653e-01   3.4348e+01   1.2733e+00   0.0000e+00   0.0000e+00   4.1069e+02
20210411_18:00:00   1.2457e-01   3.3916e+01   1.2948e+00   0.0000e+00   0.0000e+00   4.0727e+02
20210411_21:00:00   1.3331e-01   3.5898e+01   1.4416e+00   0.0000e+00   0.0000e+00   4.0872e+02
20210412_00:00:00   1.2350e-01   3.3802e+01   1.2786e+00   0.0000e+00   5.7100e-06   4.1028e+02
20210412_03:00:00   1.1553e-01   3.1976e+01   1.1675e+00   0.0000e+00   6.2559e-05   4.0580e+02
20210412_06:00:00   1.1133e-01   3.0951e+01   1.1226e+00   0.0000e+00   2.0185e-04   4.0294e+02
20210412_09:00:00   1.0508e-01   2.9524e+01   1.0325e+00   0.0000e+00   2.1261e-04   4.0158e+02
20210412_12:00:00   1.0031e-01   2.8482e+01   9.5350e-01   0.0000e+00   0.0000e+00   4.0215e+02
20210412_15:00:00   1.0084e-01   2.8669e+01   9.4963e-01   0.0000e+00   0.0000e+00   3.9650e+02
20210412_18:00:00   1.0312e-01   2.9222e+01   9.7838e-01   0.0000e+00   0.0000e+00   3.9850e+02
20210412_21:00:00   1.0402e-01   2.9381e+01   9.9523e-01   0.0000e+00   0.0000e+00   3.9934e+02
20210413_00:00:00   1.0140e-01   2.8696e+01   9.6579e-01   0.0000e+00   0.0000e+00   4.0437e+02
20210413_03:00:00   1.0217e-01   2.8782e+01   9.8261e-01   0.0000e+00   0.0000e+00   4.1016e+02
20210413_06:00:00   1.0344e-01   2.9006e+01   9.9165e-01   0.0000e+00   0.0000e+00   4.0869e+02
20210413_09:00:00   1.0321e-01   2.8929e+01   9.6578e-01   0.0000e+00   0.0000e+00   4.1002e+02
20210413_12:00:00   1.0429e-01   2.9146e+01   9.6751e-01   0.0000e+00   0.0000e+00   4.1266e+02
20210413_15:00:00   1.1097e-01   3.0611e+01   1.0491e+00   0.0000e+00   0.0000e+00   4.0052e+02
20210413_18:00:00   1.1716e-01   3.1993e+01   1.1236e+00   0.0000e+00   0.0000e+00   3.9224e+02
20210413_21:00:00   1.3418e-01   3.5753e+01   1.3479e+00   0.0000e+00   0.0000e+00   3.8317e+02
20210414_00:00:00   1.5242e-01   3.9746e+01   1.6053e+00   0.0000e+00   0.0000e+00   3.7689e+02
20210414_03:00:00   1.5196e-01   3.9738e+01   1.6271e+00   0.0000e+00   0.0000e+00   3.7530e+02
20210414_06:00:00   1.4128e-01   3.7475e+01   1.5091e+00   0.0000e+00   0.0000e+00   3.7316e+02
20210414_09:00:00   1.3421e-01   3.5954e+01   1.4345e+00   0.0000e+00   0.0000e+00   3.7571e+02
20210414_12:00:00   1.2983e-01   3.5061e+01   1.3895e+00   0.0000e+00   0.0000e+00   3.7822e+02
20210414_15:00:00   1.2844e-01   3.4819e+01   1.3940e+00   0.0000e+00   0.0000e+00   3.7341e+02
20210414_18:00:00   1.3278e-01   3.5808e+01   1.4756e+00   0.0000e+00   1.0442e-05   3.6090e+02
20210414_21:00:00   1.3892e-01   3.7119e+01   1.6009e+00   0.0000e+00   1.9023e-04   3.4894e+02
20210415_00:00:00   1.4192e-01   3.7725e+01   1.7062e+00   0.0000e+00   7.1379e-05   3.5623e+02
20210415_03:00:00   1.4670e-01   3.8738e+01   1.8464e+00   0.0000e+00   1.2155e-05   3.5066e+02
20210415_06:00:00   1.6307e-01   4.2192e+01   2.1906e+00   0.0000e+00   2.1474e-03   3.3849e+02
20210415_09:00:00   2.0073e-01   4.9962e+01   2.8786e+00   0.0000e+00   1.6022e-02   3.4281e+02
20210415_12:00:00   2.4559e-01   5.9010e+01   3.6146e+00   0.0000e+00   5.7306e-02   3.4818e+02
20210415_15:00:00   2.8464e-01   6.6547e+01   4.2550e+00   0.0000e+00   9.1950e-02   3.4306e+02
20210415_18:00:00   3.2927e-01   7.4926e+01   4.9758e+00   0.0000e+00   6.6217e-02   3.2861e+02
20210415_21:00:00   3.0921e-01   7.1406e+01   4.6981e+00   0.0000e+00   1.7765e-02   3.2230e+02
20210416_00:00:00   2.9776e-01   6.9275e+01   4.5943e+00   0.0000e+00   2.6537e-02   3.2317e+02
20210416_03:00:00   2.8285e-01   6.6593e+01   4.3604e+00   0.0000e+00   1.1821e-02   3.2874e+02
20210416_06:00:00   2.7441e-01   6.5160e+01   4.1931e+00   0.0000e+00   1.6643e-02   3.3077e+02
