#            date       tau255        Tb[K]      pwv[mm] lwp[kg*m^-2] iwp[kg*m^-2]       o3[DU]
20220421_00:00:00   1.7829e-01   4.4369e+01   1.8520e+00   0.0000e+00   2.6128e-02   4.8240e+02
20220421_01:00:00   1.7897e-01   4.4520e+01   1.8646e+00   0.0000e+00   2.1003e-02   4.8403e+02
20220421_02:00:00   1.7973e-01   4.4687e+01   1.8785e+00   0.0000e+00   1.4666e-02   4.7739e+02
20220421_03:00:00   1.8005e-01   4.4747e+01   1.8886e+00   0.0000e+00   1.0883e-02   4.5681e+02
20220421_04:00:00   1.8033e-01   4.4800e+01   1.8973e+00   0.0000e+00   8.5531e-03   4.5170e+02
20220421_05:00:00   1.7991e-01   4.4712e+01   1.8958e+00   0.0000e+00   8.1759e-03   4.5878e+02
20220421_06:00:00   1.8072e-01   4.4893e+01   1.9155e+00   0.0000e+00   7.7011e-03   4.6669e+02
20220421_07:00:00   1.8345e-01   4.5451e+01   1.9693e+00   0.0000e+00   4.9567e-03   4.8177e+02
20220421_08:00:00   1.8128e-01   4.5042e+01   1.9581e+00   0.0000e+00   7.2209e-04   4.8721e+02
20220421_09:00:00   1.7836e-01   4.4488e+01   1.9331e+00   0.0000e+00   6.5727e-04   4.8589e+02
20220421_10:00:00   1.7493e-01   4.3857e+01   1.9007e+00   0.0000e+00   1.6468e-04   4.8014e+02
20220421_11:00:00   1.7236e-01   4.3410e+01   1.8844e+00   0.0000e+00   1.7029e-05   4.7063e+02
20220421_12:00:00   1.6959e-01   4.2929e+01   1.8555e+00   0.0000e+00   1.6352e-05   4.6544e+02
20220421_13:00:00   1.6613e-01   4.2291e+01   1.8208e+00   0.0000e+00   1.1338e-05   4.6474e+02
20220421_14:00:00   1.6156e-01   4.1405e+01   1.7822e+00   0.0000e+00   8.1570e-06   4.6395e+02
20220421_15:00:00   1.5741e-01   4.0594e+01   1.7482e+00   0.0000e+00   4.2480e-07   4.6162e+02
20220421_16:00:00   1.5516e-01   4.0154e+01   1.7374e+00   0.0000e+00   0.0000e+00   4.5972e+02
20220421_17:00:00   1.5382e-01   3.9902e+01   1.7291e+00   0.0000e+00   0.0000e+00   4.5988e+02
20220421_18:00:00   1.5271e-01   3.9695e+01   1.7251e+00   0.0000e+00   3.4475e-05   4.6514e+02
20220421_19:00:00   1.5205e-01   3.9581e+01   1.7200e+00   0.0000e+00   1.7338e-03   4.6872e+02
20220421_20:00:00   1.5322e-01   3.9826e+01   1.7453e+00   0.0000e+00   2.5870e-03   4.6827e+02
20220421_21:00:00   1.5610e-01   4.0413e+01   1.7987e+00   0.0000e+00   5.0678e-03   4.7058e+02
20220421_22:00:00   1.6044e-01   4.1297e+01   1.8713e+00   0.0000e+00   9.1481e-03   4.7282e+02
20220421_23:00:00   1.6691e-01   4.2619e+01   1.9785e+00   0.0000e+00   1.1306e-02   4.7339e+02
20220422_00:00:00   1.7513e-01   4.4300e+01   2.1136e+00   0.0000e+00   1.1950e-02   4.7248e+02
20220422_01:00:00   1.8487e-01   4.6285e+01   2.2681e+00   0.0000e+00   9.6476e-03   4.7130e+02
20220422_02:00:00   1.9335e-01   4.8016e+01   2.4043e+00   0.0000e+00   8.5004e-03   4.6948e+02
20220422_03:00:00   2.0052e-01   4.9487e+01   2.5138e+00   0.0000e+00   1.3740e-02   4.6770e+02
20220422_04:00:00   2.0788e-01   5.1003e+01   2.6228e+00   0.0000e+00   2.0297e-02   4.6678e+02
20220422_05:00:00   2.1542e-01   5.2547e+01   2.7382e+00   0.0000e+00   2.0193e-02   4.6640e+02
20220422_06:00:00   2.2173e-01   5.3814e+01   2.8435e+00   0.0000e+00   1.1265e-02   4.6636e+02
20220422_07:00:00   2.2629e-01   5.4715e+01   2.9211e+00   0.0000e+00   1.1036e-02   4.6483e+02
20220422_08:00:00   2.3134e-01   5.5758e+01   3.0000e+00   0.0000e+00   1.5316e-02   4.6713e+02
20220422_09:00:00   2.3750e-01   5.7031e+01   3.0976e+00   0.0000e+00   1.6955e-02   4.6808e+02
20220422_10:00:00   2.4372e-01   5.8324e+01   3.1903e+00   0.0000e+00   1.7855e-02   4.7219e+02
20220422_11:00:00   2.5006e-01   5.9629e+01   3.2839e+00   0.0000e+00   2.3395e-02   4.7727e+02
20220422_12:00:00   2.5668e-01   6.0926e+01   3.3714e+00   0.0000e+00   4.7401e-02   4.7462e+02
20220422_13:00:00   2.6514e-01   6.2590e+01   3.4804e+00   0.0000e+00   8.4181e-02   4.6754e+02
20220422_14:00:00   2.6974e-01   6.3414e+01   3.4857e+00   0.0000e+00   1.8859e-01   4.6622e+02
20220422_15:00:00   2.7547e-01   6.4431e+01   3.4926e+00   0.0000e+00   2.4603e-01   4.6810e+02
20220422_16:00:00   2.7080e-01   6.3409e+01   3.3653e+00   0.0000e+00   2.6524e-01   4.6748e+02
20220422_17:00:00   2.6017e-01   6.1238e+01   3.1642e+00   0.0000e+00   2.7003e-01   4.6617e+02
20220422_18:00:00   2.4719e-01   5.8653e+01   2.9360e+00   0.0000e+00   2.5572e-01   4.6498e+02
20220422_19:00:00   2.4577e-01   5.8290e+01   2.8757e+00   0.0000e+00   2.3705e-01   4.6226e+02
20220422_20:00:00   2.5182e-01   5.9404e+01   2.9072e+00   0.0000e+00   2.4586e-01   4.5566e+02
20220422_21:00:00   2.4384e-01   5.7808e+01   2.8163e+00   0.0000e+00   1.3895e-01   4.5475e+02
20220422_22:00:00   2.3325e-01   5.5716e+01   2.7069e+00   0.0000e+00   5.8102e-02   4.5520e+02
20220422_23:00:00   2.3314e-01   5.5708e+01   2.6984e+00   0.0000e+00   5.3562e-02   4.5367e+02
20220423_00:00:00   2.3282e-01   5.5622e+01   2.6816e+00   0.0000e+00   6.4115e-02   4.5833e+02
20220423_01:00:00   2.3300e-01   5.5658e+01   2.6750e+00   0.0000e+00   7.2934e-02   4.5734e+02
20220423_02:00:00   2.3354e-01   5.5770e+01   2.6785e+00   0.0000e+00   6.9190e-02   4.6075e+02
20220423_03:00:00   2.3398e-01   5.5864e+01   2.6871e+00   0.0000e+00   5.1940e-02   4.7125e+02
20220423_04:00:00   2.3363e-01   5.5789e+01   2.6857e+00   0.0000e+00   4.4646e-02   4.7662e+02
20220423_05:00:00   2.3412e-01   5.5882e+01   2.6911e+00   0.0000e+00   4.6830e-02   4.6936e+02
20220423_06:00:00   2.3512e-01   5.6079e+01   2.7108e+00   0.0000e+00   3.4195e-02   4.6818e+02
20220423_07:00:00   2.3529e-01   5.6108e+01   2.7172e+00   0.0000e+00   2.5518e-02   4.6445e+02
20220423_08:00:00   2.3644e-01   5.6354e+01   2.7294e+00   0.0000e+00   2.3464e-02   4.6362e+02
20220423_09:00:00   2.3651e-01   5.6405e+01   2.7284e+00   0.0000e+00   1.2860e-02   4.6681e+02
20220423_10:00:00   2.3462e-01   5.6083e+01   2.6999e+00   0.0000e+00   6.7596e-03   4.5930e+02
20220423_11:00:00   2.3065e-01   5.5368e+01   2.6438e+00   0.0000e+00   3.1362e-03   4.5322e+02
20220423_12:00:00   2.2486e-01   5.4290e+01   2.5674e+00   0.0000e+00   1.9007e-03   4.4771e+02
20220423_13:00:00   2.2182e-01   5.3733e+01   2.5330e+00   0.0000e+00   8.2499e-04   4.4326e+02
20220423_14:00:00   2.2140e-01   5.3686e+01   2.5377e+00   0.0000e+00   7.1555e-04   4.4037e+02
20220423_15:00:00   2.2261e-01   5.3959e+01   2.5636e+00   0.0000e+00   6.4442e-04   4.3800e+02
20220423_16:00:00   2.2533e-01   5.4532e+01   2.6076e+00   0.0000e+00   2.2262e-04   4.3445e+02
20220423_17:00:00   2.2781e-01   5.5055e+01   2.6500e+00   0.0000e+00   1.3748e-04   4.3166e+02
20220423_18:00:00   2.3146e-01   5.5783e+01   2.7089e+00   0.0000e+00   8.0500e-04   4.3118e+02
20220423_19:00:00   2.3661e-01   5.6803e+01   2.7865e+00   0.0000e+00   2.9353e-03   4.3260e+02
20220423_20:00:00   2.4049e-01   5.7561e+01   2.8453e+00   0.0000e+00   3.3712e-03   4.3279e+02
20220423_21:00:00   2.4132e-01   5.7734e+01   2.8617e+00   0.0000e+00   9.8171e-04   4.3070e+02
20220423_22:00:00   2.4067e-01   5.7596e+01   2.8554e+00   0.0000e+00   2.5982e-04   4.3040e+02
20220423_23:00:00   2.3884e-01   5.7229e+01   2.8312e+00   0.0000e+00   7.9932e-05   4.3260e+02
20220424_00:00:00   2.3755e-01   5.6967e+01   2.8143e+00   0.0000e+00   5.3805e-05   4.3437e+02
20220424_01:00:00   2.3582e-01   5.6622e+01   2.7907e+00   0.0000e+00   4.4209e-05   4.3522e+02
20220424_02:00:00   2.3383e-01   5.6245e+01   2.7611e+00   0.0000e+00   4.3059e-05   4.3446e+02
20220424_03:00:00   2.3218e-01   5.5938e+01   2.7363e+00   0.0000e+00   3.6036e-05   4.3288e+02
20220424_04:00:00   2.3176e-01   5.5871e+01   2.7241e+00   0.0000e+00   3.1535e-05   4.3214e+02
20220424_05:00:00   2.3540e-01   5.6567e+01   2.7797e+00   0.0000e+00   3.1333e-05   4.3101e+02
20220424_06:00:00   2.3881e-01   5.7227e+01   2.8285e+00   0.0000e+00   4.2626e-05   4.2971e+02
20220424_07:00:00   2.4323e-01   5.8063e+01   2.8925e+00   0.0000e+00   1.2815e-04   4.2929e+02
20220424_08:00:00   2.4738e-01   5.8862e+01   2.9551e+00   0.0000e+00   8.7739e-04   4.2944e+02
20220424_09:00:00   2.5086e-01   5.9525e+01   3.0067e+00   0.0000e+00   2.5402e-03   4.3040e+02
20220424_10:00:00   2.5380e-01   6.0099e+01   3.0501e+00   0.0000e+00   3.5065e-03   4.3133e+02
20220424_11:00:00   2.5715e-01   6.0775e+01   3.0981e+00   0.0000e+00   3.4002e-03   4.3296e+02
20220424_12:00:00   2.5954e-01   6.1304e+01   3.1197e+00   0.0000e+00   1.5673e-03   4.3566e+02
20220424_13:00:00   2.6558e-01   6.2504e+01   3.1986e+00   0.0000e+00   1.2189e-03   4.3853e+02
20220424_14:00:00   2.6853e-01   6.3139e+01   3.2352e+00   0.0000e+00   5.6691e-04   4.4080e+02
20220424_15:00:00   2.6976e-01   6.3454e+01   3.2427e+00   0.0000e+00   4.2519e-04   4.3901e+02
20220424_16:00:00   2.6981e-01   6.3523e+01   3.2378e+00   0.0000e+00   4.3859e-04   4.3861e+02
20220424_17:00:00   2.6490e-01   6.2692e+01   3.1567e+00   0.0000e+00   4.1050e-04   4.4007e+02
20220424_18:00:00   2.5860e-01   6.1587e+01   3.0577e+00   0.0000e+00   3.2904e-04   4.4260e+02
20220424_19:00:00   2.5226e-01   6.0433e+01   2.9637e+00   0.0000e+00   2.1488e-04   4.4379e+02
20220424_20:00:00   2.4770e-01   5.9601e+01   2.9034e+00   0.0000e+00   8.0943e-05   4.4431e+02
20220424_21:00:00   2.4437e-01   5.8974e+01   2.8632e+00   0.0000e+00   3.8923e-05   4.4414e+02
20220424_22:00:00   2.4080e-01   5.8275e+01   2.8233e+00   0.0000e+00   4.3529e-06   4.4327e+02
20220424_23:00:00   2.3631e-01   5.7387e+01   2.7695e+00   0.0000e+00   6.7956e-06   4.4085e+02
20220425_00:00:00   2.3138e-01   5.6427e+01   2.7131e+00   0.0000e+00   3.5358e-06   4.3664e+02
20220425_01:00:00   2.3004e-01   5.6161e+01   2.7078e+00   0.0000e+00   3.5080e-06   4.3526e+02
20220425_02:00:00   2.3187e-01   5.6528e+01   2.7473e+00   0.0000e+00   4.8025e-06   4.3546e+02
20220425_03:00:00   2.3784e-01   5.7703e+01   2.8470e+00   0.0000e+00   4.9885e-06   4.3645e+02
20220425_04:00:00   2.4748e-01   5.9602e+01   3.0010e+00   0.0000e+00   1.5266e-05   4.3678e+02
20220425_05:00:00   2.5818e-01   6.1697e+01   3.1695e+00   0.0000e+00   1.1817e-05   4.3721e+02
20220425_06:00:00   2.6981e-01   6.3948e+01   3.3521e+00   0.0000e+00   1.2770e-05   4.3468e+02
20220425_07:00:00   2.8096e-01   6.6084e+01   3.5265e+00   0.0000e+00   1.2543e-05   4.2774e+02
20220425_08:00:00   2.9352e-01   6.8459e+01   3.7249e+00   0.0000e+00   1.5540e-05   4.2242e+02
20220425_09:00:00   3.0859e-01   7.1259e+01   3.9548e+00   0.0000e+00   2.6933e-05   4.2097e+02
20220425_10:00:00   3.2364e-01   7.4023e+01   4.1818e+00   0.0000e+00   4.3023e-05   4.2012e+02
20220425_11:00:00   3.3364e-01   7.5888e+01   4.3361e+00   0.0000e+00   5.1328e-05   4.2215e+02
20220425_12:00:00   3.4321e-01   7.7638e+01   4.4850e+00   0.0000e+00   6.1659e-05   4.2292e+02
20220425_13:00:00   3.5267e-01   7.9349e+01   4.6289e+00   0.0000e+00   1.0028e-04   4.2408e+02
20220425_14:00:00   3.6312e-01   8.1212e+01   4.7939e+00   0.0000e+00   4.1285e-04   4.2428e+02
20220425_15:00:00   3.6538e-01   8.1739e+01   4.8156e+00   0.0000e+00   4.9611e-04   4.2398e+02
20220425_16:00:00   3.6983e-01   8.2592e+01   4.8779e+00   0.0000e+00   6.0154e-04   4.2434e+02
20220425_17:00:00   3.7400e-01   8.3377e+01   4.9309e+00   0.0000e+00   1.3122e-03   4.2610e+02
20220425_18:00:00   3.7612e-01   8.3836e+01   4.9588e+00   0.0000e+00   4.8134e-04   4.2838e+02
20220425_19:00:00   3.7812e-01   8.4273e+01   4.9820e+00   0.0000e+00   3.1461e-04   4.3045e+02
20220425_20:00:00   3.8118e-01   8.4852e+01   5.0227e+00   0.0000e+00   6.3892e-04   4.3116e+02
20220425_21:00:00   3.8358e-01   8.5291e+01   5.0570e+00   0.0000e+00   7.3111e-04   4.3180e+02
20220425_22:00:00   3.8325e-01   8.5268e+01   5.0546e+00   0.0000e+00   5.9876e-04   4.3289e+02
20220425_23:00:00   3.8407e-01   8.5431e+01   5.0792e+00   0.0000e+00   2.9769e-04   4.3386e+02
20220426_00:00:00   3.8210e-01   8.5151e+01   5.0515e+00   0.0000e+00   1.5223e-04   4.3356e+02
20220426_03:00:00   3.5293e-01   8.0118e+01   4.6630e+00   0.0000e+00   2.8756e-05   4.3329e+02
20220426_06:00:00   3.6421e-01   8.2291e+01   4.8229e+00   0.0000e+00   2.3239e-05   4.3153e+02
20220426_09:00:00   3.7077e-01   8.3706e+01   4.9268e+00   0.0000e+00   2.8855e-05   4.3282e+02
20220426_12:00:00   3.7926e-01   8.5467e+01   5.0913e+00   0.0000e+00   1.9888e-05   4.3242e+02
20220426_15:00:00   3.7782e-01   8.5528e+01   5.1510e+00   0.0000e+00   1.6704e-05   4.2777e+02
20220426_18:00:00   3.9425e-01   8.8380e+01   5.5765e+00   0.0000e+00   3.0916e-03   4.1648e+02
20220426_21:00:00   4.2150e-01   9.2966e+01   6.1641e+00   0.0000e+00   1.3741e-02   4.0755e+02
20220427_00:00:00   4.2940e-01   9.4225e+01   6.4026e+00   0.0000e+00   3.6196e-02   4.0871e+02
20220427_03:00:00   4.5415e-01   9.8358e+01   6.8722e+00   0.0000e+00   4.8464e-02   4.0909e+02
20220427_06:00:00   5.5077e-01   1.1383e+02   8.1633e+00   0.0000e+00   1.8769e-01   4.0971e+02
20220427_09:00:00   6.4552e-01   1.2761e+02   9.1301e+00   0.0000e+00   3.9896e-01   4.0859e+02
20220427_12:00:00   4.6496e-01   1.0038e+02   6.5184e+00   6.4875e-04   1.4333e-01   4.1303e+02
20220427_15:00:00   3.2115e-01   7.4529e+01   4.4349e+00   0.0000e+00   5.4510e-02   4.2052e+02
20220427_18:00:00   3.7569e-01   8.3979e+01   5.0939e+00   0.0000e+00   3.3754e-02   4.2586e+02
20220427_21:00:00   4.0291e-01   8.8255e+01   5.2863e+00   1.4618e-06   2.0214e-01   4.2422e+02
20220428_00:00:00   3.6897e-01   8.2027e+01   4.8051e+00   0.0000e+00   2.1169e-01   4.1975e+02
20220428_03:00:00   3.3794e-01   7.6419e+01   4.3615e+00   0.0000e+00   1.0820e-01   4.2690e+02
20220428_06:00:00   3.3313e-01   7.5456e+01   4.2634e+00   0.0000e+00   3.5858e-02   4.2818e+02
20220428_09:00:00   3.0278e-01   6.9874e+01   3.8340e+00   0.0000e+00   3.7964e-02   4.2662e+02
20220428_12:00:00   2.8253e-01   6.6180e+01   3.5429e+00   0.0000e+00   1.0807e-02   4.3792e+02
20220428_15:00:00   2.7486e-01   6.4829e+01   3.4176e+00   0.0000e+00   1.8172e-03   4.4162e+02
20220428_18:00:00   2.7415e-01   6.4795e+01   3.3977e+00   0.0000e+00   1.4804e-05   4.4765e+02
20220428_21:00:00   2.7676e-01   6.5319e+01   3.4388e+00   0.0000e+00   1.5557e-05   4.4077e+02
20220429_00:00:00   2.7499e-01   6.4857e+01   3.4259e+00   0.0000e+00   5.3123e-04   4.3617e+02
20220429_03:00:00   2.8075e-01   6.5837e+01   3.5127e+00   0.0000e+00   1.0317e-03   4.3580e+02
20220429_06:00:00   2.7940e-01   6.5554e+01   3.4980e+00   0.0000e+00   1.1240e-03   4.3763e+02
20220429_09:00:00   2.7649e-01   6.5048e+01   3.4728e+00   0.0000e+00   1.1230e-03   4.3726e+02
20220429_12:00:00   2.9578e-01   6.8614e+01   3.8187e+00   0.0000e+00   1.8844e-03   4.3057e+02
20220429_15:00:00   3.0941e-01   7.1199e+01   4.0459e+00   0.0000e+00   9.9982e-03   4.2704e+02
20220429_18:00:00   3.2833e-01   7.4763e+01   4.3070e+00   0.0000e+00   4.6199e-03   4.2730e+02
20220429_21:00:00   3.3858e-01   7.6681e+01   4.4063e+00   0.0000e+00   2.2217e-03   4.2648e+02
20220430_00:00:00   3.2952e-01   7.4924e+01   4.2818e+00   0.0000e+00   1.6101e-03   4.2346e+02
20220430_03:00:00   3.1516e-01   7.2259e+01   4.0968e+00   0.0000e+00   4.2942e-04   4.2153e+02
20220430_06:00:00   3.0398e-01   7.0168e+01   3.9766e+00   0.0000e+00   5.1912e-04   4.2139e+02
20220430_09:00:00   3.0305e-01   7.0013e+01   3.9928e+00   0.0000e+00   2.6189e-03   4.2363e+02
20220430_12:00:00   3.0704e-01   7.0855e+01   4.0560e+00   0.0000e+00   2.1350e-03   4.2503e+02
20220430_15:00:00   3.1019e-01   7.1531e+01   4.1069e+00   0.0000e+00   2.2305e-03   4.2815e+02
20220430_18:00:00   3.1037e-01   7.1659e+01   4.1070e+00   0.0000e+00   3.3376e-03   4.2867e+02
20220430_21:00:00   3.0730e-01   7.1136e+01   4.0566e+00   0.0000e+00   8.5076e-03   4.2849e+02
20220501_00:00:00   2.9514e-01   6.8827e+01   3.8978e+00   0.0000e+00   6.3477e-03   4.3020e+02
20220501_03:00:00   2.7805e-01   6.5502e+01   3.6715e+00   0.0000e+00   3.6383e-03   4.2857e+02
20220501_06:00:00   2.6488e-01   6.2959e+01   3.5102e+00   0.0000e+00   2.3460e-03   4.2718e+02
20220501_09:00:00   2.6328e-01   6.2678e+01   3.5065e+00   0.0000e+00   8.9410e-04   4.2417e+02
20220501_12:00:00   2.6965e-01   6.4037e+01   3.6109e+00   0.0000e+00   4.0790e-05   4.2513e+02
20220501_15:00:00   2.8325e-01   6.6765e+01   3.8061e+00   0.0000e+00   3.6710e-05   4.2635e+02
20220501_18:00:00   2.9540e-01   6.9223e+01   3.9704e+00   0.0000e+00   4.0790e-05   4.2583e+02
20220501_21:00:00   2.8958e-01   6.8250e+01   3.8688e+00   0.0000e+00   4.0790e-05   4.2838e+02
20220502_00:00:00   2.8121e-01   6.6644e+01   3.7759e+00   0.0000e+00   4.1932e-05   4.3086e+02
20220502_03:00:00   2.7922e-01   6.6237e+01   3.7882e+00   0.0000e+00   3.4198e-05   4.2658e+02
20220502_06:00:00   2.8392e-01   6.7131e+01   3.8909e+00   0.0000e+00   8.7297e-05   4.2687e+02
20220502_09:00:00   2.9461e-01   6.9226e+01   4.0688e+00   0.0000e+00   2.8978e-05   4.2900e+02
20220502_12:00:00   3.0786e-01   7.1841e+01   4.2780e+00   0.0000e+00   4.1930e-05   4.2996e+02
20220502_15:00:00   3.1899e-01   7.4045e+01   4.4352e+00   0.0000e+00   4.5293e-05   4.3126e+02
20220502_18:00:00   3.3149e-01   7.6471e+01   4.6231e+00   0.0000e+00   5.2031e-05   4.3046e+02
20220502_21:00:00   3.3724e-01   7.7597e+01   4.7259e+00   0.0000e+00   5.7106e-05   4.2778e+02
20220503_00:00:00   3.2532e-01   7.5570e+01   4.5402e+00   0.0000e+00   3.6710e-05   4.2613e+02
20220503_03:00:00   3.1149e-01   7.3121e+01   4.3334e+00   0.0000e+00   1.2236e-05   4.2593e+02
20220503_06:00:00   2.9436e-01   7.0056e+01   4.0786e+00   0.0000e+00   2.7919e-06   4.2240e+02
20220503_09:00:00   2.7563e-01   6.6680e+01   3.8002e+00   0.0000e+00   0.0000e+00   4.2014e+02
20220503_12:00:00   2.5715e-01   6.3243e+01   3.5165e+00   0.0000e+00   0.0000e+00   4.1863e+02
20220503_15:00:00   2.3980e-01   5.9980e+01   3.2361e+00   0.0000e+00   0.0000e+00   4.1835e+02
20220503_18:00:00   2.3162e-01   5.8456e+01   3.0972e+00   0.0000e+00   0.0000e+00   4.1889e+02
20220503_21:00:00   2.2672e-01   5.7526e+01   3.0204e+00   0.0000e+00   0.0000e+00   4.1619e+02
20220504_00:00:00   2.2247e-01   5.6618e+01   2.9610e+00   0.0000e+00   0.0000e+00   4.1658e+02
20220504_03:00:00   2.1760e-01   5.5525e+01   2.8991e+00   0.0000e+00   0.0000e+00   4.1800e+02
20220504_06:00:00   2.2228e-01   5.6437e+01   2.9581e+00   0.0000e+00   0.0000e+00   4.1401e+02
20220504_09:00:00   2.4092e-01   6.0235e+01   3.1894e+00   0.0000e+00   0.0000e+00   4.0708e+02
20220504_12:00:00   2.6545e-01   6.5144e+01   3.5398e+00   0.0000e+00   5.0160e-05   4.0767e+02
20220504_15:00:00   2.9890e-01   7.1613e+01   4.0464e+00   0.0000e+00   2.9612e-03   4.1322e+02
20220504_18:00:00   3.2717e-01   7.6713e+01   4.5208e+00   0.0000e+00   2.2652e-03   4.1673e+02
20220504_21:00:00   3.3254e-01   7.7886e+01   4.4912e+00   1.9633e-04   3.5403e-04   4.2283e+02
20220505_00:00:00   2.8794e-01   6.9420e+01   3.8116e+00   0.0000e+00   3.3478e-04   4.1962e+02
20220505_03:00:00   2.6299e-01   6.4299e+01   3.5459e+00   0.0000e+00   1.6065e-03   4.1463e+02
20220505_06:00:00   2.7685e-01   6.6822e+01   3.9144e+00   0.0000e+00   2.4340e-03   4.0946e+02
20220505_09:00:00   3.2644e-01   7.6068e+01   4.8571e+00   0.0000e+00   1.4954e-02   4.1034e+02
20220505_12:00:00   4.0745e-01   9.0519e+01   6.1691e+00   0.0000e+00   3.1373e-02   4.0943e+02
20220505_15:00:00   4.8070e-01   1.0298e+02   7.2765e+00   0.0000e+00   1.4005e-02   4.0902e+02
20220505_18:00:00   5.9884e-01   1.2105e+02   8.8719e+00   0.0000e+00   1.9799e-01   4.1448e+02
20220505_21:00:00   7.0507e-01   1.3567e+02   1.0144e+01   0.0000e+00   3.0041e-01   4.1755e+02
20220506_00:00:00   7.1979e-01   1.3758e+02   1.0291e+01   0.0000e+00   2.3230e-01   4.1801e+02
20220506_03:00:00   6.8645e-01   1.3303e+02   9.7928e+00   0.0000e+00   1.6328e-01   4.2331e+02
20220506_06:00:00   6.1705e-01   1.2376e+02   8.6402e+00   0.0000e+00   5.5613e-02   4.2645e+02
20220506_09:00:00   5.7013e-01   1.1700e+02   7.9406e+00   0.0000e+00   2.3092e-02   4.2549e+02
20220506_12:00:00   5.4242e-01   1.1296e+02   7.5188e+00   0.0000e+00   1.4880e-02   4.2757e+02
20220506_15:00:00   5.4505e-01   1.1330e+02   7.5467e+00   2.4468e-03   1.0181e-02   4.2069e+02
20220506_18:00:00   5.9165e-01   1.2021e+02   7.8495e+00   1.6440e-02   4.2996e-02   4.1958e+02
20220506_21:00:00   5.7285e-01   1.1734e+02   8.0892e+00   1.4010e-03   6.6872e-02   4.2167e+02
20220507_00:00:00   5.8416e-01   1.1879e+02   8.2884e+00   2.1060e-05   8.8841e-02   4.2473e+02
