#            date       tau255        Tb[K]      pwv[mm] lwp[kg*m^-2] iwp[kg*m^-2]       o3[DU]
20220430_18:00:00   3.3433e-01   7.6067e+01   4.2425e+00   0.0000e+00   5.8921e-03   4.2237e+02
20220430_19:00:00   3.3052e-01   7.5376e+01   4.1985e+00   0.0000e+00   2.2583e-03   4.2495e+02
20220430_20:00:00   3.2401e-01   7.4262e+01   4.0969e+00   0.0000e+00   3.3155e-03   4.3019e+02
20220430_21:00:00   3.1753e-01   7.3142e+01   3.9890e+00   0.0000e+00   4.9222e-03   4.3455e+02
20220430_22:00:00   3.0617e-01   7.1049e+01   3.8183e+00   0.0000e+00   1.2119e-03   4.3410e+02
20220430_23:00:00   3.0143e-01   7.0171e+01   3.7461e+00   0.0000e+00   6.9030e-04   4.3418e+02
20220501_00:00:00   2.9910e-01   6.9701e+01   3.7180e+00   0.0000e+00   5.4252e-04   4.3438e+02
20220501_01:00:00   2.9521e-01   6.8949e+01   3.6710e+00   0.0000e+00   4.3533e-04   4.3431e+02
20220501_02:00:00   2.8889e-01   6.7732e+01   3.5892e+00   0.0000e+00   3.5265e-04   4.3372e+02
20220501_03:00:00   2.8191e-01   6.6383e+01   3.5003e+00   0.0000e+00   1.6934e-04   4.3315e+02
20220501_04:00:00   2.6644e-01   6.3414e+01   3.3065e+00   0.0000e+00   1.1574e-05   4.3116e+02
20220501_05:00:00   2.4279e-01   5.8782e+01   3.0032e+00   0.0000e+00   1.3018e-06   4.2911e+02
20220501_06:00:00   2.2134e-01   5.4484e+01   2.7240e+00   0.0000e+00   0.0000e+00   4.2825e+02
20220501_07:00:00   2.0819e-01   5.1797e+01   2.5572e+00   0.0000e+00   0.0000e+00   4.2863e+02
20220501_08:00:00   1.9668e-01   4.9427e+01   2.4147e+00   0.0000e+00   1.1420e-06   4.2912e+02
20220501_09:00:00   1.9096e-01   4.8204e+01   2.3650e+00   0.0000e+00   0.0000e+00   4.3047e+02
20220501_10:00:00   1.9053e-01   4.8100e+01   2.3838e+00   0.0000e+00   8.4502e-06   4.3152e+02
20220501_11:00:00   1.9371e-01   4.8770e+01   2.4498e+00   0.0000e+00   1.6316e-05   4.3189e+02
20220501_12:00:00   1.9656e-01   4.9392e+01   2.5033e+00   0.0000e+00   8.1580e-06   4.3182e+02
20220501_13:00:00   1.9789e-01   4.9710e+01   2.5325e+00   0.0000e+00   8.1580e-06   4.2875e+02
20220501_14:00:00   1.9820e-01   4.9818e+01   2.5436e+00   0.0000e+00   8.1580e-06   4.2555e+02
20220501_15:00:00   1.9800e-01   4.9823e+01   2.5451e+00   0.0000e+00   1.6316e-05   4.2440e+02
20220501_16:00:00   1.9756e-01   4.9778e+01   2.5426e+00   0.0000e+00   1.4520e-05   4.2350e+02
20220501_17:00:00   1.9777e-01   4.9879e+01   2.5425e+00   0.0000e+00   1.7166e-05   4.2198e+02
20220501_18:00:00   1.9897e-01   5.0186e+01   2.5553e+00   0.0000e+00   1.6316e-05   4.2092e+02
20220501_19:00:00   2.0070e-01   5.0587e+01   2.5775e+00   0.0000e+00   9.3000e-06   4.1985e+02
20220501_20:00:00   2.0176e-01   5.0843e+01   2.5931e+00   0.0000e+00   0.0000e+00   4.1755e+02
20220501_21:00:00   2.0205e-01   5.0926e+01   2.6030e+00   0.0000e+00   0.0000e+00   4.1647e+02
20220501_22:00:00   2.0462e-01   5.1432e+01   2.6587e+00   0.0000e+00   0.0000e+00   4.1579e+02
20220501_23:00:00   2.0489e-01   5.1481e+01   2.6729e+00   0.0000e+00   0.0000e+00   4.1590e+02
20220502_00:00:00   2.0465e-01   5.1432e+01   2.6797e+00   0.0000e+00   0.0000e+00   4.1607e+02
20220502_01:00:00   2.0368e-01   5.1229e+01   2.6720e+00   0.0000e+00   0.0000e+00   4.1540e+02
20220502_02:00:00   2.0186e-01   5.0842e+01   2.6524e+00   0.0000e+00   1.1420e-06   4.1456e+02
20220502_03:00:00   1.9936e-01   5.0322e+01   2.6253e+00   0.0000e+00   1.1420e-06   4.1323e+02
20220502_04:00:00   1.9714e-01   4.9849e+01   2.6032e+00   0.0000e+00   0.0000e+00   4.1279e+02
20220502_05:00:00   1.9559e-01   4.9520e+01   2.5893e+00   0.0000e+00   8.1580e-06   4.1329e+02
20220502_06:00:00   1.9395e-01   4.9178e+01   2.5734e+00   0.0000e+00   8.1580e-06   4.1324e+02
20220502_07:00:00   1.9354e-01   4.9079e+01   2.5758e+00   0.0000e+00   1.0728e-05   4.1252e+02
20220502_08:00:00   1.9344e-01   4.9061e+01   2.5838e+00   0.0000e+00   4.8416e-05   4.1231e+02
20220502_09:00:00   1.9354e-01   4.9080e+01   2.5927e+00   0.0000e+00   1.1412e-04   4.1380e+02
20220502_10:00:00   1.9486e-01   4.9358e+01   2.6196e+00   0.0000e+00   2.5894e-04   4.1426e+02
20220502_11:00:00   1.9645e-01   4.9704e+01   2.6471e+00   0.0000e+00   3.7154e-04   4.1365e+02
20220502_12:00:00   1.9943e-01   5.0324e+01   2.6947e+00   0.0000e+00   9.0793e-04   4.1259e+02
20220502_13:00:00   2.0354e-01   5.1178e+01   2.7569e+00   0.0000e+00   2.3105e-03   4.1231e+02
20220502_14:00:00   2.0738e-01   5.1964e+01   2.8188e+00   0.0000e+00   4.6504e-03   4.1159e+02
20220502_15:00:00   2.0789e-01   5.2118e+01   2.8214e+00   0.0000e+00   7.3341e-03   4.1093e+02
20220502_16:00:00   2.1403e-01   5.3373e+01   2.9168e+00   0.0000e+00   1.0388e-02   4.1118e+02
20220502_17:00:00   2.1991e-01   5.4545e+01   3.0028e+00   0.0000e+00   1.7380e-02   4.1193e+02
20220502_18:00:00   2.2595e-01   5.5742e+01   3.0987e+00   0.0000e+00   2.4076e-02   4.1228e+02
20220502_19:00:00   2.3487e-01   5.7506e+01   3.2370e+00   0.0000e+00   3.2218e-02   4.1172e+02
20220502_20:00:00   2.4604e-01   5.9710e+01   3.4138e+00   0.0000e+00   3.5753e-02   4.1209e+02
20220502_21:00:00   2.5772e-01   6.2003e+01   3.5950e+00   0.0000e+00   3.0184e-02   4.1360e+02
20220502_22:00:00   2.6919e-01   6.4247e+01   3.7682e+00   0.0000e+00   1.8556e-02   4.1518e+02
20220502_23:00:00   2.7622e-01   6.5625e+01   3.8682e+00   0.0000e+00   8.9131e-03   4.1730e+02
20220503_00:00:00   2.8020e-01   6.6441e+01   3.9218e+00   0.0000e+00   2.5279e-03   4.1965e+02
20220503_01:00:00   2.7734e-01   6.5941e+01   3.8662e+00   0.0000e+00   3.7677e-04   4.2058e+02
20220503_02:00:00   2.6658e-01   6.3916e+01   3.6857e+00   0.0000e+00   4.9598e-05   4.2033e+02
20220503_03:00:00   2.5571e-01   6.1819e+01   3.5133e+00   0.0000e+00   3.2632e-05   4.2062e+02
20220503_04:00:00   2.4758e-01   6.0211e+01   3.3901e+00   0.0000e+00   3.2632e-05   4.1905e+02
20220503_05:00:00   2.4189e-01   5.9071e+01   3.3109e+00   0.0000e+00   2.8552e-05   4.1731e+02
20220503_06:00:00   2.3600e-01   5.7908e+01   3.2244e+00   0.0000e+00   1.5174e-05   4.1824e+02
20220503_07:00:00   2.3163e-01   5.7058e+01   3.1619e+00   0.0000e+00   1.6608e-05   4.1829e+02
20220503_08:00:00   2.2903e-01   5.6578e+01   3.1275e+00   0.0000e+00   8.4502e-06   4.1641e+02
20220503_09:00:00   2.2953e-01   5.6731e+01   3.1349e+00   0.0000e+00   0.0000e+00   4.1812e+02
20220503_10:00:00   2.3132e-01   5.7146e+01   3.1553e+00   0.0000e+00   0.0000e+00   4.2159e+02
20220503_11:00:00   2.3406e-01   5.7771e+01   3.1938e+00   0.0000e+00   0.0000e+00   4.2263e+02
20220503_12:00:00   2.3888e-01   5.8797e+01   3.2677e+00   0.0000e+00   0.0000e+00   4.2244e+02
20220503_13:00:00   2.4267e-01   5.9601e+01   3.3256e+00   0.0000e+00   0.0000e+00   4.2161e+02
20220503_14:00:00   2.4398e-01   5.9904e+01   3.3348e+00   0.0000e+00   0.0000e+00   4.2227e+02
20220503_15:00:00   2.4314e-01   5.9787e+01   3.3084e+00   0.0000e+00   0.0000e+00   4.2203e+02
20220503_16:00:00   2.4118e-01   5.9459e+01   3.2573e+00   0.0000e+00   0.0000e+00   4.2019e+02
20220503_17:00:00   2.3975e-01   5.9241e+01   3.2174e+00   0.0000e+00   0.0000e+00   4.1670e+02
20220503_18:00:00   2.3871e-01   5.9081e+01   3.1934e+00   0.0000e+00   0.0000e+00   4.1580e+02
20220503_19:00:00   2.3911e-01   5.9199e+01   3.1965e+00   0.0000e+00   0.0000e+00   4.1645e+02
20220503_20:00:00   2.4268e-01   5.9921e+01   3.2502e+00   0.0000e+00   0.0000e+00   4.1472e+02
20220503_21:00:00   2.4828e-01   6.0996e+01   3.3624e+00   0.0000e+00   0.0000e+00   4.1329e+02
20220503_22:00:00   2.5500e-01   6.2265e+01   3.4982e+00   0.0000e+00   0.0000e+00   4.1321e+02
20220503_23:00:00   2.6304e-01   6.3757e+01   3.6643e+00   0.0000e+00   0.0000e+00   4.1235e+02
20220504_00:00:00   2.7781e-01   6.6505e+01   3.9439e+00   0.0000e+00   8.9282e-06   4.1017e+02
20220504_01:00:00   2.9493e-01   6.9674e+01   4.2580e+00   0.0000e+00   1.0219e-03   4.0722e+02
20220504_02:00:00   3.1269e-01   7.2918e+01   4.5801e+00   0.0000e+00   3.7032e-03   4.0405e+02
20220504_03:00:00   3.3084e-01   7.6207e+01   4.9037e+00   0.0000e+00   1.0145e-02   3.9998e+02
20220504_04:00:00   3.5194e-01   7.9986e+01   5.2510e+00   0.0000e+00   2.9695e-02   3.9695e+02
20220504_05:00:00   3.7224e-01   8.3584e+01   5.5518e+00   0.0000e+00   5.9085e-02   3.9469e+02
20220504_06:00:00   3.8886e-01   8.6505e+01   5.7952e+00   0.0000e+00   6.1776e-02   3.9309e+02
20220504_07:00:00   4.1287e-01   9.0644e+01   6.1465e+00   0.0000e+00   6.0114e-02   3.9181e+02
20220504_08:00:00   4.5300e-01   9.7345e+01   6.7059e+00   0.0000e+00   1.0264e-01   3.9362e+02
20220504_09:00:00   4.9056e-01   1.0348e+02   7.2328e+00   0.0000e+00   9.5321e-02   3.9547e+02
20220504_10:00:00   4.6981e-01   1.0016e+02   6.9349e+00   0.0000e+00   9.8080e-02   3.9646e+02
20220504_11:00:00   4.5248e-01   9.7302e+01   6.7085e+00   0.0000e+00   9.5580e-02   3.9772e+02
20220504_12:00:00   4.6472e-01   9.9343e+01   6.8731e+00   0.0000e+00   1.2583e-01   3.9796e+02
20220504_13:00:00   4.7935e-01   1.0174e+02   7.0946e+00   0.0000e+00   1.2914e-01   3.9635e+02
20220504_14:00:00   4.9597e-01   1.0438e+02   7.3263e+00   0.0000e+00   1.6455e-01   3.9439e+02
20220504_15:00:00   5.0623e-01   1.0598e+02   7.4706e+00   0.0000e+00   1.5623e-01   3.9390e+02
20220504_16:00:00   5.0938e-01   1.0647e+02   7.5081e+00   0.0000e+00   1.5490e-01   3.9438e+02
20220504_17:00:00   5.0621e-01   1.0602e+02   7.4751e+00   0.0000e+00   8.8748e-02   3.9491e+02
20220504_18:00:00   5.0397e-01   1.0571e+02   7.4260e+00   1.8274e-07   3.5968e-02   3.9410e+02
20220504_19:00:00   5.0298e-01   1.0564e+02   7.3582e+00   2.1603e-05   1.3863e-02   3.9385e+02
20220504_20:00:00   4.9712e-01   1.0479e+02   7.2266e+00   3.3694e-06   1.3138e-02   3.9421e+02
20220504_21:00:00   4.8949e-01   1.0365e+02   7.0810e+00   0.0000e+00   9.3437e-03   3.9486e+02
20220504_22:00:00   4.8158e-01   1.0246e+02   6.9401e+00   5.3100e-07   7.4217e-03   3.9480e+02
20220504_23:00:00   4.6553e-01   9.9959e+01   6.6604e+00   0.0000e+00   6.2414e-03   3.9388e+02
20220505_00:00:00   4.4123e-01   9.6027e+01   6.2616e+00   0.0000e+00   5.0292e-03   3.9435e+02
20220505_01:00:00   4.1626e-01   9.1893e+01   5.8569e+00   0.0000e+00   3.2714e-03   3.9480e+02
20220505_02:00:00   4.0466e-01   8.9937e+01   5.6778e+00   0.0000e+00   2.9750e-03   3.9531e+02
20220505_03:00:00   3.9931e-01   8.9011e+01   5.6003e+00   0.0000e+00   1.7722e-03   3.9583e+02
20220505_04:00:00   3.8769e-01   8.7019e+01   5.4260e+00   0.0000e+00   4.8189e-04   3.9673e+02
20220505_05:00:00   3.6536e-01   8.3088e+01   5.0881e+00   0.0000e+00   2.3606e-05   3.9744e+02
20220505_06:00:00   3.4251e-01   7.8966e+01   4.7447e+00   0.0000e+00   0.0000e+00   3.9640e+02
20220505_07:00:00   3.3504e-01   7.7609e+01   4.6363e+00   0.0000e+00   0.0000e+00   3.9512e+02
20220505_08:00:00   3.3204e-01   7.7061e+01   4.6017e+00   0.0000e+00   1.1161e-04   3.9509e+02
20220505_09:00:00   3.2656e-01   7.6040e+01   4.5444e+00   0.0000e+00   4.3908e-04   3.9533e+02
20220505_10:00:00   3.2070e-01   7.4920e+01   4.4909e+00   0.0000e+00   7.1993e-04   3.9505e+02
20220505_11:00:00   3.1944e-01   7.4616e+01   4.5154e+00   0.0000e+00   2.3167e-03   3.9577e+02
20220505_12:00:00   3.2163e-01   7.4907e+01   4.5956e+00   0.0000e+00   6.4780e-03   3.9567e+02
20220505_13:00:00   3.2576e-01   7.5552e+01   4.7086e+00   0.0000e+00   8.8049e-03   3.9430e+02
20220505_14:00:00   3.3176e-01   7.6558e+01   4.8490e+00   0.0000e+00   1.2367e-02   3.9135e+02
20220505_15:00:00   3.3966e-01   7.7932e+01   5.0082e+00   0.0000e+00   2.2339e-02   3.8840e+02
20220505_16:00:00   3.4718e-01   7.9250e+01   5.1532e+00   0.0000e+00   3.3619e-02   3.8480e+02
20220505_17:00:00   3.6050e-01   8.1589e+01   5.3917e+00   0.0000e+00   3.6678e-02   3.8320e+02
20220505_18:00:00   3.7295e-01   8.3776e+01   5.5918e+00   0.0000e+00   5.2863e-02   3.8357e+02
20220505_21:00:00   4.1985e-01   9.1956e+01   6.2981e+00   0.0000e+00   3.7264e-02   3.8797e+02
20220506_00:00:00   4.7108e-01   1.0045e+02   7.0983e+00   0.0000e+00   1.1893e-02   3.8817e+02
20220506_03:00:00   4.9069e-01   1.0362e+02   7.4020e+00   0.0000e+00   3.6596e-02   3.7646e+02
20220506_06:00:00   4.8703e-01   1.0309e+02   7.3619e+00   0.0000e+00   1.1970e-02   3.8047e+02
20220506_09:00:00   3.8412e-01   8.6100e+01   5.7084e+00   0.0000e+00   5.4607e-03   3.8707e+02
20220506_12:00:00   3.5988e-01   8.1853e+01   5.3476e+00   0.0000e+00   6.8262e-03   3.8162e+02
20220506_15:00:00   4.0248e-01   8.9318e+01   6.0993e+00   0.0000e+00   1.1293e-03   3.7909e+02
20220506_18:00:00   3.7431e-01   8.4592e+01   5.6207e+00   0.0000e+00   2.5816e-03   3.8281e+02
20220506_21:00:00   3.1288e-01   7.3760e+01   4.5412e+00   0.0000e+00   4.3884e-05   3.8690e+02
20220507_00:00:00   2.6816e-01   6.5252e+01   3.7832e+00   0.0000e+00   0.0000e+00   3.8856e+02
20220507_03:00:00   2.4649e-01   6.0968e+01   3.4001e+00   0.0000e+00   4.6827e-05   3.9528e+02
20220507_06:00:00   2.6898e-01   6.4683e+01   3.9814e+00   0.0000e+00   2.7081e-02   3.9422e+02
20220507_09:00:00   3.8659e-01   8.6412e+01   5.9085e+00   0.0000e+00   4.2887e-02   3.9367e+02
20220507_12:00:00   4.6633e-01   9.9801e+01   7.0684e+00   0.0000e+00   1.5036e-01   3.9292e+02
20220507_15:00:00   5.1876e-01   1.0802e+02   7.6926e+00   0.0000e+00   3.0972e-01   3.9088e+02
20220507_18:00:00   5.4004e-01   1.1118e+02   7.8824e+00   0.0000e+00   3.4866e-01   3.9219e+02
20220507_21:00:00   5.4761e-01   1.1223e+02   7.9289e+00   0.0000e+00   2.7238e-01   3.9673e+02
20220508_00:00:00   5.3179e-01   1.0974e+02   7.6851e+00   0.0000e+00   1.7993e-01   4.0702e+02
20220508_03:00:00   5.3256e-01   1.0972e+02   7.5903e+00   0.0000e+00   2.2233e-01   4.0369e+02
20220508_06:00:00   5.2102e-01   1.0785e+02   7.3435e+00   0.0000e+00   2.4263e-01   3.9759e+02
20220508_09:00:00   4.9860e-01   1.0438e+02   6.9319e+00   0.0000e+00   2.1780e-01   4.0433e+02
20220508_12:00:00   4.7731e-01   1.0112e+02   6.5249e+00   0.0000e+00   1.9771e-01   4.0690e+02
20220508_15:00:00   4.5692e-01   9.8084e+01   6.1357e+00   0.0000e+00   1.4578e-01   4.0442e+02
20220508_18:00:00   4.5186e-01   9.7479e+01   6.0011e+00   3.1090e-05   1.3130e-01   4.0853e+02
20220508_21:00:00   4.5141e-01   9.7517e+01   5.9638e+00   1.9537e-04   9.1964e-02   4.1248e+02
20220509_00:00:00   4.4314e-01   9.6145e+01   5.8753e+00   0.0000e+00   6.4644e-02   4.0898e+02
20220509_03:00:00   4.3014e-01   9.3893e+01   5.7059e+00   1.2196e-03   2.7792e-02   4.0428e+02
20220509_06:00:00   4.1814e-01   9.1867e+01   5.6343e+00   0.0000e+00   2.1394e-02   4.1146e+02
20220509_09:00:00   4.2493e-01   9.3041e+01   5.7909e+00   0.0000e+00   1.9651e-02   4.1256e+02
20220509_12:00:00   4.1610e-01   9.1551e+01   5.7266e+00   0.0000e+00   4.8020e-03   4.1382e+02
20220509_15:00:00   4.1659e-01   9.1750e+01   5.7793e+00   0.0000e+00   2.6336e-03   4.0947e+02
20220509_18:00:00   4.2156e-01   9.2660e+01   5.8771e+00   0.0000e+00   1.2416e-03   4.1121e+02
20220509_21:00:00   4.2296e-01   9.3062e+01   5.8881e+00   0.0000e+00   4.5534e-05   4.1748e+02
20220510_00:00:00   3.6938e-01   8.4149e+01   4.9760e+00   0.0000e+00   4.4060e-06   4.1999e+02
20220510_03:00:00   3.5283e-01   8.0874e+01   4.8322e+00   0.0000e+00   1.6316e-05   4.1647e+02
20220510_06:00:00   3.4810e-01   7.9864e+01   4.7967e+00   0.0000e+00   9.0079e-06   4.1946e+02
20220510_09:00:00   3.2895e-01   7.6424e+01   4.4934e+00   0.0000e+00   7.5860e-06   4.1891e+02
20220510_12:00:00   3.0386e-01   7.1824e+01   4.1031e+00   0.0000e+00   1.5174e-05   4.2258e+02
20220510_15:00:00   2.8551e-01   6.8402e+01   3.8577e+00   0.0000e+00   1.7664e-05   4.1698e+02
20220510_18:00:00   2.8762e-01   6.8880e+01   3.9296e+00   0.0000e+00   3.3084e-04   4.1023e+02
20220510_21:00:00   3.0529e-01   7.2121e+01   4.2931e+00   0.0000e+00   3.2073e-05   4.0753e+02
20220511_00:00:00   3.0488e-01   7.1907e+01   4.3536e+00   0.0000e+00   1.8029e-05   4.1014e+02
20220511_03:00:00   3.0510e-01   7.1850e+01   4.3901e+00   0.0000e+00   2.7412e-05   4.1439e+02
20220511_06:00:00   3.3480e-01   7.7336e+01   4.7726e+00   0.0000e+00   8.1570e-06   4.0972e+02
20220511_09:00:00   3.4281e-01   7.8954e+01   4.7946e+00   0.0000e+00   0.0000e+00   4.1019e+02
20220511_12:00:00   3.5781e-01   8.1861e+01   4.9030e+00   0.0000e+00   4.7877e-06   4.1277e+02
20220511_15:00:00   3.6776e-01   8.3672e+01   4.9961e+00   0.0000e+00   1.1255e-05   4.0954e+02
20220511_18:00:00   3.7195e-01   8.4378e+01   5.0380e+00   0.0000e+00   6.4013e-05   4.1007e+02
20220511_21:00:00   3.5710e-01   8.1623e+01   4.8590e+00   0.0000e+00   6.6551e-06   4.1064e+02
20220512_00:00:00   3.6422e-01   8.2736e+01   4.9504e+00   0.0000e+00   1.1254e-05   4.1295e+02
20220512_03:00:00   3.6277e-01   8.2334e+01   4.9512e+00   0.0000e+00   8.7651e-06   4.1543e+02
20220512_06:00:00   3.5668e-01   8.1253e+01   4.8734e+00   0.0000e+00   7.8201e-06   4.1768e+02
20220512_09:00:00   3.4297e-01   7.8869e+01   4.6965e+00   0.0000e+00   2.1925e-06   4.2060e+02
20220512_12:00:00   3.3239e-01   7.7053e+01   4.5566e+00   0.0000e+00   0.0000e+00   4.2481e+02
20220512_15:00:00   3.1948e-01   7.4845e+01   4.3841e+00   0.0000e+00   0.0000e+00   4.2543e+02
20220512_18:00:00   3.1611e-01   7.4324e+01   4.3409e+00   0.0000e+00   0.0000e+00   4.2774e+02
20220512_21:00:00   3.1112e-01   7.3452e+01   4.2639e+00   0.0000e+00   0.0000e+00   4.2501e+02
20220513_00:00:00   3.0213e-01   7.1630e+01   4.1475e+00   0.0000e+00   0.0000e+00   4.2242e+02
20220513_03:00:00   2.9130e-01   6.9474e+01   4.0110e+00   0.0000e+00   0.0000e+00   4.1958e+02
20220513_06:00:00   2.8807e-01   6.8795e+01   3.9706e+00   0.0000e+00   0.0000e+00   4.1239e+02
20220513_09:00:00   2.9493e-01   7.0053e+01   4.0847e+00   0.0000e+00   2.2840e-05   4.0360e+02
20220513_12:00:00   3.1740e-01   7.4230e+01   4.4533e+00   0.0000e+00   6.1912e-03   3.9660e+02
20220513_15:00:00   3.4234e-01   7.8879e+01   4.8536e+00   0.0000e+00   1.1625e-02   3.9375e+02
20220513_18:00:00   3.8469e-01   8.6459e+01   5.5576e+00   0.0000e+00   7.6957e-03   3.8563e+02
20220513_21:00:00   4.0678e-01   9.0322e+01   5.9580e+00   0.0000e+00   3.8115e-03   3.8612e+02
20220514_00:00:00   4.2521e-01   9.3179e+01   6.3819e+00   0.0000e+00   4.8332e-03   3.8724e+02
20220514_03:00:00   4.4367e-01   9.6082e+01   6.7357e+00   0.0000e+00   6.5760e-02   3.8608e+02
20220514_06:00:00   4.3790e-01   9.5309e+01   6.6539e+00   0.0000e+00   3.1635e-02   3.8675e+02
20220514_09:00:00   4.4638e-01   9.6958e+01   6.7800e+00   0.0000e+00   8.5366e-03   3.8793e+02
20220514_12:00:00   4.7683e-01   1.0222e+02   7.2534e+00   0.0000e+00   2.2467e-03   3.8766e+02
20220514_15:00:00   5.1242e-01   1.0827e+02   7.8037e+00   0.0000e+00   4.0817e-03   3.8926e+02
20220514_18:00:00   5.2822e-01   1.1119e+02   8.0571e+00   0.0000e+00   2.0094e-03   3.8597e+02
20220514_21:00:00   5.3783e-01   1.1301e+02   8.2746e+00   0.0000e+00   2.2433e-05   3.8188e+02
20220515_00:00:00   5.3760e-01   1.1303e+02   8.3418e+00   0.0000e+00   4.2435e-03   3.8228e+02
20220515_03:00:00   5.2609e-01   1.1138e+02   8.2411e+00   0.0000e+00   1.2071e-02   3.7956e+02
20220515_06:00:00   4.8701e-01   1.0529e+02   7.6444e+00   0.0000e+00   4.5301e-03   3.7776e+02
20220515_09:00:00   4.8610e-01   1.0524e+02   7.6672e+00   0.0000e+00   1.0787e-02   3.7509e+02
20220515_12:00:00   5.3352e-01   1.1292e+02   8.3769e+00   0.0000e+00   9.0940e-03   3.7330e+02
20220515_15:00:00   6.0755e-01   1.2420e+02   9.4567e+00   0.0000e+00   9.1786e-03   3.7323e+02
20220515_18:00:00   6.4628e-01   1.2987e+02   1.0035e+01   0.0000e+00   1.0141e-02   3.7317e+02
20220515_21:00:00   6.7084e-01   1.3335e+02   1.0405e+01   0.0000e+00   1.0425e-02   3.7101e+02
20220516_00:00:00   7.7002e-01   1.4603e+02   1.1894e+01   0.0000e+00   4.8460e-02   3.7223e+02
20220516_03:00:00   8.6905e-01   1.5741e+02   1.3401e+01   0.0000e+00   1.2326e-01   3.7133e+02
20220516_06:00:00   9.5083e-01   1.6616e+02   1.4468e+01   5.6123e-06   2.0969e-01   3.6953e+02
20220516_09:00:00   9.9137e-01   1.7040e+02   1.4901e+01   0.0000e+00   2.8428e-01   3.6882e+02
20220516_12:00:00   1.1714e+00   1.8746e+02   1.5278e+01   5.8816e-02   2.9001e-01   3.6863e+02
20220516_15:00:00   1.4317e+00   2.0748e+02   1.5250e+01   1.6446e-01   2.8469e-01   3.6821e+02
20220516_18:00:00   1.5922e+00   2.1732e+02   1.5131e+01   2.3287e-01   2.8789e-01   3.7106e+02
