#            date       tau255        Tb[K]      pwv[mm] lwp[kg*m^-2] iwp[kg*m^-2]       o3[DU]
20250508_06:00:00   3.4286e-01   7.7513e+01   4.6494e+00   0.0000e+00   1.9521e-02   4.0974e+02
20250508_07:00:00   3.4373e-01   7.7633e+01   4.6576e+00   0.0000e+00   1.8623e-02   4.1012e+02
20250508_08:00:00   3.4441e-01   7.7726e+01   4.6628e+00   0.0000e+00   1.9113e-02   4.1102e+02
20250508_09:00:00   3.4562e-01   7.7926e+01   4.6787e+00   0.0000e+00   1.6443e-02   4.0996e+02
20250508_10:00:00   3.4574e-01   7.7945e+01   4.6781e+00   0.0000e+00   1.1191e-02   4.1256e+02
20250508_11:00:00   3.4420e-01   7.7685e+01   4.6573e+00   0.0000e+00   7.9529e-03   4.1348e+02
20250508_12:00:00   3.4283e-01   7.7448e+01   4.6400e+00   0.0000e+00   6.0741e-03   4.1347e+02
20250508_13:00:00   3.4291e-01   7.7482e+01   4.6414e+00   0.0000e+00   4.2229e-03   4.1297e+02
20250508_14:00:00   3.4512e-01   7.7889e+01   4.6679e+00   4.8930e-06   5.0557e-03   4.1112e+02
20250508_15:00:00   3.4599e-01   7.8050e+01   4.6718e+00   3.2620e-06   6.0015e-03   4.0809e+02
20250508_16:00:00   3.4475e-01   7.7848e+01   4.6424e+00   0.0000e+00   9.5726e-03   4.0478e+02
20250508_17:00:00   3.4135e-01   7.7280e+01   4.5800e+00   6.7350e-06   9.6036e-03   4.0083e+02
20250508_18:00:00   3.3797e-01   7.6729e+01   4.5217e+00   1.6843e-06   7.9000e-03   3.9616e+02
20250508_19:00:00   3.3333e-01   7.5943e+01   4.4425e+00   0.0000e+00   7.0484e-03   3.9349e+02
20250508_20:00:00   3.2918e-01   7.5247e+01   4.3751e+00   0.0000e+00   5.6630e-03   3.9249e+02
20250508_21:00:00   3.2718e-01   7.4907e+01   4.3407e+00   0.0000e+00   5.4982e-03   3.9183e+02
20250508_22:00:00   3.2640e-01   7.4769e+01   4.3190e+00   0.0000e+00   5.5457e-03   3.9325e+02
20250508_23:00:00   3.2583e-01   7.4632e+01   4.3040e+00   0.0000e+00   6.1159e-03   3.9673e+02
20250509_00:00:00   3.2454e-01   7.4356e+01   4.2855e+00   0.0000e+00   6.4766e-03   3.9875e+02
20250509_01:00:00   3.2014e-01   7.3501e+01   4.2262e+00   0.0000e+00   5.9720e-03   3.9983e+02
20250509_02:00:00   3.1504e-01   7.2533e+01   4.1605e+00   0.0000e+00   4.5992e-03   4.0038e+02
20250509_03:00:00   3.0948e-01   7.1467e+01   4.0895e+00   0.0000e+00   3.3826e-03   3.9936e+02
20250509_04:00:00   3.0162e-01   6.9985e+01   3.9865e+00   0.0000e+00   1.4746e-03   3.9834e+02
20250509_05:00:00   2.9252e-01   6.8262e+01   3.8705e+00   0.0000e+00   4.8728e-04   3.9795e+02
20250509_06:00:00   2.8437e-01   6.6739e+01   3.7695e+00   0.0000e+00   1.6324e-04   3.9850e+02
20250509_07:00:00   2.7763e-01   6.5468e+01   3.6861e+00   0.0000e+00   2.2377e-04   4.0007e+02
20250509_08:00:00   2.7471e-01   6.4921e+01   3.6583e+00   0.0000e+00   8.4868e-04   4.0011e+02
20250509_09:00:00   2.7283e-01   6.4579e+01   3.6480e+00   0.0000e+00   1.0970e-03   4.0070e+02
20250509_10:00:00   2.7260e-01   6.4556e+01   3.6566e+00   0.0000e+00   1.0991e-03   4.0314e+02
20250509_11:00:00   2.7395e-01   6.4831e+01   3.6869e+00   0.0000e+00   8.9711e-04   4.0038e+02
20250509_12:00:00   2.7573e-01   6.5201e+01   3.7227e+00   0.0000e+00   9.3985e-04   4.0088e+02
20250509_13:00:00   2.7837e-01   6.5719e+01   3.7686e+00   0.0000e+00   6.4357e-04   4.0275e+02
20250509_14:00:00   2.8049e-01   6.6141e+01   3.8061e+00   0.0000e+00   7.9281e-05   4.0296e+02
20250509_15:00:00   2.8219e-01   6.6485e+01   3.8364e+00   0.0000e+00   5.8016e-05   4.0317e+02
20250509_16:00:00   2.8464e-01   6.6980e+01   3.8771e+00   0.0000e+00   5.0848e-05   4.0411e+02
20250509_17:00:00   2.8750e-01   6.7547e+01   3.9211e+00   0.0000e+00   5.9630e-05   4.0397e+02
20250509_18:00:00   2.8914e-01   6.7877e+01   3.9503e+00   0.0000e+00   1.1142e-04   4.0301e+02
20250509_19:00:00   2.9072e-01   6.8205e+01   3.9784e+00   0.0000e+00   1.2954e-04   4.0309e+02
20250509_20:00:00   2.9124e-01   6.8354e+01   3.9925e+00   0.0000e+00   4.7022e-05   4.0217e+02
20250509_21:00:00   2.9240e-01   6.8595e+01   4.0171e+00   0.0000e+00   3.8866e-05   4.0323e+02
20250509_22:00:00   2.9422e-01   6.8954e+01   4.0470e+00   0.0000e+00   4.9290e-05   4.0493e+02
20250509_23:00:00   2.9803e-01   6.9668e+01   4.1056e+00   0.0000e+00   4.7250e-05   4.0457e+02
20250510_00:00:00   3.0074e-01   7.0175e+01   4.1455e+00   0.0000e+00   4.9104e-05   4.0399e+02
20250510_01:00:00   3.0301e-01   7.0592e+01   4.1800e+00   0.0000e+00   4.9109e-05   4.0410e+02
20250510_02:00:00   3.0289e-01   7.0560e+01   4.1789e+00   0.0000e+00   4.9115e-05   4.0438e+02
20250510_03:00:00   3.0011e-01   7.0051e+01   4.1364e+00   0.0000e+00   4.4868e-05   4.0520e+02
20250510_04:00:00   2.9571e-01   6.9236e+01   4.0739e+00   0.0000e+00   4.8376e-05   4.0662e+02
20250510_05:00:00   2.9018e-01   6.8227e+01   3.9975e+00   0.0000e+00   4.8376e-05   4.0596e+02
20250510_06:00:00   2.8425e-01   6.7125e+01   3.9128e+00   0.0000e+00   4.7478e-05   4.0518e+02
20250510_07:00:00   2.7924e-01   6.6186e+01   3.8406e+00   0.0000e+00   3.6710e-05   4.0458e+02
20250510_08:00:00   2.7662e-01   6.5687e+01   3.8013e+00   0.0000e+00   3.6418e-05   4.0549e+02
20250510_09:00:00   2.7570e-01   6.5519e+01   3.7838e+00   0.0000e+00   1.8598e-05   4.0869e+02
20250510_10:00:00   2.7618e-01   6.5625e+01   3.7846e+00   0.0000e+00   1.3378e-05   4.1513e+02
20250510_11:00:00   2.7716e-01   6.5845e+01   3.7919e+00   0.0000e+00   9.2990e-06   4.2053e+02
20250510_12:00:00   2.8036e-01   6.6489e+01   3.8279e+00   0.0000e+00   6.3620e-06   4.2379e+02
20250510_13:00:00   2.8320e-01   6.7062e+01   3.8626e+00   0.0000e+00   8.7280e-06   4.2590e+02
20250510_14:00:00   2.8777e-01   6.7959e+01   3.9219e+00   0.0000e+00   3.5080e-06   4.2578e+02
20250510_15:00:00   2.8959e-01   6.8334e+01   3.9440e+00   0.0000e+00   7.0160e-06   4.2424e+02
20250510_16:00:00   2.9079e-01   6.8607e+01   3.9583e+00   0.0000e+00   3.5080e-06   4.2070e+02
20250510_17:00:00   2.9071e-01   6.8651e+01   3.9523e+00   0.0000e+00   0.0000e+00   4.1751e+02
20250510_18:00:00   2.8803e-01   6.8237e+01   3.9094e+00   0.0000e+00   0.0000e+00   4.1568e+02
20250510_19:00:00   2.8300e-01   6.7370e+01   3.8336e+00   0.0000e+00   0.0000e+00   4.1487e+02
20250510_20:00:00   2.7594e-01   6.6079e+01   3.7331e+00   0.0000e+00   0.0000e+00   4.1475e+02
20250510_21:00:00   2.6915e-01   6.4783e+01   3.6438e+00   0.0000e+00   0.0000e+00   4.1458e+02
20250510_22:00:00   2.6350e-01   6.3683e+01   3.5703e+00   0.0000e+00   0.0000e+00   4.1345e+02
20250510_23:00:00   2.5623e-01   6.2275e+01   3.4687e+00   0.0000e+00   0.0000e+00   4.1300e+02
20250511_00:00:00   2.5020e-01   6.1114e+01   3.3875e+00   0.0000e+00   0.0000e+00   4.1279e+02
20250511_01:00:00   2.4489e-01   6.0054e+01   3.3301e+00   0.0000e+00   0.0000e+00   4.1327e+02
20250511_02:00:00   2.3647e-01   5.8378e+01   3.2216e+00   0.0000e+00   0.0000e+00   4.1410e+02
20250511_03:00:00   2.2569e-01   5.6220e+01   3.0768e+00   0.0000e+00   0.0000e+00   4.1538e+02
20250511_04:00:00   2.1552e-01   5.4167e+01   2.9392e+00   0.0000e+00   0.0000e+00   4.1667e+02
20250511_05:00:00   2.0926e-01   5.2876e+01   2.8629e+00   0.0000e+00   4.8547e-05   4.1809e+02
20250511_06:00:00   2.0601e-01   5.2183e+01   2.8323e+00   0.0000e+00   1.9244e-04   4.1885e+02
20250511_07:00:00   2.0372e-01   5.1688e+01   2.8167e+00   0.0000e+00   1.8516e-03   4.1811e+02
20250511_08:00:00   2.0442e-01   5.1817e+01   2.8424e+00   0.0000e+00   3.1441e-03   4.1711e+02
20250511_09:00:00   2.0846e-01   5.2631e+01   2.9153e+00   0.0000e+00   4.3235e-03   4.1745e+02
20250511_10:00:00   2.1729e-01   5.4451e+01   3.0577e+00   0.0000e+00   4.2641e-03   4.1928e+02
20250511_11:00:00   2.3395e-01   5.7836e+01   3.3041e+00   0.0000e+00   5.5040e-03   4.2051e+02
20250511_12:00:00   2.5138e-01   6.1280e+01   3.5623e+00   0.0000e+00   5.4885e-03   4.2171e+02
20250511_13:00:00   2.5972e-01   6.2893e+01   3.6726e+00   0.0000e+00   1.3598e-02   4.2056e+02
20250511_14:00:00   2.7835e-01   6.6463e+01   3.9469e+00   0.0000e+00   3.0422e-02   4.1767e+02
20250511_15:00:00   3.0187e-01   7.0864e+01   4.2950e+00   0.0000e+00   3.0677e-02   4.1478e+02
20250511_16:00:00   3.3450e-01   7.6802e+01   4.7584e+00   0.0000e+00   5.1598e-02   4.1301e+02
20250511_17:00:00   3.6596e-01   8.2498e+01   5.1572e+00   0.0000e+00   4.6036e-02   4.1273e+02
20250511_18:00:00   4.1531e-01   9.1156e+01   5.7643e+00   0.0000e+00   8.7629e-02   4.1249e+02
20250511_19:00:00   4.1020e-01   9.0464e+01   5.6674e+00   0.0000e+00   8.7462e-02   4.1243e+02
20250511_20:00:00   3.6369e-01   8.2376e+01   5.0159e+00   0.0000e+00   2.4225e-02   4.1233e+02
20250511_21:00:00   3.6689e-01   8.2916e+01   5.0207e+00   0.0000e+00   2.3496e-02   4.1146e+02
20250511_22:00:00   3.4325e-01   7.8504e+01   4.6880e+00   0.0000e+00   2.2923e-02   4.0992e+02
20250511_23:00:00   3.4226e-01   7.8296e+01   4.6672e+00   0.0000e+00   1.8412e-02   4.0728e+02
20250512_00:00:00   3.4335e-01   7.8410e+01   4.6815e+00   0.0000e+00   1.2936e-02   4.0517e+02
20250512_01:00:00   3.4603e-01   7.8855e+01   4.7332e+00   0.0000e+00   1.1812e-02   4.0528e+02
20250512_02:00:00   3.4091e-01   7.7909e+01   4.6813e+00   0.0000e+00   1.4132e-02   4.0609e+02
20250512_03:00:00   3.3369e-01   7.6580e+01   4.5811e+00   0.0000e+00   1.8686e-02   4.0674e+02
20250512_04:00:00   3.2795e-01   7.5508e+01   4.4933e+00   0.0000e+00   1.6417e-02   4.0690e+02
20250512_05:00:00   3.2294e-01   7.4550e+01   4.4124e+00   0.0000e+00   1.1101e-02   4.0653e+02
20250512_06:00:00   3.2053e-01   7.4066e+01   4.3653e+00   0.0000e+00   8.9541e-03   4.0613e+02
20250512_07:00:00   3.2190e-01   7.4257e+01   4.3924e+00   0.0000e+00   7.6770e-03   4.0591e+02
20250512_08:00:00   3.2268e-01   7.4325e+01   4.4111e+00   0.0000e+00   5.8146e-03   4.0572e+02
20250512_09:00:00   3.1458e-01   7.2831e+01   4.2737e+00   0.0000e+00   3.3362e-03   4.0666e+02
20250512_10:00:00   3.0930e-01   7.1852e+01   4.1718e+00   0.0000e+00   2.5319e-03   4.0791e+02
20250512_11:00:00   3.1123e-01   7.2202e+01   4.1853e+00   0.0000e+00   1.7158e-03   4.0874e+02
20250512_12:00:00   3.0949e-01   7.1911e+01   4.1489e+00   0.0000e+00   1.1358e-03   4.0989e+02
20250512_13:00:00   3.0777e-01   7.1622e+01   4.1036e+00   0.0000e+00   5.0737e-04   4.1101e+02
20250512_14:00:00   3.0631e-01   7.1398e+01   4.0639e+00   0.0000e+00   5.1768e-04   4.1142e+02
20250512_15:00:00   3.0202e-01   7.0637e+01   3.9865e+00   0.0000e+00   6.6367e-04   4.0949e+02
20250512_16:00:00   3.0116e-01   7.0535e+01   3.9534e+00   0.0000e+00   6.9322e-04   4.0813e+02
20250512_17:00:00   3.0385e-01   7.1055e+01   3.9780e+00   0.0000e+00   6.5113e-04   4.0861e+02
20250512_18:00:00   3.0044e-01   7.0430e+01   3.9338e+00   0.0000e+00   4.0381e-04   4.1025e+02
20250512_19:00:00   2.8817e-01   6.8148e+01   3.7684e+00   0.0000e+00   8.8144e-05   4.1269e+02
20250512_20:00:00   2.7289e-01   6.5249e+01   3.5632e+00   0.0000e+00   2.6880e-05   4.1502e+02
20250512_21:00:00   2.5990e-01   6.2751e+01   3.3877e+00   0.0000e+00   2.4551e-05   4.1572e+02
20250512_22:00:00   2.4789e-01   6.0387e+01   3.2242e+00   0.0000e+00   1.9452e-05   4.1591e+02
20250512_23:00:00   2.3702e-01   5.8203e+01   3.0796e+00   0.0000e+00   1.6316e-05   4.1552e+02
20250513_00:00:00   2.2779e-01   5.6328e+01   2.9544e+00   0.0000e+00   1.6316e-05   4.1407e+02
20250513_01:00:00   2.2022e-01   5.4752e+01   2.8523e+00   0.0000e+00   1.6316e-05   4.1305e+02
20250513_02:00:00   2.1537e-01   5.3719e+01   2.7878e+00   0.0000e+00   2.4474e-05   4.1291e+02
20250513_03:00:00   2.0931e-01   5.2437e+01   2.7081e+00   0.0000e+00   1.6316e-05   4.1285e+02
20250513_04:00:00   2.0284e-01   5.1066e+01   2.6246e+00   0.0000e+00   1.6316e-05   4.1403e+02
20250513_05:00:00   1.9938e-01   5.0304e+01   2.5802e+00   0.0000e+00   1.5174e-05   4.1440e+02
20250513_06:00:00   1.9617e-01   4.9606e+01   2.5396e+00   0.0000e+00   9.9540e-06   4.1628e+02
20250513_09:00:00   1.9619e-01   4.9500e+01   2.5635e+00   0.0000e+00   1.7458e-05   4.1626e+02
20250513_12:00:00   2.3025e-01   5.6354e+01   3.0297e+00   0.0000e+00   1.0109e-03   4.1390e+02
20250513_15:00:00   2.6881e-01   6.4015e+01   3.5295e+00   0.0000e+00   4.5294e-03   4.1225e+02
20250513_18:00:00   2.9654e-01   6.9349e+01   3.9036e+00   0.0000e+00   4.8466e-03   4.1144e+02
20250513_21:00:00   3.1435e-01   7.2745e+01   4.1362e+00   0.0000e+00   1.0466e-02   4.1717e+02
20250514_00:00:00   3.3351e-01   7.6279e+01   4.3808e+00   0.0000e+00   2.6104e-02   4.1710e+02
20250514_03:00:00   3.5888e-01   8.0781e+01   4.7135e+00   0.0000e+00   4.6793e-02   4.1295e+02
20250514_06:00:00   3.6597e-01   8.1894e+01   4.8215e+00   3.9560e-05   4.9765e-02   4.1036e+02
20250514_09:00:00   3.6974e-01   8.2445e+01   4.8704e+00   0.0000e+00   9.2479e-02   4.1128e+02
20250514_12:00:00   3.7581e-01   8.3461e+01   4.9544e+00   0.0000e+00   7.8395e-02   4.0953e+02
20250514_15:00:00   3.8021e-01   8.4358e+01   5.0421e+00   0.0000e+00   5.3128e-02   4.0815e+02
20250514_18:00:00   3.7969e-01   8.4498e+01   5.0453e+00   6.4640e-05   1.7739e-02   4.0797e+02
20250514_21:00:00   3.6187e-01   8.1545e+01   4.7862e+00   7.6740e-06   1.8914e-03   4.0927e+02
20250515_00:00:00   3.1153e-01   7.2430e+01   4.1331e+00   0.0000e+00   1.5764e-05   4.0924e+02
20250515_03:00:00   2.6809e-01   6.4126e+01   3.5705e+00   0.0000e+00   9.7699e-06   4.1154e+02
20250515_06:00:00   2.3961e-01   5.8513e+01   3.1949e+00   0.0000e+00   8.1580e-06   4.1110e+02
20250515_09:00:00   2.2262e-01   5.5109e+01   2.9746e+00   0.0000e+00   0.0000e+00   4.1272e+02
20250515_12:00:00   2.1878e-01   5.4450e+01   2.9119e+00   0.0000e+00   8.1580e-06   4.1093e+02
20250515_15:00:00   2.3135e-01   5.7182e+01   3.0645e+00   0.0000e+00   0.0000e+00   4.1076e+02
20250515_18:00:00   2.2896e-01   5.6880e+01   3.0187e+00   0.0000e+00   0.0000e+00   4.0977e+02
20250515_21:00:00   2.1290e-01   5.3724e+01   2.7978e+00   0.0000e+00   0.0000e+00   4.0851e+02
20250516_00:00:00   2.0238e-01   5.1558e+01   2.6718e+00   0.0000e+00   0.0000e+00   4.0438e+02
20250516_03:00:00   1.9802e-01   5.0584e+01   2.6887e+00   0.0000e+00   0.0000e+00   3.9940e+02
20250516_06:00:00   1.9629e-01   5.0164e+01   2.7872e+00   0.0000e+00   7.0160e-06   3.9659e+02
20250516_09:00:00   2.0274e-01   5.1655e+01   2.9666e+00   0.0000e+00   2.2460e-06   3.9301e+02
20250516_12:00:00   2.2046e-01   5.5418e+01   3.3296e+00   0.0000e+00   3.9816e-04   3.9065e+02
20250516_15:00:00   2.4747e-01   6.0974e+01   3.8375e+00   0.0000e+00   2.7153e-03   3.8662e+02
20250516_18:00:00   2.9190e-01   6.9922e+01   4.5737e+00   0.0000e+00   1.1189e-02   3.8502e+02
20250516_21:00:00   3.3390e-01   7.8357e+01   5.1672e+00   0.0000e+00   3.0677e-02   3.8502e+02
20250517_00:00:00   2.9122e-01   7.0740e+01   4.3488e+00   0.0000e+00   1.3746e-03   3.8492e+02
20250517_03:00:00   3.1613e-01   7.5337e+01   4.7801e+00   0.0000e+00   1.4255e-03   3.8938e+02
20250517_06:00:00   3.9649e-01   8.9639e+01   6.2106e+00   0.0000e+00   7.5827e-02   3.9365e+02
20250517_09:00:00   4.2566e-01   9.4585e+01   6.5687e+00   0.0000e+00   1.8358e-01   3.8660e+02
20250517_12:00:00   4.8589e-01   1.0436e+02   7.1362e+00   1.6838e-05   1.5307e-01   3.8478e+02
20250517_15:00:00   4.1660e-01   9.3275e+01   5.9532e+00   0.0000e+00   4.3551e-04   3.9135e+02
20250517_18:00:00   5.3421e-01   1.1215e+02   7.5341e+00   0.0000e+00   1.1168e-02   3.9895e+02
20250517_21:00:00   5.7021e-01   1.1739e+02   7.9511e+00   3.3876e-05   6.3445e-02   4.0525e+02
20250518_00:00:00   5.0640e-01   1.0727e+02   7.0419e+00   6.4694e-05   3.1456e-02   4.0345e+02
20250518_03:00:00   4.7902e-01   1.0273e+02   6.6026e+00   1.0975e-03   3.9510e-02   4.0281e+02
20250518_06:00:00   4.6182e-01   9.9956e+01   6.3395e+00   6.1140e-05   3.4062e-02   4.0173e+02
20250518_09:00:00   4.6664e-01   1.0064e+02   6.3466e+00   0.0000e+00   1.0602e-02   4.0287e+02
20250518_12:00:00   4.6487e-01   1.0038e+02   6.2823e+00   4.0199e-04   1.4439e-02   4.0174e+02
20250518_15:00:00   4.7603e-01   1.0226e+02   6.3732e+00   9.1392e-04   5.2134e-02   3.9794e+02
20250518_18:00:00   4.8802e-01   1.0414e+02   6.5029e+00   6.5905e-04   6.9792e-02   3.9604e+02
20250518_21:00:00   4.8205e-01   1.0317e+02   6.4430e+00   5.5951e-05   3.5878e-02   4.0416e+02
20250519_00:00:00   4.9748e-01   1.0563e+02   6.6344e+00   0.0000e+00   2.8854e-02   4.0740e+02
20250519_03:00:00   5.0456e-01   1.0664e+02   6.7119e+00   0.0000e+00   3.6749e-02   4.0583e+02
20250519_06:00:00   5.2245e-01   1.0945e+02   6.9359e+00   1.8262e-05   1.8373e-02   4.0227e+02
20250519_09:00:00   4.9287e-01   1.0474e+02   6.6437e+00   0.0000e+00   4.0462e-02   3.9618e+02
20250519_12:00:00   4.9070e-01   1.0443e+02   6.6822e+00   0.0000e+00   8.5972e-03   3.9795e+02
20250519_15:00:00   4.8148e-01   1.0317e+02   6.5951e+00   0.0000e+00   8.5828e-05   4.0598e+02
20250519_18:00:00   4.6345e-01   1.0045e+02   6.4695e+00   0.0000e+00   2.7232e-05   4.0053e+02
20250519_21:00:00   4.1924e-01   9.3537e+01   5.8332e+00   0.0000e+00   0.0000e+00   3.9232e+02
20250520_00:00:00   3.7136e-01   8.5298e+01   5.1866e+00   0.0000e+00   0.0000e+00   3.9427e+02
20250520_03:00:00   3.0953e-01   7.3804e+01   4.4001e+00   0.0000e+00   0.0000e+00   3.8453e+02
20250520_06:00:00   2.7017e-01   6.5921e+01   4.0050e+00   0.0000e+00   1.6316e-05   3.9390e+02
20250520_09:00:00   2.5027e-01   6.2092e+01   3.7633e+00   0.0000e+00   1.1836e-03   3.9384e+02
20250520_12:00:00   2.5273e-01   6.2667e+01   3.8819e+00   0.0000e+00   1.0474e-02   3.8346e+02
20250520_15:00:00   3.1115e-01   7.4186e+01   4.8778e+00   0.0000e+00   4.7771e-02   3.7770e+02
20250520_18:00:00   4.0826e-01   9.1955e+01   6.3718e+00   0.0000e+00   6.2267e-02   3.8261e+02
20250520_21:00:00   6.6060e-01   1.3112e+02   9.8734e+00   0.0000e+00   2.0891e-01   3.8338e+02
20250521_00:00:00   1.0432e+00   1.7577e+02   1.2241e+01   6.8615e-02   3.9078e-01   3.8807e+02
20250521_03:00:00   7.6350e-01   1.4482e+02   1.0383e+01   1.1050e-02   1.5424e-01   3.8976e+02
20250521_06:00:00   6.5477e-01   1.3057e+02   9.0640e+00   1.1518e-03   1.1995e-02   3.9273e+02
20250521_09:00:00   5.7967e-01   1.1972e+02   8.0049e+00   1.9874e-03   2.2439e-03   3.9414e+02
20250521_12:00:00   5.5624e-01   1.1606e+02   7.7073e+00   1.2333e-03   1.0772e-03   3.9604e+02
20250521_15:00:00   5.5549e-01   1.1578e+02   7.7398e+00   1.0078e-04   1.5675e-03   3.9846e+02
20250521_18:00:00   5.7119e-01   1.1798e+02   7.9329e+00   3.5480e-04   4.7930e-03   4.0200e+02
20250521_21:00:00   5.8435e-01   1.1946e+02   8.0899e+00   1.2428e-03   1.1706e-02   4.0328e+02
20250522_00:00:00   5.9479e-01   1.2042e+02   8.3180e+00   0.0000e+00   1.5917e-01   4.0250e+02
20250522_03:00:00   5.8504e-01   1.1899e+02   8.1767e+00   0.0000e+00   1.9131e-01   4.0164e+02
20250522_06:00:00   5.7983e-01   1.1825e+02   8.0574e+00   0.0000e+00   2.0038e-01   4.0022e+02
20250522_09:00:00   5.8084e-01   1.1848e+02   7.9872e+00   0.0000e+00   1.5581e-01   3.9571e+02
20250522_12:00:00   5.9284e-01   1.2026e+02   8.0961e+00   2.2460e-05   1.3540e-01   3.9474e+02
20250522_15:00:00   5.8547e-01   1.1920e+02   8.0050e+00   1.9701e-04   1.1164e-01   3.9519e+02
20250522_18:00:00   6.0296e-01   1.2175e+02   8.1682e+00   8.3590e-04   1.2525e-01   3.9899e+02
20250522_21:00:00   6.2037e-01   1.2433e+02   8.3472e+00   2.0989e-04   1.4951e-01   3.9857e+02
20250523_00:00:00   6.1209e-01   1.2296e+02   8.2784e+00   1.4114e-03   7.5016e-02   3.9572e+02
20250523_03:00:00   5.9806e-01   1.2073e+02   8.1719e+00   0.0000e+00   3.6520e-02   3.9373e+02
20250523_06:00:00   5.2436e-01   1.0973e+02   7.1917e+00   6.0659e-05   1.2500e-02   3.9048e+02
20250523_09:00:00   5.1943e-01   1.0904e+02   7.0738e+00   7.7947e-04   5.6064e-03   3.9355e+02
20250523_12:00:00   5.2277e-01   1.0978e+02   7.1721e+00   3.8203e-04   2.9763e-03   3.9122e+02
20250523_15:00:00   5.2901e-01   1.1091e+02   7.3196e+00   3.9911e-04   1.2369e-03   3.8921e+02
20250523_18:00:00   5.4823e-01   1.1385e+02   7.6910e+00   9.8711e-04   2.9306e-03   3.9152e+02
20250523_21:00:00   5.5630e-01   1.1512e+02   7.9243e+00   0.0000e+00   2.7633e-02   3.8923e+02
20250524_00:00:00   5.4802e-01   1.1383e+02   7.8620e+00   0.0000e+00   2.8974e-02   3.8801e+02
20250524_03:00:00   5.4898e-01   1.1381e+02   7.9127e+00   0.0000e+00   5.7687e-03   3.8788e+02
20250524_06:00:00   5.7372e-01   1.1737e+02   8.2772e+00   0.0000e+00   1.4383e-02   3.8879e+02
