#            date       tau255        Tb[K]      pwv[mm] lwp[kg*m^-2] iwp[kg*m^-2]       o3[DU]
20230505_06:00:00   1.3021e-01   3.7656e+01   2.4033e+00   0.0000e+00   0.0000e+00   2.9337e+02
20230505_07:00:00   1.5707e-01   4.3794e+01   2.9586e+00   0.0000e+00   0.0000e+00   2.9007e+02
20230505_08:00:00   1.5755e-01   4.3816e+01   2.9929e+00   0.0000e+00   0.0000e+00   2.8899e+02
20230505_09:00:00   1.5277e-01   4.2600e+01   2.9327e+00   0.0000e+00   0.0000e+00   2.8700e+02
20230505_10:00:00   1.5372e-01   4.2760e+01   2.9708e+00   0.0000e+00   0.0000e+00   2.8293e+02
20230505_11:00:00   1.5685e-01   4.3422e+01   3.0504e+00   0.0000e+00   0.0000e+00   2.8144e+02
20230505_12:00:00   1.6032e-01   4.4155e+01   3.1414e+00   0.0000e+00   0.0000e+00   2.8014e+02
20230505_13:00:00   1.6293e-01   4.4716e+01   3.2103e+00   0.0000e+00   0.0000e+00   2.7849e+02
20230505_14:00:00   1.6406e-01   4.4923e+01   3.2533e+00   0.0000e+00   0.0000e+00   2.8028e+02
20230505_15:00:00   1.6768e-01   4.5740e+01   3.3380e+00   0.0000e+00   0.0000e+00   2.8217e+02
20230505_16:00:00   1.7562e-01   4.7571e+01   3.5023e+00   0.0000e+00   0.0000e+00   2.8248e+02
20230505_17:00:00   1.8889e-01   5.0562e+01   3.7739e+00   0.0000e+00   0.0000e+00   2.8391e+02
20230505_18:00:00   2.0352e-01   5.3803e+01   4.0686e+00   0.0000e+00   2.1995e-03   2.8299e+02
20230505_19:00:00   2.0864e-01   5.4953e+01   4.1693e+00   0.0000e+00   5.4749e-03   2.8233e+02
20230505_20:00:00   1.9546e-01   5.1992e+01   3.9398e+00   0.0000e+00   1.3771e-02   2.8105e+02
20230505_21:00:00   1.7403e-01   4.7226e+01   3.5115e+00   0.0000e+00   1.6170e-02   2.7904e+02
20230505_22:00:00   1.7766e-01   4.8080e+01   3.5789e+00   0.0000e+00   3.3814e-02   2.7874e+02
20230505_23:00:00   2.0345e-01   5.3807e+01   4.0889e+00   0.0000e+00   4.6881e-02   2.7985e+02
20230506_00:00:00   2.1561e-01   5.6573e+01   4.3075e+00   0.0000e+00   2.7837e-02   2.7942e+02
20230506_01:00:00   2.2439e-01   5.8522e+01   4.4692e+00   0.0000e+00   6.3490e-03   2.7723e+02
20230506_02:00:00   2.4022e-01   6.1653e+01   4.8551e+00   0.0000e+00   3.5335e-03   2.7647e+02
20230506_03:00:00   2.3772e-01   6.1211e+01   4.7770e+00   0.0000e+00   5.2933e-04   2.7784e+02
20230506_04:00:00   2.3632e-01   6.1092e+01   4.6880e+00   0.0000e+00   3.7783e-04   2.8017e+02
20230506_05:00:00   2.3169e-01   6.0229e+01   4.5497e+00   0.0000e+00   7.0038e-04   2.8138e+02
20230506_06:00:00   2.5362e-01   6.4640e+01   4.9851e+00   0.0000e+00   1.0181e-02   2.8196e+02
20230506_07:00:00   2.5961e-01   6.5962e+01   5.0294e+00   0.0000e+00   6.3087e-03   2.8260e+02
20230506_08:00:00   2.4402e-01   6.2841e+01   4.6531e+00   0.0000e+00   2.0281e-03   2.8194e+02
20230506_09:00:00   2.2998e-01   5.9896e+01   4.3393e+00   0.0000e+00   9.5120e-04   2.8271e+02
20230506_10:00:00   2.3402e-01   6.0447e+01   4.4745e+00   0.0000e+00   1.3685e-02   2.8576e+02
20230506_11:00:00   2.2405e-01   5.8287e+01   4.2851e+00   0.0000e+00   3.1141e-03   2.8888e+02
20230506_12:00:00   2.3526e-01   6.0727e+01   4.4754e+00   0.0000e+00   5.0920e-04   2.9064e+02
20230506_13:00:00   2.4687e-01   6.3128e+01   4.7191e+00   0.0000e+00   4.4779e-04   2.8986e+02
20230506_14:00:00   2.2941e-01   5.9354e+01   4.4280e+00   0.0000e+00   2.9452e-04   2.8727e+02
20230506_15:00:00   2.2863e-01   5.9063e+01   4.4642e+00   0.0000e+00   2.8174e-04   2.8496e+02
20230506_16:00:00   2.7517e-01   6.8552e+01   5.4173e+00   0.0000e+00   1.8994e-03   2.8382e+02
20230506_17:00:00   3.1094e-01   7.5478e+01   6.1367e+00   4.0760e-06   5.3805e-03   2.8455e+02
20230506_18:00:00   3.1606e-01   7.6394e+01   6.2403e+00   7.1900e-06   4.9854e-03   2.8518e+02
20230506_19:00:00   3.1286e-01   7.5886e+01   6.1266e+00   0.0000e+00   3.9430e-03   2.8815e+02
20230506_20:00:00   3.0230e-01   7.3858e+01   5.9257e+00   0.0000e+00   4.2545e-03   2.9055e+02
20230506_21:00:00   2.9681e-01   7.2842e+01   5.8101e+00   0.0000e+00   1.5238e-03   2.9231e+02
20230506_22:00:00   2.6893e-01   6.7240e+01   5.3008e+00   0.0000e+00   7.2798e-04   2.9289e+02
20230506_23:00:00   2.5044e-01   6.3605e+01   4.9238e+00   0.0000e+00   0.0000e+00   2.8987e+02
20230507_00:00:00   2.4547e-01   6.2799e+01   4.7864e+00   0.0000e+00   0.0000e+00   2.8680e+02
20230507_01:00:00   2.4057e-01   6.1867e+01   4.7025e+00   0.0000e+00   0.0000e+00   2.8449e+02
20230507_02:00:00   2.3253e-01   6.0152e+01   4.5878e+00   0.0000e+00   0.0000e+00   2.8179e+02
20230507_03:00:00   2.2844e-01   5.9307e+01   4.5205e+00   0.0000e+00   0.0000e+00   2.7977e+02
20230507_04:00:00   2.2600e-01   5.8877e+01   4.4677e+00   0.0000e+00   0.0000e+00   2.7503e+02
20230507_05:00:00   2.1751e-01   5.7173e+01   4.2834e+00   0.0000e+00   0.0000e+00   2.7161e+02
20230507_06:00:00   2.1201e-01   5.6049e+01   4.1527e+00   0.0000e+00   0.0000e+00   2.7245e+02
20230507_07:00:00   2.0041e-01   5.3545e+01   3.9112e+00   0.0000e+00   0.0000e+00   2.7097e+02
20230507_08:00:00   1.8304e-01   4.9711e+01   3.5638e+00   0.0000e+00   0.0000e+00   2.6958e+02
20230507_09:00:00   1.7627e-01   4.8244e+01   3.4152e+00   0.0000e+00   0.0000e+00   2.6754e+02
20230507_10:00:00   1.6578e-01   4.5907e+01   3.2044e+00   0.0000e+00   0.0000e+00   2.6685e+02
20230507_11:00:00   1.6010e-01   4.4414e+01   3.1734e+00   0.0000e+00   0.0000e+00   2.6834e+02
20230507_12:00:00   1.5355e-01   4.2822e+01   3.0869e+00   0.0000e+00   0.0000e+00   2.6734e+02
20230507_13:00:00   1.4969e-01   4.1959e+01   3.0058e+00   0.0000e+00   0.0000e+00   2.7029e+02
20230507_14:00:00   1.4670e-01   4.1269e+01   2.9463e+00   0.0000e+00   0.0000e+00   2.7033e+02
20230507_15:00:00   1.4805e-01   4.1612e+01   2.9781e+00   0.0000e+00   0.0000e+00   2.7143e+02
20230507_16:00:00   1.5257e-01   4.2751e+01   3.0680e+00   0.0000e+00   0.0000e+00   2.7184e+02
20230507_17:00:00   1.6117e-01   4.4857e+01   3.2298e+00   0.0000e+00   0.0000e+00   2.7102e+02
20230507_18:00:00   1.6756e-01   4.6353e+01   3.3692e+00   0.0000e+00   0.0000e+00   2.6952e+02
20230507_19:00:00   1.7580e-01   4.8235e+01   3.5509e+00   0.0000e+00   0.0000e+00   2.6788e+02
20230507_20:00:00   1.8133e-01   4.9474e+01   3.6774e+00   0.0000e+00   0.0000e+00   2.6847e+02
20230507_21:00:00   1.8446e-01   5.0149e+01   3.7606e+00   0.0000e+00   1.2736e-05   2.6696e+02
20230507_22:00:00   1.8040e-01   4.9141e+01   3.7231e+00   0.0000e+00   5.6084e-04   2.6581e+02
20230507_23:00:00   1.7902e-01   4.8839e+01   3.6981e+00   0.0000e+00   1.1600e-03   2.6498e+02
20230508_00:00:00   1.8106e-01   4.9204e+01   3.7690e+00   0.0000e+00   1.6249e-03   2.6424e+02
20230508_01:00:00   1.8836e-01   5.0566e+01   3.9947e+00   0.0000e+00   4.4331e-03   2.6241e+02
20230508_02:00:00   1.9294e-01   5.1364e+01   4.1354e+00   0.0000e+00   6.9694e-03   2.6306e+02
20230508_03:00:00   1.8907e-01   5.0624e+01   4.0216e+00   0.0000e+00   2.9437e-03   2.6333e+02
20230508_04:00:00   1.9277e-01   5.1364e+01   4.1074e+00   0.0000e+00   1.8118e-03   2.6419e+02
20230508_05:00:00   1.7738e-01   4.8450e+01   3.6529e+00   0.0000e+00   0.0000e+00   2.6353e+02
20230508_06:00:00   1.7761e-01   4.8591e+01   3.6273e+00   0.0000e+00   0.0000e+00   2.6292e+02
20230508_07:00:00   1.8255e-01   4.9706e+01   3.7253e+00   0.0000e+00   0.0000e+00   2.6349e+02
20230508_08:00:00   1.8822e-01   5.1021e+01   3.8358e+00   0.0000e+00   0.0000e+00   2.6192e+02
20230508_09:00:00   1.8912e-01   5.1319e+01   3.8283e+00   0.0000e+00   0.0000e+00   2.6298e+02
20230508_10:00:00   1.8559e-01   5.0596e+01   3.7389e+00   0.0000e+00   0.0000e+00   2.6393e+02
20230508_11:00:00   1.7626e-01   4.8561e+01   3.5300e+00   0.0000e+00   0.0000e+00   2.6472e+02
20230508_12:00:00   1.6281e-01   4.5535e+01   3.2315e+00   0.0000e+00   0.0000e+00   2.6593e+02
20230508_13:00:00   1.4795e-01   4.2132e+01   2.9072e+00   0.0000e+00   0.0000e+00   2.6621e+02
20230508_14:00:00   1.4228e-01   4.0873e+01   2.7766e+00   0.0000e+00   0.0000e+00   2.6666e+02
20230508_15:00:00   1.4275e-01   4.1028e+01   2.7856e+00   0.0000e+00   0.0000e+00   2.6622e+02
20230508_16:00:00   1.4196e-01   4.0893e+01   2.7611e+00   0.0000e+00   0.0000e+00   2.6614e+02
20230508_17:00:00   1.4756e-01   4.2286e+01   2.8633e+00   0.0000e+00   0.0000e+00   2.6458e+02
20230508_18:00:00   1.5579e-01   4.4235e+01   3.0376e+00   0.0000e+00   0.0000e+00   2.6383e+02
20230508_19:00:00   1.6672e-01   4.6638e+01   3.3240e+00   0.0000e+00   0.0000e+00   2.6369e+02
20230508_20:00:00   1.7767e-01   4.9196e+01   3.5535e+00   0.0000e+00   0.0000e+00   2.6420e+02
20230508_21:00:00   1.8071e-01   4.9951e+01   3.6128e+00   0.0000e+00   0.0000e+00   2.6541e+02
20230508_22:00:00   1.8479e-01   5.0942e+01   3.6883e+00   0.0000e+00   0.0000e+00   2.6704e+02
20230508_23:00:00   1.8338e-01   5.0668e+01   3.6515e+00   0.0000e+00   8.0480e-05   2.6787e+02
20230509_00:00:00   1.7563e-01   4.8910e+01   3.4936e+00   0.0000e+00   6.1920e-04   2.6897e+02
20230509_01:00:00   1.6084e-01   4.5458e+01   3.2046e+00   0.0000e+00   9.9580e-05   2.7017e+02
20230509_02:00:00   1.5297e-01   4.3612e+01   3.0408e+00   0.0000e+00   8.8023e-04   2.7125e+02
20230509_03:00:00   1.4518e-01   4.1746e+01   2.8829e+00   0.0000e+00   3.4808e-03   2.7094e+02
20230509_04:00:00   1.4374e-01   4.1205e+01   2.8919e+00   0.0000e+00   2.5377e-02   2.6999e+02
20230509_05:00:00   1.4094e-01   4.0614e+01   2.8235e+00   0.0000e+00   1.5786e-02   2.6862e+02
20230509_06:00:00   1.4146e-01   4.0493e+01   2.8735e+00   0.0000e+00   4.3639e-02   2.6985e+02
20230509_07:00:00   1.4213e-01   4.0630e+01   2.8999e+00   0.0000e+00   2.2697e-02   2.7165e+02
20230509_08:00:00   1.3730e-01   3.9560e+01   2.7916e+00   0.0000e+00   1.4314e-03   2.7291e+02
20230509_09:00:00   1.3042e-01   3.7943e+01   2.6315e+00   0.0000e+00   9.1765e-04   2.7331e+02
20230509_10:00:00   1.2914e-01   3.7639e+01   2.5994e+00   0.0000e+00   1.4538e-04   2.7380e+02
20230509_11:00:00   1.3098e-01   3.8038e+01   2.6531e+00   0.0000e+00   2.3943e-03   2.7144e+02
20230509_12:00:00   1.3294e-01   3.8462e+01   2.7107e+00   0.0000e+00   3.2220e-04   2.7403e+02
20230509_13:00:00   1.2515e-01   3.6843e+01   2.4838e+00   0.0000e+00   0.0000e+00   2.7573e+02
20230509_14:00:00   1.2851e-01   3.7572e+01   2.5849e+00   0.0000e+00   0.0000e+00   2.7643e+02
20230509_15:00:00   1.3612e-01   3.9431e+01   2.7485e+00   0.0000e+00   0.0000e+00   2.7652e+02
20230509_16:00:00   1.3854e-01   4.0023e+01   2.8026e+00   0.0000e+00   0.0000e+00   2.7628e+02
20230509_17:00:00   1.4455e-01   4.1451e+01   2.9458e+00   0.0000e+00   0.0000e+00   2.7631e+02
20230509_18:00:00   1.5522e-01   4.3949e+01   3.1938e+00   0.0000e+00   0.0000e+00   2.7362e+02
20230509_19:00:00   1.6850e-01   4.6952e+01   3.5148e+00   0.0000e+00   0.0000e+00   2.7336e+02
20230509_20:00:00   1.7710e-01   4.9031e+01   3.6866e+00   0.0000e+00   2.3500e-08   2.7367e+02
20230509_21:00:00   1.8230e-01   5.0264e+01   3.7939e+00   0.0000e+00   0.0000e+00   2.7092e+02
20230509_22:00:00   1.8340e-01   5.0507e+01   3.8185e+00   0.0000e+00   0.0000e+00   2.7132e+02
20230509_23:00:00   1.8616e-01   5.1131e+01   3.8717e+00   0.0000e+00   1.1748e-08   2.7025e+02
20230510_00:00:00   1.8126e-01   4.9945e+01   3.7770e+00   0.0000e+00   0.0000e+00   2.6709e+02
20230510_01:00:00   1.7153e-01   4.7722e+01   3.5771e+00   0.0000e+00   0.0000e+00   2.6668e+02
20230510_02:00:00   1.6815e-01   4.6980e+01   3.5206e+00   0.0000e+00   1.9416e-05   2.6303e+02
20230510_03:00:00   1.6521e-01   4.6316e+01   3.4598e+00   0.0000e+00   0.0000e+00   2.6197e+02
20230510_04:00:00   1.6162e-01   4.5542e+01   3.3696e+00   0.0000e+00   0.0000e+00   2.6189e+02
20230510_05:00:00   1.5874e-01   4.4898e+01   3.3056e+00   0.0000e+00   0.0000e+00   2.6069e+02
20230510_06:00:00   1.5761e-01   4.4623e+01   3.2777e+00   0.0000e+00   3.5240e-08   2.5835e+02
20230510_09:00:00   1.6648e-01   4.6552e+01   3.5098e+00   0.0000e+00   0.0000e+00   2.5655e+02
20230510_12:00:00   1.6904e-01   4.7223e+01   3.5496e+00   0.0000e+00   1.2120e-06   2.5538e+02
20230510_15:00:00   1.9272e-01   5.2462e+01   4.1386e+00   0.0000e+00   8.5360e-04   2.5333e+02
20230510_18:00:00   2.2554e-01   5.9761e+01   4.8981e+00   0.0000e+00   0.0000e+00   2.5113e+02
20230510_21:00:00   2.7056e-01   6.9310e+01   5.9389e+00   0.0000e+00   3.4044e-03   2.5055e+02
20230511_00:00:00   2.7230e-01   6.9882e+01   5.9419e+00   0.0000e+00   1.0187e-02   2.5177e+02
20230511_03:00:00   3.0570e-01   7.6241e+01   6.7881e+00   0.0000e+00   2.7899e-02   2.5138e+02
20230511_06:00:00   2.5834e-01   6.7043e+01   5.5926e+00   0.0000e+00   1.2806e-04   2.5146e+02
20230511_09:00:00   2.6318e-01   6.7914e+01   5.7290e+00   0.0000e+00   3.8176e-04   2.5339e+02
20230511_12:00:00   2.9437e-01   7.3991e+01   6.4833e+00   0.0000e+00   2.3379e-04   2.5044e+02
20230511_15:00:00   3.1993e-01   7.9000e+01   7.0576e+00   0.0000e+00   3.8360e-05   2.5069e+02
20230511_18:00:00   3.0586e-01   7.6469e+01   6.6733e+00   0.0000e+00   1.9904e-05   2.4943e+02
20230511_21:00:00   2.9185e-01   7.3968e+01   6.3109e+00   0.0000e+00   1.0430e-05   2.4754e+02
20230512_00:00:00   2.6869e-01   6.9551e+01   5.7611e+00   0.0000e+00   9.4740e-06   2.4654e+02
20230512_03:00:00   2.2788e-01   6.0934e+01   4.8811e+00   0.0000e+00   1.9660e-05   2.4594e+02
20230512_06:00:00   2.0544e-01   5.5987e+01   4.3812e+00   0.0000e+00   5.2542e-04   2.4598e+02
20230512_09:00:00   2.2182e-01   5.9250e+01   4.8579e+00   0.0000e+00   6.6566e-07   2.4365e+02
20230512_12:00:00   2.2674e-01   6.0442e+01   4.9678e+00   0.0000e+00   0.0000e+00   2.4418e+02
20230512_15:00:00   2.1110e-01   5.7182e+01   4.6033e+00   0.0000e+00   0.0000e+00   2.4479e+02
20230512_18:00:00   2.3712e-01   6.2755e+01   5.2234e+00   0.0000e+00   0.0000e+00   2.4480e+02
20230512_21:00:00   2.5075e-01   6.5924e+01   5.4182e+00   0.0000e+00   0.0000e+00   2.4524e+02
20230513_00:00:00   2.2226e-01   5.9729e+01   4.8271e+00   0.0000e+00   0.0000e+00   2.4537e+02
20230513_03:00:00   2.1974e-01   5.9221e+01   4.7250e+00   0.0000e+00   0.0000e+00   2.4570e+02
20230513_06:00:00   2.1009e-01   5.7095e+01   4.4587e+00   0.0000e+00   0.0000e+00   2.4551e+02
20230513_09:00:00   1.9335e-01   5.3309e+01   4.0997e+00   0.0000e+00   0.0000e+00   2.4628e+02
20230513_12:00:00   1.8373e-01   5.1115e+01   3.8870e+00   0.0000e+00   0.0000e+00   2.4710e+02
20230513_15:00:00   1.7747e-01   4.9766e+01   3.7196e+00   0.0000e+00   0.0000e+00   2.4678e+02
20230513_18:00:00   1.8990e-01   5.2667e+01   3.9768e+00   0.0000e+00   0.0000e+00   2.4653e+02
20230513_21:00:00   2.2580e-01   6.0863e+01   4.6500e+00   0.0000e+00   0.0000e+00   2.4785e+02
20230514_00:00:00   2.1854e-01   5.9211e+01   4.5589e+00   0.0000e+00   0.0000e+00   2.4798e+02
20230514_03:00:00   1.9864e-01   5.4721e+01   4.1660e+00   0.0000e+00   0.0000e+00   2.4775e+02
20230514_06:00:00   1.9388e-01   5.3590e+01   4.0770e+00   0.0000e+00   0.0000e+00   2.4766e+02
20230514_09:00:00   2.1368e-01   5.8029e+01   4.5010e+00   0.0000e+00   0.0000e+00   2.4700e+02
20230514_12:00:00   2.1218e-01   5.7544e+01   4.4843e+00   0.0000e+00   0.0000e+00   2.4738e+02
20230514_15:00:00   2.1941e-01   5.9133e+01   4.6071e+00   0.0000e+00   0.0000e+00   2.4964e+02
20230514_18:00:00   2.4760e-01   6.5453e+01   5.1309e+00   0.0000e+00   0.0000e+00   2.4905e+02
20230514_21:00:00   2.8913e-01   7.4279e+01   5.8887e+00   0.0000e+00   0.0000e+00   2.4822e+02
20230515_00:00:00   2.7235e-01   7.0581e+01   5.6224e+00   0.0000e+00   6.2080e-05   2.4847e+02
20230515_03:00:00   2.4312e-01   6.4322e+01   5.0525e+00   0.0000e+00   2.3500e-08   2.5006e+02
20230515_06:00:00   2.2349e-01   6.0021e+01   4.6327e+00   0.0000e+00   0.0000e+00   2.5057e+02
20230515_09:00:00   2.3164e-01   6.1633e+01   4.8038e+00   0.0000e+00   6.4992e-05   2.4875e+02
20230515_12:00:00   2.3110e-01   6.1423e+01   4.8049e+00   0.0000e+00   4.1860e-04   2.4979e+02
20230515_15:00:00   2.3223e-01   6.1656e+01   4.8361e+00   0.0000e+00   2.7469e-03   2.4774e+02
20230515_18:00:00   2.8135e-01   7.1700e+01   5.8973e+00   0.0000e+00   2.5835e-03   2.4746e+02
20230515_21:00:00   2.6145e-01   6.7865e+01   5.3554e+00   0.0000e+00   3.0701e-02   2.4592e+02
20230516_00:00:00   2.3870e-01   6.3231e+01   4.8449e+00   0.0000e+00   6.6680e-05   2.4610e+02
20230516_03:00:00   2.2911e-01   6.1033e+01   4.6924e+00   0.0000e+00   0.0000e+00   2.4239e+02
20230516_06:00:00   2.3657e-01   6.2438e+01   4.9089e+00   0.0000e+00   2.4639e-03   2.4579e+02
20230516_09:00:00   2.2781e-01   6.0286e+01   4.8032e+00   0.0000e+00   0.0000e+00   2.4648e+02
20230516_12:00:00   2.0721e-01   5.5532e+01   4.4154e+00   0.0000e+00   2.4477e-07   2.4537e+02
20230516_15:00:00   2.2324e-01   5.8746e+01   4.8249e+00   0.0000e+00   2.3521e-03   2.4398e+02
20230516_18:00:00   3.2620e-01   7.9462e+01   7.1397e+00   0.0000e+00   5.2680e-04   2.4531e+02
20230516_21:00:00   3.4438e-01   8.3205e+01   7.4625e+00   0.0000e+00   2.3780e-03   2.4318e+02
20230517_00:00:00   3.6401e-01   8.6696e+01   7.9020e+00   0.0000e+00   3.7460e-03   2.4474e+02
20230517_03:00:00   3.6101e-01   8.6226e+01   7.7745e+00   0.0000e+00   9.1212e-04   2.4420e+02
20230517_06:00:00   3.7187e-01   8.8289e+01   7.9355e+00   0.0000e+00   5.7081e-04   2.4432e+02
20230517_09:00:00   3.6967e-01   8.7920e+01   7.8597e+00   0.0000e+00   9.0126e-06   2.4541e+02
20230517_12:00:00   3.3797e-01   8.2511e+01   6.9900e+00   0.0000e+00   0.0000e+00   2.4672e+02
20230517_15:00:00   3.2891e-01   8.1095e+01   6.7311e+00   0.0000e+00   0.0000e+00   2.4849e+02
20230517_18:00:00   3.4753e-01   8.4919e+01   7.0337e+00   0.0000e+00   0.0000e+00   2.4498e+02
20230517_21:00:00   3.6067e-01   8.7149e+01   7.3816e+00   0.0000e+00   0.0000e+00   2.4566e+02
20230518_00:00:00   3.4616e-01   8.3701e+01   7.3397e+00   0.0000e+00   2.0212e-03   2.4480e+02
20230518_03:00:00   3.3574e-01   8.1407e+01   7.2099e+00   0.0000e+00   8.8818e-04   2.4292e+02
20230518_06:00:00   3.1204e-01   7.6664e+01   6.7390e+00   0.0000e+00   2.6848e-04   2.4161e+02
20230518_09:00:00   3.2347e-01   7.8721e+01   7.0060e+00   0.0000e+00   1.4508e-02   2.4221e+02
20230518_12:00:00   3.5147e-01   8.3888e+01   7.5498e+00   0.0000e+00   6.3489e-02   2.4390e+02
20230518_15:00:00   2.9790e-01   7.4138e+01   6.3131e+00   0.0000e+00   1.4892e-02   2.4816e+02
20230518_18:00:00   3.0267e-01   7.5667e+01   6.1766e+00   0.0000e+00   3.3289e-02   2.4608e+02
20230518_21:00:00   2.8941e-01   7.2953e+01   5.8716e+00   0.0000e+00   5.8131e-02   2.4691e+02
20230519_00:00:00   2.2953e-01   6.0198e+01   4.7413e+00   0.0000e+00   1.0048e-01   2.4556e+02
20230519_03:00:00   2.4825e-01   6.3678e+01   5.2784e+00   0.0000e+00   7.2845e-02   2.4482e+02
20230519_06:00:00   2.9491e-01   7.2662e+01   6.3312e+00   0.0000e+00   1.8144e-01   2.4657e+02
20230519_09:00:00   3.5800e-01   8.4848e+01   7.5139e+00   0.0000e+00   3.3900e-01   2.4842e+02
20230519_12:00:00   2.9509e-01   7.3191e+01   6.3258e+00   0.0000e+00   1.2802e-02   2.4891e+02
20230519_15:00:00   2.5895e-01   6.5788e+01   5.6043e+00   0.0000e+00   6.2586e-02   2.4460e+02
20230519_18:00:00   2.4495e-01   6.3533e+01   5.1906e+00   0.0000e+00   1.0254e-02   2.4472e+02
20230519_21:00:00   2.3774e-01   6.2100e+01   5.0017e+00   0.0000e+00   4.6912e-03   2.4390e+02
20230520_00:00:00   2.0588e-01   5.5081e+01   4.3916e+00   0.0000e+00   5.3401e-03   2.4614e+02
20230520_03:00:00   2.0425e-01   5.4556e+01   4.3952e+00   0.0000e+00   4.7630e-03   2.4145e+02
20230520_06:00:00   2.6912e-01   6.7675e+01   5.9320e+00   0.0000e+00   2.3954e-03   2.4105e+02
20230520_09:00:00   2.8473e-01   7.0935e+01   6.2470e+00   0.0000e+00   3.3817e-03   2.4134e+02
20230520_12:00:00   2.7275e-01   6.8890e+01   5.9178e+00   0.0000e+00   8.5780e-03   2.4690e+02
20230520_15:00:00   3.0318e-01   7.5099e+01   6.5279e+00   0.0000e+00   1.2948e-02   2.4988e+02
20230520_18:00:00   3.2472e-01   7.9708e+01   6.7078e+00   0.0000e+00   1.0725e-01   2.5067e+02
20230520_21:00:00   3.3040e-01   8.0442e+01   6.8904e+00   0.0000e+00   8.9217e-02   2.5171e+02
20230521_00:00:00   3.1958e-01   7.8017e+01   6.7019e+00   0.0000e+00   5.1859e-02   2.5090e+02
20230521_03:00:00   3.5008e-01   8.3727e+01   7.1924e+00   0.0000e+00   7.9228e-02   2.5640e+02
20230521_06:00:00   3.9361e-01   9.1365e+01   7.9592e+00   0.0000e+00   1.5227e-01   2.5888e+02
