#            date       tau255        Tb[K]      pwv[mm] lwp[kg*m^-2] iwp[kg*m^-2]       o3[DU]
20201106_18:00:00   2.9051e-01   7.3391e+01   6.2264e+00   0.0000e+00   0.0000e+00   2.7239e+02
20201106_19:00:00   2.9355e-01   7.4184e+01   6.2775e+00   0.0000e+00   0.0000e+00   2.7086e+02
20201106_20:00:00   2.9988e-01   7.5545e+01   6.4051e+00   0.0000e+00   0.0000e+00   2.6953e+02
20201106_21:00:00   3.0681e-01   7.6983e+01   6.5356e+00   0.0000e+00   0.0000e+00   2.6994e+02
20201106_22:00:00   3.0908e-01   7.7543e+01   6.5591e+00   0.0000e+00   0.0000e+00   2.7048e+02
20201106_23:00:00   2.9722e-01   7.5284e+01   6.2742e+00   0.0000e+00   0.0000e+00   2.7075e+02
20201107_00:00:00   2.9176e-01   7.4187e+01   6.1660e+00   0.0000e+00   0.0000e+00   2.6999e+02
20201107_01:00:00   2.9198e-01   7.4185e+01   6.1812e+00   0.0000e+00   0.0000e+00   2.6820e+02
20201107_02:00:00   2.8368e-01   7.2409e+01   6.0098e+00   0.0000e+00   0.0000e+00   2.6623e+02
20201107_03:00:00   2.7291e-01   7.0126e+01   5.7914e+00   0.0000e+00   0.0000e+00   2.6565e+02
20201107_04:00:00   2.6083e-01   6.7558e+01   5.5377e+00   0.0000e+00   0.0000e+00   2.6585e+02
20201107_05:00:00   2.5262e-01   6.5687e+01   5.3619e+00   0.0000e+00   0.0000e+00   2.6589e+02
20201107_06:00:00   2.4820e-01   6.4599e+01   5.2743e+00   0.0000e+00   0.0000e+00   2.6562e+02
20201107_07:00:00   2.3964e-01   6.2686e+01   5.0941e+00   0.0000e+00   0.0000e+00   2.6641e+02
20201107_08:00:00   2.2990e-01   6.0552e+01   4.8921e+00   0.0000e+00   0.0000e+00   2.6668e+02
20201107_09:00:00   2.2033e-01   5.8487e+01   4.6904e+00   0.0000e+00   0.0000e+00   2.6667e+02
20201107_10:00:00   2.0847e-01   5.5845e+01   4.4407e+00   0.0000e+00   0.0000e+00   2.6672e+02
20201107_11:00:00   1.9541e-01   5.2890e+01   4.1534e+00   0.0000e+00   0.0000e+00   2.6823e+02
20201107_12:00:00   1.9497e-01   5.2770e+01   4.1456e+00   0.0000e+00   0.0000e+00   2.6736e+02
20201107_13:00:00   2.1026e-01   5.6177e+01   4.4765e+00   0.0000e+00   0.0000e+00   2.6623e+02
20201107_14:00:00   2.2987e-01   6.0551e+01   4.8827e+00   0.0000e+00   0.0000e+00   2.6628e+02
20201107_15:00:00   2.5848e-01   6.6787e+01   5.4856e+00   0.0000e+00   0.0000e+00   2.6634e+02
20201107_16:00:00   2.8325e-01   7.2087e+01   6.0017e+00   0.0000e+00   0.0000e+00   2.6689e+02
20201107_17:00:00   2.9357e-01   7.4374e+01   6.2079e+00   0.0000e+00   0.0000e+00   2.6707e+02
20201107_18:00:00   2.9960e-01   7.5734e+01   6.3203e+00   0.0000e+00   0.0000e+00   2.6724e+02
20201107_19:00:00   3.0841e-01   7.7466e+01   6.5206e+00   0.0000e+00   0.0000e+00   2.6581e+02
20201107_20:00:00   3.1689e-01   7.9042e+01   6.7291e+00   0.0000e+00   0.0000e+00   2.6549e+02
20201107_21:00:00   3.3305e-01   8.1904e+01   7.1239e+00   0.0000e+00   0.0000e+00   2.6631e+02
20201107_22:00:00   3.3424e-01   8.1909e+01   7.1549e+00   0.0000e+00   0.0000e+00   2.6802e+02
20201107_23:00:00   3.0840e-01   7.6788e+01   6.5676e+00   0.0000e+00   0.0000e+00   2.7034e+02
20201108_00:00:00   2.8699e-01   7.2348e+01   6.1056e+00   0.0000e+00   0.0000e+00   2.7083e+02
20201108_01:00:00   2.6187e-01   6.7091e+01   5.5477e+00   0.0000e+00   0.0000e+00   2.7166e+02
20201108_02:00:00   2.4990e-01   6.4524e+01   5.2684e+00   0.0000e+00   0.0000e+00   2.7074e+02
20201108_03:00:00   2.5407e-01   6.5195e+01   5.3639e+00   0.0000e+00   0.0000e+00   2.7116e+02
20201108_04:00:00   2.6483e-01   6.7430e+01   5.5432e+00   0.0000e+00   0.0000e+00   2.7193e+02
20201108_05:00:00   2.5440e-01   6.5376e+01   5.2597e+00   0.0000e+00   0.0000e+00   2.7372e+02
20201108_06:00:00   2.0897e-01   5.5700e+01   4.2810e+00   0.0000e+00   0.0000e+00   2.7349e+02
20201108_07:00:00   1.5448e-01   4.3513e+01   3.0834e+00   0.0000e+00   0.0000e+00   2.7429e+02
20201108_08:00:00   1.2321e-01   3.6161e+01   2.3918e+00   0.0000e+00   0.0000e+00   2.7406e+02
20201108_09:00:00   9.9418e-02   3.0405e+01   1.8536e+00   0.0000e+00   0.0000e+00   2.7398e+02
20201108_10:00:00   8.8081e-02   2.7552e+01   1.6067e+00   0.0000e+00   0.0000e+00   2.7330e+02
20201108_11:00:00   8.1753e-02   2.5922e+01   1.4747e+00   0.0000e+00   0.0000e+00   2.7357e+02
20201108_12:00:00   7.9737e-02   2.5361e+01   1.4464e+00   0.0000e+00   0.0000e+00   2.7318e+02
20201108_13:00:00   7.9275e-02   2.5201e+01   1.4533e+00   0.0000e+00   0.0000e+00   2.7209e+02
20201108_14:00:00   8.2097e-02   2.5883e+01   1.5364e+00   0.0000e+00   0.0000e+00   2.7160e+02
20201108_15:00:00   8.5125e-02   2.6619e+01   1.6234e+00   0.0000e+00   0.0000e+00   2.7056e+02
20201108_16:00:00   9.1166e-02   2.8129e+01   1.7748e+00   0.0000e+00   0.0000e+00   2.6988e+02
20201108_17:00:00   9.8433e-02   2.9933e+01   1.9519e+00   0.0000e+00   0.0000e+00   2.6934e+02
20201108_18:00:00   1.0064e-01   3.0555e+01   1.9935e+00   0.0000e+00   0.0000e+00   2.6888e+02
20201108_19:00:00   1.0149e-01   3.0849e+01   1.9984e+00   0.0000e+00   0.0000e+00   2.6933e+02
20201108_20:00:00   1.0478e-01   3.1693e+01   2.0681e+00   0.0000e+00   0.0000e+00   2.6874e+02
20201108_21:00:00   1.0795e-01   3.2507e+01   2.1278e+00   0.0000e+00   0.0000e+00   2.6903e+02
20201108_22:00:00   1.1177e-01   3.3491e+01   2.2016e+00   0.0000e+00   0.0000e+00   2.7009e+02
20201108_23:00:00   1.1615e-01   3.4628e+01   2.2845e+00   0.0000e+00   0.0000e+00   2.6967e+02
20201109_00:00:00   1.1743e-01   3.4995e+01   2.2960e+00   0.0000e+00   0.0000e+00   2.6851e+02
20201109_01:00:00   1.1290e-01   3.3916e+01   2.1950e+00   0.0000e+00   0.0000e+00   2.6782e+02
20201109_02:00:00   1.0848e-01   3.2811e+01   2.1052e+00   0.0000e+00   0.0000e+00   2.6782e+02
20201109_03:00:00   1.0625e-01   3.2239e+01   2.0607e+00   0.0000e+00   0.0000e+00   2.6784e+02
20201109_04:00:00   1.0441e-01   3.1743e+01   2.0271e+00   0.0000e+00   0.0000e+00   2.6759e+02
20201109_05:00:00   1.0411e-01   3.1628e+01   2.0277e+00   0.0000e+00   0.0000e+00   2.6759e+02
20201109_06:00:00   1.0408e-01   3.1587e+01   2.0307e+00   0.0000e+00   0.0000e+00   2.6781e+02
20201109_07:00:00   1.0174e-01   3.0998e+01   1.9752e+00   0.0000e+00   0.0000e+00   2.6823e+02
20201109_08:00:00   9.6885e-02   2.9780e+01   1.8647e+00   0.0000e+00   0.0000e+00   2.6862e+02
20201109_09:00:00   9.3779e-02   2.8982e+01   1.7963e+00   0.0000e+00   0.0000e+00   2.6968e+02
20201109_10:00:00   9.3418e-02   2.8863e+01   1.7913e+00   0.0000e+00   0.0000e+00   2.6913e+02
20201109_11:00:00   9.3352e-02   2.8845e+01   1.7896e+00   0.0000e+00   0.0000e+00   2.6919e+02
20201109_12:00:00   9.3404e-02   2.8833e+01   1.8000e+00   0.0000e+00   0.0000e+00   2.6926e+02
20201109_13:00:00   9.5476e-02   2.9324e+01   1.8586e+00   0.0000e+00   0.0000e+00   2.6917e+02
20201109_14:00:00   9.7892e-02   2.9899e+01   1.9219e+00   0.0000e+00   0.0000e+00   2.6997e+02
20201109_15:00:00   1.0182e-01   3.0902e+01   2.0116e+00   0.0000e+00   0.0000e+00   2.7010e+02
20201109_16:00:00   1.1356e-01   3.3791e+01   2.2912e+00   0.0000e+00   0.0000e+00   2.6863e+02
20201109_17:00:00   1.2838e-01   3.7392e+01   2.6404e+00   0.0000e+00   0.0000e+00   2.6737e+02
20201109_18:00:00   1.4011e-01   4.0194e+01   2.9199e+00   0.0000e+00   0.0000e+00   2.6618e+02
20201109_19:00:00   1.4903e-01   4.2339e+01   3.1189e+00   0.0000e+00   0.0000e+00   2.6597e+02
20201109_20:00:00   1.5283e-01   4.3300e+01   3.1891e+00   0.0000e+00   0.0000e+00   2.6636e+02
20201109_21:00:00   1.5205e-01   4.3189e+01   3.1473e+00   0.0000e+00   0.0000e+00   2.6675e+02
20201109_22:00:00   1.4762e-01   4.2221e+01   3.0220e+00   0.0000e+00   0.0000e+00   2.6702e+02
20201109_23:00:00   1.4294e-01   4.1205e+01   2.8830e+00   0.0000e+00   0.0000e+00   2.6696e+02
20201110_00:00:00   1.3446e-01   3.9196e+01   2.6887e+00   0.0000e+00   0.0000e+00   2.6766e+02
20201110_01:00:00   1.3438e-01   3.9096e+01   2.7043e+00   0.0000e+00   0.0000e+00   2.6734e+02
20201110_02:00:00   1.3079e-01   3.8275e+01   2.6132e+00   0.0000e+00   0.0000e+00   2.6711e+02
20201110_03:00:00   1.2941e-01   3.7968e+01   2.5735e+00   0.0000e+00   0.0000e+00   2.6789e+02
20201110_04:00:00   1.3461e-01   3.9141e+01   2.6997e+00   0.0000e+00   0.0000e+00   2.6864e+02
20201110_05:00:00   1.3769e-01   3.9812e+01   2.7738e+00   0.0000e+00   0.0000e+00   2.6949e+02
20201110_06:00:00   1.4265e-01   4.0893e+01   2.8985e+00   0.0000e+00   0.0000e+00   2.7026e+02
20201110_07:00:00   1.4941e-01   4.2378e+01   3.0684e+00   0.0000e+00   0.0000e+00   2.7184e+02
20201110_08:00:00   1.5343e-01   4.3210e+01   3.1828e+00   0.0000e+00   0.0000e+00   2.7288e+02
20201110_09:00:00   1.5041e-01   4.2517e+01   3.1116e+00   0.0000e+00   0.0000e+00   2.7275e+02
20201110_10:00:00   1.4467e-01   4.1207e+01   2.9702e+00   0.0000e+00   0.0000e+00   2.7419e+02
20201110_11:00:00   1.3517e-01   3.9038e+01   2.7320e+00   0.0000e+00   0.0000e+00   2.7547e+02
20201110_12:00:00   1.2762e-01   3.7319e+01   2.5413e+00   0.0000e+00   0.0000e+00   2.7544e+02
20201110_13:00:00   1.2763e-01   3.7371e+01   2.5307e+00   0.0000e+00   0.0000e+00   2.7629e+02
20201110_14:00:00   1.3188e-01   3.8461e+01   2.6131e+00   0.0000e+00   0.0000e+00   2.7715e+02
20201110_15:00:00   1.4093e-01   4.0681e+01   2.8077e+00   0.0000e+00   0.0000e+00   2.7568e+02
20201110_16:00:00   1.5044e-01   4.2970e+01   3.0154e+00   0.0000e+00   0.0000e+00   2.7376e+02
20201110_17:00:00   1.5342e-01   4.3732e+01   3.0747e+00   0.0000e+00   0.0000e+00   2.7180e+02
20201110_18:00:00   1.5149e-01   4.3306e+01   3.0329e+00   0.0000e+00   0.0000e+00   2.7132e+02
20201110_19:00:00   1.4668e-01   4.2152e+01   2.9414e+00   0.0000e+00   0.0000e+00   2.7113e+02
20201110_20:00:00   1.4561e-01   4.1833e+01   2.9342e+00   0.0000e+00   0.0000e+00   2.7174e+02
20201110_21:00:00   1.4345e-01   4.1271e+01   2.9005e+00   0.0000e+00   0.0000e+00   2.7244e+02
20201110_22:00:00   1.5054e-01   4.2978e+01   3.0496e+00   0.0000e+00   0.0000e+00   2.7296e+02
20201110_23:00:00   1.5454e-01   4.3999e+01   3.1059e+00   0.0000e+00   0.0000e+00   2.7277e+02
20201111_00:00:00   1.5216e-01   4.3481e+01   3.0367e+00   0.0000e+00   0.0000e+00   2.7211e+02
20201111_01:00:00   1.5290e-01   4.3630e+01   3.0596e+00   0.0000e+00   0.0000e+00   2.7157e+02
20201111_02:00:00   1.5554e-01   4.4219e+01   3.1216e+00   0.0000e+00   0.0000e+00   2.7057e+02
20201111_03:00:00   1.5645e-01   4.4403e+01   3.1440e+00   0.0000e+00   0.0000e+00   2.6983e+02
20201111_04:00:00   1.5386e-01   4.3733e+01   3.0981e+00   0.0000e+00   0.0000e+00   2.6940e+02
20201111_05:00:00   1.4738e-01   4.2140e+01   2.9693e+00   0.0000e+00   0.0000e+00   2.6899e+02
20201111_06:00:00   1.4130e-01   4.0634e+01   2.8483e+00   0.0000e+00   0.0000e+00   2.6958e+02
20201111_07:00:00   1.3341e-01   3.8679e+01   2.6900e+00   0.0000e+00   0.0000e+00   2.7074e+02
20201111_08:00:00   1.3078e-01   3.7974e+01   2.6419e+00   0.0000e+00   0.0000e+00   2.7160e+02
20201111_09:00:00   1.2773e-01   3.7183e+01   2.5810e+00   0.0000e+00   0.0000e+00   2.7270e+02
20201111_10:00:00   1.2325e-01   3.6104e+01   2.4778e+00   0.0000e+00   0.0000e+00   2.7274e+02
20201111_11:00:00   1.2049e-01   3.5451e+01   2.4122e+00   0.0000e+00   0.0000e+00   2.7340e+02
20201111_12:00:00   1.1941e-01   3.5207e+01   2.3845e+00   0.0000e+00   0.0000e+00   2.7517e+02
20201111_13:00:00   1.1705e-01   3.4649e+01   2.3292e+00   0.0000e+00   0.0000e+00   2.7487e+02
20201111_14:00:00   1.1592e-01   3.4391e+01   2.3015e+00   0.0000e+00   0.0000e+00   2.7359e+02
20201111_15:00:00   1.1798e-01   3.4911e+01   2.3501e+00   0.0000e+00   0.0000e+00   2.7369e+02
20201111_16:00:00   1.2031e-01   3.5505e+01   2.4018e+00   0.0000e+00   0.0000e+00   2.7230e+02
20201111_17:00:00   1.2218e-01   3.6004e+01   2.4408e+00   0.0000e+00   0.0000e+00   2.7191e+02
20201111_18:00:00   1.2051e-01   3.5607e+01   2.4085e+00   0.0000e+00   0.0000e+00   2.7278e+02
20201111_21:00:00   1.2060e-01   3.5516e+01   2.4372e+00   0.0000e+00   0.0000e+00   2.7328e+02
20201112_00:00:00   1.3296e-01   3.8536e+01   2.6871e+00   0.0000e+00   0.0000e+00   2.7119e+02
20201112_03:00:00   1.3523e-01   3.9259e+01   2.6890e+00   0.0000e+00   0.0000e+00   2.7011e+02
20201112_06:00:00   1.0938e-01   3.2914e+01   2.1119e+00   0.0000e+00   0.0000e+00   2.7086e+02
20201112_09:00:00   8.5656e-02   2.6889e+01   1.5889e+00   0.0000e+00   0.0000e+00   2.7090e+02
20201112_12:00:00   7.0769e-02   2.2968e+01   1.2825e+00   0.0000e+00   0.0000e+00   2.7368e+02
20201112_15:00:00   7.5190e-02   2.4115e+01   1.3848e+00   0.0000e+00   0.0000e+00   2.7335e+02
20201112_18:00:00   9.8070e-02   2.9907e+01   1.9160e+00   0.0000e+00   0.0000e+00   2.7089e+02
20201112_21:00:00   9.6457e-02   2.9434e+01   1.8935e+00   0.0000e+00   0.0000e+00   2.7248e+02
20201113_00:00:00   9.4053e-02   2.9000e+01   1.7823e+00   0.0000e+00   0.0000e+00   2.7313e+02
20201113_03:00:00   1.1717e-01   3.4696e+01   2.2919e+00   0.0000e+00   0.0000e+00   2.7293e+02
20201113_06:00:00   1.1661e-01   3.4414e+01   2.3105e+00   0.0000e+00   0.0000e+00   2.7316e+02
20201113_09:00:00   1.1308e-01   3.3217e+01   2.3010e+00   0.0000e+00   0.0000e+00   2.7519e+02
20201113_12:00:00   1.0819e-01   3.1757e+01   2.2623e+00   0.0000e+00   0.0000e+00   2.7460e+02
20201113_15:00:00   1.0834e-01   3.1763e+01   2.2917e+00   0.0000e+00   0.0000e+00   2.7217e+02
20201113_18:00:00   1.2537e-01   3.5930e+01   2.6876e+00   0.0000e+00   0.0000e+00   2.7065e+02
20201113_21:00:00   1.3061e-01   3.6839e+01   2.8727e+00   0.0000e+00   0.0000e+00   2.6993e+02
20201114_00:00:00   1.3739e-01   3.8444e+01   3.0213e+00   0.0000e+00   0.0000e+00   2.6998e+02
20201114_03:00:00   1.4480e-01   4.0434e+01   3.1230e+00   0.0000e+00   0.0000e+00   2.6889e+02
20201114_06:00:00   1.3828e-01   3.8936e+01   2.9696e+00   0.0000e+00   0.0000e+00   2.6764e+02
20201114_09:00:00   1.3549e-01   3.8004e+01   2.9535e+00   0.0000e+00   0.0000e+00   2.6909e+02
20201114_12:00:00   1.3098e-01   3.6906e+01   2.8508e+00   0.0000e+00   0.0000e+00   2.7055e+02
20201114_15:00:00   1.4077e-01   3.9240e+01   3.0835e+00   0.0000e+00   0.0000e+00   2.6909e+02
20201114_18:00:00   1.4592e-01   4.0825e+01   3.1473e+00   0.0000e+00   0.0000e+00   2.6814e+02
20201114_21:00:00   1.4098e-01   3.9799e+01   3.0055e+00   0.0000e+00   0.0000e+00   2.7002e+02
20201115_00:00:00   1.3883e-01   3.9391e+01   2.9172e+00   0.0000e+00   0.0000e+00   2.6944e+02
20201115_03:00:00   1.4566e-01   4.1026e+01   3.0638e+00   0.0000e+00   0.0000e+00   2.6606e+02
20201115_06:00:00   1.2159e-01   3.5186e+01   2.5363e+00   0.0000e+00   0.0000e+00   2.6744e+02
20201115_09:00:00   1.1197e-01   3.2748e+01   2.3367e+00   0.0000e+00   0.0000e+00   2.6605e+02
20201115_12:00:00   1.2837e-01   3.6529e+01   2.7404e+00   0.0000e+00   0.0000e+00   2.6758e+02
20201115_15:00:00   1.5058e-01   4.1844e+01   3.2400e+00   0.0000e+00   0.0000e+00   2.6876e+02
20201115_18:00:00   1.8452e-01   4.9690e+01   4.0136e+00   0.0000e+00   0.0000e+00   2.6841e+02
20201115_21:00:00   1.9179e-01   5.1395e+01   4.1457e+00   0.0000e+00   0.0000e+00   2.6885e+02
20201116_00:00:00   2.0151e-01   5.3608e+01   4.3363e+00   0.0000e+00   0.0000e+00   2.6917e+02
20201116_03:00:00   1.9283e-01   5.1824e+01   4.1074e+00   0.0000e+00   0.0000e+00   2.6803e+02
20201116_06:00:00   1.7969e-01   4.8953e+01   3.7853e+00   0.0000e+00   0.0000e+00   2.6693e+02
20201116_09:00:00   1.5481e-01   4.3245e+01   3.2158e+00   0.0000e+00   0.0000e+00   2.6617e+02
20201116_12:00:00   1.4333e-01   4.0580e+01   2.9508e+00   0.0000e+00   0.0000e+00   2.6440e+02
20201116_15:00:00   1.4375e-01   4.0829e+01   2.9362e+00   0.0000e+00   0.0000e+00   2.6581e+02
20201116_18:00:00   1.5502e-01   4.3674e+01   3.1595e+00   0.0000e+00   0.0000e+00   2.6644e+02
20201116_21:00:00   1.5150e-01   4.2836e+01   3.0884e+00   0.0000e+00   0.0000e+00   2.6480e+02
20201117_00:00:00   1.5369e-01   4.3337e+01   3.1135e+00   0.0000e+00   0.0000e+00   2.6388e+02
20201117_03:00:00   1.4601e-01   4.1572e+01   2.9364e+00   0.0000e+00   0.0000e+00   2.6356e+02
20201117_06:00:00   1.3634e-01   3.9274e+01   2.7102e+00   0.0000e+00   0.0000e+00   2.6165e+02
20201117_09:00:00   1.2787e-01   3.7202e+01   2.5082e+00   0.0000e+00   0.0000e+00   2.6209e+02
20201117_12:00:00   1.1208e-01   3.3353e+01   2.1720e+00   0.0000e+00   0.0000e+00   2.6412e+02
20201117_15:00:00   1.0370e-01   3.1366e+01   1.9902e+00   0.0000e+00   0.0000e+00   2.6394e+02
20201117_18:00:00   9.7635e-02   2.9913e+01   1.8645e+00   0.0000e+00   0.0000e+00   2.6136e+02
20201117_21:00:00   9.1428e-02   2.8290e+01   1.7372e+00   0.0000e+00   0.0000e+00   2.6226e+02
20201118_00:00:00   9.0927e-02   2.8171e+01   1.7085e+00   0.0000e+00   0.0000e+00   2.6470e+02
20201118_03:00:00   8.5889e-02   2.6810e+01   1.6219e+00   0.0000e+00   0.0000e+00   2.6173e+02
20201118_06:00:00   7.9137e-02   2.5026e+01   1.4793e+00   0.0000e+00   0.0000e+00   2.6437e+02
20201118_09:00:00   8.1400e-02   2.5594e+01   1.5151e+00   0.0000e+00   0.0000e+00   2.6487e+02
20201118_12:00:00   8.1322e-02   2.5560e+01   1.5085e+00   0.0000e+00   0.0000e+00   2.6694e+02
20201118_15:00:00   9.0759e-02   2.7992e+01   1.7086e+00   0.0000e+00   0.0000e+00   2.6898e+02
20201118_18:00:00   9.7236e-02   2.9635e+01   1.8533e+00   0.0000e+00   0.0000e+00   2.6912e+02
20201118_21:00:00   9.3719e-02   2.8693e+01   1.7764e+00   0.0000e+00   0.0000e+00   2.6750e+02
20201119_00:00:00   9.1753e-02   2.8122e+01   1.7208e+00   0.0000e+00   0.0000e+00   2.6940e+02
20201119_03:00:00   9.6106e-02   2.9213e+01   1.7794e+00   0.0000e+00   0.0000e+00   2.6916e+02
20201119_06:00:00   7.3922e-02   2.3831e+01   1.2436e+00   0.0000e+00   0.0000e+00   2.7161e+02
20201119_09:00:00   6.2027e-02   2.0818e+01   9.7254e-01   0.0000e+00   0.0000e+00   2.7036e+02
20201119_12:00:00   5.7746e-02   1.9686e+01   8.9979e-01   0.0000e+00   0.0000e+00   2.7243e+02
20201119_15:00:00   7.0738e-02   2.3041e+01   1.2044e+00   0.0000e+00   0.0000e+00   2.7089e+02
20201119_18:00:00   9.0448e-02   2.8098e+01   1.6439e+00   0.0000e+00   0.0000e+00   2.7120e+02
20201119_21:00:00   9.5629e-02   2.9312e+01   1.7797e+00   0.0000e+00   0.0000e+00   2.7099e+02
20201120_00:00:00   7.8449e-02   2.5024e+01   1.4005e+00   0.0000e+00   0.0000e+00   2.7104e+02
20201120_03:00:00   6.3950e-02   2.1236e+01   1.1082e+00   0.0000e+00   0.0000e+00   2.6821e+02
20201120_06:00:00   5.6181e-02   1.9134e+01   9.5595e-01   0.0000e+00   0.0000e+00   2.6591e+02
20201120_09:00:00   6.0815e-02   2.0313e+01   1.0658e+00   0.0000e+00   0.0000e+00   2.6657e+02
20201120_12:00:00   7.0465e-02   2.2839e+01   1.2756e+00   0.0000e+00   0.0000e+00   2.6894e+02
20201120_15:00:00   9.1063e-02   2.8181e+01   1.7243e+00   0.0000e+00   0.0000e+00   2.7007e+02
20201120_18:00:00   1.3283e-01   3.8581e+01   2.6395e+00   0.0000e+00   0.0000e+00   2.6867e+02
20201120_21:00:00   1.8122e-01   4.9839e+01   3.7273e+00   0.0000e+00   0.0000e+00   2.6481e+02
20201121_00:00:00   1.8718e-01   5.1258e+01   3.8270e+00   0.0000e+00   0.0000e+00   2.6542e+02
20201121_03:00:00   1.7995e-01   4.9601e+01   3.6812e+00   0.0000e+00   0.0000e+00   2.6440e+02
20201121_06:00:00   1.5627e-01   4.3927e+01   3.2146e+00   0.0000e+00   1.2330e-05   2.6444e+02
20201121_09:00:00   1.3699e-01   3.9207e+01   2.8104e+00   0.0000e+00   1.1444e-04   2.6525e+02
20201121_12:00:00   1.1127e-01   3.3045e+01   2.2270e+00   0.0000e+00   0.0000e+00   2.6294e+02
20201121_15:00:00   1.1459e-01   3.4050e+01   2.2805e+00   0.0000e+00   0.0000e+00   2.6301e+02
20201121_18:00:00   1.1752e-01   3.4818e+01   2.3583e+00   0.0000e+00   0.0000e+00   2.6611e+02
20201121_21:00:00   1.2971e-01   3.7735e+01   2.6270e+00   0.0000e+00   0.0000e+00   2.6459e+02
20201122_00:00:00   1.3185e-01   3.8209e+01   2.6540e+00   0.0000e+00   1.3486e-05   2.6464e+02
20201122_03:00:00   1.2237e-01   3.5987e+01   2.4189e+00   0.0000e+00   0.0000e+00   2.6437e+02
20201122_06:00:00   9.6124e-02   2.9554e+01   1.8326e+00   0.0000e+00   0.0000e+00   2.6326e+02
20201122_09:00:00   7.4913e-02   2.4229e+01   1.3381e+00   0.0000e+00   0.0000e+00   2.6291e+02
20201122_12:00:00   6.6890e-02   2.2163e+01   1.1662e+00   0.0000e+00   0.0000e+00   2.6506e+02
20201122_15:00:00   6.8223e-02   2.2554e+01   1.2104e+00   0.0000e+00   1.0156e-03   2.6466e+02
20201122_18:00:00   7.9584e-02   2.5596e+01   1.4640e+00   0.0000e+00   0.0000e+00   2.6468e+02
