#            date       tau255        Tb[K]      pwv[mm] lwp[kg*m^-2] iwp[kg*m^-2]       o3[DU]
20221005_12:00:00   9.3950e-02   2.8688e+01   1.6489e+00   0.0000e+00   0.0000e+00   2.9309e+02
20221005_13:00:00   9.0476e-02   2.7864e+01   1.5605e+00   0.0000e+00   0.0000e+00   2.9492e+02
20221005_14:00:00   8.2442e-02   2.5877e+01   1.3885e+00   0.0000e+00   0.0000e+00   2.9477e+02
20221005_15:00:00   7.6469e-02   2.4339e+01   1.2736e+00   0.0000e+00   0.0000e+00   2.9435e+02
20221005_16:00:00   6.8120e-02   2.2204e+01   1.1048e+00   0.0000e+00   0.0000e+00   2.9496e+02
20221005_17:00:00   6.2110e-02   2.0631e+01   9.8906e-01   0.0000e+00   0.0000e+00   2.9564e+02
20221005_18:00:00   5.7594e-02   1.9443e+01   9.0088e-01   0.0000e+00   0.0000e+00   2.9650e+02
20221005_19:00:00   5.6996e-02   1.9283e+01   8.9302e-01   0.0000e+00   0.0000e+00   2.9795e+02
20221005_20:00:00   5.0700e-02   1.7741e+01   7.4021e-01   0.0000e+00   0.0000e+00   3.0227e+02
20221005_21:00:00   4.7301e-02   1.6850e+01   6.6542e-01   0.0000e+00   0.0000e+00   3.0644e+02
20221005_22:00:00   4.6258e-02   1.6562e+01   6.4427e-01   0.0000e+00   0.0000e+00   3.0610e+02
20221005_23:00:00   4.6799e-02   1.6686e+01   6.5842e-01   0.0000e+00   0.0000e+00   3.0501e+02
20221006_00:00:00   5.0350e-02   1.7595e+01   7.4178e-01   0.0000e+00   0.0000e+00   3.0619e+02
20221006_01:00:00   5.3843e-02   1.8469e+01   8.2692e-01   0.0000e+00   0.0000e+00   3.0812e+02
20221006_02:00:00   5.3491e-02   1.8362e+01   8.2302e-01   0.0000e+00   0.0000e+00   3.0887e+02
20221006_03:00:00   5.6105e-02   1.9008e+01   8.8978e-01   0.0000e+00   0.0000e+00   3.0949e+02
20221006_04:00:00   5.8447e-02   1.9588e+01   9.4484e-01   0.0000e+00   0.0000e+00   3.0918e+02
20221006_05:00:00   6.0789e-02   2.0149e+01   1.0041e+00   0.0000e+00   0.0000e+00   3.0770e+02
20221006_06:00:00   6.4904e-02   2.1166e+01   1.1012e+00   0.0000e+00   0.0000e+00   3.0646e+02
20221006_07:00:00   6.7659e-02   2.1905e+01   1.1560e+00   0.0000e+00   0.0000e+00   3.0873e+02
20221006_08:00:00   7.2398e-02   2.3096e+01   1.2629e+00   0.0000e+00   0.0000e+00   3.0798e+02
20221006_09:00:00   7.3905e-02   2.3522e+01   1.2933e+00   0.0000e+00   0.0000e+00   3.0690e+02
20221006_10:00:00   7.3044e-02   2.3326e+01   1.2730e+00   0.0000e+00   0.0000e+00   3.0280e+02
20221006_11:00:00   7.1391e-02   2.2925e+01   1.2369e+00   0.0000e+00   0.0000e+00   3.0023e+02
20221006_12:00:00   7.0781e-02   2.2768e+01   1.2267e+00   0.0000e+00   0.0000e+00   2.9586e+02
20221006_13:00:00   7.3360e-02   2.3419e+01   1.2901e+00   0.0000e+00   0.0000e+00   2.9634e+02
20221006_14:00:00   7.4098e-02   2.3632e+01   1.3063e+00   0.0000e+00   0.0000e+00   2.9620e+02
20221006_15:00:00   7.6885e-02   2.4367e+01   1.3651e+00   0.0000e+00   0.0000e+00   2.9649e+02
20221006_16:00:00   7.9874e-02   2.5172e+01   1.4304e+00   0.0000e+00   0.0000e+00   2.9386e+02
20221006_17:00:00   8.4453e-02   2.6373e+01   1.5339e+00   0.0000e+00   0.0000e+00   2.9210e+02
20221006_18:00:00   8.8489e-02   2.7466e+01   1.6191e+00   0.0000e+00   0.0000e+00   2.9102e+02
20221006_19:00:00   9.2510e-02   2.8493e+01   1.7135e+00   0.0000e+00   0.0000e+00   2.8939e+02
20221006_20:00:00   9.3181e-02   2.8685e+01   1.7326e+00   0.0000e+00   0.0000e+00   2.8855e+02
20221006_21:00:00   8.9817e-02   2.7882e+01   1.6593e+00   0.0000e+00   0.0000e+00   2.8790e+02
20221006_22:00:00   8.8365e-02   2.7540e+01   1.6253e+00   0.0000e+00   0.0000e+00   2.8793e+02
20221006_23:00:00   8.7344e-02   2.7268e+01   1.6088e+00   0.0000e+00   0.0000e+00   2.8693e+02
20221007_00:00:00   9.1098e-02   2.8151e+01   1.7065e+00   0.0000e+00   0.0000e+00   2.8526e+02
20221007_01:00:00   9.4572e-02   2.8997e+01   1.7906e+00   0.0000e+00   0.0000e+00   2.8414e+02
20221007_02:00:00   9.5220e-02   2.9160e+01   1.8135e+00   0.0000e+00   0.0000e+00   2.8321e+02
20221007_03:00:00   9.2321e-02   2.8451e+01   1.7514e+00   0.0000e+00   0.0000e+00   2.8186e+02
20221007_04:00:00   9.2528e-02   2.8459e+01   1.7673e+00   0.0000e+00   3.1900e-06   2.8122e+02
20221007_05:00:00   9.3085e-02   2.8524e+01   1.7989e+00   0.0000e+00   1.8468e-05   2.8100e+02
20221007_06:00:00   8.9700e-02   2.7762e+01   1.7044e+00   0.0000e+00   0.0000e+00   2.7970e+02
20221007_07:00:00   8.5634e-02   2.6815e+01   1.5956e+00   0.0000e+00   0.0000e+00   2.8005e+02
20221007_08:00:00   8.3632e-02   2.6352e+01   1.5389e+00   0.0000e+00   0.0000e+00   2.7994e+02
20221007_09:00:00   8.2320e-02   2.6041e+01   1.5053e+00   0.0000e+00   0.0000e+00   2.7939e+02
20221007_10:00:00   8.0416e-02   2.5585e+01   1.4575e+00   0.0000e+00   0.0000e+00   2.7951e+02
20221007_11:00:00   7.9063e-02   2.5263e+01   1.4207e+00   0.0000e+00   0.0000e+00   2.7857e+02
20221007_12:00:00   7.8597e-02   2.5151e+01   1.4086e+00   0.0000e+00   0.0000e+00   2.7732e+02
20221007_13:00:00   7.8541e-02   2.5145e+01   1.4062e+00   0.0000e+00   0.0000e+00   2.7829e+02
20221007_14:00:00   7.8653e-02   2.5176e+01   1.4112e+00   0.0000e+00   0.0000e+00   2.7879e+02
20221007_15:00:00   8.0278e-02   2.5604e+01   1.4499e+00   0.0000e+00   0.0000e+00   2.7871e+02
20221007_16:00:00   8.2595e-02   2.6227e+01   1.5017e+00   0.0000e+00   0.0000e+00   2.7878e+02
20221007_17:00:00   8.8776e-02   2.7819e+01   1.6400e+00   0.0000e+00   0.0000e+00   2.7797e+02
20221007_18:00:00   9.1867e-02   2.8660e+01   1.7017e+00   0.0000e+00   0.0000e+00   2.7713e+02
20221007_19:00:00   9.4488e-02   2.9347e+01   1.7559e+00   0.0000e+00   0.0000e+00   2.7655e+02
20221007_20:00:00   9.8859e-02   3.0418e+01   1.8551e+00   0.0000e+00   0.0000e+00   2.7610e+02
20221007_21:00:00   9.8570e-02   3.0315e+01   1.8489e+00   0.0000e+00   0.0000e+00   2.7643e+02
20221007_22:00:00   9.7713e-02   3.0093e+01   1.8283e+00   0.0000e+00   0.0000e+00   2.7726e+02
20221007_23:00:00   9.9899e-02   3.0634e+01   1.8714e+00   0.0000e+00   0.0000e+00   2.7771e+02
20221008_00:00:00   1.0278e-01   3.1347e+01   1.9291e+00   0.0000e+00   0.0000e+00   2.7714e+02
20221008_01:00:00   1.0380e-01   3.1588e+01   1.9518e+00   0.0000e+00   0.0000e+00   2.7608e+02
20221008_02:00:00   1.0257e-01   3.1276e+01   1.9254e+00   0.0000e+00   0.0000e+00   2.7590e+02
20221008_03:00:00   9.7736e-02   3.0060e+01   1.8226e+00   0.0000e+00   0.0000e+00   2.7604e+02
20221008_04:00:00   9.3379e-02   2.8948e+01   1.7281e+00   0.0000e+00   0.0000e+00   2.7476e+02
20221008_05:00:00   8.9132e-02   2.7852e+01   1.6384e+00   0.0000e+00   0.0000e+00   2.7477e+02
20221008_06:00:00   8.4788e-02   2.6711e+01   1.5470e+00   0.0000e+00   0.0000e+00   2.7398e+02
20221008_07:00:00   8.2663e-02   2.6147e+01   1.5026e+00   0.0000e+00   0.0000e+00   2.7388e+02
20221008_08:00:00   8.1394e-02   2.5797e+01   1.4770e+00   0.0000e+00   0.0000e+00   2.7414e+02
20221008_09:00:00   7.9540e-02   2.5326e+01   1.4333e+00   0.0000e+00   0.0000e+00   2.7565e+02
20221008_10:00:00   7.9071e-02   2.5206e+01   1.4216e+00   0.0000e+00   0.0000e+00   2.7723e+02
20221008_11:00:00   8.0040e-02   2.5466e+01   1.4367e+00   0.0000e+00   0.0000e+00   2.7857e+02
20221008_12:00:00   8.1576e-02   2.5861e+01   1.4666e+00   0.0000e+00   0.0000e+00   2.7867e+02
20221008_13:00:00   8.2281e-02   2.6062e+01   1.4767e+00   0.0000e+00   0.0000e+00   2.7976e+02
20221008_14:00:00   8.4935e-02   2.6769e+01   1.5317e+00   0.0000e+00   0.0000e+00   2.8111e+02
20221008_15:00:00   9.0503e-02   2.8219e+01   1.6508e+00   0.0000e+00   0.0000e+00   2.7944e+02
20221008_16:00:00   9.8845e-02   3.0344e+01   1.8306e+00   0.0000e+00   0.0000e+00   2.7989e+02
20221008_17:00:00   1.1116e-01   3.3464e+01   2.0872e+00   0.0000e+00   0.0000e+00   2.7868e+02
20221008_18:00:00   1.2364e-01   3.6551e+01   2.3479e+00   0.0000e+00   0.0000e+00   2.7791e+02
20221008_19:00:00   1.2653e-01   3.7236e+01   2.4102e+00   0.0000e+00   0.0000e+00   2.7685e+02
20221008_20:00:00   1.2435e-01   3.6683e+01   2.3704e+00   0.0000e+00   0.0000e+00   2.7654e+02
20221008_21:00:00   1.1949e-01   3.5464e+01   2.2743e+00   0.0000e+00   0.0000e+00   2.7646e+02
20221008_22:00:00   1.1579e-01   3.4551e+01   2.1914e+00   0.0000e+00   0.0000e+00   2.7681e+02
20221008_23:00:00   1.1547e-01   3.4472e+01   2.1745e+00   0.0000e+00   0.0000e+00   2.7651e+02
20221009_00:00:00   1.0815e-01   3.2665e+01   2.0169e+00   0.0000e+00   0.0000e+00   2.7611e+02
20221009_01:00:00   1.0270e-01   3.1309e+01   1.9036e+00   0.0000e+00   0.0000e+00   2.7574e+02
20221009_02:00:00   9.9365e-02   3.0467e+01   1.8338e+00   0.0000e+00   0.0000e+00   2.7528e+02
20221009_03:00:00   9.6413e-02   2.9715e+01   1.7736e+00   0.0000e+00   0.0000e+00   2.7352e+02
20221009_04:00:00   9.5489e-02   2.9462e+01   1.7587e+00   0.0000e+00   7.9560e-06   2.7288e+02
20221009_05:00:00   1.0099e-01   3.0850e+01   1.8633e+00   0.0000e+00   3.1900e-06   2.7376e+02
20221009_06:00:00   1.0704e-01   3.2339e+01   1.9844e+00   0.0000e+00   0.0000e+00   2.7553e+02
20221009_07:00:00   1.0665e-01   3.2226e+01   1.9733e+00   0.0000e+00   0.0000e+00   2.7742e+02
20221009_08:00:00   1.0050e-01   3.0690e+01   1.8441e+00   0.0000e+00   0.0000e+00   2.8022e+02
20221009_09:00:00   9.8800e-02   3.0224e+01   1.8135e+00   0.0000e+00   4.9540e-05   2.8239e+02
20221009_10:00:00   9.4417e-02   2.9129e+01   1.7172e+00   0.0000e+00   0.0000e+00   2.8398e+02
20221009_11:00:00   9.4453e-02   2.9159e+01   1.7091e+00   0.0000e+00   0.0000e+00   2.8457e+02
20221009_12:00:00   9.5535e-02   2.9434e+01   1.7272e+00   0.0000e+00   0.0000e+00   2.8334e+02
20221009_13:00:00   9.3466e-02   2.8903e+01   1.6881e+00   0.0000e+00   0.0000e+00   2.8158e+02
20221009_14:00:00   9.3705e-02   2.8968e+01   1.6943e+00   0.0000e+00   0.0000e+00   2.8300e+02
20221009_15:00:00   9.2272e-02   2.8620e+01   1.6686e+00   0.0000e+00   0.0000e+00   2.8435e+02
20221009_16:00:00   9.2487e-02   2.8693e+01   1.6762e+00   0.0000e+00   0.0000e+00   2.8377e+02
20221009_17:00:00   9.2426e-02   2.8678e+01   1.6783e+00   0.0000e+00   0.0000e+00   2.8417e+02
20221009_18:00:00   8.9344e-02   2.7860e+01   1.6234e+00   0.0000e+00   0.0000e+00   2.8366e+02
20221009_19:00:00   8.9816e-02   2.7923e+01   1.6418e+00   0.0000e+00   0.0000e+00   2.8398e+02
20221009_20:00:00   7.9729e-02   2.5313e+01   1.4357e+00   0.0000e+00   0.0000e+00   2.8479e+02
20221009_21:00:00   7.3854e-02   2.3782e+01   1.3112e+00   0.0000e+00   0.0000e+00   2.8586e+02
20221009_22:00:00   7.2490e-02   2.3417e+01   1.2784e+00   0.0000e+00   0.0000e+00   2.8698e+02
20221009_23:00:00   7.0416e-02   2.2931e+01   1.2148e+00   0.0000e+00   0.0000e+00   2.8987e+02
20221010_00:00:00   6.8049e-02   2.2341e+01   1.1523e+00   0.0000e+00   0.0000e+00   2.9027e+02
20221010_01:00:00   6.7508e-02   2.2206e+01   1.1339e+00   0.0000e+00   0.0000e+00   2.9107e+02
20221010_02:00:00   6.8251e-02   2.2392e+01   1.1477e+00   0.0000e+00   0.0000e+00   2.9210e+02
20221010_03:00:00   7.0832e-02   2.3068e+01   1.1969e+00   0.0000e+00   0.0000e+00   2.9231e+02
20221010_04:00:00   7.4324e-02   2.3961e+01   1.2678e+00   0.0000e+00   0.0000e+00   2.9221e+02
20221010_05:00:00   7.6371e-02   2.4460e+01   1.3119e+00   0.0000e+00   0.0000e+00   2.9225e+02
20221010_06:00:00   7.5828e-02   2.4286e+01   1.3025e+00   0.0000e+00   0.0000e+00   2.9221e+02
20221010_07:00:00   7.4173e-02   2.3847e+01   1.2694e+00   0.0000e+00   0.0000e+00   2.9267e+02
20221010_08:00:00   7.6980e-02   2.4532e+01   1.3288e+00   0.0000e+00   0.0000e+00   2.9397e+02
20221010_09:00:00   7.9590e-02   2.5140e+01   1.3912e+00   0.0000e+00   0.0000e+00   2.9485e+02
20221010_10:00:00   8.4111e-02   2.6205e+01   1.5039e+00   0.0000e+00   0.0000e+00   2.9439e+02
20221010_11:00:00   8.7370e-02   2.6950e+01   1.5871e+00   0.0000e+00   0.0000e+00   2.9378e+02
20221010_12:00:00   8.7073e-02   2.6895e+01   1.5782e+00   0.0000e+00   0.0000e+00   2.9312e+02
20221010_15:00:00   6.9370e-02   2.2775e+01   1.1310e+00   0.0000e+00   0.0000e+00   2.8989e+02
20221010_18:00:00   9.3801e-02   2.9042e+01   1.6524e+00   0.0000e+00   0.0000e+00   2.8876e+02
20221010_21:00:00   1.2054e-01   3.5585e+01   2.2321e+00   0.0000e+00   0.0000e+00   2.8557e+02
20221011_00:00:00   1.2582e-01   3.6790e+01   2.3570e+00   0.0000e+00   0.0000e+00   2.8631e+02
20221011_03:00:00   1.1123e-01   3.3059e+01   2.1119e+00   0.0000e+00   0.0000e+00   2.8359e+02
20221011_06:00:00   8.4125e-02   2.6180e+01   1.5543e+00   0.0000e+00   0.0000e+00   2.8470e+02
20221011_09:00:00   6.9290e-02   2.2383e+01   1.2332e+00   0.0000e+00   0.0000e+00   2.8405e+02
20221011_12:00:00   6.0020e-02   2.0080e+01   1.0149e+00   0.0000e+00   0.0000e+00   2.8454e+02
20221011_15:00:00   6.6294e-02   2.1807e+01   1.1478e+00   0.0000e+00   0.0000e+00   2.8435e+02
20221011_18:00:00   8.3179e-02   2.6214e+01   1.5232e+00   0.0000e+00   0.0000e+00   2.8092e+02
20221011_21:00:00   7.9112e-02   2.5121e+01   1.4424e+00   0.0000e+00   0.0000e+00   2.7913e+02
20221012_00:00:00   6.8048e-02   2.2279e+01   1.1800e+00   0.0000e+00   0.0000e+00   2.8083e+02
20221012_03:00:00   6.0616e-02   2.0360e+01   1.0014e+00   0.0000e+00   0.0000e+00   2.8064e+02
20221012_06:00:00   5.8125e-02   1.9685e+01   9.3056e-01   0.0000e+00   0.0000e+00   2.8003e+02
20221012_09:00:00   6.0133e-02   2.0110e+01   9.6847e-01   0.0000e+00   0.0000e+00   2.8353e+02
20221012_12:00:00   5.3615e-02   1.8556e+01   7.6608e-01   0.0000e+00   0.0000e+00   2.9045e+02
20221012_15:00:00   5.8950e-02   2.0043e+01   8.4949e-01   0.0000e+00   0.0000e+00   2.9383e+02
20221012_18:00:00   6.0955e-02   2.0516e+01   8.9312e-01   0.0000e+00   0.0000e+00   2.9786e+02
20221012_21:00:00   6.5487e-02   2.1506e+01   1.0112e+00   0.0000e+00   0.0000e+00   2.9970e+02
20221013_00:00:00   5.7909e-02   1.9582e+01   8.4398e-01   0.0000e+00   0.0000e+00   2.9796e+02
20221013_03:00:00   5.9367e-02   2.0066e+01   8.5557e-01   0.0000e+00   0.0000e+00   2.8979e+02
20221013_06:00:00   4.8065e-02   1.7132e+01   6.4014e-01   0.0000e+00   0.0000e+00   2.8853e+02
20221013_09:00:00   4.3823e-02   1.6001e+01   5.7045e-01   0.0000e+00   0.0000e+00   2.9068e+02
20221013_12:00:00   4.6680e-02   1.6743e+01   6.5121e-01   0.0000e+00   0.0000e+00   2.8750e+02
20221013_15:00:00   5.7664e-02   1.9684e+01   8.8662e-01   0.0000e+00   0.0000e+00   2.8568e+02
20221013_18:00:00   7.1209e-02   2.3234e+01   1.1879e+00   0.0000e+00   0.0000e+00   2.8810e+02
20221013_21:00:00   6.4752e-02   2.1531e+01   1.0656e+00   0.0000e+00   0.0000e+00   2.8974e+02
20221014_00:00:00   6.7627e-02   2.2212e+01   1.1402e+00   0.0000e+00   0.0000e+00   2.8746e+02
20221014_03:00:00   6.9362e-02   2.2607e+01   1.1842e+00   0.0000e+00   0.0000e+00   2.8304e+02
20221014_06:00:00   6.3876e-02   2.1099e+01   1.0825e+00   0.0000e+00   0.0000e+00   2.8526e+02
20221014_09:00:00   6.0482e-02   2.0293e+01   9.8614e-01   0.0000e+00   0.0000e+00   2.8832e+02
20221014_12:00:00   5.8068e-02   1.9565e+01   9.5614e-01   0.0000e+00   0.0000e+00   2.8589e+02
20221014_15:00:00   6.2270e-02   2.0591e+01   1.0783e+00   0.0000e+00   1.8936e-03   2.8306e+02
20221014_18:00:00   6.8164e-02   2.1960e+01   1.2581e+00   0.0000e+00   1.2948e-02   2.8104e+02
20221014_21:00:00   6.0381e-02   2.0023e+01   1.0786e+00   0.0000e+00   5.9401e-03   2.7877e+02
20221015_00:00:00   5.5991e-02   1.8928e+01   9.7115e-01   0.0000e+00   2.7740e-03   2.7864e+02
20221015_03:00:00   5.5935e-02   1.8872e+01   9.7995e-01   0.0000e+00   2.5022e-03   2.7944e+02
20221015_06:00:00   7.3343e-02   2.3422e+01   1.3516e+00   0.0000e+00   0.0000e+00   2.8093e+02
20221015_09:00:00   6.6582e-02   2.1800e+01   1.1614e+00   0.0000e+00   0.0000e+00   2.7999e+02
20221015_12:00:00   6.0822e-02   2.0295e+01   1.0402e+00   0.0000e+00   0.0000e+00   2.7826e+02
20221015_15:00:00   7.0006e-02   2.2685e+01   1.2618e+00   0.0000e+00   0.0000e+00   2.7721e+02
20221015_18:00:00   7.7454e-02   2.4600e+01   1.4524e+00   0.0000e+00   0.0000e+00   2.7685e+02
20221015_21:00:00   7.0236e-02   2.2752e+01   1.2969e+00   0.0000e+00   0.0000e+00   2.7473e+02
20221016_00:00:00   6.9291e-02   2.2461e+01   1.2808e+00   0.0000e+00   0.0000e+00   2.7194e+02
20221016_03:00:00   6.7222e-02   2.1944e+01   1.2321e+00   0.0000e+00   0.0000e+00   2.7195e+02
20221016_06:00:00   6.8657e-02   2.2274e+01   1.2640e+00   0.0000e+00   0.0000e+00   2.7421e+02
20221016_09:00:00   6.9336e-02   2.2450e+01   1.2640e+00   0.0000e+00   0.0000e+00   2.7264e+02
20221016_12:00:00   7.8331e-02   2.4769e+01   1.4598e+00   0.0000e+00   0.0000e+00   2.7458e+02
20221016_15:00:00   9.2498e-02   2.8310e+01   1.7953e+00   0.0000e+00   0.0000e+00   2.7361e+02
20221016_18:00:00   9.9278e-02   3.0038e+01   1.9515e+00   0.0000e+00   0.0000e+00   2.7121e+02
20221016_21:00:00   1.0344e-01   3.0959e+01   2.0589e+00   0.0000e+00   0.0000e+00   2.7643e+02
20221017_00:00:00   1.2091e-01   3.5338e+01   2.4137e+00   0.0000e+00   0.0000e+00   2.7803e+02
20221017_03:00:00   1.3542e-01   3.8752e+01   2.7277e+00   0.0000e+00   0.0000e+00   2.7585e+02
20221017_06:00:00   9.1176e-02   2.7823e+01   1.7615e+00   0.0000e+00   0.0000e+00   2.7282e+02
20221017_09:00:00   7.6565e-02   2.4189e+01   1.4146e+00   0.0000e+00   0.0000e+00   2.7382e+02
20221017_12:00:00   8.7622e-02   2.6867e+01   1.6697e+00   0.0000e+00   0.0000e+00   2.8051e+02
20221017_15:00:00   8.5078e-02   2.6263e+01   1.6060e+00   0.0000e+00   0.0000e+00   2.8333e+02
20221017_18:00:00   1.0293e-01   3.0697e+01   2.0022e+00   0.0000e+00   0.0000e+00   2.8513e+02
20221017_21:00:00   1.1584e-01   3.3776e+01   2.2945e+00   0.0000e+00   0.0000e+00   2.8470e+02
20221018_00:00:00   1.1962e-01   3.4567e+01   2.3741e+00   0.0000e+00   0.0000e+00   2.8432e+02
20221018_03:00:00   1.1838e-01   3.4193e+01   2.3371e+00   0.0000e+00   0.0000e+00   2.8525e+02
20221018_06:00:00   1.1263e-01   3.2721e+01   2.1957e+00   0.0000e+00   0.0000e+00   2.8874e+02
20221018_09:00:00   9.7045e-02   2.9165e+01   1.7990e+00   0.0000e+00   0.0000e+00   2.9765e+02
20221018_12:00:00   9.6174e-02   2.9071e+01   1.7574e+00   0.0000e+00   0.0000e+00   3.0252e+02
20221018_15:00:00   9.5806e-02   2.9039e+01   1.7572e+00   0.0000e+00   0.0000e+00   3.0089e+02
20221018_18:00:00   1.1164e-01   3.2953e+01   2.1305e+00   0.0000e+00   0.0000e+00   2.9560e+02
20221018_21:00:00   1.1414e-01   3.3617e+01   2.1916e+00   0.0000e+00   0.0000e+00   2.8877e+02
20221019_00:00:00   1.2352e-01   3.6108e+01   2.3468e+00   0.0000e+00   0.0000e+00   2.8856e+02
20221019_03:00:00   1.2668e-01   3.6936e+01   2.4193e+00   0.0000e+00   0.0000e+00   2.9041e+02
20221019_06:00:00   1.0825e-01   3.2321e+01   2.0556e+00   0.0000e+00   0.0000e+00   2.9172e+02
20221019_09:00:00   9.4743e-02   2.8923e+01   1.7799e+00   0.0000e+00   0.0000e+00   2.9098e+02
20221019_12:00:00   9.4144e-02   2.8785e+01   1.7726e+00   0.0000e+00   0.0000e+00   2.8977e+02
20221019_15:00:00   1.1620e-01   3.4321e+01   2.2483e+00   0.0000e+00   0.0000e+00   2.8931e+02
20221019_18:00:00   1.5350e-01   4.3315e+01   3.0646e+00   0.0000e+00   0.0000e+00   2.8534e+02
20221019_21:00:00   1.7106e-01   4.7406e+01   3.4365e+00   0.0000e+00   0.0000e+00   2.8274e+02
20221020_00:00:00   1.6001e-01   4.4882e+01   3.1877e+00   0.0000e+00   0.0000e+00   2.8019e+02
20221020_03:00:00   1.4616e-01   4.1661e+01   2.8904e+00   0.0000e+00   0.0000e+00   2.7858e+02
20221020_06:00:00   1.3606e-01   3.9224e+01   2.6693e+00   0.0000e+00   0.0000e+00   2.7687e+02
20221020_09:00:00   1.2814e-01   3.7273e+01   2.4957e+00   0.0000e+00   0.0000e+00   2.7990e+02
20221020_12:00:00   1.3119e-01   3.8052e+01   2.5502e+00   0.0000e+00   0.0000e+00   2.7892e+02
20221020_15:00:00   1.3721e-01   3.9519e+01   2.6850e+00   0.0000e+00   0.0000e+00   2.7820e+02
20221020_18:00:00   1.6861e-01   4.6947e+01   3.3494e+00   0.0000e+00   0.0000e+00   2.7677e+02
20221020_21:00:00   1.8786e-01   5.1373e+01   3.7411e+00   0.0000e+00   0.0000e+00   2.7874e+02
20221021_00:00:00   1.8663e-01   5.1145e+01   3.6521e+00   0.0000e+00   0.0000e+00   2.8053e+02
20221021_03:00:00   1.5366e-01   4.3514e+01   2.9812e+00   0.0000e+00   0.0000e+00   2.8145e+02
20221021_06:00:00   1.0593e-01   3.1952e+01   1.9842e+00   0.0000e+00   0.0000e+00   2.8213e+02
20221021_09:00:00   8.3041e-02   2.6207e+01   1.4810e+00   0.0000e+00   0.0000e+00   2.8481e+02
20221021_12:00:00   8.6807e-02   2.7165e+01   1.5529e+00   0.0000e+00   0.0000e+00   2.8637e+02
