#            date       tau255        Tb[K]      pwv[mm] lwp[kg*m^-2] iwp[kg*m^-2]       o3[DU]
20220929_06:00:00   4.5960e-02   1.6424e+01   6.5425e-01   0.0000e+00   0.0000e+00   2.8633e+02
20220929_07:00:00   4.6082e-02   1.6453e+01   6.5597e-01   0.0000e+00   0.0000e+00   2.8838e+02
20220929_08:00:00   4.6411e-02   1.6527e+01   6.6530e-01   0.0000e+00   0.0000e+00   2.8837e+02
20220929_09:00:00   4.7814e-02   1.6860e+01   7.0388e-01   0.0000e+00   0.0000e+00   2.8837e+02
20220929_10:00:00   4.6586e-02   1.6544e+01   6.7823e-01   0.0000e+00   0.0000e+00   2.8884e+02
20220929_11:00:00   4.5750e-02   1.6334e+01   6.6019e-01   0.0000e+00   0.0000e+00   2.9002e+02
20220929_12:00:00   4.6791e-02   1.6617e+01   6.8347e-01   0.0000e+00   0.0000e+00   2.9028e+02
20220929_13:00:00   4.7238e-02   1.6746e+01   6.9272e-01   0.0000e+00   0.0000e+00   2.9126e+02
20220929_14:00:00   4.7973e-02   1.6957e+01   7.0696e-01   0.0000e+00   0.0000e+00   2.9228e+02
20220929_15:00:00   4.9598e-02   1.7403e+01   7.4045e-01   0.0000e+00   0.0000e+00   2.9371e+02
20220929_16:00:00   5.2427e-02   1.8179e+01   7.9809e-01   0.0000e+00   0.0000e+00   2.9509e+02
20220929_17:00:00   5.5839e-02   1.9122e+01   8.6618e-01   0.0000e+00   0.0000e+00   2.9410e+02
20220929_18:00:00   5.9406e-02   2.0079e+01   9.4408e-01   0.0000e+00   0.0000e+00   2.9222e+02
20220929_19:00:00   6.4093e-02   2.1289e+01   1.0517e+00   0.0000e+00   0.0000e+00   2.8821e+02
20220929_20:00:00   6.7202e-02   2.2078e+01   1.1259e+00   0.0000e+00   0.0000e+00   2.8541e+02
20220929_21:00:00   7.1881e-02   2.3230e+01   1.2406e+00   0.0000e+00   0.0000e+00   2.8405e+02
20220929_22:00:00   7.5769e-02   2.4211e+01   1.3301e+00   0.0000e+00   0.0000e+00   2.8383e+02
20220929_23:00:00   7.7400e-02   2.4567e+01   1.3818e+00   0.0000e+00   0.0000e+00   2.8384e+02
20220930_00:00:00   7.6208e-02   2.4210e+01   1.3715e+00   0.0000e+00   0.0000e+00   2.8442e+02
20220930_01:00:00   7.3138e-02   2.3334e+01   1.3313e+00   0.0000e+00   0.0000e+00   2.8520e+02
20220930_02:00:00   6.7979e-02   2.1951e+01   1.2367e+00   0.0000e+00   0.0000e+00   2.8586e+02
20220930_03:00:00   6.2319e-02   2.0505e+01   1.1085e+00   0.0000e+00   0.0000e+00   2.8665e+02
20220930_04:00:00   6.0639e-02   2.0144e+01   1.0545e+00   0.0000e+00   0.0000e+00   2.8800e+02
20220930_05:00:00   6.7062e-02   2.1855e+01   1.1817e+00   0.0000e+00   0.0000e+00   2.8912e+02
20220930_06:00:00   7.2276e-02   2.3223e+01   1.2875e+00   0.0000e+00   0.0000e+00   2.9011e+02
20220930_07:00:00   7.5569e-02   2.4087e+01   1.3516e+00   0.0000e+00   0.0000e+00   2.9138e+02
20220930_08:00:00   7.4921e-02   2.3957e+01   1.3310e+00   0.0000e+00   0.0000e+00   2.9203e+02
20220930_09:00:00   7.3283e-02   2.3536e+01   1.3004e+00   0.0000e+00   0.0000e+00   2.9223e+02
20220930_10:00:00   7.2023e-02   2.3184e+01   1.2834e+00   0.0000e+00   0.0000e+00   2.9117e+02
20220930_11:00:00   7.0490e-02   2.2790e+01   1.2547e+00   0.0000e+00   0.0000e+00   2.8954e+02
20220930_12:00:00   7.0191e-02   2.2708e+01   1.2522e+00   0.0000e+00   0.0000e+00   2.8894e+02
20220930_13:00:00   7.0392e-02   2.2720e+01   1.2704e+00   0.0000e+00   0.0000e+00   2.8910e+02
20220930_14:00:00   7.2343e-02   2.3269e+01   1.3085e+00   0.0000e+00   0.0000e+00   2.8786e+02
20220930_15:00:00   7.6263e-02   2.4309e+01   1.3943e+00   0.0000e+00   0.0000e+00   2.8661e+02
20220930_16:00:00   7.9329e-02   2.5142e+01   1.4608e+00   0.0000e+00   0.0000e+00   2.8680e+02
20220930_17:00:00   8.0397e-02   2.5497e+01   1.4746e+00   0.0000e+00   0.0000e+00   2.8835e+02
20220930_18:00:00   7.9374e-02   2.5292e+01   1.4468e+00   0.0000e+00   0.0000e+00   2.8870e+02
20220930_19:00:00   7.7997e-02   2.4983e+01   1.4128e+00   0.0000e+00   0.0000e+00   2.8872e+02
20220930_20:00:00   7.6545e-02   2.4647e+01   1.3763e+00   0.0000e+00   0.0000e+00   2.8752e+02
20220930_21:00:00   7.3646e-02   2.3948e+01   1.3044e+00   0.0000e+00   0.0000e+00   2.8638e+02
20220930_22:00:00   7.3364e-02   2.3893e+01   1.2913e+00   0.0000e+00   0.0000e+00   2.8536e+02
20220930_23:00:00   7.0552e-02   2.3171e+01   1.2264e+00   0.0000e+00   0.0000e+00   2.8519e+02
20221001_00:00:00   6.6133e-02   2.2009e+01   1.1314e+00   0.0000e+00   0.0000e+00   2.8412e+02
20221001_01:00:00   6.0615e-02   2.0544e+01   1.0154e+00   0.0000e+00   0.0000e+00   2.8343e+02
20221001_02:00:00   5.5561e-02   1.9193e+01   9.0696e-01   0.0000e+00   0.0000e+00   2.8256e+02
20221001_03:00:00   5.6869e-02   1.9558e+01   9.3123e-01   0.0000e+00   0.0000e+00   2.8211e+02
20221001_04:00:00   6.3612e-02   2.1357e+01   1.0749e+00   0.0000e+00   0.0000e+00   2.8211e+02
20221001_05:00:00   6.8258e-02   2.2585e+01   1.1710e+00   0.0000e+00   0.0000e+00   2.8202e+02
20221001_06:00:00   6.6971e-02   2.2265e+01   1.1388e+00   0.0000e+00   0.0000e+00   2.8168e+02
20221001_07:00:00   6.7077e-02   2.2290e+01   1.1381e+00   0.0000e+00   0.0000e+00   2.8158e+02
20221001_08:00:00   6.6682e-02   2.2188e+01   1.1255e+00   0.0000e+00   0.0000e+00   2.8166e+02
20221001_09:00:00   6.6933e-02   2.2264e+01   1.1273e+00   0.0000e+00   0.0000e+00   2.8206e+02
20221001_10:00:00   6.6341e-02   2.2112e+01   1.1132e+00   0.0000e+00   0.0000e+00   2.8220e+02
20221001_11:00:00   6.6666e-02   2.2193e+01   1.1202e+00   0.0000e+00   0.0000e+00   2.8242e+02
20221001_12:00:00   6.5525e-02   2.1879e+01   1.1005e+00   0.0000e+00   0.0000e+00   2.8191e+02
20221001_13:00:00   6.2523e-02   2.1076e+01   1.0426e+00   0.0000e+00   0.0000e+00   2.8192e+02
20221001_14:00:00   5.9945e-02   2.0394e+01   9.9012e-01   0.0000e+00   0.0000e+00   2.8102e+02
20221001_15:00:00   5.7433e-02   1.9724e+01   9.3967e-01   0.0000e+00   0.0000e+00   2.7995e+02
20221001_16:00:00   5.6741e-02   1.9548e+01   9.2883e-01   0.0000e+00   0.0000e+00   2.7974e+02
20221001_17:00:00   5.8259e-02   1.9947e+01   9.6816e-01   0.0000e+00   0.0000e+00   2.7958e+02
20221001_18:00:00   5.9236e-02   2.0215e+01   9.9283e-01   0.0000e+00   0.0000e+00   2.7893e+02
20221001_19:00:00   5.9291e-02   2.0247e+01   9.9529e-01   0.0000e+00   0.0000e+00   2.7862e+02
20221001_20:00:00   6.1337e-02   2.0785e+01   1.0422e+00   0.0000e+00   0.0000e+00   2.7782e+02
20221001_21:00:00   6.2753e-02   2.1165e+01   1.0751e+00   0.0000e+00   0.0000e+00   2.7575e+02
20221001_22:00:00   6.9469e-02   2.2837e+01   1.2438e+00   0.0000e+00   0.0000e+00   2.7564e+02
20221001_23:00:00   7.5235e-02   2.4272e+01   1.3816e+00   0.0000e+00   0.0000e+00   2.7614e+02
20221002_00:00:00   7.7509e-02   2.4794e+01   1.4438e+00   0.0000e+00   0.0000e+00   2.7737e+02
20221002_01:00:00   7.5174e-02   2.4077e+01   1.4175e+00   0.0000e+00   0.0000e+00   2.7846e+02
20221002_02:00:00   7.7511e-02   2.4526e+01   1.4975e+00   0.0000e+00   0.0000e+00   2.7842e+02
20221002_03:00:00   7.3893e-02   2.3494e+01   1.4370e+00   0.0000e+00   0.0000e+00   2.7743e+02
20221002_04:00:00   7.2718e-02   2.3078e+01   1.4302e+00   0.0000e+00   0.0000e+00   2.7713e+02
20221002_05:00:00   7.4179e-02   2.3339e+01   1.4828e+00   0.0000e+00   0.0000e+00   2.7912e+02
20221002_06:00:00   8.1024e-02   2.4914e+01   1.6626e+00   0.0000e+00   6.2920e-05   2.8026e+02
20221002_07:00:00   8.5334e-02   2.5990e+01   1.7645e+00   0.0000e+00   2.1200e-05   2.7934e+02
20221002_08:00:00   1.0240e-01   3.0022e+01   2.1803e+00   0.0000e+00   5.3880e-03   2.7818e+02
20221002_09:00:00   1.1761e-01   3.3715e+01   2.5197e+00   0.0000e+00   6.6155e-03   2.7826e+02
20221002_10:00:00   1.1625e-01   3.3529e+01   2.4561e+00   0.0000e+00   2.5243e-03   2.7886e+02
20221002_11:00:00   1.1626e-01   3.3511e+01   2.4584e+00   0.0000e+00   2.1862e-03   2.7948e+02
20221002_12:00:00   1.0737e-01   3.1418e+01   2.2362e+00   0.0000e+00   3.6543e-03   2.8029e+02
20221002_13:00:00   1.1144e-01   3.2404e+01   2.3316e+00   0.0000e+00   7.8823e-04   2.8301e+02
20221002_14:00:00   1.1373e-01   3.2954e+01   2.3825e+00   0.0000e+00   3.7653e-03   2.8322e+02
20221002_15:00:00   1.4071e-01   3.9092e+01   3.0303e+00   0.0000e+00   9.8080e-03   2.8310e+02
20221002_16:00:00   1.3133e-01   3.7037e+01   2.8084e+00   0.0000e+00   9.8281e-04   2.8362e+02
20221002_17:00:00   1.1783e-01   3.3973e+01   2.4835e+00   0.0000e+00   3.2445e-04   2.8405e+02
20221002_18:00:00   1.0716e-01   3.1523e+01   2.2191e+00   0.0000e+00   5.2260e-05   2.8408e+02
20221002_19:00:00   9.0551e-02   2.7559e+01   1.8222e+00   0.0000e+00   1.4188e-04   2.8378e+02
20221002_20:00:00   8.2908e-02   2.5802e+01   1.6185e+00   0.0000e+00   0.0000e+00   2.8397e+02
20221002_21:00:00   7.2422e-02   2.3333e+01   1.3435e+00   0.0000e+00   0.0000e+00   2.8368e+02
20221002_22:00:00   7.3914e-02   2.3733e+01   1.3696e+00   0.0000e+00   0.0000e+00   2.8383e+02
20221002_23:00:00   7.1545e-02   2.3173e+01   1.3050e+00   0.0000e+00   0.0000e+00   2.8382e+02
20221003_00:00:00   6.7122e-02   2.2061e+01   1.2011e+00   0.0000e+00   1.9266e-06   2.8252e+02
20221003_01:00:00   6.3411e-02   2.1099e+01   1.1161e+00   0.0000e+00   0.0000e+00   2.8154e+02
20221003_02:00:00   6.3478e-02   2.1020e+01   1.1424e+00   0.0000e+00   0.0000e+00   2.8098e+02
20221003_03:00:00   6.5716e-02   2.1534e+01   1.2086e+00   0.0000e+00   0.0000e+00   2.8091e+02
20221003_04:00:00   6.9706e-02   2.2529e+01   1.3072e+00   0.0000e+00   0.0000e+00   2.8098e+02
20221003_05:00:00   7.4780e-02   2.3774e+01   1.4318e+00   0.0000e+00   0.0000e+00   2.7984e+02
20221003_06:00:00   7.6142e-02   2.4127e+01   1.4580e+00   0.0000e+00   0.0000e+00   2.8082e+02
20221003_07:00:00   7.8517e-02   2.4717e+01   1.5093e+00   0.0000e+00   0.0000e+00   2.8221e+02
20221003_08:00:00   8.1506e-02   2.5462e+01   1.5734e+00   0.0000e+00   0.0000e+00   2.8453e+02
20221003_09:00:00   8.3435e-02   2.5991e+01   1.6038e+00   0.0000e+00   0.0000e+00   2.8659e+02
20221003_10:00:00   8.5084e-02   2.6434e+01   1.6344e+00   0.0000e+00   0.0000e+00   2.8765e+02
20221003_11:00:00   8.7574e-02   2.7063e+01   1.6897e+00   0.0000e+00   0.0000e+00   2.8653e+02
20221003_12:00:00   9.1239e-02   2.7980e+01   1.7718e+00   0.0000e+00   0.0000e+00   2.8668e+02
20221003_13:00:00   9.5236e-02   2.8939e+01   1.8653e+00   0.0000e+00   0.0000e+00   2.8620e+02
20221003_14:00:00   9.6301e-02   2.9196e+01   1.8913e+00   0.0000e+00   0.0000e+00   2.8415e+02
20221003_15:00:00   9.5694e-02   2.9048e+01   1.8778e+00   0.0000e+00   0.0000e+00   2.8345e+02
20221003_16:00:00   9.7529e-02   2.9495e+01   1.9252e+00   0.0000e+00   0.0000e+00   2.8185e+02
20221003_17:00:00   1.0243e-01   3.0685e+01   2.0455e+00   0.0000e+00   0.0000e+00   2.8067e+02
20221003_18:00:00   1.0790e-01   3.1962e+01   2.1866e+00   0.0000e+00   0.0000e+00   2.8036e+02
20221003_19:00:00   1.0527e-01   3.1338e+01   2.1161e+00   0.0000e+00   0.0000e+00   2.8184e+02
20221003_20:00:00   1.0315e-01   3.0841e+01   2.0578e+00   0.0000e+00   0.0000e+00   2.8232e+02
20221003_21:00:00   1.0419e-01   3.1074e+01   2.0857e+00   0.0000e+00   0.0000e+00   2.8372e+02
20221003_22:00:00   1.0240e-01   3.0653e+01   2.0386e+00   0.0000e+00   0.0000e+00   2.8494e+02
20221003_23:00:00   1.0258e-01   3.0703e+01   2.0329e+00   0.0000e+00   0.0000e+00   2.8658e+02
20221004_00:00:00   1.0481e-01   3.1307e+01   2.0722e+00   0.0000e+00   0.0000e+00   2.8640e+02
20221004_01:00:00   1.0683e-01   3.1808e+01   2.1143e+00   0.0000e+00   0.0000e+00   2.8756e+02
20221004_02:00:00   1.1009e-01   3.2614e+01   2.1890e+00   0.0000e+00   0.0000e+00   2.8627e+02
20221004_03:00:00   1.1055e-01   3.2731e+01   2.1930e+00   0.0000e+00   0.0000e+00   2.8369e+02
20221004_04:00:00   1.1025e-01   3.2627e+01   2.1933e+00   0.0000e+00   0.0000e+00   2.8303e+02
20221004_05:00:00   1.0805e-01   3.2044e+01   2.1418e+00   0.0000e+00   0.0000e+00   2.8158e+02
20221004_06:00:00   1.0587e-01   3.1526e+01   2.0876e+00   0.0000e+00   0.0000e+00   2.8182e+02
20221004_09:00:00   1.0173e-01   3.0483e+01   1.9841e+00   0.0000e+00   0.0000e+00   2.8116e+02
20221004_12:00:00   1.0619e-01   3.1526e+01   2.0878e+00   0.0000e+00   0.0000e+00   2.7858e+02
20221004_15:00:00   1.0656e-01   3.1622e+01   2.0954e+00   0.0000e+00   0.0000e+00   2.8261e+02
20221004_18:00:00   1.2008e-01   3.4966e+01   2.3931e+00   0.0000e+00   0.0000e+00   2.8443e+02
20221004_21:00:00   1.3210e-01   3.7853e+01   2.6564e+00   0.0000e+00   0.0000e+00   2.8484e+02
20221005_00:00:00   1.3728e-01   3.9197e+01   2.7415e+00   0.0000e+00   0.0000e+00   2.8596e+02
20221005_03:00:00   1.3204e-01   3.8145e+01   2.6029e+00   0.0000e+00   0.0000e+00   2.9073e+02
20221005_06:00:00   1.1982e-01   3.5205e+01   2.3322e+00   0.0000e+00   0.0000e+00   2.8880e+02
20221005_09:00:00   1.0884e-01   3.2526e+01   2.0945e+00   0.0000e+00   0.0000e+00   2.8688e+02
20221005_12:00:00   1.0670e-01   3.1995e+01   2.0562e+00   0.0000e+00   0.0000e+00   2.8524e+02
20221005_15:00:00   1.0388e-01   3.1339e+01   2.0060e+00   0.0000e+00   0.0000e+00   2.8269e+02
20221005_18:00:00   1.1531e-01   3.4249e+01   2.2746e+00   0.0000e+00   0.0000e+00   2.7893e+02
20221005_21:00:00   1.2223e-01   3.6066e+01   2.4145e+00   0.0000e+00   0.0000e+00   2.7824e+02
20221006_00:00:00   1.2319e-01   3.6422e+01   2.3960e+00   0.0000e+00   0.0000e+00   2.7684e+02
20221006_03:00:00   1.2094e-01   3.5929e+01   2.3381e+00   0.0000e+00   0.0000e+00   2.7755e+02
20221006_06:00:00   1.1477e-01   3.4425e+01   2.1991e+00   0.0000e+00   0.0000e+00   2.7580e+02
20221006_09:00:00   1.1468e-01   3.4395e+01   2.1868e+00   0.0000e+00   0.0000e+00   2.7761e+02
20221006_12:00:00   1.1227e-01   3.3807e+01   2.1336e+00   0.0000e+00   0.0000e+00   2.7671e+02
20221006_15:00:00   1.1481e-01   3.4507e+01   2.2026e+00   0.0000e+00   0.0000e+00   2.7647e+02
20221006_18:00:00   1.3209e-01   3.8820e+01   2.6030e+00   0.0000e+00   0.0000e+00   2.7550e+02
20221006_21:00:00   1.3318e-01   3.9127e+01   2.6199e+00   0.0000e+00   0.0000e+00   2.7748e+02
20221007_00:00:00   1.1465e-01   3.4542e+01   2.2171e+00   0.0000e+00   0.0000e+00   2.7722e+02
20221007_03:00:00   1.0419e-01   3.1950e+01   1.9852e+00   0.0000e+00   0.0000e+00   2.7609e+02
20221007_06:00:00   9.5017e-02   2.9646e+01   1.7768e+00   0.0000e+00   0.0000e+00   2.7455e+02
20221007_09:00:00   9.3909e-02   2.9315e+01   1.7529e+00   0.0000e+00   0.0000e+00   2.7366e+02
20221007_12:00:00   9.0258e-02   2.8350e+01   1.6867e+00   0.0000e+00   0.0000e+00   2.7343e+02
20221007_15:00:00   9.6475e-02   2.9964e+01   1.8295e+00   0.0000e+00   0.0000e+00   2.7443e+02
20221007_18:00:00   1.1627e-01   3.5024e+01   2.2678e+00   0.0000e+00   0.0000e+00   2.7436e+02
20221007_21:00:00   1.4323e-01   4.1581e+01   2.8586e+00   0.0000e+00   0.0000e+00   2.7057e+02
20221008_00:00:00   1.3616e-01   3.9800e+01   2.7085e+00   0.0000e+00   3.0660e-04   2.7181e+02
20221008_03:00:00   1.3398e-01   3.9247e+01   2.6631e+00   0.0000e+00   2.5766e-03   2.7248e+02
20221008_06:00:00   1.2963e-01   3.8092e+01   2.5702e+00   0.0000e+00   1.8098e-03   2.7247e+02
20221008_09:00:00   1.0321e-01   3.1429e+01   1.9962e+00   0.0000e+00   6.0128e-04   2.7313e+02
20221008_12:00:00   9.7101e-02   2.9871e+01   1.8614e+00   0.0000e+00   0.0000e+00   2.7092e+02
20221008_15:00:00   1.0381e-01   3.1549e+01   2.0150e+00   0.0000e+00   1.0034e-05   2.7071e+02
20221008_18:00:00   9.9747e-02   3.0587e+01   1.9302e+00   0.0000e+00   1.9974e-03   2.7004e+02
20221008_21:00:00   8.8717e-02   2.7806e+01   1.6782e+00   0.0000e+00   7.1035e-03   2.7004e+02
20221009_00:00:00   8.2200e-02   2.6150e+01   1.5093e+00   0.0000e+00   3.1420e-03   2.6908e+02
20221009_03:00:00   7.0173e-02   2.2975e+01   1.2471e+00   0.0000e+00   2.8718e-03   2.6860e+02
20221009_06:00:00   7.5087e-02   2.4038e+01   1.3879e+00   0.0000e+00   2.9618e-03   2.6913e+02
20221009_09:00:00   8.2605e-02   2.5654e+01   1.6227e+00   0.0000e+00   1.2966e-04   2.6956e+02
20221009_12:00:00   7.8095e-02   2.4687e+01   1.4788e+00   0.0000e+00   8.2140e-05   2.6934e+02
20221009_15:00:00   8.7048e-02   2.6952e+01   1.7021e+00   0.0000e+00   8.5420e-04   2.6704e+02
20221009_18:00:00   9.3403e-02   2.8699e+01   1.8387e+00   0.0000e+00   5.2560e-04   2.6688e+02
20221009_21:00:00   9.1262e-02   2.8357e+01   1.7614e+00   0.0000e+00   3.8620e-05   2.6923e+02
20221010_00:00:00   9.3882e-02   2.9195e+01   1.7771e+00   0.0000e+00   0.0000e+00   2.6995e+02
20221010_03:00:00   7.1223e-02   2.3381e+01   1.2897e+00   0.0000e+00   0.0000e+00   2.6889e+02
20221010_06:00:00   6.0268e-02   2.0462e+01   1.0540e+00   0.0000e+00   0.0000e+00   2.7170e+02
20221010_09:00:00   6.2941e-02   2.1165e+01   1.1018e+00   0.0000e+00   0.0000e+00   2.6917e+02
20221010_12:00:00   6.8172e-02   2.2437e+01   1.2441e+00   0.0000e+00   0.0000e+00   2.6647e+02
20221010_15:00:00   7.3184e-02   2.3746e+01   1.3798e+00   0.0000e+00   0.0000e+00   2.6856e+02
20221010_18:00:00   9.1007e-02   2.8422e+01   1.8074e+00   0.0000e+00   0.0000e+00   2.6770e+02
20221010_21:00:00   1.1791e-01   3.5249e+01   2.4236e+00   0.0000e+00   0.0000e+00   2.7009e+02
20221011_00:00:00   1.0373e-01   3.1611e+01   2.1247e+00   0.0000e+00   0.0000e+00   2.7001e+02
20221011_03:00:00   9.0898e-02   2.8026e+01   1.8938e+00   0.0000e+00   0.0000e+00   2.6916e+02
20221011_06:00:00   9.3826e-02   2.8672e+01   1.9653e+00   0.0000e+00   0.0000e+00   2.7081e+02
20221011_09:00:00   1.1433e-01   3.3525e+01   2.5006e+00   0.0000e+00   9.3480e-05   2.7173e+02
20221011_12:00:00   1.1671e-01   3.3812e+01   2.6075e+00   0.0000e+00   0.0000e+00   2.7037e+02
20221011_15:00:00   1.2231e-01   3.5219e+01   2.7425e+00   0.0000e+00   1.9266e-06   2.7126e+02
20221011_18:00:00   1.5635e-01   4.3325e+01   3.5911e+00   0.0000e+00   0.0000e+00   2.7111e+02
20221011_21:00:00   1.5544e-01   4.3163e+01   3.5869e+00   0.0000e+00   0.0000e+00   2.7031e+02
20221012_00:00:00   1.7433e-01   4.6996e+01   4.1086e+00   0.0000e+00   2.9680e-04   2.6973e+02
20221012_03:00:00   1.6194e-01   4.4443e+01   3.7467e+00   0.0000e+00   0.0000e+00   2.7048e+02
20221012_06:00:00   1.7084e-01   4.6409e+01   3.9387e+00   0.0000e+00   9.5720e-06   2.7292e+02
20221012_09:00:00   2.2960e-01   5.9779e+01   5.2516e+00   0.0000e+00   4.5736e-05   2.7245e+02
20221012_12:00:00   2.3848e-01   6.1510e+01   5.4713e+00   0.0000e+00   3.1691e-04   2.6971e+02
20221012_15:00:00   2.6310e-01   6.6685e+01   6.0481e+00   0.0000e+00   1.8488e-04   2.6942e+02
20221012_18:00:00   2.4278e-01   6.2610e+01   5.5845e+00   0.0000e+00   0.0000e+00   2.7050e+02
20221012_21:00:00   2.1618e-01   5.6701e+01   4.9909e+00   0.0000e+00   0.0000e+00   2.7052e+02
20221013_00:00:00   2.0145e-01   5.3271e+01   4.6819e+00   0.0000e+00   0.0000e+00   2.6908e+02
20221013_03:00:00   1.6247e-01   4.4386e+01   3.7593e+00   0.0000e+00   0.0000e+00   2.6642e+02
20221013_06:00:00   1.3638e-01   3.8298e+01   3.1082e+00   0.0000e+00   0.0000e+00   2.6696e+02
20221013_09:00:00   1.0762e-01   3.1920e+01   2.3251e+00   0.0000e+00   0.0000e+00   2.6824e+02
20221013_12:00:00   8.4016e-02   2.6601e+01   1.6420e+00   0.0000e+00   0.0000e+00   2.6855e+02
20221013_15:00:00   9.0694e-02   2.8589e+01   1.7395e+00   0.0000e+00   6.2820e-06   2.7023e+02
20221013_18:00:00   1.0544e-01   3.2488e+01   2.0576e+00   0.0000e+00   0.0000e+00   2.6918e+02
20221013_21:00:00   7.3655e-02   2.4198e+01   1.3683e+00   0.0000e+00   0.0000e+00   2.6884e+02
20221014_00:00:00   6.2612e-02   2.1284e+01   1.1142e+00   0.0000e+00   0.0000e+00   2.7026e+02
20221014_03:00:00   6.3252e-02   2.1503e+01   1.1171e+00   0.0000e+00   0.0000e+00   2.7053e+02
20221014_06:00:00   6.8696e-02   2.2913e+01   1.2348e+00   0.0000e+00   0.0000e+00   2.7292e+02
20221014_09:00:00   7.2688e-02   2.3940e+01   1.3213e+00   0.0000e+00   6.9440e-06   2.7120e+02
20221014_12:00:00   6.6002e-02   2.2234e+01   1.1516e+00   0.0000e+00   0.0000e+00   2.7252e+02
20221014_15:00:00   7.5910e-02   2.4914e+01   1.3622e+00   0.0000e+00   0.0000e+00   2.7249e+02
20221014_18:00:00   1.1118e-01   3.4000e+01   2.1470e+00   0.0000e+00   0.0000e+00   2.7216e+02
20221014_21:00:00   1.4405e-01   4.2005e+01   2.8752e+00   0.0000e+00   0.0000e+00   2.7259e+02
20221015_00:00:00   1.0002e-01   3.0973e+01   1.9453e+00   0.0000e+00   0.0000e+00   2.7280e+02
20221015_03:00:00   7.1738e-02   2.3579e+01   1.3340e+00   0.0000e+00   0.0000e+00   2.7198e+02
20221015_06:00:00   7.0909e-02   2.3277e+01   1.3214e+00   0.0000e+00   3.8540e-06   2.7263e+02
