#            date       tau255        Tb[K]      pwv[mm] lwp[kg*m^-2] iwp[kg*m^-2]       o3[DU]
20230828_00:00:00   8.3956e-02   2.6338e+01   1.7043e+00   0.0000e+00   1.2304e-04   2.9174e+02
20230828_01:00:00   8.9219e-02   2.7650e+01   1.8300e+00   0.0000e+00   9.5100e-05   2.9076e+02
20230828_02:00:00   1.0768e-01   3.2243e+01   2.2543e+00   0.0000e+00   1.4466e-04   2.8964e+02
20230828_03:00:00   1.4020e-01   4.0037e+01   2.9938e+00   0.0000e+00   0.0000e+00   2.8704e+02
20230828_04:00:00   1.6526e-01   4.5809e+01   3.5529e+00   0.0000e+00   1.6416e-05   2.8727e+02
20230828_05:00:00   1.8113e-01   4.9335e+01   3.9177e+00   0.0000e+00   2.1560e-05   2.8870e+02
20230828_06:00:00   1.9953e-01   5.3397e+01   4.3285e+00   0.0000e+00   4.4580e-05   2.9020e+02
20230828_07:00:00   2.1408e-01   5.6592e+01   4.6221e+00   0.0000e+00   3.4400e-05   2.9359e+02
20230828_08:00:00   2.2424e-01   5.8783e+01   4.8292e+00   0.0000e+00   9.8580e-05   2.9516e+02
20230828_09:00:00   2.4048e-01   6.2196e+01   5.1607e+00   0.0000e+00   4.1960e-05   2.9710e+02
20230828_10:00:00   2.4804e-01   6.3746e+01   5.3072e+00   0.0000e+00   2.2600e-05   2.9795e+02
20230828_11:00:00   2.5533e-01   6.5304e+01   5.4315e+00   0.0000e+00   3.9340e-05   2.9724e+02
20230828_12:00:00   2.5920e-01   6.6231e+01   5.4853e+00   0.0000e+00   3.0900e-06   2.9812e+02
20230828_13:00:00   2.6540e-01   6.7598e+01   5.6047e+00   0.0000e+00   0.0000e+00   2.9789e+02
20230828_14:00:00   2.7349e-01   6.9317e+01   5.7756e+00   0.0000e+00   0.0000e+00   2.9542e+02
20230828_15:00:00   2.7240e-01   6.9228e+01   5.7384e+00   0.0000e+00   0.0000e+00   2.9502e+02
20230828_16:00:00   2.7408e-01   6.9771e+01   5.7451e+00   0.0000e+00   0.0000e+00   2.9427e+02
20230828_17:00:00   2.7274e-01   6.9636e+01   5.6951e+00   0.0000e+00   0.0000e+00   2.9380e+02
20230828_18:00:00   2.7163e-01   6.9569e+01   5.6414e+00   0.0000e+00   0.0000e+00   2.9254e+02
20230828_19:00:00   2.7447e-01   7.0210e+01   5.6789e+00   0.0000e+00   0.0000e+00   2.9312e+02
20230828_20:00:00   2.8378e-01   7.2123e+01   5.8437e+00   0.0000e+00   0.0000e+00   2.9456e+02
20230828_21:00:00   2.9565e-01   7.4568e+01   6.0509e+00   0.0000e+00   0.0000e+00   2.9404e+02
20230828_22:00:00   3.0633e-01   7.6692e+01   6.2411e+00   0.0000e+00   0.0000e+00   2.9379e+02
20230828_23:00:00   3.0423e-01   7.6295e+01   6.1699e+00   0.0000e+00   0.0000e+00   2.9336e+02
20230829_00:00:00   2.8367e-01   7.2234e+01   5.7395e+00   0.0000e+00   1.3608e-04   2.9319e+02
20230829_01:00:00   2.5237e-01   6.5817e+01   5.0979e+00   0.0000e+00   5.0020e-05   2.9303e+02
20230829_02:00:00   2.2636e-01   6.0272e+01   4.5693e+00   0.0000e+00   5.1800e-06   2.9255e+02
20230829_03:00:00   2.0860e-01   5.6384e+01   4.2035e+00   0.0000e+00   1.0034e-05   2.9190e+02
20230829_04:00:00   1.9156e-01   5.2593e+01   3.8502e+00   0.0000e+00   0.0000e+00   2.9108e+02
20230829_05:00:00   1.8001e-01   4.9970e+01   3.6161e+00   0.0000e+00   0.0000e+00   2.8991e+02
20230829_06:00:00   1.7127e-01   4.7924e+01   3.4459e+00   0.0000e+00   0.0000e+00   2.8862e+02
20230829_07:00:00   1.6392e-01   4.6178e+01   3.3095e+00   0.0000e+00   0.0000e+00   2.8646e+02
20230829_08:00:00   1.6053e-01   4.5361e+01   3.2416e+00   0.0000e+00   0.0000e+00   2.8560e+02
20230829_09:00:00   1.5792e-01   4.4731e+01   3.1874e+00   0.0000e+00   0.0000e+00   2.8678e+02
20230829_10:00:00   1.5629e-01   4.4286e+01   3.1682e+00   0.0000e+00   0.0000e+00   2.8804e+02
20230829_11:00:00   1.5415e-01   4.3723e+01   3.1411e+00   0.0000e+00   0.0000e+00   2.8616e+02
20230829_12:00:00   1.5637e-01   4.4190e+01   3.2053e+00   0.0000e+00   0.0000e+00   2.8543e+02
20230829_13:00:00   1.5752e-01   4.4424e+01   3.2463e+00   0.0000e+00   0.0000e+00   2.8543e+02
20230829_14:00:00   1.6272e-01   4.5622e+01   3.3753e+00   0.0000e+00   0.0000e+00   2.8618e+02
20230829_15:00:00   1.6338e-01   4.5743e+01   3.4177e+00   0.0000e+00   0.0000e+00   2.8607e+02
20230829_16:00:00   1.6455e-01   4.6006e+01   3.4738e+00   0.0000e+00   0.0000e+00   2.8605e+02
20230829_17:00:00   1.6712e-01   4.6573e+01   3.5509e+00   0.0000e+00   0.0000e+00   2.8564e+02
20230829_18:00:00   1.6579e-01   4.6271e+01   3.5318e+00   0.0000e+00   0.0000e+00   2.8394e+02
20230829_19:00:00   1.6460e-01   4.5940e+01   3.5172e+00   0.0000e+00   0.0000e+00   2.8412e+02
20230829_20:00:00   1.6054e-01   4.4921e+01   3.4432e+00   0.0000e+00   0.0000e+00   2.8407e+02
20230829_21:00:00   1.4929e-01   4.2194e+01   3.2148e+00   0.0000e+00   0.0000e+00   2.8258e+02
20230829_22:00:00   1.3448e-01   3.8626e+01   2.8957e+00   0.0000e+00   0.0000e+00   2.8255e+02
20230829_23:00:00   1.2649e-01   3.6614e+01   2.7343e+00   0.0000e+00   0.0000e+00   2.8407e+02
20230830_00:00:00   1.2090e-01   3.5183e+01   2.6187e+00   0.0000e+00   0.0000e+00   2.8440e+02
20230830_01:00:00   1.1872e-01   3.4595e+01   2.5728e+00   0.0000e+00   0.0000e+00   2.8365e+02
20230830_02:00:00   1.2089e-01   3.5060e+01   2.6402e+00   0.0000e+00   0.0000e+00   2.8339e+02
20230830_03:00:00   1.2404e-01   3.5734e+01   2.7272e+00   0.0000e+00   0.0000e+00   2.8258e+02
20230830_04:00:00   1.2398e-01   3.5632e+01   2.7408e+00   0.0000e+00   0.0000e+00   2.8164e+02
20230830_05:00:00   1.1997e-01   3.4611e+01   2.6567e+00   0.0000e+00   3.9780e-06   2.8279e+02
20230830_06:00:00   1.1912e-01   3.4387e+01   2.6360e+00   0.0000e+00   0.0000e+00   2.8342e+02
20230830_07:00:00   1.2037e-01   3.4675e+01   2.6701e+00   0.0000e+00   0.0000e+00   2.8292e+02
20230830_08:00:00   1.1839e-01   3.4228e+01   2.6177e+00   0.0000e+00   3.8540e-06   2.8378e+02
20230830_09:00:00   1.1477e-01   3.3365e+01   2.5251e+00   0.0000e+00   0.0000e+00   2.8625e+02
20230830_10:00:00   1.1333e-01   3.2995e+01   2.4947e+00   0.0000e+00   0.0000e+00   2.8735e+02
20230830_11:00:00   1.1211e-01   3.2705e+01   2.4586e+00   0.0000e+00   1.8318e-05   2.8825e+02
20230830_12:00:00   1.1176e-01   3.2654e+01   2.4418e+00   0.0000e+00   2.3120e-05   2.8900e+02
20230830_13:00:00   1.1309e-01   3.2989e+01   2.4702e+00   0.0000e+00   5.1280e-04   2.8883e+02
20230830_14:00:00   1.1403e-01   3.3277e+01   2.4827e+00   0.0000e+00   1.4794e-04   2.8926e+02
20230830_15:00:00   1.1968e-01   3.4716e+01   2.6059e+00   0.0000e+00   1.0034e-05   2.8978e+02
20230830_16:00:00   1.2477e-01   3.6034e+01   2.7130e+00   0.0000e+00   0.0000e+00   2.8925e+02
20230830_17:00:00   1.3181e-01   3.7827e+01   2.8691e+00   0.0000e+00   0.0000e+00   2.8829e+02
20230830_18:00:00   1.4104e-01   4.0176e+01   3.0547e+00   0.0000e+00   0.0000e+00   2.9001e+02
20230830_19:00:00   1.5051e-01   4.2544e+01   3.2508e+00   0.0000e+00   0.0000e+00   2.9150e+02
20230830_20:00:00   1.5896e-01   4.4637e+01   3.4127e+00   0.0000e+00   0.0000e+00   2.9201e+02
20230830_21:00:00   1.6568e-01   4.6263e+01   3.5364e+00   0.0000e+00   0.0000e+00   2.9304e+02
20230830_22:00:00   1.7065e-01   4.7432e+01   3.6395e+00   0.0000e+00   0.0000e+00   2.9473e+02
20230830_23:00:00   1.7040e-01   4.7411e+01   3.6192e+00   0.0000e+00   2.0400e-05   2.9604e+02
20230831_00:00:00   1.6702e-01   4.6671e+01   3.5416e+00   0.0000e+00   0.0000e+00   2.9540e+02
20230831_01:00:00   1.6140e-01   4.5371e+01   3.4313e+00   0.0000e+00   0.0000e+00   2.9474e+02
20230831_02:00:00   1.5594e-01   4.4084e+01   3.3159e+00   0.0000e+00   0.0000e+00   2.9428e+02
20230831_03:00:00   1.5150e-01   4.3012e+01   3.2250e+00   0.0000e+00   0.0000e+00   2.9295e+02
20230831_04:00:00   1.4128e-01   4.0570e+01   3.0039e+00   0.0000e+00   0.0000e+00   2.9177e+02
20230831_05:00:00   1.3154e-01   3.8173e+01   2.7968e+00   0.0000e+00   0.0000e+00   2.9082e+02
20230831_06:00:00   1.2471e-01   3.6439e+01   2.6488e+00   0.0000e+00   0.0000e+00   2.9130e+02
20230831_07:00:00   1.2123e-01   3.5527e+01   2.5751e+00   0.0000e+00   0.0000e+00   2.9164e+02
20230831_08:00:00   1.2133e-01   3.5448e+01   2.5835e+00   0.0000e+00   0.0000e+00   2.9276e+02
20230831_09:00:00   1.2303e-01   3.5794e+01   2.6268e+00   0.0000e+00   0.0000e+00   2.9408e+02
20230831_10:00:00   1.2443e-01   3.6097e+01   2.6605e+00   0.0000e+00   0.0000e+00   2.9385e+02
20230831_11:00:00   1.2672e-01   3.6630e+01   2.7109e+00   0.0000e+00   0.0000e+00   2.9400e+02
20230831_12:00:00   1.2853e-01   3.7085e+01   2.7480e+00   0.0000e+00   0.0000e+00   2.9559e+02
20230831_13:00:00   1.3028e-01   3.7508e+01   2.7830e+00   0.0000e+00   0.0000e+00   2.9757e+02
20230831_14:00:00   1.3318e-01   3.8162e+01   2.8554e+00   0.0000e+00   0.0000e+00   2.9809e+02
20230831_15:00:00   1.3678e-01   3.9012e+01   2.9375e+00   0.0000e+00   0.0000e+00   2.9850e+02
20230831_16:00:00   1.4215e-01   4.0230e+01   3.0664e+00   0.0000e+00   0.0000e+00   2.9987e+02
20230831_17:00:00   1.5005e-01   4.2133e+01   3.2453e+00   0.0000e+00   0.0000e+00   3.0014e+02
20230831_18:00:00   1.6139e-01   4.4852e+01   3.4859e+00   0.0000e+00   0.0000e+00   3.0093e+02
20230831_19:00:00   1.7363e-01   4.7684e+01   3.7523e+00   0.0000e+00   0.0000e+00   3.0123e+02
20230831_20:00:00   1.8226e-01   4.9663e+01   3.9358e+00   0.0000e+00   0.0000e+00   3.0054e+02
20230831_21:00:00   1.8890e-01   5.1178e+01   4.0676e+00   0.0000e+00   0.0000e+00   2.9959e+02
20230831_22:00:00   1.9994e-01   5.3602e+01   4.3058e+00   0.0000e+00   0.0000e+00   2.9914e+02
20230831_23:00:00   2.0581e-01   5.4995e+01   4.3893e+00   0.0000e+00   0.0000e+00   2.9964e+02
20230901_00:00:00   2.0967e-01   5.5833e+01   4.4549e+00   0.0000e+00   0.0000e+00   2.9934e+02
20230901_01:00:00   2.1028e-01   5.5968e+01   4.4558e+00   0.0000e+00   0.0000e+00   3.0102e+02
20230901_02:00:00   2.0201e-01   5.4210e+01   4.2479e+00   0.0000e+00   0.0000e+00   3.0188e+02
20230901_03:00:00   1.9075e-01   5.1661e+01   3.9940e+00   0.0000e+00   0.0000e+00   3.0231e+02
20230901_04:00:00   1.7662e-01   4.8540e+01   3.6700e+00   0.0000e+00   0.0000e+00   3.0350e+02
20230901_05:00:00   1.6386e-01   4.5747e+01   3.3708e+00   0.0000e+00   0.0000e+00   3.0386e+02
20230901_06:00:00   1.5389e-01   4.3465e+01   3.1548e+00   0.0000e+00   0.0000e+00   3.0140e+02
20230901_07:00:00   1.4748e-01   4.1937e+01   3.0223e+00   0.0000e+00   0.0000e+00   3.0201e+02
20230901_08:00:00   1.3904e-01   3.9924e+01   2.8332e+00   0.0000e+00   0.0000e+00   3.0173e+02
20230901_09:00:00   1.3338e-01   3.8544e+01   2.7238e+00   0.0000e+00   0.0000e+00   3.0222e+02
20230901_10:00:00   1.3425e-01   3.8633e+01   2.7834e+00   0.0000e+00   0.0000e+00   3.0085e+02
20230901_11:00:00   1.3898e-01   3.9648e+01   2.9163e+00   0.0000e+00   0.0000e+00   2.9941e+02
20230901_12:00:00   1.4359e-01   4.0637e+01   3.0455e+00   0.0000e+00   0.0000e+00   2.9985e+02
20230901_13:00:00   1.4297e-01   4.0525e+01   3.0294e+00   0.0000e+00   0.0000e+00   3.0210e+02
20230901_14:00:00   1.4278e-01   4.0582e+01   3.0054e+00   0.0000e+00   0.0000e+00   3.0359e+02
20230901_15:00:00   1.4724e-01   4.1729e+01   3.0917e+00   0.0000e+00   0.0000e+00   3.0438e+02
20230901_16:00:00   1.5333e-01   4.3257e+01   3.2094e+00   0.0000e+00   0.0000e+00   3.0385e+02
20230901_17:00:00   1.5834e-01   4.4496e+01   3.3029e+00   0.0000e+00   0.0000e+00   3.0347e+02
20230901_18:00:00   1.6149e-01   4.5293e+01   3.3539e+00   0.0000e+00   0.0000e+00   3.0455e+02
20230901_19:00:00   1.5412e-01   4.3600e+01   3.2025e+00   0.0000e+00   0.0000e+00   3.0335e+02
20230901_20:00:00   1.4748e-01   4.2022e+01   3.0772e+00   0.0000e+00   0.0000e+00   3.0327e+02
20230901_21:00:00   1.4956e-01   4.2501e+01   3.1282e+00   0.0000e+00   0.0000e+00   3.0305e+02
20230901_22:00:00   1.4994e-01   4.2598e+01   3.1225e+00   0.0000e+00   0.0000e+00   3.0288e+02
20230901_23:00:00   1.4736e-01   4.2004e+01   3.0490e+00   0.0000e+00   0.0000e+00   3.0246e+02
20230902_00:00:00   1.4194e-01   4.0663e+01   2.9426e+00   0.0000e+00   0.0000e+00   3.0355e+02
20230902_03:00:00   1.4007e-01   4.0243e+01   2.8832e+00   0.0000e+00   0.0000e+00   3.0071e+02
20230902_06:00:00   1.3937e-01   4.0005e+01   2.8706e+00   0.0000e+00   0.0000e+00   3.0041e+02
20230902_09:00:00   1.2870e-01   3.7173e+01   2.7002e+00   0.0000e+00   0.0000e+00   3.0055e+02
20230902_12:00:00   1.2243e-01   3.5530e+01   2.5842e+00   0.0000e+00   0.0000e+00   3.0317e+02
20230902_15:00:00   1.6262e-01   4.4817e+01   3.5069e+00   0.0000e+00   0.0000e+00   3.0199e+02
20230902_18:00:00   1.8614e-01   5.0034e+01   4.0541e+00   0.0000e+00   0.0000e+00   3.0323e+02
20230902_21:00:00   1.9575e-01   5.2159e+01   4.2454e+00   0.0000e+00   4.6518e-04   3.0163e+02
20230903_00:00:00   1.8981e-01   5.0879e+01   4.1045e+00   0.0000e+00   8.7140e-05   3.0026e+02
20230903_03:00:00   1.8119e-01   4.9057e+01   3.9017e+00   0.0000e+00   1.9083e-03   2.9861e+02
20230903_06:00:00   1.8509e-01   4.9790e+01   3.9729e+00   0.0000e+00   2.6900e-05   2.9870e+02
20230903_09:00:00   1.8339e-01   4.9395e+01   3.8908e+00   0.0000e+00   0.0000e+00   3.0298e+02
20230903_12:00:00   1.9463e-01   5.1755e+01   4.1525e+00   0.0000e+00   7.5762e-05   3.0291e+02
20230903_15:00:00   1.8570e-01   4.9896e+01   3.9459e+00   0.0000e+00   1.4826e-03   3.0127e+02
20230903_18:00:00   2.0702e-01   5.4454e+01   4.4447e+00   0.0000e+00   8.1240e-04   3.0509e+02
20230903_21:00:00   2.1276e-01   5.5953e+01   4.4887e+00   0.0000e+00   4.4953e-03   3.0888e+02
20230904_00:00:00   1.7400e-01   4.7628e+01   3.5975e+00   0.0000e+00   7.7060e-06   3.1078e+02
20230904_03:00:00   1.5911e-01   4.4265e+01   3.2814e+00   0.0000e+00   0.0000e+00   3.0716e+02
20230904_06:00:00   1.5258e-01   4.2613e+01   3.1929e+00   0.0000e+00   0.0000e+00   3.0615e+02
20230904_09:00:00   1.5087e-01   4.2171e+01   3.1936e+00   0.0000e+00   0.0000e+00   3.0796e+02
20230904_12:00:00   1.4996e-01   4.2124e+01   3.1491e+00   0.0000e+00   0.0000e+00   3.0364e+02
20230904_15:00:00   1.5621e-01   4.3604e+01   3.2925e+00   0.0000e+00   0.0000e+00   3.0248e+02
20230904_18:00:00   1.7165e-01   4.7308e+01   3.6685e+00   0.0000e+00   0.0000e+00   3.0250e+02
20230904_21:00:00   1.7896e-01   4.9164e+01   3.8271e+00   0.0000e+00   0.0000e+00   2.9933e+02
20230905_00:00:00   1.7444e-01   4.8151e+01   3.7433e+00   0.0000e+00   0.0000e+00   2.9580e+02
20230905_03:00:00   1.8506e-01   5.0198e+01   4.1071e+00   0.0000e+00   0.0000e+00   2.9503e+02
20230905_06:00:00   1.8469e-01   5.0005e+01   4.1347e+00   0.0000e+00   1.3914e-04   2.9583e+02
20230905_09:00:00   1.7058e-01   4.6934e+01   3.7600e+00   0.0000e+00   7.5580e-05   2.9663e+02
20230905_12:00:00   1.7785e-01   4.8477e+01   3.9571e+00   0.0000e+00   2.2810e-03   2.9264e+02
20230905_15:00:00   1.6955e-01   4.6825e+01   3.7217e+00   0.0000e+00   5.8216e-04   2.9163e+02
20230905_18:00:00   1.7117e-01   4.7476e+01   3.7192e+00   0.0000e+00   4.0115e-03   2.8889e+02
20230905_21:00:00   1.8058e-01   4.9900e+01   3.8190e+00   0.0000e+00   1.6978e-05   2.8843e+02
20230906_00:00:00   1.7820e-01   4.9452e+01   3.7177e+00   0.0000e+00   0.0000e+00   2.8736e+02
20230906_03:00:00   1.5070e-01   4.3065e+01   3.1136e+00   0.0000e+00   0.0000e+00   2.8704e+02
20230906_06:00:00   1.3759e-01   3.9922e+01   2.8247e+00   0.0000e+00   0.0000e+00   2.8835e+02
20230906_09:00:00   1.3369e-01   3.8888e+01   2.7380e+00   0.0000e+00   0.0000e+00   2.8969e+02
20230906_12:00:00   1.2929e-01   3.7760e+01   2.6433e+00   0.0000e+00   0.0000e+00   2.8704e+02
20230906_15:00:00   1.2799e-01   3.7313e+01   2.6568e+00   0.0000e+00   0.0000e+00   2.8489e+02
20230906_18:00:00   1.3084e-01   3.8183e+01   2.6662e+00   0.0000e+00   0.0000e+00   2.8362e+02
20230906_21:00:00   1.2129e-01   3.5704e+01   2.4939e+00   0.0000e+00   0.0000e+00   2.8550e+02
20230907_00:00:00   1.1940e-01   3.4969e+01   2.5101e+00   0.0000e+00   0.0000e+00   2.8741e+02
20230907_03:00:00   1.3264e-01   3.8221e+01   2.7718e+00   0.0000e+00   0.0000e+00   2.9134e+02
20230907_06:00:00   1.3126e-01   3.8072e+01   2.6311e+00   0.0000e+00   0.0000e+00   2.9251e+02
20230907_09:00:00   1.4079e-01   4.0350e+01   2.7590e+00   0.0000e+00   0.0000e+00   2.9361e+02
20230907_12:00:00   1.1583e-01   3.4266e+01   2.2340e+00   0.0000e+00   0.0000e+00   2.9343e+02
20230907_15:00:00   1.0184e-01   3.0844e+01   1.9662e+00   0.0000e+00   0.0000e+00   2.9355e+02
20230907_18:00:00   9.7986e-02   2.9999e+01   1.8986e+00   0.0000e+00   0.0000e+00   2.9225e+02
20230907_21:00:00   8.1980e-02   2.5944e+01   1.5680e+00   0.0000e+00   0.0000e+00   2.9221e+02
20230908_00:00:00   7.9572e-02   2.5407e+01   1.4974e+00   0.0000e+00   0.0000e+00   2.8984e+02
20230908_03:00:00   6.4723e-02   2.1572e+01   1.1677e+00   0.0000e+00   0.0000e+00   2.8773e+02
20230908_06:00:00   6.8516e-02   2.2609e+01   1.2294e+00   0.0000e+00   0.0000e+00   2.8907e+02
20230908_09:00:00   7.9738e-02   2.5493e+01   1.4619e+00   0.0000e+00   0.0000e+00   2.9277e+02
20230908_12:00:00   8.1675e-02   2.5972e+01   1.5109e+00   0.0000e+00   0.0000e+00   2.9100e+02
20230908_15:00:00   9.5813e-02   2.9538e+01   1.8401e+00   0.0000e+00   0.0000e+00   2.9141e+02
20230908_18:00:00   1.1335e-01   3.3829e+01   2.2759e+00   0.0000e+00   0.0000e+00   2.9052e+02
20230908_21:00:00   9.7523e-02   2.9775e+01   1.9496e+00   0.0000e+00   0.0000e+00   2.9187e+02
20230909_00:00:00   8.3238e-02   2.6130e+01   1.6267e+00   0.0000e+00   0.0000e+00   2.9514e+02
20230909_03:00:00   9.8555e-02   3.0147e+01   1.9478e+00   0.0000e+00   0.0000e+00   2.9769e+02
20230909_06:00:00   1.1554e-01   3.4379e+01   2.3176e+00   0.0000e+00   0.0000e+00   2.9765e+02
20230909_09:00:00   1.3503e-01   3.9092e+01   2.7440e+00   0.0000e+00   0.0000e+00   2.9398e+02
20230909_12:00:00   1.2049e-01   3.5446e+01   2.4473e+00   0.0000e+00   0.0000e+00   2.9489e+02
20230909_15:00:00   1.2739e-01   3.7104e+01   2.6082e+00   0.0000e+00   0.0000e+00   2.9727e+02
20230909_18:00:00   1.3401e-01   3.8733e+01   2.7752e+00   0.0000e+00   1.0404e-04   2.9517e+02
20230909_21:00:00   1.1475e-01   3.3886e+01   2.3954e+00   0.0000e+00   1.2822e-02   2.9283e+02
20230910_00:00:00   1.0085e-01   3.0501e+01   2.0650e+00   0.0000e+00   1.9951e-03   2.9197e+02
20230910_03:00:00   9.9713e-02   3.0339e+01   2.0199e+00   0.0000e+00   1.6409e-03   2.9301e+02
20230910_06:00:00   1.4680e-01   4.1677e+01   3.0445e+00   0.0000e+00   1.0039e-01   2.9166e+02
20230910_09:00:00   2.6984e-01   6.9024e+01   5.6629e+00   0.0000e+00   4.2918e-02   2.8922e+02
20230910_12:00:00   3.1804e-01   7.8755e+01   6.6704e+00   0.0000e+00   5.3761e-02   2.8882e+02
20230910_15:00:00   3.8164e-01   9.0894e+01   7.9258e+00   0.0000e+00   1.4689e-01   2.8929e+02
20230910_18:00:00   4.2954e-01   9.9613e+01   8.9657e+00   0.0000e+00   4.0519e-02   2.8467e+02
20230910_21:00:00   4.6459e-01   1.0525e+02   9.8071e+00   0.0000e+00   5.1545e-02   2.8479e+02
20230911_00:00:00   4.6544e-01   1.0528e+02   9.8047e+00   0.0000e+00   1.5412e-02   2.8527e+02
20230911_03:00:00   4.4631e-01   1.0267e+02   9.1590e+00   0.0000e+00   5.3480e-04   2.8997e+02
20230911_06:00:00   5.3679e-01   1.1697e+02   1.1022e+01   0.0000e+00   1.2710e-02   2.9146e+02
20230911_09:00:00   5.7170e-01   1.2184e+02   1.1638e+01   3.0820e-05   2.3402e-01   2.9207e+02
20230911_12:00:00   5.7586e-01   1.2214e+02   1.1665e+01   2.8960e-05   2.6273e-01   2.9924e+02
20230911_15:00:00   5.6793e-01   1.2118e+02   1.0608e+01   1.6014e-02   2.0263e-01   3.0174e+02
20230911_18:00:00   5.8478e-01   1.2404e+02   1.1003e+01   9.4470e-03   7.1280e-02   3.0227e+02
20230911_21:00:00   5.0724e-01   1.1285e+02   9.7462e+00   0.0000e+00   2.8874e-02   3.0780e+02
20230912_00:00:00   3.0543e-01   7.6903e+01   5.8226e+00   0.0000e+00   0.0000e+00   3.0877e+02
20230912_03:00:00   2.8726e-01   7.2508e+01   5.7163e+00   0.0000e+00   0.0000e+00   3.0550e+02
20230912_06:00:00   3.1377e-01   7.7871e+01   6.2067e+00   0.0000e+00   0.0000e+00   3.0049e+02
20230912_09:00:00   2.3946e-01   6.2744e+01   4.7796e+00   0.0000e+00   0.0000e+00   2.9564e+02
20230912_12:00:00   1.8170e-01   5.0140e+01   3.6471e+00   0.0000e+00   0.0000e+00   2.9304e+02
20230912_15:00:00   2.0949e-01   5.6418e+01   4.3329e+00   0.0000e+00   0.0000e+00   2.9220e+02
20230912_18:00:00   2.8943e-01   7.3813e+01   5.9731e+00   0.0000e+00   0.0000e+00   2.8825e+02
20230912_21:00:00   2.6510e-01   6.8968e+01   5.5712e+00   0.0000e+00   0.0000e+00   2.8603e+02
20230913_00:00:00   2.3579e-01   6.2773e+01   4.9131e+00   0.0000e+00   0.0000e+00   2.8734e+02
