#            date       tau255        Tb[K]      pwv[mm] lwp[kg*m^-2] iwp[kg*m^-2]       o3[DU]
20230518_06:00:00   1.1026e-01   3.3151e+01   2.1793e+00   0.0000e+00   0.0000e+00   2.6505e+02
20230518_07:00:00   1.1369e-01   3.3926e+01   2.2709e+00   0.0000e+00   0.0000e+00   2.6566e+02
20230518_08:00:00   1.1935e-01   3.5288e+01   2.3924e+00   0.0000e+00   0.0000e+00   2.6659e+02
20230518_09:00:00   1.1762e-01   3.4865e+01   2.3577e+00   0.0000e+00   0.0000e+00   2.6759e+02
20230518_10:00:00   1.2154e-01   3.5785e+01   2.4515e+00   0.0000e+00   0.0000e+00   2.6854e+02
20230518_11:00:00   1.1747e-01   3.4795e+01   2.3673e+00   0.0000e+00   0.0000e+00   2.6717e+02
20230518_12:00:00   1.1511e-01   3.4209e+01   2.3208e+00   0.0000e+00   0.0000e+00   2.6613e+02
20230518_13:00:00   1.1354e-01   3.3834e+01   2.2867e+00   0.0000e+00   0.0000e+00   2.6573e+02
20230518_14:00:00   1.1780e-01   3.4898e+01   2.3769e+00   0.0000e+00   0.0000e+00   2.6516e+02
20230518_15:00:00   1.2206e-01   3.5954e+01   2.4752e+00   0.0000e+00   0.0000e+00   2.6491e+02
20230518_16:00:00   1.2582e-01   3.6884e+01   2.5661e+00   0.0000e+00   0.0000e+00   2.6447e+02
20230518_17:00:00   1.2841e-01   3.7447e+01   2.6442e+00   0.0000e+00   0.0000e+00   2.6370e+02
20230518_18:00:00   1.1899e-01   3.5109e+01   2.4614e+00   0.0000e+00   0.0000e+00   2.6330e+02
20230518_19:00:00   1.1283e-01   3.3589e+01   2.3306e+00   0.0000e+00   6.2202e-05   2.6256e+02
20230518_20:00:00   1.0654e-01   3.2007e+01   2.1949e+00   0.0000e+00   4.9118e-04   2.6221e+02
20230518_21:00:00   1.0118e-01   3.0623e+01   2.0829e+00   0.0000e+00   5.8224e-04   2.6168e+02
20230518_22:00:00   9.2076e-02   2.8319e+01   1.8774e+00   0.0000e+00   3.8526e-04   2.6133e+02
20230518_23:00:00   8.8005e-02   2.7284e+01   1.7805e+00   0.0000e+00   1.7500e-03   2.6199e+02
20230519_00:00:00   8.3940e-02   2.6323e+01   1.6653e+00   0.0000e+00   3.2121e-03   2.6468e+02
20230519_01:00:00   8.2221e-02   2.5928e+01   1.6116e+00   0.0000e+00   1.1486e-03   2.6593e+02
20230519_02:00:00   7.8732e-02   2.5049e+01   1.5249e+00   0.0000e+00   9.6540e-04   2.6603e+02
20230519_03:00:00   7.5018e-02   2.4101e+01   1.4420e+00   0.0000e+00   0.0000e+00   2.6631e+02
20230519_04:00:00   7.2244e-02   2.3463e+01   1.3625e+00   0.0000e+00   0.0000e+00   2.6669e+02
20230519_05:00:00   7.0390e-02   2.2991e+01   1.3176e+00   0.0000e+00   0.0000e+00   2.6894e+02
20230519_06:00:00   6.5834e-02   2.1891e+01   1.1954e+00   0.0000e+00   0.0000e+00   2.7138e+02
20230519_07:00:00   6.3692e-02   2.1350e+01   1.1396e+00   0.0000e+00   0.0000e+00   2.7152e+02
20230519_08:00:00   6.3132e-02   2.1199e+01   1.1239e+00   0.0000e+00   0.0000e+00   2.7214e+02
20230519_09:00:00   6.2561e-02   2.1040e+01   1.1110e+00   0.0000e+00   0.0000e+00   2.7277e+02
20230519_10:00:00   6.2312e-02   2.0952e+01   1.1083e+00   0.0000e+00   0.0000e+00   2.7263e+02
20230519_11:00:00   6.2267e-02   2.0917e+01   1.1139e+00   0.0000e+00   0.0000e+00   2.7168e+02
20230519_12:00:00   6.5492e-02   2.1688e+01   1.2043e+00   0.0000e+00   0.0000e+00   2.7081e+02
20230519_13:00:00   7.0136e-02   2.2800e+01   1.3326e+00   0.0000e+00   0.0000e+00   2.7015e+02
20230519_14:00:00   7.4061e-02   2.3717e+01   1.4452e+00   0.0000e+00   0.0000e+00   2.7017e+02
20230519_15:00:00   7.9652e-02   2.5116e+01   1.5829e+00   0.0000e+00   0.0000e+00   2.7007e+02
20230519_16:00:00   8.8636e-02   2.7313e+01   1.8102e+00   0.0000e+00   2.9577e-03   2.6965e+02
20230519_17:00:00   9.3733e-02   2.8558e+01   1.9336e+00   0.0000e+00   1.0168e-02   2.6935e+02
20230519_18:00:00   9.6220e-02   2.9167e+01   1.9843e+00   0.0000e+00   2.5724e-02   2.6814e+02
20230519_19:00:00   9.1472e-02   2.8035e+01   1.8606e+00   0.0000e+00   3.3343e-02   2.6917e+02
20230519_20:00:00   8.9113e-02   2.7423e+01   1.8148e+00   0.0000e+00   2.5218e-02   2.7030e+02
20230519_21:00:00   8.7113e-02   2.6909e+01   1.7687e+00   0.0000e+00   2.0101e-02   2.7026e+02
20230519_22:00:00   8.5702e-02   2.6490e+01   1.7431e+00   0.0000e+00   2.6517e-02   2.6961e+02
20230519_23:00:00   8.8644e-02   2.7101e+01   1.8263e+00   0.0000e+00   3.9095e-02   2.7020e+02
20230520_00:00:00   8.9916e-02   2.7335e+01   1.8575e+00   0.0000e+00   5.6813e-02   2.6999e+02
20230520_01:00:00   8.9562e-02   2.7194e+01   1.8612e+00   0.0000e+00   4.6974e-02   2.7095e+02
20230520_02:00:00   9.1030e-02   2.7501e+01   1.9086e+00   0.0000e+00   4.1980e-02   2.7096e+02
20230520_03:00:00   9.1549e-02   2.7633e+01   1.9118e+00   0.0000e+00   5.8716e-02   2.6867e+02
20230520_04:00:00   8.7552e-02   2.6739e+01   1.8077e+00   0.0000e+00   4.5741e-02   2.6858e+02
20230520_05:00:00   8.5755e-02   2.6351e+01   1.7587e+00   0.0000e+00   3.6932e-02   2.6828e+02
20230520_06:00:00   9.1190e-02   2.7656e+01   1.8843e+00   0.0000e+00   4.5571e-02   2.6958e+02
20230520_07:00:00   9.5290e-02   2.8666e+01   1.9806e+00   0.0000e+00   3.8248e-02   2.7062e+02
20230520_08:00:00   1.0075e-01   2.9987e+01   2.0998e+00   0.0000e+00   4.8014e-02   2.7111e+02
20230520_09:00:00   1.0727e-01   3.1603e+01   2.2240e+00   0.0000e+00   6.0601e-02   2.7096e+02
20230520_10:00:00   1.1402e-01   3.3195e+01   2.3642e+00   0.0000e+00   7.6830e-02   2.7084e+02
20230520_11:00:00   1.1714e-01   3.3968e+01   2.4173e+00   0.0000e+00   7.1359e-02   2.7202e+02
20230520_12:00:00   1.2023e-01   3.4730e+01   2.4758e+00   0.0000e+00   6.5199e-02   2.7442e+02
20230520_13:00:00   1.1849e-01   3.4339e+01   2.4318e+00   0.0000e+00   4.7922e-02   2.7617e+02
20230520_14:00:00   1.0775e-01   3.1843e+01   2.1797e+00   0.0000e+00   2.3061e-02   2.7737e+02
20230520_15:00:00   1.0005e-01   3.0263e+01   1.9531e+00   0.0000e+00   4.5120e-04   2.7686e+02
20230520_16:00:00   1.0376e-01   3.1163e+01   2.0361e+00   0.0000e+00   1.6232e-04   2.7675e+02
20230520_17:00:00   1.0506e-01   3.1452e+01   2.0738e+00   0.0000e+00   0.0000e+00   2.7476e+02
20230520_18:00:00   1.0393e-01   3.1108e+01   2.0668e+00   0.0000e+00   0.0000e+00   2.7446e+02
20230520_19:00:00   9.3926e-02   2.8743e+01   1.8233e+00   0.0000e+00   0.0000e+00   2.7363e+02
20230520_20:00:00   8.2901e-02   2.6139e+01   1.5367e+00   0.0000e+00   0.0000e+00   2.7290e+02
20230520_21:00:00   7.4045e-02   2.3851e+01   1.3467e+00   0.0000e+00   0.0000e+00   2.7252e+02
20230520_22:00:00   6.7583e-02   2.2143e+01   1.2128e+00   0.0000e+00   0.0000e+00   2.7304e+02
20230520_23:00:00   6.5489e-02   2.1576e+01   1.1699e+00   0.0000e+00   0.0000e+00   2.7383e+02
20230521_00:00:00   6.4022e-02   2.1206e+01   1.1335e+00   0.0000e+00   0.0000e+00   2.7336e+02
20230521_01:00:00   6.0290e-02   2.0316e+01   1.0332e+00   0.0000e+00   0.0000e+00   2.7407e+02
20230521_02:00:00   5.7563e-02   1.9637e+01   9.6533e-01   0.0000e+00   0.0000e+00   2.7446e+02
20230521_03:00:00   5.5424e-02   1.9120e+01   9.0689e-01   0.0000e+00   0.0000e+00   2.7407e+02
20230521_04:00:00   5.4815e-02   1.8951e+01   8.9326e-01   0.0000e+00   0.0000e+00   2.7485e+02
20230521_05:00:00   5.5714e-02   1.9121e+01   9.2891e-01   0.0000e+00   0.0000e+00   2.7682e+02
20230521_06:00:00   5.5573e-02   1.9069e+01   9.3042e-01   0.0000e+00   0.0000e+00   2.7772e+02
20230521_07:00:00   5.7739e-02   1.9618e+01   9.8722e-01   0.0000e+00   0.0000e+00   2.7737e+02
20230521_08:00:00   6.4074e-02   2.1266e+01   1.1332e+00   0.0000e+00   0.0000e+00   2.7815e+02
20230521_09:00:00   6.8514e-02   2.2397e+01   1.2381e+00   0.0000e+00   0.0000e+00   2.7786e+02
20230521_10:00:00   7.2366e-02   2.3382e+01   1.3255e+00   0.0000e+00   0.0000e+00   2.7833e+02
20230521_11:00:00   7.4868e-02   2.3992e+01   1.3972e+00   0.0000e+00   0.0000e+00   2.7723e+02
20230521_12:00:00   7.3921e-02   2.3745e+01   1.3853e+00   0.0000e+00   0.0000e+00   2.7493e+02
20230521_13:00:00   7.5049e-02   2.3996e+01   1.4262e+00   0.0000e+00   0.0000e+00   2.7467e+02
20230521_14:00:00   7.8421e-02   2.4835e+01   1.5106e+00   0.0000e+00   0.0000e+00   2.7563e+02
20230521_15:00:00   8.4964e-02   2.6522e+01   1.6546e+00   0.0000e+00   0.0000e+00   2.7442e+02
20230521_16:00:00   8.7712e-02   2.7213e+01   1.7213e+00   0.0000e+00   0.0000e+00   2.7390e+02
20230521_17:00:00   9.1609e-02   2.8129e+01   1.8309e+00   0.0000e+00   0.0000e+00   2.7196e+02
20230521_18:00:00   9.7369e-02   2.9506e+01   1.9791e+00   0.0000e+00   0.0000e+00   2.7330e+02
20230521_19:00:00   9.9951e-02   3.0042e+01   2.0676e+00   0.0000e+00   0.0000e+00   2.7274e+02
20230521_20:00:00   9.7289e-02   2.9379e+01   2.0090e+00   0.0000e+00   0.0000e+00   2.7191e+02
20230521_21:00:00   9.4755e-02   2.8710e+01   1.9574e+00   0.0000e+00   0.0000e+00   2.7160e+02
20230521_22:00:00   9.3231e-02   2.8218e+01   1.9437e+00   0.0000e+00   0.0000e+00   2.7081e+02
20230521_23:00:00   9.2864e-02   2.8064e+01   1.9438e+00   0.0000e+00   3.0900e-06   2.7118e+02
20230522_00:00:00   9.4764e-02   2.8540e+01   1.9889e+00   0.0000e+00   2.5440e-05   2.7138e+02
20230522_01:00:00   9.4883e-02   2.8566e+01   1.9915e+00   0.0000e+00   0.0000e+00   2.6910e+02
20230522_02:00:00   9.4850e-02   2.8597e+01   1.9808e+00   0.0000e+00   3.1900e-06   2.6929e+02
20230522_03:00:00   9.7823e-02   2.9353e+01   2.0461e+00   0.0000e+00   0.0000e+00   2.6731e+02
20230522_04:00:00   1.0024e-01   2.9948e+01   2.1009e+00   0.0000e+00   0.0000e+00   2.6665e+02
20230522_05:00:00   1.0314e-01   3.0641e+01   2.1680e+00   0.0000e+00   0.0000e+00   2.6642e+02
20230522_06:00:00   1.0699e-01   3.1574e+01   2.2614e+00   0.0000e+00   0.0000e+00   2.6631e+02
20230522_07:00:00   1.1122e-01   3.2559e+01   2.3612e+00   0.0000e+00   0.0000e+00   2.6579e+02
20230522_08:00:00   1.1194e-01   3.2787e+01   2.3585e+00   0.0000e+00   0.0000e+00   2.6580e+02
20230522_09:00:00   1.1336e-01   3.3180e+01   2.3783e+00   0.0000e+00   3.8540e-06   2.6693e+02
20230522_10:00:00   1.1894e-01   3.4634e+01   2.4959e+00   0.0000e+00   3.8300e-05   2.6644e+02
20230522_11:00:00   1.2684e-01   3.6597e+01   2.6541e+00   0.0000e+00   1.1036e-04   2.6602e+02
20230522_12:00:00   1.2965e-01   3.7355e+01   2.7043e+00   0.0000e+00   0.0000e+00   2.6602e+02
20230522_13:00:00   1.3142e-01   3.7749e+01   2.7545e+00   0.0000e+00   2.6680e-04   2.6626e+02
20230522_14:00:00   1.3152e-01   3.7854e+01   2.7458e+00   0.0000e+00   0.0000e+00   2.6659e+02
20230522_15:00:00   1.3649e-01   3.9192e+01   2.8312e+00   0.0000e+00   0.0000e+00   2.6689e+02
20230522_16:00:00   1.4148e-01   4.0470e+01   2.9284e+00   0.0000e+00   0.0000e+00   2.6633e+02
20230522_17:00:00   1.4560e-01   4.1518e+01   3.0082e+00   0.0000e+00   0.0000e+00   2.6515e+02
20230522_18:00:00   1.4134e-01   4.0544e+01   2.9224e+00   0.0000e+00   0.0000e+00   2.6561e+02
20230522_19:00:00   1.4078e-01   4.0390e+01   2.9196e+00   0.0000e+00   0.0000e+00   2.6645e+02
20230522_20:00:00   1.4294e-01   4.0768e+01   2.9896e+00   0.0000e+00   0.0000e+00   2.6567e+02
20230522_21:00:00   1.4063e-01   4.0150e+01   2.9425e+00   0.0000e+00   9.2720e-06   2.6253e+02
20230522_22:00:00   1.3166e-01   3.7993e+01   2.7540e+00   0.0000e+00   0.0000e+00   2.6173e+02
20230522_23:00:00   1.2698e-01   3.6806e+01   2.6697e+00   0.0000e+00   0.0000e+00   2.6128e+02
20230523_00:00:00   1.2525e-01   3.6328e+01   2.6358e+00   0.0000e+00   0.0000e+00   2.6148e+02
20230523_01:00:00   1.2289e-01   3.5708e+01   2.5949e+00   0.0000e+00   0.0000e+00   2.6169e+02
20230523_02:00:00   1.2075e-01   3.5132e+01   2.5596e+00   0.0000e+00   0.0000e+00   2.6117e+02
20230523_03:00:00   1.2130e-01   3.5268e+01   2.5747e+00   0.0000e+00   0.0000e+00   2.6032e+02
20230523_04:00:00   1.2504e-01   3.6102e+01   2.6641e+00   0.0000e+00   0.0000e+00   2.5948e+02
20230523_05:00:00   1.2879e-01   3.7009e+01   2.7421e+00   0.0000e+00   0.0000e+00   2.5997e+02
20230523_06:00:00   1.3480e-01   3.8470e+01   2.8787e+00   0.0000e+00   0.0000e+00   2.6146e+02
20230523_09:00:00   1.6543e-01   4.5499e+01   3.5833e+00   0.0000e+00   0.0000e+00   2.6215e+02
20230523_12:00:00   1.8247e-01   4.9589e+01   3.9116e+00   0.0000e+00   1.5452e-05   2.6340e+02
20230523_15:00:00   1.7931e-01   4.8937e+01   3.8414e+00   0.0000e+00   2.0400e-05   2.6174e+02
20230523_18:00:00   1.7421e-01   4.7939e+01   3.7031e+00   0.0000e+00   2.1600e-05   2.6155e+02
20230523_21:00:00   1.7277e-01   4.7642e+01   3.6709e+00   0.0000e+00   0.0000e+00   2.6131e+02
20230524_00:00:00   1.6185e-01   4.5248e+01   3.4004e+00   0.0000e+00   0.0000e+00   2.5912e+02
20230524_03:00:00   1.3907e-01   3.9894e+01   2.9091e+00   0.0000e+00   0.0000e+00   2.5973e+02
20230524_06:00:00   1.1708e-01   3.4679e+01   2.3920e+00   0.0000e+00   0.0000e+00   2.6194e+02
20230524_09:00:00   1.1280e-01   3.3602e+01   2.2916e+00   0.0000e+00   0.0000e+00   2.5833e+02
20230524_12:00:00   1.0979e-01   3.2939e+01   2.1990e+00   0.0000e+00   0.0000e+00   2.5873e+02
20230524_15:00:00   1.0242e-01   3.1191e+01   2.0322e+00   0.0000e+00   0.0000e+00   2.6195e+02
20230524_18:00:00   1.0245e-01   3.1275e+01   2.0414e+00   0.0000e+00   0.0000e+00   2.6154e+02
20230524_21:00:00   1.1040e-01   3.3314e+01   2.2101e+00   0.0000e+00   0.0000e+00   2.6342e+02
20230525_00:00:00   1.1843e-01   3.5227e+01   2.3971e+00   0.0000e+00   0.0000e+00   2.6649e+02
20230525_03:00:00   1.1261e-01   3.3772e+01   2.2768e+00   0.0000e+00   0.0000e+00   2.6741e+02
20230525_06:00:00   1.0881e-01   3.2864e+01   2.1719e+00   0.0000e+00   0.0000e+00   2.6680e+02
20230525_09:00:00   1.0631e-01   3.2258e+01   2.1008e+00   0.0000e+00   0.0000e+00   2.6315e+02
20230525_12:00:00   1.0532e-01   3.2010e+01   2.0726e+00   0.0000e+00   0.0000e+00   2.6258e+02
20230525_15:00:00   1.0423e-01   3.1740e+01   2.0523e+00   0.0000e+00   0.0000e+00   2.6353e+02
20230525_18:00:00   1.1356e-01   3.3940e+01   2.3149e+00   0.0000e+00   0.0000e+00   2.6413e+02
20230525_21:00:00   1.2690e-01   3.7246e+01   2.6136e+00   0.0000e+00   0.0000e+00   2.6327e+02
20230526_00:00:00   1.2052e-01   3.5750e+01   2.4688e+00   0.0000e+00   0.0000e+00   2.6187e+02
20230526_03:00:00   1.0320e-01   3.1436e+01   2.0907e+00   0.0000e+00   0.0000e+00   2.6212e+02
20230526_06:00:00   9.2546e-02   2.8742e+01   1.8489e+00   0.0000e+00   0.0000e+00   2.6422e+02
20230526_09:00:00   9.2384e-02   2.8682e+01   1.8517e+00   0.0000e+00   0.0000e+00   2.6626e+02
20230526_12:00:00   9.4938e-02   2.9311e+01   1.9113e+00   0.0000e+00   0.0000e+00   2.6356e+02
20230526_15:00:00   9.2158e-02   2.8607e+01   1.8549e+00   0.0000e+00   3.5380e-04   2.6071e+02
20230526_18:00:00   1.0525e-01   3.1902e+01   2.1678e+00   0.0000e+00   9.5922e-04   2.6075e+02
20230526_21:00:00   1.2544e-01   3.6810e+01   2.6510e+00   0.0000e+00   8.3700e-04   2.6200e+02
20230527_00:00:00   1.3196e-01   3.8232e+01   2.8353e+00   0.0000e+00   5.1842e-04   2.6276e+02
20230527_03:00:00   1.3691e-01   3.9118e+01   3.0118e+00   0.0000e+00   1.6195e-04   2.6357e+02
20230527_06:00:00   1.4968e-01   4.1790e+01   3.3561e+00   0.0000e+00   3.0058e-04   2.6291e+02
20230527_09:00:00   1.5272e-01   4.2393e+01   3.4315e+00   0.0000e+00   3.0900e-06   2.6337e+02
20230527_12:00:00   1.4107e-01   3.9884e+01   3.1115e+00   0.0000e+00   0.0000e+00   2.6309e+02
20230527_15:00:00   1.2226e-01   3.5779e+01   2.6010e+00   0.0000e+00   0.0000e+00   2.6263e+02
20230527_18:00:00   1.1622e-01   3.4679e+01   2.3966e+00   0.0000e+00   0.0000e+00   2.6112e+02
20230527_21:00:00   1.2155e-01   3.6154e+01   2.4835e+00   0.0000e+00   0.0000e+00   2.5956e+02
20230528_00:00:00   1.1367e-01   3.4280e+01   2.2889e+00   0.0000e+00   0.0000e+00   2.5974e+02
20230528_03:00:00   1.0383e-01   3.1820e+01   2.0767e+00   0.0000e+00   0.0000e+00   2.5909e+02
20230528_06:00:00   9.8522e-02   3.0458e+01   1.9531e+00   0.0000e+00   0.0000e+00   2.6013e+02
20230528_09:00:00   9.2496e-02   2.8948e+01   1.8052e+00   0.0000e+00   0.0000e+00   2.6039e+02
20230528_12:00:00   8.4420e-02   2.6914e+01   1.6156e+00   0.0000e+00   0.0000e+00   2.6127e+02
20230528_15:00:00   8.1642e-02   2.6221e+01   1.5540e+00   0.0000e+00   0.0000e+00   2.6011e+02
20230528_18:00:00   9.1734e-02   2.8845e+01   1.7857e+00   0.0000e+00   0.0000e+00   2.5829e+02
20230528_21:00:00   1.0993e-01   3.3446e+01   2.1955e+00   0.0000e+00   0.0000e+00   2.5851e+02
20230529_00:00:00   1.1302e-01   3.4144e+01   2.2776e+00   0.0000e+00   0.0000e+00   2.5827e+02
20230529_03:00:00   1.0625e-01   3.2271e+01   2.1617e+00   0.0000e+00   0.0000e+00   2.5779e+02
20230529_06:00:00   1.0298e-01   3.1371e+01   2.0879e+00   0.0000e+00   0.0000e+00   2.5832e+02
20230529_09:00:00   9.9936e-02   3.0603e+01   2.0136e+00   0.0000e+00   0.0000e+00   2.5883e+02
20230529_12:00:00   1.0602e-01   3.2111e+01   2.1456e+00   0.0000e+00   0.0000e+00   2.5989e+02
20230529_15:00:00   1.2102e-01   3.5875e+01   2.4693e+00   0.0000e+00   0.0000e+00   2.6028e+02
20230529_18:00:00   1.3319e-01   3.8581e+01   2.8235e+00   0.0000e+00   0.0000e+00   2.5543e+02
20230529_21:00:00   1.4149e-01   4.0309e+01   3.0587e+00   0.0000e+00   8.4640e-04   2.5801e+02
20230530_00:00:00   1.3331e-01   3.8239e+01   2.8946e+00   0.0000e+00   1.6638e-04   2.5815e+02
20230530_03:00:00   1.2716e-01   3.6784e+01   2.7475e+00   0.0000e+00   0.0000e+00   2.5727e+02
20230530_06:00:00   1.3818e-01   3.9394e+01   2.9809e+00   0.0000e+00   0.0000e+00   2.5801e+02
20230530_09:00:00   1.6602e-01   4.5760e+01   3.5975e+00   0.0000e+00   3.1900e-06   2.5974e+02
20230530_12:00:00   1.7017e-01   4.6636e+01   3.6906e+00   0.0000e+00   3.6420e-04   2.5882e+02
20230530_15:00:00   1.4897e-01   4.1907e+01   3.1486e+00   0.0000e+00   0.0000e+00   2.6015e+02
20230530_18:00:00   1.2863e-01   3.7450e+01   2.6068e+00   0.0000e+00   0.0000e+00   2.6104e+02
20230530_21:00:00   1.2837e-01   3.7202e+01   2.6438e+00   0.0000e+00   0.0000e+00   2.6363e+02
20230531_00:00:00   1.3567e-01   3.8683e+01   2.8753e+00   0.0000e+00   0.0000e+00   2.6342e+02
20230531_03:00:00   1.2745e-01   3.6904e+01   2.6510e+00   0.0000e+00   0.0000e+00   2.6212e+02
20230531_06:00:00   1.4742e-01   4.1427e+01   3.1394e+00   0.0000e+00   0.0000e+00   2.6315e+02
20230531_09:00:00   1.6193e-01   4.4630e+01   3.4853e+00   0.0000e+00   0.0000e+00   2.6256e+02
20230531_12:00:00   1.7325e-01   4.7109e+01   3.7349e+00   0.0000e+00   0.0000e+00   2.6540e+02
20230531_15:00:00   1.9504e-01   5.2004e+01   4.1823e+00   0.0000e+00   0.0000e+00   2.6774e+02
20230531_18:00:00   2.3722e-01   6.1102e+01   5.1105e+00   0.0000e+00   2.6100e-04   2.6768e+02
20230531_21:00:00   2.6542e-01   6.7224e+01   5.6625e+00   0.0000e+00   1.1562e-05   2.6976e+02
20230601_00:00:00   2.8012e-01   7.0353e+01   5.9570e+00   0.0000e+00   0.0000e+00   2.7110e+02
20230601_03:00:00   2.7059e-01   6.8635e+01   5.7373e+00   0.0000e+00   2.4720e-06   2.7228e+02
20230601_06:00:00   2.7163e-01   6.8559e+01   5.8690e+00   0.0000e+00   1.9447e-03   2.7425e+02
20230601_09:00:00   2.8616e-01   7.1544e+01   6.1776e+00   0.0000e+00   0.0000e+00   2.7356e+02
20230601_12:00:00   2.9395e-01   7.3146e+01   6.3450e+00   0.0000e+00   6.2159e-05   2.7720e+02
20230601_15:00:00   2.8512e-01   7.1563e+01   6.1306e+00   0.0000e+00   0.0000e+00   2.8299e+02
20230601_18:00:00   2.9251e-01   7.3128e+01   6.2953e+00   0.0000e+00   3.5880e-05   2.8151e+02
20230601_21:00:00   3.1173e-01   7.6969e+01   6.7274e+00   0.0000e+00   7.9879e-03   2.7744e+02
20230602_00:00:00   3.1808e-01   7.8415e+01   6.7972e+00   0.0000e+00   1.0264e-04   2.8094e+02
20230602_03:00:00   3.2209e-01   7.9321e+01   6.7906e+00   0.0000e+00   1.6266e-05   2.8238e+02
20230602_06:00:00   3.1173e-01   7.7401e+01   6.5841e+00   0.0000e+00   5.7800e-06   2.8222e+02
20230602_09:00:00   3.1705e-01   7.8313e+01   6.7719e+00   0.0000e+00   0.0000e+00   2.8018e+02
20230602_12:00:00   3.0753e-01   7.6508e+01   6.5839e+00   0.0000e+00   0.0000e+00   2.8257e+02
20230602_15:00:00   2.9268e-01   7.3657e+01   6.2703e+00   0.0000e+00   0.0000e+00   2.8202e+02
20230602_18:00:00   2.8606e-01   7.2342e+01   6.1757e+00   0.0000e+00   1.5584e-04   2.8543e+02
20230602_21:00:00   2.9431e-01   7.4011e+01   6.3384e+00   0.0000e+00   1.2148e-04   2.8789e+02
20230603_00:00:00   3.1142e-01   7.7262e+01   6.7442e+00   0.0000e+00   1.2764e-05   2.8778e+02
20230603_03:00:00   3.2494e-01   7.9832e+01   7.0620e+00   0.0000e+00   2.4478e-04   2.8718e+02
20230603_06:00:00   3.5139e-01   8.4480e+01   7.6943e+00   0.0000e+00   3.0822e-04   2.8634e+02
