#            date       tau255        Tb[K]      pwv[mm] lwp[kg*m^-2] iwp[kg*m^-2]       o3[DU]
20210710_12:00:00   3.8578e-01   9.0282e+01   7.7761e+00   0.0000e+00   2.6255e-03   3.2447e+02
20210710_13:00:00   4.4383e-01   1.0064e+02   8.8280e+00   0.0000e+00   2.2165e-04   3.2743e+02
20210710_14:00:00   4.8313e-01   1.0746e+02   9.4187e+00   0.0000e+00   0.0000e+00   3.2387e+02
20210710_15:00:00   4.9526e-01   1.0959e+02   9.5029e+00   0.0000e+00   0.0000e+00   3.2281e+02
20210710_16:00:00   5.2540e-01   1.1457e+02   9.9207e+00   0.0000e+00   0.0000e+00   3.2726e+02
20210710_17:00:00   5.5342e-01   1.1906e+02   1.0079e+01   5.1720e-03   1.1147e-04   3.2797e+02
20210710_18:00:00   9.3973e-01   1.6784e+02   1.1249e+01   1.4003e-01   6.5104e-02   3.2811e+02
20210710_19:00:00   6.5856e-01   1.3433e+02   1.1315e+01   1.6293e-02   3.3941e-03   3.2902e+02
20210710_20:00:00   7.0139e-01   1.3995e+02   1.1588e+01   2.7717e-02   6.3936e-04   3.2466e+02
20210710_21:00:00   5.7580e-01   1.2204e+02   1.0617e+01   0.0000e+00   2.3780e-06   3.2145e+02
20210710_22:00:00   4.9021e-01   1.0892e+02   8.8999e+00   0.0000e+00   0.0000e+00   3.1697e+02
20210710_23:00:00   3.7500e-01   8.9076e+01   6.7776e+00   0.0000e+00   0.0000e+00   3.1434e+02
20210711_00:00:00   2.4862e-01   6.4038e+01   4.6526e+00   0.0000e+00   0.0000e+00   3.1185e+02
20210711_01:00:00   1.7569e-01   4.7917e+01   3.4513e+00   0.0000e+00   0.0000e+00   3.0817e+02
20210711_02:00:00   1.3887e-01   3.9355e+01   2.7844e+00   0.0000e+00   0.0000e+00   3.0742e+02
20210711_03:00:00   1.2358e-01   3.5698e+01   2.4902e+00   0.0000e+00   0.0000e+00   3.1031e+02
20210711_04:00:00   1.1820e-01   3.4472e+01   2.3687e+00   0.0000e+00   0.0000e+00   3.1626e+02
20210711_05:00:00   1.2923e-01   3.6944e+01   2.6690e+00   0.0000e+00   0.0000e+00   3.1966e+02
20210711_06:00:00   1.3738e-01   3.8793e+01   2.8749e+00   0.0000e+00   0.0000e+00   3.2219e+02
20210711_07:00:00   1.4276e-01   4.0095e+01   2.9844e+00   0.0000e+00   0.0000e+00   3.1980e+02
20210711_08:00:00   1.6411e-01   4.5015e+01   3.4629e+00   0.0000e+00   0.0000e+00   3.1239e+02
20210711_09:00:00   1.6095e-01   4.4662e+01   3.2880e+00   0.0000e+00   0.0000e+00   3.0919e+02
20210711_10:00:00   1.7784e-01   4.8578e+01   3.6366e+00   0.0000e+00   0.0000e+00   3.0774e+02
20210711_11:00:00   2.0652e-01   5.5067e+01   4.2297e+00   0.0000e+00   0.0000e+00   3.0890e+02
20210711_12:00:00   2.3414e-01   6.1304e+01   4.7375e+00   0.0000e+00   0.0000e+00   3.0849e+02
20210711_13:00:00   2.4174e-01   6.3231e+01   4.8010e+00   0.0000e+00   0.0000e+00   3.0927e+02
20210711_14:00:00   2.5776e-01   6.6609e+01   5.1320e+00   0.0000e+00   0.0000e+00   3.0993e+02
20210711_15:00:00   2.8467e-01   7.1819e+01   5.8060e+00   0.0000e+00   0.0000e+00   3.0793e+02
20210711_16:00:00   2.9354e-01   7.3367e+01   6.0736e+00   0.0000e+00   0.0000e+00   3.0485e+02
20210711_17:00:00   3.3072e-01   8.0673e+01   6.8876e+00   0.0000e+00   0.0000e+00   3.0374e+02
20210711_18:00:00   4.0652e-01   9.4686e+01   8.5042e+00   0.0000e+00   0.0000e+00   3.0376e+02
20210711_19:00:00   4.2044e-01   9.7111e+01   8.8112e+00   0.0000e+00   0.0000e+00   3.0348e+02
20210711_20:00:00   4.5116e-01   1.0240e+02   9.4037e+00   0.0000e+00   5.0803e-05   3.0394e+02
20210711_21:00:00   5.0949e-01   1.1252e+02   1.0494e+01   0.0000e+00   7.1271e-04   3.0645e+02
20210711_22:00:00   5.5379e-01   1.1977e+02   1.1335e+01   0.0000e+00   4.0592e-02   3.0610e+02
20210711_23:00:00   6.2299e-01   1.2981e+02   1.2743e+01   0.0000e+00   1.1438e-01   3.0562e+02
20210712_00:00:00   7.1390e-01   1.4214e+02   1.4259e+01   0.0000e+00   3.2072e-01   3.0612e+02
20210712_01:00:00   7.0417e-01   1.4173e+02   1.4072e+01   0.0000e+00   2.6687e-02   3.0924e+02
20210712_02:00:00   5.9462e-01   1.2650e+02   1.2015e+01   0.0000e+00   3.0443e-04   3.1444e+02
20210712_03:00:00   5.6883e-01   1.2269e+02   1.1436e+01   0.0000e+00   0.0000e+00   3.1299e+02
20210712_04:00:00   5.3291e-01   1.1711e+02   1.0738e+01   0.0000e+00   9.4620e-06   3.1408e+02
20210712_05:00:00   5.4200e-01   1.1853e+02   1.0933e+01   0.0000e+00   8.1320e-06   3.1492e+02
20210712_06:00:00   5.5687e-01   1.2091e+02   1.1232e+01   0.0000e+00   0.0000e+00   3.1766e+02
20210712_07:00:00   5.2940e-01   1.1642e+02   1.0725e+01   0.0000e+00   2.0686e-04   3.1864e+02
20210712_08:00:00   5.2005e-01   1.1490e+02   1.0586e+01   0.0000e+00   1.1337e-03   3.1741e+02
20210712_09:00:00   5.0101e-01   1.1171e+02   1.0221e+01   0.0000e+00   1.1902e-03   3.1644e+02
20210712_10:00:00   4.9462e-01   1.1064e+02   1.0058e+01   0.0000e+00   2.6566e-03   3.1439e+02
20210712_11:00:00   5.1257e-01   1.1344e+02   1.0370e+01   0.0000e+00   5.6596e-03   3.1164e+02
20210712_12:00:00   5.4029e-01   1.1785e+02   1.0788e+01   0.0000e+00   3.0962e-03   3.0949e+02
20210712_13:00:00   5.9293e-01   1.2581e+02   1.1678e+01   0.0000e+00   1.4106e-02   3.0815e+02
20210712_14:00:00   6.1483e-01   1.2895e+02   1.2061e+01   0.0000e+00   2.7896e-02   3.0781e+02
20210712_15:00:00   6.2871e-01   1.3086e+02   1.2326e+01   0.0000e+00   1.9153e-02   3.0770e+02
20210712_16:00:00   6.1262e-01   1.2829e+02   1.2054e+01   0.0000e+00   2.6970e-02   3.0890e+02
20210712_17:00:00   5.8984e-01   1.2466e+02   1.1674e+01   0.0000e+00   5.9176e-02   3.0924e+02
20210712_18:00:00   5.7300e-01   1.2200e+02   1.1297e+01   0.0000e+00   1.0505e-01   3.1301e+02
20210712_19:00:00   6.0139e-01   1.2594e+02   1.1772e+01   0.0000e+00   1.9046e-01   3.1778e+02
20210712_20:00:00   6.6056e-01   1.3378e+02   1.2862e+01   0.0000e+00   4.3370e-01   3.1991e+02
20210712_21:00:00   7.1168e-01   1.4026e+02   1.3636e+01   1.9600e-03   5.1348e-01   3.2244e+02
20210712_22:00:00   6.9698e-01   1.3856e+02   1.3328e+01   3.3378e-03   1.8797e-01   3.3010e+02
20210712_23:00:00   6.8145e-01   1.3689e+02   1.2773e+01   3.2362e-03   3.9398e-02   3.3232e+02
20210713_00:00:00   6.9489e-01   1.3884e+02   1.2639e+01   4.1076e-03   8.7581e-02   3.3349e+02
20210713_01:00:00   7.4164e-01   1.4511e+02   1.2011e+01   3.4739e-02   1.6301e-02   3.3150e+02
20210713_02:00:00   8.6507e-01   1.5960e+02   1.2297e+01   7.8745e-02   2.0376e-02   3.3064e+02
20210713_03:00:00   9.1916e-01   1.6641e+02   1.0754e+01   1.2892e-01   2.9605e-04   3.3406e+02
20210713_04:00:00   1.1495e+00   1.8880e+02   8.8778e+00   2.6320e-01   2.1476e-04   3.3525e+02
20210713_05:00:00   3.3816e-01   8.1725e+01   5.4638e+00   1.3013e-02   5.4920e-06   3.3731e+02
20210713_06:00:00   2.2291e-01   5.8220e+01   4.0046e+00   4.1150e-04   5.9420e-06   3.3637e+02
20210713_07:00:00   2.0682e-01   5.4535e+01   3.8043e+00   0.0000e+00   1.6630e-03   3.3702e+02
20210713_08:00:00   2.1143e-01   5.5362e+01   3.8315e+00   2.5320e-03   1.1952e-02   3.3784e+02
20210713_09:00:00   2.0301e-01   5.3403e+01   3.6656e+00   3.9910e-03   6.5318e-03   3.3807e+02
20210713_10:00:00   2.0789e-01   5.4404e+01   3.7939e+00   3.2400e-03   1.0242e-02   3.3763e+02
20210713_11:00:00   2.1430e-01   5.5771e+01   3.9925e+00   9.2610e-04   3.6677e-02   3.3721e+02
20210713_12:00:00   2.4185e-01   6.1693e+01   4.4157e+00   2.4560e-03   2.1885e-02   3.3727e+02
20210713_13:00:00   2.5072e-01   6.3785e+01   4.3612e+00   6.2820e-03   7.7280e-04   3.3922e+02
20210713_14:00:00   2.6416e-01   6.6670e+01   4.4383e+00   9.1020e-03   0.0000e+00   3.4095e+02
20210713_15:00:00   2.6768e-01   6.7416e+01   4.4195e+00   1.1180e-02   0.0000e+00   3.4348e+02
20210713_16:00:00   2.5122e-01   6.4129e+01   3.9430e+00   1.4600e-02   6.8640e-06   3.4489e+02
20210713_17:00:00   2.5627e-01   6.5306e+01   3.5527e+00   2.4230e-02   3.4320e-06   3.4766e+02
20210713_18:00:00   2.5783e-01   6.5494e+01   3.6593e+00   2.2630e-02   3.9473e-04   3.5225e+02
20210713_19:00:00   2.5816e-01   6.5096e+01   4.3453e+00   9.7330e-03   2.0736e-04   3.5394e+02
20210713_20:00:00   2.5918e-01   6.4863e+01   4.9766e+00   1.6390e-04   3.4322e-05   3.5513e+02
20210713_21:00:00   3.1494e-01   7.5814e+01   6.1161e+00   0.0000e+00   6.8640e-06   3.5510e+02
20210713_22:00:00   3.1609e-01   7.6268e+01   6.0592e+00   0.0000e+00   1.5180e-03   3.5804e+02
20210713_23:00:00   3.5403e-01   8.3054e+01   6.9253e+00   0.0000e+00   6.8129e-03   3.5635e+02
20210714_00:00:00   3.7018e-01   8.6018e+01   7.2536e+00   0.0000e+00   1.5473e-02   3.5352e+02
20210714_01:00:00   3.8902e-01   8.9404e+01   7.6343e+00   0.0000e+00   2.1147e-02   3.5029e+02
20210714_02:00:00   4.2045e-01   9.4988e+01   8.1805e+00   0.0000e+00   4.3243e-02   3.4911e+02
20210714_03:00:00   4.4241e-01   9.8735e+01   8.5628e+00   0.0000e+00   3.2002e-02   3.4685e+02
20210714_04:00:00   4.4845e-01   9.9752e+01   8.6898e+00   0.0000e+00   4.3063e-03   3.4504e+02
20210714_05:00:00   4.6005e-01   1.0162e+02   8.9014e+00   0.0000e+00   9.5270e-03   3.4458e+02
20210714_06:00:00   4.6130e-01   1.0183e+02   8.9179e+00   0.0000e+00   7.3456e-03   3.4429e+02
20210714_07:00:00   4.6857e-01   1.0297e+02   9.0597e+00   0.0000e+00   2.4230e-02   3.4363e+02
20210714_08:00:00   4.7460e-01   1.0395e+02   9.1793e+00   1.0220e-04   1.2696e-02   3.4313e+02
20210714_09:00:00   4.7490e-01   1.0406e+02   9.1797e+00   2.2870e-04   9.6284e-03   3.4423e+02
20210714_10:00:00   5.0149e-01   1.0850e+02   9.3698e+00   5.8116e-03   1.4427e-02   3.4432e+02
20210714_11:00:00   5.4269e-01   1.1509e+02   9.8101e+00   1.0763e-02   2.5842e-02   3.4421e+02
20210714_12:00:00   6.0791e-01   1.2511e+02   1.0186e+01   2.5863e-02   2.2364e-02   3.4500e+02
20210714_13:00:00   7.6105e-01   1.4610e+02   1.0579e+01   7.8531e-02   1.8162e-02   3.4519e+02
20210714_14:00:00   8.4054e-01   1.5571e+02   1.0821e+01   1.0576e-01   1.2645e-02   3.4818e+02
20210714_15:00:00   1.2228e+00   1.9246e+02   1.1045e+01   2.5993e-01   1.0623e-02   3.5157e+02
20210714_16:00:00   1.4842e+00   2.1054e+02   1.1172e+01   3.6777e-01   6.4074e-02   3.5559e+02
20210714_17:00:00   1.0308e+00   1.7573e+02   1.0676e+01   1.8420e-01   9.5796e-02   3.5995e+02
20210714_18:00:00   6.5941e-01   1.3268e+02   9.6479e+00   5.2951e-02   1.6918e-02   3.6025e+02
20210714_19:00:00   4.8230e-01   1.0599e+02   8.4318e+00   7.7827e-03   5.5144e-05   3.5988e+02
20210714_20:00:00   4.4213e-01   9.9192e+01   8.0269e+00   7.5425e-04   2.8364e-05   3.6139e+02
20210714_21:00:00   4.1537e-01   9.4618e+01   7.5595e+00   1.2445e-04   7.0450e-05   3.6084e+02
20210714_22:00:00   4.0243e-01   9.2364e+01   7.3269e+00   6.2673e-05   2.7460e-06   3.6084e+02
20210714_23:00:00   4.0464e-01   9.2776e+01   7.3317e+00   1.4350e-06   6.4290e-06   3.6078e+02
20210715_00:00:00   4.5981e-01   1.0231e+02   7.7800e+00   1.1425e-02   1.7268e-03   3.5932e+02
20210715_01:00:00   7.2102e-01   1.4097e+02   8.2114e+00   1.1119e-01   3.1763e-03   3.5810e+02
20210715_02:00:00   7.1563e-01   1.3997e+02   8.4034e+00   1.0839e-01   8.1933e-03   3.5668e+02
20210715_03:00:00   5.6290e-01   1.1829e+02   8.6081e+00   4.1000e-02   3.5361e-02   3.5773e+02
20210715_04:00:00   5.0277e-01   1.0852e+02   9.0370e+00   5.5120e-03   2.0546e-01   3.5847e+02
20210715_05:00:00   5.3309e-01   1.1308e+02   9.7105e+00   1.2009e-03   2.2646e-01   3.5927e+02
20210715_06:00:00   5.5483e-01   1.1633e+02   1.0060e+01   1.3207e-03   2.4734e-01   3.5889e+02
20210715_07:00:00   6.0335e-01   1.2371e+02   1.0217e+01   1.7773e-02   2.8102e-01   3.5756e+02
20210715_08:00:00   5.8674e-01   1.2118e+02   1.0429e+01   6.6518e-03   3.0214e-01   3.5489e+02
20210715_09:00:00   6.2086e-01   1.2631e+02   1.0638e+01   1.7989e-02   1.7876e-01   3.5206e+02
20210715_10:00:00   6.6091e-01   1.3220e+02   1.0618e+01   3.6081e-02   7.1533e-02   3.4908e+02
20210715_11:00:00   7.7175e-01   1.4695e+02   1.0911e+01   7.6659e-02   4.4358e-02   3.4735e+02
20210715_12:00:00   8.5231e-01   1.5689e+02   1.1252e+01   1.0182e-01   2.0064e-02   3.4493e+02
20210715_15:00:00   8.0809e-01   1.5202e+02   1.1701e+01   7.2768e-02   1.3523e-02   3.4374e+02
20210715_18:00:00   8.8729e-01   1.6141e+02   1.1871e+01   1.0015e-01   4.9368e-03   3.4255e+02
20210715_21:00:00   1.2086e+00   1.9231e+02   1.1150e+01   2.4826e-01   1.1485e-02   3.4434e+02
20210716_00:00:00   6.5522e-01   1.3358e+02   8.9575e+00   7.0782e-02   1.4902e-03   3.4194e+02
20210716_03:00:00   5.3954e-01   1.1593e+02   9.1959e+00   2.4894e-02   1.8615e-03   3.3536e+02
20210716_06:00:00   5.5018e-01   1.1769e+02   9.5122e+00   2.3509e-02   2.1545e-04   3.3611e+02
20210716_09:00:00   5.0166e-01   1.1007e+02   9.3343e+00   7.7300e-03   6.8640e-06   3.3467e+02
20210716_12:00:00   4.3910e-01   9.9686e+01   8.4617e+00   5.6180e-04   6.3940e-04   3.3261e+02
20210716_15:00:00   4.2932e-01   9.8399e+01   8.2235e+00   6.7537e-04   0.0000e+00   3.3207e+02
20210716_18:00:00   4.7049e-01   1.0564e+02   8.9948e+00   0.0000e+00   0.0000e+00   3.2512e+02
20210716_21:00:00   5.2069e-01   1.1404e+02   9.9338e+00   8.6870e-05   0.0000e+00   3.1808e+02
20210717_00:00:00   4.8773e-01   1.0888e+02   9.3537e+00   6.6890e-04   0.0000e+00   3.1548e+02
20210717_03:00:00   4.6785e-01   1.0549e+02   9.1228e+00   0.0000e+00   0.0000e+00   3.1480e+02
20210717_06:00:00   4.1735e-01   9.6761e+01   8.1856e+00   0.0000e+00   0.0000e+00   3.1457e+02
20210717_09:00:00   3.8603e-01   9.1357e+01   7.5364e+00   0.0000e+00   0.0000e+00   3.1049e+02
20210717_12:00:00   3.8813e-01   9.2043e+01   7.4094e+00   7.0650e-04   0.0000e+00   3.1342e+02
20210717_15:00:00   3.8312e-01   9.1348e+01   7.2446e+00   2.5956e-04   0.0000e+00   3.1544e+02
20210717_18:00:00   3.4106e-01   8.3503e+01   6.3457e+00   5.6100e-05   0.0000e+00   3.1465e+02
20210717_21:00:00   2.6634e-01   6.8562e+01   4.9802e+00   0.0000e+00   0.0000e+00   3.1512e+02
20210718_00:00:00   2.1940e-01   5.8503e+01   4.1232e+00   0.0000e+00   0.0000e+00   3.1357e+02
20210718_03:00:00   2.0346e-01   5.4934e+01   3.7988e+00   0.0000e+00   0.0000e+00   3.1419e+02
20210718_06:00:00   1.9465e-01   5.2886e+01   3.6552e+00   0.0000e+00   0.0000e+00   3.1636e+02
20210718_09:00:00   1.9663e-01   5.3291e+01   3.6934e+00   0.0000e+00   0.0000e+00   3.1725e+02
20210718_12:00:00   3.0100e-01   7.5635e+01   5.4469e+00   2.5630e-05   0.0000e+00   3.1470e+02
20210718_15:00:00   3.5578e-01   8.6586e+01   6.3844e+00   1.4990e-04   0.0000e+00   3.1434e+02
20210718_18:00:00   2.9515e-01   7.4555e+01   5.4961e+00   1.4616e-05   0.0000e+00   3.1630e+02
20210718_21:00:00   3.2530e-01   8.0491e+01   5.9389e+00   0.0000e+00   0.0000e+00   3.1671e+02
20210719_00:00:00   2.0268e-01   5.4403e+01   3.9282e+00   0.0000e+00   1.1710e-03   3.2081e+02
20210719_03:00:00   1.8595e-01   5.0598e+01   3.6034e+00   0.0000e+00   8.5000e-04   3.2445e+02
20210719_06:00:00   1.7064e-01   4.7170e+01   3.2717e+00   0.0000e+00   0.0000e+00   3.2777e+02
20210719_09:00:00   1.8708e-01   5.1001e+01   3.5218e+00   0.0000e+00   0.0000e+00   3.2609e+02
20210719_12:00:00   3.7258e-01   8.9554e+01   6.5830e+00   1.0324e-03   0.0000e+00   3.3151e+02
20210719_15:00:00   5.4139e-01   1.1877e+02   7.9891e+00   3.9140e-02   0.0000e+00   3.3006e+02
20210719_18:00:00   4.0626e-01   9.5764e+01   7.4387e+00   3.2155e-03   6.0268e-03   3.2699e+02
20210719_21:00:00   3.7858e-01   9.0025e+01   7.3872e+00   0.0000e+00   5.7836e-03   3.3198e+02
20210720_00:00:00   2.7263e-01   6.8877e+01   5.5509e+00   0.0000e+00   5.6500e-04   3.2936e+02
20210720_03:00:00   2.3100e-01   6.0183e+01   4.7396e+00   0.0000e+00   0.0000e+00   3.2115e+02
20210720_06:00:00   2.3307e-01   6.0575e+01   4.8409e+00   0.0000e+00   0.0000e+00   3.1558e+02
20210720_09:00:00   2.5198e-01   6.4727e+01   5.2116e+00   0.0000e+00   0.0000e+00   3.1297e+02
20210720_12:00:00   4.2974e-01   9.9726e+01   8.2977e+00   0.0000e+00   0.0000e+00   3.1187e+02
20210720_15:00:00   4.8138e-01   1.0918e+02   9.0462e+00   0.0000e+00   0.0000e+00   3.1454e+02
20210720_18:00:00   4.3770e-01   1.0176e+02   8.3229e+00   0.0000e+00   0.0000e+00   3.1141e+02
20210720_21:00:00   3.8857e-01   9.2567e+01   7.6834e+00   0.0000e+00   0.0000e+00   3.0998e+02
20210721_00:00:00   3.4006e-01   8.2998e+01   6.9769e+00   0.0000e+00   0.0000e+00   3.0952e+02
20210721_03:00:00   3.5805e-01   8.6455e+01   7.2814e+00   0.0000e+00   0.0000e+00   3.1024e+02
20210721_06:00:00   3.6874e-01   8.8615e+01   7.4224e+00   0.0000e+00   0.0000e+00   3.1161e+02
20210721_09:00:00   4.0074e-01   9.4655e+01   7.9231e+00   0.0000e+00   0.0000e+00   3.0899e+02
20210721_12:00:00   5.4037e-01   1.1868e+02   1.0173e+01   0.0000e+00   0.0000e+00   3.0627e+02
20210721_15:00:00   5.9727e-01   1.2777e+02   1.1140e+01   0.0000e+00   3.8860e-05   3.0639e+02
20210721_18:00:00   5.4268e-01   1.1931e+02   1.0316e+01   0.0000e+00   0.0000e+00   3.0883e+02
20210721_21:00:00   5.6191e-01   1.2182e+02   1.0822e+01   0.0000e+00   4.5275e-03   3.0679e+02
20210722_00:00:00   5.3596e-01   1.1688e+02   1.0875e+01   0.0000e+00   3.1103e-04   3.0724e+02
20210722_03:00:00   7.2227e-01   1.4367e+02   1.4136e+01   0.0000e+00   1.1077e-02   3.0956e+02
20210722_06:00:00   7.4898e-01   1.4716e+02   1.4524e+01   0.0000e+00   3.5119e-04   3.1396e+02
20210722_09:00:00   7.5828e-01   1.4828e+02   1.4787e+01   0.0000e+00   7.9580e-05   3.1879e+02
20210722_12:00:00   8.5903e-01   1.6147e+02   1.5761e+01   4.5125e-03   2.7460e-06   3.2248e+02
20210722_15:00:00   1.2449e+00   1.9812e+02   1.5599e+01   1.7099e-01   1.5356e-01   3.2089e+02
20210722_18:00:00   9.3106e-01   1.6947e+02   1.5679e+01   3.9868e-02   9.6516e-02   3.1852e+02
20210722_21:00:00   7.3180e-01   1.4529e+02   1.4414e+01   0.0000e+00   1.8824e-02   3.2323e+02
20210723_00:00:00   6.4750e-01   1.3410e+02   1.2935e+01   0.0000e+00   1.9588e-05   3.1730e+02
20210723_03:00:00   6.5249e-01   1.3485e+02   1.2963e+01   0.0000e+00   6.8640e-06   3.1763e+02
20210723_06:00:00   6.7441e-01   1.3790e+02   1.3221e+01   0.0000e+00   0.0000e+00   3.0914e+02
20210723_09:00:00   6.5074e-01   1.3476e+02   1.2778e+01   0.0000e+00   0.0000e+00   3.0516e+02
20210723_12:00:00   7.3086e-01   1.4630e+02   1.3843e+01   2.0902e-03   1.0551e-04   3.0287e+02
20210723_15:00:00   1.0157e+00   1.7914e+02   1.6644e+01   5.2350e-02   2.1544e-03   3.0344e+02
20210723_18:00:00   1.0140e+00   1.7891e+02   1.8127e+01   1.9447e-02   3.1061e-03   3.0556e+02
20210723_21:00:00   9.3211e-01   1.7038e+02   1.7813e+01   0.0000e+00   5.0011e-03   3.0655e+02
20210724_00:00:00   8.2898e-01   1.5900e+02   1.5949e+01   0.0000e+00   6.8363e-04   3.0672e+02
20210724_03:00:00   8.1651e-01   1.5747e+02   1.5663e+01   0.0000e+00   5.3360e-04   3.0653e+02
20210724_06:00:00   8.0747e-01   1.5629e+02   1.5396e+01   0.0000e+00   0.0000e+00   3.0416e+02
20210724_09:00:00   7.7045e-01   1.5186e+02   1.4561e+01   0.0000e+00   0.0000e+00   3.0251e+02
20210724_12:00:00   8.0643e-01   1.5674e+02   1.4712e+01   4.3112e-03   2.7460e-05   3.0348e+02
20210724_15:00:00   1.5470e+00   2.2108e+02   1.6659e+01   2.4940e-01   3.7860e-06   3.0227e+02
20210724_18:00:00   1.1883e+00   1.9604e+02   1.6822e+01   1.0501e-01   4.3321e-04   3.0084e+02
20210724_21:00:00   1.2281e+00   1.9900e+02   1.6214e+01   1.3958e-01   2.0477e-04   3.0229e+02
20210725_00:00:00   7.2399e-01   1.4641e+02   1.3520e+01   0.0000e+00   0.0000e+00   3.0499e+02
20210725_03:00:00   6.1820e-01   1.3147e+02   1.1679e+01   0.0000e+00   0.0000e+00   3.0316e+02
20210725_06:00:00   5.7993e-01   1.2564e+02   1.0939e+01   0.0000e+00   0.0000e+00   3.0278e+02
20210725_09:00:00   5.5671e-01   1.2208e+02   1.0444e+01   0.0000e+00   0.0000e+00   3.0358e+02
20210725_12:00:00   6.7931e-01   1.4066e+02   1.2203e+01   2.5480e-04   0.0000e+00   3.0676e+02
20210725_15:00:00   7.7428e-01   1.5350e+02   1.3379e+01   1.2964e-02   9.5080e-06   3.1030e+02
20210725_18:00:00   6.4189e-01   1.3568e+02   1.1563e+01   9.2120e-04   0.0000e+00   3.1362e+02
20210725_21:00:00   5.0825e-01   1.1481e+02   9.4169e+00   0.0000e+00   0.0000e+00   3.1329e+02
20210726_00:00:00   4.4773e-01   1.0423e+02   8.4938e+00   0.0000e+00   6.4922e-05   3.1151e+02
20210726_03:00:00   4.2952e-01   1.0046e+02   8.4958e+00   0.0000e+00   3.2741e-05   3.1134e+02
20210726_06:00:00   5.4938e-01   1.2039e+02   1.0730e+01   0.0000e+00   1.3976e-03   3.0975e+02
20210726_09:00:00   6.1978e-01   1.3146e+02   1.1805e+01   0.0000e+00   0.0000e+00   3.0802e+02
20210726_12:00:00   6.4548e-01   1.3563e+02   1.2091e+01   2.7460e-05   0.0000e+00   3.0750e+02
