#            date       tau255        Tb[K]      pwv[mm] lwp[kg*m^-2] iwp[kg*m^-2]       o3[DU]
20220418_18:00:00   1.0365e-01   3.0486e+01   1.7329e+00   0.0000e+00   5.9357e-05   3.5984e+02
20220418_19:00:00   1.0119e-01   2.9855e+01   1.6976e+00   0.0000e+00   1.1837e-03   3.6188e+02
20220418_20:00:00   9.8325e-02   2.9068e+01   1.6722e+00   0.0000e+00   3.5695e-03   3.6116e+02
20220418_21:00:00   9.9061e-02   2.9126e+01   1.7200e+00   0.0000e+00   8.8999e-03   3.6256e+02
20220418_22:00:00   1.0499e-01   3.0401e+01   1.8714e+00   0.0000e+00   1.3546e-02   3.6524e+02
20220418_23:00:00   1.1437e-01   3.2496e+01   2.0909e+00   0.0000e+00   1.2699e-02   3.6648e+02
20220419_00:00:00   1.2499e-01   3.4915e+01   2.3228e+00   0.0000e+00   6.9365e-03   3.6409e+02
20220419_01:00:00   1.3808e-01   3.7880e+01   2.5955e+00   0.0000e+00   6.2668e-03   3.6360e+02
20220419_02:00:00   1.4915e-01   4.0336e+01   2.8282e+00   0.0000e+00   4.4139e-03   3.6163e+02
20220419_03:00:00   1.5778e-01   4.2223e+01   3.0160e+00   0.0000e+00   6.8496e-04   3.5850e+02
20220419_04:00:00   1.6487e-01   4.3739e+01   3.1741e+00   0.0000e+00   1.7054e-04   3.5677e+02
20220419_05:00:00   1.7530e-01   4.5919e+01   3.4090e+00   0.0000e+00   3.8060e-04   3.5491e+02
20220419_06:00:00   1.8572e-01   4.8114e+01   3.6308e+00   0.0000e+00   3.4358e-04   3.5428e+02
20220419_07:00:00   1.9159e-01   4.9391e+01   3.7471e+00   0.0000e+00   1.1160e-03   3.5476e+02
20220419_08:00:00   1.8972e-01   4.9034e+01   3.7060e+00   0.0000e+00   5.0889e-04   3.5743e+02
20220419_09:00:00   1.8155e-01   4.7372e+01   3.5235e+00   0.0000e+00   1.5796e-03   3.6216e+02
20220419_10:00:00   1.7472e-01   4.6015e+01   3.3473e+00   0.0000e+00   3.9722e-03   3.6396e+02
20220419_11:00:00   1.6993e-01   4.5082e+01   3.2141e+00   0.0000e+00   6.2154e-03   3.6219e+02
20220419_12:00:00   1.8262e-01   4.8062e+01   3.3823e+00   0.0000e+00   7.8837e-03   3.6253e+02
20220419_13:00:00   1.8721e-01   4.9263e+01   3.3942e+00   0.0000e+00   3.5064e-03   3.6316e+02
20220419_14:00:00   1.8912e-01   4.9762e+01   3.4040e+00   3.9620e-06   1.5344e-03   3.6533e+02
20220419_15:00:00   1.8726e-01   4.9396e+01   3.3579e+00   1.5902e-05   3.0967e-03   3.6902e+02
20220419_16:00:00   1.8493e-01   4.8935e+01   3.2977e+00   0.0000e+00   2.0295e-03   3.6967e+02
20220419_17:00:00   1.7612e-01   4.6894e+01   3.1810e+00   7.9780e-06   1.7800e-03   3.7067e+02
20220419_18:00:00   1.6997e-01   4.5539e+01   3.0748e+00   3.9960e-06   0.0000e+00   3.6744e+02
20220419_19:00:00   1.7852e-01   4.7389e+01   3.2328e+00   0.0000e+00   2.4404e-04   3.6659e+02
20220419_20:00:00   1.7777e-01   4.7132e+01   3.2538e+00   0.0000e+00   5.5422e-04   3.6811e+02
20220419_21:00:00   1.7247e-01   4.5830e+01   3.2011e+00   0.0000e+00   3.6218e-04   3.6703e+02
20220419_22:00:00   1.7114e-01   4.5351e+01   3.2256e+00   0.0000e+00   4.8904e-03   3.6570e+02
20220419_23:00:00   1.8752e-01   4.8781e+01   3.5684e+00   0.0000e+00   1.7912e-02   3.6632e+02
20220420_00:00:00   2.0767e-01   5.3022e+01   3.9780e+00   0.0000e+00   2.0963e-02   3.6641e+02
20220420_01:00:00   2.2512e-01   5.6808e+01   4.3032e+00   0.0000e+00   3.8889e-03   3.6565e+02
20220420_02:00:00   2.5382e-01   6.2783e+01   4.8207e+00   0.0000e+00   3.9581e-03   3.6564e+02
20220420_03:00:00   2.9684e-01   7.1368e+01   5.5739e+00   0.0000e+00   8.0123e-03   3.6438e+02
20220420_04:00:00   3.3512e-01   7.8719e+01   6.2062e+00   0.0000e+00   2.2498e-02   3.6206e+02
20220420_05:00:00   3.6001e-01   8.3380e+01   6.5007e+00   2.0920e-03   1.9670e-02   3.5997e+02
20220420_06:00:00   3.8133e-01   8.7235e+01   6.6735e+00   6.0820e-03   2.7012e-02   3.5964e+02
20220420_07:00:00   3.6355e-01   8.4219e+01   6.4069e+00   2.5520e-03   2.3453e-02   3.5994e+02
20220420_08:00:00   3.5007e-01   8.1917e+01   6.1127e+00   1.4701e-03   3.4457e-02   3.5960e+02
20220420_09:00:00   4.3895e-01   9.7682e+01   6.6173e+00   2.5637e-02   1.2370e-01   3.6185e+02
20220420_10:00:00   4.0032e-01   9.0745e+01   6.7415e+00   6.8450e-03   1.7925e-01   3.6195e+02
20220420_11:00:00   3.4879e-01   8.1399e+01   6.1967e+00   5.1360e-04   5.8673e-02   3.6252e+02
20220420_12:00:00   3.0949e-01   7.4076e+01   5.4988e+00   1.5330e-03   4.7917e-02   3.6272e+02
20220420_13:00:00   3.2060e-01   7.6075e+01   5.7993e+00   9.8630e-04   7.0807e-03   3.6270e+02
20220420_14:00:00   3.4940e-01   8.1186e+01   6.4033e+00   5.1720e-04   9.6725e-02   3.5982e+02
20220420_15:00:00   3.8137e-01   8.6941e+01   6.9539e+00   1.2331e-03   1.0515e-01   3.5966e+02
20220420_16:00:00   4.5387e-01   9.9275e+01   7.9520e+00   6.6650e-03   2.6433e-01   3.5923e+02
20220420_17:00:00   5.8617e-01   1.2038e+02   8.2905e+00   5.2520e-02   3.7223e-01   3.5777e+02
20220420_18:00:00   1.2418e+00   1.9229e+02   8.5567e+00   3.1858e-01   7.9447e-01   3.5818e+02
20220420_19:00:00   1.2956e+00   1.9646e+02   8.4879e+00   3.4368e-01   6.5334e-01   3.5689e+02
20220420_20:00:00   8.4015e-01   1.5392e+02   8.1208e+00   1.6272e-01   4.7635e-01   3.6105e+02
20220420_21:00:00   6.6719e-01   1.3190e+02   8.0965e+00   8.7794e-02   6.0519e-01   3.6266e+02
20220420_22:00:00   7.9191e-01   1.4789e+02   8.0087e+00   1.4468e-01   4.4561e-01   3.6574e+02
20220420_23:00:00   6.4346e-01   1.2862e+02   7.8317e+00   8.7722e-02   2.0551e-01   3.7006e+02
20220421_00:00:00   6.1614e-01   1.2505e+02   7.0309e+00   9.5190e-02   8.2209e-02   3.6991e+02
20220421_01:00:00   6.5928e-01   1.3091e+02   6.7029e+00   1.2104e-01   1.1725e-01   3.6670e+02
20220421_02:00:00   4.3015e-01   9.6106e+01   5.9781e+00   3.9059e-02   1.1582e-02   3.6601e+02
20220421_03:00:00   3.9661e-01   9.0219e+01   6.0269e+00   2.3810e-02   1.8949e-02   3.6361e+02
20220421_04:00:00   3.5630e-01   8.2689e+01   6.1854e+00   4.9420e-03   5.0690e-02   3.6164e+02
20220421_05:00:00   3.4850e-01   8.1215e+01   6.2135e+00   1.9469e-03   2.0527e-02   3.6326e+02
20220421_06:00:00   3.1489e-01   7.4964e+01   5.7563e+00   0.0000e+00   1.8309e-02   3.6186e+02
20220421_07:00:00   3.1727e-01   7.5327e+01   5.8085e+00   0.0000e+00   4.4930e-02   3.5912e+02
20220421_08:00:00   3.2440e-01   7.6726e+01   5.9122e+00   0.0000e+00   8.7061e-03   3.5890e+02
20220421_09:00:00   3.4187e-01   7.9854e+01   6.2069e+00   9.4860e-04   3.0563e-02   3.5760e+02
20220421_10:00:00   3.5070e-01   8.1444e+01   6.3641e+00   2.0400e-03   2.2398e-02   3.5775e+02
20220421_11:00:00   3.8284e-01   8.7250e+01   6.8308e+00   5.3082e-03   1.6842e-02   3.5753e+02
20220421_12:00:00   4.2261e-01   9.4347e+01   7.0787e+00   1.4505e-02   4.0439e-02   3.5599e+02
20220421_13:00:00   4.3731e-01   9.6852e+01   7.1333e+00   1.8801e-02   1.4424e-01   3.5463e+02
20220421_14:00:00   4.0243e-01   9.0701e+01   7.3018e+00   1.0281e-03   1.7537e-01   3.5221e+02
20220421_15:00:00   4.2385e-01   9.4520e+01   7.5769e+00   4.5862e-03   7.8927e-02   3.4977e+02
20220421_16:00:00   4.5788e-01   1.0016e+02   7.9215e+00   1.1146e-02   1.2698e-01   3.4826e+02
20220421_17:00:00   4.4031e-01   9.7196e+01   7.9093e+00   4.5740e-03   6.8711e-02   3.4931e+02
20220421_18:00:00   4.2187e-01   9.3936e+01   7.7724e+00   4.2504e-04   1.3624e-01   3.4996e+02
20220421_19:00:00   4.0415e-01   9.0911e+01   7.5105e+00   0.0000e+00   1.3792e-01   3.4860e+02
20220421_20:00:00   3.9315e-01   8.9002e+01   7.3540e+00   0.0000e+00   5.3140e-02   3.4579e+02
20220421_21:00:00   4.2054e-01   9.3487e+01   7.7399e+00   2.4940e-06   3.8474e-01   3.4378e+02
20220421_22:00:00   4.1181e-01   9.1939e+01   7.5904e+00   1.4340e-06   4.3876e-01   3.4452e+02
20220421_23:00:00   4.1952e-01   9.3308e+01   7.6948e+00   9.9560e-04   3.6689e-01   3.4612e+02
20220422_00:00:00   4.2938e-01   9.5076e+01   7.8424e+00   5.1630e-04   2.9085e-01   3.4735e+02
20220422_01:00:00   4.3328e-01   9.5754e+01   7.8971e+00   1.3200e-03   1.2716e-01   3.4863e+02
20220422_02:00:00   4.1640e-01   9.2904e+01   7.6794e+00   1.1649e-05   8.0057e-02   3.5005e+02
20220422_03:00:00   3.9817e-01   8.9777e+01   7.3508e+00   1.2238e-03   2.2872e-02   3.5129e+02
20220422_04:00:00   3.7628e-01   8.5899e+01   6.9419e+00   1.9710e-03   9.9186e-03   3.5157e+02
20220422_05:00:00   3.5563e-01   8.2194e+01   6.5050e+00   3.1268e-03   8.3827e-03   3.5057e+02
20220422_06:00:00   3.4931e-01   8.1147e+01   6.1093e+00   8.6700e-03   3.4051e-03   3.4967e+02
20220422_07:00:00   3.1647e-01   7.4969e+01   5.8608e+00   0.0000e+00   6.9252e-03   3.5002e+02
20220422_08:00:00   3.1461e-01   7.4637e+01   5.7707e+00   1.0829e-03   2.5080e-02   3.5440e+02
20220422_09:00:00   3.2711e-01   7.7025e+01   5.8205e+00   5.1358e-03   1.5960e-02   3.6117e+02
20220422_10:00:00   3.2664e-01   7.7228e+01   5.5793e+00   9.4799e-03   2.0161e-03   3.6139e+02
20220422_11:00:00   3.4321e-01   8.0747e+01   5.0830e+00   2.5819e-02   1.8451e-03   3.5920e+02
20220422_12:00:00   3.3946e-01   8.0157e+01   4.8015e+00   3.0166e-02   6.3448e-04   3.5844e+02
20220422_13:00:00   2.9823e-01   7.2113e+01   4.9447e+00   9.7114e-03   4.5766e-03   3.6207e+02
20220422_14:00:00   3.3780e-01   7.9489e+01   5.6092e+00   1.2596e-02   9.5683e-03   3.6408e+02
20220422_15:00:00   3.5894e-01   8.3299e+01   6.2282e+00   7.8106e-03   1.8868e-02   3.6566e+02
20220422_16:00:00   3.6257e-01   8.3928e+01   6.3061e+00   7.7516e-03   1.8428e-02   3.6565e+02
20220422_17:00:00   3.4518e-01   8.0647e+01   6.1008e+00   6.2070e-03   1.2708e-02   3.6379e+02
20220422_18:00:00   3.5060e-01   8.1504e+01   6.2187e+00   6.7890e-03   2.3292e-02   3.6239e+02
20220422_19:00:00   3.4330e-01   7.9897e+01   6.3634e+00   2.0074e-03   4.5008e-02   3.6028e+02
20220422_20:00:00   3.2494e-01   7.6243e+01   6.2110e+00   3.2390e-04   3.7934e-02   3.5900e+02
20220422_21:00:00   3.1536e-01   7.4330e+01   6.0782e+00   2.5400e-05   6.1237e-03   3.6058e+02
20220422_22:00:00   3.1115e-01   7.3626e+01   5.9620e+00   0.0000e+00   5.9734e-04   3.6365e+02
20220422_23:00:00   3.2181e-01   7.5808e+01   6.0800e+00   0.0000e+00   7.3572e-04   3.6425e+02
20220423_00:00:00   3.3896e-01   7.9104e+01   6.3443e+00   0.0000e+00   9.3363e-05   3.6156e+02
20220423_01:00:00   3.4435e-01   8.0260e+01   6.3573e+00   0.0000e+00   1.5261e-05   3.5849e+02
20220423_02:00:00   3.4568e-01   8.0600e+01   6.2979e+00   2.7270e-06   1.0874e-04   3.5894e+02
20220423_03:00:00   3.1359e-01   7.4742e+01   5.6253e+00   2.6760e-06   4.6930e-05   3.5777e+02
20220423_04:00:00   2.9498e-01   7.1182e+01   5.2402e+00   1.9473e-05   5.0658e-04   3.5653e+02
20220423_05:00:00   2.6644e-01   6.5628e+01   4.7134e+00   3.9796e-05   1.7692e-04   3.5575e+02
20220423_06:00:00   2.5081e-01   6.2486e+01   4.4241e+00   9.3110e-05   3.7956e-04   3.5347e+02
20220423_07:00:00   3.0111e-01   7.2546e+01   4.5688e+00   1.7773e-02   1.1003e-03   3.5191e+02
20220423_08:00:00   4.8875e-01   1.0513e+02   5.6923e+00   7.3210e-02   1.2699e-01   3.5197e+02
20220423_09:00:00   3.7743e-01   8.6351e+01   5.9014e+00   1.6919e-02   1.8463e-01   3.5335e+02
20220423_10:00:00   3.8048e-01   8.6898e+01   6.2025e+00   1.1767e-02   1.1544e-01   3.5389e+02
20220423_11:00:00   5.1888e-01   1.1019e+02   6.7845e+00   5.9697e-02   4.1965e-02   3.5473e+02
20220423_12:00:00   6.9501e-01   1.3568e+02   7.5199e+00   1.1529e-01   2.6625e-01   3.5644e+02
20220423_13:00:00   1.1960e+00   1.8772e+02   7.5830e+00   3.3493e-01   1.3783e-01   3.5990e+02
20220423_14:00:00   2.1337e+00   2.3712e+02   7.5064e+00   7.4308e-01   1.8033e-01   3.6422e+02
20220423_15:00:00   2.4896e+00   2.4642e+02   7.3712e+00   9.0826e-01   3.0127e-01   3.6885e+02
20220423_16:00:00   2.4973e+00   2.4688e+02   7.5205e+00   8.9809e-01   5.3697e-01   3.6994e+02
20220423_17:00:00   1.6968e+00   2.2019e+02   7.2342e+00   5.4994e-01   2.4775e-01   3.7240e+02
20220423_18:00:00   3.4130e+00   2.5956e+02   7.4578e+00   1.3377e+00   9.1633e-01   3.8086e+02
20220423_21:00:00   4.3905e-01   9.6153e+01   5.4122e+00   5.0094e-02   5.6627e-01   3.9338e+02
20220424_00:00:00   2.7730e-01   6.6643e+01   4.7692e+00   4.0413e-05   2.1119e-02   3.9921e+02
20220424_03:00:00   3.7981e-01   8.5832e+01   5.3195e+00   2.9972e-02   1.7666e-01   4.0167e+02
20220424_06:00:00   3.1169e-01   7.3242e+01   5.3085e+00   9.6900e-04   1.6642e-01   3.9818e+02
20220424_09:00:00   3.4241e-01   7.9156e+01   5.5849e+00   6.9149e-03   1.9534e-01   3.9415e+02
20220424_12:00:00   3.6809e-01   8.4288e+01   5.3033e+00   2.6809e-02   1.7824e-02   3.9302e+02
20220424_15:00:00   3.1678e-01   7.4797e+01   5.3845e+00   4.1310e-03   6.0594e-03   3.8796e+02
20220424_18:00:00   3.6068e-01   8.3398e+01   5.5349e+00   2.1279e-02   1.5525e-03   3.7439e+02
20220424_21:00:00   2.7261e-01   6.6926e+01   4.8660e+00   1.3850e-05   1.4620e-06   3.6447e+02
20220425_00:00:00   2.5107e-01   6.2799e+01   4.1649e+00   8.2430e-03   1.3616e-03   3.5845e+02
20220425_03:00:00   2.1843e-01   5.5912e+01   3.9509e+00   5.9160e-04   2.5744e-05   3.5763e+02
20220425_06:00:00   2.0702e-01   5.3344e+01   3.8475e+00   0.0000e+00   0.0000e+00   3.5888e+02
20220425_09:00:00   2.0901e-01   5.3663e+01   3.9485e+00   0.0000e+00   0.0000e+00   3.5947e+02
20220425_12:00:00   2.5717e-01   6.3884e+01   4.2363e+00   1.3240e-02   5.5750e-06   3.5695e+02
20220425_15:00:00   2.6516e-01   6.5429e+01   4.6504e+00   7.0618e-03   1.7040e-05   3.5778e+02
20220425_18:00:00   2.1208e-01   5.4265e+01   4.0488e+00   0.0000e+00   0.0000e+00   3.5325e+02
20220425_21:00:00   1.8613e-01   4.8829e+01   3.5194e+00   0.0000e+00   2.7460e-06   3.5090e+02
20220426_00:00:00   1.8819e-01   4.9342e+01   3.5354e+00   0.0000e+00   0.0000e+00   3.4319e+02
20220426_03:00:00   2.0854e-01   5.3841e+01   3.8640e+00   0.0000e+00   0.0000e+00   3.4410e+02
20220426_06:00:00   2.0802e-01   5.3770e+01   3.8151e+00   0.0000e+00   0.0000e+00   3.5199e+02
20220426_09:00:00   1.9860e-01   5.1732e+01   3.6477e+00   0.0000e+00   0.0000e+00   3.5611e+02
20220426_12:00:00   2.6145e-01   6.4905e+01   4.7555e+00   0.0000e+00   1.6777e-05   3.5964e+02
20220426_15:00:00   9.4362e-01   1.6584e+02   6.7391e+00   2.4270e-01   1.4925e-02   3.5774e+02
20220426_18:00:00   2.9334e-01   7.1584e+01   5.2650e+00   0.0000e+00   6.8640e-06   3.5757e+02
20220426_21:00:00   2.7912e-01   6.8434e+01   5.1421e+00   0.0000e+00   1.3302e-04   3.6062e+02
20220427_00:00:00   3.5514e-01   8.2888e+01   6.5289e+00   0.0000e+00   0.0000e+00   3.5966e+02
20220427_03:00:00   3.6086e-01   8.3594e+01   6.7501e+00   0.0000e+00   6.3798e-03   3.5399e+02
20220427_06:00:00   4.2082e-01   9.4605e+01   7.6144e+00   6.2670e-04   2.5327e-03   3.5658e+02
20220427_09:00:00   4.8862e-01   1.0617e+02   7.8721e+00   2.1084e-02   1.2431e-02   3.4824e+02
20220427_12:00:00   4.9423e-01   1.0661e+02   9.0048e+00   3.6090e-04   1.3275e-01   3.4383e+02
20220427_15:00:00   5.4983e-01   1.1523e+02   9.9158e+00   1.3727e-03   2.7682e-01   3.4127e+02
20220427_18:00:00   1.0709e+00   1.7868e+02   9.9089e+00   2.1746e-01   2.3516e-01   3.4610e+02
20220427_21:00:00   4.9386e-01   1.0669e+02   9.1087e+00   0.0000e+00   2.4664e-02   3.4958e+02
20220428_00:00:00   4.3901e-01   9.7266e+01   8.2367e+00   0.0000e+00   5.3057e-02   3.5556e+02
20220428_03:00:00   4.3043e-01   9.5416e+01   7.9936e+00   0.0000e+00   2.9441e-01   3.5346e+02
20220428_06:00:00   4.5723e-01   1.0043e+02   8.4450e+00   0.0000e+00   3.0302e-02   3.5260e+02
20220428_09:00:00   4.7811e-01   1.0385e+02   8.7861e+00   4.4964e-04   1.2274e-01   3.5322e+02
20220428_12:00:00   4.9879e-01   1.0711e+02   9.0960e+00   1.5617e-03   1.4500e-01   3.5441e+02
20220428_15:00:00   5.6172e-01   1.1655e+02   9.3395e+00   1.4906e-02   7.5842e-01   3.5644e+02
20220428_18:00:00   5.1020e-01   1.0847e+02   9.1920e+00   1.5371e-04   4.9767e-01   3.6077e+02
20220428_21:00:00   5.3765e-01   1.1298e+02   9.0377e+00   1.3895e-02   4.4010e-01   3.6311e+02
20220429_00:00:00   8.1689e-01   1.5120e+02   8.5059e+00   1.4289e-01   4.1728e-01   3.6876e+02
20220429_03:00:00   1.0199e+00   1.7260e+02   8.1233e+00   2.3287e-01   9.4733e-01   3.6766e+02
20220429_06:00:00   3.9349e-01   8.8510e+01   6.7334e+00   5.9130e-03   2.9311e-01   3.7215e+02
20220429_09:00:00   3.4318e-01   7.9333e+01   6.1059e+00   0.0000e+00   2.2970e-01   3.8618e+02
20220429_12:00:00   3.4128e-01   7.9115e+01   6.1404e+00   3.8260e-05   9.2734e-02   3.9272e+02
20220429_15:00:00   4.0562e-01   9.0741e+01   7.1219e+00   2.1270e-03   1.8106e-01   3.9277e+02
20220429_18:00:00   5.4475e-01   1.1394e+02   7.3327e+00   5.4810e-02   3.0487e-01   3.9416e+02
20220429_21:00:00   4.9593e-01   1.0623e+02   7.2760e+00   3.7558e-02   1.6394e-01   3.9426e+02
20220430_00:00:00   4.3715e-01   9.6246e+01   7.3033e+00   1.2078e-02   2.5389e-01   3.9103e+02
20220430_03:00:00   5.3185e-01   1.1192e+02   7.2015e+00   5.6705e-02   1.3140e-01   3.8901e+02
20220430_06:00:00   4.5792e-01   9.9843e+01   7.0710e+00   2.8464e-02   2.7103e-01   3.8666e+02
20220430_09:00:00   5.5008e-01   1.1500e+02   6.9963e+00   7.1530e-02   2.4437e-02   3.8607e+02
20220430_12:00:00   3.9778e-01   9.0065e+01   6.5406e+00   1.8459e-02   1.7939e-02   3.7463e+02
20220430_15:00:00   3.3982e-01   7.9673e+01   6.1290e+00   3.4010e-03   1.0011e-04   3.7287e+02
20220430_18:00:00   1.5192e-01   4.1810e+01   1.4735e+00   2.6180e-02   5.1686e-05   3.7441e+02
20220430_21:00:00   9.8217e-02   2.9026e+01   1.2033e+00   1.0590e-02   5.9230e-05   3.6693e+02
20220501_00:00:00   7.2864e-02   2.2615e+01   1.2453e+00   1.1860e-04   8.3950e-07   3.6660e+02
20220501_03:00:00   7.6093e-02   2.3241e+01   1.3375e+00   0.0000e+00   2.4795e-04   3.6833e+02
20220501_06:00:00   9.6070e-02   2.7885e+01   1.7673e+00   0.0000e+00   8.2662e-04   3.7083e+02
20220501_09:00:00   1.2384e-01   3.4616e+01   2.2412e+00   0.0000e+00   8.4667e-05   3.7289e+02
20220501_12:00:00   3.4014e-01   8.0240e+01   3.3779e+00   6.3180e-02   5.8590e-04   3.7488e+02
20220501_15:00:00   3.1362e-01   7.4935e+01   3.7075e+00   4.4810e-02   2.7054e-03   3.7431e+02
20220501_18:00:00   1.7527e-01   4.6422e+01   2.8876e+00   4.6230e-03   8.4580e-05   3.7563e+02
20220501_21:00:00   1.3542e-01   3.7506e+01   2.2030e+00   2.8330e-03   1.0040e-04   3.7706e+02
20220502_00:00:00   1.0979e-01   3.1431e+01   1.8764e+00   8.1700e-06   1.1160e-06   3.7993e+02
20220502_03:00:00   1.3616e-01   3.7156e+01   2.4760e+00   0.0000e+00   0.0000e+00   3.8183e+02
20220502_06:00:00   1.6383e-01   4.3564e+01   2.9324e+00   0.0000e+00   0.0000e+00   3.8029e+02
20220502_09:00:00   1.1021e-01   3.1598e+01   1.8674e+00   0.0000e+00   4.1170e-06   3.8103e+02
20220502_12:00:00   8.3490e-02   2.5310e+01   1.3386e+00   0.0000e+00   0.0000e+00   3.8137e+02
20220502_15:00:00   7.7794e-02   2.3947e+01   1.2473e+00   1.7490e-05   1.5550e-06   3.8137e+02
20220502_18:00:00   8.6352e-02   2.5851e+01   1.4671e+00   0.0000e+00   2.5882e-03   3.8153e+02
20220502_21:00:00   9.2430e-02   2.7217e+01   1.6096e+00   0.0000e+00   1.9720e-03   3.8290e+02
20220503_00:00:00   1.0082e-01   2.9210e+01   1.7845e+00   0.0000e+00   6.6977e-05   3.8302e+02
20220503_03:00:00   9.5817e-02   2.8292e+01   1.6286e+00   0.0000e+00   0.0000e+00   3.8082e+02
20220503_06:00:00   9.3112e-02   2.7769e+01   1.5536e+00   0.0000e+00   0.0000e+00   3.7727e+02
20220503_09:00:00   1.0650e-01   3.0823e+01   1.8538e+00   0.0000e+00   0.0000e+00   3.7112e+02
20220503_12:00:00   1.5875e-01   4.2743e+01   2.8800e+00   0.0000e+00   0.0000e+00   3.7264e+02
20220503_15:00:00   2.4191e-01   6.0845e+01   4.2468e+00   1.1783e-03   2.0433e-04   3.7607e+02
20220503_18:00:00   2.2651e-01   5.7757e+01   4.0131e+00   7.6410e-06   1.0734e-03   3.7339e+02
20220503_21:00:00   2.3452e-01   5.9541e+01   3.7343e+00   9.7800e-03   3.8026e-03   3.7400e+02
20220504_00:00:00   2.7238e-01   6.7267e+01   3.9749e+00   1.9980e-02   1.4349e-02   3.7673e+02
20220504_03:00:00   3.2241e-01   7.6689e+01   4.8587e+00   2.0952e-02   3.2781e-02   3.7708e+02
20220504_06:00:00   3.7880e-01   8.7105e+01   5.2236e+00   3.6480e-02   9.9114e-03   3.7998e+02
20220504_09:00:00   2.8901e-01   7.0139e+01   4.9367e+00   6.3580e-03   2.6923e-03   3.7792e+02
20220504_12:00:00   5.0948e-01   1.0970e+02   5.5096e+00   8.5510e-02   4.9617e-03   3.6696e+02
20220504_15:00:00   6.1426e-01   1.2530e+02   6.8649e+00   9.8844e-02   6.0323e-02   3.6565e+02
20220504_18:00:00   4.2578e-01   9.5348e+01   7.3737e+00   8.1436e-03   2.6466e-02   3.6690e+02
