#            date       tau255        Tb[K]      pwv[mm] lwp[kg*m^-2] iwp[kg*m^-2]       o3[DU]
20231020_18:00:00   1.9099e+00   2.3153e+02   9.0543e+00   5.8705e-01   2.8392e-02   3.0611e+02
20231020_19:00:00   2.2402e+00   2.4268e+02   9.3883e+00   7.1907e-01   2.2708e-01   3.0912e+02
20231020_20:00:00   2.0639e+00   2.3719e+02   9.5166e+00   6.3839e-01   3.5856e-01   3.1182e+02
20231020_21:00:00   1.7893e+00   2.2626e+02   9.7051e+00   5.1851e-01   3.7818e-01   3.1070e+02
20231020_22:00:00   8.9294e-01   1.6076e+02   9.2202e+00   1.5663e-01   1.3849e-01   3.1207e+02
20231020_23:00:00   9.2854e-01   1.6452e+02   9.3038e+00   1.7041e-01   2.2236e-02   3.1083e+02
20231021_00:00:00   7.1540e-01   1.3936e+02   9.1010e+00   8.5417e-02   6.1521e-02   3.1222e+02
20231021_01:00:00   7.0237e-01   1.3774e+02   8.9435e+00   8.2498e-02   9.0243e-02   3.1548e+02
20231021_02:00:00   7.9130e-01   1.4921e+02   8.4762e+00   1.3228e-01   2.0529e-02   3.1589e+02
20231021_03:00:00   5.8607e-01   1.2153e+02   7.2198e+00   7.9960e-02   1.5652e-04   3.1552e+02
20231021_04:00:00   3.8429e-01   8.8176e+01   6.4971e+00   1.2340e-02   1.1523e-04   3.1595e+02
20231021_05:00:00   3.3416e-01   7.9120e+01   5.9188e+00   2.1064e-04   7.0705e-04   3.1644e+02
20231021_06:00:00   3.7346e-01   8.6256e+01   6.4619e+00   2.2800e-03   2.1757e-02   3.1616e+02
20231021_07:00:00   4.1097e-01   9.2701e+01   7.1016e+00   2.2151e-03   5.3755e-02   3.1580e+02
20231021_08:00:00   4.3719e-01   9.6978e+01   7.5986e+00   1.4181e-03   1.0371e-01   3.1838e+02
20231021_09:00:00   3.8699e-01   8.8359e+01   6.8247e+00   4.6780e-04   6.4953e-02   3.2187e+02
20231021_10:00:00   3.3033e-01   7.8045e+01   5.8894e+00   2.0293e-04   2.7859e-02   3.2475e+02
20231021_11:00:00   3.1803e-01   7.5561e+01   5.6907e+00   1.2808e-03   6.0248e-02   3.2731e+02
20231021_12:00:00   2.6303e-01   6.5177e+01   4.5110e+00   5.2530e-03   2.5166e-03   3.2741e+02
20231021_13:00:00   2.8534e-01   6.9838e+01   4.3278e+00   1.7450e-02   5.3970e-06   3.2456e+02
20231021_14:00:00   3.0322e-01   7.3441e+01   4.1910e+00   2.7261e-02   5.6780e-06   3.2099e+02
20231021_15:00:00   2.8789e-01   7.0346e+01   4.0947e+00   2.3174e-02   2.6628e-05   3.2348e+02
20231021_16:00:00   2.3444e-01   5.9409e+01   3.8211e+00   6.9230e-03   5.4075e-06   3.2358e+02
20231021_17:00:00   2.2702e-01   5.7783e+01   3.8490e+00   2.2650e-03   5.8455e-06   3.2360e+02
20231021_18:00:00   2.3204e-01   5.8721e+01   4.0265e+00   7.0730e-04   5.0510e-06   3.2126e+02
20231021_19:00:00   2.4192e-01   6.0677e+01   4.2675e+00   4.8420e-06   7.7470e-07   3.1846e+02
20231021_20:00:00   2.6142e-01   6.4581e+01   4.6170e+00   0.0000e+00   1.7737e-06   3.1814e+02
20231021_21:00:00   2.7431e-01   6.7155e+01   4.8317e+00   0.0000e+00   0.0000e+00   3.1383e+02
20231021_22:00:00   2.7514e-01   6.7407e+01   4.7968e+00   0.0000e+00   2.3156e-06   3.1229e+02
20231021_23:00:00   2.6877e-01   6.6248e+01   4.6399e+00   0.0000e+00   9.7360e-06   3.1304e+02
20231022_00:00:00   2.4847e-01   6.2195e+01   4.3364e+00   0.0000e+00   4.8870e-06   3.1453e+02
20231022_01:00:00   2.3026e-01   5.8436e+01   4.0587e+00   0.0000e+00   1.3980e-06   3.1230e+02
20231022_02:00:00   2.3709e-01   5.9840e+01   4.1675e+00   0.0000e+00   7.5320e-07   3.0844e+02
20231022_03:00:00   2.2447e-01   5.7190e+01   3.9448e+00   0.0000e+00   4.7620e-07   3.1016e+02
20231022_04:00:00   2.1201e-01   5.4521e+01   3.7617e+00   0.0000e+00   1.2482e-04   3.1113e+02
20231022_05:00:00   2.0322e-01   5.2631e+01   3.6564e+00   0.0000e+00   4.0239e-04   3.0830e+02
20231022_06:00:00   2.0345e-01   5.2717e+01   3.6879e+00   0.0000e+00   0.0000e+00   3.0811e+02
20231022_07:00:00   2.0201e-01   5.2441e+01   3.6872e+00   0.0000e+00   0.0000e+00   3.0790e+02
20231022_08:00:00   1.9774e-01   5.1418e+01   3.7049e+00   0.0000e+00   4.9761e-05   3.0837e+02
20231022_09:00:00   1.9807e-01   5.1293e+01   3.8261e+00   0.0000e+00   1.1308e-03   3.0815e+02
20231022_10:00:00   2.0751e-01   5.3128e+01   4.0947e+00   0.0000e+00   4.3532e-03   3.0749e+02
20231022_11:00:00   2.3563e-01   5.8810e+01   4.7116e+00   0.0000e+00   2.1392e-02   3.0764e+02
20231022_12:00:00   2.6201e-01   6.4001e+01   5.1904e+00   0.0000e+00   1.5944e-01   3.0825e+02
20231022_13:00:00   2.8361e-01   6.8205e+01   5.6572e+00   0.0000e+00   1.3136e-01   3.0708e+02
20231022_14:00:00   2.9725e-01   7.0833e+01   5.9492e+00   0.0000e+00   9.5496e-02   3.0163e+02
20231022_15:00:00   3.0096e-01   7.1548e+01   6.0429e+00   0.0000e+00   7.5516e-02   3.0078e+02
20231022_16:00:00   3.2244e-01   7.5741e+01   6.4302e+00   0.0000e+00   2.7522e-02   3.0043e+02
20231022_17:00:00   3.3572e-01   7.8289e+01   6.6894e+00   0.0000e+00   1.5043e-02   3.0017e+02
20231022_18:00:00   3.3532e-01   7.8433e+01   6.6497e+00   0.0000e+00   2.5280e-04   2.9919e+02
20231022_19:00:00   3.2897e-01   7.7473e+01   6.4405e+00   0.0000e+00   8.0319e-05   2.9729e+02
20231022_20:00:00   3.4842e-01   8.1183e+01   6.7646e+00   0.0000e+00   4.6444e-05   2.9755e+02
20231022_21:00:00   3.5408e-01   8.2369e+01   6.8560e+00   0.0000e+00   2.7460e-06   2.9692e+02
20231022_22:00:00   3.5912e-01   8.3314e+01   6.9260e+00   0.0000e+00   1.1934e-04   2.9297e+02
20231022_23:00:00   3.7995e-01   8.7109e+01   7.3097e+00   0.0000e+00   1.4416e-03   2.9129e+02
20231023_00:00:00   4.1533e-01   9.3394e+01   7.9087e+00   1.9609e-04   1.0392e-02   2.9194e+02
20231023_01:00:00   7.1497e-01   1.3892e+02   8.9374e+00   9.9165e-02   5.5654e-02   2.9236e+02
20231023_02:00:00   1.2262e+00   1.9160e+02   1.0470e+01   2.7353e-01   5.7114e-02   2.9420e+02
20231023_03:00:00   1.3291e+00   1.9996e+02   1.1518e+01   2.8865e-01   3.6953e-02   2.9642e+02
20231023_04:00:00   1.5817e+00   2.1611e+02   1.1839e+01   3.8439e-01   9.8841e-02   2.9464e+02
20231023_05:00:00   9.0543e-01   1.6257e+02   1.1815e+01   1.0206e-01   1.2642e-02   2.9403e+02
20231023_06:00:00   9.7267e-01   1.6983e+02   1.1798e+01   1.2835e-01   7.8146e-02   2.9065e+02
20231023_07:00:00   9.3974e-01   1.6614e+02   1.1448e+01   1.2519e-01   6.2107e-02   2.9107e+02
20231023_08:00:00   7.4925e-01   1.4412e+02   1.0656e+01   6.2709e-02   8.9739e-02   2.9140e+02
20231023_09:00:00   7.5435e-01   1.4497e+02   8.9021e+00   1.0531e-01   7.7110e-02   2.9204e+02
20231023_10:00:00   7.8770e-01   1.4922e+02   9.0509e+00   1.1833e-01   7.9957e-02   2.8984e+02
20231023_11:00:00   6.8387e-01   1.3591e+02   9.7389e+00   6.2366e-02   1.1795e-01   2.8534e+02
20231023_12:00:00   6.6496e-01   1.3321e+02   1.0748e+01   3.3520e-02   1.3635e-01   2.8297e+02
20231023_13:00:00   6.7149e-01   1.3413e+02   1.0953e+01   3.1139e-02   1.4052e-01   2.8493e+02
20231023_14:00:00   7.1601e-01   1.4005e+02   1.1071e+01   4.7422e-02   9.2006e-02   2.8558e+02
20231023_15:00:00   5.8013e-01   1.2126e+02   1.0456e+01   5.3645e-03   5.1228e-02   2.8861e+02
20231023_16:00:00   5.9450e-01   1.2319e+02   1.0979e+01   2.9199e-04   1.2063e-01   2.8986e+02
20231023_17:00:00   6.6651e-01   1.3325e+02   1.2012e+01   1.0760e-03   3.3668e-01   2.8974e+02
20231023_18:00:00   9.1382e-01   1.6381e+02   1.2655e+01   8.2662e-02   5.0061e-01   2.9110e+02
20231023_19:00:00   1.2750e+00   1.9695e+02   1.2593e+01   2.3382e-01   4.4480e-01   2.9360e+02
20231023_20:00:00   1.2315e+00   1.9350e+02   1.2562e+01   2.1590e-01   3.8573e-01   2.9176e+02
20231023_21:00:00   1.7337e+00   2.2438e+02   1.2508e+01   4.2929e-01   5.5400e-01   2.9292e+02
20231023_22:00:00   1.1033e+00   1.8216e+02   1.1861e+01   1.8541e-01   2.3135e-01   2.9290e+02
20231023_23:00:00   7.8316e-01   1.4859e+02   1.1505e+01   5.9459e-02   1.4838e-01   2.9211e+02
20231024_00:00:00   7.1875e-01   1.4018e+02   1.1243e+01   3.8697e-02   3.1507e-01   2.8908e+02
20231024_01:00:00   7.9507e-01   1.4979e+02   1.1557e+01   6.2920e-02   2.9498e-01   2.9414e+02
20231024_02:00:00   6.4984e-01   1.3049e+02   1.1288e+01   1.1284e-02   3.1748e-01   2.9245e+02
20231024_03:00:00   9.0297e-01   1.6214e+02   1.1427e+01   1.1219e-01   1.4103e-01   2.9563e+02
20231024_04:00:00   8.0174e-01   1.5026e+02   1.1772e+01   6.1065e-02   1.9931e-01   2.9530e+02
20231024_05:00:00   1.4097e+00   2.0611e+02   1.2047e+01   2.9897e-01   7.8544e-01   2.9016e+02
20231024_06:00:00   1.5030e+00   2.1172e+02   1.1878e+01   3.4964e-01   3.7360e-01   2.9358e+02
20231024_07:00:00   8.1484e-01   1.5181e+02   1.1462e+01   6.8426e-02   6.5704e-01   2.9828e+02
20231024_08:00:00   8.8670e-01   1.6018e+02   1.1592e+01   9.4687e-02   5.6222e-01   2.9677e+02
20231024_09:00:00   1.1975e+00   1.9022e+02   1.1498e+01   2.2420e-01   5.9152e-01   2.9896e+02
20231024_10:00:00   1.2474e+00   1.9406e+02   1.1217e+01   2.5430e-01   3.2835e-01   3.0040e+02
20231024_11:00:00   1.1826e+00   1.8897e+02   1.0777e+01   2.3841e-01   9.9156e-02   3.0507e+02
20231024_12:00:00   1.0862e+00   1.8104e+02   9.7542e+00   2.2053e-01   1.6722e-02   3.0717e+02
20231024_13:00:00   1.2541e+00   1.9583e+02   8.5833e+00   3.1169e-01   6.7524e-04   3.0890e+02
20231024_14:00:00   1.6369e+00   2.2032e+02   7.6085e+00   4.9370e-01   9.3110e-04   3.0302e+02
20231024_15:00:00   7.2569e-01   1.4255e+02   6.3555e+00   1.4478e-01   1.5616e-04   2.9878e+02
20231024_16:00:00   5.4752e-01   1.1720e+02   5.7690e+00   8.6420e-02   1.0065e-04   2.8837e+02
20231024_17:00:00   3.6830e-01   8.6596e+01   5.5580e+00   1.9246e-02   4.9500e-05   2.8659e+02
20231024_18:00:00   3.0087e-01   7.3654e+01   5.0421e+00   5.8500e-03   1.8263e-05   2.8768e+02
20231024_19:00:00   2.5238e-01   6.3832e+01   4.4168e+00   1.1937e-03   7.3020e-06   2.8888e+02
20231024_20:00:00   2.2246e-01   5.7442e+01   3.9982e+00   3.7000e-04   0.0000e+00   2.8868e+02
20231024_21:00:00   1.8739e-01   4.9730e+01   3.4412e+00   8.1570e-04   0.0000e+00   2.8885e+02
20231024_22:00:00   1.6226e-01   4.3905e+01   3.0782e+00   8.2340e-04   0.0000e+00   2.8752e+02
20231024_23:00:00   1.5745e-01   4.2553e+01   3.1040e+00   3.4700e-04   0.0000e+00   2.8614e+02
20231025_00:00:00   1.6516e-01   4.4092e+01   3.3382e+00   4.0300e-04   0.0000e+00   2.8735e+02
20231025_01:00:00   1.8364e-01   4.8178e+01   3.7200e+00   5.0500e-04   0.0000e+00   2.8834e+02
20231025_02:00:00   2.3091e-01   5.8319e+01   4.6363e+00   0.0000e+00   5.5090e-04   2.8592e+02
20231025_03:00:00   2.9544e-01   7.1543e+01   5.7790e+00   0.0000e+00   4.5510e-03   2.8659e+02
20231025_04:00:00   3.7761e-01   8.7014e+01   7.2509e+00   0.0000e+00   9.7536e-03   2.8508e+02
20231025_05:00:00   4.3376e-01   9.7159e+01   8.1254e+00   0.0000e+00   1.5708e-03   2.8864e+02
20231025_06:00:00   4.1601e-01   9.4695e+01   7.4839e+00   0.0000e+00   2.9720e-06   2.9141e+02
20231025_07:00:00   3.8386e-01   8.9219e+01   6.8136e+00   0.0000e+00   8.6850e-06   2.9013e+02
20231025_08:00:00   3.2729e-01   7.8803e+01   5.8597e+00   0.0000e+00   3.2570e-06   2.8895e+02
20231025_09:00:00   2.8992e-01   7.1518e+01   5.2773e+00   0.0000e+00   0.0000e+00   2.8439e+02
20231025_10:00:00   2.7094e-01   6.7645e+01   5.0573e+00   0.0000e+00   0.0000e+00   2.8030e+02
20231025_11:00:00   2.8871e-01   7.0993e+01   5.5322e+00   0.0000e+00   2.5836e-03   2.7684e+02
20231025_12:00:00   2.9183e-01   7.1643e+01   5.6156e+00   0.0000e+00   4.3092e-03   2.7478e+02
20231025_13:00:00   2.9141e-01   7.1490e+01   5.6794e+00   0.0000e+00   9.8434e-03   2.7321e+02
20231025_14:00:00   3.0296e-01   7.3537e+01   6.0249e+00   0.0000e+00   1.7793e-02   2.7178e+02
20231025_15:00:00   3.1048e-01   7.4776e+01   6.3005e+00   0.0000e+00   3.8601e-02   2.7114e+02
20231025_16:00:00   3.3077e-01   7.8407e+01   6.6935e+00   0.0000e+00   1.5792e-01   2.7012e+02
20231025_17:00:00   3.6865e-01   8.5343e+01   7.4516e+00   0.0000e+00   1.1837e-01   2.6803e+02
20231025_18:00:00   3.7925e-01   8.7335e+01   7.7807e+00   0.0000e+00   1.6362e-02   2.6617e+02
20231025_21:00:00   6.6722e-01   1.3258e+02   1.2782e+01   0.0000e+00   2.3568e-01   2.5829e+02
20231026_00:00:00   1.8972e+00   2.3141e+02   1.4490e+01   4.5543e-01   5.6126e-01   2.5789e+02
20231026_03:00:00   3.0373e+00   2.6020e+02   1.4432e+01   9.3440e-01   1.7144e-01   2.5742e+02
20231026_06:00:00   9.5039e-01   1.6785e+02   1.4695e+01   6.1373e-02   1.0941e-01   2.5784e+02
20231026_09:00:00   2.8789e+00   2.5775e+02   1.4556e+01   8.6139e-01   3.9723e-01   2.5747e+02
20231026_12:00:00   4.2511e+00   2.7028e+02   1.4503e+01   1.4247e+00   1.0372e+00   2.6007e+02
20231026_15:00:00   2.0569e+00   2.3702e+02   1.2457e+01   5.6893e-01   9.4320e-01   2.6917e+02
20231026_18:00:00   5.6210e-01   1.1705e+02   8.3781e+00   3.5403e-02   4.3986e-01   2.8227e+02
20231026_21:00:00   7.9036e-01   1.4806e+02   6.7536e+00   1.7339e-01   8.6337e-02   2.9340e+02
20231027_00:00:00   8.1958e-01   1.5134e+02   6.3808e+00   1.9399e-01   1.1514e-01   2.9329e+02
20231027_03:00:00   2.9217e-01   7.0766e+01   4.3759e+00   1.6165e-02   8.1520e-04   2.9434e+02
20231027_06:00:00   3.0749e-01   7.3032e+01   5.4186e+00   6.3740e-04   5.9155e-03   2.8747e+02
20231027_09:00:00   3.3984e-01   7.9018e+01   6.0027e+00   3.4890e-05   1.5521e-02   2.8788e+02
20231027_12:00:00   3.0729e-01   7.3178e+01   5.4010e+00   1.2380e-03   9.1480e-03   2.9170e+02
20231027_15:00:00   3.9224e-01   8.8619e+01   6.5388e+00   1.0793e-02   5.5117e-02   2.9925e+02
20231027_18:00:00   6.7274e-01   1.3259e+02   6.6769e+00   1.2553e-01   2.3028e-02   2.9662e+02
20231027_21:00:00   1.1638e+00   1.8530e+02   6.8756e+00   3.2881e-01   2.5595e-01   2.9423e+02
20231028_00:00:00   1.0077e+00   1.7147e+02   7.2098e+00   2.5256e-01   2.0373e-01   3.0378e+02
20231028_03:00:00   1.1077e+00   1.8101e+02   6.9355e+00   2.9819e-01   2.7451e-01   3.2043e+02
20231028_06:00:00   1.8156e+00   2.2498e+02   6.4350e+00   6.2504e-01   1.5946e-01   3.2054e+02
20231028_09:00:00   5.0943e-01   1.0799e+02   6.4432e+00   5.6807e-02   5.7077e-01   3.3203e+02
20231028_12:00:00   2.2735e-01   5.7175e+01   3.9543e+00   1.0930e-03   4.1690e-02   3.2883e+02
20231028_15:00:00   2.0789e-01   5.3100e+01   3.6869e+00   3.7620e-06   0.0000e+00   3.1898e+02
20231028_18:00:00   2.1817e-01   5.5261e+01   3.8182e+00   7.4040e-04   6.6940e-04   3.2288e+02
20231028_21:00:00   2.0511e-01   5.2800e+01   3.5367e+00   1.6950e-04   1.4740e-06   3.2860e+02
20231029_00:00:00   2.3830e-01   5.9296e+01   4.3058e+00   0.0000e+00   5.7160e-02   3.1437e+02
20231029_03:00:00   5.0522e-01   1.0736e+02   7.3740e+00   3.2086e-02   5.2747e-01   3.1107e+02
20231029_06:00:00   6.0922e-01   1.2391e+02   7.3995e+00   8.1809e-02   5.6476e-02   2.9605e+02
20231029_09:00:00   4.2493e-01   9.5114e+01   7.4524e+00   6.1970e-03   1.6462e-04   2.9306e+02
20231029_12:00:00   3.5927e-01   8.3803e+01   6.7248e+00   0.0000e+00   1.9160e-04   2.8331e+02
20231029_15:00:00   3.1349e-01   7.4971e+01   6.1862e+00   0.0000e+00   1.8416e-02   2.7276e+02
20231029_18:00:00   3.1543e-01   7.5433e+01   6.1708e+00   0.0000e+00   5.8333e-03   2.6471e+02
20231029_21:00:00   1.4217e+00   2.0665e+02   8.1910e+00   4.1068e-01   6.0532e-03   2.6574e+02
20231030_00:00:00   1.0072e+00   1.7346e+02   8.2349e+00   2.4068e-01   4.4470e-03   2.6406e+02
20231030_03:00:00   5.5943e-01   1.1808e+02   9.0014e+00   4.3011e-02   2.5155e-03   2.6251e+02
20231030_06:00:00   4.8021e-01   1.0529e+02   9.4531e+00   0.0000e+00   3.8909e-03   2.5515e+02
20231030_09:00:00   5.0043e-01   1.0887e+02   9.7187e+00   0.0000e+00   2.1625e-03   2.5408e+02
20231030_12:00:00   9.3194e-01   1.6489e+02   1.2227e+01   1.1671e-01   2.2174e-01   2.5678e+02
20231030_15:00:00   1.6247e+00   2.1703e+02   1.3169e+01   3.9560e-01   3.7770e-01   2.5307e+02
20231030_18:00:00   2.1701e+00   2.4080e+02   1.3427e+01   6.0640e-01   1.8376e-01   2.5222e+02
20231030_21:00:00   6.2507e-01   1.2825e+02   1.0437e+01   3.0763e-02   6.4131e-03   2.5298e+02
20231031_00:00:00   6.3000e-01   1.2877e+02   1.1858e+01   7.1830e-04   2.5113e-02   2.5777e+02
20231031_03:00:00   5.4586e-01   1.1620e+02   1.0310e+01   4.2530e-04   5.7841e-02   2.6151e+02
20231031_06:00:00   6.8619e-01   1.3560e+02   1.1972e+01   1.8352e-02   3.4495e-01   2.6277e+02
20231031_09:00:00   1.4769e+00   2.1027e+02   1.2741e+01   3.1830e-01   7.3331e-01   2.6996e+02
20231031_12:00:00   3.2873e+00   2.6328e+02   1.1827e+01   1.1008e+00   5.6368e-01   2.7282e+02
20231031_15:00:00   4.0417e-01   9.2205e+01   6.5414e+00   9.0662e-03   6.9963e-02   2.9065e+02
20231031_18:00:00   1.5898e-01   4.3389e+01   2.8233e+00   0.0000e+00   0.0000e+00   2.9988e+02
20231031_21:00:00   3.1048e-01   7.4366e+01   5.8325e+00   0.0000e+00   2.7218e-04   3.0190e+02
20231101_00:00:00   1.1203e+00   1.8283e+02   9.0356e+00   2.5653e-01   1.0406e-01   3.0366e+02
20231101_03:00:00   2.0308e+00   2.3637e+02   1.0834e+01   5.9118e-01   2.3554e-01   3.0036e+02
20231101_06:00:00   2.6490e+00   2.5212e+02   1.0832e+01   8.5790e-01   2.8229e-01   2.9860e+02
20231101_09:00:00   1.7753e+00   2.2519e+02   9.6547e+00   5.1969e-01   8.1165e-02   3.0015e+02
20231101_12:00:00   5.3050e-01   1.1171e+02   9.4621e+00   5.9078e-03   1.8699e-01   3.0491e+02
20231101_15:00:00   8.9142e-01   1.5978e+02   8.0515e+00   1.8109e-01   2.5332e-01   3.0316e+02
20231101_18:00:00   1.0419e+00   1.7494e+02   7.1674e+00   2.6595e-01   2.6173e-01   2.9631e+02
20231101_21:00:00   6.0115e-01   1.2280e+02   5.9026e+00   1.0932e-01   1.3754e-01   3.0035e+02
20231102_00:00:00   2.1274e-01   5.3915e+01   4.0130e+00   4.6150e-04   4.4089e-03   2.9321e+02
20231102_03:00:00   3.2393e-01   7.5369e+01   6.1641e+00   1.7970e-05   1.3238e-01   2.9144e+02
20231102_06:00:00   4.4778e-01   9.7374e+01   7.9758e+00   0.0000e+00   5.4889e-01   2.9296e+02
20231102_09:00:00   7.4986e-01   1.4187e+02   8.2901e+00   1.1977e-01   6.6347e-01   2.7938e+02
20231102_12:00:00   9.4214e-01   1.6386e+02   8.4327e+00   1.9963e-01   6.7823e-01   2.8994e+02
20231102_15:00:00   3.3413e-01   7.7638e+01   6.4357e+00   0.0000e+00   1.7419e-01   2.9085e+02
20231102_18:00:00   2.2973e-01   5.7407e+01   4.8169e+00   0.0000e+00   1.0995e-02   2.7733e+02
20231102_21:00:00   2.5945e-01   6.3551e+01   5.4919e+00   0.0000e+00   1.1980e-02   2.6862e+02
20231103_00:00:00   3.1266e-01   7.4467e+01   6.5143e+00   0.0000e+00   1.3772e-04   2.5689e+02
20231103_03:00:00   3.6499e-01   8.5045e+01   7.3346e+00   0.0000e+00   5.4920e-06   2.4956e+02
20231103_06:00:00   4.4431e-01   9.9768e+01   8.5814e+00   0.0000e+00   1.5097e-05   2.4702e+02
20231103_09:00:00   5.1456e-01   1.1192e+02   9.4966e+00   4.9100e-03   4.2500e-05   2.4744e+02
20231103_12:00:00   5.7640e-01   1.2153e+02   1.0106e+01   1.4634e-02   2.9795e-05   2.4455e+02
20231103_15:00:00   1.1844e+00   1.9077e+02   1.1410e+01   2.2952e-01   1.6371e-03   2.4112e+02
20231103_18:00:00   1.3291e+00   2.0238e+02   1.1946e+01   2.7434e-01   6.0973e-04   2.3890e+02
20231103_21:00:00   1.3351e+00   2.0321e+02   1.2154e+01   2.7281e-01   2.2358e-03   2.4662e+02
20231104_00:00:00   9.5524e-01   1.7017e+02   1.2152e+01   1.2713e-01   2.9449e-03   2.5170e+02
20231104_03:00:00   9.4093e-01   1.6855e+02   1.3025e+01   1.0092e-01   4.6611e-03   2.5365e+02
20231104_06:00:00   6.3592e-01   1.3077e+02   1.2049e+01   4.4465e-03   1.7334e-02   2.5393e+02
20231104_09:00:00   5.6435e-01   1.2020e+02   1.1152e+01   0.0000e+00   2.5658e-02   2.6018e+02
20231104_12:00:00   6.0403e-01   1.2568e+02   1.1914e+01   0.0000e+00   6.7498e-03   2.5897e+02
20231104_15:00:00   5.2273e-01   1.1416e+02   9.7025e+00   0.0000e+00   0.0000e+00   2.5829e+02
20231104_18:00:00   7.7270e-01   1.5017e+02   8.6404e+00   1.1256e-01   2.2260e-05   2.6353e+02
20231104_21:00:00   6.1023e-01   1.2668e+02   1.0596e+01   1.7669e-02   3.2100e-04   2.6566e+02
20231105_00:00:00   6.1103e-01   1.2671e+02   1.0526e+01   2.1756e-02   2.8463e-05   2.6672e+02
20231105_03:00:00   6.5724e-01   1.3345e+02   1.0307e+01   4.6416e-02   1.4888e-03   2.7040e+02
20231105_06:00:00   4.7067e-01   1.0405e+02   9.1940e+00   2.1330e-03   1.1132e-02   2.7434e+02
20231105_09:00:00   3.7244e-01   8.6492e+01   7.3986e+00   2.8970e-03   8.9743e-04   2.7912e+02
20231105_12:00:00   3.0427e-01   7.3060e+01   6.2578e+00   9.7160e-05   3.3358e-04   2.7886e+02
20231105_15:00:00   2.7285e-01   6.6449e+01   5.6355e+00   2.1600e-04   5.4442e-03   2.7840e+02
20231105_18:00:00   2.5737e-01   6.3194e+01   5.2959e+00   0.0000e+00   1.2594e-03   2.7869e+02
