#            date       tau255        Tb[K]      pwv[mm] lwp[kg*m^-2] iwp[kg*m^-2]       o3[DU]
20240306_18:00:00   7.5304e-02   2.3109e+01   1.0943e+00   0.0000e+00   0.0000e+00   4.3634e+02
20240306_19:00:00   7.5110e-02   2.3065e+01   1.0934e+00   0.0000e+00   0.0000e+00   4.3656e+02
20240306_20:00:00   7.4483e-02   2.2920e+01   1.0854e+00   0.0000e+00   0.0000e+00   4.3194e+02
20240306_21:00:00   7.4399e-02   2.2910e+01   1.0876e+00   0.0000e+00   0.0000e+00   4.2763e+02
20240306_22:00:00   7.5274e-02   2.3130e+01   1.1047e+00   0.0000e+00   0.0000e+00   4.2085e+02
20240306_23:00:00   7.5271e-02   2.3126e+01   1.1078e+00   0.0000e+00   0.0000e+00   4.1484e+02
20240307_00:00:00   7.4426e-02   2.2922e+01   1.0951e+00   0.0000e+00   0.0000e+00   4.0939e+02
20240307_01:00:00   7.2101e-02   2.2350e+01   1.0597e+00   0.0000e+00   0.0000e+00   4.0872e+02
20240307_02:00:00   6.9664e-02   2.1725e+01   1.0272e+00   0.0000e+00   0.0000e+00   4.0918e+02
20240307_03:00:00   6.7283e-02   2.1118e+01   9.9499e-01   0.0000e+00   0.0000e+00   4.0512e+02
20240307_04:00:00   6.6492e-02   2.0908e+01   9.9169e-01   0.0000e+00   0.0000e+00   3.9449e+02
20240307_05:00:00   6.6135e-02   2.0795e+01   9.9851e-01   0.0000e+00   0.0000e+00   3.8457e+02
20240307_06:00:00   6.6865e-02   2.0947e+01   1.0264e+00   0.0000e+00   0.0000e+00   3.7441e+02
20240307_07:00:00   7.0314e-02   2.1783e+01   1.1020e+00   0.0000e+00   0.0000e+00   3.6740e+02
20240307_08:00:00   7.7085e-02   2.3406e+01   1.2433e+00   0.0000e+00   0.0000e+00   3.6571e+02
20240307_09:00:00   8.6605e-02   2.5662e+01   1.4388e+00   0.0000e+00   0.0000e+00   3.6317e+02
20240307_10:00:00   9.9608e-02   2.8683e+01   1.7066e+00   0.0000e+00   1.2888e-04   3.5778e+02
20240307_11:00:00   1.1429e-01   3.2040e+01   2.0034e+00   0.0000e+00   2.3980e-04   3.5520e+02
20240307_12:00:00   1.2369e-01   3.4194e+01   2.1817e+00   0.0000e+00   0.0000e+00   3.5262e+02
20240307_13:00:00   1.3615e-01   3.7008e+01   2.4188e+00   0.0000e+00   0.0000e+00   3.5499e+02
20240307_14:00:00   1.5094e-01   4.0270e+01   2.7201e+00   0.0000e+00   9.1204e-04   3.5136e+02
20240307_15:00:00   1.7460e-01   4.5245e+01   3.2265e+00   0.0000e+00   5.8994e-03   3.4553e+02
20240307_16:00:00   1.7365e-01   4.5027e+01   3.2187e+00   0.0000e+00   1.4091e-02   3.4654e+02
20240307_17:00:00   1.5387e-01   4.0839e+01   2.8290e+00   0.0000e+00   5.0723e-03   3.4968e+02
20240307_18:00:00   1.2173e-01   3.3817e+01   2.1747e+00   0.0000e+00   6.5562e-04   3.5378e+02
20240307_19:00:00   1.0110e-01   2.9152e+01   1.7424e+00   0.0000e+00   3.5200e-06   3.6109e+02
20240307_20:00:00   1.0031e-01   2.9003e+01   1.7090e+00   0.0000e+00   0.0000e+00   3.6614e+02
20240307_21:00:00   9.5831e-02   2.8061e+01   1.5959e+00   0.0000e+00   0.0000e+00   3.6718e+02
20240307_22:00:00   9.7787e-02   2.8481e+01   1.6458e+00   0.0000e+00   0.0000e+00   3.6686e+02
20240307_23:00:00   1.0531e-01   3.0217e+01   1.8060e+00   0.0000e+00   0.0000e+00   3.6544e+02
20240308_00:00:00   1.1782e-01   3.3117e+01   2.0543e+00   0.0000e+00   0.0000e+00   3.6585e+02
20240308_01:00:00   1.3047e-01   3.5968e+01   2.3126e+00   0.0000e+00   0.0000e+00   3.6621e+02
20240308_02:00:00   1.4475e-01   3.9125e+01   2.6080e+00   0.0000e+00   0.0000e+00   3.6790e+02
20240308_03:00:00   1.5741e-01   4.1889e+01   2.8734e+00   0.0000e+00   2.4645e-04   3.7003e+02
20240308_04:00:00   1.6741e-01   4.4029e+01   3.0868e+00   0.0000e+00   4.9136e-05   3.6970e+02
20240308_05:00:00   1.8748e-01   4.8264e+01   3.4832e+00   0.0000e+00   1.2418e-03   3.7039e+02
20240308_06:00:00   2.1200e-01   5.3359e+01   3.9453e+00   0.0000e+00   9.8453e-03   3.7404e+02
20240308_07:00:00   2.4729e-01   6.0444e+01   4.5538e+00   0.0000e+00   2.4406e-02   3.7977e+02
20240308_08:00:00   2.9503e-01   6.9998e+01   5.3190e+00   0.0000e+00   1.6054e-02   3.8638e+02
20240308_09:00:00   3.2680e-01   7.6180e+01   5.7630e+00   0.0000e+00   9.6784e-02   3.8327e+02
20240308_10:00:00   3.4671e-01   7.9985e+01   6.0836e+00   0.0000e+00   7.4945e-02   3.7214e+02
20240308_11:00:00   3.6331e-01   8.2945e+01   6.3479e+00   0.0000e+00   1.5188e-01   3.7012e+02
20240308_12:00:00   3.8198e-01   8.6165e+01   6.6224e+00   1.0687e-05   3.3053e-01   3.7489e+02
20240308_13:00:00   4.3424e-01   9.5314e+01   6.7974e+00   1.5799e-02   5.5167e-01   3.7867e+02
20240308_14:00:00   3.9013e-01   8.7611e+01   6.7056e+00   0.0000e+00   4.5234e-01   3.7771e+02
20240308_15:00:00   3.8871e-01   8.7368e+01   6.5982e+00   1.4022e-03   4.3426e-01   3.8002e+02
20240308_16:00:00   5.2485e-01   1.1026e+02   6.3960e+00   6.4447e-02   4.4231e-01   3.8389e+02
20240308_17:00:00   6.6442e-01   1.3044e+02   6.2596e+00   1.3018e-01   4.3666e-01   3.8341e+02
20240308_18:00:00   5.3864e-01   1.1223e+02   5.8717e+00   8.3469e-02   4.4148e-01   3.9049e+02
20240308_19:00:00   4.6419e-01   1.0065e+02   4.0976e+00   1.0083e-01   6.3304e-02   3.9916e+02
20240308_20:00:00   4.9838e-01   1.0645e+02   3.1109e+00   1.4002e-01   2.3487e-02   4.0638e+02
20240308_21:00:00   3.5790e-01   8.2397e+01   3.0870e+00   7.7251e-02   4.3214e-02   4.0982e+02
20240308_22:00:00   1.4849e-01   4.0189e+01   2.2393e+00   5.2872e-03   2.0792e-03   4.1162e+02
20240308_23:00:00   2.6224e-01   6.4283e+01   2.4992e+00   4.9710e-02   5.1908e-03   4.0593e+02
20240309_00:00:00   2.3454e-01   5.8301e+01   3.1498e+00   2.1363e-02   1.5266e-02   4.0902e+02
20240309_01:00:00   1.7861e-01   4.6382e+01   3.0881e+00   0.0000e+00   1.8854e-03   4.1530e+02
20240309_02:00:00   1.9679e-01   5.0340e+01   3.3284e+00   8.9790e-04   8.8836e-04   4.0909e+02
20240309_03:00:00   2.5595e-01   6.2456e+01   3.9275e+00   1.1522e-02   6.7980e-03   4.0613e+02
20240309_04:00:00   3.5684e-01   8.1759e+01   4.0906e+00   5.2847e-02   1.7175e-02   4.0022e+02
20240309_05:00:00   3.1490e-01   7.3991e+01   4.1297e+00   3.2819e-02   3.0014e-02   4.0538e+02
20240309_06:00:00   2.8026e-01   6.7405e+01   3.8188e+00   2.5932e-02   2.6638e-02   4.0005e+02
20240309_07:00:00   2.8216e-01   6.7715e+01   3.9112e+00   2.4659e-02   3.1995e-02   3.9075e+02
20240309_08:00:00   2.2488e-01   5.6247e+01   3.9232e+00   0.0000e+00   1.3359e-02   3.8541e+02
20240309_09:00:00   2.4103e-01   5.9496e+01   4.2453e+00   3.7760e-05   9.3735e-03   3.7750e+02
20240309_10:00:00   3.1616e-01   7.3883e+01   5.5076e+00   2.8760e-03   4.4359e-02   3.8508e+02
20240309_11:00:00   3.3372e-01   7.7068e+01   5.7258e+00   5.3333e-03   1.4909e-01   3.7933e+02
20240309_12:00:00   3.4952e-01   7.9991e+01   6.0827e+00   3.9638e-03   1.2513e-01   3.7338e+02
20240309_13:00:00   3.6630e-01   8.2993e+01   6.3382e+00   9.0240e-04   4.4359e-01   3.6073e+02
20240309_14:00:00   3.7717e-01   8.4965e+01   6.3931e+00   5.4231e-03   3.7895e-01   3.6497e+02
20240309_15:00:00   3.7344e-01   8.4409e+01   6.4817e+00   2.3974e-03   3.1155e-01   3.6760e+02
20240309_16:00:00   3.7056e-01   8.3903e+01   6.5029e+00   1.1990e-04   4.0721e-01   3.6452e+02
20240309_17:00:00   3.7270e-01   8.4282e+01   6.5424e+00   0.0000e+00   3.8409e-01   3.6998e+02
20240309_18:00:00   3.6576e-01   8.2967e+01   6.3618e+00   3.2680e-05   4.6989e-01   3.7256e+02
20240309_19:00:00   3.9279e-01   8.7897e+01   6.2864e+00   1.3936e-02   4.0299e-01   3.8153e+02
20240309_20:00:00   3.7372e-01   8.4433e+01   6.1462e+00   6.9780e-03   5.6002e-01   3.8532e+02
20240309_21:00:00   3.6102e-01   8.2037e+01   6.0989e+00   8.5359e-04   7.1845e-01   3.8700e+02
20240309_22:00:00   3.6182e-01   8.2278e+01   6.1770e+00   0.0000e+00   6.4462e-01   3.8970e+02
20240309_23:00:00   3.5274e-01   8.0695e+01   6.1100e+00   0.0000e+00   4.3621e-01   3.9089e+02
20240310_00:00:00   3.5506e-01   8.1201e+01   6.0875e+00   2.3290e-03   3.9083e-01   3.9220e+02
20240310_01:00:00   3.5136e-01   8.0503e+01   6.0774e+00   3.0447e-05   4.6140e-01   3.9732e+02
20240310_02:00:00   3.4550e-01   7.9457e+01   5.9902e+00   0.0000e+00   3.6123e-01   4.0034e+02
20240310_03:00:00   3.4246e-01   7.8822e+01   5.9077e+00   0.0000e+00   4.2984e-01   4.0085e+02
20240310_04:00:00   3.3954e-01   7.8287e+01   5.8605e+00   0.0000e+00   4.0947e-01   4.0265e+02
20240310_05:00:00   3.3769e-01   7.7871e+01   5.8233e+00   0.0000e+00   4.6054e-01   4.0533e+02
20240310_06:00:00   3.4204e-01   7.8657e+01   5.8581e+00   0.0000e+00   5.3682e-01   4.1410e+02
20240310_07:00:00   3.5034e-01   8.0169e+01   5.9070e+00   6.2100e-04   6.9391e-01   4.3843e+02
20240310_08:00:00   3.4772e-01   7.9608e+01   5.8599e+00   3.2336e-04   7.3119e-01   4.4276e+02
20240310_09:00:00   3.7924e-01   8.5345e+01   5.7714e+00   1.4301e-02   8.1591e-01   4.4045e+02
20240310_10:00:00   4.2814e-01   9.3751e+01   5.4144e+00   4.4151e-02   8.6764e-01   4.4070e+02
20240310_11:00:00   2.9539e-01   6.9499e+01   4.4794e+00   1.4696e-02   4.0839e-01   4.4555e+02
20240310_12:00:00   2.1289e-01   5.3141e+01   3.5488e+00   2.0933e-03   2.6688e-01   4.5216e+02
20240310_13:00:00   1.5348e-01   4.0884e+01   2.5584e+00   0.0000e+00   2.9549e-02   4.5684e+02
20240310_14:00:00   1.5584e-01   4.1500e+01   2.5760e+00   6.5190e-07   1.5529e-04   4.5898e+02
20240310_15:00:00   1.6091e-01   4.2544e+01   2.6533e+00   1.0290e-03   5.5110e-05   4.5867e+02
20240310_16:00:00   1.6378e-01   4.3101e+01   2.7536e+00   0.0000e+00   1.6950e-05   4.6342e+02
20240310_17:00:00   1.6786e-01   4.3901e+01   2.8332e+00   0.0000e+00   2.2373e-05   4.6589e+02
20240310_18:00:00   1.6939e-01   4.4174e+01   2.8524e+00   0.0000e+00   4.8511e-05   4.6805e+02
20240310_19:00:00   1.5634e-01   4.1313e+01   2.6311e+00   0.0000e+00   7.7563e-05   4.6994e+02
20240310_20:00:00   1.4231e-01   3.8208e+01   2.3891e+00   0.0000e+00   2.3303e-05   4.7243e+02
20240310_21:00:00   1.3242e-01   3.5998e+01   2.2209e+00   0.0000e+00   1.2514e-05   4.7438e+02
20240310_22:00:00   1.2922e-01   3.5293e+01   2.1659e+00   0.0000e+00   7.5080e-05   4.7419e+02
20240310_23:00:00   1.3106e-01   3.5679e+01   2.2058e+00   0.0000e+00   1.6927e-04   4.7334e+02
20240311_00:00:00   1.3284e-01   3.6059e+01   2.2390e+00   0.0000e+00   6.1975e-05   4.7349e+02
20240311_01:00:00   1.2970e-01   3.5365e+01   2.1825e+00   0.0000e+00   3.7983e-04   4.7734e+02
20240311_02:00:00   1.2727e-01   3.4808e+01   2.1428e+00   0.0000e+00   1.5028e-03   4.7643e+02
20240311_03:00:00   1.2723e-01   3.4766e+01   2.1475e+00   0.0000e+00   1.2104e-03   4.7608e+02
20240311_04:00:00   1.2893e-01   3.5110e+01   2.1880e+00   0.0000e+00   6.7155e-04   4.7688e+02
20240311_05:00:00   1.2947e-01   3.5268e+01   2.1956e+00   0.0000e+00   3.7812e-04   4.8193e+02
20240311_06:00:00   1.2993e-01   3.5366e+01   2.2053e+00   0.0000e+00   2.8448e-03   4.8572e+02
20240311_07:00:00   1.3591e-01   3.6664e+01   2.3204e+00   0.0000e+00   1.3545e-03   4.8783e+02
20240311_08:00:00   1.3973e-01   3.7544e+01   2.3820e+00   0.0000e+00   1.6986e-03   4.8847e+02
20240311_09:00:00   1.4768e-01   3.9326e+01   2.5206e+00   0.0000e+00   9.8108e-04   4.9008e+02
20240311_10:00:00   1.5522e-01   4.1006e+01   2.6582e+00   0.0000e+00   2.9105e-04   4.9068e+02
20240311_11:00:00   1.6093e-01   4.2285e+01   2.7624e+00   0.0000e+00   3.6738e-04   4.9021e+02
20240311_12:00:00   1.7231e-01   4.4780e+01   2.9583e+00   0.0000e+00   9.1033e-04   4.9256e+02
20240311_13:00:00   1.9119e-01   4.8840e+01   3.2599e+00   1.4792e-04   1.7897e-03   4.9209e+02
20240311_14:00:00   2.0017e-01   5.0820e+01   3.3606e+00   1.0858e-03   1.6337e-03   4.8707e+02
20240311_15:00:00   1.9785e-01   5.0445e+01   3.3296e+00   7.4850e-05   1.4662e-03   4.8494e+02
20240311_16:00:00   1.8868e-01   4.8619e+01   3.1561e+00   0.0000e+00   1.4733e-04   4.8384e+02
20240311_17:00:00   1.8782e-01   4.8487e+01   3.1222e+00   0.0000e+00   8.6990e-05   4.8149e+02
20240311_18:00:00   1.8788e-01   4.8493e+01   3.1236e+00   0.0000e+00   4.5159e-04   4.7988e+02
20240311_21:00:00   1.7552e-01   4.5681e+01   2.9825e+00   0.0000e+00   1.2279e-02   4.8151e+02
20240312_00:00:00   1.8041e-01   4.6635e+01   3.0295e+00   1.8780e-03   1.0560e-03   4.8671e+02
20240312_03:00:00   1.7482e-01   4.5744e+01   2.4694e+00   1.2970e-02   2.0208e-04   4.8358e+02
20240312_06:00:00   9.5655e-02   2.8019e+01   1.5369e+00   0.0000e+00   3.2381e-04   4.7414e+02
20240312_09:00:00   1.4760e-01   3.9463e+01   2.6142e+00   9.8130e-04   3.2469e-03   4.7979e+02
20240312_12:00:00   1.9106e-01   4.9091e+01   3.4653e+00   4.3160e-04   2.4607e-03   4.6406e+02
20240312_15:00:00   2.4510e-01   6.0472e+01   4.3813e+00   1.6400e-03   2.0847e-04   4.4642e+02
20240312_18:00:00   1.7433e-01   4.6034e+01   3.1344e+00   2.3110e-04   8.6400e-06   4.4549e+02
20240312_21:00:00   1.6595e-01   4.4406e+01   2.9068e+00   1.5400e-03   1.8650e-05   4.1097e+02
20240313_00:00:00   1.6051e-01   4.3376e+01   2.8113e+00   0.0000e+00   0.0000e+00   4.0175e+02
20240313_03:00:00   1.4591e-01   4.0212e+01   2.5156e+00   0.0000e+00   0.0000e+00   3.9518e+02
20240313_06:00:00   1.3243e-01   3.7171e+01   2.2800e+00   0.0000e+00   0.0000e+00   3.9404e+02
20240313_09:00:00   1.2221e-01   3.4814e+01   2.0965e+00   0.0000e+00   0.0000e+00   3.8359e+02
20240313_12:00:00   1.1590e-01   3.3282e+01   2.0159e+00   0.0000e+00   2.8160e-05   3.8476e+02
20240313_15:00:00   1.1789e-01   3.3650e+01   2.0654e+00   0.0000e+00   5.8919e-03   3.8372e+02
20240313_18:00:00   1.1918e-01   3.3697e+01   2.1752e+00   0.0000e+00   2.1896e-02   3.9393e+02
20240313_21:00:00   1.5600e-01   4.1511e+01   3.0787e+00   0.0000e+00   1.5080e-02   3.9362e+02
20240314_00:00:00   1.5358e-01   4.1029e+01   3.0341e+00   0.0000e+00   2.6518e-02   3.8961e+02
20240314_03:00:00   2.0311e-01   5.1325e+01   4.0242e+00   0.0000e+00   1.0155e-01   3.8495e+02
20240314_06:00:00   2.2234e-01   5.5306e+01   4.4146e+00   0.0000e+00   1.9098e-02   3.7787e+02
20240314_09:00:00   2.2940e-01   5.6901e+01   4.5248e+00   0.0000e+00   6.5961e-03   3.7159e+02
20240314_12:00:00   2.2037e-01   5.5004e+01   4.3661e+00   0.0000e+00   2.3818e-02   3.6743e+02
20240314_15:00:00   2.6132e-01   6.3635e+01   4.9281e+00   2.8720e-03   1.3157e-03   3.6294e+02
20240314_18:00:00   3.2111e-01   7.5463e+01   5.5409e+00   1.1695e-02   4.8305e-03   3.5510e+02
20240314_21:00:00   4.3822e-01   9.6495e+01   6.2309e+00   4.3840e-02   1.1831e-02   3.4834e+02
20240315_00:00:00   3.6314e-01   8.2938e+01   6.6392e+00   5.4760e-04   2.8035e-02   3.3417e+02
20240315_03:00:00   4.0283e-01   8.9866e+01   7.2400e+00   4.8220e-04   9.0470e-02   3.1887e+02
20240315_06:00:00   4.0912e-01   9.0933e+01   7.3161e+00   0.0000e+00   1.0792e-01   3.0385e+02
20240315_09:00:00   4.0732e-01   9.0693e+01   7.2016e+00   1.2440e-05   1.5379e-01   3.0166e+02
20240315_12:00:00   4.4770e-01   9.7695e+01   7.1270e+00   1.9822e-02   9.1876e-02   3.0349e+02
20240315_15:00:00   4.5289e-01   9.8552e+01   6.9824e+00   2.7316e-02   5.2351e-02   2.9905e+02
20240315_18:00:00   4.4204e-01   9.6981e+01   6.5976e+00   3.2193e-02   1.2675e-02   3.0369e+02
20240315_21:00:00   5.9037e-01   1.2067e+02   6.0712e+00   1.0847e-01   1.4308e-02   3.0016e+02
20240316_00:00:00   7.1615e-01   1.3797e+02   5.7717e+00   1.7119e-01   9.7712e-03   3.0003e+02
20240316_03:00:00   3.6538e-01   8.3877e+01   5.2428e+00   3.3030e-02   4.7127e-04   3.0315e+02
20240316_06:00:00   2.6304e-01   6.4296e+01   4.8063e+00   8.3810e-04   5.6577e-05   3.0978e+02
20240316_09:00:00   2.4460e-01   6.0678e+01   4.5034e+00   0.0000e+00   1.4917e-05   3.1345e+02
20240316_12:00:00   2.8349e-01   6.8926e+01   4.1361e+00   2.3588e-02   2.0692e-04   3.1461e+02
20240316_15:00:00   8.3982e-01   1.5377e+02   4.6012e+00   2.4850e-01   1.9950e-03   3.1953e+02
20240316_18:00:00   8.5577e-01   1.5561e+02   4.2707e+00   2.6259e-01   4.3338e-03   3.2815e+02
20240316_21:00:00   1.8742e-01   4.9251e+01   3.3392e+00   0.0000e+00   3.3060e-06   3.2811e+02
20240317_00:00:00   1.9114e-01   5.0032e+01   3.3986e+00   0.0000e+00   2.2810e-06   3.2378e+02
20240317_03:00:00   1.8469e-01   4.8599e+01   3.3307e+00   2.7960e-06   0.0000e+00   3.2939e+02
20240317_06:00:00   1.8225e-01   4.8071e+01   3.2788e+00   0.0000e+00   1.5321e-03   3.3494e+02
20240317_09:00:00   1.9230e-01   4.9938e+01   3.5929e+00   0.0000e+00   4.2172e-02   3.3530e+02
20240317_12:00:00   2.9543e-01   7.0986e+01   4.5732e+00   2.2091e-02   3.6600e-02   3.3933e+02
20240317_15:00:00   6.7331e-01   1.3252e+02   6.4323e+00   1.3944e-01   2.3624e-02   3.4114e+02
20240317_18:00:00   4.8934e-01   1.0498e+02   7.0562e+00   4.3570e-02   3.7697e-02   3.5096e+02
20240317_21:00:00   4.2223e-01   9.3732e+01   7.4545e+00   9.0471e-04   5.1052e-02   3.5001e+02
20240318_00:00:00   4.8765e-01   1.0454e+02   7.6586e+00   1.8600e-02   3.7624e-01   3.4770e+02
20240318_03:00:00   5.7719e-01   1.1871e+02   7.5044e+00   6.0080e-02   2.8260e-01   3.4999e+02
20240318_06:00:00   5.7358e-01   1.1873e+02   6.5154e+00   8.3940e-02   4.5367e-02   3.4279e+02
20240318_09:00:00   6.4423e-01   1.2861e+02   6.6118e+00   1.1261e-01   1.4436e-02   3.5247e+02
20240318_12:00:00   4.7261e-01   1.0286e+02   6.2250e+00   4.6601e-02   3.8013e-03   3.5266e+02
20240318_15:00:00   3.8783e-01   8.8140e+01   6.2125e+00   1.1660e-02   1.4526e-02   3.4742e+02
20240318_18:00:00   3.4473e-01   8.0400e+01   5.7821e+00   3.1982e-03   3.0437e-04   3.4817e+02
20240318_21:00:00   3.4977e-01   8.1609e+01   4.8279e+00   2.9034e-02   5.1532e-04   3.4874e+02
20240319_00:00:00   1.9811e-01   5.1225e+01   3.3707e+00   2.2710e-03   7.1728e-03   3.6222e+02
20240319_03:00:00   1.4810e-01   3.9937e+01   2.6307e+00   1.1180e-05   1.5395e-03   3.7552e+02
20240319_06:00:00   1.6447e-01   4.3312e+01   2.9980e+00   0.0000e+00   5.4029e-03   3.8298e+02
20240319_09:00:00   1.9460e-01   4.9922e+01   3.5249e+00   0.0000e+00   3.0925e-03   3.7677e+02
20240319_12:00:00   2.2240e-01   5.5890e+01   3.9847e+00   0.0000e+00   6.8331e-03   3.7207e+02
20240319_15:00:00   2.3485e-01   5.8635e+01   4.1660e+00   1.4040e-06   3.1595e-03   3.7702e+02
20240319_18:00:00   2.6436e-01   6.4331e+01   4.7221e+00   0.0000e+00   5.9906e-02   3.8504e+02
20240319_21:00:00   2.9929e-01   7.1158e+01   5.1228e+00   4.7996e-03   2.9450e-02   3.8824e+02
20240320_00:00:00   3.2460e-01   7.5882e+01   5.4877e+00   5.7538e-03   1.7412e-02   3.9531e+02
20240320_03:00:00   3.1860e-01   7.4613e+01   5.5275e+00   2.2438e-03   4.0836e-02   3.9141e+02
20240320_06:00:00   2.9670e-01   7.0445e+01   5.2300e+00   1.6010e-03   7.4336e-03   3.9140e+02
20240320_09:00:00   2.7758e-01   6.6761e+01   4.8676e+00   3.4970e-03   1.7315e-02   3.9192e+02
20240320_12:00:00   2.7909e-01   6.7050e+01   4.8954e+00   3.3090e-03   5.0664e-02   4.0989e+02
20240320_15:00:00   3.0543e-01   7.2157e+01   5.2173e+00   5.9040e-03   7.7486e-02   4.0396e+02
20240320_18:00:00   2.8114e-01   6.7569e+01   4.7633e+00   6.6777e-03   4.5185e-02   4.0239e+02
20240320_21:00:00   2.0673e-01   5.2639e+01   3.4854e+00   4.2900e-03   2.4929e-02   4.1966e+02
20240321_00:00:00   1.6601e-01   4.4230e+01   2.3998e+00   1.0490e-02   5.5976e-04   4.0674e+02
20240321_03:00:00   1.4754e-01   4.0195e+01   2.0930e+00   9.4900e-03   1.6158e-03   3.9670e+02
20240321_06:00:00   1.8476e-01   4.8427e+01   2.4824e+00   1.6060e-02   1.7326e-03   3.7961e+02
20240321_09:00:00   1.5993e-01   4.2675e+01   2.7843e+00   7.2080e-04   1.7402e-04   3.8746e+02
20240321_12:00:00   2.3909e-01   5.9581e+01   3.3823e+00   2.0541e-02   3.1986e-04   3.9492e+02
20240321_15:00:00   3.8797e-01   8.7476e+01   5.5244e+00   2.8649e-02   9.9533e-02   3.7960e+02
20240321_18:00:00   3.2763e-01   7.6143e+01   5.4056e+00   5.1855e-03   2.7308e-01   3.7025e+02
20240321_21:00:00   2.9938e-01   7.1039e+01   4.0141e+00   3.1022e-02   9.9180e-02   3.7221e+02
20240322_00:00:00   2.7407e-01   6.5778e+01   4.4122e+00   7.9575e-03   1.0713e-01   3.8107e+02
20240322_03:00:00   3.5402e-01   8.1037e+01   4.7003e+00   3.3153e-02   1.7983e-01   3.9151e+02
20240322_06:00:00   3.0378e-01   7.1280e+01   4.9107e+00   1.5401e-03   5.5172e-01   4.0788e+02
20240322_09:00:00   2.8792e-01   6.8197e+01   4.7772e+00   1.4840e-04   3.3643e-01   4.2053e+02
20240322_12:00:00   2.9133e-01   6.8994e+01   4.8318e+00   3.0610e-03   9.2352e-02   4.2072e+02
20240322_15:00:00   2.9887e-01   7.0400e+01   4.9768e+00   7.2050e-06   3.3974e-01   4.2714e+02
20240322_18:00:00   2.9315e-01   6.9325e+01   4.8683e+00   0.0000e+00   2.9245e-01   4.2591e+02
