#            date       tau255        Tb[K]      pwv[mm] lwp[kg*m^-2] iwp[kg*m^-2]       o3[DU]
20240101_18:00:00   1.8705e-01   4.8639e+01   3.1922e+00   0.0000e+00   2.8061e-04   3.2108e+02
20240101_19:00:00   1.7646e-01   4.6400e+01   3.0144e+00   0.0000e+00   8.6065e-05   3.1263e+02
20240101_20:00:00   1.5740e-01   4.2253e+01   2.7110e+00   0.0000e+00   1.1071e-03   3.1063e+02
20240101_21:00:00   1.5083e-01   4.0738e+01   2.6468e+00   0.0000e+00   2.5888e-03   3.1126e+02
20240101_22:00:00   1.5998e-01   4.2615e+01   2.9259e+00   0.0000e+00   5.2917e-03   3.0133e+02
20240101_23:00:00   1.7045e-01   4.4785e+01   3.2332e+00   0.0000e+00   3.0401e-03   2.9799e+02
20240102_00:00:00   1.9630e-01   5.0212e+01   3.7730e+00   0.0000e+00   9.6260e-03   3.0423e+02
20240102_01:00:00   2.2908e-01   5.6869e+01   4.4780e+00   0.0000e+00   4.1090e-02   2.9799e+02
20240102_02:00:00   2.8426e-01   6.7870e+01   5.4863e+00   0.0000e+00   1.2068e-01   2.9164e+02
20240102_03:00:00   3.4768e-01   7.9949e+01   6.6069e+00   0.0000e+00   7.6303e-02   2.9054e+02
20240102_04:00:00   4.1585e-01   9.2075e+01   7.6763e+00   0.0000e+00   1.5200e-01   2.8586e+02
20240102_05:00:00   4.5088e-01   9.8089e+01   8.2436e+00   0.0000e+00   1.7095e-01   2.7919e+02
20240102_06:00:00   4.7408e-01   1.0202e+02   8.5943e+00   0.0000e+00   2.0407e-01   2.7905e+02
20240102_07:00:00   4.7322e-01   1.0198e+02   8.5122e+00   0.0000e+00   2.4667e-01   2.7966e+02
20240102_08:00:00   4.7510e-01   1.0234e+02   8.6743e+00   0.0000e+00   1.4096e-01   2.7717e+02
20240102_09:00:00   4.8896e-01   1.0471e+02   8.9804e+00   0.0000e+00   7.7040e-02   2.7320e+02
20240102_10:00:00   5.0380e-01   1.0706e+02   9.2516e+00   1.0190e-04   1.3630e-01   2.7152e+02
20240102_11:00:00   5.1207e-01   1.0843e+02   9.4327e+00   2.3030e-05   9.4589e-02   2.6538e+02
20240102_12:00:00   5.1269e-01   1.0865e+02   9.4960e+00   1.1220e-05   5.8202e-02   2.6348e+02
20240102_13:00:00   5.2405e-01   1.1034e+02   9.6562e+00   0.0000e+00   2.0736e-01   2.6552e+02
20240102_14:00:00   5.5366e-01   1.1480e+02   1.0000e+01   0.0000e+00   6.2093e-01   2.6308e+02
20240102_15:00:00   5.4159e-01   1.1290e+02   9.7869e+00   0.0000e+00   7.3444e-01   2.5695e+02
20240102_16:00:00   5.4713e-01   1.1376e+02   9.9808e+00   0.0000e+00   5.0940e-01   2.5624e+02
20240102_17:00:00   5.4998e-01   1.1424e+02   1.0033e+01   0.0000e+00   4.4000e-01   2.5733e+02
20240102_18:00:00   5.4276e-01   1.1326e+02   9.9289e+00   0.0000e+00   3.6233e-01   2.5854e+02
20240102_19:00:00   6.1730e-01   1.2442e+02   9.8038e+00   3.4736e-02   2.2270e-01   2.6029e+02
20240102_20:00:00   5.4291e-01   1.1337e+02   9.7731e+00   3.2610e-04   3.3722e-01   2.6181e+02
20240102_21:00:00   5.4014e-01   1.1309e+02   9.6546e+00   1.7554e-03   2.2312e-01   2.6576e+02
20240102_22:00:00   6.4982e-01   1.2935e+02   9.8039e+00   4.3435e-02   2.8713e-01   2.6923e+02
20240102_23:00:00   1.6350e+00   2.1739e+02   9.9009e+00   4.5421e-01   6.2245e-01   2.7255e+02
20240103_00:00:00   1.0713e+00   1.7774e+02   9.4932e+00   2.2526e-01   5.0761e-01   2.7448e+02
20240103_01:00:00   8.7446e-01   1.5750e+02   9.3634e+00   1.4449e-01   6.4440e-01   2.7808e+02
20240103_02:00:00   5.4250e-01   1.1338e+02   8.5898e+00   2.7396e-02   3.2094e-01   2.8280e+02
20240103_03:00:00   2.5194e-01   6.2342e+01   4.5963e+00   2.4875e-03   2.9897e-02   2.8895e+02
20240103_04:00:00   1.0484e-01   3.0490e+01   1.8123e+00   1.6570e-05   3.2283e-02   2.9101e+02
20240103_05:00:00   1.0754e-01   3.0732e+01   1.9780e+00   0.0000e+00   5.0651e-02   2.9241e+02
20240103_06:00:00   1.0833e-01   3.0703e+01   1.9701e+00   0.0000e+00   1.8117e-01   2.9381e+02
20240103_07:00:00   1.0695e-01   3.0369e+01   1.9374e+00   0.0000e+00   1.8995e-01   2.9459e+02
20240103_08:00:00   1.0125e-01   2.9134e+01   1.8449e+00   0.0000e+00   8.8469e-02   2.9574e+02
20240103_09:00:00   1.0453e-01   2.9870e+01   1.9328e+00   0.0000e+00   5.1183e-02   2.9714e+02
20240103_10:00:00   1.0799e-01   3.0629e+01   1.9778e+00   0.0000e+00   9.8517e-02   2.9645e+02
20240103_11:00:00   1.0127e-01   2.9041e+01   1.8346e+00   0.0000e+00   1.1249e-01   2.9494e+02
20240103_12:00:00   1.1411e-01   3.2279e+01   2.0194e+00   0.0000e+00   1.1325e-01   2.9275e+02
20240103_13:00:00   1.1531e-01   3.2539e+01   2.0571e+00   0.0000e+00   7.5206e-02   2.9636e+02
20240103_14:00:00   1.7065e-01   4.5343e+01   2.8623e+00   2.3777e-03   8.1875e-03   2.9853e+02
20240103_15:00:00   3.3961e-01   7.9954e+01   3.2140e+00   6.5600e-02   6.2715e-03   2.9519e+02
20240103_16:00:00   1.3900e+00   2.0157e+02   4.0380e+00   5.0197e-01   3.8430e-02   2.9311e+02
20240103_17:00:00   8.3746e-01   1.5267e+02   4.3824e+00   2.5564e-01   5.1470e-02   2.9246e+02
20240103_18:00:00   8.9332e-01   1.5887e+02   4.2473e+00   2.8386e-01   7.4035e-02   2.9367e+02
20240103_19:00:00   2.4847e-01   6.1502e+01   4.0631e+00   6.2970e-03   1.5010e-02   2.9413e+02
20240103_20:00:00   2.3239e-01   5.8383e+01   3.7221e+00   6.6820e-03   1.7832e-02   2.9701e+02
20240103_21:00:00   2.2228e-01   5.6267e+01   3.6797e+00   2.1103e-03   1.7102e-02   2.9954e+02
20240103_22:00:00   2.1343e-01   5.4347e+01   3.6090e+00   3.0560e-05   2.0845e-02   3.0032e+02
20240103_23:00:00   2.2847e-01   5.7340e+01   3.7592e+00   3.0802e-03   4.3582e-02   3.0192e+02
20240104_00:00:00   2.0065e-01   5.1464e+01   3.4580e+00   1.0946e-04   9.8877e-03   3.0532e+02
20240104_01:00:00   1.8604e-01   4.8313e+01   3.2489e+00   0.0000e+00   5.0681e-03   3.0741e+02
20240104_02:00:00   1.8506e-01   4.8141e+01   3.2567e+00   0.0000e+00   4.6901e-03   3.0909e+02
20240104_03:00:00   1.9427e-01   5.0035e+01   3.4849e+00   0.0000e+00   4.4515e-03   3.1013e+02
20240104_04:00:00   1.9306e-01   4.9773e+01   3.4915e+00   0.0000e+00   2.2664e-03   3.1356e+02
20240104_05:00:00   1.8994e-01   4.9142e+01   3.4367e+00   0.0000e+00   8.8740e-06   3.1583e+02
20240104_06:00:00   1.8684e-01   4.8558e+01   3.3840e+00   0.0000e+00   0.0000e+00   3.1625e+02
20240104_07:00:00   1.9394e-01   5.0123e+01   3.5049e+00   0.0000e+00   0.0000e+00   3.1605e+02
20240104_08:00:00   1.9535e-01   5.0591e+01   3.5159e+00   0.0000e+00   0.0000e+00   3.1504e+02
20240104_09:00:00   2.0072e-01   5.1853e+01   3.5937e+00   0.0000e+00   0.0000e+00   3.1358e+02
20240104_10:00:00   1.9849e-01   5.1375e+01   3.5957e+00   0.0000e+00   6.1127e-04   3.1239e+02
20240104_11:00:00   2.0546e-01   5.2817e+01   3.7612e+00   0.0000e+00   7.2968e-04   3.1001e+02
20240104_12:00:00   2.0414e-01   5.2610e+01   3.7406e+00   0.0000e+00   2.9336e-03   3.0830e+02
20240104_13:00:00   2.0586e-01   5.2950e+01   3.7844e+00   0.0000e+00   4.3311e-04   3.0626e+02
20240104_14:00:00   1.9394e-01   5.0336e+01   3.5915e+00   0.0000e+00   1.0880e-03   3.0738e+02
20240104_15:00:00   1.4489e-01   3.9431e+01   2.7103e+00   0.0000e+00   7.4452e-03   3.0917e+02
20240104_16:00:00   1.1077e-01   3.1353e+01   2.0582e+00   0.0000e+00   2.7390e-02   3.1079e+02
20240104_17:00:00   1.0348e-01   2.9644e+01   1.9223e+00   0.0000e+00   1.9046e-02   3.1170e+02
20240104_18:00:00   1.1089e-01   3.1332e+01   2.0861e+00   0.0000e+00   1.4409e-02   3.1205e+02
20240104_19:00:00   1.2174e-01   3.3750e+01   2.3115e+00   0.0000e+00   3.1738e-02   3.1369e+02
20240104_20:00:00   1.2185e-01   3.3784e+01   2.3144e+00   0.0000e+00   2.5407e-02   3.1479e+02
20240104_21:00:00   1.2244e-01   3.3950e+01   2.3157e+00   0.0000e+00   3.6868e-02   3.1719e+02
20240104_22:00:00   1.2509e-01   3.4618e+01   2.3644e+00   0.0000e+00   2.6301e-02   3.1908e+02
20240104_23:00:00   1.1679e-01   3.2853e+01   2.1699e+00   0.0000e+00   2.1267e-02   3.2073e+02
20240105_00:00:00   1.4623e-01   3.9551e+01   2.7683e+00   0.0000e+00   2.1494e-02   3.2032e+02
20240105_01:00:00   2.9314e-01   7.0481e+01   5.1494e+00   5.1639e-03   2.7810e-02   3.2089e+02
20240105_02:00:00   1.2447e+00   1.9133e+02   6.3584e+00   3.8436e-01   4.7571e-02   3.2413e+02
20240105_03:00:00   1.9535e+00   2.3019e+02   6.7321e+00   6.8313e-01   1.1811e-01   3.2531e+02
20240105_04:00:00   1.6631e+00   2.1792e+02   6.8596e+00   5.4939e-01   9.3520e-02   3.2593e+02
20240105_05:00:00   1.0906e+00   1.7853e+02   6.8800e+00   3.0390e-01   1.5262e-01   3.2684e+02
20240105_06:00:00   5.4420e-01   1.1399e+02   7.1387e+00   5.8002e-02   1.6684e-01   3.2773e+02
20240105_07:00:00   8.8246e-01   1.5815e+02   7.7158e+00   1.8328e-01   7.2771e-01   3.2753e+02
20240105_08:00:00   8.4726e-01   1.5411e+02   7.8514e+00   1.6790e-01   5.8396e-01   3.2911e+02
20240105_09:00:00   1.3739e+00   2.0106e+02   7.9808e+00   3.8592e-01   1.0393e+00   3.2950e+02
20240105_10:00:00   7.5295e-01   1.4255e+02   7.9233e+00   1.1969e-01   1.2307e+00   3.3027e+02
20240105_11:00:00   1.0386e+00   1.7377e+02   7.8545e+00   2.4649e-01   1.0424e+00   3.3369e+02
20240105_12:00:00   8.0079e-01   1.4864e+02   7.7215e+00   1.4689e-01   9.3033e-01   3.3459e+02
20240105_13:00:00   8.7150e-01   1.5674e+02   7.5749e+00   1.8120e-01   9.1883e-01   3.3508e+02
20240105_14:00:00   8.7948e-01   1.5770e+02   7.3043e+00   1.9132e-01   7.7761e-01   3.3917e+02
20240105_15:00:00   1.0788e+00   1.7812e+02   6.6093e+00   2.9356e-01   3.8585e-01   3.4265e+02
20240105_16:00:00   1.1185e+00   1.8120e+02   6.2390e+00   3.2359e-01   4.1773e-01   3.4711e+02
20240105_17:00:00   5.8223e-01   1.2000e+02   5.2916e+00   1.1898e-01   6.2341e-02   3.5086e+02
20240105_18:00:00   9.5049e-01   1.6533e+02   5.1924e+00   2.8081e-01   1.0670e-01   3.5432e+02
20240105_19:00:00   1.2489e+00   1.9151e+02   4.6939e+00   4.2490e-01   4.6020e-02   3.5646e+02
20240105_20:00:00   1.6607e+00   2.1699e+02   4.5792e+00   6.0905e-01   7.0398e-02   3.5381e+02
20240105_21:00:00   1.2111e+00   1.8770e+02   4.6622e+00   4.1612e-01   1.5770e-01   3.5343e+02
20240105_22:00:00   7.9018e-01   1.4584e+02   5.2267e+00   2.1876e-01   3.1115e-01   3.5197e+02
20240105_23:00:00   4.0302e-01   8.9644e+01   5.5091e+00   3.5622e-02   3.8471e-01   3.5422e+02
20240106_00:00:00   4.1134e-01   9.1363e+01   5.5983e+00   3.3627e-02   5.0836e-01   3.5577e+02
20240106_01:00:00   4.1515e-01   9.1896e+01   5.5354e+00   3.5421e-02   7.0091e-01   3.5675e+02
20240106_02:00:00   3.7841e-01   8.5411e+01   5.3580e+00   2.5931e-02   4.3980e-01   3.5926e+02
20240106_03:00:00   3.1064e-01   7.2859e+01   5.1514e+00   4.0039e-03   1.8428e-01   3.5797e+02
20240106_04:00:00   3.0714e-01   7.2099e+01   5.0718e+00   4.3783e-03   1.8952e-01   3.5650e+02
20240106_05:00:00   2.8609e-01   6.7987e+01   4.9292e+00   0.0000e+00   1.0440e-01   3.5802e+02
20240106_06:00:00   2.7964e-01   6.6669e+01   4.8353e+00   0.0000e+00   9.3116e-02   3.5922e+02
20240106_07:00:00   2.6349e-01   6.3514e+01   4.5946e+00   0.0000e+00   3.2250e-02   3.5879e+02
20240106_08:00:00   2.5388e-01   6.1540e+01   4.4496e+00   0.0000e+00   1.9219e-02   3.5898e+02
20240106_09:00:00   2.4596e-01   5.9936e+01   4.3332e+00   3.0380e-06   2.4591e-02   3.6130e+02
20240106_10:00:00   2.4115e-01   5.8959e+01   4.2500e+00   0.0000e+00   2.0417e-02   3.6245e+02
20240106_11:00:00   2.3481e-01   5.7724e+01   4.1288e+00   5.8690e-05   5.0701e-02   3.6213e+02
20240106_12:00:00   2.3605e-01   5.7913e+01   4.1582e+00   4.2230e-04   4.9583e-02   3.6299e+02
20240106_13:00:00   2.3401e-01   5.7546e+01   4.0856e+00   4.7430e-04   1.0738e-01   3.6353e+02
20240106_14:00:00   2.3083e-01   5.6916e+01   4.0759e+00   4.1270e-05   4.0405e-02   3.6612e+02
20240106_15:00:00   2.3187e-01   5.7066e+01   4.1111e+00   2.1230e-04   3.1118e-02   3.6999e+02
20240106_16:00:00   2.3345e-01   5.7354e+01   4.0746e+00   2.0240e-04   1.1384e-01   3.7222e+02
20240106_17:00:00   2.4473e-01   5.9533e+01   4.2520e+00   0.0000e+00   1.9605e-01   3.7231e+02
20240106_18:00:00   2.4827e-01   6.0260e+01   4.3271e+00   3.6380e-06   1.6615e-01   3.7122e+02
20240106_21:00:00   2.3219e-01   5.7152e+01   4.1356e+00   8.8120e-06   5.5623e-03   3.6996e+02
20240107_00:00:00   2.3168e-01   5.7027e+01   4.1536e+00   1.2010e-05   3.5475e-02   3.6993e+02
20240107_03:00:00   2.3289e-01   5.7324e+01   4.1788e+00   1.6570e-04   3.6572e-02   3.7000e+02
20240107_06:00:00   2.4097e-01   5.8927e+01   4.3038e+00   5.2030e-05   6.6671e-02   3.6625e+02
20240107_09:00:00   2.5429e-01   6.1638e+01   4.5215e+00   3.6970e-04   1.8411e-02   3.6966e+02
20240107_12:00:00   2.5684e-01   6.2236e+01   4.5492e+00   0.0000e+00   7.3140e-03   3.7268e+02
20240107_15:00:00   2.6791e-01   6.4348e+01   4.7373e+00   0.0000e+00   4.1893e-02   3.7115e+02
20240107_18:00:00   2.5698e-01   6.2296e+01   4.5494e+00   0.0000e+00   1.6735e-03   3.7556e+02
20240107_21:00:00   2.4655e-01   6.0330e+01   4.3538e+00   0.0000e+00   2.0829e-03   3.7592e+02
20240108_00:00:00   2.5244e-01   6.1418e+01   4.4334e+00   0.0000e+00   7.9558e-02   3.8303e+02
20240108_03:00:00   2.3702e-01   5.8491e+01   4.1515e+00   0.0000e+00   4.1968e-04   3.8663e+02
20240108_06:00:00   2.3348e-01   5.7768e+01   4.0863e+00   0.0000e+00   1.3734e-03   3.8913e+02
20240108_09:00:00   2.3386e-01   5.7886e+01   4.0949e+00   0.0000e+00   1.6178e-05   3.9145e+02
20240108_12:00:00   2.4724e-01   6.0550e+01   4.3104e+00   0.0000e+00   2.8866e-04   3.9059e+02
20240108_15:00:00   2.5098e-01   6.1264e+01   4.3758e+00   0.0000e+00   1.1114e-02   3.9073e+02
20240108_18:00:00   2.6064e-01   6.3124e+01   4.5483e+00   0.0000e+00   8.0516e-03   3.8964e+02
20240108_21:00:00   2.5384e-01   6.1873e+01   4.4140e+00   0.0000e+00   2.0056e-05   3.9047e+02
20240109_00:00:00   2.4864e-01   6.0858e+01   4.3036e+00   0.0000e+00   3.2969e-05   3.8892e+02
20240109_03:00:00   2.4231e-01   5.9565e+01   4.2125e+00   0.0000e+00   2.9083e-04   3.9603e+02
20240109_06:00:00   2.3586e-01   5.8280e+01   4.0942e+00   0.0000e+00   3.4330e-05   3.8754e+02
20240109_09:00:00   2.1330e-01   5.3833e+01   3.6861e+00   0.0000e+00   1.7942e-05   3.8293e+02
20240109_12:00:00   2.0164e-01   5.1535e+01   3.4494e+00   0.0000e+00   0.0000e+00   3.8221e+02
20240109_15:00:00   1.9021e-01   4.9207e+01   3.2250e+00   0.0000e+00   1.4570e-06   3.7579e+02
20240109_18:00:00   1.7789e-01   4.6590e+01   3.0311e+00   0.0000e+00   1.0640e-06   3.7276e+02
20240109_21:00:00   1.6959e-01   4.4785e+01   2.9107e+00   0.0000e+00   0.0000e+00   3.7111e+02
20240110_00:00:00   1.5897e-01   4.2497e+01   2.7293e+00   0.0000e+00   0.0000e+00   3.6526e+02
20240110_03:00:00   1.4080e-01   3.8580e+01   2.3777e+00   0.0000e+00   0.0000e+00   3.6058e+02
20240110_06:00:00   1.2127e-01   3.4214e+01   2.0094e+00   0.0000e+00   0.0000e+00   3.5750e+02
20240110_09:00:00   1.0988e-01   3.1639e+01   1.7931e+00   0.0000e+00   0.0000e+00   3.5238e+02
20240110_12:00:00   1.0315e-01   3.0129e+01   1.6631e+00   0.0000e+00   0.0000e+00   3.4643e+02
20240110_15:00:00   1.0200e-01   2.9904e+01   1.6475e+00   0.0000e+00   0.0000e+00   3.3954e+02
20240110_18:00:00   9.9014e-02   2.9181e+01   1.6152e+00   0.0000e+00   0.0000e+00   3.4129e+02
20240110_21:00:00   1.1304e-01   3.2252e+01   1.9589e+00   0.0000e+00   0.0000e+00   3.3766e+02
20240111_00:00:00   1.1466e-01   3.2686e+01   1.9743e+00   0.0000e+00   0.0000e+00   3.3119e+02
20240111_03:00:00   9.9417e-02   2.9306e+01   1.6369e+00   0.0000e+00   0.0000e+00   3.2553e+02
20240111_06:00:00   9.1604e-02   2.7488e+01   1.4676e+00   0.0000e+00   0.0000e+00   3.1359e+02
20240111_09:00:00   8.3544e-02   2.5541e+01   1.3139e+00   0.0000e+00   0.0000e+00   3.0493e+02
20240111_12:00:00   8.6923e-02   2.6235e+01   1.4184e+00   0.0000e+00   0.0000e+00   3.0044e+02
20240111_15:00:00   9.9940e-02   2.9138e+01   1.7323e+00   0.0000e+00   0.0000e+00   2.9400e+02
20240111_18:00:00   1.0172e-01   2.9528e+01   1.7783e+00   0.0000e+00   0.0000e+00   2.9416e+02
20240111_21:00:00   1.0063e-01   2.9342e+01   1.7407e+00   0.0000e+00   0.0000e+00   2.9724e+02
20240112_00:00:00   9.1273e-02   2.7235e+01   1.5203e+00   0.0000e+00   0.0000e+00   3.0293e+02
20240112_03:00:00   8.4893e-02   2.5763e+01   1.3711e+00   0.0000e+00   0.0000e+00   2.9943e+02
20240112_06:00:00   7.8297e-02   2.4216e+01   1.2192e+00   0.0000e+00   0.0000e+00   2.9904e+02
20240112_09:00:00   7.4432e-02   2.3324e+01   1.1228e+00   0.0000e+00   0.0000e+00   2.9899e+02
20240112_12:00:00   7.5207e-02   2.3513e+01   1.1378e+00   0.0000e+00   0.0000e+00   2.9923e+02
20240112_15:00:00   6.9551e-02   2.2142e+01   1.0310e+00   0.0000e+00   0.0000e+00   2.9735e+02
20240112_18:00:00   6.4303e-02   2.0837e+01   9.3315e-01   0.0000e+00   0.0000e+00   2.9644e+02
20240112_21:00:00   5.8284e-02   1.9330e+01   8.2273e-01   0.0000e+00   0.0000e+00   2.9637e+02
20240113_00:00:00   5.6421e-02   1.8834e+01   7.9403e-01   0.0000e+00   0.0000e+00   3.1142e+02
20240113_03:00:00   5.1056e-02   1.7476e+01   6.8828e-01   0.0000e+00   0.0000e+00   3.0849e+02
20240113_06:00:00   7.4336e-02   2.3313e+01   1.1756e+00   0.0000e+00   0.0000e+00   3.0974e+02
20240113_09:00:00   7.1832e-02   2.2596e+01   1.1620e+00   0.0000e+00   0.0000e+00   3.5031e+02
20240113_12:00:00   1.1302e-01   3.2270e+01   2.0789e+00   0.0000e+00   0.0000e+00   3.7019e+02
20240113_15:00:00   1.3269e-01   3.6967e+01   2.4526e+00   0.0000e+00   0.0000e+00   3.5704e+02
20240113_18:00:00   1.1251e-01   3.2399e+01   2.0130e+00   0.0000e+00   0.0000e+00   3.5579e+02
20240113_21:00:00   1.0748e-01   3.1171e+01   1.9393e+00   0.0000e+00   0.0000e+00   3.6697e+02
20240114_00:00:00   1.1024e-01   3.1732e+01   1.9979e+00   0.0000e+00   0.0000e+00   3.6351e+02
20240114_03:00:00   1.1192e-01   3.2161e+01   2.0107e+00   0.0000e+00   0.0000e+00   3.5741e+02
20240114_06:00:00   1.1274e-01   3.2371e+01   2.0060e+00   0.0000e+00   0.0000e+00   3.5302e+02
20240114_09:00:00   1.2018e-01   3.4052e+01   2.1569e+00   0.0000e+00   0.0000e+00   3.3760e+02
20240114_12:00:00   1.1700e-01   3.3268e+01   2.0861e+00   0.0000e+00   0.0000e+00   3.4160e+02
20240114_15:00:00   1.2017e-01   3.4004e+01   2.1326e+00   0.0000e+00   0.0000e+00   3.5605e+02
20240114_18:00:00   1.0920e-01   3.1380e+01   1.9228e+00   0.0000e+00   0.0000e+00   3.5812e+02
20240114_21:00:00   1.1861e-01   3.3450e+01   2.1454e+00   0.0000e+00   0.0000e+00   3.5756e+02
20240115_00:00:00   1.1217e-01   3.2117e+01   1.9642e+00   0.0000e+00   0.0000e+00   3.6275e+02
20240115_03:00:00   9.8007e-02   2.8988e+01   1.6076e+00   0.0000e+00   0.0000e+00   3.5799e+02
20240115_06:00:00   8.4675e-02   2.5758e+01   1.3485e+00   0.0000e+00   0.0000e+00   3.5005e+02
20240115_09:00:00   5.8631e-02   1.9325e+01   8.3275e-01   0.0000e+00   0.0000e+00   3.5395e+02
20240115_12:00:00   5.6947e-02   1.8879e+01   7.9303e-01   0.0000e+00   0.0000e+00   3.6232e+02
20240115_15:00:00   6.6723e-02   2.1281e+01   9.9480e-01   0.0000e+00   0.0000e+00   3.8461e+02
20240115_18:00:00   7.8478e-02   2.4123e+01   1.2573e+00   0.0000e+00   0.0000e+00   3.7027e+02
20240115_21:00:00   1.0041e-01   2.9456e+01   1.6516e+00   0.0000e+00   0.0000e+00   3.7212e+02
20240116_00:00:00   1.0534e-01   3.0459e+01   1.8117e+00   0.0000e+00   1.0932e-05   3.7137e+02
20240116_03:00:00   1.5482e-01   4.1255e+01   2.9833e+00   0.0000e+00   2.7520e-05   3.5288e+02
20240116_06:00:00   2.6459e-01   6.4085e+01   5.1392e+00   0.0000e+00   2.9918e-04   3.6004e+02
20240116_09:00:00   2.9436e-01   7.0430e+01   5.5651e+00   0.0000e+00   9.7680e-05   3.3796e+02
20240116_12:00:00   3.8132e-01   8.6452e+01   7.1764e+00   0.0000e+00   6.5010e-03   3.2351e+02
20240116_15:00:00   4.9031e-01   1.0477e+02   8.5767e+00   0.0000e+00   6.1303e-01   3.2341e+02
20240116_18:00:00   4.2927e-01   9.4565e+01   7.6992e+00   0.0000e+00   2.8208e-01   3.3114e+02
20240116_21:00:00   3.8004e-01   8.6955e+01   6.7125e+00   0.0000e+00   3.4728e-03   3.2789e+02
20240117_00:00:00   3.1668e-01   7.5522e+01   5.8620e+00   0.0000e+00   9.3798e-04   3.2443e+02
20240117_03:00:00   3.3193e-01   7.8568e+01   6.3453e+00   0.0000e+00   3.2016e-04   3.1530e+02
20240117_06:00:00   3.3945e-01   8.0279e+01   6.4710e+00   0.0000e+00   6.0396e-04   3.2739e+02
20240117_09:00:00   3.5047e-01   8.2584e+01   6.6271e+00   0.0000e+00   2.7560e-04   3.3419e+02
20240117_12:00:00   3.2321e-01   7.7180e+01   6.3745e+00   0.0000e+00   1.7583e-04   3.2536e+02
20240117_15:00:00   3.8484e-01   8.8858e+01   7.4154e+00   0.0000e+00   3.3150e-04   3.1348e+02
20240117_18:00:00   3.5784e-01   8.3719e+01   6.9788e+00   0.0000e+00   1.9863e-04   3.1988e+02
