#            date       tau255        Tb[K]      pwv[mm] lwp[kg*m^-2] iwp[kg*m^-2]       o3[DU]
20240602_00:00:00   3.4917e-01   8.1928e+01   6.2728e+00   4.9890e-04   5.9131e-03   4.0924e+02
20240602_01:00:00   2.8754e-01   7.0436e+01   5.1316e+00   0.0000e+00   5.5661e-04   4.1093e+02
20240602_02:00:00   2.5174e-01   6.3307e+01   4.4773e+00   7.1680e-05   3.8980e-05   4.1186e+02
20240602_03:00:00   2.3948e-01   6.0540e+01   4.3189e+00   9.0930e-04   1.0465e-03   4.1101e+02
20240602_04:00:00   2.2202e-01   5.6830e+01   4.0885e+00   0.0000e+00   1.5699e-04   4.0869e+02
20240602_05:00:00   2.0837e-01   5.4013e+01   3.8333e+00   0.0000e+00   1.5468e-04   4.0602e+02
20240602_06:00:00   1.9419e-01   5.1059e+01   3.5646e+00   4.1600e-05   7.7922e-05   4.0255e+02
20240602_07:00:00   1.8538e-01   4.9218e+01   3.4004e+00   0.0000e+00   3.9857e-04   3.9983e+02
20240602_08:00:00   1.9419e-01   5.1127e+01   3.5787e+00   0.0000e+00   6.1701e-04   3.9552e+02
20240602_09:00:00   2.1846e-01   5.6175e+01   4.0725e+00   0.0000e+00   8.5259e-03   3.9249e+02
20240602_10:00:00   2.3740e-01   6.0080e+01   4.4306e+00   0.0000e+00   2.0387e-02   3.9127e+02
20240602_11:00:00   2.7279e-01   6.7246e+01   5.0813e+00   3.8280e-05   2.4970e-02   3.9119e+02
20240602_12:00:00   3.0918e-01   7.4428e+01   5.7413e+00   2.1260e-04   2.9306e-02   3.9080e+02
20240602_13:00:00   3.8572e-01   8.8781e+01   6.7161e+00   9.0047e-03   3.7851e-02   3.8885e+02
20240602_14:00:00   4.1344e-01   9.3493e+01   7.6154e+00   2.2880e-04   2.2864e-02   3.8818e+02
20240602_15:00:00   4.4857e-01   9.9449e+01   8.2487e+00   5.6600e-06   1.6940e-02   3.8512e+02
20240602_16:00:00   4.6940e-01   1.0276e+02   8.6456e+00   4.2350e-06   1.0935e-01   3.8184e+02
20240602_17:00:00   4.7588e-01   1.0378e+02   8.7767e+00   9.8680e-04   8.4090e-02   3.8021e+02
20240602_18:00:00   4.6819e-01   1.0264e+02   8.5587e+00   4.0760e-03   1.1656e-02   3.7797e+02
20240602_19:00:00   4.5350e-01   1.0044e+02   8.0335e+00   1.0030e-02   1.2979e-03   3.7483e+02
20240602_20:00:00   4.2354e-01   9.5451e+01   7.6622e+00   5.9846e-03   2.2836e-05   3.7452e+02
20240602_21:00:00   4.0407e-01   9.2196e+01   7.4703e+00   1.9541e-03   8.8920e-05   3.7553e+02
20240602_22:00:00   4.1229e-01   9.3659e+01   7.5852e+00   2.5180e-03   2.0450e-04   3.7597e+02
20240602_23:00:00   4.2406e-01   9.5839e+01   7.6678e+00   4.4680e-03   2.2557e-04   3.7470e+02
20240603_00:00:00   4.3183e-01   9.7240e+01   7.8831e+00   1.0600e-03   5.8309e-06   3.7523e+02
20240603_01:00:00   4.2430e-01   9.6077e+01   7.7583e+00   2.2330e-05   2.8900e-06   3.7522e+02
20240603_02:00:00   4.1471e-01   9.4429e+01   7.5970e+00   0.0000e+00   9.6640e-06   3.7562e+02
20240603_03:00:00   4.1944e-01   9.5248e+01   7.6592e+00   0.0000e+00   4.3756e-05   3.7612e+02
20240603_04:00:00   4.2699e-01   9.6501e+01   7.7610e+00   0.0000e+00   1.7016e-04   3.7799e+02
20240603_05:00:00   4.1828e-01   9.5032e+01   7.5903e+00   0.0000e+00   6.0677e-05   3.7977e+02
20240603_06:00:00   4.1314e-01   9.4189e+01   7.5104e+00   0.0000e+00   5.4660e-06   3.7876e+02
20240603_07:00:00   4.0924e-01   9.3542e+01   7.5013e+00   0.0000e+00   8.1596e-06   3.7620e+02
20240603_08:00:00   4.0001e-01   9.1960e+01   7.3957e+00   8.0370e-05   0.0000e+00   3.7520e+02
20240603_09:00:00   4.0215e-01   9.2442e+01   7.3877e+00   1.5489e-03   0.0000e+00   3.7519e+02
20240603_10:00:00   4.3820e-01   9.8828e+01   7.7390e+00   7.6054e-03   1.4915e-06   3.7496e+02
20240603_11:00:00   4.8632e-01   1.0707e+02   7.9546e+00   2.1400e-02   0.0000e+00   3.7544e+02
20240603_12:00:00   4.8000e-01   1.0601e+02   8.1803e+00   1.2371e-02   2.9760e-06   3.7591e+02
20240603_13:00:00   5.2171e-01   1.1284e+02   8.4474e+00   2.1968e-02   5.5180e-06   3.7639e+02
20240603_14:00:00   5.9019e-01   1.2359e+02   8.5954e+00   4.5354e-02   5.7160e-06   3.7773e+02
20240603_15:00:00   6.0850e-01   1.2627e+02   8.7524e+00   4.8209e-02   6.2118e-05   3.7766e+02
20240603_16:00:00   7.2170e-01   1.4216e+02   8.7538e+00   9.3772e-02   6.6336e-05   3.7828e+02
20240603_17:00:00   6.5657e-01   1.3339e+02   8.5050e+00   7.2913e-02   5.3663e-05   3.7900e+02
20240603_18:00:00   5.0937e-01   1.1115e+02   8.2327e+00   1.9425e-02   1.0614e-05   3.8023e+02
20240603_19:00:00   4.6886e-01   1.0446e+02   8.0545e+00   7.3220e-03   7.8700e-06   3.8105e+02
20240603_20:00:00   4.5092e-01   1.0147e+02   7.8800e+00   4.5635e-03   2.3780e-06   3.8088e+02
20240603_21:00:00   4.3355e-01   9.8487e+01   7.7342e+00   1.3312e-03   2.3780e-06   3.7931e+02
20240603_22:00:00   4.3503e-01   9.8697e+01   7.7761e+00   6.7500e-04   2.3780e-06   3.7783e+02
20240603_23:00:00   4.3985e-01   9.9484e+01   7.8542e+00   3.7230e-05   0.0000e+00   3.7792e+02
20240604_00:00:00   4.4406e-01   1.0017e+02   7.8991e+00   3.7300e-05   0.0000e+00   3.7858e+02
20240604_01:00:00   4.5008e-01   1.0113e+02   7.9781e+00   3.7370e-05   1.4949e-06   3.8003e+02
20240604_02:00:00   4.4844e-01   1.0082e+02   7.9408e+00   8.9900e-05   0.0000e+00   3.8160e+02
20240604_03:00:00   4.3716e-01   9.8856e+01   7.7527e+00   2.1031e-04   0.0000e+00   3.8287e+02
20240604_04:00:00   4.3130e-01   9.7846e+01   7.6442e+00   2.5160e-04   0.0000e+00   3.8354e+02
20240604_05:00:00   4.2687e-01   9.7078e+01   7.5411e+00   4.1670e-04   0.0000e+00   3.8372e+02
20240604_06:00:00   4.2066e-01   9.6057e+01   7.3812e+00   4.8140e-04   0.0000e+00   3.8210e+02
20240604_07:00:00   4.1581e-01   9.5260e+01   7.2422e+00   4.7900e-04   0.0000e+00   3.7879e+02
20240604_08:00:00   4.0797e-01   9.3932e+01   7.0740e+00   4.5850e-04   9.5080e-06   3.7487e+02
20240604_09:00:00   3.9233e-01   9.1205e+01   6.8473e+00   6.7640e-04   0.0000e+00   3.7050e+02
20240604_10:00:00   3.9564e-01   9.1810e+01   6.8564e+00   3.8180e-03   0.0000e+00   3.6630e+02
20240604_11:00:00   4.3818e-01   9.9243e+01   7.2052e+00   1.5300e-02   3.4320e-06   3.6449e+02
20240604_12:00:00   4.6632e-01   1.0383e+02   7.8485e+00   1.4690e-02   1.5692e-04   3.6447e+02
20240604_13:00:00   4.6660e-01   1.0361e+02   8.3517e+00   5.6235e-03   8.7420e-05   3.6457e+02
20240604_14:00:00   4.6634e-01   1.0344e+02   8.5801e+00   1.9400e-03   1.0460e-04   3.6611e+02
20240604_15:00:00   4.7318e-01   1.0456e+02   8.7786e+00   6.8270e-04   1.0298e-05   3.6998e+02
20240604_16:00:00   4.5287e-01   1.0125e+02   8.4450e+00   8.6565e-05   1.5720e-05   3.7132e+02
20240604_17:00:00   4.1805e-01   9.5325e+01   7.8472e+00   1.1060e-04   1.8147e-03   3.6778e+02
20240604_18:00:00   3.8933e-01   9.0176e+01   7.3989e+00   7.2260e-05   5.5702e-03   3.6476e+02
20240604_19:00:00   3.4776e-01   8.2567e+01   6.6662e+00   1.3060e-05   2.7639e-03   3.6334e+02
20240604_20:00:00   3.0713e-01   7.4951e+01   5.8539e+00   0.0000e+00   3.2680e-05   3.6048e+02
20240604_21:00:00   2.5113e-01   6.3807e+01   4.8059e+00   0.0000e+00   0.0000e+00   3.5907e+02
20240604_22:00:00   2.1747e-01   5.6768e+01   4.1911e+00   0.0000e+00   0.0000e+00   3.5905e+02
20240604_23:00:00   2.1004e-01   5.5044e+01   4.1240e+00   0.0000e+00   0.0000e+00   3.5748e+02
20240605_00:00:00   2.0941e-01   5.4818e+01   4.1645e+00   0.0000e+00   0.0000e+00   3.5489e+02
20240605_01:00:00   2.2992e-01   5.9007e+01   4.6691e+00   0.0000e+00   6.8640e-06   3.5308e+02
20240605_02:00:00   2.5695e-01   6.4495e+01   5.2804e+00   0.0000e+00   0.0000e+00   3.5256e+02
20240605_03:00:00   2.8238e-01   6.9589e+01   5.8359e+00   0.0000e+00   0.0000e+00   3.5183e+02
20240605_04:00:00   3.1524e-01   7.6012e+01   6.5343e+00   0.0000e+00   0.0000e+00   3.5008e+02
20240605_05:00:00   3.5828e-01   8.4142e+01   7.4032e+00   0.0000e+00   8.7358e-05   3.4787e+02
20240605_06:00:00   3.9580e-01   9.1078e+01   8.0772e+00   0.0000e+00   2.3780e-06   3.4653e+02
20240605_07:00:00   4.0976e-01   9.3873e+01   8.2219e+00   0.0000e+00   0.0000e+00   3.4618e+02
20240605_08:00:00   3.9856e-01   9.2111e+01   7.9393e+00   0.0000e+00   0.0000e+00   3.4804e+02
20240605_09:00:00   3.7795e-01   8.8577e+01   7.5180e+00   0.0000e+00   0.0000e+00   3.4946e+02
20240605_10:00:00   3.6382e-01   8.6284e+01   7.1045e+00   0.0000e+00   0.0000e+00   3.4863e+02
20240605_11:00:00   3.5498e-01   8.4899e+01   6.7936e+00   0.0000e+00   0.0000e+00   3.4845e+02
20240605_12:00:00   3.7830e-01   8.9375e+01   7.1327e+00   0.0000e+00   0.0000e+00   3.4794e+02
20240605_13:00:00   4.0969e-01   9.5302e+01   7.4284e+00   6.1300e-04   0.0000e+00   3.4781e+02
20240605_14:00:00   4.0749e-01   9.5139e+01   7.0723e+00   4.4850e-03   0.0000e+00   3.4973e+02
20240605_15:00:00   4.1281e-01   9.6264e+01   6.6946e+00   1.3959e-02   0.0000e+00   3.4984e+02
20240605_16:00:00   4.1698e-01   9.6977e+01   6.7786e+00   1.2554e-02   0.0000e+00   3.4563e+02
20240605_17:00:00   4.7834e-01   1.0766e+02   6.8350e+00   3.8110e-02   1.4998e-05   3.4236e+02
20240605_18:00:00   4.7730e-01   1.0749e+02   6.9266e+00   3.6900e-02   6.8640e-06   3.4152e+02
20240605_19:00:00   4.2020e-01   9.7571e+01   6.7013e+00   1.9749e-02   2.8978e-05   3.4282e+02
20240605_20:00:00   3.2343e-01   7.9393e+01   5.9932e+00   0.0000e+00   3.0140e-05   3.4413e+02
20240605_21:00:00   2.8126e-01   7.0924e+01   5.3620e+00   0.0000e+00   3.1260e-05   3.4391e+02
20240605_22:00:00   2.5524e-01   6.5432e+01   5.0063e+00   0.0000e+00   2.5226e-05   3.4255e+02
20240605_23:00:00   2.5469e-01   6.5159e+01   5.1150e+00   0.0000e+00   1.7150e-04   3.4140e+02
20240606_00:00:00   2.6404e-01   6.7021e+01   5.3412e+00   0.0000e+00   1.4768e-03   3.4192e+02
20240606_01:00:00   2.6196e-01   6.6552e+01   5.3135e+00   0.0000e+00   2.7803e-03   3.4140e+02
20240606_02:00:00   2.5754e-01   6.5557e+01   5.2425e+00   0.0000e+00   1.8026e-03   3.4025e+02
20240606_03:00:00   2.5844e-01   6.5685e+01   5.2728e+00   0.0000e+00   2.4608e-04   3.4067e+02
20240606_04:00:00   2.6065e-01   6.6055e+01   5.3305e+00   0.0000e+00   7.3254e-04   3.4110e+02
20240606_05:00:00   2.3808e-01   6.1357e+01   4.8469e+00   0.0000e+00   1.6604e-04   3.4217e+02
20240606_06:00:00   2.1478e-01   5.6218e+01   4.4175e+00   0.0000e+00   1.9076e-04   3.4280e+02
20240606_07:00:00   2.2504e-01   5.8298e+01   4.6934e+00   0.0000e+00   3.1340e-04   3.4238e+02
20240606_08:00:00   2.2881e-01   5.9222e+01   4.7568e+00   0.0000e+00   7.4060e-04   3.4337e+02
20240606_09:00:00   2.4836e-01   6.3544e+01   5.0860e+00   0.0000e+00   6.6427e-04   3.4324e+02
20240606_10:00:00   2.7743e-01   6.9771e+01   5.5478e+00   0.0000e+00   1.4931e-03   3.4306e+02
20240606_11:00:00   3.2128e-01   7.8624e+01   6.3206e+00   0.0000e+00   3.1230e-04   3.4311e+02
20240606_12:00:00   3.4176e-01   8.2752e+01   6.6237e+00   0.0000e+00   0.0000e+00   3.4155e+02
20240606_13:00:00   3.5909e-01   8.6199e+01   6.8395e+00   0.0000e+00   4.0660e-06   3.4139e+02
20240606_14:00:00   4.2183e-01   9.7689e+01   7.9136e+00   0.0000e+00   9.5063e-05   3.4033e+02
20240606_15:00:00   4.7203e-01   1.0622e+02   8.8847e+00   0.0000e+00   4.6470e-04   3.4139e+02
20240606_16:00:00   5.0810e-01   1.1206e+02   9.5900e+00   0.0000e+00   4.2343e-04   3.4157e+02
20240606_17:00:00   5.4462e-01   1.1763e+02   1.0423e+01   0.0000e+00   3.5200e-06   3.3943e+02
20240606_18:00:00   5.6351e-01   1.2067e+02   1.0735e+01   0.0000e+00   0.0000e+00   3.3927e+02
20240606_19:00:00   5.2026e-01   1.1422e+02   9.8406e+00   0.0000e+00   1.6114e-04   3.3811e+02
20240606_20:00:00   4.9282e-01   1.1006e+02   9.2001e+00   0.0000e+00   2.4848e-04   3.3732e+02
20240606_21:00:00   5.3168e-01   1.1619e+02   9.8989e+00   0.0000e+00   2.9004e-03   3.3487e+02
20240606_22:00:00   6.1000e-01   1.2795e+02   1.1267e+01   0.0000e+00   4.4364e-05   3.3222e+02
20240606_23:00:00   5.4291e-01   1.1816e+02   9.8891e+00   0.0000e+00   3.7434e-05   3.3169e+02
20240607_00:00:00   4.6430e-01   1.0546e+02   8.5279e+00   0.0000e+00   1.7250e-04   3.3082e+02
20240607_03:00:00   4.2443e-01   9.8245e+01   8.0150e+00   0.0000e+00   8.3360e-05   3.3006e+02
20240607_06:00:00   4.8883e-01   1.0888e+02   9.4142e+00   0.0000e+00   5.4660e-06   3.2693e+02
20240607_09:00:00   5.1715e-01   1.1339e+02   1.0091e+01   0.0000e+00   5.1358e-04   3.2202e+02
20240607_12:00:00   6.1209e-01   1.2864e+02   1.1332e+01   1.2014e-04   7.4440e-04   3.2824e+02
20240607_15:00:00   6.7330e-01   1.3772e+02   1.2349e+01   1.7107e-04   1.0932e-05   3.2916e+02
20240607_18:00:00   5.8903e-01   1.2565e+02   1.0949e+01   0.0000e+00   6.8640e-06   3.2753e+02
20240607_21:00:00   5.2450e-01   1.1518e+02   1.0247e+01   0.0000e+00   2.9611e-04   3.2579e+02
20240608_00:00:00   5.6328e-01   1.2052e+02   1.1281e+01   0.0000e+00   1.3451e-02   3.2545e+02
20240608_03:00:00   6.2519e-01   1.2929e+02   1.2392e+01   0.0000e+00   7.1293e-03   3.2372e+02
20240608_06:00:00   5.6757e-01   1.2122e+02   1.0979e+01   0.0000e+00   4.0732e-03   3.2228e+02
20240608_09:00:00   5.9456e-01   1.2547e+02   1.1477e+01   0.0000e+00   5.6881e-04   3.2043e+02
20240608_12:00:00   6.0359e-01   1.2653e+02   1.1884e+01   0.0000e+00   1.3778e-03   3.1853e+02
20240608_15:00:00   6.8903e-01   1.3864e+02   1.3294e+01   0.0000e+00   4.9350e-03   3.1346e+02
20240608_18:00:00   8.5231e-01   1.5868e+02   1.5233e+01   1.4720e-02   1.3321e-01   3.1695e+02
20240608_21:00:00   1.6405e+00   2.2137e+02   1.5965e+01   3.2168e-01   3.5928e-01   3.2229e+02
20240609_00:00:00   5.3888e-01   1.1692e+02   1.0096e+01   0.0000e+00   2.3784e-03   3.3306e+02
20240609_03:00:00   6.5707e-01   1.3400e+02   1.1685e+01   5.5276e-03   7.6929e-03   3.3716e+02
20240609_06:00:00   1.0702e+00   1.8038e+02   1.4804e+01   1.0259e-01   2.4726e-01   3.3305e+02
20240609_09:00:00   8.5199e-01   1.5751e+02   1.4072e+01   3.1295e-02   2.9920e-01   3.3354e+02
20240609_12:00:00   8.7253e-01   1.5944e+02   1.3905e+01   4.1614e-02   4.9753e-01   3.3802e+02
20240609_15:00:00   1.0683e+00   1.7996e+02   1.4131e+01   1.1569e-01   2.0784e-01   3.4269e+02
20240609_18:00:00   8.2920e-01   1.5473e+02   1.3818e+01   2.7702e-02   1.8311e-02   3.4885e+02
20240609_21:00:00   2.8442e+00   2.5817e+02   1.4487e+01   8.4506e-01   1.0169e+00   3.5569e+02
20240610_00:00:00   1.4558e+00   2.0962e+02   1.4012e+01   2.6749e-01   1.2198e+00   3.5544e+02
20240610_03:00:00   8.8128e-01   1.6080e+02   1.3092e+01   6.4633e-02   2.3658e-01   3.6250e+02
20240610_06:00:00   7.3207e-01   1.4322e+02   1.1912e+01   2.9310e-02   0.0000e+00   3.5907e+02
20240610_09:00:00   6.3295e-01   1.3001e+02   1.1177e+01   6.3534e-03   0.0000e+00   3.4960e+02
20240610_12:00:00   5.9273e-01   1.2468e+02   1.0487e+01   4.7352e-03   0.0000e+00   3.4215e+02
20240610_15:00:00   5.9661e-01   1.2553e+02   1.0462e+01   5.7380e-03   0.0000e+00   3.4195e+02
20240610_18:00:00   6.3938e-01   1.3148e+02   1.1244e+01   5.5419e-03   1.7828e-05   3.4397e+02
20240610_21:00:00   6.4294e-01   1.3183e+02   1.1520e+01   4.4550e-05   3.2940e-05   3.4544e+02
20240611_00:00:00   6.5782e-01   1.3378e+02   1.1543e+01   2.6831e-03   2.7460e-06   3.4227e+02
20240611_03:00:00   8.8262e-01   1.6154e+02   1.1917e+01   8.8485e-02   4.8867e-03   3.4216e+02
20240611_06:00:00   8.4069e-01   1.5619e+02   1.2900e+01   4.9360e-02   4.7082e-02   3.4552e+02
20240611_09:00:00   7.3311e-01   1.4281e+02   1.3104e+01   4.9393e-04   5.2447e-02   3.5408e+02
20240611_12:00:00   1.3645e+00   2.0385e+02   1.3675e+01   2.4119e-01   6.2108e-01   3.5119e+02
20240611_15:00:00   7.2333e-01   1.4166e+02   1.2599e+01   9.8043e-03   5.0649e-02   3.5432e+02
20240611_18:00:00   7.4813e-01   1.4524e+02   1.1867e+01   3.6454e-02   1.1619e-01   3.5644e+02
20240611_21:00:00   6.0007e-01   1.2493e+02   1.1186e+01   0.0000e+00   2.5376e-03   3.5739e+02
20240612_00:00:00   6.9729e-01   1.3822e+02   1.2707e+01   2.0925e-04   2.7304e-02   3.5890e+02
20240612_03:00:00   6.6815e-01   1.3469e+02   1.2188e+01   0.0000e+00   9.5749e-04   3.6073e+02
20240612_06:00:00   4.7850e-01   1.0702e+02   8.6098e+00   0.0000e+00   2.6320e-04   3.6738e+02
20240612_09:00:00   4.1081e-01   9.5969e+01   7.1440e+00   2.1670e-05   0.0000e+00   3.6864e+02
20240612_12:00:00   6.0593e-01   1.2817e+02   7.3273e+00   6.8337e-02   0.0000e+00   3.5516e+02
20240612_15:00:00   1.1876e+00   1.9365e+02   8.3724e+00   2.7391e-01   4.7732e-03   3.5298e+02
20240612_18:00:00   3.2715e-01   8.0665e+01   5.8031e+00   7.1630e-06   0.0000e+00   3.4388e+02
20240612_21:00:00   2.6671e-01   6.8168e+01   4.9520e+00   2.6240e-04   9.0165e-04   3.4459e+02
20240613_00:00:00   1.8479e-01   4.9791e+01   3.8004e+00   0.0000e+00   0.0000e+00   3.4559e+02
20240613_03:00:00   1.4427e-01   4.0607e+01   2.9720e+00   0.0000e+00   3.0600e-05   3.3936e+02
20240613_06:00:00   1.4465e-01   4.0428e+01   3.0767e+00   0.0000e+00   1.2772e-03   3.3606e+02
20240613_09:00:00   1.4404e-01   4.0341e+01   3.0452e+00   0.0000e+00   6.1571e-03   3.3369e+02
20240613_12:00:00   2.6496e-01   6.6985e+01   5.3802e+00   0.0000e+00   1.1841e-02   3.3272e+02
20240613_15:00:00   4.2488e-01   9.7548e+01   8.1480e+00   4.0030e-04   4.5566e-02   3.2930e+02
20240613_18:00:00   4.4472e-01   1.0063e+02   8.7638e+00   2.2730e-03   4.9772e-02   3.3217e+02
20240613_21:00:00   4.8971e-01   1.0763e+02   9.7707e+00   0.0000e+00   7.3096e-02   3.5278e+02
20240614_00:00:00   7.0346e-01   1.3916e+02   1.3123e+01   5.5636e-03   3.3936e-02   3.5001e+02
20240614_03:00:00   1.8926e+00   2.3244e+02   1.4904e+01   4.4134e-01   1.2895e-01   3.5098e+02
20240614_06:00:00   1.9229e+00   2.3359e+02   1.4548e+01   4.5986e-01   3.5572e-01   3.4995e+02
20240614_09:00:00   1.1422e+00   1.8692e+02   1.4506e+01   1.3582e-01   1.6390e-01   3.5229e+02
20240614_12:00:00   1.1620e+00   1.8887e+02   1.4550e+01   1.4487e-01   5.7422e-02   3.5451e+02
20240614_15:00:00   8.3185e-01   1.5603e+02   1.4100e+01   1.8260e-02   1.3827e-03   3.6372e+02
20240614_18:00:00   8.0057e-01   1.5265e+02   1.3729e+01   1.5552e-02   0.0000e+00   3.5894e+02
20240614_21:00:00   6.9829e-01   1.3998e+02   1.2201e+01   5.1060e-03   0.0000e+00   3.5178e+02
20240615_00:00:00   6.1994e-01   1.2931e+02   1.0934e+01   1.6157e-03   4.7762e-05   3.3980e+02
20240615_03:00:00   5.6412e-01   1.2086e+02   1.0062e+01   4.7440e-04   0.0000e+00   3.3229e+02
20240615_06:00:00   5.2240e-01   1.1383e+02   9.7863e+00   2.3480e-04   0.0000e+00   3.3576e+02
20240615_09:00:00   4.8979e-01   1.0847e+02   9.3380e+00   1.1920e-03   0.0000e+00   3.3639e+02
20240615_12:00:00   5.9874e-01   1.2591e+02   1.0310e+01   2.2717e-02   0.0000e+00   3.3400e+02
20240615_15:00:00   7.7119e-01   1.5042e+02   1.0678e+01   7.6370e-02   0.0000e+00   3.3389e+02
20240615_18:00:00   5.4708e-01   1.1868e+02   1.0293e+01   1.3920e-03   0.0000e+00   3.2869e+02
20240615_21:00:00   4.3068e-01   9.9301e+01   8.5057e+00   0.0000e+00   1.3530e-05   3.2752e+02
20240616_00:00:00   4.6585e-01   1.0524e+02   9.2861e+00   0.0000e+00   2.1010e-03   3.3376e+02
20240616_03:00:00   2.9425e-01   7.3428e+01   5.9337e+00   0.0000e+00   1.7126e-03   3.3398e+02
20240616_06:00:00   2.6580e-01   6.7712e+01   5.3794e+00   0.0000e+00   8.8182e-04   3.4071e+02
20240616_09:00:00   4.5655e-01   1.0399e+02   8.5288e+00   0.0000e+00   1.4205e-04   3.4148e+02
20240616_12:00:00   6.0631e-01   1.2769e+02   1.1103e+01   5.4020e-06   1.4687e-03   3.4009e+02
20240616_15:00:00   8.7016e-01   1.6237e+02   1.3331e+01   5.1950e-02   2.4610e-02   3.3988e+02
20240616_18:00:00   7.4009e-01   1.4590e+02   1.3694e+01   3.0200e-04   8.4978e-03   3.4338e+02
20240616_21:00:00   6.3225e-01   1.3093e+02   1.1881e+01   0.0000e+00   6.6333e-04   3.4434e+02
20240617_00:00:00   8.1651e-01   1.5447e+02   1.3791e+01   2.4413e-02   4.6870e-02   3.4769e+02
20240617_03:00:00   6.6309e-01   1.3491e+02   1.1960e+01   1.4638e-03   5.3546e-03   3.5437e+02
20240617_06:00:00   5.5898e-01   1.2015e+02   1.0011e+01   0.0000e+00   1.0238e-04   3.6464e+02
20240617_09:00:00   5.7484e-01   1.2233e+02   1.0600e+01   0.0000e+00   1.2299e-03   3.5081e+02
20240617_12:00:00   5.7322e-01   1.2207e+02   1.0787e+01   1.2878e-05   7.1962e-03   3.3921e+02
20240617_15:00:00   4.7619e-01   1.0662e+02   9.3038e+00   0.0000e+00   1.6668e-03   3.3729e+02
20240617_18:00:00   4.1808e-01   9.6146e+01   8.5533e+00   0.0000e+00   5.3648e-03   3.3647e+02
20240617_21:00:00   3.9411e-01   9.2291e+01   7.8126e+00   0.0000e+00   0.0000e+00   3.3886e+02
20240618_00:00:00   5.2176e-01   1.1368e+02   1.0088e+01   0.0000e+00   3.0900e-05   3.3946e+02
