#            date       tau255        Tb[K]      pwv[mm] lwp[kg*m^-2] iwp[kg*m^-2]       o3[DU]
20251019_12:00:00   2.6804e-01   6.6864e+01   3.7603e+00   2.9100e-02   2.3492e-02   2.7601e+02
20251019_13:00:00   2.9696e-01   7.2689e+01   4.0555e+00   3.3380e-02   6.8262e-02   2.7589e+02
20251019_14:00:00   3.3102e-01   7.9273e+01   4.6848e+00   3.1930e-02   7.1595e-02   2.7414e+02
20251019_15:00:00   4.6209e-01   1.0302e+02   5.1753e+00   7.3069e-02   4.5154e-02   2.7091e+02
20251019_16:00:00   3.9180e-01   9.0410e+01   5.6286e+00   3.2838e-02   1.3022e-01   2.6748e+02
20251019_17:00:00   8.8619e-01   1.6147e+02   6.1232e+00   2.2626e-01   1.9048e-02   2.6604e+02
20251019_18:00:00   1.1267e+00   1.8491e+02   6.6830e+00   3.1453e-01   2.7418e-02   2.6559e+02
20251019_19:00:00   8.6876e-01   1.5889e+02   7.3711e+00   1.9090e-01   1.9209e-01   2.6436e+02
20251019_20:00:00   1.3216e+00   2.0013e+02   7.5143e+00   3.7472e-01   3.4276e-02   2.6608e+02
20251019_21:00:00   9.6924e-01   1.6912e+02   7.6064e+00   2.3211e-01   2.5032e-02   2.6632e+02
20251019_22:00:00   4.8174e-01   1.0506e+02   8.2264e+00   1.5812e-02   3.2225e-02   2.6713e+02
20251019_23:00:00   4.8502e-01   1.0540e+02   8.9650e+00   1.8077e-03   1.0393e-02   2.6711e+02
20251020_00:00:00   5.5817e-01   1.1691e+02   9.6184e+00   1.4608e-02   3.6218e-02   2.6733e+02
20251020_01:00:00   7.2302e-01   1.4016e+02   1.0502e+01   6.0402e-02   7.2460e-02   2.6895e+02
20251020_02:00:00   1.1747e+00   1.8772e+02   1.0881e+01   2.3690e-01   1.8497e-01   2.6919e+02
20251020_03:00:00   2.3375e+00   2.4548e+02   1.1321e+01   7.1417e-01   3.1477e-01   2.7041e+02
20251020_04:00:00   2.7573e+00   2.5440e+02   1.1711e+01   8.8213e-01   3.5028e-01   2.7296e+02
20251020_05:00:00   2.0902e+00   2.3790e+02   1.1731e+01   5.9731e-01   6.2611e-01   2.7402e+02
20251020_06:00:00   2.1950e+00   2.4145e+02   1.1849e+01   6.3809e-01   4.6099e-01   2.7449e+02
20251020_07:00:00   2.8049e+00   2.5518e+02   1.1793e+01   8.9489e-01   7.5415e-01   2.7875e+02
20251020_08:00:00   2.0233e+00   2.3543e+02   1.1554e+01   5.7035e-01   8.4661e-01   2.8283e+02
20251020_09:00:00   1.5654e+00   2.1465e+02   1.1300e+01   3.8296e-01   8.3617e-01   2.8984e+02
20251020_10:00:00   1.8307e+00   2.2731e+02   1.1337e+01   4.9783e-01   1.0286e+00   2.9402e+02
20251020_11:00:00   2.2961e+00   2.4420e+02   1.0433e+01   7.1600e-01   2.2762e-01   2.9828e+02
20251020_12:00:00   2.3290e+00   2.4604e+02   1.0266e+01   7.2474e-01   7.6842e-02   3.0167e+02
20251020_13:00:00   1.3890e+00   2.0457e+02   1.0162e+01   3.3665e-01   2.6257e-01   2.9957e+02
20251020_14:00:00   1.0197e+00   1.7456e+02   9.0715e+00   2.0784e-01   1.8520e-02   2.9583e+02
20251020_15:00:00   1.3494e+00   2.0179e+02   9.0153e+00   3.4391e-01   2.1651e-01   2.9128e+02
20251020_16:00:00   5.5991e-01   1.1826e+02   7.6710e+00   5.0606e-02   1.6523e-02   2.8966e+02
20251020_17:00:00   4.7788e-01   1.0472e+02   8.2662e+00   1.6966e-03   4.8125e-02   2.9060e+02
20251020_18:00:00   5.0299e-01   1.0889e+02   8.0363e+00   1.8523e-02   4.5546e-02   2.8741e+02
20251020_19:00:00   4.5216e-01   1.0036e+02   7.4785e+00   1.2419e-02   2.0004e-02   2.8636e+02
20251020_20:00:00   4.8074e-01   1.0512e+02   7.2441e+00   2.9450e-02   2.0576e-02   2.8792e+02
20251020_21:00:00   4.6097e-01   1.0177e+02   7.0462e+00   2.6342e-02   3.0271e-02   2.8673e+02
20251020_22:00:00   3.6334e-01   8.4620e+01   6.3713e+00   2.2429e-03   1.7498e-02   2.8472e+02
20251020_23:00:00   3.6206e-01   8.4145e+01   6.5569e+00   1.4472e-04   1.1348e-02   2.8478e+02
20251021_00:00:00   3.4549e-01   8.0863e+01   6.4037e+00   1.9840e-05   6.8047e-03   2.8718e+02
20251021_01:00:00   2.7698e-01   6.7440e+01   5.3772e+00   5.1500e-05   2.2321e-03   2.9068e+02
20251021_02:00:00   2.6351e-01   6.4815e+01   5.1096e+00   3.3710e-04   1.9245e-03   2.9288e+02
20251021_03:00:00   2.7764e-01   6.7643e+01   5.3624e+00   1.3030e-05   1.9089e-03   2.9377e+02
20251021_04:00:00   2.8702e-01   6.9486e+01   5.5465e+00   7.9760e-06   6.0883e-03   2.9609e+02
20251021_05:00:00   2.9074e-01   7.0076e+01   5.7379e+00   1.9820e-06   4.8482e-03   2.9613e+02
20251021_06:00:00   3.2200e-01   7.6061e+01   6.3508e+00   0.0000e+00   7.4685e-03   2.9782e+02
20251021_07:00:00   3.7797e-01   8.6411e+01   7.3321e+00   0.0000e+00   9.3736e-03   2.9888e+02
20251021_08:00:00   4.6087e-01   1.0079e+02   8.6814e+00   1.1064e-04   1.1056e-02   2.9905e+02
20251021_09:00:00   5.1234e-01   1.0914e+02   9.5045e+00   0.0000e+00   2.2156e-02   2.9704e+02
20251021_10:00:00   8.6759e-01   1.5716e+02   1.0160e+01   1.2939e-01   1.4307e-01   2.9551e+02
20251021_11:00:00   1.7830e+00   2.2585e+02   1.0442e+01   4.9965e-01   1.6646e-01   2.9727e+02
20251021_12:00:00   2.0594e+00   2.3728e+02   1.0649e+01   6.0596e-01   2.6101e-01   2.9865e+02
20251021_13:00:00   2.5012e+00   2.4918e+02   1.0641e+01   7.9649e-01   3.0668e-01   3.0098e+02
20251021_14:00:00   2.1337e+00   2.3992e+02   1.0341e+01   6.4411e-01   9.1693e-02   2.9891e+02
20251021_15:00:00   2.3458e+00   2.4623e+02   1.0265e+01   7.3424e-01   1.0809e-01   2.9565e+02
20251021_16:00:00   1.5035e+00   2.1198e+02   1.0118e+01   3.8518e-01   1.2477e-01   2.9732e+02
20251021_17:00:00   1.6396e+00   2.1963e+02   9.8432e+00   4.5112e-01   5.4075e-02   2.9785e+02
20251021_18:00:00   1.9258e+00   2.3281e+02   9.9162e+00   5.6829e-01   7.0457e-02   2.9771e+02
20251021_19:00:00   2.2685e+00   2.4404e+02   1.0388e+01   7.0491e-01   1.6090e-01   2.9809e+02
20251021_20:00:00   1.1955e+00   1.9011e+02   1.0455e+01   2.5405e-01   6.2367e-02   2.9866e+02
20251021_21:00:00   9.2617e-01   1.6465e+02   1.0716e+01   1.3572e-01   1.0678e-01   2.9885e+02
20251021_22:00:00   8.1684e-01   1.5228e+02   1.0714e+01   9.0262e-02   7.1220e-02   2.9877e+02
20251021_23:00:00   8.0524e-01   1.5106e+02   1.0229e+01   9.8259e-02   5.9618e-03   2.9757e+02
20251022_00:00:00   1.2454e+00   1.9420e+02   1.0653e+01   2.6861e-01   6.7792e-02   3.0009e+02
20251022_01:00:00   1.1015e+00   1.8223e+02   1.0381e+01   2.1481e-01   1.8718e-02   3.0263e+02
20251022_02:00:00   1.0986e+00   1.8211e+02   1.0324e+01   2.1510e-01   5.5161e-03   3.0328e+02
20251022_03:00:00   1.8683e+00   2.3053e+02   1.0590e+01   5.2807e-01   2.0951e-02   3.0331e+02
20251022_04:00:00   1.4856e+00   2.1104e+02   1.0808e+01   3.6141e-01   1.0702e-01   3.0076e+02
20251022_05:00:00   1.6753e+00   2.2163e+02   1.1287e+01   4.2871e-01   2.5158e-01   2.9802e+02
20251022_06:00:00   2.2868e+00   2.4477e+02   1.1177e+01   6.8821e-01   2.4009e-01   2.9815e+02
20251022_07:00:00   1.2511e+00   1.9458e+02   1.1490e+01   2.4923e-01   3.2939e-01   2.9838e+02
20251022_08:00:00   2.2219e+00   2.4330e+02   1.0848e+01   6.6776e-01   6.2493e-02   2.9859e+02
20251022_09:00:00   2.0309e+00   2.3719e+02   1.1349e+01   5.7411e-01   1.5701e-01   2.9995e+02
20251022_10:00:00   2.3857e+00   2.4722e+02   1.1735e+01   7.2064e-01   4.7323e-01   2.9986e+02
20251022_11:00:00   2.3533e+00   2.4714e+02   1.1587e+01   7.0164e-01   2.2309e-01   2.9858e+02
20251022_12:00:00   2.1639e+00   2.4216e+02   1.1111e+01   6.3184e-01   5.4051e-02   2.9851e+02
20251022_13:00:00   2.2498e+00   2.4462e+02   1.1191e+01   6.6732e-01   6.4781e-02   2.9936e+02
20251022_14:00:00   1.4229e+00   2.0757e+02   1.1129e+01   3.2746e-01   6.8029e-02   2.9653e+02
20251022_15:00:00   1.8224e+00   2.2845e+02   1.1913e+01   4.7356e-01   7.3015e-01   2.9054e+02
20251022_16:00:00   1.7467e+00   2.2556e+02   1.1630e+01   4.4835e-01   2.6172e-01   2.9040e+02
20251022_17:00:00   2.1974e+00   2.4323e+02   1.1101e+01   6.4716e-01   5.0060e-02   2.9073e+02
20251022_18:00:00   1.4755e+00   2.1135e+02   1.0561e+01   3.6060e-01   1.6121e-02   2.8999e+02
20251022_19:00:00   1.5733e+00   2.1705e+02   1.0871e+01   3.9515e-01   1.1398e-02   2.8852e+02
20251022_20:00:00   1.8047e+00   2.2869e+02   1.1147e+01   4.8521e-01   1.9733e-02   2.8738e+02
20251022_21:00:00   1.4833e+00   2.1163e+02   1.1345e+01   3.5042e-01   1.6237e-02   2.8654e+02
20251022_22:00:00   1.1033e+00   1.8256e+02   1.1995e+01   1.7475e-01   3.4196e-01   2.8585e+02
20251022_23:00:00   1.2553e+00   1.9522e+02   1.1328e+01   2.5603e-01   1.2297e-01   2.8506e+02
20251023_00:00:00   2.1582e+00   2.4145e+02   1.1592e+01   6.2116e-01   2.4140e-01   2.8466e+02
20251023_01:00:00   2.8486e+00   2.5802e+02   1.1584e+01   9.0553e-01   8.7585e-02   2.8590e+02
20251023_02:00:00   2.6186e+00   2.5301e+02   1.2302e+01   8.0680e-01   3.8498e-01   2.8426e+02
20251023_03:00:00   2.5226e+00   2.5158e+02   1.1976e+01   7.6782e-01   9.3708e-02   2.8165e+02
20251023_04:00:00   2.4508e+00   2.5066e+02   1.1827e+01   7.3372e-01   3.6429e-02   2.8074e+02
20251023_05:00:00   1.8921e+00   2.3288e+02   1.1226e+01   5.2027e-01   9.6713e-03   2.8152e+02
20251023_06:00:00   2.1362e+00   2.4172e+02   1.2068e+01   6.0330e-01   2.9944e-02   2.8100e+02
20251023_07:00:00   1.1720e+00   1.8819e+02   1.3216e+01   1.8459e-01   8.6290e-02   2.7860e+02
20251023_08:00:00   2.3843e+00   2.4787e+02   1.3827e+01   6.7469e-01   5.0248e-02   2.7840e+02
20251023_09:00:00   2.4243e+00   2.4973e+02   1.4108e+01   6.7556e-01   2.6334e-01   2.7886e+02
20251023_10:00:00   2.6460e+00   2.5439e+02   1.4424e+01   7.6551e-01   2.5186e-01   2.7982e+02
20251023_11:00:00   2.3980e+00   2.4940e+02   1.4410e+01   6.5592e-01   2.1125e-01   2.8177e+02
20251023_12:00:00   3.0729e+00   2.6164e+02   1.4487e+01   9.3577e-01   2.8991e-01   2.8167e+02
20251023_13:00:00   3.8058e+00   2.6754e+02   1.4767e+01   1.2552e+00   4.2582e-01   2.8205e+02
20251023_14:00:00   3.3255e+00   2.6382e+02   1.4843e+01   1.0395e+00   5.1421e-01   2.8199e+02
20251023_15:00:00   3.8507e+00   2.6834e+02   1.4819e+01   1.2584e+00   3.0707e-01   2.8109e+02
20251023_16:00:00   4.3822e+00   2.7064e+02   1.4241e+01   1.5036e+00   3.7326e-01   2.8156e+02
20251023_17:00:00   2.2869e+00   2.4519e+02   1.3727e+01   6.3589e-01   3.0968e-01   2.8178e+02
20251023_18:00:00   2.7448e+00   2.5544e+02   1.3458e+01   8.3724e-01   2.9322e-01   2.8060e+02
20251023_19:00:00   2.7173e+00   2.5476e+02   1.2781e+01   8.3945e-01   3.1275e-01   2.8064e+02
20251023_20:00:00   2.0951e+00   2.3888e+02   1.2404e+01   5.9342e-01   1.7345e-01   2.8148e+02
20251023_21:00:00   1.9165e+00   2.3335e+02   1.2813e+01   4.9455e-01   1.3076e-01   2.8058e+02
20251023_22:00:00   6.2751e-01   1.2731e+02   1.1374e+01   4.0771e-03   2.0412e-01   2.8230e+02
20251023_23:00:00   1.7662e+00   2.2450e+02   1.1823e+01   4.7344e-01   4.4769e-01   2.8219e+02
20251024_00:00:00   2.4404e+00   2.4756e+02   1.2300e+01   7.4202e-01   5.1716e-01   2.8247e+02
20251024_01:00:00   2.8087e+00   2.5573e+02   1.1238e+01   9.1455e-01   1.7059e-01   2.8214e+02
20251024_02:00:00   2.7998e+00   2.5571e+02   1.0817e+01   9.2388e-01   7.4194e-02   2.8143e+02
20251024_03:00:00   1.5503e+00   2.1413e+02   1.0391e+01   4.0920e-01   3.0861e-02   2.8140e+02
20251024_04:00:00   1.1762e+00   1.8860e+02   9.5307e+00   2.6913e-01   2.3330e-02   2.8445e+02
20251024_05:00:00   9.8522e-01   1.7087e+02   8.5593e+00   2.1261e-01   2.4927e-03   2.8556e+02
20251024_06:00:00   8.3538e-01   1.5462e+02   7.3769e+00   1.7568e-01   7.2517e-03   2.8521e+02
20251024_07:00:00   4.1500e-01   9.4185e+01   6.7590e+00   1.3420e-02   1.1607e-03   2.8505e+02
20251024_08:00:00   3.0662e-01   7.4112e+01   5.5641e+00   7.6610e-05   3.7799e-05   2.8734e+02
20251024_09:00:00   2.9034e-01   7.0786e+01   5.3471e+00   0.0000e+00   4.7158e-04   2.9018e+02
20251024_10:00:00   3.7316e-01   8.6667e+01   5.6570e+00   2.6471e-02   2.4067e-04   2.9169e+02
20251024_11:00:00   3.7097e-01   8.6251e+01   6.1230e+00   1.0998e-02   7.7438e-04   2.9532e+02
20251024_12:00:00   3.0164e-01   7.3147e+01   5.3316e+00   1.8351e-03   2.5787e-04   2.9807e+02
20251024_15:00:00   2.7058e-01   6.6871e+01   5.0142e+00   0.0000e+00   0.0000e+00   2.9693e+02
20251024_18:00:00   3.0503e-01   7.3584e+01   5.6403e+00   0.0000e+00   0.0000e+00   2.9506e+02
20251024_21:00:00   2.4642e-01   6.1667e+01   4.6868e+00   0.0000e+00   2.8780e-03   2.9929e+02
20251025_00:00:00   2.6019e-01   6.4099e+01   5.0023e+00   0.0000e+00   1.8050e-02   3.0033e+02
20251025_03:00:00   3.2508e-01   7.6526e+01   6.1425e+00   0.0000e+00   2.5086e-02   3.0076e+02
20251025_06:00:00   3.1864e-01   7.5049e+01   6.1194e+00   0.0000e+00   1.7354e-02   3.0612e+02
20251025_09:00:00   3.6763e-01   8.4439e+01   6.8938e+00   0.0000e+00   4.3713e-02   2.9774e+02
20251025_12:00:00   3.3140e-01   7.7933e+01   6.2979e+00   0.0000e+00   6.7335e-02   3.0098e+02
20251025_15:00:00   3.0581e-01   7.2745e+01   5.9734e+00   0.0000e+00   7.0662e-02   2.9809e+02
20251025_18:00:00   3.3868e-01   7.9314e+01   6.4211e+00   0.0000e+00   2.7207e-02   2.9577e+02
20251025_21:00:00   4.0100e-01   9.0883e+01   7.4032e+00   0.0000e+00   2.5125e-02   2.9180e+02
20251026_00:00:00   4.4969e-01   9.9348e+01   8.1315e+00   1.3730e-05   6.5008e-02   2.8911e+02
20251026_03:00:00   6.0554e-01   1.2360e+02   9.2059e+00   3.3641e-02   3.7854e-01   2.8646e+02
20251026_06:00:00   4.6416e-01   1.0178e+02   8.0360e+00   7.6044e-03   1.0113e-01   2.8361e+02
20251026_09:00:00   7.7523e-01   1.4631e+02   9.1354e+00   1.0931e-01   3.8514e-01   2.8240e+02
20251026_12:00:00   8.7941e-01   1.5881e+02   9.7572e+00   1.3718e-01   5.2223e-01   2.8424e+02
20251026_15:00:00   1.6167e+00   2.1623e+02   1.0480e+01   4.3840e-01   9.2225e-01   2.8522e+02
20251026_18:00:00   2.5679e+00   2.5034e+02   1.0400e+01   8.2976e-01   1.0440e+00   2.8811e+02
20251026_21:00:00   2.2859e+00   2.4386e+02   9.5846e+00   7.3195e-01   4.3499e-01   2.9938e+02
20251027_00:00:00   1.2143e+00   1.9058e+02   6.4849e+00   3.5769e-01   9.8107e-02   3.0135e+02
20251027_03:00:00   3.6427e-01   8.3718e+01   6.2746e+00   9.9830e-03   1.7921e-02   2.9746e+02
20251027_06:00:00   2.9307e-01   7.0882e+01   5.4227e+00   2.9150e-05   1.6133e-03   2.9881e+02
20251027_09:00:00   1.8619e-01   4.8827e+01   3.4960e+00   1.0330e-03   3.3805e-03   2.9937e+02
20251027_12:00:00   2.1780e-01   5.6288e+01   2.0486e+00   4.2680e-02   1.0549e-03   3.0283e+02
20251027_15:00:00   1.4231e-01   3.9726e+01   1.5607e+00   2.0100e-02   4.9740e-05   3.0288e+02
20251027_18:00:00   9.2916e-02   2.7937e+01   1.5664e+00   7.9090e-05   4.7260e-06   2.9948e+02
20251027_21:00:00   9.1337e-02   2.7501e+01   1.5866e+00   4.1180e-05   6.2150e-07   2.9782e+02
20251028_00:00:00   8.9968e-02   2.7225e+01   1.5786e+00   0.0000e+00   0.0000e+00   2.9455e+02
20251028_03:00:00   7.1107e-02   2.2652e+01   1.1633e+00   0.0000e+00   0.0000e+00   2.9579e+02
20251028_06:00:00   6.6042e-02   2.1335e+01   1.0684e+00   0.0000e+00   0.0000e+00   2.9549e+02
20251028_09:00:00   7.4143e-02   2.3332e+01   1.2566e+00   0.0000e+00   0.0000e+00   2.9234e+02
20251028_12:00:00   9.2049e-02   2.7595e+01   1.6655e+00   0.0000e+00   0.0000e+00   2.8868e+02
20251028_15:00:00   1.1249e-01   3.2347e+01   2.1679e+00   0.0000e+00   0.0000e+00   2.8301e+02
20251028_18:00:00   1.2844e-01   3.6308e+01   2.4995e+00   0.0000e+00   0.0000e+00   2.8089e+02
20251028_21:00:00   1.2330e-01   3.5282e+01   2.3448e+00   0.0000e+00   0.0000e+00   2.8030e+02
20251029_00:00:00   1.1721e-01   3.3822e+01   2.2376e+00   0.0000e+00   0.0000e+00   2.7826e+02
20251029_03:00:00   1.1219e-01   3.2723e+01   2.1119e+00   0.0000e+00   0.0000e+00   2.7626e+02
20251029_06:00:00   1.1977e-01   3.4449e+01   2.2870e+00   0.0000e+00   0.0000e+00   2.7488e+02
20251029_09:00:00   1.2687e-01   3.6047e+01   2.4617e+00   0.0000e+00   0.0000e+00   2.7408e+02
20251029_12:00:00   1.3602e-01   3.8126e+01   2.6760e+00   0.0000e+00   0.0000e+00   2.7586e+02
20251029_15:00:00   1.4608e-01   4.0476e+01   2.8868e+00   0.0000e+00   0.0000e+00   2.7534e+02
20251029_18:00:00   1.4026e-01   3.9268e+01   2.7321e+00   0.0000e+00   0.0000e+00   2.7455e+02
20251029_21:00:00   1.3133e-01   3.7259e+01   2.5090e+00   0.0000e+00   0.0000e+00   2.7182e+02
20251030_00:00:00   1.2419e-01   3.5533e+01   2.3758e+00   0.0000e+00   1.3722e-04   2.6606e+02
20251030_03:00:00   1.2812e-01   3.6394e+01   2.4909e+00   0.0000e+00   2.3284e-03   2.6833e+02
20251030_06:00:00   1.3402e-01   3.7725e+01   2.6053e+00   0.0000e+00   6.8777e-04   2.6874e+02
20251030_09:00:00   1.2446e-01   3.5519e+01   2.4162e+00   0.0000e+00   1.0309e-03   2.6628e+02
20251030_12:00:00   1.1408e-01   3.3047e+01   2.1817e+00   0.0000e+00   5.4500e-03   2.6554e+02
20251030_15:00:00   1.2113e-01   3.4649e+01   2.3588e+00   0.0000e+00   1.0899e-03   2.6440e+02
20251030_18:00:00   1.4531e-01   4.0177e+01   2.8902e+00   0.0000e+00   1.2133e-03   2.6200e+02
20251030_21:00:00   3.2725e-01   7.7550e+01   6.4877e+00   0.0000e+00   1.7425e-02   2.6410e+02
20251031_00:00:00   5.9341e-01   1.2287e+02   1.0537e+01   5.4240e-03   4.7786e-03   2.6390e+02
20251031_03:00:00   6.0483e-01   1.2465e+02   1.0379e+01   1.3392e-02   1.9570e-02   2.6465e+02
20251031_06:00:00   4.7163e-01   1.0417e+02   8.4969e+00   3.5970e-06   1.3196e-04   2.6779e+02
20251031_09:00:00   4.3316e-01   9.8138e+01   7.6641e+00   0.0000e+00   2.6846e-05   2.6848e+02
20251031_12:00:00   3.0515e-01   7.4472e+01   5.6722e+00   0.0000e+00   3.4900e-05   2.6631e+02
20251031_15:00:00   1.0080e+00   1.7367e+02   9.4246e+00   2.0067e-01   1.7797e-03   2.6422e+02
20251031_18:00:00   1.3633e+00   2.0330e+02   9.9076e+00   3.3276e-01   1.3743e-03   2.6099e+02
20251031_21:00:00   6.4261e-01   1.3046e+02   9.5475e+00   4.2022e-02   3.2753e-03   2.5934e+02
20251101_00:00:00   1.8375e+00   2.2965e+02   9.5122e+00   5.3276e-01   1.0429e-01   2.5943e+02
20251101_03:00:00   8.4111e-01   1.5627e+02   8.5044e+00   1.4560e-01   2.4284e-03   2.6284e+02
20251101_06:00:00   1.1610e+00   1.8803e+02   9.2797e+00   2.6200e-01   1.9415e-02   2.6554e+02
20251101_09:00:00   1.6571e+00   2.2118e+02   9.4396e+00   4.6657e-01   2.2691e-02   2.7299e+02
20251101_12:00:00   1.0226e+00   1.7453e+02   1.0542e+01   1.8483e-01   1.0428e-01   2.7011e+02
20251101_15:00:00   1.5351e+00   2.1373e+02   1.0217e+01   4.0804e-01   1.6071e-02   2.6287e+02
20251101_18:00:00   9.5238e-01   1.6700e+02   1.1338e+01   1.4019e-01   3.8142e-01   2.5392e+02
20251101_21:00:00   7.4542e-01   1.4256e+02   1.2006e+01   3.7832e-02   5.1807e-01   2.5603e+02
20251102_00:00:00   1.5375e+00   2.1223e+02   1.2445e+01   3.5723e-01   8.7304e-01   2.5913e+02
20251102_03:00:00   2.6594e+00   2.5266e+02   1.2358e+01   8.2404e-01   8.1141e-01   2.6447e+02
20251102_06:00:00   1.6693e+00   2.2029e+02   1.1650e+01   4.2319e-01   8.5412e-01   2.7060e+02
20251102_09:00:00   1.5259e+00   2.1236e+02   1.1165e+01   3.7008e-01   1.0578e+00   2.8176e+02
20251102_12:00:00   2.3015e+00   2.4512e+02   1.0075e+01   7.2149e-01   3.7964e-01   2.8624e+02
20251102_15:00:00   2.6212e+00   2.5271e+02   8.5263e+00   8.9036e-01   2.0454e-02   3.0328e+02
20251102_18:00:00   1.5485e+00   2.1383e+02   7.3287e+00   4.7671e-01   1.5749e-02   3.0030e+02
20251102_21:00:00   2.7717e-01   6.8618e+01   4.8880e+00   4.5000e-04   0.0000e+00   2.9585e+02
20251103_00:00:00   4.0498e-01   9.2880e+01   4.6708e+00   5.8210e-02   5.6451e-03   2.8582e+02
20251103_03:00:00   2.9408e-01   7.1260e+01   5.1590e+00   8.7876e-03   2.5004e-02   2.8974e+02
20251103_06:00:00   8.2846e-01   1.5275e+02   6.4186e+00   2.0303e-01   1.0115e-01   2.9509e+02
20251103_09:00:00   1.4825e+00   2.0856e+02   6.8545e+00   4.6877e-01   2.2986e-02   3.0533e+02
20251103_12:00:00   1.1177e+00   1.8258e+02   7.1175e+00   3.0279e-01   5.9390e-03   3.0497e+02
20251103_15:00:00   1.8575e+00   2.2824e+02   7.7341e+00   6.0016e-01   8.5466e-02   3.0504e+02
20251103_18:00:00   2.4499e+00   2.4711e+02   8.1030e+00   8.4357e-01   2.4562e-01   2.9894e+02
20251103_21:00:00   2.0792e+00   2.3629e+02   8.4169e+00   6.8015e-01   5.1765e-01   3.0226e+02
20251104_00:00:00   1.2515e+00   1.9381e+02   7.2530e+00   3.5127e-01   1.1811e-02   3.0853e+02
20251104_03:00:00   2.5585e+00   2.4902e+02   7.5627e+00   9.1548e-01   3.3931e-01   3.2290e+02
20251104_06:00:00   2.4489e-01   6.1043e+01   4.3955e+00   6.6300e-06   2.6104e-02   3.2096e+02
20251104_09:00:00   3.5507e-01   8.2182e+01   5.4938e+00   2.0737e-02   9.6332e-03   3.2514e+02
20251104_12:00:00   3.4997e-01   8.0831e+01   6.1723e+00   2.2858e-05   5.5666e-02   3.2643e+02
